2 25 7 2
2 29 8 2
2 31 8 2
2 73 8 2
2 24 11 2
2 33 11 2
2 110 11 2
2 93 14 2
2 28 15 2
2 35 15 2
2 3 19 2
2 21 19 2
2 33 19 2
2 115 19 2
2 63 20 2
2 39 21 2
3 25 7 2
3 29 8 2
3 31 8 2
3 73 8 2
3 24 11 2
3 33 11 2
3 110 11 2
3 93 14 2
3 28 15 2
3 35 15 2
3 3 19 2
3 21 19 2
3 33 19 2
3 115 19 2
3 63 20 2
3 39 21 2
24 136 6 2
24 25 7 2
24 29 8 2
24 31 8 2
24 73 8 2
24 137 8 2
24 24 11 2
24 33 11 2
24 110 11 2
24 93 14 2
24 28 15 2
24 35 15 2
24 132 15 2
24 3 19 2
24 21 19 2
24 33 19 2
24 115 19 2
24 127 19 2
24 63 20 2
24 39 21 2
24 134 22 2
59 136 6 2
59 25 7 2
59 29 8 2
59 31 8 2
59 73 8 2
59 137 8 2
59 24 11 2
59 33 11 2
59 110 11 2
59 93 14 2
59 28 15 2
59 35 15 2
59 132 15 2
59 3 19 2
59 21 19 2
59 33 19 2
59 115 19 2
59 127 19 2
59 63 20 2
59 39 21 2
59 134 22 2
74 136 6 2
74 25 7 2
74 29 8 2
74 31 8 2
74 73 8 2
74 137 8 2
74 24 11 2
74 33 11 2
74 110 11 2
74 93 14 2
74 28 15 2
74 35 15 2
74 132 15 2
74 3 19 2
74 21 19 2
74 33 19 2
74 115 19 2
74 127 19 2
74 63 20 2
74 39 21 2
74 134 22 2
491 572 6 2
491 605 9 2
491 518 10 2
491 520 11 2
491 606 13 2
491 446 19 2
491 569 19 2
491 545 20 2
491 543 21 2
491 605 22 2
491 511 31 2
491 399 35 2
491 602 35 2
549 572 6 2
549 663 8 2
549 605 9 2
549 518 10 2
549 520 11 2
549 606 13 2
549 663 14 2
549 662 15 2
549 633 17 2
549 662 18 2
549 446 19 2
549 569 19 2
549 545 20 2
549 543 21 2
549 605 22 2
549 511 31 2
549 602 35 2
549 622 43 2
0 25 6 3
0 29 7 3
0 31 7 3
0 73 7 3
0 24 10 3
0 33 10 3
0 110 10 3
0 93 13 3
0 28 14 3
0 35 14 3
0 3 18 3
0 21 18 3
0 33 18 3
0 115 18 3
0 63 19 3
0 39 20 3
0 8 43 3
47 136 5 3
47 25 6 3
47 29 7 3
47 31 7 3
47 73 7 3
47 137 7 3
47 24 10 3
47 33 10 3
47 110 10 3
47 93 13 3
47 28 14 3
47 35 14 3
47 132 14 3
47 3 18 3
47 21 18 3
47 33 18 3
47 115 18 3
47 127 18 3
47 63 19 3
47 39 20 3
47 134 21 3
47 8 43 3
64 136 5 3
64 25 6 3
64 29 7 3
64 31 7 3
64 73 7 3
64 137 7 3
64 24 10 3
64 33 10 3
64 110 10 3
64 93 13 3
64 28 14 3
64 35 14 3
64 132 14 3
64 3 18 3
64 21 18 3
64 33 18 3
64 115 18 3
64 127 18 3
64 63 19 3
64 39 20 3
64 134 21 3
64 8 43 3
194 136 5 3
194 137 7 3
194 311 8 3
194 208 9 3
194 110 10 3
194 235 10 3
194 272 10 3
194 235 11 3
194 263 11 3
194 93 13 3
194 132 14 3
194 233 15 3
194 115 18 3
194 127 18 3
194 214 20 3
194 134 21 3
194 199 42 3
194 199 43 3
290 318 5 3
290 311 8 3
290 208 9 3
290 355 9 3
290 235 10 3
290 272 10 3
290 235 11 3
290 263 11 3
290 343 12 3
290 344 13 3
290 338 14 3
290 233 15 3
290 318 15 3
290 317 16 3
290 343 17 3
290 316 19 3
290 214 20 3
290 345 20 3
290 360 30 3
290 399 34 3
290 199 42 3
290 339 42 3
290 199 43 3
290 392 43 3
546 572 5 3
546 663 7 3
546 605 8 3
546 518 9 3
546 520 10 3
546 606 12 3
546 663 13 3
546 662 14 3
546 633 16 3
546 662 17 3
546 446 18 3
546 569 18 3
546 545 19 3
546 543 20 3
546 605 21 3
546 511 30 3
546 602 34 3
546 622 42 3
546 626 43 3
136 208 4 8
136 24 5 8
136 33 5 8
136 110 5 8
136 235 5 8
136 235 6 8
136 93 8 8
136 28 9 8
136 35 9 8
136 132 9 8
136 233 10 8
136 21 13 8
136 33 13 8
136 115 13 8
136 127 13 8
136 63 14 8
136 39 15 8
136 214 15 8
136 134 16 8
136 199 37 8
136 199 38 8
136 102 39 8
136 20 40 8
136 97 40 8
136 119 41 8
318 208 4 8
318 355 4 8
318 235 5 8
318 272 5 8
318 235 6 8
318 263 6 8
318 343 7 8
318 344 8 8
318 338 9 8
318 233 10 8
318 318 10 8
318 317 11 8
318 343 12 8
318 316 14 8
318 214 15 8
318 345 15 8
318 360 25 8
318 399 29 8
318 199 37 8
318 339 37 8
318 199 38 8
318 392 38 8
318 295 39 8
318 369 40 8
318 292 41 8
572 518 4 8
572 520 5 8
572 691 6 8
572 606 7 8
572 663 8 8
572 662 9 8
572 633 11 8
572 662 12 8
572 569 13 8
572 545 14 8
572 543 15 8
572 605 16 8
572 511 25 8
572 602 29 8
572 622 37 8
572 626 38 8
572 623 39 8
572 573 40 8
572 549 41 8
25 24 4 9
25 33 4 9
25 110 4 9
25 93 7 9
25 28 8 9
25 35 8 9
25 132 8 9
25 3 12 9
25 21 12 9
25 33 12 9
25 115 12 9
25 127 12 9
25 63 13 9
25 39 14 9
25 134 15 9
25 8 37 9
25 102 38 9
25 20 39 9
25 97 39 9
25 119 40 9
25 106 43 9
673 691 5 9
673 606 6 9
673 663 7 9
673 662 8 9
673 633 10 9
673 662 11 9
673 569 12 9
673 605 15 9
673 602 28 9
673 622 36 9
673 626 37 9
673 623 38 9
673 573 39 9
29 93 6 10
29 28 7 10
29 35 7 10
29 132 7 10
29 3 11 10
29 21 11 10
29 33 11 10
29 115 11 10
29 127 11 10
29 63 12 10
29 39 13 10
29 134 14 10
29 8 36 10
29 102 37 10
29 20 38 10
29 97 38 10
29 119 39 10
29 106 42 10
29 46 43 10
31 93 6 10
31 28 7 10
31 35 7 10
31 132 7 10
31 3 11 10
31 21 11 10
31 33 11 10
31 115 11 10
31 127 11 10
31 63 12 10
31 39 13 10
31 134 14 10
31 8 36 10
31 102 37 10
31 20 38 10
31 97 38 10
31 119 39 10
31 106 42 10
31 46 43 10
73 93 6 10
73 28 7 10
73 35 7 10
73 132 7 10
73 3 11 10
73 21 11 10
73 33 11 10
73 115 11 10
73 127 11 10
73 63 12 10
73 39 13 10
73 134 14 10
73 8 36 10
73 102 37 10
73 20 38 10
73 97 38 10
73 119 39 10
73 106 42 10
73 187 42 10
73 46 43 10
137 235 4 10
137 93 6 10
137 28 7 10
137 35 7 10
137 132 7 10
137 233 8 10
137 21 11 10
137 33 11 10
137 115 11 10
137 127 11 10
137 63 12 10
137 39 13 10
137 214 13 10
137 134 14 10
137 199 35 10
137 199 36 10
137 102 37 10
137 20 38 10
137 97 38 10
137 119 39 10
137 106 42 10
137 187 42 10
137 46 43 10
663 691 4 10
663 606 5 10
663 663 6 10
663 662 7 10
663 633 9 10
663 662 10 10
663 569 11 10
663 545 12 10
663 543 13 10
663 605 14 10
663 602 27 10
663 622 35 10
663 626 36 10
663 623 37 10
663 573 38 10
663 549 39 10
663 549 43 10
311 343 4 11
311 344 5 11
311 338 6 11
311 233 7 11
311 318 7 11
311 317 8 11
311 343 9 11
311 316 11 11
311 214 12 11
311 345 12 11
311 360 22 11
311 399 26 11
311 199 34 11
311 339 34 11
311 199 35 11
311 392 35 11
311 295 36 11
311 369 37 11
311 292 38 11
311 298 41 11
311 262 42 11
311 275 43 11
605 606 4 11
605 663 5 11
605 662 6 11
605 633 8 11
605 662 9 11
605 569 10 11
605 545 11 11
605 543 12 11
605 605 13 11
605 511 22 11
605 602 26 11
605 622 34 11
605 626 35 11
605 623 36 11
605 573 37 11
605 549 38 11
605 537 41 11
605 549 42 11
605 549 43 11
208 93 4 12
208 132 5 12
208 233 6 12
208 318 6 12
208 317 7 12
208 115 9 12
208 127 9 12
208 316 10 12
208 214 11 12
208 134 12 12
208 199 33 12
208 199 34 12
208 102 35 12
208 295 35 12
208 97 36 12
208 119 37 12
208 292 37 12
208 106 40 12
208 187 40 12
208 298 40 12
208 262 41 12
208 167 42 12
208 275 42 12
208 90 43 12
208 202 43 12
208 270 43 12
355 344 4 12
355 338 5 12
355 318 6 12
355 317 7 12
355 343 8 12
355 446 9 12
355 316 10 12
355 345 11 12
355 360 21 12
355 399 25 12
355 339 33 12
355 392 34 12
355 295 35 12
355 369 36 12
355 292 37 12
355 298 40 12
355 262 41 12
355 275 42 12
355 270 43 12
518 633 7 12
518 446 9 12
518 569 9 12
518 545 10 12
518 543 11 12
518 605 12 12
518 511 21 12
518 399 25 12
518 602 25 12
518 622 33 12
518 626 34 12
518 623 35 12
518 573 36 12
518 549 37 12
518 537 40 12
518 549 41 12
518 549 42 12
518 546 43 12
24 28 4 13
24 35 4 13
24 132 4 13
24 3 8 13
24 21 8 13
24 33 8 13
24 115 8 13
24 127 8 13
24 63 9 13
24 39 10 13
24 134 11 13
24 8 33 13
24 102 34 13
24 20 35 13
24 97 35 13
24 119 36 13
24 106 39 13
24 46 40 13
24 14 41 13
24 86 41 13
24 12 42 13
24 19 42 13
24 90 42 13
24 15 43 13
33 28 4 13
33 35 4 13
33 132 4 13
33 3 8 13
33 21 8 13
33 33 8 13
33 115 8 13
33 127 8 13
33 63 9 13
33 39 10 13
33 134 11 13
33 8 33 13
33 102 34 13
33 20 35 13
33 97 35 13
33 119 36 13
33 106 39 13
33 46 40 13
33 14 41 13
33 86 41 13
33 12 42 13
33 19 42 13
33 90 42 13
33 15 43 13
110 28 4 13
110 35 4 13
110 132 4 13
110 3 8 13
110 21 8 13
110 33 8 13
110 115 8 13
110 127 8 13
110 63 9 13
110 39 10 13
110 214 10 13
110 134 11 13
110 199 32 13
110 8 33 13
110 199 33 13
110 102 34 13
110 20 35 13
110 97 35 13
110 119 36 13
110 106 39 13
110 187 39 13
110 46 40 13
110 14 41 13
110 86 41 13
110 167 41 13
110 12 42 13
110 19 42 13
110 90 42 13
110 202 42 13
110 15 43 13
110 204 43 13
235 132 4 13
235 338 4 13
235 233 5 13
235 318 5 13
235 317 6 13
235 343 7 13
235 115 8 13
235 127 8 13
235 316 9 13
235 214 10 13
235 345 10 13
235 134 11 13
235 199 32 13
235 339 32 13
235 199 33 13
235 295 34 13
235 119 36 13
235 292 36 13
235 187 39 13
235 298 39 13
235 262 40 13
235 167 41 13
235 275 41 13
235 202 42 13
235 270 42 13
235 204 43 13
235 325 43 13
272 338 4 13
272 233 5 13
272 318 5 13
272 317 6 13
272 343 7 13
272 316 9 13
272 214 10 13
272 345 10 13
272 360 20 13
272 199 32 13
272 339 32 13
272 199 33 13
272 295 34 13
272 369 35 13
272 292 36 13
272 187 39 13
272 298 39 13
272 262 40 13
272 167 41 13
272 275 41 13
272 202 42 13
272 270 42 13
272 204 43 13
272 325 43 13
520 633 6 13
520 446 8 13
520 569 8 13
520 545 9 13
520 543 10 13
520 605 11 13
520 511 20 13
520 602 24 13
520 622 32 13
520 626 33 13
520 623 34 13
520 573 35 13
520 549 36 13
520 537 39 13
520 549 40 13
520 549 41 13
520 546 42 13
235 233 4 14
235 318 4 14
235 317 5 14
235 343 6 14
235 115 7 14
235 127 7 14
235 316 8 14
235 214 9 14
235 345 9 14
235 134 10 14
235 199 31 14
235 339 31 14
235 199 32 14
235 295 33 14
235 119 35 14
235 292 35 14
235 187 38 14
235 298 38 14
235 262 39 14
235 167 40 14
235 275 40 14
235 202 41 14
235 270 41 14
235 204 42 14
235 325 42 14
263 233 4 14
263 318 4 14
263 317 5 14
263 343 6 14
263 316 8 14
263 214 9 14
263 345 9 14
263 360 19 14
263 199 31 14
263 339 31 14
263 199 32 14
263 295 33 14
263 369 34 14
263 292 35 14
263 187 38 14
263 298 38 14
263 262 39 14
263 167 40 14
263 275 40 14
263 202 41 14
263 270 41 14
263 204 42 14
263 325 42 14
691 633 5 14
691 662 6 14
691 605 10 14
691 602 23 14
691 622 31 14
691 626 32 14
691 623 33 14
691 573 34 14
691 662 42 14
343 317 4 15
343 343 5 15
343 446 6 15
343 316 7 15
343 345 8 15
343 360 18 15
343 399 22 15
343 339 30 15
343 392 31 15
343 295 32 15
343 369 33 15
343 292 34 15
343 298 37 15
343 262 38 15
343 275 39 15
343 270 40 15
343 325 41 15
606 633 4 15
606 662 5 15
606 569 6 15
606 545 7 15
606 543 8 15
606 605 9 15
606 511 18 15
606 602 22 15
606 622 30 15
606 626 31 15
606 623 32 15
606 573 33 15
606 549 34 15
606 537 37 15
606 549 38 15
606 549 39 15
606 546 40 15
606 662 41 15
93 3 5 16
93 21 5 16
93 33 5 16
93 115 5 16
93 127 5 16
93 63 6 16
93 39 7 16
93 134 8 16
93 199 29 16
93 8 30 16
93 199 30 16
93 102 31 16
93 20 32 16
93 97 32 16
93 119 33 16
93 106 36 16
93 187 36 16
93 46 37 16
93 14 38 16
93 86 38 16
93 167 38 16
93 12 39 16
93 19 39 16
93 90 39 16
93 202 39 16
93 15 40 16
93 204 40 16
344 343 4 16
344 446 5 16
344 316 6 16
344 345 7 16
344 360 17 16
344 399 21 16
344 339 29 16
344 392 30 16
344 295 31 16
344 369 32 16
344 292 33 16
344 298 36 16
344 262 37 16
344 275 38 16
344 270 39 16
344 325 40 16
663 662 4 16
663 569 5 16
663 545 6 16
663 543 7 16
663 605 8 16
663 602 21 16
663 622 29 16
663 626 30 16
663 623 31 16
663 573 32 16
663 549 33 16
663 549 37 16
663 549 38 16
663 546 39 16
663 662 40 16
28 3 4 17
28 21 4 17
28 33 4 17
28 115 4 17
28 127 4 17
28 63 5 17
28 39 6 17
28 134 7 17
28 8 29 17
28 102 30 17
28 20 31 17
28 97 31 17
28 119 32 17
28 106 35 17
28 46 36 17
28 14 37 17
28 86 37 17
28 12 38 17
28 19 38 17
28 90 38 17
28 15 39 17
35 3 4 17
35 21 4 17
35 33 4 17
35 115 4 17
35 127 4 17
35 63 5 17
35 39 6 17
35 134 7 17
35 8 29 17
35 102 30 17
35 20 31 17
35 97 31 17
35 119 32 17
35 106 35 17
35 46 36 17
35 14 37 17
35 86 37 17
35 12 38 17
35 19 38 17
35 90 38 17
35 15 39 17
132 21 4 17
132 33 4 17
132 115 4 17
132 127 4 17
132 63 5 17
132 39 6 17
132 214 6 17
132 134 7 17
132 199 28 17
132 199 29 17
132 102 30 17
132 20 31 17
132 97 31 17
132 119 32 17
132 106 35 17
132 187 35 17
132 46 36 17
132 14 37 17
132 86 37 17
132 167 37 17
132 12 38 17
132 19 38 17
132 90 38 17
132 202 38 17
132 15 39 17
132 204 39 17
338 446 4 17
338 316 5 17
338 345 6 17
338 360 16 17
338 399 20 17
338 339 28 17
338 392 29 17
338 295 30 17
338 369 31 17
338 292 32 17
338 298 35 17
338 262 36 17
338 275 37 17
338 270 38 17
338 325 39 17
662 569 4 17
662 545 5 17
662 543 6 17
662 605 7 17
662 602 20 17
662 622 28 17
662 626 29 17
662 623 30 17
662 573 31 17
662 549 32 17
662 549 36 17
662 549 37 17
662 546 38 17
662 662 39 17
233 316 4 18
233 214 5 18
233 345 5 18
233 134 6 18
233 199 27 18
233 339 27 18
233 199 28 18
233 295 29 18
233 119 31 18
233 292 31 18
233 187 34 18
233 298 34 18
233 262 35 18
233 167 36 18
233 275 36 18
233 202 37 18
233 270 37 18
233 204 38 18
233 325 38 18
318 316 4 18
318 214 5 18
318 345 5 18
318 360 15 18
318 399 19 18
318 199 27 18
318 339 27 18
318 199 28 18
318 392 28 18
318 295 29 18
318 369 30 18
318 292 31 18
318 298 34 18
318 262 35 18
318 275 36 18
318 202 37 18
318 270 37 18
318 204 38 18
318 325 38 18
317 214 4 19
317 345 4 19
317 360 14 19
317 399 18 19
317 199 26 19
317 339 26 19
317 199 27 19
317 392 27 19
317 295 28 19
317 369 29 19
317 292 30 19
317 298 33 19
317 262 34 19
317 275 35 19
317 202 36 19
317 270 36 19
317 204 37 19
317 325 37 19
633 543 4 19
633 605 5 19
633 602 18 19
633 622 26 19
633 626 27 19
633 623 28 19
633 573 29 19
633 549 30 19
633 537 33 19
633 549 34 19
633 549 35 19
633 546 36 19
633 662 37 19
343 360 13 20
343 399 17 20
343 339 25 20
343 392 26 20
343 295 27 20
343 369 28 20
343 292 29 20
343 298 32 20
343 262 33 20
343 275 34 20
343 270 35 20
343 325 36 20
662 605 4 20
662 602 17 20
662 622 25 20
662 626 26 20
662 623 27 20
662 573 28 20
662 549 29 20
662 549 33 20
662 549 34 20
662 546 35 20
662 662 36 20
3 8 25 21
3 102 26 21
3 20 27 21
3 97 27 21
3 119 28 21
3 106 31 21
3 46 32 21
3 14 33 21
3 86 33 21
3 12 34 21
3 19 34 21
3 90 34 21
3 15 35 21
21 8 25 21
21 102 26 21
21 20 27 21
21 97 27 21
21 119 28 21
21 106 31 21
21 46 32 21
21 14 33 21
21 86 33 21
21 12 34 21
21 19 34 21
21 90 34 21
21 15 35 21
33 8 25 21
33 102 26 21
33 20 27 21
33 97 27 21
33 119 28 21
33 106 31 21
33 46 32 21
33 14 33 21
33 86 33 21
33 12 34 21
33 19 34 21
33 90 34 21
33 15 35 21
115 199 24 21
115 8 25 21
115 199 25 21
115 102 26 21
115 20 27 21
115 97 27 21
115 119 28 21
115 106 31 21
115 187 31 21
115 46 32 21
115 14 33 21
115 86 33 21
115 167 33 21
115 12 34 21
115 19 34 21
115 90 34 21
115 202 34 21
115 15 35 21
115 204 35 21
127 199 24 21
127 8 25 21
127 199 25 21
127 102 26 21
127 20 27 21
127 97 27 21
127 119 28 21
127 106 31 21
127 187 31 21
127 46 32 21
127 14 33 21
127 86 33 21
127 167 33 21
127 12 34 21
127 19 34 21
127 90 34 21
127 202 34 21
127 15 35 21
127 204 35 21
446 360 12 21
446 511 12 21
446 399 16 21
446 339 24 21
446 392 25 21
446 369 27 21
446 549 28 21
446 537 31 21
446 549 32 21
446 549 33 21
446 546 34 21
569 511 12 21
569 602 16 21
569 622 24 21
569 626 25 21
569 623 26 21
569 573 27 21
569 549 28 21
569 537 31 21
569 549 32 21
569 549 33 21
569 546 34 21
569 662 35 21
63 8 24 22
63 102 25 22
63 20 26 22
63 97 26 22
63 119 27 22
63 106 30 22
63 46 31 22
63 14 32 22
63 86 32 22
63 167 32 22
63 12 33 22
63 19 33 22
63 90 33 22
63 15 34 22
316 360 11 22
316 399 15 22
316 199 23 22
316 339 23 22
316 199 24 22
316 392 24 22
316 295 25 22
316 369 26 22
316 292 27 22
316 298 30 22
316 262 31 22
316 275 32 22
316 202 33 22
316 270 33 22
316 204 34 22
316 325 34 22
545 511 11 22
545 602 15 22
545 622 23 22
545 626 24 22
545 623 25 22
545 573 26 22
545 549 27 22
545 537 30 22
545 549 31 22
545 549 32 22
545 546 33 22
545 662 34 22
39 8 23 23
39 102 24 23
39 20 25 23
39 97 25 23
39 119 26 23
39 106 29 23
39 46 30 23
39 14 31 23
39 86 31 23
39 12 32 23
39 19 32 23
39 90 32 23
39 15 33 23
214 199 22 23
214 199 23 23
214 102 24 23
214 295 24 23
214 97 25 23
214 119 26 23
214 292 26 23
214 106 29 23
214 187 29 23
214 298 29 23
214 262 30 23
214 167 31 23
214 275 31 23
214 202 32 23
214 270 32 23
214 204 33 23
214 325 33 23
345 360 10 23
345 399 14 23
345 339 22 23
345 392 23 23
345 295 24 23
345 369 25 23
345 292 26 23
345 298 29 23
345 262 30 23
345 275 31 23
345 270 32 23
345 325 33 23
543 511 10 23
543 602 14 23
543 622 22 23
543 626 23 23
543 623 24 23
543 573 25 23
543 549 26 23
543 537 29 23
543 549 30 23
543 549 31 23
543 546 32 23
543 662 33 23
134 199 21 24
134 199 22 24
134 102 23 24
134 20 24 24
134 97 24 24
134 119 25 24
134 106 28 24
134 187 28 24
134 46 29 24
134 14 30 24
134 86 30 24
134 167 30 24
134 19 31 24
134 90 31 24
134 202 31 24
134 15 32 24
134 204 32 24
605 511 9 24
605 602 13 24
605 622 21 24
605 626 22 24
605 623 23 24
605 573 24 24
605 549 25 24
605 537 28 24
605 549 29 24
605 549 30 24
605 546 31 24
605 662 32 24
360 399 4 33
360 339 12 33
360 392 13 33
360 295 14 33
360 369 15 33
360 292 16 33
360 298 19 33
360 262 20 33
360 275 21 33
360 270 22 33
360 325 23 33
511 399 4 33
511 602 4 33
511 622 12 33
511 392 13 33
511 626 13 33
511 623 14 33
511 573 15 33
511 549 16 33
511 537 19 33
511 549 20 33
511 549 21 33
511 546 22 33
399 339 8 37
399 392 9 37
399 295 10 37
399 369 11 37
399 292 12 37
399 298 15 37
399 325 19 37
602 622 8 37
602 626 9 37
602 623 10 37
602 573 11 37
602 549 12 37
602 537 15 37
602 549 16 37
602 549 17 37
602 546 18 37
602 662 19 37
199 119 4 45
199 292 4 45
199 106 7 45
199 187 7 45
199 298 7 45
199 262 8 45
199 86 9 45
199 167 9 45
199 275 9 45
199 90 10 45
199 202 10 45
199 270 10 45
199 204 11 45
339 292 4 45
339 298 7 45
339 262 8 45
339 275 9 45
339 270 10 45
339 325 11 45
622 549 4 45
622 537 7 45
622 549 8 45
622 549 9 45
622 546 10 45
622 662 11 45
8 106 6 46
8 46 7 46
8 14 8 46
8 86 8 46
8 12 9 46
8 19 9 46
8 90 9 46
8 15 10 46
199 106 6 46
199 187 6 46
199 298 6 46
199 262 7 46
199 86 8 46
199 167 8 46
199 275 8 46
199 90 9 46
199 202 9 46
199 270 9 46
199 204 10 46
392 298 6 46
392 275 8 46
392 325 10 46
626 537 6 46
626 549 7 46
626 549 8 46
626 546 9 46
626 662 10 46
102 106 5 47
102 187 5 47
102 46 6 47
102 14 7 47
102 86 7 47
102 167 7 47
102 12 8 47
102 19 8 47
102 90 8 47
102 202 8 47
102 15 9 47
102 204 9 47
295 187 5 47
295 298 5 47
295 262 6 47
295 275 7 47
295 202 8 47
295 270 8 47
295 204 9 47
295 325 9 47
623 537 5 47
623 549 6 47
623 549 7 47
623 546 8 47
623 662 9 47
20 106 4 48
20 46 5 48
20 14 6 48
20 86 6 48
20 12 7 48
20 19 7 48
20 90 7 48
20 15 8 48
97 106 4 48
97 187 4 48
97 46 5 48
97 14 6 48
97 86 6 48
97 167 6 48
97 12 7 48
97 19 7 48
97 90 7 48
97 202 7 48
97 15 8 48
97 204 8 48
369 298 4 48
369 262 5 48
369 275 6 48
369 270 7 48
369 325 8 48
573 537 4 48
573 549 5 48
573 549 6 48
573 546 7 48
573 662 8 48
119 46 4 49
119 14 5 49
119 86 5 49
119 167 5 49
119 12 6 49
119 19 6 49
119 90 6 49
119 202 6 49
119 15 7 49
119 204 7 49
292 262 4 49
292 275 5 49
292 202 6 49
292 270 6 49
292 204 7 49
292 325 7 49
549 549 4 49
549 549 5 49
549 546 6 49
549 662 7 49
106 15 4 52
106 204 4 52
187 204 4 52
298 204 4 52
298 325 4 52
