0 27 5 0
0 35 5 0
0 68 5 0
0 60 8 0
0 15 9 0
0 2 10 0
0 3 10 0
0 39 11 0
0 64 11 0
0 54 15 0
0 63 15 0
0 51 16 0
0 100 16 0
0 6 17 0
0 7 17 0
0 13 20 0
0 17 20 0
0 75 20 0
0 34 21 0
0 0 23 0
0 13 23 0
0 17 23 0
0 105 27 0
0 10 29 0
0 14 30 0
0 15 30 0
0 3 33 0
0 12 33 0
0 17 33 0
0 62 34 0
0 63 34 0
0 48 38 0
0 66 38 0
0 13 39 0
0 16 39 0
0 36 39 0
0 99 39 0
0 30 40 0
0 31 40 0
0 20 41 0
0 27 43 0
17 27 5 0
17 35 5 0
17 68 5 0
17 131 6 0
17 60 8 0
17 15 9 0
17 2 10 0
17 3 10 0
17 39 11 0
17 64 11 0
17 54 15 0
17 63 15 0
17 51 16 0
17 100 16 0
17 6 17 0
17 7 17 0
17 13 20 0
17 17 20 0
17 75 20 0
17 34 21 0
17 0 23 0
17 13 23 0
17 17 23 0
17 105 27 0
17 10 29 0
17 134 29 0
17 14 30 0
17 15 30 0
17 3 33 0
17 12 33 0
17 17 33 0
17 62 34 0
17 63 34 0
17 48 38 0
17 66 38 0
17 128 38 0
17 13 39 0
17 16 39 0
17 36 39 0
17 99 39 0
17 30 40 0
17 31 40 0
17 20 41 0
17 27 43 0
393 401 5 0
393 472 6 0
393 472 8 0
393 472 9 0
393 361 10 0
393 397 11 0
393 319 14 0
393 413 16 0
393 496 18 0
393 510 19 0
393 334 20 0
393 290 21 0
393 314 22 0
393 317 23 0
393 511 23 0
393 432 24 0
393 318 25 0
393 292 27 0
393 403 28 0
393 394 29 0
393 484 31 0
393 469 32 0
393 368 33 0
393 406 34 0
393 467 35 0
393 462 37 0
393 281 38 0
393 276 39 0
393 277 40 0
393 465 41 0
393 275 42 0
393 396 43 0
545 655 4 0
545 556 5 0
545 472 6 0
545 581 6 0
545 472 8 0
545 514 8 0
545 472 9 0
545 571 9 0
545 582 10 0
545 573 11 0
545 574 16 0
545 635 17 0
545 496 18 0
545 510 19 0
545 624 19 0
545 624 20 0
545 642 22 0
545 511 23 0
545 432 24 0
545 549 24 0
545 549 25 0
545 519 26 0
545 561 27 0
545 581 28 0
545 582 29 0
545 519 30 0
545 484 31 0
545 624 31 0
545 469 32 0
545 624 32 0
545 563 33 0
545 590 34 0
545 467 35 0
545 624 35 0
545 663 36 0
545 462 37 0
545 602 39 0
545 465 41 0
545 600 43 0
0 27 4 1
0 35 4 1
0 68 4 1
0 60 7 1
0 15 8 1
0 2 9 1
0 3 9 1
0 39 10 1
0 64 10 1
0 54 14 1
0 63 14 1
0 51 15 1
0 100 15 1
0 6 16 1
0 7 16 1
0 13 19 1
0 17 19 1
0 75 19 1
0 34 20 1
0 0 22 1
0 13 22 1
0 17 22 1
0 105 26 1
0 10 28 1
0 14 29 1
0 15 29 1
0 3 32 1
0 12 32 1
0 17 32 1
0 62 33 1
0 63 33 1
0 48 37 1
0 66 37 1
0 13 38 1
0 16 38 1
0 36 38 1
0 99 38 1
0 30 39 1
0 31 39 1
0 20 40 1
0 27 42 1
663 556 4 1
663 581 5 1
663 571 8 1
663 582 9 1
663 573 10 1
663 690 12 1
663 691 13 1
663 691 14 1
663 574 15 1
663 635 16 1
663 678 17 1
663 624 18 1
663 624 19 1
663 681 20 1
663 642 21 1
663 549 23 1
663 549 24 1
663 561 26 1
663 581 27 1
663 582 28 1
663 624 30 1
663 624 31 1
663 563 32 1
663 590 33 1
663 624 34 1
663 663 35 1
663 691 36 1
663 692 37 1
663 602 38 1
663 696 39 1
663 675 40 1
663 699 41 1
663 600 42 1
663 630 43 1
195 131 4 2
195 146 7 2
195 149 8 2
195 186 9 2
195 196 11 2
195 225 13 2
195 255 13 2
195 100 14 2
195 229 14 2
195 75 18 2
195 198 19 2
195 290 19 2
195 176 20 2
195 314 20 2
195 207 22 2
195 197 23 2
195 105 25 2
195 292 25 2
195 134 27 2
195 180 30 2
195 165 31 2
195 196 32 2
195 177 33 2
195 195 34 2
195 148 35 2
195 128 36 2
195 281 36 2
195 99 37 2
195 162 37 2
195 276 37 2
195 140 38 2
195 277 38 2
195 167 40 2
195 275 40 2
195 198 41 2
498 472 4 2
498 581 4 2
498 472 6 2
498 514 6 2
498 472 7 2
498 571 7 2
498 582 8 2
498 397 9 2
498 573 9 2
498 413 14 2
498 574 14 2
498 496 16 2
498 510 17 2
498 511 21 2
498 432 22 2
498 549 22 2
498 549 23 2
498 519 24 2
498 561 25 2
498 403 26 2
498 581 26 2
498 394 27 2
498 582 27 2
498 519 28 2
498 484 29 2
498 469 30 2
498 563 31 2
498 406 32 2
498 590 32 2
498 467 33 2
498 462 35 2
498 602 37 2
498 465 39 2
498 396 41 2
498 600 41 2
498 407 42 2
498 486 43 2
690 581 4 2
690 571 7 2
690 582 8 2
690 573 9 2
690 690 11 2
690 691 12 2
690 691 13 2
690 574 14 2
690 635 15 2
690 678 16 2
690 624 17 2
690 624 18 2
690 681 19 2
690 642 20 2
690 581 26 2
690 582 27 2
690 624 29 2
690 624 30 2
690 590 32 2
690 624 33 2
690 663 34 2
690 691 35 2
690 692 36 2
690 602 37 2
690 696 38 2
690 675 39 2
690 699 40 2
690 600 41 2
690 630 42 2
690 621 43 2
106 60 5 3
106 15 6 3
106 146 6 3
106 2 7 3
106 3 7 3
106 149 7 3
106 39 8 3
106 64 8 3
106 186 8 3
106 196 10 3
106 54 12 3
106 63 12 3
106 225 12 3
106 51 13 3
106 100 13 3
106 6 14 3
106 7 14 3
106 13 17 3
106 17 17 3
106 75 17 3
106 34 18 3
106 198 18 3
106 176 19 3
106 0 20 3
106 13 20 3
106 17 20 3
106 207 21 3
106 197 22 3
106 105 24 3
106 10 26 3
106 134 26 3
106 14 27 3
106 15 27 3
106 180 29 3
106 3 30 3
106 12 30 3
106 17 30 3
106 165 30 3
106 62 31 3
106 63 31 3
106 196 31 3
106 177 32 3
106 195 33 3
106 148 34 3
106 48 35 3
106 66 35 3
106 128 35 3
106 13 36 3
106 16 36 3
106 36 36 3
106 99 36 3
106 162 36 3
106 30 37 3
106 31 37 3
106 140 37 3
106 20 38 3
106 167 39 3
106 27 40 3
106 198 40 3
106 27 42 3
106 22 43 3
106 55 43 3
106 92 43 3
106 127 43 3
319 361 7 3
319 397 8 3
319 319 11 3
319 225 12 3
319 255 12 3
319 229 13 3
319 413 13 3
319 334 17 3
319 290 18 3
319 314 19 3
319 317 20 3
319 207 21 3
319 432 21 3
319 318 22 3
319 292 24 3
319 403 25 3
319 394 26 3
319 368 30 3
319 406 31 3
319 281 35 3
319 276 36 3
319 277 37 3
319 275 39 3
319 396 40 3
319 407 41 3
319 288 43 3
587 472 5 3
587 514 5 3
587 472 6 3
587 571 6 3
587 582 7 3
587 573 8 3
587 690 10 3
587 691 11 3
587 691 12 3
587 574 13 3
587 635 14 3
587 496 15 3
587 678 15 3
587 510 16 3
587 624 16 3
587 624 17 3
587 681 18 3
587 642 19 3
587 511 20 3
587 549 21 3
587 549 22 3
587 519 23 3
587 561 24 3
587 581 25 3
587 582 26 3
587 519 27 3
587 484 28 3
587 624 28 3
587 469 29 3
587 624 29 3
587 563 30 3
587 590 31 3
587 467 32 3
587 624 32 3
587 663 33 3
587 691 34 3
587 692 35 3
587 602 36 3
587 696 37 3
587 675 38 3
587 699 39 3
587 600 40 3
587 630 41 3
587 486 42 3
587 621 42 3
587 523 43 3
655 571 5 4
655 582 6 4
655 573 7 4
655 690 9 4
655 691 10 4
655 691 11 4
655 574 12 4
655 635 13 4
655 678 14 4
655 624 15 4
655 624 16 4
655 681 17 4
655 642 18 4
655 549 20 4
655 549 21 4
655 561 23 4
655 581 24 4
655 582 25 4
655 624 27 4
655 624 28 4
655 563 29 4
655 590 30 4
655 624 31 4
655 663 32 4
655 691 33 4
655 692 34 4
655 602 35 4
655 696 36 4
655 675 37 4
655 699 38 4
655 600 39 4
655 630 40 4
655 621 41 4
27 15 4 5
27 146 4 5
27 2 5 5
27 3 5 5
27 39 6 5
27 64 6 5
27 54 10 5
27 63 10 5
27 51 11 5
27 100 11 5
27 6 12 5
27 7 12 5
27 13 15 5
27 17 15 5
27 75 15 5
27 34 16 5
27 0 18 5
27 13 18 5
27 17 18 5
27 105 22 5
27 10 24 5
27 134 24 5
27 14 25 5
27 15 25 5
27 3 28 5
27 12 28 5
27 17 28 5
27 62 29 5
27 63 29 5
27 48 33 5
27 66 33 5
27 128 33 5
27 13 34 5
27 16 34 5
27 36 34 5
27 99 34 5
27 30 35 5
27 31 35 5
27 140 35 5
27 20 36 5
27 27 38 5
27 27 40 5
27 22 41 5
27 55 41 5
27 92 41 5
27 127 41 5
35 15 4 5
35 146 4 5
35 2 5 5
35 3 5 5
35 149 5 5
35 39 6 5
35 64 6 5
35 54 10 5
35 63 10 5
35 51 11 5
35 100 11 5
35 6 12 5
35 7 12 5
35 13 15 5
35 17 15 5
35 75 15 5
35 34 16 5
35 0 18 5
35 13 18 5
35 17 18 5
35 105 22 5
35 10 24 5
35 134 24 5
35 14 25 5
35 15 25 5
35 3 28 5
35 12 28 5
35 17 28 5
35 62 29 5
35 63 29 5
35 148 32 5
35 48 33 5
35 66 33 5
35 128 33 5
35 13 34 5
35 16 34 5
35 36 34 5
35 99 34 5
35 30 35 5
35 31 35 5
35 140 35 5
35 20 36 5
35 27 38 5
35 27 40 5
35 22 41 5
35 55 41 5
35 92 41 5
35 127 41 5
68 15 4 5
68 146 4 5
68 2 5 5
68 3 5 5
68 149 5 5
68 39 6 5
68 64 6 5
68 186 6 5
68 54 10 5
68 63 10 5
68 51 11 5
68 100 11 5
68 6 12 5
68 7 12 5
68 13 15 5
68 17 15 5
68 75 15 5
68 34 16 5
68 176 17 5
68 0 18 5
68 13 18 5
68 17 18 5
68 105 22 5
68 10 24 5
68 134 24 5
68 14 25 5
68 15 25 5
68 180 27 5
68 3 28 5
68 12 28 5
68 17 28 5
68 165 28 5
68 62 29 5
68 63 29 5
68 177 30 5
68 148 32 5
68 48 33 5
68 66 33 5
68 128 33 5
68 13 34 5
68 16 34 5
68 36 34 5
68 99 34 5
68 162 34 5
68 30 35 5
68 31 35 5
68 140 35 5
68 20 36 5
68 167 37 5
68 27 38 5
68 27 40 5
68 22 41 5
68 55 41 5
68 92 41 5
68 127 41 5
401 472 4 5
401 361 5 5
401 397 6 5
401 319 9 5
401 413 11 5
401 496 13 5
401 510 14 5
401 334 15 5
401 290 16 5
401 314 17 5
401 317 18 5
401 511 18 5
401 432 19 5
401 318 20 5
401 519 21 5
401 292 22 5
401 403 23 5
401 394 24 5
401 519 25 5
401 484 26 5
401 469 27 5
401 368 28 5
401 406 29 5
401 467 30 5
401 462 32 5
401 281 33 5
401 465 36 5
401 396 38 5
401 407 39 5
401 486 40 5
401 288 41 5
556 472 4 5
556 571 4 5
556 582 5 5
556 573 6 5
556 574 11 5
556 635 12 5
556 496 13 5
556 510 14 5
556 624 14 5
556 624 15 5
556 642 17 5
556 511 18 5
556 549 19 5
556 549 20 5
556 519 21 5
556 561 22 5
556 581 23 5
556 582 24 5
556 519 25 5
556 484 26 5
556 624 26 5
556 469 27 5
556 624 27 5
556 563 28 5
556 590 29 5
556 467 30 5
556 624 30 5
556 663 31 5
556 462 32 5
556 602 34 5
556 465 36 5
556 675 36 5
556 600 38 5
556 630 39 5
556 486 40 5
556 621 40 5
556 523 41 5
131 149 4 6
131 39 5 6
131 64 5 6
131 186 5 6
131 196 7 6
131 54 9 6
131 63 9 6
131 225 9 6
131 51 10 6
131 100 10 6
131 229 10 6
131 13 14 6
131 17 14 6
131 75 14 6
131 34 15 6
131 198 15 6
131 176 16 6
131 13 17 6
131 17 17 6
131 207 18 6
131 197 19 6
131 105 21 6
131 134 23 6
131 14 24 6
131 15 24 6
131 180 26 6
131 12 27 6
131 17 27 6
131 165 27 6
131 62 28 6
131 63 28 6
131 196 28 6
131 177 29 6
131 195 30 6
131 148 31 6
131 48 32 6
131 66 32 6
131 128 32 6
131 13 33 6
131 16 33 6
131 36 33 6
131 99 33 6
131 162 33 6
131 30 34 6
131 31 34 6
131 140 34 6
131 20 35 6
131 167 36 6
131 27 37 6
131 198 37 6
131 27 39 6
131 22 40 6
131 55 40 6
131 92 40 6
131 127 40 6
472 361 4 6
472 582 4 6
472 397 5 6
472 573 5 6
472 413 10 6
472 574 10 6
472 496 12 6
472 510 13 6
472 511 17 6
472 432 18 6
472 549 18 6
472 549 19 6
472 519 20 6
472 561 21 6
472 403 22 6
472 581 22 6
472 394 23 6
472 582 23 6
472 519 24 6
472 484 25 6
472 469 26 6
472 368 27 6
472 563 27 6
472 406 28 6
472 590 28 6
472 467 29 6
472 462 31 6
472 465 35 6
472 396 37 6
472 407 38 6
472 486 39 6
472 523 40 6
581 582 4 6
581 573 5 6
581 690 7 6
581 691 8 6
581 691 9 6
581 574 10 6
581 635 11 6
581 496 12 6
581 678 12 6
581 510 13 6
581 624 13 6
581 624 14 6
581 681 15 6
581 642 16 6
581 511 17 6
581 549 18 6
581 549 19 6
581 519 20 6
581 561 21 6
581 581 22 6
581 582 23 6
581 519 24 6
581 484 25 6
581 624 25 6
581 469 26 6
581 624 26 6
581 563 27 6
581 590 28 6
581 467 29 6
581 624 29 6
581 663 30 6
581 462 31 6
581 691 31 6
581 692 32 6
581 602 33 6
581 696 34 6
581 465 35 6
581 675 35 6
581 699 36 6
581 600 37 6
581 630 38 6
581 486 39 6
581 621 39 6
581 523 40 6
60 54 7 8
60 63 7 8
60 51 8 8
60 100 8 8
60 6 9 8
60 7 9 8
60 13 12 8
60 17 12 8
60 75 12 8
60 34 13 8
60 176 14 8
60 0 15 8
60 13 15 8
60 17 15 8
60 105 19 8
60 10 21 8
60 134 21 8
60 14 22 8
60 15 22 8
60 3 25 8
60 12 25 8
60 17 25 8
60 165 25 8
60 62 26 8
60 63 26 8
60 177 27 8
60 148 29 8
60 48 30 8
60 66 30 8
60 128 30 8
60 13 31 8
60 16 31 8
60 36 31 8
60 99 31 8
60 162 31 8
60 30 32 8
60 31 32 8
60 140 32 8
60 20 33 8
60 167 34 8
60 27 35 8
60 27 37 8
60 22 38 8
60 55 38 8
60 92 38 8
60 127 38 8
60 24 43 8
60 34 43 8
472 413 8 8
472 574 8 8
472 496 10 8
472 510 11 8
472 511 15 8
472 432 16 8
472 549 16 8
472 549 17 8
472 519 18 8
472 561 19 8
472 403 20 8
472 581 20 8
472 394 21 8
472 582 21 8
472 519 22 8
472 484 23 8
472 469 24 8
472 368 25 8
472 563 25 8
472 406 26 8
472 590 26 8
472 467 27 8
472 462 29 8
472 465 33 8
472 396 35 8
472 407 36 8
472 486 37 8
472 523 38 8
514 413 8 8
514 574 8 8
514 496 10 8
514 510 11 8
514 624 11 8
514 624 12 8
514 511 15 8
514 432 16 8
514 549 16 8
514 549 17 8
514 519 18 8
514 561 19 8
514 403 20 8
514 581 20 8
514 394 21 8
514 582 21 8
514 519 22 8
514 484 23 8
514 624 23 8
514 469 24 8
514 624 24 8
514 563 25 8
514 406 26 8
514 590 26 8
514 467 27 8
514 624 27 8
514 462 29 8
514 602 31 8
514 465 33 8
514 396 35 8
514 600 35 8
514 407 36 8
514 630 36 8
514 486 37 8
514 621 37 8
514 523 38 8
514 625 43 8
15 54 6 9
15 63 6 9
15 51 7 9
15 100 7 9
15 6 8 9
15 7 8 9
15 13 11 9
15 17 11 9
15 75 11 9
15 34 12 9
15 0 14 9
15 13 14 9
15 17 14 9
15 105 18 9
15 10 20 9
15 134 20 9
15 14 21 9
15 15 21 9
15 3 24 9
15 12 24 9
15 17 24 9
15 62 25 9
15 63 25 9
15 48 29 9
15 66 29 9
15 128 29 9
15 13 30 9
15 16 30 9
15 36 30 9
15 99 30 9
15 30 31 9
15 31 31 9
15 20 32 9
15 27 34 9
15 27 36 9
15 22 37 9
15 55 37 9
15 92 37 9
15 127 37 9
15 24 42 9
15 34 42 9
146 196 4 9
146 54 6 9
146 63 6 9
146 225 6 9
146 255 6 9
146 51 7 9
146 100 7 9
146 229 7 9
146 75 11 9
146 34 12 9
146 198 12 9
146 176 13 9
146 207 15 9
146 197 16 9
146 105 18 9
146 134 20 9
146 180 23 9
146 165 24 9
146 62 25 9
146 63 25 9
146 196 25 9
146 177 26 9
146 195 27 9
146 148 28 9
146 48 29 9
146 66 29 9
146 128 29 9
146 36 30 9
146 99 30 9
146 162 30 9
146 30 31 9
146 31 31 9
146 140 31 9
146 167 33 9
146 27 34 9
146 198 34 9
146 27 36 9
146 55 37 9
146 92 37 9
146 127 37 9
146 34 42 9
472 413 7 9
472 574 7 9
472 496 9 9
472 510 10 9
472 511 14 9
472 432 15 9
472 549 15 9
472 549 16 9
472 519 17 9
472 561 18 9
472 403 19 9
472 581 19 9
472 394 20 9
472 582 20 9
472 519 21 9
472 484 22 9
472 469 23 9
472 368 24 9
472 563 24 9
472 406 25 9
472 590 25 9
472 467 26 9
472 462 28 9
472 465 32 9
472 396 34 9
472 407 35 9
472 486 36 9
472 523 37 9
571 690 4 9
571 574 7 9
571 635 8 9
571 496 9 9
571 678 9 9
571 510 10 9
571 624 10 9
571 624 11 9
571 681 12 9
571 642 13 9
571 511 14 9
571 549 15 9
571 549 16 9
571 519 17 9
571 561 18 9
571 581 19 9
571 582 20 9
571 519 21 9
571 484 22 9
571 624 22 9
571 469 23 9
571 624 23 9
571 563 24 9
571 590 25 9
571 467 26 9
571 624 26 9
571 663 27 9
571 462 28 9
571 602 30 9
571 465 32 9
571 675 32 9
571 600 34 9
571 630 35 9
571 486 36 9
571 621 36 9
571 523 37 9
571 625 42 9
571 625 43 9
2 54 5 10
2 63 5 10
2 51 6 10
2 100 6 10
2 6 7 10
2 7 7 10
2 13 10 10
2 17 10 10
2 75 10 10
2 34 11 10
2 0 13 10
2 13 13 10
2 17 13 10
2 105 17 10
2 10 19 10
2 14 20 10
2 15 20 10
2 3 23 10
2 12 23 10
2 17 23 10
2 62 24 10
2 63 24 10
2 48 28 10
2 66 28 10
2 13 29 10
2 16 29 10
2 36 29 10
2 99 29 10
2 30 30 10
2 31 30 10
2 20 31 10
2 27 33 10
2 27 35 10
2 22 36 10
2 55 36 10
2 92 36 10
2 24 41 10
2 34 41 10
3 54 5 10
3 63 5 10
3 51 6 10
3 100 6 10
3 6 7 10
3 7 7 10
3 13 10 10
3 17 10 10
3 75 10 10
3 34 11 10
3 0 13 10
3 13 13 10
3 17 13 10
3 105 17 10
3 10 19 10
3 14 20 10
3 15 20 10
3 3 23 10
3 12 23 10
3 17 23 10
3 62 24 10
3 63 24 10
3 48 28 10
3 66 28 10
3 13 29 10
3 16 29 10
3 36 29 10
3 99 29 10
3 30 30 10
3 31 30 10
3 20 31 10
3 27 33 10
3 27 35 10
3 22 36 10
3 55 36 10
3 92 36 10
3 24 41 10
3 34 41 10
149 54 5 10
149 63 5 10
149 225 5 10
149 255 5 10
149 51 6 10
149 100 6 10
149 229 6 10
149 75 10 10
149 34 11 10
149 198 11 10
149 176 12 10
149 207 14 10
149 197 15 10
149 105 17 10
149 134 19 10
149 180 22 10
149 165 23 10
149 62 24 10
149 63 24 10
149 196 24 10
149 177 25 10
149 195 26 10
149 148 27 10
149 48 28 10
149 66 28 10
149 128 28 10
149 36 29 10
149 99 29 10
149 162 29 10
149 30 30 10
149 31 30 10
149 140 30 10
149 167 32 10
149 198 33 10
149 55 36 10
149 92 36 10
149 127 36 10
149 34 41 10
149 168 43 10
361 319 4 10
361 255 5 10
361 413 6 10
361 334 10 10
361 290 11 10
361 314 12 10
361 317 13 10
361 432 14 10
361 318 15 10
361 292 17 10
361 403 18 10
361 394 19 10
361 469 22 10
361 368 23 10
361 406 24 10
361 467 25 10
361 462 27 10
361 281 28 10
361 276 29 10
361 277 30 10
361 465 31 10
361 275 32 10
361 396 33 10
361 407 34 10
361 288 36 10
361 285 41 10
361 311 42 10
361 472 43 10
582 691 4 10
582 691 5 10
582 574 6 10
582 635 7 10
582 496 8 10
582 678 8 10
582 510 9 10
582 624 9 10
582 624 10 10
582 681 11 10
582 642 12 10
582 511 13 10
582 549 14 10
582 549 15 10
582 519 16 10
582 561 17 10
582 581 18 10
582 582 19 10
582 519 20 10
582 484 21 10
582 624 21 10
582 469 22 10
582 624 22 10
582 563 23 10
582 590 24 10
582 467 25 10
582 624 25 10
582 663 26 10
582 462 27 10
582 691 27 10
582 692 28 10
582 602 29 10
582 696 30 10
582 465 31 10
582 675 31 10
582 699 32 10
582 600 33 10
582 630 34 10
582 486 35 10
582 621 35 10
582 523 36 10
582 625 41 10
582 625 42 10
582 472 43 10
582 663 43 10
39 54 4 11
39 63 4 11
39 51 5 11
39 100 5 11
39 6 6 11
39 7 6 11
39 13 9 11
39 17 9 11
39 75 9 11
39 34 10 11
39 0 12 11
39 13 12 11
39 17 12 11
39 105 16 11
39 10 18 11
39 134 18 11
39 14 19 11
39 15 19 11
39 3 22 11
39 12 22 11
39 17 22 11
39 62 23 11
39 63 23 11
39 148 26 11
39 48 27 11
39 66 27 11
39 128 27 11
39 13 28 11
39 16 28 11
39 36 28 11
39 99 28 11
39 30 29 11
39 31 29 11
39 140 29 11
39 20 30 11
39 27 32 11
39 27 34 11
39 22 35 11
39 55 35 11
39 92 35 11
39 127 35 11
39 24 40 11
39 34 40 11
64 54 4 11
64 63 4 11
64 51 5 11
64 100 5 11
64 6 6 11
64 7 6 11
64 13 9 11
64 17 9 11
64 75 9 11
64 34 10 11
64 176 11 11
64 0 12 11
64 13 12 11
64 17 12 11
64 105 16 11
64 10 18 11
64 134 18 11
64 14 19 11
64 15 19 11
64 180 21 11
64 3 22 11
64 12 22 11
64 17 22 11
64 165 22 11
64 62 23 11
64 63 23 11
64 177 24 11
64 148 26 11
64 48 27 11
64 66 27 11
64 128 27 11
64 13 28 11
64 16 28 11
64 36 28 11
64 99 28 11
64 162 28 11
64 30 29 11
64 31 29 11
64 140 29 11
64 20 30 11
64 167 31 11
64 27 32 11
64 27 34 11
64 22 35 11
64 55 35 11
64 92 35 11
64 127 35 11
64 24 40 11
64 34 40 11
64 168 42 11
186 225 4 11
186 255 4 11
186 100 5 11
186 229 5 11
186 75 9 11
186 198 10 11
186 290 10 11
186 176 11 11
186 207 13 11
186 197 14 11
186 105 16 11
186 292 16 11
186 134 18 11
186 180 21 11
186 165 22 11
186 196 23 11
186 177 24 11
186 195 25 11
186 148 26 11
186 66 27 11
186 128 27 11
186 281 27 11
186 99 28 11
186 162 28 11
186 276 28 11
186 140 29 11
186 277 29 11
186 167 31 11
186 275 31 11
186 198 32 11
186 92 35 11
186 127 35 11
186 288 35 11
186 285 40 11
186 168 42 11
397 413 5 11
397 496 7 11
397 510 8 11
397 334 9 11
397 290 10 11
397 314 11 11
397 317 12 11
397 511 12 11
397 432 13 11
397 318 14 11
397 292 16 11
397 403 17 11
397 394 18 11
397 484 20 11
397 469 21 11
397 368 22 11
397 406 23 11
397 467 24 11
397 462 26 11
397 281 27 11
397 277 29 11
397 465 30 11
397 396 32 11
397 407 33 11
397 486 34 11
397 288 35 11
397 285 40 11
397 311 41 11
397 472 42 11
397 472 43 11
573 691 4 11
573 574 5 11
573 635 6 11
573 496 7 11
573 678 7 11
573 510 8 11
573 624 8 11
573 624 9 11
573 681 10 11
573 642 11 11
573 511 12 11
573 549 13 11
573 549 14 11
573 519 15 11
573 561 16 11
573 581 17 11
573 582 18 11
573 519 19 11
573 484 20 11
573 624 20 11
573 469 21 11
573 624 21 11
573 563 22 11
573 590 23 11
573 467 24 11
573 624 24 11
573 663 25 11
573 462 26 11
573 691 26 11
573 692 27 11
573 602 28 11
573 465 30 11
573 675 30 11
573 600 32 11
573 630 33 11
573 486 34 11
573 621 34 11
573 523 35 11
573 625 40 11
573 625 41 11
573 472 42 11
573 663 42 11
573 472 43 11
573 570 43 11
196 198 8 13
196 290 8 13
196 176 9 13
196 314 9 13
196 207 11 13
196 197 12 13
196 105 14 13
196 292 14 13
196 134 16 13
196 180 19 13
196 165 20 13
196 196 21 13
196 177 22 13
196 195 23 13
196 148 24 13
196 128 25 13
196 281 25 13
196 99 26 13
196 162 26 13
196 276 26 13
196 140 27 13
196 277 27 13
196 167 29 13
196 275 29 13
196 198 30 13
196 92 33 13
196 127 33 13
196 288 33 13
196 285 38 13
196 311 39 13
196 168 40 13
196 289 42 13
196 113 43 13
196 261 43 13
690 635 4 13
690 678 5 13
690 624 6 13
690 624 7 13
690 681 8 13
690 642 9 13
690 581 15 13
690 582 16 13
690 624 18 13
690 624 19 13
690 590 21 13
690 624 22 13
690 663 23 13
690 691 24 13
690 692 25 13
690 602 26 13
690 696 27 13
690 675 28 13
690 699 29 13
690 600 30 13
690 630 31 13
690 621 32 13
690 625 38 13
690 625 39 13
690 663 40 13
690 570 41 13
690 613 42 13
690 615 43 13
319 334 6 14
319 290 7 14
319 314 8 14
319 317 9 14
319 207 10 14
319 432 10 14
319 318 11 14
319 292 13 14
319 403 14 14
319 394 15 14
319 368 19 14
319 406 20 14
319 281 24 14
319 276 25 14
319 277 26 14
319 275 28 14
319 396 29 14
319 407 30 14
319 288 32 14
319 285 37 14
319 311 38 14
319 289 41 14
319 261 42 14
691 678 4 14
691 624 5 14
691 624 6 14
691 681 7 14
691 642 8 14
691 581 14 14
691 582 15 14
691 624 17 14
691 624 18 14
691 590 20 14
691 624 21 14
691 663 22 14
691 691 23 14
691 692 24 14
691 602 25 14
691 696 26 14
691 675 27 14
691 699 28 14
691 600 29 14
691 630 30 14
691 621 31 14
691 625 37 14
691 625 38 14
691 663 39 14
691 613 41 14
691 615 42 14
54 13 5 15
54 17 5 15
54 75 5 15
54 34 6 15
54 0 8 15
54 13 8 15
54 17 8 15
54 105 12 15
54 10 14 15
54 134 14 15
54 14 15 15
54 15 15 15
54 3 18 15
54 12 18 15
54 17 18 15
54 165 18 15
54 62 19 15
54 63 19 15
54 148 22 15
54 48 23 15
54 66 23 15
54 128 23 15
54 13 24 15
54 16 24 15
54 36 24 15
54 99 24 15
54 162 24 15
54 30 25 15
54 31 25 15
54 140 25 15
54 20 26 15
54 167 27 15
54 27 28 15
54 27 30 15
54 22 31 15
54 55 31 15
54 92 31 15
54 127 31 15
54 24 36 15
54 34 36 15
54 168 38 15
54 113 41 15
63 13 5 15
63 17 5 15
63 75 5 15
63 34 6 15
63 176 7 15
63 0 8 15
63 13 8 15
63 17 8 15
63 105 12 15
63 10 14 15
63 134 14 15
63 14 15 15
63 15 15 15
63 180 17 15
63 3 18 15
63 12 18 15
63 17 18 15
63 165 18 15
63 62 19 15
63 63 19 15
63 177 20 15
63 148 22 15
63 48 23 15
63 66 23 15
63 128 23 15
63 13 24 15
63 16 24 15
63 36 24 15
63 99 24 15
63 162 24 15
63 30 25 15
63 31 25 15
63 140 25 15
63 20 26 15
63 167 27 15
63 27 28 15
63 27 30 15
63 22 31 15
63 55 31 15
63 92 31 15
63 127 31 15
63 24 36 15
63 34 36 15
63 168 38 15
63 113 41 15
225 334 5 15
225 198 6 15
225 290 6 15
225 176 7 15
225 314 7 15
225 317 8 15
225 207 9 15
225 197 10 15
225 318 10 15
225 105 12 15
225 292 12 15
225 134 14 15
225 180 17 15
225 165 18 15
225 196 19 15
225 177 20 15
225 195 21 15
225 148 22 15
225 128 23 15
225 281 23 15
225 162 24 15
225 276 24 15
225 140 25 15
225 277 25 15
225 167 27 15
225 275 27 15
225 198 28 15
225 127 31 15
225 288 31 15
225 285 36 15
225 311 37 15
225 168 38 15
225 289 40 15
225 113 41 15
225 261 41 15
255 334 5 15
255 198 6 15
255 290 6 15
255 176 7 15
255 314 7 15
255 317 8 15
255 207 9 15
255 197 10 15
255 318 10 15
255 292 12 15
255 180 17 15
255 165 18 15
255 368 18 15
255 196 19 15
255 177 20 15
255 195 21 15
255 148 22 15
255 281 23 15
255 162 24 15
255 276 24 15
255 140 25 15
255 277 25 15
255 167 27 15
255 275 27 15
255 198 28 15
255 288 31 15
255 285 36 15
255 311 37 15
255 168 38 15
255 289 40 15
255 261 41 15
691 624 4 15
691 624 5 15
691 681 6 15
691 642 7 15
691 581 13 15
691 582 14 15
691 624 16 15
691 624 17 15
691 590 19 15
691 624 20 15
691 663 21 15
691 691 22 15
691 692 23 15
691 602 24 15
691 696 25 15
691 675 26 15
691 699 27 15
691 600 28 15
691 630 29 15
691 621 30 15
691 625 36 15
691 625 37 15
691 663 38 15
691 613 40 15
691 615 41 15
51 13 4 16
51 17 4 16
51 75 4 16
51 34 5 16
51 0 7 16
51 13 7 16
51 17 7 16
51 105 11 16
51 10 13 16
51 134 13 16
51 14 14 16
51 15 14 16
51 3 17 16
51 12 17 16
51 17 17 16
51 165 17 16
51 62 18 16
51 63 18 16
51 148 21 16
51 48 22 16
51 66 22 16
51 128 22 16
51 13 23 16
51 16 23 16
51 36 23 16
51 99 23 16
51 162 23 16
51 30 24 16
51 31 24 16
51 140 24 16
51 20 25 16
51 167 26 16
51 27 27 16
51 27 29 16
51 22 30 16
51 55 30 16
51 92 30 16
51 127 30 16
51 24 35 16
51 34 35 16
51 168 37 16
51 113 40 16
100 13 4 16
100 17 4 16
100 75 4 16
100 34 5 16
100 198 5 16
100 176 6 16
100 0 7 16
100 13 7 16
100 17 7 16
100 207 8 16
100 197 9 16
100 105 11 16
100 10 13 16
100 134 13 16
100 14 14 16
100 15 14 16
100 180 16 16
100 3 17 16
100 12 17 16
100 17 17 16
100 165 17 16
100 62 18 16
100 63 18 16
100 196 18 16
100 177 19 16
100 195 20 16
100 148 21 16
100 48 22 16
100 66 22 16
100 128 22 16
100 13 23 16
100 16 23 16
100 36 23 16
100 99 23 16
100 162 23 16
100 30 24 16
100 31 24 16
100 140 24 16
100 20 25 16
100 167 26 16
100 27 27 16
100 198 27 16
100 27 29 16
100 22 30 16
100 55 30 16
100 92 30 16
100 127 30 16
100 24 35 16
100 34 35 16
100 168 37 16
100 113 40 16
229 334 4 16
229 198 5 16
229 290 5 16
229 176 6 16
229 314 6 16
229 317 7 16
229 207 8 16
229 197 9 16
229 318 9 16
229 292 11 16
229 134 13 16
229 180 16 16
229 165 17 16
229 196 18 16
229 177 19 16
229 195 20 16
229 148 21 16
229 128 22 16
229 281 22 16
229 162 23 16
229 276 23 16
229 140 24 16
229 277 24 16
229 167 26 16
229 275 26 16
229 198 27 16
229 127 30 16
229 288 30 16
229 285 35 16
229 311 36 16
229 168 37 16
229 289 39 16
229 113 40 16
229 261 40 16
413 334 4 16
413 314 6 16
413 317 7 16
413 511 7 16
413 432 8 16
413 318 9 16
413 519 10 16
413 403 12 16
413 394 13 16
413 519 14 16
413 484 15 16
413 469 16 16
413 368 17 16
413 406 18 16
413 467 19 16
413 462 21 16
413 465 25 16
413 396 27 16
413 407 28 16
413 486 29 16
413 523 30 16
413 311 36 16
413 472 37 16
413 472 38 16
574 624 4 16
574 681 5 16
574 642 6 16
574 511 7 16
574 549 8 16
574 549 9 16
574 519 10 16
574 561 11 16
574 581 12 16
574 582 13 16
574 519 14 16
574 484 15 16
574 624 15 16
574 469 16 16
574 624 16 16
574 563 17 16
574 590 18 16
574 467 19 16
574 624 19 16
574 663 20 16
574 462 21 16
574 691 21 16
574 692 22 16
574 602 23 16
574 465 25 16
574 675 25 16
574 600 27 16
574 630 28 16
574 486 29 16
574 621 29 16
574 523 30 16
574 625 35 16
574 625 36 16
574 472 37 16
574 663 37 16
574 472 38 16
574 570 38 16
574 613 39 16
574 615 40 16
6 34 4 17
6 0 6 17
6 13 6 17
6 17 6 17
6 105 10 17
6 10 12 17
6 14 13 17
6 15 13 17
6 3 16 17
6 12 16 17
6 17 16 17
6 62 17 17
6 63 17 17
6 48 21 17
6 66 21 17
6 13 22 17
6 16 22 17
6 36 22 17
6 99 22 17
6 30 23 17
6 31 23 17
6 20 24 17
6 27 26 17
6 27 28 17
6 22 29 17
6 55 29 17
6 92 29 17
6 24 34 17
6 34 34 17
6 113 39 17
7 34 4 17
7 0 6 17
7 13 6 17
7 17 6 17
7 105 10 17
7 10 12 17
7 14 13 17
7 15 13 17
7 3 16 17
7 12 16 17
7 17 16 17
7 62 17 17
7 63 17 17
7 48 21 17
7 66 21 17
7 13 22 17
7 16 22 17
7 36 22 17
7 99 22 17
7 30 23 17
7 31 23 17
7 20 24 17
7 27 26 17
7 27 28 17
7 22 29 17
7 55 29 17
7 92 29 17
7 24 34 17
7 34 34 17
7 113 39 17
635 681 4 17
635 642 5 17
635 549 7 17
635 549 8 17
635 519 9 17
635 561 10 17
635 581 11 17
635 582 12 17
635 519 13 17
635 624 14 17
635 624 15 17
635 563 16 17
635 590 17 17
635 624 18 17
635 663 19 17
635 691 20 17
635 692 21 17
635 602 22 17
635 696 23 17
635 675 24 17
635 699 25 17
635 600 26 17
635 630 27 17
635 621 28 17
635 523 29 17
635 625 34 17
635 625 35 17
635 663 36 17
635 570 37 17
635 613 38 17
635 615 39 17
496 511 5 18
496 432 6 18
496 549 6 18
496 549 7 18
496 519 8 18
496 561 9 18
496 403 10 18
496 581 10 18
496 394 11 18
496 582 11 18
496 519 12 18
496 484 13 18
496 469 14 18
496 563 15 18
496 406 16 18
496 590 16 18
496 467 17 18
496 462 19 18
496 602 21 18
496 465 23 18
496 396 25 18
496 600 25 18
496 407 26 18
496 486 27 18
496 523 28 18
496 472 35 18
496 472 36 18
496 570 36 18
496 613 37 18
496 615 38 18
678 642 4 18
678 561 9 18
678 581 10 18
678 582 11 18
678 624 13 18
678 624 14 18
678 563 15 18
678 590 16 18
678 624 17 18
678 663 18 18
678 691 19 18
678 692 20 18
678 602 21 18
678 696 22 18
678 675 23 18
678 699 24 18
678 600 25 18
678 630 26 18
678 621 27 18
678 625 33 18
678 625 34 18
678 663 35 18
678 570 36 18
678 613 37 18
678 615 38 18
510 511 4 19
510 432 5 19
510 549 5 19
510 549 6 19
510 519 7 19
510 561 8 19
510 403 9 19
510 581 9 19
510 394 10 19
510 582 10 19
510 519 11 19
510 484 12 19
510 624 12 19
510 469 13 19
510 624 13 19
510 563 14 19
510 406 15 19
510 590 15 19
510 467 16 19
510 624 16 19
510 462 18 19
510 602 20 19
510 465 22 19
510 396 24 19
510 600 24 19
510 407 25 19
510 486 26 19
510 621 26 19
510 523 27 19
510 625 32 19
510 625 33 19
510 472 34 19
510 472 35 19
510 570 35 19
510 613 36 19
510 615 37 19
624 511 4 19
624 549 5 19
624 549 6 19
624 519 7 19
624 561 8 19
624 581 9 19
624 582 10 19
624 519 11 19
624 624 12 19
624 624 13 19
624 563 14 19
624 590 15 19
624 624 16 19
624 663 17 19
624 691 18 19
624 692 19 19
624 602 20 19
624 696 21 19
624 675 22 19
624 699 23 19
624 600 24 19
624 630 25 19
624 621 26 19
624 523 27 19
624 625 32 19
624 625 33 19
624 663 34 19
624 570 35 19
624 613 36 19
624 615 37 19
13 105 7 20
13 10 9 20
13 14 10 20
13 15 10 20
13 3 13 20
13 12 13 20
13 17 13 20
13 62 14 20
13 63 14 20
13 48 18 20
13 66 18 20
13 128 18 20
13 13 19 20
13 16 19 20
13 36 19 20
13 99 19 20
13 30 20 20
13 31 20 20
13 20 21 20
13 27 23 20
13 27 25 20
13 22 26 20
13 55 26 20
13 92 26 20
13 127 26 20
13 24 31 20
13 34 31 20
13 113 36 20
17 105 7 20
17 10 9 20
17 134 9 20
17 14 10 20
17 15 10 20
17 3 13 20
17 12 13 20
17 17 13 20
17 62 14 20
17 63 14 20
17 48 18 20
17 66 18 20
17 128 18 20
17 13 19 20
17 16 19 20
17 36 19 20
17 99 19 20
17 30 20 20
17 31 20 20
17 20 21 20
17 27 23 20
17 27 25 20
17 22 26 20
17 55 26 20
17 92 26 20
17 127 26 20
17 24 31 20
17 34 31 20
17 113 36 20
75 105 7 20
75 10 9 20
75 134 9 20
75 14 10 20
75 15 10 20
75 180 12 20
75 3 13 20
75 12 13 20
75 17 13 20
75 165 13 20
75 62 14 20
75 63 14 20
75 177 15 20
75 148 17 20
75 48 18 20
75 66 18 20
75 128 18 20
75 13 19 20
75 16 19 20
75 36 19 20
75 99 19 20
75 162 19 20
75 30 20 20
75 31 20 20
75 140 20 20
75 20 21 20
75 167 22 20
75 27 23 20
75 27 25 20
75 22 26 20
75 55 26 20
75 92 26 20
75 127 26 20
75 24 31 20
75 34 31 20
75 168 33 20
75 113 36 20
334 432 4 20
334 318 5 20
334 292 7 20
334 403 8 20
334 394 9 20
334 368 13 20
334 406 14 20
334 281 18 20
334 276 19 20
334 277 20 20
334 275 22 20
334 396 23 20
334 407 24 20
334 288 26 20
334 285 31 20
334 311 32 20
334 289 35 20
334 261 36 20
624 549 4 20
624 549 5 20
624 519 6 20
624 561 7 20
624 581 8 20
624 582 9 20
624 519 10 20
624 624 11 20
624 624 12 20
624 563 13 20
624 590 14 20
624 624 15 20
624 663 16 20
624 691 17 20
624 692 18 20
624 602 19 20
624 696 20 20
624 675 21 20
624 699 22 20
624 600 23 20
624 630 24 20
624 621 25 20
624 523 26 20
624 625 31 20
624 625 32 20
624 663 33 20
624 570 34 20
624 613 35 20
624 615 36 20
34 105 6 21
34 10 8 21
34 134 8 21
34 14 9 21
34 15 9 21
34 3 12 21
34 12 12 21
34 17 12 21
34 62 13 21
34 63 13 21
34 148 16 21
34 48 17 21
34 66 17 21
34 128 17 21
34 13 18 21
34 16 18 21
34 36 18 21
34 99 18 21
34 30 19 21
34 31 19 21
34 140 19 21
34 20 20 21
34 27 22 21
34 27 24 21
34 22 25 21
34 55 25 21
34 92 25 21
34 127 25 21
34 24 30 21
34 34 30 21
34 113 35 21
198 197 4 21
198 105 6 21
198 292 6 21
198 134 8 21
198 180 11 21
198 165 12 21
198 196 13 21
198 177 14 21
198 195 15 21
198 148 16 21
198 128 17 21
198 281 17 21
198 99 18 21
198 162 18 21
198 276 18 21
198 140 19 21
198 277 19 21
198 167 21 21
198 275 21 21
198 198 22 21
198 92 25 21
198 127 25 21
198 288 25 21
198 285 30 21
198 311 31 21
198 168 32 21
198 289 34 21
198 113 35 21
198 261 35 21
290 197 4 21
290 318 4 21
290 292 6 21
290 403 7 21
290 394 8 21
290 180 11 21
290 368 12 21
290 196 13 21
290 406 13 21
290 177 14 21
290 195 15 21
290 281 17 21
290 276 18 21
290 277 19 21
290 275 21 21
290 198 22 21
290 396 22 21
290 407 23 21
290 288 25 21
290 285 30 21
290 311 31 21
290 289 34 21
290 261 35 21
681 561 6 21
681 581 7 21
681 582 8 21
681 624 10 21
681 624 11 21
681 563 12 21
681 590 13 21
681 624 14 21
681 663 15 21
681 691 16 21
681 692 17 21
681 602 18 21
681 696 19 21
681 675 20 21
681 699 21 21
681 600 22 21
681 630 23 21
681 621 24 21
681 625 30 21
681 625 31 21
681 663 32 21
681 570 33 21
681 613 34 21
681 615 35 21
176 105 5 22
176 292 5 22
176 134 7 22
176 180 10 22
176 165 11 22
176 62 12 22
176 63 12 22
176 196 12 22
176 177 13 22
176 195 14 22
176 148 15 22
176 66 16 22
176 128 16 22
176 281 16 22
176 99 17 22
176 162 17 22
176 276 17 22
176 140 18 22
176 277 18 22
176 167 20 22
176 275 20 22
176 198 21 22
176 92 24 22
176 127 24 22
176 288 24 22
176 285 29 22
176 168 31 22
176 289 33 22
176 113 34 22
176 261 34 22
314 292 5 22
314 403 6 22
314 394 7 22
314 368 11 22
314 196 12 22
314 406 12 22
314 195 14 22
314 281 16 22
314 276 17 22
314 277 18 22
314 275 20 22
314 198 21 22
314 396 21 22
314 407 22 22
314 288 24 22
314 285 29 22
314 311 30 22
314 289 33 22
314 261 34 22
642 561 5 22
642 581 6 22
642 582 7 22
642 624 9 22
642 624 10 22
642 563 11 22
642 590 12 22
642 624 13 22
642 663 14 22
642 691 15 22
642 692 16 22
642 602 17 22
642 696 18 22
642 675 19 22
642 699 20 22
642 600 21 22
642 630 22 22
642 621 23 22
642 523 24 22
642 625 29 22
642 625 30 22
642 663 31 22
642 570 32 22
642 613 33 22
642 615 34 22
0 105 4 23
0 10 6 23
0 14 7 23
0 15 7 23
0 3 10 23
0 12 10 23
0 17 10 23
0 62 11 23
0 63 11 23
0 48 15 23
0 66 15 23
0 13 16 23
0 16 16 23
0 36 16 23
0 99 16 23
0 30 17 23
0 31 17 23
0 20 18 23
0 27 20 23
0 27 22 23
0 22 23 23
0 55 23 23
0 92 23 23
0 24 28 23
0 34 28 23
0 113 33 23
13 105 4 23
13 10 6 23
13 14 7 23
13 15 7 23
13 3 10 23
13 12 10 23
13 17 10 23
13 62 11 23
13 63 11 23
13 48 15 23
13 66 15 23
13 128 15 23
13 13 16 23
13 16 16 23
13 36 16 23
13 99 16 23
13 30 17 23
13 31 17 23
13 20 18 23
13 27 20 23
13 27 22 23
13 22 23 23
13 55 23 23
13 92 23 23
13 127 23 23
13 24 28 23
13 34 28 23
13 113 33 23
17 105 4 23
17 10 6 23
17 134 6 23
17 14 7 23
17 15 7 23
17 3 10 23
17 12 10 23
17 17 10 23
17 62 11 23
17 63 11 23
17 48 15 23
17 66 15 23
17 128 15 23
17 13 16 23
17 16 16 23
17 36 16 23
17 99 16 23
17 30 17 23
17 31 17 23
17 20 18 23
17 27 20 23
17 27 22 23
17 22 23 23
17 55 23 23
17 92 23 23
17 127 23 23
17 24 28 23
17 34 28 23
17 113 33 23
317 292 4 23
317 403 5 23
317 394 6 23
317 368 10 23
317 406 11 23
317 281 15 23
317 276 16 23
317 277 17 23
317 275 19 23
317 198 20 23
317 396 20 23
317 407 21 23
317 288 23 23
317 285 28 23
317 311 29 23
317 289 32 23
317 261 33 23
511 561 4 23
511 403 5 23
511 581 5 23
511 394 6 23
511 582 6 23
511 519 7 23
511 484 8 23
511 624 8 23
511 469 9 23
511 624 9 23
511 563 10 23
511 406 11 23
511 590 11 23
511 467 12 23
511 624 12 23
511 462 14 23
511 602 16 23
511 465 18 23
511 396 20 23
511 600 20 23
511 407 21 23
511 630 21 23
511 486 22 23
511 621 22 23
511 523 23 23
511 625 28 23
511 625 29 23
511 472 30 23
511 472 31 23
511 570 31 23
511 613 32 23
511 615 33 23
207 134 5 24
207 180 8 24
207 165 9 24
207 196 10 24
207 177 11 24
207 195 12 24
207 148 13 24
207 128 14 24
207 281 14 24
207 99 15 24
207 162 15 24
207 276 15 24
207 140 16 24
207 277 16 24
207 167 18 24
207 275 18 24
207 198 19 24
207 92 22 24
207 127 22 24
207 288 22 24
207 285 27 24
207 311 28 24
207 168 29 24
207 289 31 24
207 113 32 24
207 261 32 24
432 403 4 24
432 394 5 24
432 519 6 24
432 484 7 24
432 469 8 24
432 368 9 24
432 406 10 24
432 467 11 24
432 462 13 24
432 465 17 24
432 396 19 24
432 407 20 24
432 486 21 24
432 523 22 24
432 472 29 24
432 472 30 24
549 581 4 24
549 582 5 24
549 519 6 24
549 484 7 24
549 624 7 24
549 469 8 24
549 624 8 24
549 563 9 24
549 590 10 24
549 467 11 24
549 624 11 24
549 663 12 24
549 462 13 24
549 602 15 24
549 465 17 24
549 600 19 24
549 630 20 24
549 486 21 24
549 621 21 24
549 523 22 24
549 625 27 24
549 625 28 24
549 472 29 24
549 663 29 24
549 472 30 24
549 570 30 24
549 613 31 24
549 615 32 24
197 134 4 25
197 180 7 25
197 165 8 25
197 196 9 25
197 177 10 25
197 195 11 25
197 148 12 25
197 128 13 25
197 281 13 25
197 99 14 25
197 162 14 25
197 276 14 25
197 140 15 25
197 277 15 25
197 167 17 25
197 275 17 25
197 198 18 25
197 92 21 25
197 127 21 25
197 288 21 25
197 285 26 25
197 311 27 25
197 168 28 25
197 289 30 25
197 113 31 25
197 261 31 25
318 394 4 25
318 368 8 25
318 406 9 25
318 281 13 25
318 276 14 25
318 277 15 25
318 275 17 25
318 198 18 25
318 396 18 25
318 407 19 25
318 288 21 25
318 285 26 25
318 311 27 25
318 289 30 25
318 261 31 25
549 582 4 25
549 519 5 25
549 484 6 25
549 624 6 25
549 469 7 25
549 624 7 25
549 563 8 25
549 590 9 25
549 467 10 25
549 624 10 25
549 663 11 25
549 462 12 25
549 602 14 25
549 465 16 25
549 600 18 25
549 630 19 25
549 486 20 25
549 621 20 25
549 523 21 25
549 625 26 25
549 625 27 25
549 472 28 25
549 663 28 25
549 472 29 25
549 570 29 25
549 613 30 25
549 615 31 25
519 519 4 26
519 484 5 26
519 624 5 26
519 469 6 26
519 624 6 26
519 563 7 26
519 406 8 26
519 590 8 26
519 467 9 26
519 624 9 26
519 462 11 26
519 602 13 26
519 465 15 26
519 600 17 26
519 407 18 26
519 630 18 26
519 486 19 26
519 621 19 26
519 523 20 26
519 625 25 26
519 625 26 26
519 472 27 26
519 472 28 26
519 570 28 26
519 613 29 26
519 615 30 26
105 180 5 27
105 3 6 27
105 12 6 27
105 17 6 27
105 165 6 27
105 62 7 27
105 63 7 27
105 196 7 27
105 177 8 27
105 195 9 27
105 148 10 27
105 48 11 27
105 66 11 27
105 128 11 27
105 13 12 27
105 16 12 27
105 36 12 27
105 99 12 27
105 162 12 27
105 30 13 27
105 31 13 27
105 140 13 27
105 20 14 27
105 167 15 27
105 27 16 27
105 198 16 27
105 27 18 27
105 22 19 27
105 55 19 27
105 92 19 27
105 127 19 27
105 24 24 27
105 34 24 27
105 168 26 27
105 113 29 27
292 180 5 27
292 368 6 27
292 196 7 27
292 406 7 27
292 177 8 27
292 195 9 27
292 281 11 27
292 276 12 27
292 277 13 27
292 275 15 27
292 198 16 27
292 396 16 27
292 407 17 27
292 288 19 27
292 285 24 27
292 311 25 27
292 289 28 27
292 261 29 27
561 484 4 27
561 624 4 27
561 469 5 27
561 624 5 27
561 563 6 27
561 590 7 27
561 467 8 27
561 624 8 27
561 663 9 27
561 462 10 27
561 602 12 27
561 465 14 27
561 675 14 27
561 600 16 27
561 630 17 27
561 486 18 27
561 621 18 27
561 523 19 27
561 625 24 27
561 625 25 27
561 472 26 27
561 663 26 27
561 472 27 27
561 570 27 27
561 613 28 27
561 615 29 27
403 469 4 28
403 368 5 28
403 406 6 28
403 467 7 28
403 462 9 28
403 465 13 28
403 396 15 28
403 407 16 28
403 486 17 28
403 288 18 28
403 285 23 28
403 311 24 28
403 472 25 28
403 472 26 28
403 289 27 28
581 469 4 28
581 624 4 28
581 563 5 28
581 590 6 28
581 467 7 28
581 624 7 28
581 663 8 28
581 462 9 28
581 691 9 28
581 692 10 28
581 602 11 28
581 696 12 28
581 465 13 28
581 675 13 28
581 699 14 28
581 600 15 28
581 630 16 28
581 486 17 28
581 621 17 28
581 523 18 28
581 625 23 28
581 625 24 28
581 472 25 28
581 663 25 28
581 472 26 28
581 570 26 28
581 613 27 28
581 615 28 28
10 3 4 29
10 12 4 29
10 17 4 29
10 62 5 29
10 63 5 29
10 48 9 29
10 66 9 29
10 128 9 29
10 13 10 29
10 16 10 29
10 36 10 29
10 99 10 29
10 30 11 29
10 31 11 29
10 20 12 29
10 27 14 29
10 27 16 29
10 22 17 29
10 55 17 29
10 92 17 29
10 127 17 29
10 24 22 29
10 34 22 29
10 113 27 29
134 17 4 29
134 165 4 29
134 62 5 29
134 63 5 29
134 196 5 29
134 177 6 29
134 195 7 29
134 148 8 29
134 48 9 29
134 66 9 29
134 128 9 29
134 16 10 29
134 36 10 29
134 99 10 29
134 162 10 29
134 30 11 29
134 31 11 29
134 140 11 29
134 20 12 29
134 167 13 29
134 27 14 29
134 198 14 29
134 27 16 29
134 22 17 29
134 55 17 29
134 92 17 29
134 127 17 29
134 24 22 29
134 34 22 29
134 168 24 29
134 113 27 29
394 368 4 29
394 406 5 29
394 467 6 29
394 462 8 29
394 281 9 29
394 276 10 29
394 277 11 29
394 465 12 29
394 275 13 29
394 396 14 29
394 407 15 29
394 486 16 29
394 288 17 29
394 285 22 29
394 311 23 29
394 472 24 29
394 472 25 29
394 289 26 29
582 563 4 29
582 590 5 29
582 467 6 29
582 624 6 29
582 663 7 29
582 462 8 29
582 691 8 29
582 692 9 29
582 602 10 29
582 696 11 29
582 465 12 29
582 675 12 29
582 699 13 29
582 600 14 29
582 630 15 29
582 486 16 29
582 621 16 29
582 523 17 29
582 625 22 29
582 625 23 29
582 472 24 29
582 663 24 29
582 472 25 29
582 570 25 29
582 613 26 29
582 615 27 29
14 62 4 30
14 63 4 30
14 48 8 30
14 66 8 30
14 128 8 30
14 13 9 30
14 16 9 30
14 36 9 30
14 99 9 30
14 30 10 30
14 31 10 30
14 20 11 30
14 27 13 30
14 27 15 30
14 22 16 30
14 55 16 30
14 92 16 30
14 127 16 30
14 24 21 30
14 34 21 30
14 113 26 30
15 62 4 30
15 63 4 30
15 48 8 30
15 66 8 30
15 128 8 30
15 13 9 30
15 16 9 30
15 36 9 30
15 99 9 30
15 30 10 30
15 31 10 30
15 20 11 30
15 27 13 30
15 27 15 30
15 22 16 30
15 55 16 30
15 92 16 30
15 127 16 30
15 24 21 30
15 34 21 30
15 113 26 30
519 406 4 30
519 590 4 30
519 467 5 30
519 624 5 30
519 462 7 30
519 602 9 30
519 465 11 30
519 600 13 30
519 407 14 30
519 630 14 30
519 486 15 30
519 621 15 30
519 523 16 30
519 625 21 30
519 625 22 30
519 472 23 30
519 472 24 30
519 570 24 30
519 613 25 30
519 615 26 30
484 467 4 31
484 462 6 31
484 602 8 31
484 465 10 31
484 396 12 31
484 600 12 31
484 407 13 31
484 486 14 31
484 523 15 31
484 472 22 31
484 472 23 31
484 570 23 31
624 624 4 31
624 663 5 31
624 691 6 31
624 692 7 31
624 602 8 31
624 696 9 31
624 675 10 31
624 699 11 31
624 600 12 31
624 630 13 31
624 621 14 31
624 523 15 31
624 625 20 31
624 625 21 31
624 663 22 31
624 570 23 31
624 613 24 31
624 615 25 31
180 195 4 32
180 148 5 32
180 66 6 32
180 128 6 32
180 281 6 32
180 99 7 32
180 162 7 32
180 276 7 32
180 140 8 32
180 277 8 32
180 167 10 32
180 275 10 32
180 198 11 32
180 92 14 32
180 127 14 32
180 288 14 32
180 285 19 32
180 168 21 32
180 289 23 32
180 113 24 32
180 261 24 32
469 462 5 32
469 465 9 32
469 396 11 32
469 407 12 32
469 486 13 32
469 523 14 32
469 472 21 32
469 472 22 32
469 570 22 32
624 663 4 32
624 691 5 32
624 692 6 32
624 602 7 32
624 696 8 32
624 675 9 32
624 699 10 32
624 600 11 32
624 630 12 32
624 621 13 32
624 523 14 32
624 625 19 32
624 625 20 32
624 663 21 32
624 570 22 32
624 613 23 32
624 615 24 32
3 48 5 33
3 66 5 33
3 13 6 33
3 16 6 33
3 36 6 33
3 99 6 33
3 30 7 33
3 31 7 33
3 20 8 33
3 27 10 33
3 27 12 33
3 22 13 33
3 55 13 33
3 92 13 33
3 24 18 33
3 34 18 33
3 113 23 33
12 48 5 33
12 66 5 33
12 128 5 33
12 13 6 33
12 16 6 33
12 36 6 33
12 99 6 33
12 30 7 33
12 31 7 33
12 20 8 33
12 27 10 33
12 27 12 33
12 22 13 33
12 55 13 33
12 92 13 33
12 127 13 33
12 24 18 33
12 34 18 33
12 113 23 33
17 48 5 33
17 66 5 33
17 128 5 33
17 13 6 33
17 16 6 33
17 36 6 33
17 99 6 33
17 30 7 33
17 31 7 33
17 20 8 33
17 27 10 33
17 27 12 33
17 22 13 33
17 55 13 33
17 92 13 33
17 127 13 33
17 24 18 33
17 34 18 33
17 113 23 33
165 148 4 33
165 48 5 33
165 66 5 33
165 128 5 33
165 281 5 33
165 99 6 33
165 162 6 33
165 276 6 33
165 140 7 33
165 277 7 33
165 167 9 33
165 275 9 33
165 198 10 33
165 55 13 33
165 92 13 33
165 127 13 33
165 168 20 33
165 113 23 33
165 261 23 33
368 462 4 33
368 281 5 33
368 276 6 33
368 277 7 33
368 465 8 33
368 275 9 33
368 396 10 33
368 407 11 33
368 486 12 33
368 288 13 33
368 285 18 33
368 311 19 33
368 472 20 33
368 472 21 33
368 289 22 33
368 261 23 33
563 462 4 33
563 602 6 33
563 465 8 33
563 675 8 33
563 600 10 33
563 630 11 33
563 486 12 33
563 621 12 33
563 523 13 33
563 625 18 33
563 625 19 33
563 472 20 33
563 663 20 33
563 472 21 33
563 570 21 33
563 613 22 33
563 615 23 33
62 48 4 34
62 66 4 34
62 128 4 34
62 13 5 34
62 16 5 34
62 36 5 34
62 99 5 34
62 162 5 34
62 30 6 34
62 31 6 34
62 140 6 34
62 20 7 34
62 167 8 34
62 27 9 34
62 27 11 34
62 22 12 34
62 55 12 34
62 92 12 34
62 127 12 34
62 24 17 34
62 34 17 34
62 168 19 34
62 113 22 34
63 48 4 34
63 66 4 34
63 128 4 34
63 13 5 34
63 16 5 34
63 36 5 34
63 99 5 34
63 162 5 34
63 30 6 34
63 31 6 34
63 140 6 34
63 20 7 34
63 167 8 34
63 27 9 34
63 27 11 34
63 22 12 34
63 55 12 34
63 92 12 34
63 127 12 34
63 24 17 34
63 34 17 34
63 168 19 34
63 113 22 34
196 128 4 34
196 281 4 34
196 99 5 34
196 162 5 34
196 276 5 34
196 140 6 34
196 277 6 34
196 167 8 34
196 275 8 34
196 198 9 34
196 92 12 34
196 127 12 34
196 288 12 34
196 285 17 34
196 311 18 34
196 168 19 34
196 289 21 34
196 113 22 34
196 261 22 34
406 465 7 34
406 396 9 34
406 407 10 34
406 486 11 34
406 288 12 34
406 523 12 34
406 311 18 34
406 472 19 34
406 472 20 34
406 289 21 34
590 692 4 34
590 602 5 34
590 696 6 34
590 675 7 34
590 699 8 34
590 600 9 34
590 630 10 34
590 486 11 34
590 621 11 34
590 523 12 34
590 625 17 34
590 625 18 34
590 472 19 34
590 663 19 34
590 472 20 34
590 570 20 34
590 613 21 34
590 615 22 34
177 99 4 35
177 162 4 35
177 276 4 35
177 140 5 35
177 277 5 35
177 167 7 35
177 275 7 35
177 198 8 35
177 92 11 35
177 127 11 35
177 288 11 35
177 285 16 35
177 168 18 35
177 289 20 35
177 113 21 35
177 261 21 35
467 465 6 35
467 396 8 35
467 407 9 35
467 486 10 35
467 523 11 35
467 472 18 35
467 472 19 35
467 570 19 35
624 602 4 35
624 696 5 35
624 675 6 35
624 699 7 35
624 600 8 35
624 630 9 35
624 621 10 35
624 523 11 35
624 625 16 35
624 625 17 35
624 663 18 35
624 570 19 35
624 613 20 35
624 615 21 35
195 140 4 36
195 277 4 36
195 167 6 36
195 275 6 36
195 198 7 36
195 92 10 36
195 127 10 36
195 288 10 36
195 285 15 36
195 311 16 36
195 168 17 36
195 289 19 36
195 113 20 36
195 261 20 36
663 696 4 36
663 675 5 36
663 699 6 36
663 600 7 36
663 630 8 36
663 621 9 36
663 625 15 36
663 625 16 36
663 663 17 36
663 570 18 36
663 613 19 36
663 615 20 36
148 167 5 37
148 198 6 37
148 55 9 37
148 92 9 37
148 127 9 37
148 34 14 37
148 168 16 37
148 113 19 37
148 261 19 37
462 465 4 37
462 396 6 37
462 407 7 37
462 486 8 37
462 523 9 37
462 472 16 37
462 472 17 37
462 570 17 37
691 675 4 37
691 699 5 37
691 600 6 37
691 630 7 37
691 621 8 37
691 625 14 37
691 625 15 37
691 663 16 37
691 613 18 37
691 615 19 37
48 167 4 38
48 27 5 38
48 27 7 38
48 22 8 38
48 55 8 38
48 92 8 38
48 127 8 38
48 24 13 38
48 34 13 38
48 113 18 38
66 167 4 38
66 27 5 38
66 27 7 38
66 22 8 38
66 55 8 38
66 92 8 38
66 127 8 38
66 24 13 38
66 34 13 38
66 168 15 38
66 113 18 38
128 167 4 38
128 27 5 38
128 198 5 38
128 27 7 38
128 22 8 38
128 55 8 38
128 92 8 38
128 127 8 38
128 24 13 38
128 34 13 38
128 168 15 38
128 113 18 38
281 167 4 38
281 275 4 38
281 198 5 38
281 396 5 38
281 288 8 38
281 285 13 38
281 311 14 38
281 168 15 38
281 289 17 38
281 261 18 38
692 699 4 38
692 600 5 38
692 630 6 38
692 621 7 38
692 625 13 38
692 625 14 38
692 663 15 38
692 613 17 38
692 615 18 38
13 27 4 39
13 27 6 39
13 22 7 39
13 55 7 39
13 92 7 39
13 127 7 39
13 24 12 39
13 34 12 39
13 113 17 39
16 27 4 39
16 27 6 39
16 22 7 39
16 55 7 39
16 92 7 39
16 127 7 39
16 24 12 39
16 34 12 39
16 113 17 39
36 27 4 39
36 27 6 39
36 22 7 39
36 55 7 39
36 92 7 39
36 127 7 39
36 24 12 39
36 34 12 39
36 113 17 39
99 27 4 39
99 198 4 39
99 27 6 39
99 22 7 39
99 55 7 39
99 92 7 39
99 127 7 39
99 24 12 39
99 34 12 39
99 168 14 39
99 113 17 39
162 198 4 39
162 55 7 39
162 92 7 39
162 127 7 39
162 168 14 39
162 113 17 39
162 261 17 39
276 198 4 39
276 288 7 39
276 285 12 39
276 311 13 39
276 168 14 39
276 289 16 39
276 261 17 39
602 600 4 39
602 630 5 39
602 486 6 39
602 621 6 39
602 523 7 39
602 625 12 39
602 625 13 39
602 663 14 39
602 570 15 39
602 613 16 39
602 615 17 39
30 27 5 40
30 22 6 40
30 55 6 40
30 92 6 40
30 127 6 40
30 24 11 40
30 34 11 40
30 113 16 40
31 27 5 40
31 22 6 40
31 55 6 40
31 92 6 40
31 127 6 40
31 24 11 40
31 34 11 40
31 113 16 40
140 27 5 40
140 22 6 40
140 55 6 40
140 92 6 40
140 127 6 40
140 24 11 40
140 34 11 40
140 168 13 40
140 113 16 40
277 288 6 40
277 285 11 40
277 311 12 40
277 168 13 40
277 289 15 40
277 261 16 40
696 630 4 40
696 621 5 40
696 625 11 40
696 625 12 40
696 663 13 40
696 613 15 40
696 615 16 40
20 27 4 41
20 22 5 41
20 55 5 41
20 92 5 41
20 127 5 41
20 24 10 41
20 34 10 41
20 113 15 41
465 486 4 41
465 523 5 41
465 472 12 41
465 472 13 41
465 570 13 41
675 621 4 41
675 625 10 41
675 625 11 41
675 663 12 41
675 570 13 41
675 613 14 41
675 615 15 41
167 55 4 42
167 92 4 42
167 127 4 42
167 285 9 42
167 168 11 42
167 113 14 42
167 261 14 42
275 288 4 42
275 285 9 42
275 311 10 42
275 168 11 42
275 289 13 42
275 261 14 42
699 625 9 42
699 625 10 42
699 663 11 42
699 613 13 42
699 615 14 42
27 24 8 43
27 34 8 43
27 113 13 43
198 285 8 43
198 311 9 43
198 168 10 43
198 289 12 43
198 113 13 43
198 261 13 43
396 285 8 43
396 311 9 43
396 472 10 43
396 472 11 43
396 289 12 43
600 625 8 43
600 625 9 43
600 663 10 43
600 570 11 43
600 613 12 43
600 615 13 43
407 311 8 44
407 472 9 44
407 472 10 44
407 289 11 44
630 625 7 44
630 625 8 44
630 663 9 44
630 570 10 44
630 613 11 44
630 615 12 44
27 24 6 45
27 34 6 45
27 113 11 45
486 472 8 45
486 472 9 45
486 570 9 45
621 625 6 45
621 625 7 45
621 663 8 45
621 570 9 45
621 613 10 45
621 615 11 45
22 24 5 46
22 34 5 46
22 113 10 46
55 24 5 46
55 34 5 46
55 168 7 46
55 113 10 46
92 24 5 46
92 34 5 46
92 168 7 46
92 113 10 46
127 24 5 46
127 34 5 46
127 168 7 46
127 113 10 46
288 285 5 46
288 311 6 46
288 168 7 46
288 289 9 46
288 261 10 46
523 625 5 46
523 625 6 46
523 472 7 46
523 472 8 46
523 570 8 46
523 613 9 46
523 615 10 46
24 113 5 51
34 113 5 51
285 289 4 51
285 261 5 51
625 613 4 51
625 615 5 51
311 261 4 52
625 615 4 52
