124 16 10 0
124 52 10 0
124 68 10 0
124 137 10 0
124 4 11 0
124 124 11 0
124 127 11 0
124 18 25 0
124 31 25 0
124 125 25 0
124 126 26 0
124 128 26 0
124 125 27 0
124 146 27 0
124 139 28 0
124 143 29 0
124 147 30 0
124 96 31 0
124 145 31 0
124 97 32 0
124 19 33 0
124 44 33 0
124 96 40 0
124 198 40 0
124 96 41 0
124 192 41 0
124 194 42 0
124 85 43 0
124 192 43 0
159 52 10 0
159 68 10 0
159 137 10 0
159 124 11 0
159 127 11 0
159 262 11 0
159 257 21 0
159 259 24 0
159 125 25 0
159 254 25 0
159 126 26 0
159 128 26 0
159 256 26 0
159 125 27 0
159 146 27 0
159 139 28 0
159 143 29 0
159 147 30 0
159 96 31 0
159 145 31 0
159 97 32 0
159 44 33 0
159 257 37 0
159 254 38 0
159 257 38 0
159 254 39 0
159 255 39 0
159 96 40 0
159 198 40 0
159 96 41 0
159 192 41 0
159 194 42 0
159 85 43 0
159 192 43 0
471 535 10 0
471 520 11 0
471 417 19 0
471 518 19 0
471 515 22 0
471 414 23 0
471 517 24 0
471 519 26 0
471 359 27 0
471 568 27 0
471 566 28 0
471 572 29 0
471 426 31 0
471 545 32 0
471 530 33 0
471 421 34 0
471 459 35 0
471 516 36 0
471 514 39 0
471 472 40 0
471 365 41 0
471 541 43 0
617 675 4 0
617 685 5 0
617 684 6 0
617 535 10 0
617 520 11 0
617 518 19 0
617 631 20 0
617 515 22 0
617 517 24 0
617 606 25 0
617 519 26 0
617 568 27 0
617 566 28 0
617 572 29 0
617 600 30 0
617 545 32 0
617 530 33 0
617 649 34 0
617 647 35 0
617 516 36 0
617 683 37 0
617 698 38 0
617 514 39 0
617 643 40 0
617 640 41 0
617 639 42 0
617 541 43 0
154 52 9 1
154 68 9 1
154 137 9 1
154 124 10 1
154 127 10 1
154 262 10 1
154 257 20 1
154 259 23 1
154 125 24 1
154 254 24 1
154 126 25 1
154 128 25 1
154 256 25 1
154 125 26 1
154 146 26 1
154 139 27 1
154 143 28 1
154 147 29 1
154 96 30 1
154 145 30 1
154 97 31 1
154 44 32 1
154 257 36 1
154 254 37 1
154 257 37 1
154 254 38 1
154 255 38 1
154 96 39 1
154 198 39 1
154 96 40 1
154 192 40 1
154 194 41 1
154 85 42 1
154 192 42 1
154 84 43 1
154 139 43 1
363 293 9 1
363 262 10 1
363 417 18 1
363 257 20 1
363 414 22 1
363 259 23 1
363 254 24 1
363 280 24 1
363 256 25 1
363 359 26 1
363 348 27 1
363 349 28 1
363 350 29 1
363 426 30 1
363 315 31 1
363 286 32 1
363 421 33 1
363 459 34 1
363 257 36 1
363 254 37 1
363 257 37 1
363 254 38 1
363 255 38 1
363 472 39 1
363 365 40 1
363 339 41 1
363 316 42 1
363 314 43 1
569 685 4 1
569 684 5 1
569 535 9 1
569 520 10 1
569 518 18 1
569 631 19 1
569 515 21 1
569 517 23 1
569 606 24 1
569 519 25 1
569 568 26 1
569 566 27 1
569 572 28 1
569 600 29 1
569 545 31 1
569 530 32 1
569 649 33 1
569 459 34 1
569 647 34 1
569 516 35 1
569 683 36 1
569 514 38 1
569 472 39 1
569 643 39 1
569 640 40 1
569 639 41 1
569 541 42 1
569 608 43 1
124 16 8 2
124 52 8 2
124 68 8 2
124 137 8 2
124 4 9 2
124 124 9 2
124 127 9 2
124 18 23 2
124 31 23 2
124 125 23 2
124 126 24 2
124 128 24 2
124 125 25 2
124 146 25 2
124 139 26 2
124 143 27 2
124 147 28 2
124 96 29 2
124 145 29 2
124 97 30 2
124 19 31 2
124 44 31 2
124 96 38 2
124 198 38 2
124 96 39 2
124 192 39 2
124 194 40 2
124 85 41 2
124 192 41 2
124 84 42 2
124 139 42 2
124 94 43 2
124 140 43 2
144 52 8 2
144 68 8 2
144 137 8 2
144 124 9 2
144 127 9 2
144 262 9 2
144 257 19 2
144 259 22 2
144 31 23 2
144 125 23 2
144 254 23 2
144 126 24 2
144 128 24 2
144 256 24 2
144 125 25 2
144 146 25 2
144 139 26 2
144 143 27 2
144 147 28 2
144 96 29 2
144 145 29 2
144 97 30 2
144 44 31 2
144 257 35 2
144 254 36 2
144 257 36 2
144 254 37 2
144 255 37 2
144 96 38 2
144 198 38 2
144 96 39 2
144 192 39 2
144 194 40 2
144 85 41 2
144 192 41 2
144 84 42 2
144 139 42 2
144 94 43 2
144 140 43 2
364 293 8 2
364 262 9 2
364 417 17 2
364 257 19 2
364 414 21 2
364 259 22 2
364 254 23 2
364 280 23 2
364 256 24 2
364 359 25 2
364 348 26 2
364 349 27 2
364 350 28 2
364 426 29 2
364 315 30 2
364 286 31 2
364 421 32 2
364 459 33 2
364 257 35 2
364 254 36 2
364 257 36 2
364 254 37 2
364 255 37 2
364 472 38 2
364 365 39 2
364 339 40 2
364 316 41 2
364 314 42 2
364 319 43 2
571 684 4 2
571 535 8 2
571 520 9 2
571 518 17 2
571 631 18 2
571 515 20 2
571 517 22 2
571 606 23 2
571 519 24 2
571 568 25 2
571 566 26 2
571 572 27 2
571 600 28 2
571 545 30 2
571 530 31 2
571 649 32 2
571 459 33 2
571 647 33 2
571 516 34 2
571 683 35 2
571 514 37 2
571 472 38 2
571 643 38 2
571 640 39 2
571 639 40 2
571 541 41 2
571 608 42 2
571 549 43 2
124 16 7 3
124 52 7 3
124 68 7 3
124 137 7 3
124 4 8 3
124 124 8 3
124 127 8 3
124 18 22 3
124 31 22 3
124 125 22 3
124 126 23 3
124 128 23 3
124 125 24 3
124 146 24 3
124 139 25 3
124 143 26 3
124 147 27 3
124 96 28 3
124 145 28 3
124 97 29 3
124 19 30 3
124 44 30 3
124 96 37 3
124 198 37 3
124 96 38 3
124 192 38 3
124 194 39 3
124 85 40 3
124 192 40 3
124 84 41 3
124 139 41 3
124 94 42 3
124 140 42 3
124 89 43 3
152 52 7 3
152 68 7 3
152 137 7 3
152 124 8 3
152 127 8 3
152 262 8 3
152 257 18 3
152 259 21 3
152 125 22 3
152 254 22 3
152 126 23 3
152 128 23 3
152 256 23 3
152 125 24 3
152 146 24 3
152 139 25 3
152 143 26 3
152 147 27 3
152 96 28 3
152 145 28 3
152 97 29 3
152 44 30 3
152 257 34 3
152 254 35 3
152 257 35 3
152 254 36 3
152 255 36 3
152 96 37 3
152 198 37 3
152 96 38 3
152 192 38 3
152 194 39 3
152 85 40 3
152 192 40 3
152 84 41 3
152 139 41 3
152 94 42 3
152 140 42 3
152 89 43 3
471 535 7 3
471 520 8 3
471 417 16 3
471 518 16 3
471 515 19 3
471 414 20 3
471 517 21 3
471 519 23 3
471 359 24 3
471 568 24 3
471 566 25 3
471 572 26 3
471 426 28 3
471 545 29 3
471 530 30 3
471 421 31 3
471 459 32 3
471 516 33 3
471 514 36 3
471 472 37 3
471 365 38 3
471 541 40 3
471 549 42 3
471 547 43 3
569 535 7 3
569 520 8 3
569 518 16 3
569 631 17 3
569 515 19 3
569 517 21 3
569 606 22 3
569 519 23 3
569 568 24 3
569 566 25 3
569 572 26 3
569 600 27 3
569 545 29 3
569 530 30 3
569 649 31 3
569 459 32 3
569 647 32 3
569 516 33 3
569 683 34 3
569 514 36 3
569 472 37 3
569 643 37 3
569 640 38 3
569 639 39 3
569 541 40 3
569 608 41 3
569 549 42 3
569 547 43 3
675 631 16 4
675 606 21 4
675 568 23 4
675 566 24 4
675 572 25 4
675 600 26 4
675 649 30 4
675 647 31 4
675 683 33 4
675 698 34 4
675 643 36 4
675 640 37 4
675 639 38 4
675 608 40 4
685 631 15 5
685 606 20 5
685 568 22 5
685 566 23 5
685 572 24 5
685 600 25 5
685 649 29 5
685 647 30 5
685 683 32 5
685 698 33 5
685 643 35 5
685 640 36 5
685 639 37 5
685 608 39 5
685 660 43 5
684 631 14 6
684 606 19 6
684 568 21 6
684 566 22 6
684 572 23 6
684 600 24 6
684 649 28 6
684 647 29 6
684 683 31 6
684 698 32 6
684 643 34 6
684 640 35 6
684 639 36 6
684 608 38 6
684 660 42 6
16 1 15 10
16 18 15 10
16 31 15 10
16 125 15 10
16 2 16 10
16 3 16 10
16 126 16 10
16 128 16 10
16 125 17 10
16 96 21 10
16 97 22 10
16 19 23 10
16 44 23 10
16 96 30 10
16 96 31 10
16 85 33 10
16 84 34 10
16 94 35 10
16 89 36 10
16 86 37 10
16 97 38 10
16 90 40 10
16 81 41 10
16 102 42 10
16 124 43 10
52 1 15 10
52 18 15 10
52 31 15 10
52 125 15 10
52 2 16 10
52 3 16 10
52 126 16 10
52 128 16 10
52 125 17 10
52 146 17 10
52 139 18 10
52 143 19 10
52 147 20 10
52 96 21 10
52 145 21 10
52 97 22 10
52 19 23 10
52 44 23 10
52 96 30 10
52 96 31 10
52 85 33 10
52 84 34 10
52 139 34 10
52 94 35 10
52 140 35 10
52 89 36 10
52 86 37 10
52 97 38 10
52 90 40 10
52 81 41 10
52 102 42 10
52 124 43 10
52 141 43 10
68 1 15 10
68 18 15 10
68 31 15 10
68 125 15 10
68 2 16 10
68 3 16 10
68 126 16 10
68 128 16 10
68 125 17 10
68 146 17 10
68 139 18 10
68 143 19 10
68 147 20 10
68 96 21 10
68 145 21 10
68 97 22 10
68 19 23 10
68 44 23 10
68 96 30 10
68 96 31 10
68 85 33 10
68 84 34 10
68 139 34 10
68 94 35 10
68 140 35 10
68 89 36 10
68 86 37 10
68 97 38 10
68 90 40 10
68 81 41 10
68 102 42 10
68 124 43 10
68 141 43 10
137 18 15 10
137 31 15 10
137 125 15 10
137 254 15 10
137 126 16 10
137 128 16 10
137 256 16 10
137 125 17 10
137 146 17 10
137 139 18 10
137 143 19 10
137 147 20 10
137 96 21 10
137 145 21 10
137 97 22 10
137 19 23 10
137 44 23 10
137 254 28 10
137 254 29 10
137 255 29 10
137 96 30 10
137 198 30 10
137 96 31 10
137 192 31 10
137 194 32 10
137 85 33 10
137 192 33 10
137 84 34 10
137 139 34 10
137 94 35 10
137 140 35 10
137 89 36 10
137 86 37 10
137 97 38 10
137 90 40 10
137 81 41 10
137 102 42 10
137 124 43 10
137 141 43 10
293 257 11 10
293 259 14 10
293 254 15 10
293 280 15 10
293 256 16 10
293 359 17 10
293 348 18 10
293 349 19 10
293 350 20 10
293 315 22 10
293 286 23 10
293 257 27 10
293 254 28 10
293 257 28 10
293 254 29 10
293 255 29 10
293 198 30 10
293 192 31 10
293 365 31 10
293 194 32 10
293 339 32 10
293 192 33 10
293 316 33 10
293 314 34 10
293 319 35 10
293 317 36 10
293 337 37 10
293 318 39 10
293 323 42 10
293 374 43 10
535 417 9 10
535 518 9 10
535 631 10 10
535 515 12 10
535 517 14 10
535 606 15 10
535 519 16 10
535 568 17 10
535 566 18 10
535 572 19 10
535 600 20 10
535 426 21 10
535 545 22 10
535 530 23 10
535 421 24 10
535 649 24 10
535 459 25 10
535 647 25 10
535 516 26 10
535 514 29 10
535 472 30 10
535 643 30 10
535 640 31 10
535 639 32 10
535 541 33 10
535 608 34 10
535 549 35 10
535 547 36 10
535 547 37 10
535 472 38 10
535 547 39 10
535 544 40 10
535 543 41 10
535 550 42 10
535 564 43 10
4 1 14 11
4 18 14 11
4 31 14 11
4 2 15 11
4 3 15 11
4 96 20 11
4 97 21 11
4 19 22 11
4 44 22 11
4 96 29 11
4 96 30 11
4 85 32 11
4 84 33 11
4 94 34 11
4 89 35 11
4 86 36 11
4 97 37 11
4 90 39 11
4 81 40 11
4 102 41 11
124 18 14 11
124 31 14 11
124 125 14 11
124 126 15 11
124 128 15 11
124 125 16 11
124 146 16 11
124 139 17 11
124 143 18 11
124 147 19 11
124 96 20 11
124 145 20 11
124 97 21 11
124 19 22 11
124 44 22 11
124 96 29 11
124 198 29 11
124 96 30 11
124 192 30 11
124 194 31 11
124 85 32 11
124 192 32 11
124 84 33 11
124 139 33 11
124 94 34 11
124 140 34 11
124 89 35 11
124 86 36 11
124 97 37 11
124 90 39 11
124 81 40 11
124 102 41 11
124 124 42 11
124 141 42 11
124 165 43 11
127 18 14 11
127 31 14 11
127 125 14 11
127 126 15 11
127 128 15 11
127 125 16 11
127 146 16 11
127 139 17 11
127 143 18 11
127 147 19 11
127 96 20 11
127 145 20 11
127 97 21 11
127 19 22 11
127 44 22 11
127 96 29 11
127 198 29 11
127 96 30 11
127 192 30 11
127 194 31 11
127 85 32 11
127 192 32 11
127 84 33 11
127 139 33 11
127 94 34 11
127 140 34 11
127 89 35 11
127 86 36 11
127 97 37 11
127 90 39 11
127 81 40 11
127 102 41 11
127 124 42 11
127 141 42 11
127 165 43 11
262 257 10 11
262 259 13 11
262 254 14 11
262 280 14 11
262 256 15 11
262 146 16 11
262 359 16 11
262 348 17 11
262 143 18 11
262 349 18 11
262 147 19 11
262 350 19 11
262 145 20 11
262 315 21 11
262 286 22 11
262 257 26 11
262 254 27 11
262 257 27 11
262 254 28 11
262 255 28 11
262 198 29 11
262 192 30 11
262 365 30 11
262 194 31 11
262 339 31 11
262 192 32 11
262 316 32 11
262 314 33 11
262 319 34 11
262 317 35 11
262 337 36 11
262 318 38 11
262 323 41 11
262 374 42 11
262 165 43 11
262 369 43 11
520 417 8 11
520 518 8 11
520 631 9 11
520 515 11 11
520 414 12 11
520 517 13 11
520 606 14 11
520 519 15 11
520 568 16 11
520 566 17 11
520 572 18 11
520 600 19 11
520 426 20 11
520 545 21 11
520 530 22 11
520 421 23 11
520 459 24 11
520 516 25 11
520 514 28 11
520 472 29 11
520 639 31 11
520 541 32 11
520 608 33 11
520 549 34 11
520 547 35 11
520 547 36 11
520 472 37 11
520 547 38 11
520 544 39 11
520 543 40 11
520 550 41 11
520 564 42 11
520 573 43 11
417 414 4 19
417 517 5 19
417 519 7 19
417 359 8 19
417 348 9 19
417 349 10 19
417 350 11 19
417 426 12 19
417 315 13 19
417 530 14 19
417 421 15 19
417 459 16 19
417 516 17 19
417 514 20 19
417 472 21 19
417 365 22 19
417 339 23 19
417 316 24 19
417 314 25 19
417 319 26 19
417 317 27 19
417 337 28 19
417 472 29 19
417 318 30 19
417 323 33 19
417 374 34 19
417 369 35 19
518 414 4 19
518 517 5 19
518 606 6 19
518 519 7 19
518 568 8 19
518 566 9 19
518 572 10 19
518 600 11 19
518 426 12 19
518 545 13 19
518 530 14 19
518 421 15 19
518 459 16 19
518 516 17 19
518 514 20 19
518 472 21 19
518 541 24 19
518 608 25 19
518 549 26 19
518 547 27 19
518 547 28 19
518 472 29 19
518 547 30 19
518 544 31 19
518 543 32 19
518 550 33 19
518 564 34 19
518 573 35 19
631 517 4 20
631 606 5 20
631 519 6 20
631 568 7 20
631 566 8 20
631 572 9 20
631 600 10 20
631 545 12 20
631 530 13 20
631 649 14 20
631 647 15 20
631 516 16 20
631 683 17 20
631 698 18 20
631 514 19 20
631 643 20 20
631 640 21 20
631 639 22 20
631 541 23 20
631 608 24 20
631 549 25 20
631 547 26 20
631 547 27 20
631 660 28 20
631 547 29 20
631 544 30 20
631 543 31 20
631 550 32 20
631 564 33 20
631 573 34 20
257 254 4 21
257 280 4 21
257 256 5 21
257 146 6 21
257 359 6 21
257 139 7 21
257 348 7 21
257 143 8 21
257 349 8 21
257 147 9 21
257 350 9 21
257 145 10 21
257 315 11 21
257 286 12 21
257 257 16 21
257 254 17 21
257 257 17 21
257 254 18 21
257 255 18 21
257 198 19 21
257 192 20 21
257 365 20 21
257 194 21 21
257 339 21 21
257 192 22 21
257 316 22 21
257 139 23 21
257 314 23 21
257 140 24 21
257 319 24 21
257 317 25 21
257 337 26 21
257 318 28 21
257 323 31 21
257 141 32 21
257 374 32 21
257 165 33 21
257 369 33 21
515 519 4 22
515 568 5 22
515 566 6 22
515 572 7 22
515 600 8 22
515 426 9 22
515 545 10 22
515 530 11 22
515 421 12 22
515 459 13 22
515 516 14 22
515 514 17 22
515 472 18 22
515 541 21 22
515 608 22 22
515 549 23 22
515 547 24 22
515 547 25 22
515 472 26 22
515 547 27 22
515 544 28 22
515 543 29 22
515 550 30 22
515 564 31 22
515 573 32 22
414 359 4 23
414 348 5 23
414 349 6 23
414 350 7 23
414 426 8 23
414 315 9 23
414 530 10 23
414 421 11 23
414 459 12 23
414 516 13 23
414 514 16 23
414 472 17 23
414 365 18 23
414 339 19 23
414 316 20 23
414 314 21 23
414 319 22 23
414 317 23 23
414 337 24 23
414 472 25 23
414 318 26 23
414 323 29 23
414 374 30 23
414 369 31 23
259 139 4 24
259 348 4 24
259 143 5 24
259 349 5 24
259 147 6 24
259 350 6 24
259 145 7 24
259 315 8 24
259 286 9 24
259 257 13 24
259 254 14 24
259 257 14 24
259 254 15 24
259 255 15 24
259 198 16 24
259 192 17 24
259 365 17 24
259 194 18 24
259 339 18 24
259 192 19 24
259 316 19 24
259 139 20 24
259 314 20 24
259 140 21 24
259 319 21 24
259 317 22 24
259 337 23 24
259 318 25 24
259 323 28 24
259 141 29 24
259 374 29 24
259 165 30 24
259 369 30 24
517 566 4 24
517 572 5 24
517 600 6 24
517 426 7 24
517 545 8 24
517 530 9 24
517 421 10 24
517 459 11 24
517 516 12 24
517 514 15 24
517 472 16 24
517 541 19 24
517 608 20 24
517 549 21 24
517 547 22 24
517 547 23 24
517 472 24 24
517 547 25 24
517 544 26 24
517 543 27 24
517 550 28 24
517 564 29 24
517 573 30 24
1 96 6 25
1 97 7 25
1 19 8 25
1 44 8 25
1 96 15 25
1 96 16 25
1 85 18 25
1 84 19 25
1 94 20 25
1 89 21 25
1 86 22 25
1 97 23 25
1 90 25 25
1 81 26 25
1 102 27 25
18 96 6 25
18 97 7 25
18 19 8 25
18 44 8 25
18 96 15 25
18 96 16 25
18 85 18 25
18 84 19 25
18 94 20 25
18 89 21 25
18 86 22 25
18 97 23 25
18 90 25 25
18 81 26 25
18 102 27 25
18 124 28 25
31 143 4 25
31 147 5 25
31 96 6 25
31 145 6 25
31 97 7 25
31 19 8 25
31 44 8 25
31 96 15 25
31 96 16 25
31 85 18 25
31 84 19 25
31 139 19 25
31 94 20 25
31 140 20 25
31 89 21 25
31 86 22 25
31 97 23 25
31 90 25 25
31 81 26 25
31 102 27 25
31 124 28 25
31 141 28 25
125 143 4 25
125 147 5 25
125 96 6 25
125 145 6 25
125 97 7 25
125 19 8 25
125 44 8 25
125 96 15 25
125 198 15 25
125 96 16 25
125 192 16 25
125 194 17 25
125 85 18 25
125 192 18 25
125 84 19 25
125 139 19 25
125 94 20 25
125 140 20 25
125 89 21 25
125 86 22 25
125 97 23 25
125 90 25 25
125 81 26 25
125 102 27 25
125 124 28 25
125 141 28 25
125 165 29 25
254 143 4 25
254 349 4 25
254 147 5 25
254 350 5 25
254 145 6 25
254 315 7 25
254 286 8 25
254 257 12 25
254 254 13 25
254 257 13 25
254 254 14 25
254 255 14 25
254 198 15 25
254 192 16 25
254 365 16 25
254 194 17 25
254 339 17 25
254 192 18 25
254 316 18 25
254 139 19 25
254 314 19 25
254 140 20 25
254 319 20 25
254 317 21 25
254 337 22 25
254 318 24 25
254 323 27 25
254 141 28 25
254 165 29 25
254 369 29 25
280 349 4 25
280 350 5 25
280 315 7 25
280 286 8 25
280 257 12 25
280 254 13 25
280 257 13 25
280 254 14 25
280 255 14 25
280 198 15 25
280 192 16 25
280 365 16 25
280 194 17 25
280 339 17 25
280 192 18 25
280 316 18 25
280 314 19 25
280 319 20 25
280 317 21 25
280 337 22 25
280 318 24 25
280 323 27 25
280 374 28 25
280 165 29 25
280 369 29 25
606 572 4 25
606 600 5 25
606 545 7 25
606 530 8 25
606 649 9 25
606 647 10 25
606 516 11 25
606 683 12 25
606 698 13 25
606 514 14 25
606 643 15 25
606 640 16 25
606 639 17 25
606 541 18 25
606 608 19 25
606 549 20 25
606 547 21 25
606 547 22 25
606 660 23 25
606 547 24 25
606 544 25 25
606 543 26 25
606 550 27 25
606 564 28 25
606 573 29 25
2 96 5 26
2 97 6 26
2 19 7 26
2 44 7 26
2 96 14 26
2 96 15 26
2 85 17 26
2 84 18 26
2 94 19 26
2 89 20 26
2 86 21 26
2 97 22 26
2 90 24 26
2 81 25 26
2 102 26 26
3 96 5 26
3 97 6 26
3 19 7 26
3 44 7 26
3 96 14 26
3 96 15 26
3 85 17 26
3 84 18 26
3 94 19 26
3 89 20 26
3 86 21 26
3 97 22 26
3 90 24 26
3 81 25 26
3 102 26 26
126 147 4 26
126 96 5 26
126 145 5 26
126 97 6 26
126 19 7 26
126 44 7 26
126 96 14 26
126 198 14 26
126 96 15 26
126 192 15 26
126 194 16 26
126 85 17 26
126 192 17 26
126 84 18 26
126 139 18 26
126 94 19 26
126 140 19 26
126 89 20 26
126 86 21 26
126 97 22 26
126 90 24 26
126 81 25 26
126 102 26 26
126 124 27 26
126 141 27 26
126 165 28 26
128 147 4 26
128 96 5 26
128 145 5 26
128 97 6 26
128 19 7 26
128 44 7 26
128 96 14 26
128 198 14 26
128 96 15 26
128 192 15 26
128 194 16 26
128 85 17 26
128 192 17 26
128 84 18 26
128 139 18 26
128 94 19 26
128 140 19 26
128 89 20 26
128 86 21 26
128 97 22 26
128 90 24 26
128 81 25 26
128 102 26 26
128 124 27 26
128 141 27 26
128 165 28 26
256 147 4 26
256 350 4 26
256 145 5 26
256 315 6 26
256 286 7 26
256 257 11 26
256 254 12 26
256 257 12 26
256 254 13 26
256 255 13 26
256 198 14 26
256 192 15 26
256 365 15 26
256 194 16 26
256 339 16 26
256 192 17 26
256 316 17 26
256 139 18 26
256 314 18 26
256 140 19 26
256 319 19 26
256 317 20 26
256 337 21 26
256 318 23 26
256 323 26 26
256 141 27 26
256 374 27 26
256 165 28 26
256 369 28 26
519 600 4 26
519 426 5 26
519 545 6 26
519 530 7 26
519 421 8 26
519 459 9 26
519 516 10 26
519 514 13 26
519 472 14 26
519 541 17 26
519 608 18 26
519 549 19 26
519 547 20 26
519 547 21 26
519 472 22 26
519 547 23 26
519 544 24 26
519 543 25 26
519 550 26 26
519 564 27 26
519 573 28 26
125 96 4 27
125 145 4 27
125 97 5 27
125 19 6 27
125 44 6 27
125 96 13 27
125 198 13 27
125 96 14 27
125 192 14 27
125 194 15 27
125 85 16 27
125 192 16 27
125 84 17 27
125 139 17 27
125 94 18 27
125 140 18 27
125 89 19 27
125 86 20 27
125 97 21 27
125 90 23 27
125 81 24 27
125 102 25 27
125 124 26 27
125 141 26 27
125 165 27 27
146 96 4 27
146 145 4 27
146 97 5 27
146 44 6 27
146 257 10 27
146 254 11 27
146 257 11 27
146 254 12 27
146 255 12 27
146 96 13 27
146 198 13 27
146 96 14 27
146 192 14 27
146 194 15 27
146 85 16 27
146 192 16 27
146 84 17 27
146 139 17 27
146 94 18 27
146 140 18 27
146 89 19 27
146 86 20 27
146 97 21 27
146 90 23 27
146 81 24 27
146 102 25 27
146 124 26 27
146 141 26 27
146 165 27 27
359 426 4 27
359 315 5 27
359 286 6 27
359 421 7 27
359 459 8 27
359 257 10 27
359 254 11 27
359 257 11 27
359 254 12 27
359 255 12 27
359 472 13 27
359 365 14 27
359 339 15 27
359 316 16 27
359 314 17 27
359 319 18 27
359 317 19 27
359 337 20 27
359 472 21 27
359 318 22 27
359 323 25 27
359 374 26 27
359 369 27 27
568 545 5 27
568 530 6 27
568 649 7 27
568 459 8 27
568 647 8 27
568 516 9 27
568 683 10 27
568 514 12 27
568 472 13 27
568 643 13 27
568 640 14 27
568 639 15 27
568 541 16 27
568 608 17 27
568 549 18 27
568 547 19 27
568 547 20 27
568 472 21 27
568 660 21 27
568 547 22 27
568 544 23 27
568 543 24 27
568 550 25 27
568 564 26 27
568 573 27 27
139 97 4 28
139 19 5 28
139 44 5 28
139 257 9 28
139 254 10 28
139 257 10 28
139 254 11 28
139 255 11 28
139 96 12 28
139 198 12 28
139 96 13 28
139 192 13 28
139 194 14 28
139 85 15 28
139 192 15 28
139 84 16 28
139 139 16 28
139 94 17 28
139 140 17 28
139 89 18 28
139 86 19 28
139 97 20 28
139 90 22 28
139 81 23 28
139 102 24 28
139 124 25 28
139 141 25 28
139 165 26 28
348 315 4 28
348 286 5 28
348 421 6 28
348 459 7 28
348 257 9 28
348 254 10 28
348 257 10 28
348 254 11 28
348 255 11 28
348 365 13 28
348 339 14 28
348 316 15 28
348 314 16 28
348 319 17 28
348 317 18 28
348 337 19 28
348 318 21 28
348 323 24 28
348 374 25 28
348 369 26 28
566 545 4 28
566 530 5 28
566 649 6 28
566 459 7 28
566 647 7 28
566 516 8 28
566 683 9 28
566 514 11 28
566 472 12 28
566 643 12 28
566 640 13 28
566 639 14 28
566 541 15 28
566 608 16 28
566 549 17 28
566 547 18 28
566 547 19 28
566 472 20 28
566 660 20 28
566 547 21 28
566 544 22 28
566 543 23 28
566 550 24 28
566 564 25 28
566 573 26 28
143 44 4 29
143 257 8 29
143 254 9 29
143 257 9 29
143 254 10 29
143 255 10 29
143 96 11 29
143 198 11 29
143 96 12 29
143 192 12 29
143 194 13 29
143 85 14 29
143 192 14 29
143 84 15 29
143 139 15 29
143 94 16 29
143 140 16 29
143 89 17 29
143 86 18 29
143 97 19 29
143 90 21 29
143 81 22 29
143 102 23 29
143 124 24 29
143 141 24 29
143 165 25 29
349 286 4 29
349 421 5 29
349 459 6 29
349 257 8 29
349 254 9 29
349 257 9 29
349 254 10 29
349 255 10 29
349 365 12 29
349 339 13 29
349 316 14 29
349 314 15 29
349 319 16 29
349 317 17 29
349 337 18 29
349 318 20 29
349 323 23 29
349 374 24 29
349 369 25 29
572 530 4 29
572 649 5 29
572 459 6 29
572 647 6 29
572 516 7 29
572 683 8 29
572 514 10 29
572 472 11 29
572 643 11 29
572 640 12 29
572 639 13 29
572 541 14 29
572 608 15 29
572 549 16 29
572 547 17 29
572 547 18 29
572 472 19 29
572 660 19 29
572 547 20 29
572 544 21 29
572 543 22 29
572 550 23 29
572 564 24 29
572 573 25 29
147 257 7 30
147 254 8 30
147 257 8 30
147 254 9 30
147 255 9 30
147 96 10 30
147 198 10 30
147 96 11 30
147 192 11 30
147 194 12 30
147 85 13 30
147 192 13 30
147 84 14 30
147 139 14 30
147 94 15 30
147 140 15 30
147 89 16 30
147 86 17 30
147 97 18 30
147 90 20 30
147 81 21 30
147 102 22 30
147 124 23 30
147 141 23 30
147 165 24 30
350 421 4 30
350 459 5 30
350 257 7 30
350 254 8 30
350 257 8 30
350 254 9 30
350 255 9 30
350 365 11 30
350 339 12 30
350 316 13 30
350 314 14 30
350 319 15 30
350 317 16 30
350 337 17 30
350 318 19 30
350 323 22 30
350 374 23 30
350 369 24 30
600 649 4 30
600 647 5 30
600 516 6 30
600 683 7 30
600 698 8 30
600 514 9 30
600 643 10 30
600 640 11 30
600 639 12 30
600 541 13 30
600 608 14 30
600 549 15 30
600 547 16 30
600 547 17 30
600 660 18 30
600 547 19 30
600 544 20 30
600 543 21 30
600 550 22 30
600 564 23 30
600 573 24 30
96 96 9 31
96 198 9 31
96 96 10 31
96 192 10 31
96 194 11 31
96 85 12 31
96 192 12 31
96 84 13 31
96 139 13 31
96 94 14 31
96 140 14 31
96 89 15 31
96 86 16 31
96 97 17 31
96 90 19 31
96 81 20 31
96 102 21 31
96 124 22 31
96 141 22 31
96 165 23 31
145 257 6 31
145 254 7 31
145 257 7 31
145 254 8 31
145 255 8 31
145 96 9 31
145 198 9 31
145 96 10 31
145 192 10 31
145 194 11 31
145 85 12 31
145 192 12 31
145 84 13 31
145 139 13 31
145 94 14 31
145 140 14 31
145 89 15 31
145 86 16 31
145 97 17 31
145 90 19 31
145 81 20 31
145 102 21 31
145 124 22 31
145 141 22 31
145 165 23 31
426 459 4 31
426 516 5 31
426 514 8 31
426 472 9 31
426 365 10 31
426 339 11 31
426 316 12 31
426 541 12 31
426 314 13 31
426 319 14 31
426 317 15 31
426 337 16 31
426 472 17 31
426 318 18 31
426 544 19 31
426 543 20 31
426 323 21 31
426 374 22 31
426 369 23 31
97 96 8 32
97 198 8 32
97 96 9 32
97 192 9 32
97 194 10 32
97 85 11 32
97 192 11 32
97 84 12 32
97 139 12 32
97 94 13 32
97 140 13 32
97 89 14 32
97 86 15 32
97 97 16 32
97 90 18 32
97 81 19 32
97 102 20 32
97 124 21 32
97 141 21 32
97 165 22 32
315 257 5 32
315 254 6 32
315 257 6 32
315 254 7 32
315 255 7 32
315 198 8 32
315 365 9 32
315 339 10 32
315 316 11 32
315 314 12 32
315 319 13 32
315 317 14 32
315 337 15 32
315 318 17 32
315 323 20 32
315 374 21 32
315 369 22 32
545 516 4 32
545 514 7 32
545 472 8 32
545 643 8 32
545 640 9 32
545 639 10 32
545 541 11 32
545 608 12 32
545 549 13 32
545 547 14 32
545 547 15 32
545 472 16 32
545 660 16 32
545 547 17 32
545 544 18 32
545 543 19 32
545 550 20 32
545 564 21 32
545 573 22 32
19 96 7 33
19 96 8 33
19 85 10 33
19 84 11 33
19 94 12 33
19 89 13 33
19 86 14 33
19 97 15 33
19 90 17 33
19 81 18 33
19 102 19 33
19 124 20 33
44 96 7 33
44 96 8 33
44 85 10 33
44 84 11 33
44 139 11 33
44 94 12 33
44 140 12 33
44 89 13 33
44 86 14 33
44 97 15 33
44 90 17 33
44 81 18 33
44 102 19 33
44 124 20 33
44 141 20 33
286 257 4 33
286 254 5 33
286 257 5 33
286 254 6 33
286 255 6 33
286 198 7 33
286 192 8 33
286 365 8 33
286 194 9 33
286 339 9 33
286 192 10 33
286 316 10 33
286 314 11 33
286 319 12 33
286 317 13 33
286 337 14 33
286 318 16 33
286 323 19 33
286 374 20 33
286 369 21 33
530 514 6 33
530 472 7 33
530 643 7 33
530 640 8 33
530 639 9 33
530 541 10 33
530 608 11 33
530 549 12 33
530 547 13 33
530 547 14 33
530 472 15 33
530 547 16 33
530 544 17 33
530 543 18 33
530 550 19 33
530 564 20 33
530 573 21 33
421 514 5 34
421 472 6 34
421 365 7 34
421 339 8 34
421 316 9 34
421 314 10 34
421 319 11 34
421 317 12 34
421 337 13 34
421 472 14 34
421 318 15 34
421 323 18 34
421 374 19 34
421 369 20 34
649 698 4 34
649 643 6 34
649 640 7 34
649 639 8 34
649 541 9 34
649 608 10 34
649 549 11 34
649 547 12 34
649 547 13 34
649 660 14 34
649 547 15 34
649 544 16 34
649 543 17 34
649 550 18 34
649 564 19 34
649 573 20 34
459 514 4 35
459 472 5 35
459 365 6 35
459 339 7 35
459 541 8 35
459 549 10 35
459 547 11 35
459 547 12 35
459 472 13 35
459 547 14 35
459 544 15 35
459 543 16 35
459 550 17 35
459 374 18 35
459 564 18 35
459 369 19 35
459 573 19 35
647 643 5 35
647 640 6 35
647 639 7 35
647 541 8 35
647 608 9 35
647 549 10 35
647 547 11 35
647 547 12 35
647 660 13 35
647 547 14 35
647 544 15 35
647 543 16 35
647 550 17 35
647 564 18 35
647 573 19 35
516 472 4 36
516 541 7 36
516 608 8 36
516 549 9 36
516 547 10 36
516 547 11 36
516 472 12 36
516 547 13 36
516 544 14 36
516 543 15 36
516 550 16 36
516 564 17 36
516 573 18 36
257 192 4 37
257 365 4 37
257 194 5 37
257 339 5 37
257 192 6 37
257 316 6 37
257 139 7 37
257 314 7 37
257 140 8 37
257 319 8 37
257 317 9 37
257 337 10 37
257 318 12 37
257 323 15 37
257 141 16 37
257 374 16 37
257 165 17 37
257 369 17 37
683 640 4 37
683 639 5 37
683 608 7 37
683 660 11 37
683 564 16 37
683 573 17 37
254 194 4 38
254 339 4 38
254 192 5 38
254 316 5 38
254 139 6 38
254 314 6 38
254 140 7 38
254 319 7 38
254 317 8 38
254 337 9 38
254 318 11 38
254 323 14 38
254 141 15 38
254 165 16 38
254 369 16 38
257 194 4 38
257 339 4 38
257 192 5 38
257 316 5 38
257 139 6 38
257 314 6 38
257 140 7 38
257 319 7 38
257 317 8 38
257 337 9 38
257 318 11 38
257 323 14 38
257 141 15 38
257 374 15 38
257 165 16 38
257 369 16 38
698 639 4 38
698 608 6 38
698 660 10 38
254 192 4 39
254 316 4 39
254 139 5 39
254 314 5 39
254 140 6 39
254 319 6 39
254 317 7 39
254 337 8 39
254 318 10 39
254 323 13 39
254 141 14 39
254 165 15 39
254 369 15 39
255 192 4 39
255 316 4 39
255 139 5 39
255 314 5 39
255 140 6 39
255 319 6 39
255 317 7 39
255 337 8 39
255 318 10 39
255 323 13 39
255 141 14 39
255 374 14 39
255 165 15 39
255 369 15 39
514 541 4 39
514 608 5 39
514 549 6 39
514 547 7 39
514 547 8 39
514 472 9 39
514 547 10 39
514 544 11 39
514 543 12 39
514 550 13 39
514 564 14 39
514 573 15 39
96 84 4 40
96 139 4 40
96 94 5 40
96 140 5 40
96 89 6 40
96 86 7 40
96 97 8 40
96 90 10 40
96 81 11 40
96 102 12 40
96 124 13 40
96 141 13 40
96 165 14 40
198 84 4 40
198 139 4 40
198 314 4 40
198 94 5 40
198 140 5 40
198 89 6 40
198 317 6 40
198 86 7 40
198 97 8 40
198 90 10 40
198 81 11 40
198 102 12 40
198 124 13 40
198 141 13 40
198 165 14 40
472 549 5 40
472 547 6 40
472 547 7 40
472 472 8 40
472 547 9 40
472 544 10 40
472 543 11 40
472 550 12 40
472 374 13 40
472 564 13 40
472 369 14 40
472 573 14 40
643 608 4 40
643 549 5 40
643 547 6 40
643 547 7 40
643 660 8 40
643 547 9 40
643 544 10 40
643 543 11 40
643 550 12 40
643 564 13 40
643 573 14 40
96 94 4 41
96 140 4 41
96 89 5 41
96 86 6 41
96 97 7 41
96 90 9 41
96 81 10 41
96 102 11 41
96 124 12 41
96 141 12 41
96 165 13 41
192 94 4 41
192 140 4 41
192 89 5 41
192 86 6 41
192 97 7 41
192 90 9 41
192 81 10 41
192 102 11 41
192 124 12 41
192 141 12 41
192 165 13 41
365 319 4 41
365 317 5 41
365 337 6 41
365 472 7 41
365 318 8 41
365 323 11 41
365 374 12 41
365 369 13 41
640 549 4 41
640 547 5 41
640 547 6 41
640 660 7 41
640 547 8 41
640 544 9 41
640 543 10 41
640 550 11 41
640 564 12 41
640 573 13 41
194 89 4 42
194 86 5 42
194 97 6 42
194 90 8 42
194 81 9 42
194 102 10 42
194 124 11 42
194 141 11 42
194 165 12 42
339 317 4 42
339 337 5 42
339 318 7 42
339 323 10 42
339 374 11 42
339 369 12 42
639 547 4 42
639 547 5 42
639 660 6 42
639 547 7 42
639 544 8 42
639 543 9 42
639 550 10 42
639 564 11 42
639 573 12 42
85 86 4 43
85 97 5 43
85 90 7 43
85 81 8 43
85 102 9 43
85 124 10 43
85 141 10 43
85 165 11 43
192 86 4 43
192 97 5 43
192 90 7 43
192 81 8 43
192 102 9 43
192 124 10 43
192 141 10 43
192 165 11 43
316 337 4 43
316 318 6 43
316 323 9 43
316 374 10 43
316 369 11 43
541 547 4 43
541 472 5 43
541 660 5 43
541 547 6 43
541 544 7 43
541 543 8 43
541 550 9 43
541 564 10 43
541 573 11 43
84 97 4 44
84 90 6 44
84 81 7 44
84 102 8 44
84 124 9 44
84 141 9 44
84 165 10 44
139 97 4 44
139 90 6 44
139 81 7 44
139 102 8 44
139 124 9 44
139 141 9 44
139 165 10 44
314 318 5 44
314 323 8 44
314 374 9 44
314 369 10 44
608 660 4 44
608 547 5 44
608 544 6 44
608 543 7 44
608 550 8 44
608 564 9 44
608 573 10 44
94 90 5 45
94 81 6 45
94 102 7 45
94 124 8 45
94 141 8 45
94 165 9 45
140 90 5 45
140 81 6 45
140 102 7 45
140 124 8 45
140 141 8 45
140 165 9 45
319 318 4 45
319 323 7 45
319 374 8 45
319 369 9 45
549 547 4 45
549 544 5 45
549 543 6 45
549 550 7 45
549 564 8 45
549 573 9 45
89 90 4 46
89 81 5 46
89 102 6 46
89 124 7 46
89 141 7 46
89 165 8 46
317 323 6 46
317 374 7 46
317 369 8 46
547 544 4 46
547 543 5 46
547 550 6 46
547 564 7 46
547 573 8 46
86 81 4 47
86 102 5 47
86 124 6 47
86 141 6 47
86 165 7 47
337 323 5 47
337 374 6 47
337 369 7 47
547 543 4 47
547 550 5 47
547 564 6 47
547 573 7 47
97 102 4 48
97 124 5 48
97 141 5 48
97 165 6 48
472 550 4 48
472 374 5 48
472 564 5 48
472 369 6 48
472 573 6 48
660 550 4 48
660 564 5 48
660 573 6 48
318 374 4 49
318 369 5 49
547 564 4 49
547 573 5 49
90 165 4 50
544 573 4 50
