100 23 4 0
100 96 4 0
100 1 5 0
100 30 5 0
100 36 5 0
100 119 5 0
100 129 5 0
100 2 6 0
100 4 6 0
100 120 6 0
100 50 7 0
100 115 7 0
100 129 7 0
100 155 8 0
100 45 9 0
100 121 9 0
100 39 10 0
100 120 11 0
100 37 12 0
100 99 12 0
100 29 13 0
100 51 13 0
100 125 13 0
100 128 13 0
100 1 14 0
100 24 14 0
100 38 14 0
100 5 15 0
100 43 15 0
100 125 15 0
100 1 16 0
100 20 16 0
100 44 16 0
100 118 16 0
100 155 17 0
100 23 18 0
100 49 18 0
100 83 18 0
100 156 18 0
100 27 19 0
100 46 19 0
100 112 19 0
100 46 20 0
100 80 20 0
100 10 21 0
100 97 21 0
100 2 22 0
100 6 22 0
100 7 22 0
100 46 22 0
100 97 22 0
100 155 22 0
100 8 23 0
100 16 23 0
100 76 23 0
100 83 24 0
100 76 25 0
100 82 26 0
100 155 27 0
100 2 28 0
100 49 28 0
330 221 4 0
330 408 5 0
330 222 6 0
330 408 7 0
330 382 8 0
330 315 9 0
330 407 10 0
330 340 11 0
330 224 12 0
330 362 12 0
330 225 14 0
330 408 14 0
330 362 15 0
330 408 16 0
330 359 17 0
330 341 18 0
330 358 19 0
330 220 20 0
330 361 20 0
330 278 21 0
330 284 22 0
330 282 23 0
330 323 24 0
330 360 25 0
330 361 26 0
330 288 27 0
330 247 28 0
330 321 28 0
591 592 4 0
591 592 5 0
591 591 6 0
591 593 7 0
591 592 8 0
591 569 9 0
591 581 10 0
591 592 11 0
591 646 12 0
591 592 13 0
591 592 14 0
591 570 15 0
591 569 16 0
591 592 17 0
591 569 18 0
591 592 19 0
591 568 20 0
591 569 21 0
591 568 22 0
591 569 23 0
591 592 24 0
591 569 25 0
591 570 26 0
591 673 27 0
591 591 28 0
30 1 4 1
30 30 4 1
30 36 4 1
30 119 4 1
30 129 4 1
30 2 5 1
30 4 5 1
30 120 5 1
30 50 6 1
30 115 6 1
30 129 6 1
30 45 8 1
30 121 8 1
30 39 9 1
30 120 10 1
30 37 11 1
30 99 11 1
30 29 12 1
30 51 12 1
30 125 12 1
30 128 12 1
30 1 13 1
30 24 13 1
30 38 13 1
30 5 14 1
30 43 14 1
30 125 14 1
30 1 15 1
30 20 15 1
30 44 15 1
30 118 15 1
30 23 17 1
30 49 17 1
30 83 17 1
30 27 18 1
30 46 18 1
30 112 18 1
30 46 19 1
30 80 19 1
30 10 20 1
30 97 20 1
30 2 21 1
30 6 21 1
30 7 21 1
30 46 21 1
30 97 21 1
30 8 22 1
30 16 22 1
30 76 22 1
30 83 23 1
30 76 24 1
30 82 25 1
30 2 27 1
30 49 27 1
49 1 4 1
49 30 4 1
49 36 4 1
49 119 4 1
49 129 4 1
49 2 5 1
49 4 5 1
49 120 5 1
49 50 6 1
49 115 6 1
49 129 6 1
49 155 7 1
49 45 8 1
49 121 8 1
49 39 9 1
49 120 10 1
49 37 11 1
49 99 11 1
49 29 12 1
49 51 12 1
49 125 12 1
49 128 12 1
49 1 13 1
49 24 13 1
49 38 13 1
49 5 14 1
49 43 14 1
49 125 14 1
49 1 15 1
49 20 15 1
49 44 15 1
49 118 15 1
49 155 16 1
49 23 17 1
49 49 17 1
49 83 17 1
49 156 17 1
49 27 18 1
49 46 18 1
49 112 18 1
49 46 19 1
49 80 19 1
49 10 20 1
49 97 20 1
49 2 21 1
49 6 21 1
49 7 21 1
49 46 21 1
49 97 21 1
49 155 21 1
49 8 22 1
49 16 22 1
49 76 22 1
49 83 23 1
49 76 24 1
49 82 25 1
49 155 26 1
49 2 27 1
49 49 27 1
119 1 4 1
119 30 4 1
119 36 4 1
119 119 4 1
119 129 4 1
119 2 5 1
119 4 5 1
119 120 5 1
119 222 5 1
119 50 6 1
119 115 6 1
119 129 6 1
119 155 7 1
119 45 8 1
119 121 8 1
119 39 9 1
119 120 10 1
119 37 11 1
119 99 11 1
119 224 11 1
119 29 12 1
119 51 12 1
119 125 12 1
119 128 12 1
119 1 13 1
119 24 13 1
119 38 13 1
119 225 13 1
119 5 14 1
119 43 14 1
119 125 14 1
119 1 15 1
119 20 15 1
119 44 15 1
119 118 15 1
119 155 16 1
119 23 17 1
119 49 17 1
119 83 17 1
119 156 17 1
119 27 18 1
119 46 18 1
119 112 18 1
119 46 19 1
119 80 19 1
119 220 19 1
119 10 20 1
119 97 20 1
119 2 21 1
119 6 21 1
119 7 21 1
119 46 21 1
119 97 21 1
119 155 21 1
119 8 22 1
119 16 22 1
119 76 22 1
119 83 23 1
119 76 24 1
119 82 25 1
119 155 26 1
119 2 27 1
119 49 27 1
127 30 4 1
127 36 4 1
127 119 4 1
127 129 4 1
127 120 5 1
127 222 5 1
127 50 6 1
127 115 6 1
127 129 6 1
127 155 7 1
127 45 8 1
127 121 8 1
127 39 9 1
127 120 10 1
127 37 11 1
127 99 11 1
127 224 11 1
127 29 12 1
127 51 12 1
127 125 12 1
127 128 12 1
127 24 13 1
127 38 13 1
127 225 13 1
127 43 14 1
127 125 14 1
127 20 15 1
127 44 15 1
127 118 15 1
127 155 16 1
127 23 17 1
127 49 17 1
127 83 17 1
127 156 17 1
127 27 18 1
127 46 18 1
127 112 18 1
127 46 19 1
127 80 19 1
127 220 19 1
127 10 20 1
127 97 20 1
127 7 21 1
127 46 21 1
127 97 21 1
127 155 21 1
127 8 22 1
127 16 22 1
127 76 22 1
127 83 23 1
127 76 24 1
127 82 25 1
127 155 26 1
127 49 27 1
318 408 4 1
318 222 5 1
318 408 6 1
318 382 7 1
318 315 8 1
318 407 9 1
318 340 10 1
318 224 11 1
318 362 11 1
318 225 13 1
318 408 13 1
318 362 14 1
318 408 15 1
318 359 16 1
318 341 17 1
318 358 18 1
318 220 19 1
318 361 19 1
318 278 20 1
318 284 21 1
318 282 22 1
318 323 23 1
318 360 24 1
318 361 25 1
318 288 26 1
318 247 27 1
318 321 27 1
591 592 4 1
591 591 5 1
591 593 6 1
591 592 7 1
591 569 8 1
591 581 9 1
591 592 10 1
591 646 11 1
591 592 12 1
591 592 13 1
591 570 14 1
591 569 15 1
591 592 16 1
591 569 17 1
591 592 18 1
591 568 19 1
591 569 20 1
591 568 21 1
591 569 22 1
591 592 23 1
591 569 24 1
591 570 25 1
591 673 26 1
591 591 27 1
35 2 4 2
35 4 4 2
35 120 4 2
35 50 5 2
35 115 5 2
35 129 5 2
35 45 7 2
35 121 7 2
35 39 8 2
35 120 9 2
35 37 10 2
35 99 10 2
35 29 11 2
35 51 11 2
35 125 11 2
35 128 11 2
35 1 12 2
35 24 12 2
35 38 12 2
35 5 13 2
35 43 13 2
35 125 13 2
35 1 14 2
35 20 14 2
35 44 14 2
35 118 14 2
35 23 16 2
35 49 16 2
35 83 16 2
35 27 17 2
35 46 17 2
35 112 17 2
35 46 18 2
35 80 18 2
35 10 19 2
35 97 19 2
35 2 20 2
35 6 20 2
35 7 20 2
35 46 20 2
35 97 20 2
35 8 21 2
35 16 21 2
35 76 21 2
35 83 22 2
35 76 23 2
35 82 24 2
35 2 26 2
35 49 26 2
101 2 4 2
101 4 4 2
101 120 4 2
101 50 5 2
101 115 5 2
101 129 5 2
101 155 6 2
101 45 7 2
101 121 7 2
101 39 8 2
101 120 9 2
101 37 10 2
101 99 10 2
101 29 11 2
101 51 11 2
101 125 11 2
101 128 11 2
101 1 12 2
101 24 12 2
101 38 12 2
101 5 13 2
101 43 13 2
101 125 13 2
101 1 14 2
101 20 14 2
101 44 14 2
101 118 14 2
101 155 15 2
101 23 16 2
101 49 16 2
101 83 16 2
101 156 16 2
101 27 17 2
101 46 17 2
101 112 17 2
101 46 18 2
101 80 18 2
101 220 18 2
101 10 19 2
101 97 19 2
101 2 20 2
101 6 20 2
101 7 20 2
101 46 20 2
101 97 20 2
101 155 20 2
101 8 21 2
101 16 21 2
101 76 21 2
101 83 22 2
101 76 23 2
101 82 24 2
101 155 25 2
101 2 26 2
101 49 26 2
341 222 4 2
341 408 5 2
341 382 6 2
341 315 7 2
341 407 8 2
341 340 9 2
341 224 10 2
341 362 10 2
341 225 12 2
341 408 12 2
341 362 13 2
341 408 14 2
341 359 15 2
341 341 16 2
341 358 17 2
341 361 18 2
341 278 19 2
341 284 20 2
341 282 21 2
341 323 22 2
341 360 23 2
341 361 24 2
341 288 25 2
341 247 26 2
341 321 26 2
598 591 4 2
598 593 5 2
598 592 6 2
598 569 7 2
598 581 8 2
598 592 9 2
598 646 10 2
598 592 11 2
598 592 12 2
598 570 13 2
598 569 14 2
598 592 15 2
598 569 16 2
598 592 17 2
598 568 18 2
598 569 19 2
598 568 20 2
598 569 21 2
598 592 22 2
598 569 23 2
598 570 24 2
598 673 25 2
598 591 26 2
19 50 4 3
19 115 4 3
19 129 4 3
19 45 6 3
19 121 6 3
19 39 7 3
19 120 8 3
19 37 9 3
19 99 9 3
19 29 10 3
19 51 10 3
19 125 10 3
19 128 10 3
19 1 11 3
19 24 11 3
19 38 11 3
19 5 12 3
19 43 12 3
19 125 12 3
19 1 13 3
19 20 13 3
19 44 13 3
19 118 13 3
19 23 15 3
19 49 15 3
19 83 15 3
19 27 16 3
19 46 16 3
19 112 16 3
19 46 17 3
19 80 17 3
19 10 18 3
19 97 18 3
19 2 19 3
19 6 19 3
19 7 19 3
19 46 19 3
19 97 19 3
19 8 20 3
19 16 20 3
19 76 20 3
19 83 21 3
19 76 22 3
19 82 23 3
19 2 25 3
19 49 25 3
362 408 4 3
362 382 5 3
362 315 6 3
362 407 7 3
362 340 8 3
362 362 9 3
362 466 10 3
362 408 11 3
362 362 12 3
362 408 13 3
362 359 14 3
362 341 15 3
362 358 16 3
362 361 17 3
362 278 18 3
362 284 19 3
362 282 20 3
362 323 21 3
362 360 22 3
362 361 23 3
362 288 24 3
362 247 25 3
362 321 25 3
592 593 4 3
592 592 5 3
592 569 6 3
592 581 7 3
592 592 8 3
592 646 9 3
592 592 10 3
592 592 11 3
592 570 12 3
592 569 13 3
592 592 14 3
592 569 15 3
592 592 16 3
592 568 17 3
592 569 18 3
592 568 19 3
592 569 20 3
592 592 21 3
592 569 22 3
592 570 23 3
592 673 24 3
592 591 25 3
23 45 5 4
23 121 5 4
23 39 6 4
23 120 7 4
23 37 8 4
23 99 8 4
23 29 9 4
23 51 9 4
23 125 9 4
23 128 9 4
23 1 10 4
23 24 10 4
23 38 10 4
23 5 11 4
23 43 11 4
23 125 11 4
23 1 12 4
23 20 12 4
23 44 12 4
23 118 12 4
23 23 14 4
23 49 14 4
23 83 14 4
23 27 15 4
23 46 15 4
23 112 15 4
23 46 16 4
23 80 16 4
23 10 17 4
23 97 17 4
23 2 18 4
23 6 18 4
23 7 18 4
23 46 18 4
23 97 18 4
23 8 19 4
23 16 19 4
23 76 19 4
23 83 20 4
23 76 21 4
23 82 22 4
23 2 24 4
23 49 24 4
96 155 4 4
96 45 5 4
96 121 5 4
96 39 6 4
96 120 7 4
96 37 8 4
96 99 8 4
96 29 9 4
96 51 9 4
96 125 9 4
96 128 9 4
96 1 10 4
96 24 10 4
96 38 10 4
96 5 11 4
96 43 11 4
96 125 11 4
96 1 12 4
96 20 12 4
96 44 12 4
96 118 12 4
96 155 13 4
96 23 14 4
96 49 14 4
96 83 14 4
96 156 14 4
96 27 15 4
96 46 15 4
96 112 15 4
96 46 16 4
96 80 16 4
96 10 17 4
96 97 17 4
96 2 18 4
96 6 18 4
96 7 18 4
96 46 18 4
96 97 18 4
96 155 18 4
96 8 19 4
96 16 19 4
96 76 19 4
96 83 20 4
96 76 21 4
96 82 22 4
96 155 23 4
96 2 24 4
96 49 24 4
221 155 4 4
221 121 5 4
221 315 5 4
221 120 7 4
221 340 7 4
221 224 8 4
221 125 9 4
221 128 9 4
221 225 10 4
221 125 11 4
221 118 12 4
221 155 13 4
221 156 14 4
221 112 15 4
221 220 16 4
221 278 17 4
221 155 18 4
221 284 18 4
221 282 19 4
221 323 20 4
221 155 23 4
221 288 23 4
221 247 24 4
221 321 24 4
466 382 4 4
466 569 5 4
466 407 6 4
466 581 6 4
466 362 8 4
466 466 9 4
466 408 10 4
466 362 11 4
466 570 11 4
466 408 12 4
466 569 12 4
466 359 13 4
466 569 14 4
466 358 15 4
466 361 16 4
466 568 16 4
466 569 17 4
466 568 18 4
466 569 19 4
466 360 21 4
466 569 21 4
466 361 22 4
466 570 22 4
592 592 4 4
592 569 5 4
592 581 6 4
592 592 7 4
592 646 8 4
592 592 9 4
592 592 10 4
592 570 11 4
592 569 12 4
592 592 13 4
592 569 14 4
592 592 15 4
592 568 16 4
592 569 17 4
592 568 18 4
592 569 19 4
592 592 20 4
592 569 21 4
592 570 22 4
592 673 23 4
592 591 24 4
1 45 4 5
1 39 5 5
1 120 6 5
1 37 7 5
1 99 7 5
1 29 8 5
1 51 8 5
1 1 9 5
1 24 9 5
1 38 9 5
1 5 10 5
1 43 10 5
1 1 11 5
1 20 11 5
1 44 11 5
1 118 11 5
1 23 13 5
1 49 13 5
1 83 13 5
1 27 14 5
1 46 14 5
1 112 14 5
1 46 15 5
1 80 15 5
1 10 16 5
1 97 16 5
1 2 17 5
1 6 17 5
1 7 17 5
1 46 17 5
1 97 17 5
1 8 18 5
1 16 18 5
1 76 18 5
1 83 19 5
1 76 20 5
1 82 21 5
1 2 23 5
1 49 23 5
30 45 4 5
30 121 4 5
30 39 5 5
30 120 6 5
30 37 7 5
30 99 7 5
30 29 8 5
30 51 8 5
30 125 8 5
30 128 8 5
30 1 9 5
30 24 9 5
30 38 9 5
30 5 10 5
30 43 10 5
30 125 10 5
30 1 11 5
30 20 11 5
30 44 11 5
30 118 11 5
30 23 13 5
30 49 13 5
30 83 13 5
30 27 14 5
30 46 14 5
30 112 14 5
30 46 15 5
30 80 15 5
30 10 16 5
30 97 16 5
30 2 17 5
30 6 17 5
30 7 17 5
30 46 17 5
30 97 17 5
30 8 18 5
30 16 18 5
30 76 18 5
30 83 19 5
30 76 20 5
30 82 21 5
30 2 23 5
30 49 23 5
36 45 4 5
36 121 4 5
36 39 5 5
36 120 6 5
36 37 7 5
36 99 7 5
36 29 8 5
36 51 8 5
36 125 8 5
36 128 8 5
36 1 9 5
36 24 9 5
36 38 9 5
36 5 10 5
36 43 10 5
36 125 10 5
36 1 11 5
36 20 11 5
36 44 11 5
36 118 11 5
36 155 12 5
36 23 13 5
36 49 13 5
36 83 13 5
36 27 14 5
36 46 14 5
36 112 14 5
36 46 15 5
36 80 15 5
36 10 16 5
36 97 16 5
36 2 17 5
36 6 17 5
36 7 17 5
36 46 17 5
36 97 17 5
36 155 17 5
36 8 18 5
36 16 18 5
36 76 18 5
36 83 19 5
36 76 20 5
36 82 21 5
36 155 22 5
36 2 23 5
36 49 23 5
119 45 4 5
119 121 4 5
119 39 5 5
119 120 6 5
119 37 7 5
119 99 7 5
119 224 7 5
119 29 8 5
119 51 8 5
119 125 8 5
119 128 8 5
119 1 9 5
119 24 9 5
119 38 9 5
119 225 9 5
119 5 10 5
119 43 10 5
119 125 10 5
119 1 11 5
119 20 11 5
119 44 11 5
119 118 11 5
119 155 12 5
119 23 13 5
119 49 13 5
119 83 13 5
119 156 13 5
119 27 14 5
119 46 14 5
119 112 14 5
119 46 15 5
119 80 15 5
119 220 15 5
119 10 16 5
119 97 16 5
119 2 17 5
119 6 17 5
119 7 17 5
119 46 17 5
119 97 17 5
119 155 17 5
119 8 18 5
119 16 18 5
119 76 18 5
119 83 19 5
119 76 20 5
119 82 21 5
119 155 22 5
119 2 23 5
119 49 23 5
129 45 4 5
129 121 4 5
129 39 5 5
129 120 6 5
129 37 7 5
129 99 7 5
129 224 7 5
129 29 8 5
129 51 8 5
129 125 8 5
129 128 8 5
129 24 9 5
129 38 9 5
129 225 9 5
129 43 10 5
129 125 10 5
129 20 11 5
129 44 11 5
129 118 11 5
129 155 12 5
129 23 13 5
129 49 13 5
129 83 13 5
129 156 13 5
129 27 14 5
129 46 14 5
129 112 14 5
129 46 15 5
129 80 15 5
129 220 15 5
129 10 16 5
129 97 16 5
129 46 17 5
129 97 17 5
129 155 17 5
129 16 18 5
129 76 18 5
129 83 19 5
129 76 20 5
129 82 21 5
129 155 22 5
129 49 23 5
129 247 23 5
408 315 4 5
408 407 5 5
408 340 6 5
408 362 7 5
408 466 8 5
408 408 9 5
408 362 10 5
408 408 11 5
408 359 12 5
408 341 13 5
408 358 14 5
408 361 15 5
408 323 19 5
408 360 20 5
408 361 21 5
408 288 22 5
408 321 23 5
592 569 4 5
592 581 5 5
592 592 6 5
592 646 7 5
592 592 8 5
592 592 9 5
592 570 10 5
592 569 11 5
592 592 12 5
592 569 13 5
592 592 14 5
592 568 15 5
592 569 16 5
592 568 17 5
592 569 18 5
592 592 19 5
592 569 20 5
592 570 21 5
592 673 22 5
592 591 23 5
2 39 4 6
2 120 5 6
2 37 6 6
2 99 6 6
2 29 7 6
2 51 7 6
2 1 8 6
2 24 8 6
2 38 8 6
2 5 9 6
2 43 9 6
2 1 10 6
2 20 10 6
2 44 10 6
2 118 10 6
2 23 12 6
2 49 12 6
2 83 12 6
2 27 13 6
2 46 13 6
2 112 13 6
2 46 14 6
2 80 14 6
2 10 15 6
2 97 15 6
2 2 16 6
2 6 16 6
2 7 16 6
2 46 16 6
2 97 16 6
2 8 17 6
2 16 17 6
2 76 17 6
2 83 18 6
2 76 19 6
2 82 20 6
2 2 22 6
2 49 22 6
4 39 4 6
4 120 5 6
4 37 6 6
4 99 6 6
4 29 7 6
4 51 7 6
4 1 8 6
4 24 8 6
4 38 8 6
4 5 9 6
4 43 9 6
4 1 10 6
4 20 10 6
4 44 10 6
4 118 10 6
4 23 12 6
4 49 12 6
4 83 12 6
4 27 13 6
4 46 13 6
4 112 13 6
4 46 14 6
4 80 14 6
4 10 15 6
4 97 15 6
4 2 16 6
4 6 16 6
4 7 16 6
4 46 16 6
4 97 16 6
4 8 17 6
4 16 17 6
4 76 17 6
4 83 18 6
4 76 19 6
4 82 20 6
4 2 22 6
4 49 22 6
120 39 4 6
120 120 5 6
120 37 6 6
120 99 6 6
120 224 6 6
120 29 7 6
120 51 7 6
120 125 7 6
120 128 7 6
120 1 8 6
120 24 8 6
120 38 8 6
120 225 8 6
120 5 9 6
120 43 9 6
120 125 9 6
120 1 10 6
120 20 10 6
120 44 10 6
120 118 10 6
120 155 11 6
120 23 12 6
120 49 12 6
120 83 12 6
120 156 12 6
120 27 13 6
120 46 13 6
120 112 13 6
120 46 14 6
120 80 14 6
120 220 14 6
120 10 15 6
120 97 15 6
120 2 16 6
120 6 16 6
120 7 16 6
120 46 16 6
120 97 16 6
120 155 16 6
120 8 17 6
120 16 17 6
120 76 17 6
120 83 18 6
120 76 19 6
120 82 20 6
120 155 21 6
120 2 22 6
120 49 22 6
222 120 5 6
222 340 5 6
222 224 6 6
222 125 7 6
222 128 7 6
222 225 8 6
222 125 9 6
222 118 10 6
222 155 11 6
222 156 12 6
222 341 12 6
222 112 13 6
222 220 14 6
222 278 15 6
222 155 16 6
222 284 16 6
222 282 17 6
222 323 18 6
222 155 21 6
222 288 21 6
222 247 22 6
222 321 22 6
466 407 4 6
466 581 4 6
466 362 6 6
466 466 7 6
466 408 8 6
466 362 9 6
466 570 9 6
466 408 10 6
466 569 10 6
466 359 11 6
466 569 12 6
466 358 13 6
466 361 14 6
466 568 14 6
466 569 15 6
466 568 16 6
466 569 17 6
466 360 19 6
466 569 19 6
466 361 20 6
466 570 20 6
591 581 4 6
591 592 5 6
591 646 6 6
591 592 7 6
591 592 8 6
591 570 9 6
591 569 10 6
591 592 11 6
591 569 12 6
591 592 13 6
591 568 14 6
591 569 15 6
591 568 16 6
591 569 17 6
591 592 18 6
591 569 19 6
591 570 20 6
591 673 21 6
591 591 22 6
50 120 4 7
50 37 5 7
50 99 5 7
50 29 6 7
50 51 6 7
50 125 6 7
50 128 6 7
50 1 7 7
50 24 7 7
50 38 7 7
50 5 8 7
50 43 8 7
50 125 8 7
50 1 9 7
50 20 9 7
50 44 9 7
50 118 9 7
50 155 10 7
50 23 11 7
50 49 11 7
50 83 11 7
50 156 11 7
50 27 12 7
50 46 12 7
50 112 12 7
50 46 13 7
50 80 13 7
50 10 14 7
50 97 14 7
50 2 15 7
50 6 15 7
50 7 15 7
50 46 15 7
50 97 15 7
50 155 15 7
50 8 16 7
50 16 16 7
50 76 16 7
50 83 17 7
50 76 18 7
50 82 19 7
50 155 20 7
50 2 21 7
50 49 21 7
115 120 4 7
115 37 5 7
115 99 5 7
115 224 5 7
115 29 6 7
115 51 6 7
115 125 6 7
115 128 6 7
115 1 7 7
115 24 7 7
115 38 7 7
115 225 7 7
115 5 8 7
115 43 8 7
115 125 8 7
115 1 9 7
115 20 9 7
115 44 9 7
115 118 9 7
115 155 10 7
115 23 11 7
115 49 11 7
115 83 11 7
115 156 11 7
115 27 12 7
115 46 12 7
115 112 12 7
115 46 13 7
115 80 13 7
115 220 13 7
115 10 14 7
115 97 14 7
115 2 15 7
115 6 15 7
115 7 15 7
115 46 15 7
115 97 15 7
115 155 15 7
115 8 16 7
115 16 16 7
115 76 16 7
115 83 17 7
115 76 18 7
115 82 19 7
115 155 20 7
115 2 21 7
115 49 21 7
129 120 4 7
129 37 5 7
129 99 5 7
129 224 5 7
129 29 6 7
129 51 6 7
129 125 6 7
129 128 6 7
129 24 7 7
129 38 7 7
129 225 7 7
129 43 8 7
129 125 8 7
129 20 9 7
129 44 9 7
129 118 9 7
129 155 10 7
129 23 11 7
129 49 11 7
129 83 11 7
129 156 11 7
129 27 12 7
129 46 12 7
129 112 12 7
129 46 13 7
129 80 13 7
129 220 13 7
129 10 14 7
129 97 14 7
129 46 15 7
129 97 15 7
129 155 15 7
129 16 16 7
129 76 16 7
129 83 17 7
129 76 18 7
129 82 19 7
129 155 20 7
129 49 21 7
129 247 21 7
408 340 4 7
408 362 5 7
408 466 6 7
408 408 7 7
408 362 8 7
408 408 9 7
408 359 10 7
408 341 11 7
408 358 12 7
408 361 13 7
408 323 17 7
408 360 18 7
408 361 19 7
408 288 20 7
408 321 21 7
593 592 4 7
593 646 5 7
593 592 6 7
593 592 7 7
593 570 8 7
593 569 9 7
593 592 10 7
593 569 11 7
593 592 12 7
593 568 13 7
593 569 14 7
593 568 15 7
593 569 16 7
593 592 17 7
593 569 18 7
593 570 19 7
593 673 20 7
593 591 21 7
155 37 4 8
155 99 4 8
155 224 4 8
155 51 5 8
155 125 5 8
155 128 5 8
155 38 6 8
155 225 6 8
155 43 7 8
155 125 7 8
155 44 8 8
155 118 8 8
155 155 9 8
155 49 10 8
155 83 10 8
155 156 10 8
155 46 11 8
155 112 11 8
155 46 12 8
155 80 12 8
155 220 12 8
155 97 13 8
155 46 14 8
155 97 14 8
155 155 14 8
155 76 15 8
155 83 16 8
155 76 17 8
155 82 18 8
155 155 19 8
155 49 20 8
155 247 20 8
382 362 4 8
382 466 5 8
382 408 6 8
382 362 7 8
382 408 8 8
382 359 9 8
382 341 10 8
382 358 11 8
382 361 12 8
382 278 13 8
382 284 14 8
382 282 15 8
382 323 16 8
382 360 17 8
382 361 18 8
382 288 19 8
382 321 20 8
592 646 4 8
592 592 5 8
592 592 6 8
592 570 7 8
592 569 8 8
592 592 9 8
592 569 10 8
592 592 11 8
592 568 12 8
592 569 13 8
592 568 14 8
592 569 15 8
592 592 16 8
592 569 17 8
592 570 18 8
592 673 19 8
592 591 20 8
45 29 4 9
45 51 4 9
45 125 4 9
45 128 4 9
45 1 5 9
45 24 5 9
45 38 5 9
45 5 6 9
45 43 6 9
45 125 6 9
45 1 7 9
45 20 7 9
45 44 7 9
45 118 7 9
45 155 8 9
45 23 9 9
45 49 9 9
45 83 9 9
45 156 9 9
45 27 10 9
45 46 10 9
45 112 10 9
45 46 11 9
45 80 11 9
45 10 12 9
45 97 12 9
45 2 13 9
45 6 13 9
45 7 13 9
45 46 13 9
45 97 13 9
45 155 13 9
45 8 14 9
45 16 14 9
45 76 14 9
45 83 15 9
45 76 16 9
45 82 17 9
45 155 18 9
45 2 19 9
45 49 19 9
121 29 4 9
121 51 4 9
121 125 4 9
121 128 4 9
121 1 5 9
121 24 5 9
121 38 5 9
121 225 5 9
121 5 6 9
121 43 6 9
121 125 6 9
121 1 7 9
121 20 7 9
121 44 7 9
121 118 7 9
121 155 8 9
121 23 9 9
121 49 9 9
121 83 9 9
121 156 9 9
121 27 10 9
121 46 10 9
121 112 10 9
121 46 11 9
121 80 11 9
121 220 11 9
121 10 12 9
121 97 12 9
121 2 13 9
121 6 13 9
121 7 13 9
121 46 13 9
121 97 13 9
121 155 13 9
121 8 14 9
121 16 14 9
121 76 14 9
121 83 15 9
121 76 16 9
121 82 17 9
121 155 18 9
121 2 19 9
121 49 19 9
315 225 5 9
315 408 5 9
315 362 6 9
315 408 7 9
315 359 8 9
315 341 9 9
315 358 10 9
315 220 11 9
315 361 11 9
315 278 12 9
315 284 13 9
315 282 14 9
315 323 15 9
315 360 16 9
315 361 17 9
315 288 18 9
315 247 19 9
315 321 19 9
569 466 4 9
569 592 4 9
569 592 5 9
569 570 6 9
569 569 7 9
569 592 8 9
569 569 9 9
569 592 10 9
569 568 11 9
569 569 12 9
569 568 13 9
569 569 14 9
569 592 15 9
569 569 16 9
569 570 17 9
569 673 18 9
569 591 19 9
39 1 4 10
39 24 4 10
39 38 4 10
39 5 5 10
39 43 5 10
39 125 5 10
39 1 6 10
39 20 6 10
39 44 6 10
39 118 6 10
39 155 7 10
39 23 8 10
39 49 8 10
39 83 8 10
39 156 8 10
39 27 9 10
39 46 9 10
39 112 9 10
39 46 10 10
39 80 10 10
39 10 11 10
39 97 11 10
39 2 12 10
39 6 12 10
39 7 12 10
39 46 12 10
39 97 12 10
39 155 12 10
39 8 13 10
39 16 13 10
39 76 13 10
39 83 14 10
39 76 15 10
39 82 16 10
39 155 17 10
39 2 18 10
39 49 18 10
407 408 4 10
407 362 5 10
407 408 6 10
407 359 7 10
407 341 8 10
407 358 9 10
407 361 10 10
407 323 14 10
407 360 15 10
407 361 16 10
407 288 17 10
407 321 18 10
581 592 4 10
581 570 5 10
581 569 6 10
581 592 7 10
581 569 8 10
581 592 9 10
581 568 10 10
581 569 11 10
581 568 12 10
581 569 13 10
581 592 14 10
581 569 15 10
581 570 16 10
581 673 17 10
581 591 18 10
120 5 4 11
120 43 4 11
120 125 4 11
120 1 5 11
120 20 5 11
120 44 5 11
120 118 5 11
120 155 6 11
120 23 7 11
120 49 7 11
120 83 7 11
120 156 7 11
120 27 8 11
120 46 8 11
120 112 8 11
120 46 9 11
120 80 9 11
120 220 9 11
120 10 10 11
120 97 10 11
120 2 11 11
120 6 11 11
120 7 11 11
120 46 11 11
120 97 11 11
120 155 11 11
120 8 12 11
120 16 12 11
120 76 12 11
120 83 13 11
120 76 14 11
120 82 15 11
120 155 16 11
120 2 17 11
120 49 17 11
340 362 4 11
340 408 5 11
340 359 6 11
340 341 7 11
340 358 8 11
340 220 9 11
340 361 9 11
340 278 10 11
340 284 11 11
340 282 12 11
340 323 13 11
340 360 14 11
340 361 15 11
340 288 16 11
340 247 17 11
340 321 17 11
592 570 4 11
592 569 5 11
592 592 6 11
592 569 7 11
592 592 8 11
592 568 9 11
592 569 10 11
592 568 11 11
592 569 12 11
592 592 13 11
592 569 14 11
592 570 15 11
592 673 16 11
592 591 17 11
37 1 4 12
37 20 4 12
37 44 4 12
37 118 4 12
37 155 5 12
37 23 6 12
37 49 6 12
37 83 6 12
37 156 6 12
37 27 7 12
37 46 7 12
37 112 7 12
37 46 8 12
37 80 8 12
37 10 9 12
37 97 9 12
37 2 10 12
37 6 10 12
37 7 10 12
37 46 10 12
37 97 10 12
37 155 10 12
37 8 11 12
37 16 11 12
37 76 11 12
37 83 12 12
37 76 13 12
37 82 14 12
37 155 15 12
37 2 16 12
37 49 16 12
99 1 4 12
99 20 4 12
99 44 4 12
99 118 4 12
99 155 5 12
99 23 6 12
99 49 6 12
99 83 6 12
99 156 6 12
99 27 7 12
99 46 7 12
99 112 7 12
99 46 8 12
99 80 8 12
99 10 9 12
99 97 9 12
99 2 10 12
99 6 10 12
99 7 10 12
99 46 10 12
99 97 10 12
99 155 10 12
99 8 11 12
99 16 11 12
99 76 11 12
99 83 12 12
99 76 13 12
99 82 14 12
99 155 15 12
99 2 16 12
99 49 16 12
224 118 4 12
224 155 5 12
224 156 6 12
224 341 6 12
224 112 7 12
224 220 8 12
224 278 9 12
224 155 10 12
224 284 10 12
224 282 11 12
224 323 12 12
224 155 15 12
224 288 15 12
224 247 16 12
224 321 16 12
362 408 4 12
362 359 5 12
362 341 6 12
362 358 7 12
362 361 8 12
362 278 9 12
362 284 10 12
362 282 11 12
362 323 12 12
362 360 13 12
362 361 14 12
362 288 15 12
362 247 16 12
362 321 16 12
646 569 4 12
646 592 5 12
646 569 6 12
646 592 7 12
646 568 8 12
646 569 9 12
646 568 10 12
646 569 11 12
646 592 12 12
646 569 13 12
646 570 14 12
646 673 15 12
646 591 16 12
29 23 5 13
29 49 5 13
29 83 5 13
29 27 6 13
29 46 6 13
29 112 6 13
29 46 7 13
29 80 7 13
29 10 8 13
29 97 8 13
29 2 9 13
29 6 9 13
29 7 9 13
29 46 9 13
29 97 9 13
29 8 10 13
29 16 10 13
29 76 10 13
29 83 11 13
29 76 12 13
29 82 13 13
29 2 15 13
29 49 15 13
51 155 4 13
51 23 5 13
51 49 5 13
51 83 5 13
51 156 5 13
51 27 6 13
51 46 6 13
51 112 6 13
51 46 7 13
51 80 7 13
51 10 8 13
51 97 8 13
51 2 9 13
51 6 9 13
51 7 9 13
51 46 9 13
51 97 9 13
51 155 9 13
51 8 10 13
51 16 10 13
51 76 10 13
51 83 11 13
51 76 12 13
51 82 13 13
51 155 14 13
51 2 15 13
51 49 15 13
125 155 4 13
125 23 5 13
125 49 5 13
125 83 5 13
125 156 5 13
125 27 6 13
125 46 6 13
125 112 6 13
125 46 7 13
125 80 7 13
125 220 7 13
125 10 8 13
125 97 8 13
125 6 9 13
125 7 9 13
125 46 9 13
125 97 9 13
125 155 9 13
125 8 10 13
125 16 10 13
125 76 10 13
125 83 11 13
125 76 12 13
125 82 13 13
125 155 14 13
125 49 15 13
128 155 4 13
128 23 5 13
128 49 5 13
128 83 5 13
128 156 5 13
128 27 6 13
128 46 6 13
128 112 6 13
128 46 7 13
128 80 7 13
128 220 7 13
128 10 8 13
128 97 8 13
128 46 9 13
128 97 9 13
128 155 9 13
128 8 10 13
128 16 10 13
128 76 10 13
128 83 11 13
128 76 12 13
128 82 13 13
128 155 14 13
128 49 15 13
128 247 15 13
466 359 4 13
466 569 5 13
466 358 6 13
466 361 7 13
466 568 7 13
466 569 8 13
466 568 9 13
466 569 10 13
466 360 12 13
466 569 12 13
466 361 13 13
466 570 13 13
592 592 4 13
592 569 5 13
592 592 6 13
592 568 7 13
592 569 8 13
592 568 9 13
592 569 10 13
592 592 11 13
592 569 12 13
592 570 13 13
592 673 14 13
592 591 15 13
1 23 4 14
1 49 4 14
1 83 4 14
1 27 5 14
1 46 5 14
1 112 5 14
1 46 6 14
1 80 6 14
1 10 7 14
1 97 7 14
1 2 8 14
1 6 8 14
1 7 8 14
1 46 8 14
1 97 8 14
1 8 9 14
1 16 9 14
1 76 9 14
1 83 10 14
1 76 11 14
1 82 12 14
1 2 14 14
1 49 14 14
24 23 4 14
24 49 4 14
24 83 4 14
24 27 5 14
24 46 5 14
24 112 5 14
24 46 6 14
24 80 6 14
24 10 7 14
24 97 7 14
24 2 8 14
24 6 8 14
24 7 8 14
24 46 8 14
24 97 8 14
24 8 9 14
24 16 9 14
24 76 9 14
24 83 10 14
24 76 11 14
24 82 12 14
24 2 14 14
24 49 14 14
38 23 4 14
38 49 4 14
38 83 4 14
38 156 4 14
38 27 5 14
38 46 5 14
38 112 5 14
38 46 6 14
38 80 6 14
38 10 7 14
38 97 7 14
38 2 8 14
38 6 8 14
38 7 8 14
38 46 8 14
38 97 8 14
38 155 8 14
38 8 9 14
38 16 9 14
38 76 9 14
38 83 10 14
38 76 11 14
38 82 12 14
38 155 13 14
38 2 14 14
38 49 14 14
225 156 4 14
225 341 4 14
225 112 5 14
225 220 6 14
225 278 7 14
225 155 8 14
225 284 8 14
225 282 9 14
225 323 10 14
225 155 13 14
225 288 13 14
225 247 14 14
225 321 14 14
408 341 4 14
408 358 5 14
408 361 6 14
408 323 10 14
408 360 11 14
408 361 12 14
408 288 13 14
408 321 14 14
592 569 4 14
592 592 5 14
592 568 6 14
592 569 7 14
592 568 8 14
592 569 9 14
592 592 10 14
592 569 11 14
592 570 12 14
592 673 13 14
592 591 14 14
5 27 4 15
5 46 4 15
5 112 4 15
5 46 5 15
5 80 5 15
5 10 6 15
5 97 6 15
5 2 7 15
5 6 7 15
5 7 7 15
5 46 7 15
5 97 7 15
5 8 8 15
5 16 8 15
5 76 8 15
5 83 9 15
5 76 10 15
5 82 11 15
5 2 13 15
5 49 13 15
43 27 4 15
43 46 4 15
43 112 4 15
43 46 5 15
43 80 5 15
43 10 6 15
43 97 6 15
43 2 7 15
43 6 7 15
43 7 7 15
43 46 7 15
43 97 7 15
43 155 7 15
43 8 8 15
43 16 8 15
43 76 8 15
43 83 9 15
43 76 10 15
43 82 11 15
43 155 12 15
43 2 13 15
43 49 13 15
125 27 4 15
125 46 4 15
125 112 4 15
125 46 5 15
125 80 5 15
125 220 5 15
125 10 6 15
125 97 6 15
125 6 7 15
125 7 7 15
125 46 7 15
125 97 7 15
125 155 7 15
125 8 8 15
125 16 8 15
125 76 8 15
125 83 9 15
125 76 10 15
125 82 11 15
125 155 12 15
125 49 13 15
362 358 4 15
362 361 5 15
362 278 6 15
362 284 7 15
362 282 8 15
362 323 9 15
362 360 10 15
362 361 11 15
362 288 12 15
362 247 13 15
362 321 13 15
570 592 4 15
570 568 5 15
570 569 6 15
570 568 7 15
570 569 8 15
570 592 9 15
570 569 10 15
570 570 11 15
570 673 12 15
570 591 13 15
1 46 4 16
1 80 4 16
1 10 5 16
1 97 5 16
1 2 6 16
1 6 6 16
1 7 6 16
1 46 6 16
1 97 6 16
1 8 7 16
1 16 7 16
1 76 7 16
1 83 8 16
1 76 9 16
1 82 10 16
1 2 12 16
1 49 12 16
20 46 4 16
20 80 4 16
20 10 5 16
20 97 5 16
20 2 6 16
20 6 6 16
20 7 6 16
20 46 6 16
20 97 6 16
20 8 7 16
20 16 7 16
20 76 7 16
20 83 8 16
20 76 9 16
20 82 10 16
20 2 12 16
20 49 12 16
44 46 4 16
44 80 4 16
44 10 5 16
44 97 5 16
44 2 6 16
44 6 6 16
44 7 6 16
44 46 6 16
44 97 6 16
44 155 6 16
44 8 7 16
44 16 7 16
44 76 7 16
44 83 8 16
44 76 9 16
44 82 10 16
44 155 11 16
44 2 12 16
44 49 12 16
118 46 4 16
118 80 4 16
118 220 4 16
118 10 5 16
118 97 5 16
118 2 6 16
118 6 6 16
118 7 6 16
118 46 6 16
118 97 6 16
118 155 6 16
118 8 7 16
118 16 7 16
118 76 7 16
118 83 8 16
118 76 9 16
118 82 10 16
118 155 11 16
118 2 12 16
118 49 12 16
408 361 4 16
408 323 8 16
408 360 9 16
408 361 10 16
408 288 11 16
408 321 12 16
569 568 4 16
569 569 5 16
569 568 6 16
569 569 7 16
569 592 8 16
569 569 9 16
569 570 10 16
569 673 11 16
569 591 12 16
155 97 4 17
155 46 5 17
155 97 5 17
155 155 5 17
155 76 6 17
155 83 7 17
155 76 8 17
155 82 9 17
155 155 10 17
155 49 11 17
155 247 11 17
359 278 4 17
359 284 5 17
359 282 6 17
359 323 7 17
359 360 8 17
359 361 9 17
359 288 10 17
359 247 11 17
359 321 11 17
592 569 4 17
592 568 5 17
592 569 6 17
592 592 7 17
592 569 8 17
592 570 9 17
592 673 10 17
592 591 11 17
23 2 4 18
23 6 4 18
23 7 4 18
23 46 4 18
23 97 4 18
23 8 5 18
23 16 5 18
23 76 5 18
23 83 6 18
23 76 7 18
23 82 8 18
23 2 10 18
23 49 10 18
49 2 4 18
49 6 4 18
49 7 4 18
49 46 4 18
49 97 4 18
49 155 4 18
49 8 5 18
49 16 5 18
49 76 5 18
49 83 6 18
49 76 7 18
49 82 8 18
49 155 9 18
49 2 10 18
49 49 10 18
83 2 4 18
83 6 4 18
83 7 4 18
83 46 4 18
83 97 4 18
83 155 4 18
83 8 5 18
83 16 5 18
83 76 5 18
83 83 6 18
83 76 7 18
83 82 8 18
83 155 9 18
83 2 10 18
83 49 10 18
156 46 4 18
156 97 4 18
156 155 4 18
156 76 5 18
156 83 6 18
156 76 7 18
156 82 8 18
156 155 9 18
156 49 10 18
156 247 10 18
341 284 4 18
341 282 5 18
341 323 6 18
341 360 7 18
341 361 8 18
341 288 9 18
341 247 10 18
341 321 10 18
569 568 4 18
569 569 5 18
569 592 6 18
569 569 7 18
569 570 8 18
569 673 9 18
569 591 10 18
27 8 4 19
27 16 4 19
27 76 4 19
27 83 5 19
27 76 6 19
27 82 7 19
27 2 9 19
27 49 9 19
46 8 4 19
46 16 4 19
46 76 4 19
46 83 5 19
46 76 6 19
46 82 7 19
46 155 8 19
46 2 9 19
46 49 9 19
112 8 4 19
112 16 4 19
112 76 4 19
112 83 5 19
112 76 6 19
112 82 7 19
112 155 8 19
112 2 9 19
112 49 9 19
358 282 4 19
358 323 5 19
358 360 6 19
358 361 7 19
358 288 8 19
358 247 9 19
358 321 9 19
592 569 4 19
592 592 5 19
592 569 6 19
592 570 7 19
592 673 8 19
592 591 9 19
46 83 4 20
46 76 5 20
46 82 6 20
46 155 7 20
46 2 8 20
46 49 8 20
80 83 4 20
80 76 5 20
80 82 6 20
80 155 7 20
80 2 8 20
80 49 8 20
220 323 4 20
220 155 7 20
220 288 7 20
220 247 8 20
220 321 8 20
361 323 4 20
361 360 5 20
361 361 6 20
361 288 7 20
361 247 8 20
361 321 8 20
568 592 4 20
568 569 5 20
568 570 6 20
568 673 7 20
568 591 8 20
10 76 4 21
10 82 5 21
10 2 7 21
10 49 7 21
97 76 4 21
97 82 5 21
97 155 6 21
97 2 7 21
97 49 7 21
278 360 4 21
278 361 5 21
278 288 6 21
278 247 7 21
278 321 7 21
569 569 4 21
569 570 5 21
569 673 6 21
569 591 7 21
2 82 4 22
2 2 6 22
2 49 6 22
6 82 4 22
6 2 6 22
6 49 6 22
7 82 4 22
7 2 6 22
7 49 6 22
46 82 4 22
46 155 5 22
46 2 6 22
46 49 6 22
97 82 4 22
97 155 5 22
97 2 6 22
97 49 6 22
155 82 4 22
155 155 5 22
155 49 6 22
155 247 6 22
284 361 4 22
284 288 5 22
284 247 6 22
284 321 6 22
568 570 4 22
568 673 5 22
568 591 6 22
8 2 5 23
8 49 5 23
16 2 5 23
16 49 5 23
76 155 4 23
76 2 5 23
76 49 5 23
282 288 4 23
282 247 5 23
282 321 5 23
569 673 4 23
569 591 5 23
83 2 4 24
83 49 4 24
323 247 4 24
323 321 4 24
592 591 4 24
