46 95 18 0
46 144 23 0
46 52 41 0
69 95 18 0
69 144 23 0
69 52 41 0
158 95 18 0
158 275 22 0
158 144 23 0
158 52 41 0
453 451 4 0
453 453 6 0
453 413 17 0
453 451 18 0
453 446 19 0
453 453 20 0
453 452 21 0
453 552 23 0
453 390 41 0
596 614 4 0
596 614 5 0
596 615 6 0
596 589 17 0
596 596 18 0
596 615 19 0
596 633 20 0
596 633 21 0
596 601 22 0
596 552 23 0
596 596 41 0
292 289 4 1
292 275 21 1
292 310 22 1
292 390 40 1
292 378 43 1
610 614 4 1
610 615 5 1
610 589 16 1
610 596 17 1
610 615 18 1
610 633 19 1
610 633 20 1
610 601 21 1
610 552 22 1
610 596 40 1
610 633 43 1
135 95 16 2
135 144 21 2
135 52 39 2
135 105 42 2
135 128 42 2
135 51 43 2
135 199 43 2
273 275 20 2
273 310 21 2
273 390 39 2
273 378 42 2
273 199 43 2
273 341 43 2
615 615 4 2
615 589 15 2
615 596 16 2
615 615 17 2
615 633 18 2
615 633 19 2
615 601 20 2
615 552 21 2
615 596 39 2
615 633 42 2
615 633 43 2
299 413 14 3
299 275 19 3
299 310 20 3
299 390 38 3
299 378 41 3
299 199 42 3
299 341 42 3
299 206 43 3
616 589 14 3
616 596 15 3
616 615 16 3
616 633 17 3
616 633 18 3
616 601 19 3
616 552 20 3
616 596 38 3
616 633 41 3
616 633 42 3
616 541 43 3
451 413 13 4
451 451 14 4
451 446 15 4
451 453 16 4
451 452 17 4
451 552 19 4
451 390 37 4
451 378 40 4
451 341 41 4
451 453 42 4
451 541 42 4
451 450 43 4
614 589 13 4
614 596 14 4
614 615 15 4
614 633 16 4
614 633 17 4
614 601 18 4
614 552 19 4
614 596 37 4
614 633 40 4
614 633 41 4
614 541 42 4
289 275 17 5
289 310 18 5
289 390 36 5
289 378 39 5
289 199 40 5
289 341 40 5
289 206 41 5
614 589 12 5
614 596 13 5
614 615 14 5
614 633 15 5
614 633 16 5
614 601 17 5
614 552 18 5
614 596 36 5
614 633 39 5
614 633 40 5
614 541 41 5
614 554 43 5
453 413 11 6
453 451 12 6
453 446 13 6
453 453 14 6
453 452 15 6
453 552 17 6
453 390 35 6
453 378 38 6
453 341 39 6
453 453 40 6
453 541 40 6
453 450 41 6
453 554 42 6
453 453 43 6
453 562 43 6
615 589 11 6
615 596 12 6
615 615 13 6
615 633 14 6
615 633 15 6
615 601 16 6
615 552 17 6
615 596 35 6
615 633 38 6
615 633 39 6
615 541 40 6
615 554 42 6
615 562 43 6
413 452 4 17
413 310 6 17
413 390 24 17
413 378 27 17
413 341 28 17
413 453 29 17
413 450 30 17
413 453 32 17
413 488 34 17
413 504 35 17
413 493 36 17
413 526 36 17
413 320 37 17
413 341 39 17
589 633 4 17
589 601 5 17
589 552 6 17
589 596 24 17
589 633 27 17
589 633 28 17
589 541 29 17
589 554 31 17
589 562 32 17
589 561 33 17
589 488 34 17
589 561 34 17
589 504 35 17
589 533 35 17
589 493 36 17
589 526 36 17
589 536 37 17
589 584 38 17
589 584 39 17
95 144 5 18
95 52 23 18
95 105 26 18
95 128 26 18
95 51 27 18
95 199 27 18
95 86 28 18
95 206 28 18
95 19 29 18
95 31 29 18
95 125 30 18
95 129 30 18
95 44 32 18
95 129 32 18
95 199 36 18
95 18 37 18
95 53 38 18
95 106 38 18
95 199 38 18
451 552 5 18
451 390 23 18
451 378 26 18
451 341 27 18
451 453 28 18
451 541 28 18
451 450 29 18
451 554 30 18
451 453 31 18
451 562 31 18
451 561 32 18
451 488 33 18
451 561 33 18
451 504 34 18
451 533 34 18
451 493 35 18
451 526 35 18
451 536 36 18
451 341 38 18
596 601 4 18
596 552 5 18
596 596 23 18
596 633 26 18
596 633 27 18
596 541 28 18
596 554 30 18
596 562 31 18
596 561 32 18
596 488 33 18
596 561 33 18
596 504 34 18
596 533 34 18
596 493 35 18
596 526 35 18
596 536 36 18
596 584 37 18
596 584 38 18
446 552 4 19
446 390 22 19
446 378 25 19
446 341 26 19
446 453 27 19
446 541 27 19
446 450 28 19
446 554 29 19
446 453 30 19
446 562 30 19
446 561 31 19
446 488 32 19
446 561 32 19
446 504 33 19
446 533 33 19
446 493 34 19
446 526 34 19
446 536 35 19
446 341 37 19
615 552 4 19
615 596 22 19
615 633 25 19
615 633 26 19
615 541 27 19
615 554 29 19
615 562 30 19
615 561 31 19
615 561 32 19
615 504 33 19
615 533 33 19
615 526 34 19
615 536 35 19
615 584 36 19
615 584 37 19
453 390 21 20
453 378 24 20
453 341 25 20
453 453 26 20
453 541 26 20
453 450 27 20
453 554 28 20
453 453 29 20
453 562 29 20
453 561 30 20
453 488 31 20
453 561 31 20
453 504 32 20
453 533 32 20
453 493 33 20
453 526 33 20
453 536 34 20
453 341 36 20
633 596 21 20
633 633 24 20
633 633 25 20
633 541 26 20
633 554 28 20
633 562 29 20
633 561 30 20
633 561 31 20
633 533 32 20
633 526 33 20
633 536 34 20
633 584 35 20
633 584 36 20
452 390 20 21
452 378 23 21
452 341 24 21
452 453 25 21
452 541 25 21
452 450 26 21
452 554 27 21
452 453 28 21
452 562 28 21
452 561 29 21
452 488 30 21
452 561 30 21
452 504 31 21
452 533 31 21
452 493 32 21
452 526 32 21
452 536 33 21
452 341 35 21
633 596 20 21
633 633 23 21
633 633 24 21
633 541 25 21
633 554 27 21
633 562 28 21
633 561 29 21
633 561 30 21
633 533 31 21
633 526 32 21
633 536 33 21
633 584 34 21
633 584 35 21
275 390 19 22
275 378 22 22
275 199 23 22
275 341 23 22
275 206 24 22
275 243 27 22
275 255 28 22
275 199 32 22
275 320 32 22
275 225 33 22
275 261 33 22
275 199 34 22
275 341 34 22
601 596 19 22
601 633 22 22
601 633 23 22
601 541 24 22
601 554 26 22
601 562 27 22
601 561 28 22
601 488 29 22
601 561 29 22
601 504 30 22
601 533 30 22
601 493 31 22
601 526 31 22
601 536 32 22
601 584 33 22
601 584 34 22
144 52 18 23
144 105 21 23
144 128 21 23
144 51 22 23
144 199 22 23
144 86 23 23
144 206 23 23
144 31 24 23
144 125 25 23
144 129 25 23
144 243 26 23
144 44 27 23
144 129 27 23
144 255 27 23
144 199 31 23
144 225 32 23
144 261 32 23
144 53 33 23
144 106 33 23
144 199 33 23
310 390 18 23
310 378 21 23
310 199 22 23
310 341 22 23
310 206 23 23
310 243 26 23
310 255 27 23
310 199 31 23
310 320 31 23
310 225 32 23
310 261 32 23
310 199 33 23
310 341 33 23
552 596 18 23
552 633 21 23
552 633 22 23
552 453 23 23
552 541 23 23
552 450 24 23
552 554 25 23
552 453 26 23
552 562 26 23
552 561 27 23
552 488 28 23
552 561 28 23
552 504 29 23
552 533 29 23
552 493 30 23
552 526 30 23
552 536 31 23
552 584 32 23
552 584 33 23
52 51 4 41
52 86 5 41
52 19 6 41
52 31 6 41
52 125 7 41
52 129 7 41
52 44 9 41
52 129 9 41
52 18 14 41
52 53 15 41
52 106 15 41
390 341 4 41
390 453 5 41
390 450 6 41
390 453 8 41
390 488 10 41
390 504 11 41
390 493 12 41
390 320 13 41
390 341 15 41
596 633 4 41
596 541 5 41
596 554 7 41
596 562 8 41
596 561 9 41
596 488 10 41
596 561 10 41
596 504 11 41
596 533 11 41
596 493 12 41
596 526 12 41
596 536 13 41
596 584 14 41
596 584 15 41
105 125 4 44
105 129 4 44
105 44 6 44
105 129 6 44
105 199 10 44
105 18 11 44
105 53 12 44
105 106 12 44
105 199 12 44
128 125 4 44
128 129 4 44
128 243 5 44
128 44 6 44
128 129 6 44
128 199 10 44
128 18 11 44
128 225 11 44
128 53 12 44
128 106 12 44
128 199 12 44
378 453 5 44
378 488 7 44
378 493 9 44
378 320 10 44
378 261 11 44
378 341 12 44
633 554 4 44
633 562 5 44
633 561 6 44
633 561 7 44
633 533 8 44
633 526 9 44
633 536 10 44
633 584 11 44
633 584 12 44
51 44 5 45
51 129 5 45
51 18 10 45
51 53 11 45
51 106 11 45
199 243 4 45
199 129 5 45
199 255 5 45
199 199 9 45
199 225 10 45
199 261 10 45
199 106 11 45
199 199 11 45
341 243 4 45
341 453 4 45
341 255 5 45
341 320 9 45
341 225 10 45
341 261 10 45
341 341 11 45
633 562 4 45
633 561 5 45
633 561 6 45
633 533 7 45
633 526 8 45
633 536 9 45
633 584 10 45
633 584 11 45
86 44 4 46
86 129 4 46
86 199 8 46
86 18 9 46
86 53 10 46
86 106 10 46
86 199 10 46
206 129 4 46
206 255 4 46
206 199 8 46
206 320 8 46
206 225 9 46
206 261 9 46
206 106 10 46
206 199 10 46
453 561 4 46
453 488 5 46
453 561 5 46
453 504 6 46
453 533 6 46
453 493 7 46
453 526 7 46
453 536 8 46
453 341 10 46
541 561 4 46
541 488 5 46
541 561 5 46
541 504 6 46
541 533 6 46
541 493 7 46
541 526 7 46
541 536 8 46
541 584 9 46
541 584 10 46
19 18 8 47
19 53 9 47
19 106 9 47
31 18 8 47
31 53 9 47
31 106 9 47
450 488 4 47
450 561 4 47
450 504 5 47
450 533 5 47
450 493 6 47
450 526 6 47
450 536 7 47
450 341 9 47
125 199 6 48
125 18 7 48
125 225 7 48
125 53 8 48
125 106 8 48
125 199 8 48
129 199 6 48
129 18 7 48
129 225 7 48
129 53 8 48
129 106 8 48
129 199 8 48
554 504 4 48
554 533 4 48
554 493 5 48
554 526 5 48
554 536 6 48
554 584 7 48
554 584 8 48
243 199 5 49
243 320 5 49
243 225 6 49
243 261 6 49
243 199 7 49
243 341 7 49
453 493 4 49
453 526 4 49
453 536 5 49
453 341 7 49
562 493 4 49
562 526 4 49
562 536 5 49
562 584 6 49
562 584 7 49
44 18 5 50
44 53 6 50
44 106 6 50
129 199 4 50
129 18 5 50
129 225 5 50
129 53 6 50
129 106 6 50
129 199 6 50
255 199 4 50
255 320 4 50
255 225 5 50
255 261 5 50
255 199 6 50
255 341 6 50
561 536 4 50
561 584 5 50
561 584 6 50
488 584 4 51
488 584 5 51
561 584 4 51
561 584 5 51
504 584 4 52
533 584 4 52
