160 163 4 28
160 163 5 28
160 86 6 28
160 163 6 28
160 77 7 28
160 154 8 28
160 52 9 28
160 149 9 28
160 99 10 28
160 152 10 28
160 98 11 28
160 95 12 28
160 53 19 28
160 52 25 28
160 267 25 28
366 310 4 28
366 369 5 28
366 319 6 28
366 295 7 28
366 306 8 28
366 319 9 28
366 318 10 28
366 315 11 28
366 320 12 28
366 319 13 28
366 319 15 28
366 318 16 28
366 319 17 28
366 319 19 28
366 321 20 28
366 322 21 28
366 323 23 28
366 310 24 28
366 267 25 28
366 319 26 28
366 465 27 28
572 615 4 28
572 565 5 28
572 548 6 28
572 533 7 28
572 548 8 28
572 572 9 28
572 572 10 28
572 573 11 28
572 573 12 28
572 573 13 28
572 573 14 28
572 616 15 28
572 655 16 28
572 624 17 28
572 573 18 28
572 574 19 28
572 616 20 28
572 573 21 28
572 573 22 28
572 616 23 28
572 573 24 28
572 573 25 28
572 548 26 28
572 465 27 28
572 662 27 28
161 163 4 29
161 86 5 29
161 163 5 29
161 77 6 29
161 154 7 29
161 52 8 29
161 149 8 29
161 99 9 29
161 152 9 29
161 98 10 29
161 95 11 29
161 53 18 29
161 52 24 29
161 267 24 29
369 369 4 29
369 319 5 29
369 295 6 29
369 306 7 29
369 319 8 29
369 318 9 29
369 315 10 29
369 320 11 29
369 319 12 29
369 319 14 29
369 318 15 29
369 319 16 29
369 319 18 29
369 321 19 29
369 322 20 29
369 323 22 29
369 310 23 29
369 267 24 29
369 319 25 29
369 465 26 29
581 565 4 29
581 548 5 29
581 533 6 29
581 548 7 29
581 572 8 29
581 572 9 29
581 573 10 29
581 573 11 29
581 573 12 29
581 573 13 29
581 616 14 29
581 655 15 29
581 624 16 29
581 573 17 29
581 574 18 29
581 616 19 29
581 573 20 29
581 573 21 29
581 616 22 29
581 573 23 29
581 573 24 29
581 548 25 29
581 465 26 29
581 662 26 29
581 696 27 29
313 319 4 30
313 295 5 30
313 306 6 30
313 319 7 30
313 318 8 30
313 315 9 30
313 320 10 30
313 319 11 30
313 319 13 30
313 318 14 30
313 319 15 30
313 319 17 30
313 321 18 30
313 322 19 30
313 323 21 30
313 310 22 30
313 267 23 30
313 319 24 30
573 548 4 30
573 533 5 30
573 548 6 30
573 572 7 30
573 572 8 30
573 573 9 30
573 573 10 30
573 573 11 30
573 573 12 30
573 616 13 30
573 655 14 30
573 624 15 30
573 573 16 30
573 574 17 30
573 616 18 30
573 573 19 30
573 573 20 30
573 616 21 30
573 573 22 30
573 573 23 30
573 548 24 30
573 465 25 30
573 662 25 30
162 77 4 31
162 154 5 31
162 52 6 31
162 149 6 31
162 99 7 31
162 152 7 31
162 98 8 31
162 95 9 31
162 53 16 31
162 52 22 31
162 267 22 31
318 295 4 31
318 306 5 31
318 319 6 31
318 318 7 31
318 315 8 31
318 320 9 31
318 319 10 31
318 319 12 31
318 318 13 31
318 319 14 31
318 319 16 31
318 321 17 31
318 322 18 31
318 323 20 31
318 310 21 31
318 267 22 31
318 319 23 31
573 533 4 31
573 548 5 31
573 572 6 31
573 572 7 31
573 573 8 31
573 573 9 31
573 573 10 31
573 573 11 31
573 616 12 31
573 655 13 31
573 624 14 31
573 573 15 31
573 574 16 31
573 616 17 31
573 573 18 31
573 573 19 31
573 616 20 31
573 573 21 31
573 573 22 31
573 548 23 31
573 465 24 31
573 662 24 31
163 154 4 32
163 52 5 32
163 149 5 32
163 99 6 32
163 152 6 32
163 98 7 32
163 95 8 32
163 53 15 32
163 52 21 32
163 267 21 32
310 306 4 32
310 319 5 32
310 318 6 32
310 315 7 32
310 320 8 32
310 319 9 32
310 319 11 32
310 318 12 32
310 319 13 32
310 319 15 32
310 321 16 32
310 322 17 32
310 323 19 32
310 310 20 32
310 267 21 32
310 319 22 32
615 548 4 32
615 572 5 32
615 572 6 32
615 573 7 32
615 573 8 32
615 573 9 32
615 573 10 32
615 616 11 32
615 655 12 32
615 624 13 32
615 573 14 32
615 574 15 32
615 616 16 32
615 573 17 32
615 573 18 32
615 616 19 32
615 573 20 32
615 573 21 32
615 548 22 32
615 662 23 32
615 696 24 32
163 52 4 33
163 149 4 33
163 99 5 33
163 152 5 33
163 98 6 33
163 95 7 33
163 53 14 33
163 52 20 33
163 267 20 33
369 319 4 33
369 318 5 33
369 315 6 33
369 320 7 33
369 319 8 33
369 319 10 33
369 318 11 33
369 319 12 33
369 319 14 33
369 321 15 33
369 322 16 33
369 323 18 33
369 310 19 33
369 267 20 33
369 319 21 33
369 465 22 33
565 572 4 33
565 572 5 33
565 573 6 33
565 573 7 33
565 573 8 33
565 573 9 33
565 616 10 33
565 655 11 33
565 624 12 33
565 573 13 33
565 574 14 33
565 616 15 33
565 573 16 33
565 573 17 33
565 616 18 33
565 573 19 33
565 573 20 33
565 548 21 33
565 465 22 33
565 662 22 33
86 99 4 34
86 152 4 34
86 98 5 34
86 95 6 34
86 2 11 34
86 15 11 34
86 53 13 34
86 52 19 34
163 99 4 34
163 152 4 34
163 98 5 34
163 95 6 34
163 53 13 34
163 52 19 34
163 267 19 34
319 318 4 34
319 315 5 34
319 320 6 34
319 319 7 34
319 319 9 34
319 318 10 34
319 319 11 34
319 319 13 34
319 321 14 34
319 322 15 34
319 323 17 34
319 310 18 34
319 267 19 34
319 319 20 34
548 572 4 34
548 573 5 34
548 573 6 34
548 573 7 34
548 573 8 34
548 616 9 34
548 655 10 34
548 624 11 34
548 573 12 34
548 574 13 34
548 616 14 34
548 573 15 34
548 573 16 34
548 616 17 34
548 573 18 34
548 573 19 34
548 548 20 34
548 465 21 34
548 662 21 34
77 98 4 35
77 95 5 35
77 2 10 35
77 15 10 35
77 53 12 35
77 52 18 35
295 315 4 35
295 320 5 35
295 319 6 35
295 319 8 35
295 318 9 35
295 319 10 35
295 319 12 35
295 321 13 35
295 322 14 35
295 323 16 35
295 310 17 35
295 267 18 35
295 319 19 35
533 573 4 35
533 573 5 35
533 573 6 35
533 573 7 35
533 616 8 35
533 624 10 35
533 573 11 35
533 574 12 35
533 616 13 35
533 573 14 35
533 573 15 35
533 616 16 35
533 573 17 35
533 573 18 35
533 548 19 35
533 465 20 35
154 95 4 36
154 53 11 36
154 52 17 36
154 267 17 36
306 320 4 36
306 319 5 36
306 319 7 36
306 318 8 36
306 319 9 36
306 319 11 36
306 321 12 36
306 322 13 36
306 323 15 36
306 310 16 36
306 267 17 36
306 319 18 36
548 573 4 36
548 573 5 36
548 573 6 36
548 616 7 36
548 655 8 36
548 624 9 36
548 573 10 36
548 574 11 36
548 616 12 36
548 573 13 36
548 573 14 36
548 616 15 36
548 573 16 36
548 573 17 36
548 548 18 36
548 465 19 36
548 662 19 36
52 2 8 37
52 15 8 37
52 53 10 37
52 52 16 37
149 53 10 37
149 52 16 37
149 267 16 37
319 319 4 37
319 319 6 37
319 318 7 37
319 319 8 37
319 319 10 37
319 321 11 37
319 322 12 37
319 323 14 37
319 310 15 37
319 267 16 37
319 319 17 37
572 573 4 37
572 573 5 37
572 616 6 37
572 655 7 37
572 624 8 37
572 573 9 37
572 574 10 37
572 616 11 37
572 573 12 37
572 573 13 37
572 616 14 37
572 573 15 37
572 573 16 37
572 548 17 37
572 465 18 37
572 662 18 37
99 2 7 38
99 15 7 38
99 53 9 38
99 52 15 38
152 53 9 38
152 52 15 38
152 267 15 38
318 319 5 38
318 318 6 38
318 319 7 38
318 319 9 38
318 321 10 38
318 322 11 38
318 323 13 38
318 310 14 38
318 267 15 38
318 319 16 38
572 573 4 38
572 616 5 38
572 655 6 38
572 624 7 38
572 573 8 38
572 574 9 38
572 616 10 38
572 573 11 38
572 573 12 38
572 616 13 38
572 573 14 38
572 573 15 38
572 548 16 38
572 465 17 38
572 662 17 38
98 2 6 39
98 15 6 39
98 53 8 39
98 52 14 39
315 319 4 39
315 318 5 39
315 319 6 39
315 319 8 39
315 321 9 39
315 322 10 39
315 323 12 39
315 310 13 39
315 267 14 39
315 319 15 39
573 616 4 39
573 655 5 39
573 624 6 39
573 573 7 39
573 574 8 39
573 616 9 39
573 573 10 39
573 573 11 39
573 616 12 39
573 573 13 39
573 573 14 39
573 548 15 39
573 465 16 39
573 662 16 39
95 2 5 40
95 15 5 40
95 53 7 40
95 52 13 40
320 318 4 40
320 319 5 40
320 319 7 40
320 321 8 40
320 322 9 40
320 323 11 40
320 310 12 40
320 267 13 40
320 319 14 40
573 655 4 40
573 624 5 40
573 573 6 40
573 574 7 40
573 616 8 40
573 573 9 40
573 573 10 40
573 616 11 40
573 573 12 40
573 573 13 40
573 548 14 40
573 465 15 40
573 662 15 40
319 319 4 41
319 319 6 41
319 321 7 41
319 322 8 41
319 323 10 41
319 310 11 41
319 267 12 41
319 319 13 41
573 624 4 41
573 573 5 41
573 574 6 41
573 616 7 41
573 573 8 41
573 573 9 41
573 616 10 41
573 573 11 41
573 573 12 41
573 548 13 41
573 465 14 41
573 662 14 41
573 573 4 42
573 574 5 42
573 616 6 42
573 573 7 42
573 573 8 42
573 616 9 42
573 573 10 42
573 573 11 42
573 548 12 42
573 465 13 42
573 662 13 42
319 319 4 43
319 321 5 43
319 322 6 43
319 323 8 43
319 310 9 43
319 267 10 43
319 319 11 43
616 574 4 43
616 616 5 43
616 573 6 43
616 573 7 43
616 616 8 43
616 573 9 43
616 573 10 43
616 548 11 43
616 662 12 43
616 696 13 43
318 321 4 44
318 322 5 44
318 323 7 44
318 310 8 44
318 267 9 44
318 319 10 44
655 616 4 44
655 573 5 44
655 573 6 44
655 616 7 44
655 573 8 44
655 573 9 44
655 548 10 44
655 662 11 44
655 696 12 44
2 52 8 45
15 52 8 45
319 322 4 45
319 323 6 45
319 310 7 45
319 267 8 45
319 319 9 45
624 573 4 45
624 573 5 45
624 616 6 45
624 573 7 45
624 573 8 45
624 548 9 45
624 662 10 45
624 696 11 45
573 573 4 46
573 616 5 46
573 573 6 46
573 573 7 46
573 548 8 46
573 465 9 46
573 662 9 46
53 52 6 47
319 323 4 47
319 310 5 47
319 267 6 47
319 319 7 47
574 616 4 47
574 573 5 47
574 573 6 47
574 548 7 47
574 465 8 47
574 662 8 47
321 310 4 48
321 267 5 48
321 319 6 48
616 573 4 48
616 573 5 48
616 548 6 48
616 662 7 48
616 696 8 48
322 267 4 49
322 319 5 49
573 573 4 49
573 548 5 49
573 465 6 49
573 662 6 49
573 548 4 50
573 465 5 50
573 662 5 50
616 662 4 51
616 696 5 51
