497 400 6 0
497 530 6 0
497 607 9 0
497 422 12 0
497 520 12 0
497 511 13 0
497 519 14 0
497 520 21 0
497 520 23 0
497 594 29 0
497 586 32 0
497 521 33 0
497 563 34 0
497 521 35 0
497 470 36 0
497 406 37 0
497 584 40 0
531 642 5 0
531 530 6 0
531 631 8 0
531 607 9 0
531 422 12 0
531 520 12 0
531 511 13 0
531 519 14 0
531 620 15 0
531 649 20 0
531 520 21 0
531 520 23 0
531 633 24 0
531 633 25 0
531 594 29 0
531 586 32 0
531 521 33 0
531 563 34 0
531 521 35 0
531 470 36 0
531 633 39 0
531 584 40 0
10 0 6 1
10 1 6 1
10 25 6 1
10 31 6 1
10 64 6 1
10 17 14 1
10 40 14 1
10 75 14 1
10 7 15 1
10 6 18 1
10 23 18 1
10 32 18 1
10 108 18 1
10 15 19 1
10 14 20 1
10 14 21 1
10 11 22 1
10 20 22 1
10 34 22 1
10 74 22 1
10 90 25 1
10 59 26 1
10 75 26 1
10 129 26 1
10 57 27 1
10 92 27 1
10 14 33 1
10 15 33 1
10 12 34 1
10 16 34 1
10 41 34 1
10 115 34 1
10 120 37 1
10 127 37 1
10 39 38 1
94 0 6 1
94 1 6 1
94 25 6 1
94 31 6 1
94 64 6 1
94 17 14 1
94 40 14 1
94 75 14 1
94 7 15 1
94 167 15 1
94 167 16 1
94 164 17 1
94 6 18 1
94 23 18 1
94 32 18 1
94 108 18 1
94 139 18 1
94 15 19 1
94 14 20 1
94 14 21 1
94 134 21 1
94 11 22 1
94 20 22 1
94 34 22 1
94 74 22 1
94 200 23 1
94 199 24 1
94 90 25 1
94 199 25 1
94 59 26 1
94 75 26 1
94 129 26 1
94 57 27 1
94 92 27 1
94 201 27 1
94 200 28 1
94 140 31 1
94 159 32 1
94 14 33 1
94 15 33 1
94 130 33 1
94 12 34 1
94 16 34 1
94 41 34 1
94 115 34 1
94 135 34 1
94 165 35 1
94 120 37 1
94 127 37 1
94 39 38 1
94 203 39 1
436 320 4 1
436 400 5 1
436 530 5 1
436 338 6 1
436 347 8 1
436 422 11 1
436 520 11 1
436 511 12 1
436 319 13 1
436 519 13 1
436 319 14 1
436 317 15 1
436 318 16 1
436 318 17 1
436 319 18 1
436 318 19 1
436 320 20 1
436 520 20 1
436 316 21 1
436 520 22 1
436 521 32 1
436 521 34 1
436 470 35 1
436 406 36 1
436 319 37 1
624 642 4 1
624 530 5 1
624 631 7 1
624 607 8 1
624 520 11 1
624 511 12 1
624 519 13 1
624 620 14 1
624 675 17 1
624 649 19 1
624 520 20 1
624 680 21 1
624 520 22 1
624 633 23 1
624 633 24 1
624 691 26 1
624 669 27 1
624 594 28 1
624 586 31 1
624 521 32 1
624 563 33 1
624 521 34 1
624 633 38 1
624 584 39 1
10 0 5 2
10 1 5 2
10 25 5 2
10 31 5 2
10 64 5 2
10 17 13 2
10 40 13 2
10 75 13 2
10 7 14 2
10 6 17 2
10 23 17 2
10 32 17 2
10 108 17 2
10 15 18 2
10 14 19 2
10 14 20 2
10 11 21 2
10 20 21 2
10 34 21 2
10 74 21 2
10 90 24 2
10 59 25 2
10 75 25 2
10 129 25 2
10 57 26 2
10 92 26 2
10 14 32 2
10 15 32 2
10 12 33 2
10 16 33 2
10 41 33 2
10 115 33 2
10 120 36 2
10 127 36 2
10 39 37 2
319 400 4 2
319 338 5 2
319 347 7 2
319 247 10 2
319 422 10 2
319 226 11 2
319 271 11 2
319 319 12 2
319 319 13 2
319 317 14 2
319 318 15 2
319 318 16 2
319 319 17 2
319 318 18 2
319 320 19 2
319 316 20 2
319 232 21 2
319 288 21 2
319 200 22 2
319 295 22 2
319 199 23 2
319 268 23 2
319 199 24 2
319 260 24 2
319 263 25 2
319 201 26 2
319 264 26 2
319 200 27 2
319 264 27 2
319 296 30 2
319 280 31 2
319 266 32 2
319 286 33 2
319 406 35 2
319 319 36 2
319 203 38 2
675 631 6 2
675 607 7 2
675 620 13 2
675 675 16 2
675 649 18 2
675 680 20 2
675 633 22 2
675 633 23 2
675 691 25 2
675 669 26 2
675 594 27 2
675 586 30 2
675 563 32 2
675 633 37 2
675 584 38 2
23 0 4 3
23 1 4 3
23 25 4 3
23 31 4 3
23 64 4 3
23 17 12 3
23 40 12 3
23 75 12 3
23 7 13 3
23 6 16 3
23 23 16 3
23 32 16 3
23 108 16 3
23 139 16 3
23 15 17 3
23 14 18 3
23 14 19 3
23 134 19 3
23 11 20 3
23 20 20 3
23 34 20 3
23 74 20 3
23 90 23 3
23 59 24 3
23 75 24 3
23 129 24 3
23 57 25 3
23 92 25 3
23 140 29 3
23 14 31 3
23 15 31 3
23 130 31 3
23 12 32 3
23 16 32 3
23 41 32 3
23 115 32 3
23 135 32 3
23 120 35 3
23 127 35 3
23 39 36 3
115 0 4 3
115 1 4 3
115 25 4 3
115 31 4 3
115 64 4 3
115 226 10 3
115 17 12 3
115 40 12 3
115 75 12 3
115 7 13 3
115 167 13 3
115 167 14 3
115 164 15 3
115 6 16 3
115 23 16 3
115 32 16 3
115 108 16 3
115 139 16 3
115 15 17 3
115 14 18 3
115 14 19 3
115 134 19 3
115 11 20 3
115 20 20 3
115 34 20 3
115 74 20 3
115 232 20 3
115 200 21 3
115 199 22 3
115 90 23 3
115 199 23 3
115 59 24 3
115 75 24 3
115 129 24 3
115 57 25 3
115 92 25 3
115 201 25 3
115 200 26 3
115 140 29 3
115 159 30 3
115 14 31 3
115 15 31 3
115 130 31 3
115 12 32 3
115 16 32 3
115 41 32 3
115 115 32 3
115 135 32 3
115 165 33 3
115 120 35 3
115 127 35 3
115 39 36 3
115 203 37 3
229 338 4 3
229 347 6 3
229 247 9 3
229 226 10 3
229 271 10 3
229 319 11 3
229 319 12 3
229 167 13 3
229 317 13 3
229 167 14 3
229 318 14 3
229 164 15 3
229 318 15 3
229 139 16 3
229 319 16 3
229 318 17 3
229 320 18 3
229 134 19 3
229 316 19 3
229 232 20 3
229 288 20 3
229 200 21 3
229 295 21 3
229 199 22 3
229 268 22 3
229 199 23 3
229 260 23 3
229 129 24 3
229 263 24 3
229 201 25 3
229 264 25 3
229 200 26 3
229 264 26 3
229 140 29 3
229 296 29 3
229 159 30 3
229 280 30 3
229 130 31 3
229 266 31 3
229 115 32 3
229 135 32 3
229 286 32 3
229 165 33 3
229 120 35 3
229 127 35 3
229 319 35 3
229 203 37 3
289 338 4 3
289 347 6 3
289 247 9 3
289 226 10 3
289 271 10 3
289 319 11 3
289 319 12 3
289 317 13 3
289 318 14 3
289 318 15 3
289 319 16 3
289 318 17 3
289 320 18 3
289 316 19 3
289 232 20 3
289 288 20 3
289 200 21 3
289 295 21 3
289 199 22 3
289 268 22 3
289 199 23 3
289 260 23 3
289 263 24 3
289 201 25 3
289 264 25 3
289 200 26 3
289 264 26 3
289 296 29 3
289 280 30 3
289 266 31 3
289 286 32 3
289 406 34 3
289 319 35 3
289 203 37 3
675 631 5 3
675 607 6 3
675 620 12 3
675 675 15 3
675 649 17 3
675 680 19 3
675 633 21 3
675 633 22 3
675 691 24 3
675 669 25 3
675 594 26 3
675 586 29 3
675 563 31 3
675 633 36 3
675 584 37 3
675 631 4 4
675 607 5 4
675 620 11 4
675 675 14 4
675 649 16 4
675 680 18 4
675 633 20 4
675 633 21 4
675 691 23 4
675 669 24 4
675 594 25 4
675 586 28 4
675 563 30 4
675 633 35 4
675 584 36 4
320 347 4 5
320 247 7 5
320 422 7 5
320 226 8 5
320 271 8 5
320 319 9 5
320 319 10 5
320 317 11 5
320 318 12 5
320 318 13 5
320 319 14 5
320 318 15 5
320 320 16 5
320 316 17 5
320 232 18 5
320 288 18 5
320 200 19 5
320 295 19 5
320 268 20 5
320 260 21 5
320 263 22 5
320 201 23 5
320 264 23 5
320 200 24 5
320 264 24 5
320 296 27 5
320 280 28 5
320 266 29 5
320 286 30 5
320 406 32 5
320 319 33 5
320 203 35 5
320 318 43 5
642 607 4 5
642 620 10 5
642 675 13 5
642 649 15 5
642 680 17 5
642 633 19 5
642 633 20 5
642 691 22 5
642 669 23 5
642 594 24 5
642 586 27 5
642 563 29 5
642 633 34 5
642 584 35 5
400 422 6 6
400 511 7 6
400 319 8 6
400 519 8 6
400 319 9 6
400 317 10 6
400 318 11 6
400 318 12 6
400 319 13 6
400 318 14 6
400 320 15 6
400 316 16 6
400 288 17 6
400 295 18 6
400 296 26 6
400 280 27 6
400 286 29 6
400 470 30 6
400 406 31 6
400 319 32 6
400 318 42 6
400 472 43 6
530 422 6 6
530 520 6 6
530 511 7 6
530 519 8 6
530 620 9 6
530 649 14 6
530 520 15 6
530 520 17 6
530 633 18 6
530 633 19 6
530 594 23 6
530 586 26 6
530 521 27 6
530 563 28 6
530 521 29 6
530 470 30 6
530 633 33 6
530 584 34 6
530 472 43 6
0 17 8 7
0 40 8 7
0 75 8 7
0 7 9 7
0 6 12 7
0 23 12 7
0 32 12 7
0 108 12 7
0 15 13 7
0 14 14 7
0 14 15 7
0 11 16 7
0 20 16 7
0 34 16 7
0 74 16 7
0 90 19 7
0 59 20 7
0 75 20 7
0 57 21 7
0 92 21 7
0 14 27 7
0 15 27 7
0 12 28 7
0 16 28 7
0 41 28 7
0 115 28 7
0 39 32 7
0 5 41 7
0 2 42 7
0 0 43 7
0 4 43 7
0 11 43 7
0 36 43 7
1 17 8 7
1 40 8 7
1 75 8 7
1 7 9 7
1 6 12 7
1 23 12 7
1 32 12 7
1 108 12 7
1 15 13 7
1 14 14 7
1 14 15 7
1 11 16 7
1 20 16 7
1 34 16 7
1 74 16 7
1 90 19 7
1 59 20 7
1 75 20 7
1 57 21 7
1 92 21 7
1 14 27 7
1 15 27 7
1 12 28 7
1 16 28 7
1 41 28 7
1 115 28 7
1 120 31 7
1 39 32 7
1 5 41 7
1 2 42 7
1 0 43 7
1 4 43 7
1 11 43 7
1 36 43 7
25 17 8 7
25 40 8 7
25 75 8 7
25 7 9 7
25 6 12 7
25 23 12 7
25 32 12 7
25 108 12 7
25 139 12 7
25 15 13 7
25 14 14 7
25 14 15 7
25 134 15 7
25 11 16 7
25 20 16 7
25 34 16 7
25 74 16 7
25 90 19 7
25 59 20 7
25 75 20 7
25 129 20 7
25 57 21 7
25 92 21 7
25 140 25 7
25 14 27 7
25 15 27 7
25 130 27 7
25 12 28 7
25 16 28 7
25 41 28 7
25 115 28 7
25 135 28 7
25 120 31 7
25 127 31 7
25 39 32 7
25 5 41 7
25 2 42 7
25 0 43 7
25 4 43 7
25 11 43 7
25 36 43 7
25 132 43 7
31 17 8 7
31 40 8 7
31 75 8 7
31 7 9 7
31 6 12 7
31 23 12 7
31 32 12 7
31 108 12 7
31 139 12 7
31 15 13 7
31 14 14 7
31 14 15 7
31 134 15 7
31 11 16 7
31 20 16 7
31 34 16 7
31 74 16 7
31 90 19 7
31 59 20 7
31 75 20 7
31 129 20 7
31 57 21 7
31 92 21 7
31 140 25 7
31 14 27 7
31 15 27 7
31 130 27 7
31 12 28 7
31 16 28 7
31 41 28 7
31 115 28 7
31 135 28 7
31 120 31 7
31 127 31 7
31 39 32 7
31 5 41 7
31 2 42 7
31 0 43 7
31 4 43 7
31 11 43 7
31 36 43 7
31 132 43 7
64 17 8 7
64 40 8 7
64 75 8 7
64 7 9 7
64 167 9 7
64 167 10 7
64 164 11 7
64 6 12 7
64 23 12 7
64 32 12 7
64 108 12 7
64 139 12 7
64 15 13 7
64 14 14 7
64 14 15 7
64 134 15 7
64 11 16 7
64 20 16 7
64 34 16 7
64 74 16 7
64 90 19 7
64 59 20 7
64 75 20 7
64 129 20 7
64 57 21 7
64 92 21 7
64 140 25 7
64 159 26 7
64 14 27 7
64 15 27 7
64 130 27 7
64 12 28 7
64 16 28 7
64 41 28 7
64 115 28 7
64 135 28 7
64 165 29 7
64 120 31 7
64 127 31 7
64 39 32 7
64 5 41 7
64 2 42 7
64 0 43 7
64 4 43 7
64 11 43 7
64 36 43 7
64 132 43 7
338 247 5 7
338 422 5 7
338 226 6 7
338 271 6 7
338 319 7 7
338 319 8 7
338 317 9 7
338 318 10 7
338 318 11 7
338 319 12 7
338 318 13 7
338 320 14 7
338 316 15 7
338 232 16 7
338 288 16 7
338 295 17 7
338 268 18 7
338 260 19 7
338 263 20 7
338 264 21 7
338 264 22 7
338 296 25 7
338 280 26 7
338 266 27 7
338 286 28 7
338 406 30 7
338 319 31 7
338 318 41 7
338 319 43 7
631 520 4 8
631 511 5 8
631 519 6 8
631 620 7 8
631 675 10 8
631 649 12 8
631 520 13 8
631 680 14 8
631 520 15 8
631 633 16 8
631 633 17 8
631 691 19 8
631 669 20 8
631 594 21 8
631 586 24 8
631 521 25 8
631 563 26 8
631 521 27 8
631 633 31 8
631 584 32 8
631 675 43 8
347 271 4 9
347 319 5 9
347 319 6 9
347 317 7 9
347 318 8 9
347 318 9 9
347 319 10 9
347 318 11 9
347 320 12 9
347 316 13 9
347 232 14 9
347 288 14 9
347 295 15 9
347 268 16 9
347 260 17 9
347 263 18 9
347 264 19 9
347 264 20 9
347 296 23 9
347 280 24 9
347 266 25 9
347 286 26 9
347 406 28 9
347 319 29 9
347 318 39 9
347 319 41 9
347 370 42 9
347 319 43 9
607 511 4 9
607 519 5 9
607 620 6 9
607 675 9 9
607 649 11 9
607 520 12 9
607 680 13 9
607 520 14 9
607 633 15 9
607 633 16 9
607 691 18 9
607 669 19 9
607 594 20 9
607 586 23 9
607 521 24 9
607 563 25 9
607 521 26 9
607 633 30 9
607 584 31 9
607 675 42 9
607 642 43 9
247 167 4 12
247 317 4 12
247 167 5 12
247 318 5 12
247 164 6 12
247 318 6 12
247 139 7 12
247 319 7 12
247 318 8 12
247 320 9 12
247 134 10 12
247 316 10 12
247 232 11 12
247 288 11 12
247 200 12 12
247 295 12 12
247 199 13 12
247 268 13 12
247 199 14 12
247 260 14 12
247 129 15 12
247 263 15 12
247 201 16 12
247 264 16 12
247 200 17 12
247 264 17 12
247 140 20 12
247 296 20 12
247 159 21 12
247 280 21 12
247 130 22 12
247 266 22 12
247 135 23 12
247 286 23 12
247 165 24 12
247 127 26 12
247 319 26 12
247 203 28 12
247 318 36 12
247 132 38 12
247 319 38 12
247 200 39 12
247 201 40 12
247 319 40 12
247 203 41 12
247 201 42 12
247 320 42 12
247 227 43 12
422 317 4 12
422 318 5 12
422 318 6 12
422 319 7 12
422 318 8 12
422 320 9 12
422 520 9 12
422 316 10 12
422 520 11 12
422 521 21 12
422 521 23 12
422 470 24 12
422 406 25 12
422 319 26 12
422 318 36 12
422 472 37 12
422 319 38 12
422 370 39 12
422 319 40 12
422 406 41 12
422 320 42 12
422 453 43 12
520 520 9 12
520 520 11 12
520 633 12 12
520 633 13 12
520 594 17 12
520 586 20 12
520 521 21 12
520 563 22 12
520 521 23 12
520 470 24 12
520 406 25 12
520 633 27 12
520 584 28 12
520 472 37 12
520 406 41 12
520 633 41 12
520 633 42 12
520 453 43 12
520 636 43 12
226 167 4 13
226 318 4 13
226 164 5 13
226 318 5 13
226 108 6 13
226 139 6 13
226 319 6 13
226 318 7 13
226 320 8 13
226 134 9 13
226 316 9 13
226 232 10 13
226 288 10 13
226 200 11 13
226 295 11 13
226 199 12 13
226 268 12 13
226 199 13 13
226 260 13 13
226 129 14 13
226 263 14 13
226 201 15 13
226 264 15 13
226 200 16 13
226 264 16 13
226 140 19 13
226 296 19 13
226 159 20 13
226 280 20 13
226 130 21 13
226 266 21 13
226 115 22 13
226 135 22 13
226 286 22 13
226 165 23 13
226 120 25 13
226 127 25 13
226 319 25 13
226 203 27 13
226 318 35 13
226 132 37 13
226 319 37 13
226 200 38 13
226 201 39 13
226 319 39 13
226 203 40 13
226 201 41 13
226 320 41 13
226 227 42 13
226 203 43 13
226 320 43 13
271 167 4 13
271 318 4 13
271 164 5 13
271 318 5 13
271 319 6 13
271 318 7 13
271 320 8 13
271 316 9 13
271 232 10 13
271 288 10 13
271 200 11 13
271 295 11 13
271 199 12 13
271 268 12 13
271 199 13 13
271 260 13 13
271 263 14 13
271 201 15 13
271 264 15 13
271 200 16 13
271 264 16 13
271 296 19 13
271 159 20 13
271 280 20 13
271 266 21 13
271 286 22 13
271 165 23 13
271 319 25 13
271 203 27 13
271 318 35 13
271 319 37 13
271 200 38 13
271 370 38 13
271 201 39 13
271 319 39 13
271 203 40 13
271 201 41 13
271 320 41 13
271 227 42 13
271 203 43 13
271 320 43 13
511 520 8 13
511 520 10 13
511 594 16 13
511 586 19 13
511 521 20 13
511 563 21 13
511 521 22 13
511 470 23 13
511 406 24 13
511 584 27 13
511 472 36 13
511 406 40 13
511 453 42 13
511 589 43 13
319 318 4 14
319 319 5 14
319 318 6 14
319 320 7 14
319 316 8 14
319 232 9 14
319 288 9 14
319 200 10 14
319 295 10 14
319 199 11 14
319 268 11 14
319 199 12 14
319 260 12 14
319 263 13 14
319 201 14 14
319 264 14 14
319 200 15 14
319 264 15 14
319 296 18 14
319 280 19 14
319 266 20 14
319 286 21 14
319 406 23 14
319 319 24 14
319 203 26 14
319 318 34 14
319 319 36 14
319 200 37 14
319 370 37 14
319 201 38 14
319 319 38 14
319 203 39 14
319 406 39 14
319 201 40 14
319 320 40 14
319 227 41 14
319 203 42 14
319 320 42 14
519 520 7 14
519 520 9 14
519 633 10 14
519 633 11 14
519 594 15 14
519 586 18 14
519 521 19 14
519 563 20 14
519 521 21 14
519 470 22 14
519 406 23 14
519 633 25 14
519 584 26 14
519 472 35 14
519 406 39 14
519 633 39 14
519 633 40 14
519 453 41 14
519 636 41 14
519 589 42 14
17 6 4 15
17 23 4 15
17 32 4 15
17 108 4 15
17 15 5 15
17 14 6 15
17 14 7 15
17 134 7 15
17 11 8 15
17 20 8 15
17 34 8 15
17 74 8 15
17 90 11 15
17 59 12 15
17 75 12 15
17 129 12 15
17 57 13 15
17 92 13 15
17 14 19 15
17 15 19 15
17 130 19 15
17 12 20 15
17 16 20 15
17 41 20 15
17 115 20 15
17 135 20 15
17 120 23 15
17 127 23 15
17 39 24 15
17 5 33 15
17 2 34 15
17 0 35 15
17 4 35 15
17 11 35 15
17 36 35 15
17 132 35 15
17 2 36 15
17 4 36 15
17 14 36 15
17 15 36 15
17 72 36 15
17 90 37 15
17 94 38 15
17 9 39 15
17 37 39 15
17 94 39 15
17 1 41 15
17 8 41 15
17 19 41 15
17 91 41 15
40 6 4 15
40 23 4 15
40 32 4 15
40 108 4 15
40 139 4 15
40 15 5 15
40 14 6 15
40 14 7 15
40 134 7 15
40 11 8 15
40 20 8 15
40 34 8 15
40 74 8 15
40 90 11 15
40 59 12 15
40 75 12 15
40 129 12 15
40 57 13 15
40 92 13 15
40 140 17 15
40 159 18 15
40 14 19 15
40 15 19 15
40 130 19 15
40 12 20 15
40 16 20 15
40 41 20 15
40 115 20 15
40 135 20 15
40 120 23 15
40 127 23 15
40 39 24 15
40 5 33 15
40 2 34 15
40 0 35 15
40 4 35 15
40 11 35 15
40 36 35 15
40 132 35 15
40 2 36 15
40 4 36 15
40 14 36 15
40 15 36 15
40 72 36 15
40 90 37 15
40 94 38 15
40 9 39 15
40 37 39 15
40 94 39 15
40 1 41 15
40 8 41 15
40 19 41 15
40 91 41 15
75 6 4 15
75 23 4 15
75 32 4 15
75 108 4 15
75 139 4 15
75 15 5 15
75 14 6 15
75 14 7 15
75 134 7 15
75 11 8 15
75 20 8 15
75 34 8 15
75 74 8 15
75 90 11 15
75 59 12 15
75 75 12 15
75 129 12 15
75 57 13 15
75 92 13 15
75 140 17 15
75 159 18 15
75 14 19 15
75 15 19 15
75 130 19 15
75 12 20 15
75 16 20 15
75 41 20 15
75 115 20 15
75 135 20 15
75 165 21 15
75 120 23 15
75 127 23 15
75 39 24 15
75 5 33 15
75 2 34 15
75 0 35 15
75 4 35 15
75 11 35 15
75 36 35 15
75 132 35 15
75 2 36 15
75 4 36 15
75 14 36 15
75 15 36 15
75 72 36 15
75 90 37 15
75 94 38 15
75 9 39 15
75 37 39 15
75 94 39 15
75 1 41 15
75 8 41 15
75 19 41 15
75 91 41 15
319 319 4 15
319 318 5 15
319 320 6 15
319 316 7 15
319 232 8 15
319 288 8 15
319 200 9 15
319 295 9 15
319 199 10 15
319 268 10 15
319 199 11 15
319 260 11 15
319 263 12 15
319 201 13 15
319 264 13 15
319 200 14 15
319 264 14 15
319 296 17 15
319 280 18 15
319 266 19 15
319 286 20 15
319 406 22 15
319 319 23 15
319 203 25 15
319 318 33 15
319 319 35 15
319 200 36 15
319 370 36 15
319 201 37 15
319 319 37 15
319 203 38 15
319 406 38 15
319 201 39 15
319 320 39 15
319 227 40 15
319 203 41 15
319 320 41 15
620 649 5 15
620 520 6 15
620 680 7 15
620 520 8 15
620 633 9 15
620 633 10 15
620 691 12 15
620 669 13 15
620 594 14 15
620 586 17 15
620 521 18 15
620 563 19 15
620 521 20 15
620 633 24 15
620 584 25 15
620 675 36 15
620 642 37 15
620 633 38 15
620 633 39 15
620 636 40 15
620 589 41 15
7 15 4 16
7 14 5 16
7 14 6 16
7 11 7 16
7 20 7 16
7 34 7 16
7 74 7 16
7 90 10 16
7 59 11 16
7 75 11 16
7 57 12 16
7 92 12 16
7 14 18 16
7 15 18 16
7 12 19 16
7 16 19 16
7 41 19 16
7 115 19 16
7 120 22 16
7 39 23 16
7 5 32 16
7 2 33 16
7 0 34 16
7 4 34 16
7 11 34 16
7 36 34 16
7 2 35 16
7 4 35 16
7 14 35 16
7 15 35 16
7 72 35 16
7 90 36 16
7 94 37 16
7 9 38 16
7 37 38 16
7 94 38 16
7 1 40 16
7 8 40 16
7 19 40 16
7 91 40 16
167 134 6 16
167 74 7 16
167 232 7 16
167 200 8 16
167 199 9 16
167 268 9 16
167 90 10 16
167 199 10 16
167 260 10 16
167 59 11 16
167 75 11 16
167 129 11 16
167 263 11 16
167 57 12 16
167 92 12 16
167 201 12 16
167 264 12 16
167 200 13 16
167 264 13 16
167 140 16 16
167 159 17 16
167 280 17 16
167 130 18 16
167 266 18 16
167 115 19 16
167 135 19 16
167 286 19 16
167 165 20 16
167 120 22 16
167 127 22 16
167 203 24 16
167 132 34 16
167 72 35 16
167 200 35 16
167 90 36 16
167 201 36 16
167 94 37 16
167 203 37 16
167 94 38 16
167 201 38 16
167 227 39 16
167 91 40 16
167 203 40 16
317 318 4 16
317 320 5 16
317 316 6 16
317 232 7 16
317 288 7 16
317 200 8 16
317 295 8 16
317 199 9 16
317 268 9 16
317 199 10 16
317 260 10 16
317 263 11 16
317 201 12 16
317 264 12 16
317 200 13 16
317 264 13 16
317 296 16 16
317 280 17 16
317 266 18 16
317 286 19 16
317 406 21 16
317 319 22 16
317 203 24 16
317 318 32 16
317 319 34 16
317 200 35 16
317 370 35 16
317 201 36 16
317 319 36 16
317 203 37 16
317 406 37 16
317 201 38 16
317 320 38 16
317 227 39 16
317 203 40 16
317 320 40 16
167 134 5 17
167 74 6 17
167 232 6 17
167 200 7 17
167 199 8 17
167 268 8 17
167 90 9 17
167 199 9 17
167 260 9 17
167 59 10 17
167 75 10 17
167 129 10 17
167 263 10 17
167 57 11 17
167 92 11 17
167 201 11 17
167 264 11 17
167 200 12 17
167 264 12 17
167 140 15 17
167 159 16 17
167 280 16 17
167 130 17 17
167 266 17 17
167 115 18 17
167 135 18 17
167 286 18 17
167 165 19 17
167 120 21 17
167 127 21 17
167 203 23 17
167 132 33 17
167 72 34 17
167 200 34 17
167 90 35 17
167 201 35 17
167 94 36 17
167 203 36 17
167 94 37 17
167 201 37 17
167 227 38 17
167 91 39 17
167 203 39 17
318 320 4 17
318 316 5 17
318 232 6 17
318 288 6 17
318 200 7 17
318 295 7 17
318 199 8 17
318 268 8 17
318 199 9 17
318 260 9 17
318 263 10 17
318 201 11 17
318 264 11 17
318 200 12 17
318 264 12 17
318 296 15 17
318 280 16 17
318 266 17 17
318 286 18 17
318 406 20 17
318 319 21 17
318 203 23 17
318 318 31 17
318 319 33 17
318 200 34 17
318 370 34 17
318 201 35 17
318 319 35 17
318 203 36 17
318 406 36 17
318 201 37 17
318 320 37 17
318 227 38 17
318 203 39 17
318 320 39 17
164 134 4 18
164 74 5 18
164 232 5 18
164 200 6 18
164 199 7 18
164 268 7 18
164 90 8 18
164 199 8 18
164 260 8 18
164 59 9 18
164 75 9 18
164 129 9 18
164 263 9 18
164 57 10 18
164 92 10 18
164 201 10 18
164 264 10 18
164 200 11 18
164 264 11 18
164 140 14 18
164 159 15 18
164 280 15 18
164 130 16 18
164 266 16 18
164 115 17 18
164 135 17 18
164 165 18 18
164 120 20 18
164 127 20 18
164 203 22 18
164 132 32 18
164 72 33 18
164 200 33 18
164 90 34 18
164 201 34 18
164 94 35 18
164 203 35 18
164 94 36 18
164 201 36 18
164 227 37 18
164 91 38 18
164 203 38 18
318 316 4 18
318 232 5 18
318 288 5 18
318 200 6 18
318 295 6 18
318 199 7 18
318 268 7 18
318 199 8 18
318 260 8 18
318 263 9 18
318 201 10 18
318 264 10 18
318 200 11 18
318 264 11 18
318 296 14 18
318 280 15 18
318 266 16 18
318 286 17 18
318 406 19 18
318 319 20 18
318 203 22 18
318 318 30 18
318 319 32 18
318 200 33 18
318 370 33 18
318 201 34 18
318 319 34 18
318 203 35 18
318 406 35 18
318 201 36 18
318 320 36 18
318 227 37 18
318 203 38 18
318 320 38 18
675 680 4 18
675 633 6 18
675 633 7 18
675 691 9 18
675 669 10 18
675 594 11 18
675 586 14 18
675 563 16 18
675 633 21 18
675 584 22 18
675 675 33 18
675 642 34 18
675 633 35 18
675 633 36 18
675 636 37 18
675 589 38 18
6 11 4 19
6 20 4 19
6 34 4 19
6 74 4 19
6 90 7 19
6 59 8 19
6 75 8 19
6 57 9 19
6 92 9 19
6 14 15 19
6 15 15 19
6 12 16 19
6 16 16 19
6 41 16 19
6 115 16 19
6 120 19 19
6 39 20 19
6 5 29 19
6 2 30 19
6 0 31 19
6 4 31 19
6 11 31 19
6 36 31 19
6 2 32 19
6 4 32 19
6 14 32 19
6 15 32 19
6 72 32 19
6 90 33 19
6 94 34 19
6 9 35 19
6 37 35 19
6 94 35 19
6 1 37 19
6 8 37 19
6 19 37 19
6 91 37 19
23 11 4 19
23 20 4 19
23 34 4 19
23 74 4 19
23 90 7 19
23 59 8 19
23 75 8 19
23 129 8 19
23 57 9 19
23 92 9 19
23 140 13 19
23 14 15 19
23 15 15 19
23 130 15 19
23 12 16 19
23 16 16 19
23 41 16 19
23 115 16 19
23 135 16 19
23 120 19 19
23 127 19 19
23 39 20 19
23 5 29 19
23 2 30 19
23 0 31 19
23 4 31 19
23 11 31 19
23 36 31 19
23 132 31 19
23 2 32 19
23 4 32 19
23 14 32 19
23 15 32 19
23 72 32 19
23 90 33 19
23 94 34 19
23 9 35 19
23 37 35 19
23 94 35 19
23 1 37 19
23 8 37 19
23 19 37 19
23 91 37 19
32 11 4 19
32 20 4 19
32 34 4 19
32 74 4 19
32 90 7 19
32 59 8 19
32 75 8 19
32 129 8 19
32 57 9 19
32 92 9 19
32 140 13 19
32 14 15 19
32 15 15 19
32 130 15 19
32 12 16 19
32 16 16 19
32 41 16 19
32 115 16 19
32 135 16 19
32 120 19 19
32 127 19 19
32 39 20 19
32 5 29 19
32 2 30 19
32 0 31 19
32 4 31 19
32 11 31 19
32 36 31 19
32 132 31 19
32 2 32 19
32 4 32 19
32 14 32 19
32 15 32 19
32 72 32 19
32 90 33 19
32 94 34 19
32 9 35 19
32 37 35 19
32 94 35 19
32 1 37 19
32 8 37 19
32 19 37 19
32 91 37 19
108 11 4 19
108 20 4 19
108 34 4 19
108 74 4 19
108 200 5 19
108 199 6 19
108 90 7 19
108 199 7 19
108 59 8 19
108 75 8 19
108 129 8 19
108 57 9 19
108 92 9 19
108 201 9 19
108 200 10 19
108 140 13 19
108 159 14 19
108 14 15 19
108 15 15 19
108 130 15 19
108 12 16 19
108 16 16 19
108 41 16 19
108 115 16 19
108 135 16 19
108 165 17 19
108 120 19 19
108 127 19 19
108 39 20 19
108 203 21 19
108 5 29 19
108 2 30 19
108 0 31 19
108 4 31 19
108 11 31 19
108 36 31 19
108 132 31 19
108 2 32 19
108 4 32 19
108 14 32 19
108 15 32 19
108 72 32 19
108 200 32 19
108 90 33 19
108 201 33 19
108 94 34 19
108 203 34 19
108 9 35 19
108 37 35 19
108 94 35 19
108 201 35 19
108 227 36 19
108 1 37 19
108 8 37 19
108 19 37 19
108 91 37 19
108 203 37 19
139 20 4 19
139 34 4 19
139 74 4 19
139 232 4 19
139 200 5 19
139 199 6 19
139 90 7 19
139 199 7 19
139 59 8 19
139 75 8 19
139 129 8 19
139 57 9 19
139 92 9 19
139 201 9 19
139 200 10 19
139 140 13 19
139 159 14 19
139 130 15 19
139 41 16 19
139 115 16 19
139 135 16 19
139 165 17 19
139 120 19 19
139 127 19 19
139 39 20 19
139 203 21 19
139 36 31 19
139 132 31 19
139 72 32 19
139 200 32 19
139 90 33 19
139 201 33 19
139 94 34 19
139 203 34 19
139 37 35 19
139 94 35 19
139 201 35 19
139 227 36 19
139 19 37 19
139 91 37 19
139 203 37 19
319 232 4 19
319 288 4 19
319 200 5 19
319 295 5 19
319 199 6 19
319 268 6 19
319 199 7 19
319 260 7 19
319 263 8 19
319 201 9 19
319 264 9 19
319 200 10 19
319 264 10 19
319 296 13 19
319 280 14 19
319 266 15 19
319 286 16 19
319 406 18 19
319 319 19 19
319 203 21 19
319 318 29 19
319 319 31 19
319 200 32 19
319 370 32 19
319 201 33 19
319 319 33 19
319 203 34 19
319 406 34 19
319 201 35 19
319 320 35 19
319 227 36 19
319 203 37 19
319 320 37 19
15 90 6 20
15 59 7 20
15 75 7 20
15 129 7 20
15 57 8 20
15 92 8 20
15 14 14 20
15 15 14 20
15 130 14 20
15 12 15 20
15 16 15 20
15 41 15 20
15 115 15 20
15 120 18 20
15 127 18 20
15 39 19 20
15 5 28 20
15 2 29 20
15 0 30 20
15 4 30 20
15 11 30 20
15 36 30 20
15 132 30 20
15 2 31 20
15 4 31 20
15 14 31 20
15 15 31 20
15 72 31 20
15 90 32 20
15 94 33 20
15 9 34 20
15 37 34 20
15 94 34 20
15 1 36 20
15 8 36 20
15 19 36 20
15 91 36 20
318 200 4 20
318 295 4 20
318 199 5 20
318 268 5 20
318 199 6 20
318 260 6 20
318 263 7 20
318 201 8 20
318 264 8 20
318 200 9 20
318 264 9 20
318 296 12 20
318 280 13 20
318 266 14 20
318 286 15 20
318 406 17 20
318 319 18 20
318 203 20 20
318 318 28 20
318 319 30 20
318 200 31 20
318 370 31 20
318 201 32 20
318 319 32 20
318 203 33 20
318 406 33 20
318 201 34 20
318 320 34 20
318 227 35 20
318 203 36 20
318 320 36 20
649 633 4 20
649 633 5 20
649 691 7 20
649 669 8 20
649 594 9 20
649 586 12 20
649 563 14 20
649 633 19 20
649 584 20 20
649 675 31 20
649 642 32 20
649 633 33 20
649 633 34 20
649 636 35 20
649 589 36 20
14 90 5 21
14 59 6 21
14 75 6 21
14 129 6 21
14 57 7 21
14 92 7 21
14 14 13 21
14 15 13 21
14 130 13 21
14 12 14 21
14 16 14 21
14 41 14 21
14 115 14 21
14 120 17 21
14 127 17 21
14 39 18 21
14 5 27 21
14 2 28 21
14 0 29 21
14 4 29 21
14 11 29 21
14 36 29 21
14 132 29 21
14 2 30 21
14 4 30 21
14 14 30 21
14 15 30 21
14 72 30 21
14 90 31 21
14 94 32 21
14 9 33 21
14 37 33 21
14 94 33 21
14 1 35 21
14 8 35 21
14 19 35 21
14 91 35 21
320 268 4 21
320 260 5 21
320 263 6 21
320 201 7 21
320 264 7 21
320 200 8 21
320 264 8 21
320 296 11 21
320 280 12 21
320 266 13 21
320 286 14 21
320 406 16 21
320 319 17 21
320 203 19 21
320 318 27 21
320 319 29 21
320 200 30 21
320 370 30 21
320 201 31 21
320 319 31 21
320 203 32 21
320 406 32 21
320 201 33 21
320 320 33 21
320 227 34 21
320 203 35 21
320 320 35 21
520 633 4 21
520 594 8 21
520 586 11 21
520 521 12 21
520 563 13 21
520 521 14 21
520 470 15 21
520 406 16 21
520 633 18 21
520 584 19 21
520 472 28 21
520 406 32 21
520 633 32 21
520 633 33 21
520 453 34 21
520 636 34 21
520 589 35 21
14 90 4 22
14 59 5 22
14 75 5 22
14 129 5 22
14 57 6 22
14 92 6 22
14 14 12 22
14 15 12 22
14 130 12 22
14 12 13 22
14 16 13 22
14 41 13 22
14 115 13 22
14 120 16 22
14 127 16 22
14 39 17 22
14 5 26 22
14 2 27 22
14 0 28 22
14 4 28 22
14 11 28 22
14 36 28 22
14 132 28 22
14 2 29 22
14 4 29 22
14 14 29 22
14 15 29 22
14 72 29 22
14 90 30 22
14 94 31 22
14 9 32 22
14 37 32 22
14 94 32 22
14 1 34 22
14 8 34 22
14 19 34 22
14 91 34 22
134 90 4 22
134 199 4 22
134 59 5 22
134 75 5 22
134 129 5 22
134 57 6 22
134 92 6 22
134 201 6 22
134 200 7 22
134 140 10 22
134 159 11 22
134 14 12 22
134 15 12 22
134 130 12 22
134 16 13 22
134 41 13 22
134 115 13 22
134 135 13 22
134 165 14 22
134 120 16 22
134 127 16 22
134 39 17 22
134 203 18 22
134 36 28 22
134 132 28 22
134 14 29 22
134 15 29 22
134 72 29 22
134 200 29 22
134 90 30 22
134 201 30 22
134 94 31 22
134 203 31 22
134 37 32 22
134 94 32 22
134 201 32 22
134 227 33 22
134 19 34 22
134 91 34 22
134 203 34 22
316 199 4 22
316 260 4 22
316 263 5 22
316 201 6 22
316 264 6 22
316 200 7 22
316 264 7 22
316 296 10 22
316 280 11 22
316 266 12 22
316 286 13 22
316 406 15 22
316 319 16 22
316 203 18 22
316 318 26 22
316 319 28 22
316 200 29 22
316 370 29 22
316 201 30 22
316 319 30 22
316 203 31 22
316 406 31 22
316 201 32 22
316 320 32 22
316 227 33 22
316 203 34 22
316 320 34 22
680 691 5 22
680 669 6 22
680 594 7 22
680 586 10 22
680 563 12 22
680 633 17 22
680 584 18 22
680 675 29 22
680 642 30 22
680 633 31 22
680 633 32 22
680 636 33 22
680 589 34 22
11 59 4 23
11 75 4 23
11 129 4 23
11 57 5 23
11 92 5 23
11 14 11 23
11 15 11 23
11 130 11 23
11 12 12 23
11 16 12 23
11 41 12 23
11 115 12 23
11 120 15 23
11 127 15 23
11 39 16 23
11 5 25 23
11 2 26 23
11 0 27 23
11 4 27 23
11 11 27 23
11 36 27 23
11 2 28 23
11 4 28 23
11 14 28 23
11 15 28 23
11 72 28 23
11 90 29 23
11 94 30 23
11 9 31 23
11 37 31 23
11 94 31 23
11 1 33 23
11 8 33 23
11 19 33 23
11 91 33 23
20 59 4 23
20 75 4 23
20 129 4 23
20 57 5 23
20 92 5 23
20 14 11 23
20 15 11 23
20 130 11 23
20 12 12 23
20 16 12 23
20 41 12 23
20 115 12 23
20 135 12 23
20 120 15 23
20 127 15 23
20 39 16 23
20 5 25 23
20 2 26 23
20 0 27 23
20 4 27 23
20 11 27 23
20 36 27 23
20 132 27 23
20 2 28 23
20 4 28 23
20 14 28 23
20 15 28 23
20 72 28 23
20 90 29 23
20 94 30 23
20 9 31 23
20 37 31 23
20 94 31 23
20 1 33 23
20 8 33 23
20 19 33 23
20 91 33 23
34 59 4 23
34 75 4 23
34 129 4 23
34 57 5 23
34 92 5 23
34 140 9 23
34 14 11 23
34 15 11 23
34 130 11 23
34 12 12 23
34 16 12 23
34 41 12 23
34 115 12 23
34 135 12 23
34 120 15 23
34 127 15 23
34 39 16 23
34 5 25 23
34 2 26 23
34 0 27 23
34 4 27 23
34 11 27 23
34 36 27 23
34 132 27 23
34 2 28 23
34 4 28 23
34 14 28 23
34 15 28 23
34 72 28 23
34 90 29 23
34 94 30 23
34 9 31 23
34 37 31 23
34 94 31 23
34 1 33 23
34 8 33 23
34 19 33 23
34 91 33 23
74 59 4 23
74 75 4 23
74 129 4 23
74 57 5 23
74 92 5 23
74 140 9 23
74 159 10 23
74 14 11 23
74 15 11 23
74 130 11 23
74 12 12 23
74 16 12 23
74 41 12 23
74 115 12 23
74 135 12 23
74 165 13 23
74 120 15 23
74 127 15 23
74 39 16 23
74 5 25 23
74 2 26 23
74 0 27 23
74 4 27 23
74 11 27 23
74 36 27 23
74 132 27 23
74 2 28 23
74 4 28 23
74 14 28 23
74 15 28 23
74 72 28 23
74 90 29 23
74 94 30 23
74 9 31 23
74 37 31 23
74 94 31 23
74 1 33 23
74 8 33 23
74 19 33 23
74 91 33 23
232 129 4 23
232 263 4 23
232 201 5 23
232 264 5 23
232 200 6 23
232 264 6 23
232 140 9 23
232 296 9 23
232 159 10 23
232 280 10 23
232 130 11 23
232 266 11 23
232 115 12 23
232 135 12 23
232 286 12 23
232 165 13 23
232 120 15 23
232 127 15 23
232 319 15 23
232 203 17 23
232 318 25 23
232 132 27 23
232 319 27 23
232 200 28 23
232 201 29 23
232 319 29 23
232 203 30 23
232 201 31 23
232 320 31 23
232 227 32 23
232 203 33 23
232 320 33 23
288 263 4 23
288 201 5 23
288 264 5 23
288 200 6 23
288 264 6 23
288 296 9 23
288 280 10 23
288 266 11 23
288 286 12 23
288 406 14 23
288 319 15 23
288 203 17 23
288 318 25 23
288 319 27 23
288 200 28 23
288 370 28 23
288 201 29 23
288 319 29 23
288 203 30 23
288 406 30 23
288 201 31 23
288 320 31 23
288 227 32 23
288 203 33 23
288 320 33 23
520 594 6 23
520 586 9 23
520 521 10 23
520 563 11 23
520 521 12 23
520 470 13 23
520 406 14 23
520 633 16 23
520 584 17 23
520 472 26 23
520 406 30 23
520 633 30 23
520 633 31 23
520 453 32 23
520 636 32 23
520 589 33 23
200 92 4 24
200 201 4 24
200 264 4 24
200 200 5 24
200 264 5 24
200 140 8 24
200 296 8 24
200 159 9 24
200 280 9 24
200 130 10 24
200 266 10 24
200 115 11 24
200 135 11 24
200 286 11 24
200 165 12 24
200 120 14 24
200 127 14 24
200 319 14 24
200 203 16 24
200 318 24 24
200 132 26 24
200 319 26 24
200 200 27 24
200 90 28 24
200 201 28 24
200 319 28 24
200 94 29 24
200 203 29 24
200 94 30 24
200 201 30 24
200 227 31 24
200 91 32 24
200 203 32 24
295 201 4 24
295 264 4 24
295 200 5 24
295 264 5 24
295 296 8 24
295 280 9 24
295 266 10 24
295 286 11 24
295 406 13 24
295 319 14 24
295 203 16 24
295 318 24 24
295 319 26 24
295 200 27 24
295 370 27 24
295 201 28 24
295 319 28 24
295 203 29 24
295 406 29 24
295 201 30 24
295 320 30 24
295 227 31 24
295 203 32 24
295 320 32 24
633 669 4 24
633 594 5 24
633 586 8 24
633 521 9 24
633 563 10 24
633 521 11 24
633 633 15 24
633 584 16 24
633 675 27 24
633 642 28 24
633 633 29 24
633 633 30 24
633 636 31 24
633 589 32 24
199 200 4 25
199 264 4 25
199 140 7 25
199 296 7 25
199 159 8 25
199 280 8 25
199 130 9 25
199 266 9 25
199 115 10 25
199 135 10 25
199 286 10 25
199 165 11 25
199 120 13 25
199 127 13 25
199 203 15 25
199 318 23 25
199 132 25 25
199 200 26 25
199 90 27 25
199 201 27 25
199 94 28 25
199 203 28 25
199 94 29 25
199 201 29 25
199 227 30 25
199 91 31 25
199 203 31 25
268 200 4 25
268 264 4 25
268 296 7 25
268 159 8 25
268 280 8 25
268 266 9 25
268 286 10 25
268 165 11 25
268 319 13 25
268 203 15 25
268 318 23 25
268 319 25 25
268 200 26 25
268 370 26 25
268 201 27 25
268 319 27 25
268 203 28 25
268 201 29 25
268 320 29 25
268 227 30 25
268 203 31 25
268 320 31 25
633 594 4 25
633 586 7 25
633 521 8 25
633 563 9 25
633 521 10 25
633 633 14 25
633 584 15 25
633 675 26 25
633 642 27 25
633 633 28 25
633 633 29 25
633 636 30 25
633 589 31 25
90 140 6 26
90 159 7 26
90 14 8 26
90 15 8 26
90 130 8 26
90 12 9 26
90 16 9 26
90 41 9 26
90 115 9 26
90 135 9 26
90 165 10 26
90 120 12 26
90 127 12 26
90 39 13 26
90 203 14 26
90 5 22 26
90 2 23 26
90 0 24 26
90 4 24 26
90 11 24 26
90 36 24 26
90 132 24 26
90 2 25 26
90 4 25 26
90 14 25 26
90 15 25 26
90 72 25 26
90 200 25 26
90 90 26 26
90 201 26 26
90 94 27 26
90 203 27 26
90 9 28 26
90 37 28 26
90 94 28 26
90 201 28 26
90 1 30 26
90 8 30 26
90 19 30 26
90 91 30 26
90 203 30 26
199 140 6 26
199 296 6 26
199 159 7 26
199 280 7 26
199 130 8 26
199 266 8 26
199 115 9 26
199 135 9 26
199 286 9 26
199 165 10 26
199 120 12 26
199 127 12 26
199 203 14 26
199 318 22 26
199 132 24 26
199 200 25 26
199 90 26 26
199 201 26 26
199 94 27 26
199 203 27 26
199 94 28 26
199 201 28 26
199 227 29 26
199 91 30 26
199 203 30 26
260 140 6 26
260 296 6 26
260 159 7 26
260 280 7 26
260 266 8 26
260 286 9 26
260 165 10 26
260 319 12 26
260 203 14 26
260 318 22 26
260 319 24 26
260 200 25 26
260 370 25 26
260 201 26 26
260 319 26 26
260 203 27 26
260 201 28 26
260 320 28 26
260 227 29 26
260 203 30 26
260 320 30 26
59 140 5 27
59 159 6 27
59 14 7 27
59 15 7 27
59 130 7 27
59 12 8 27
59 16 8 27
59 41 8 27
59 115 8 27
59 135 8 27
59 165 9 27
59 120 11 27
59 127 11 27
59 39 12 27
59 5 21 27
59 2 22 27
59 0 23 27
59 4 23 27
59 11 23 27
59 36 23 27
59 132 23 27
59 2 24 27
59 4 24 27
59 14 24 27
59 15 24 27
59 72 24 27
59 90 25 27
59 94 26 27
59 9 27 27
59 37 27 27
59 94 27 27
59 1 29 27
59 8 29 27
59 19 29 27
59 91 29 27
75 140 5 27
75 159 6 27
75 14 7 27
75 15 7 27
75 130 7 27
75 12 8 27
75 16 8 27
75 41 8 27
75 115 8 27
75 135 8 27
75 165 9 27
75 120 11 27
75 127 11 27
75 39 12 27
75 5 21 27
75 2 22 27
75 0 23 27
75 4 23 27
75 11 23 27
75 36 23 27
75 132 23 27
75 2 24 27
75 4 24 27
75 14 24 27
75 15 24 27
75 72 24 27
75 90 25 27
75 94 26 27
75 9 27 27
75 37 27 27
75 94 27 27
75 1 29 27
75 8 29 27
75 19 29 27
75 91 29 27
129 140 5 27
129 159 6 27
129 14 7 27
129 15 7 27
129 130 7 27
129 12 8 27
129 16 8 27
129 41 8 27
129 115 8 27
129 135 8 27
129 165 9 27
129 120 11 27
129 127 11 27
129 39 12 27
129 203 13 27
129 11 23 27
129 36 23 27
129 132 23 27
129 14 24 27
129 15 24 27
129 72 24 27
129 200 24 27
129 90 25 27
129 201 25 27
129 94 26 27
129 203 26 27
129 9 27 27
129 37 27 27
129 94 27 27
129 201 27 27
129 227 28 27
129 19 29 27
129 91 29 27
129 203 29 27
263 296 5 27
263 159 6 27
263 280 6 27
263 266 7 27
263 286 8 27
263 165 9 27
263 319 11 27
263 203 13 27
263 318 21 27
263 319 23 27
263 200 24 27
263 370 24 27
263 201 25 27
263 319 25 27
263 203 26 27
263 201 27 27
263 320 27 27
263 227 28 27
263 203 29 27
263 320 29 27
691 586 5 27
691 633 12 27
691 584 13 27
691 675 24 27
691 642 25 27
691 633 26 27
691 633 27 27
691 636 28 27
691 589 29 27
57 140 4 28
57 159 5 28
57 14 6 28
57 15 6 28
57 130 6 28
57 12 7 28
57 16 7 28
57 41 7 28
57 115 7 28
57 135 7 28
57 165 8 28
57 120 10 28
57 127 10 28
57 39 11 28
57 5 20 28
57 2 21 28
57 0 22 28
57 4 22 28
57 11 22 28
57 36 22 28
57 132 22 28
57 2 23 28
57 4 23 28
57 14 23 28
57 15 23 28
57 72 23 28
57 90 24 28
57 94 25 28
57 9 26 28
57 37 26 28
57 94 26 28
57 1 28 28
57 8 28 28
57 19 28 28
57 91 28 28
92 140 4 28
92 159 5 28
92 14 6 28
92 15 6 28
92 130 6 28
92 12 7 28
92 16 7 28
92 41 7 28
92 115 7 28
92 135 7 28
92 165 8 28
92 120 10 28
92 127 10 28
92 39 11 28
92 203 12 28
92 5 20 28
92 2 21 28
92 0 22 28
92 4 22 28
92 11 22 28
92 36 22 28
92 132 22 28
92 2 23 28
92 4 23 28
92 14 23 28
92 15 23 28
92 72 23 28
92 200 23 28
92 90 24 28
92 201 24 28
92 94 25 28
92 203 25 28
92 9 26 28
92 37 26 28
92 94 26 28
92 201 26 28
92 1 28 28
92 8 28 28
92 19 28 28
92 91 28 28
92 203 28 28
201 140 4 28
201 296 4 28
201 159 5 28
201 280 5 28
201 130 6 28
201 266 6 28
201 115 7 28
201 135 7 28
201 286 7 28
201 165 8 28
201 120 10 28
201 127 10 28
201 319 10 28
201 203 12 28
201 318 20 28
201 132 22 28
201 319 22 28
201 200 23 28
201 90 24 28
201 201 24 28
201 319 24 28
201 94 25 28
201 203 25 28
201 94 26 28
201 201 26 28
201 320 26 28
201 227 27 28
201 91 28 28
201 203 28 28
201 320 28 28
264 296 4 28
264 159 5 28
264 280 5 28
264 266 6 28
264 286 7 28
264 165 8 28
264 319 10 28
264 203 12 28
264 318 20 28
264 319 22 28
264 200 23 28
264 370 23 28
264 201 24 28
264 319 24 28
264 203 25 28
264 201 26 28
264 320 26 28
264 227 27 28
264 203 28 28
264 320 28 28
669 586 4 28
669 563 6 28
669 633 11 28
669 584 12 28
669 675 23 28
669 642 24 28
669 633 25 28
669 633 26 28
669 636 27 28
669 589 28 28
200 159 4 29
200 280 4 29
200 130 5 29
200 266 5 29
200 115 6 29
200 135 6 29
200 286 6 29
200 165 7 29
200 120 9 29
200 127 9 29
200 319 9 29
200 203 11 29
200 318 19 29
200 132 21 29
200 319 21 29
200 200 22 29
200 90 23 29
200 201 23 29
200 319 23 29
200 94 24 29
200 203 24 29
200 94 25 29
200 201 25 29
200 227 26 29
200 91 27 29
200 203 27 29
264 159 4 29
264 280 4 29
264 266 5 29
264 286 6 29
264 165 7 29
264 319 9 29
264 203 11 29
264 318 19 29
264 319 21 29
264 200 22 29
264 370 22 29
264 201 23 29
264 319 23 29
264 203 24 29
264 201 25 29
264 320 25 29
264 227 26 29
264 203 27 29
264 320 27 29
594 521 4 29
594 563 5 29
594 521 6 29
594 633 10 29
594 584 11 29
594 675 22 29
594 642 23 29
594 633 24 29
594 633 25 29
594 636 26 29
594 589 27 29
140 165 4 32
140 120 6 32
140 127 6 32
140 39 7 32
140 203 8 32
140 36 18 32
140 132 18 32
140 72 19 32
140 200 19 32
140 90 20 32
140 201 20 32
140 94 21 32
140 203 21 32
140 37 22 32
140 94 22 32
140 201 22 32
140 227 23 32
140 91 24 32
140 203 24 32
296 406 5 32
296 319 6 32
296 203 8 32
296 318 16 32
296 319 18 32
296 200 19 32
296 370 19 32
296 201 20 32
296 319 20 32
296 203 21 32
296 406 21 32
296 201 22 32
296 320 22 32
296 227 23 32
296 203 24 32
296 320 24 32
586 470 4 32
586 633 7 32
586 584 8 32
586 472 17 32
586 675 19 32
586 642 20 32
586 633 21 32
586 633 22 32
586 636 23 32
586 589 24 32
159 120 5 33
159 127 5 33
159 39 6 33
159 203 7 33
159 132 17 33
159 72 18 33
159 200 18 33
159 90 19 33
159 201 19 33
159 94 20 33
159 203 20 33
159 94 21 33
159 201 21 33
159 227 22 33
159 91 23 33
159 203 23 33
280 319 5 33
280 203 7 33
280 318 15 33
280 319 17 33
280 200 18 33
280 370 18 33
280 201 19 33
280 319 19 33
280 203 20 33
280 201 21 33
280 320 21 33
280 227 22 33
280 203 23 33
280 320 23 33
521 406 4 33
521 633 6 33
521 584 7 33
521 472 16 33
521 406 20 33
521 633 20 33
521 633 21 33
521 453 22 33
521 636 22 33
521 589 23 33
14 120 4 34
14 127 4 34
14 39 5 34
14 5 14 34
14 2 15 34
14 0 16 34
14 4 16 34
14 11 16 34
14 36 16 34
14 132 16 34
14 2 17 34
14 4 17 34
14 14 17 34
14 15 17 34
14 72 17 34
14 90 18 34
14 94 19 34
14 9 20 34
14 37 20 34
14 94 20 34
14 1 22 34
14 8 22 34
14 19 22 34
14 91 22 34
15 120 4 34
15 127 4 34
15 39 5 34
15 5 14 34
15 2 15 34
15 0 16 34
15 4 16 34
15 11 16 34
15 36 16 34
15 132 16 34
15 2 17 34
15 4 17 34
15 14 17 34
15 15 17 34
15 72 17 34
15 90 18 34
15 94 19 34
15 9 20 34
15 37 20 34
15 94 20 34
15 1 22 34
15 8 22 34
15 19 22 34
15 91 22 34
130 120 4 34
130 127 4 34
130 39 5 34
130 203 6 34
130 11 16 34
130 36 16 34
130 132 16 34
130 14 17 34
130 15 17 34
130 72 17 34
130 200 17 34
130 90 18 34
130 201 18 34
130 94 19 34
130 203 19 34
130 37 20 34
130 94 20 34
130 201 20 34
130 227 21 34
130 19 22 34
130 91 22 34
130 203 22 34
266 319 4 34
266 203 6 34
266 318 14 34
266 319 16 34
266 200 17 34
266 370 17 34
266 201 18 34
266 319 18 34
266 203 19 34
266 201 20 34
266 320 20 34
266 227 21 34
266 203 22 34
266 320 22 34
563 633 5 34
563 584 6 34
563 472 15 34
563 675 17 34
563 642 18 34
563 633 19 34
563 633 20 34
563 453 21 34
563 636 21 34
563 589 22 34
12 39 4 35
12 5 13 35
12 2 14 35
12 0 15 35
12 4 15 35
12 11 15 35
12 36 15 35
12 2 16 35
12 4 16 35
12 14 16 35
12 15 16 35
12 72 16 35
12 90 17 35
12 94 18 35
12 9 19 35
12 37 19 35
12 94 19 35
12 1 21 35
12 8 21 35
12 19 21 35
12 91 21 35
16 39 4 35
16 5 13 35
16 2 14 35
16 0 15 35
16 4 15 35
16 11 15 35
16 36 15 35
16 132 15 35
16 2 16 35
16 4 16 35
16 14 16 35
16 15 16 35
16 72 16 35
16 90 17 35
16 94 18 35
16 9 19 35
16 37 19 35
16 94 19 35
16 1 21 35
16 8 21 35
16 19 21 35
16 91 21 35
41 39 4 35
41 5 13 35
41 2 14 35
41 0 15 35
41 4 15 35
41 11 15 35
41 36 15 35
41 132 15 35
41 2 16 35
41 4 16 35
41 14 16 35
41 15 16 35
41 72 16 35
41 90 17 35
41 94 18 35
41 9 19 35
41 37 19 35
41 94 19 35
41 1 21 35
41 8 21 35
41 19 21 35
41 91 21 35
115 39 4 35
115 203 5 35
115 5 13 35
115 2 14 35
115 0 15 35
115 4 15 35
115 11 15 35
115 36 15 35
115 132 15 35
115 2 16 35
115 4 16 35
115 14 16 35
115 15 16 35
115 72 16 35
115 200 16 35
115 90 17 35
115 201 17 35
115 94 18 35
115 203 18 35
115 9 19 35
115 37 19 35
115 94 19 35
115 201 19 35
115 227 20 35
115 1 21 35
115 8 21 35
115 19 21 35
115 91 21 35
115 203 21 35
135 39 4 35
135 203 5 35
135 36 15 35
135 132 15 35
135 15 16 35
135 72 16 35
135 200 16 35
135 90 17 35
135 201 17 35
135 94 18 35
135 203 18 35
135 37 19 35
135 94 19 35
135 201 19 35
135 227 20 35
135 19 21 35
135 91 21 35
135 203 21 35
286 203 5 35
286 318 13 35
286 319 15 35
286 200 16 35
286 370 16 35
286 201 17 35
286 319 17 35
286 203 18 35
286 201 19 35
286 320 19 35
286 227 20 35
286 203 21 35
286 320 21 35
521 633 4 35
521 584 5 35
521 472 14 35
521 406 18 35
521 633 18 35
521 633 19 35
521 453 20 35
521 636 20 35
521 589 21 35
165 203 4 36
165 132 14 36
165 72 15 36
165 200 15 36
165 90 16 36
165 201 16 36
165 94 17 36
165 203 17 36
165 94 18 36
165 201 18 36
165 227 19 36
165 91 20 36
165 203 20 36
470 584 4 36
470 472 13 36
470 370 15 36
470 406 17 36
470 453 19 36
470 589 20 36
406 318 11 37
406 472 12 37
406 319 13 37
406 370 14 37
406 319 15 37
406 406 16 37
406 320 17 37
406 453 18 37
406 320 19 37
120 5 10 38
120 2 11 38
120 0 12 38
120 4 12 38
120 11 12 38
120 36 12 38
120 132 12 38
120 2 13 38
120 4 13 38
120 14 13 38
120 15 13 38
120 72 13 38
120 200 13 38
120 90 14 38
120 201 14 38
120 94 15 38
120 203 15 38
120 9 16 38
120 37 16 38
120 94 16 38
120 201 16 38
120 227 17 38
120 1 18 38
120 8 18 38
120 19 18 38
120 91 18 38
120 203 18 38
127 11 12 38
127 36 12 38
127 132 12 38
127 14 13 38
127 15 13 38
127 72 13 38
127 200 13 38
127 90 14 38
127 201 14 38
127 94 15 38
127 203 15 38
127 9 16 38
127 37 16 38
127 94 16 38
127 201 16 38
127 227 17 38
127 8 18 38
127 19 18 38
127 91 18 38
127 203 18 38
319 318 10 38
319 319 12 38
319 200 13 38
319 370 13 38
319 201 14 38
319 319 14 38
319 203 15 38
319 406 15 38
319 201 16 38
319 320 16 38
319 227 17 38
319 203 18 38
319 320 18 38
39 5 9 39
39 2 10 39
39 0 11 39
39 4 11 39
39 11 11 39
39 36 11 39
39 132 11 39
39 2 12 39
39 4 12 39
39 14 12 39
39 15 12 39
39 72 12 39
39 90 13 39
39 94 14 39
39 9 15 39
39 37 15 39
39 94 15 39
39 1 17 39
39 8 17 39
39 19 17 39
39 91 17 39
633 675 12 39
633 642 13 39
633 633 14 39
633 633 15 39
633 636 16 39
633 589 17 39
203 318 8 40
203 132 10 40
203 319 10 40
203 200 11 40
203 90 12 40
203 201 12 40
203 319 12 40
203 94 13 40
203 203 13 40
203 94 14 40
203 201 14 40
203 320 14 40
203 227 15 40
203 91 16 40
203 203 16 40
203 320 16 40
584 472 9 40
584 675 11 40
584 642 12 40
584 633 13 40
584 633 14 40
584 636 15 40
584 589 16 40
5 90 4 48
5 94 5 48
5 9 6 48
5 37 6 48
5 94 6 48
5 1 8 48
5 8 8 48
5 19 8 48
5 91 8 48
318 201 4 48
318 319 4 48
318 203 5 48
318 406 5 48
318 201 6 48
318 320 6 48
318 227 7 48
318 203 8 48
318 320 8 48
2 94 4 49
2 9 5 49
2 37 5 49
2 94 5 49
2 1 7 49
2 8 7 49
2 19 7 49
2 91 7 49
472 406 4 49
472 453 6 49
472 589 7 49
0 9 4 50
0 37 4 50
0 94 4 50
0 1 6 50
0 8 6 50
0 19 6 50
0 91 6 50
4 9 4 50
4 37 4 50
4 94 4 50
4 1 6 50
4 8 6 50
4 19 6 50
4 91 6 50
11 9 4 50
11 37 4 50
11 94 4 50
11 1 6 50
11 8 6 50
11 19 6 50
11 91 6 50
36 9 4 50
36 37 4 50
36 94 4 50
36 1 6 50
36 8 6 50
36 19 6 50
36 91 6 50
132 37 4 50
132 94 4 50
132 201 4 50
132 227 5 50
132 19 6 50
132 91 6 50
132 203 6 50
319 201 4 50
319 320 4 50
319 227 5 50
319 203 6 50
319 320 6 50
2 1 5 51
2 8 5 51
2 19 5 51
2 91 5 51
4 1 5 51
4 8 5 51
4 19 5 51
4 91 5 51
14 1 5 51
14 8 5 51
14 19 5 51
14 91 5 51
15 1 5 51
15 8 5 51
15 19 5 51
15 91 5 51
72 1 5 51
72 8 5 51
72 19 5 51
72 91 5 51
200 227 4 51
200 91 5 51
200 203 5 51
370 453 4 51
370 320 5 51
675 636 4 51
675 589 5 51
90 1 4 52
90 8 4 52
90 19 4 52
90 91 4 52
90 203 4 52
201 91 4 52
201 203 4 52
201 320 4 52
319 203 4 52
319 320 4 52
642 589 4 52
