99 37 4 0
99 101 4 0
99 90 5 0
99 30 6 0
99 31 6 0
99 73 6 0
99 136 6 0
99 26 7 0
99 39 7 0
99 162 7 0
99 24 9 0
99 125 9 0
99 145 9 0
99 24 10 0
99 117 10 0
99 41 11 0
99 4 12 0
99 29 12 0
99 45 12 0
99 95 12 0
99 155 12 0
99 49 13 0
99 4 14 0
99 56 14 0
99 126 14 0
99 68 15 0
99 24 16 0
99 63 16 0
99 146 16 0
99 19 17 0
99 105 17 0
99 153 17 0
99 92 18 0
99 19 19 0
99 35 19 0
99 98 19 0
99 182 19 0
99 63 20 0
99 148 20 0
99 122 22 0
99 149 22 0
99 43 24 0
99 157 24 0
99 5 25 0
99 30 25 0
99 36 25 0
99 100 25 0
99 130 25 0
99 47 26 0
99 101 28 0
99 139 28 0
99 107 31 0
99 26 32 0
99 38 32 0
99 64 32 0
99 129 32 0
177 101 4 0
177 90 5 0
177 73 6 0
177 136 6 0
177 255 6 0
177 162 7 0
177 125 9 0
177 145 9 0
177 117 10 0
177 274 10 0
177 95 12 0
177 155 12 0
177 270 12 0
177 126 14 0
177 68 15 0
177 238 15 0
177 63 16 0
177 146 16 0
177 105 17 0
177 153 17 0
177 92 18 0
177 294 18 0
177 98 19 0
177 182 19 0
177 282 19 0
177 63 20 0
177 148 20 0
177 122 22 0
177 149 22 0
177 273 22 0
177 157 24 0
177 263 24 0
177 100 25 0
177 130 25 0
177 222 26 0
177 101 28 0
177 139 28 0
177 107 31 0
177 219 31 0
177 285 31 0
177 64 32 0
177 129 32 0
177 260 32 0
177 272 40 0
437 411 4 0
437 416 5 0
437 547 6 0
437 454 7 0
437 356 8 0
437 354 9 0
437 446 11 0
437 401 13 0
437 413 14 0
437 408 15 0
437 351 16 0
437 409 17 0
437 545 18 0
437 516 19 0
437 349 20 0
437 518 20 0
437 351 21 0
437 411 23 0
437 521 25 0
437 329 28 0
437 540 28 0
437 532 31 0
695 653 5 0
695 593 7 0
695 656 9 0
695 656 11 0
695 608 12 0
695 677 13 0
695 694 14 0
695 646 15 0
695 642 16 0
695 658 17 0
695 656 22 0
695 683 24 0
695 656 27 0
695 640 29 0
695 586 38 0
695 677 39 0
695 652 42 0
695 580 43 0
126 90 4 1
126 30 5 1
126 31 5 1
126 73 5 1
126 136 5 1
126 26 6 1
126 39 6 1
126 162 6 1
126 24 8 1
126 125 8 1
126 145 8 1
126 24 9 1
126 117 9 1
126 41 10 1
126 29 11 1
126 45 11 1
126 95 11 1
126 155 11 1
126 49 12 1
126 56 13 1
126 126 13 1
126 68 14 1
126 238 14 1
126 24 15 1
126 63 15 1
126 146 15 1
126 19 16 1
126 105 16 1
126 153 16 1
126 92 17 1
126 19 18 1
126 35 18 1
126 98 18 1
126 182 18 1
126 63 19 1
126 148 19 1
126 122 21 1
126 149 21 1
126 43 23 1
126 157 23 1
126 30 24 1
126 36 24 1
126 100 24 1
126 130 24 1
126 47 25 1
126 222 25 1
126 101 27 1
126 139 27 1
126 107 30 1
126 219 30 1
126 26 31 1
126 38 31 1
126 64 31 1
126 129 31 1
126 173 43 1
152 90 4 1
152 73 5 1
152 136 5 1
152 255 5 1
152 39 6 1
152 162 6 1
152 125 8 1
152 145 8 1
152 117 9 1
152 41 10 1
152 45 11 1
152 95 11 1
152 155 11 1
152 270 11 1
152 49 12 1
152 56 13 1
152 126 13 1
152 68 14 1
152 238 14 1
152 63 15 1
152 146 15 1
152 105 16 1
152 153 16 1
152 92 17 1
152 35 18 1
152 98 18 1
152 182 18 1
152 63 19 1
152 148 19 1
152 122 21 1
152 149 21 1
152 43 23 1
152 157 23 1
152 263 23 1
152 36 24 1
152 100 24 1
152 130 24 1
152 47 25 1
152 222 25 1
152 101 27 1
152 139 27 1
152 107 30 1
152 219 30 1
152 38 31 1
152 64 31 1
152 129 31 1
152 260 31 1
152 173 43 1
463 416 4 1
463 547 5 1
463 454 6 1
463 356 7 1
463 354 8 1
463 446 10 1
463 401 12 1
463 413 13 1
463 408 14 1
463 351 15 1
463 409 16 1
463 545 17 1
463 516 18 1
463 349 19 1
463 518 19 1
463 351 20 1
463 411 22 1
463 521 24 1
463 540 27 1
463 532 30 1
463 558 31 1
463 580 42 1
6 26 4 3
6 39 4 3
6 24 6 3
6 125 6 3
6 24 7 3
6 117 7 3
6 41 8 3
6 4 9 3
6 29 9 3
6 45 9 3
6 95 9 3
6 49 10 3
6 4 11 3
6 56 11 3
6 68 12 3
6 24 13 3
6 63 13 3
6 19 14 3
6 105 14 3
6 92 15 3
6 19 16 3
6 35 16 3
6 98 16 3
6 63 17 3
6 122 19 3
6 43 21 3
6 5 22 3
6 30 22 3
6 36 22 3
6 100 22 3
6 47 23 3
6 101 25 3
6 107 28 3
6 26 29 3
6 38 29 3
6 64 29 3
6 25 42 3
11 26 4 3
11 39 4 3
11 24 6 3
11 125 6 3
11 24 7 3
11 117 7 3
11 41 8 3
11 4 9 3
11 29 9 3
11 45 9 3
11 95 9 3
11 49 10 3
11 4 11 3
11 56 11 3
11 126 11 3
11 68 12 3
11 24 13 3
11 63 13 3
11 19 14 3
11 105 14 3
11 92 15 3
11 19 16 3
11 35 16 3
11 98 16 3
11 63 17 3
11 122 19 3
11 43 21 3
11 5 22 3
11 30 22 3
11 36 22 3
11 100 22 3
11 130 22 3
11 47 23 3
11 101 25 3
11 107 28 3
11 26 29 3
11 38 29 3
11 64 29 3
11 129 29 3
11 25 42 3
23 26 4 3
23 39 4 3
23 24 6 3
23 125 6 3
23 24 7 3
23 117 7 3
23 41 8 3
23 4 9 3
23 29 9 3
23 45 9 3
23 95 9 3
23 49 10 3
23 4 11 3
23 56 11 3
23 126 11 3
23 68 12 3
23 24 13 3
23 63 13 3
23 19 14 3
23 105 14 3
23 92 15 3
23 19 16 3
23 35 16 3
23 98 16 3
23 63 17 3
23 122 19 3
23 43 21 3
23 5 22 3
23 30 22 3
23 36 22 3
23 100 22 3
23 130 22 3
23 47 23 3
23 101 25 3
23 139 25 3
23 107 28 3
23 26 29 3
23 38 29 3
23 64 29 3
23 129 29 3
23 25 42 3
23 132 42 3
42 26 4 3
42 39 4 3
42 24 6 3
42 125 6 3
42 145 6 3
42 24 7 3
42 117 7 3
42 41 8 3
42 4 9 3
42 29 9 3
42 45 9 3
42 95 9 3
42 155 9 3
42 49 10 3
42 4 11 3
42 56 11 3
42 126 11 3
42 68 12 3
42 24 13 3
42 63 13 3
42 146 13 3
42 19 14 3
42 105 14 3
42 153 14 3
42 92 15 3
42 19 16 3
42 35 16 3
42 98 16 3
42 63 17 3
42 148 17 3
42 122 19 3
42 149 19 3
42 43 21 3
42 157 21 3
42 5 22 3
42 30 22 3
42 36 22 3
42 100 22 3
42 130 22 3
42 47 23 3
42 101 25 3
42 139 25 3
42 107 28 3
42 26 29 3
42 38 29 3
42 64 29 3
42 129 29 3
42 25 42 3
42 132 42 3
66 26 4 3
66 39 4 3
66 162 4 3
66 24 6 3
66 125 6 3
66 145 6 3
66 24 7 3
66 117 7 3
66 41 8 3
66 4 9 3
66 29 9 3
66 45 9 3
66 95 9 3
66 155 9 3
66 49 10 3
66 4 11 3
66 56 11 3
66 126 11 3
66 68 12 3
66 24 13 3
66 63 13 3
66 146 13 3
66 19 14 3
66 105 14 3
66 153 14 3
66 92 15 3
66 19 16 3
66 35 16 3
66 98 16 3
66 182 16 3
66 63 17 3
66 148 17 3
66 122 19 3
66 149 19 3
66 43 21 3
66 157 21 3
66 5 22 3
66 30 22 3
66 36 22 3
66 100 22 3
66 130 22 3
66 47 23 3
66 101 25 3
66 139 25 3
66 107 28 3
66 26 29 3
66 38 29 3
66 64 29 3
66 129 29 3
66 173 41 3
66 25 42 3
66 132 42 3
131 26 4 3
131 39 4 3
131 162 4 3
131 24 6 3
131 125 6 3
131 145 6 3
131 24 7 3
131 117 7 3
131 41 8 3
131 29 9 3
131 45 9 3
131 95 9 3
131 155 9 3
131 49 10 3
131 56 11 3
131 126 11 3
131 68 12 3
131 238 12 3
131 24 13 3
131 63 13 3
131 146 13 3
131 19 14 3
131 105 14 3
131 153 14 3
131 92 15 3
131 19 16 3
131 35 16 3
131 98 16 3
131 182 16 3
131 63 17 3
131 148 17 3
131 122 19 3
131 149 19 3
131 43 21 3
131 157 21 3
131 30 22 3
131 36 22 3
131 100 22 3
131 130 22 3
131 47 23 3
131 222 23 3
131 101 25 3
131 139 25 3
131 107 28 3
131 219 28 3
131 26 29 3
131 38 29 3
131 64 29 3
131 129 29 3
131 173 41 3
131 25 42 3
131 132 42 3
376 454 4 3
376 356 5 3
376 354 6 3
376 274 7 3
376 446 8 3
376 270 9 3
376 401 10 3
376 413 11 3
376 408 12 3
376 351 13 3
376 409 14 3
376 294 15 3
376 282 16 3
376 349 17 3
376 351 18 3
376 273 19 3
376 411 20 3
376 263 21 3
376 310 22 3
376 329 25 3
376 285 28 3
376 260 29 3
376 272 37 3
376 284 41 3
376 259 42 3
676 593 4 3
676 656 6 3
676 656 8 3
676 608 9 3
676 677 10 3
676 694 11 3
676 646 12 3
676 642 13 3
676 658 14 3
676 656 19 3
676 683 21 3
676 656 24 3
676 640 26 3
676 558 29 3
676 586 35 3
676 677 36 3
676 652 39 3
676 580 40 3
676 601 41 3
676 667 43 3
37 24 5 4
37 125 5 4
37 145 5 4
37 24 6 4
37 117 6 4
37 41 7 4
37 4 8 4
37 29 8 4
37 45 8 4
37 95 8 4
37 155 8 4
37 49 9 4
37 4 10 4
37 56 10 4
37 126 10 4
37 68 11 4
37 24 12 4
37 63 12 4
37 146 12 4
37 19 13 4
37 105 13 4
37 153 13 4
37 92 14 4
37 19 15 4
37 35 15 4
37 98 15 4
37 63 16 4
37 148 16 4
37 122 18 4
37 149 18 4
37 43 20 4
37 5 21 4
37 30 21 4
37 36 21 4
37 100 21 4
37 130 21 4
37 47 22 4
37 101 24 4
37 139 24 4
37 107 27 4
37 26 28 4
37 38 28 4
37 64 28 4
37 129 28 4
37 25 41 4
37 132 41 4
101 24 5 4
101 125 5 4
101 145 5 4
101 24 6 4
101 117 6 4
101 41 7 4
101 4 8 4
101 29 8 4
101 45 8 4
101 95 8 4
101 155 8 4
101 49 9 4
101 4 10 4
101 56 10 4
101 126 10 4
101 68 11 4
101 24 12 4
101 63 12 4
101 146 12 4
101 19 13 4
101 105 13 4
101 153 13 4
101 92 14 4
101 19 15 4
101 35 15 4
101 98 15 4
101 182 15 4
101 63 16 4
101 148 16 4
101 122 18 4
101 149 18 4
101 43 20 4
101 157 20 4
101 5 21 4
101 30 21 4
101 36 21 4
101 100 21 4
101 130 21 4
101 47 22 4
101 101 24 4
101 139 24 4
101 107 27 4
101 219 27 4
101 26 28 4
101 38 28 4
101 64 28 4
101 129 28 4
101 173 40 4
101 25 41 4
101 132 41 4
101 196 43 4
411 356 4 4
411 354 5 4
411 446 7 4
411 401 9 4
411 413 10 4
411 408 11 4
411 351 12 4
411 409 13 4
411 294 14 4
411 516 15 4
411 349 16 4
411 518 16 4
411 351 17 4
411 411 19 4
411 310 21 4
411 521 21 4
411 329 24 4
411 515 41 4
90 24 4 5
90 125 4 5
90 145 4 5
90 24 5 5
90 117 5 5
90 41 6 5
90 4 7 5
90 29 7 5
90 45 7 5
90 95 7 5
90 155 7 5
90 49 8 5
90 4 9 5
90 56 9 5
90 126 9 5
90 68 10 5
90 24 11 5
90 63 11 5
90 146 11 5
90 19 12 5
90 105 12 5
90 153 12 5
90 92 13 5
90 19 14 5
90 35 14 5
90 98 14 5
90 182 14 5
90 63 15 5
90 148 15 5
90 122 17 5
90 149 17 5
90 43 19 5
90 157 19 5
90 5 20 5
90 30 20 5
90 36 20 5
90 100 20 5
90 130 20 5
90 47 21 5
90 101 23 5
90 139 23 5
90 107 26 5
90 26 27 5
90 38 27 5
90 64 27 5
90 129 27 5
90 173 39 5
90 25 40 5
90 132 40 5
90 196 42 5
416 354 4 5
416 446 6 5
416 401 8 5
416 413 9 5
416 408 10 5
416 351 11 5
416 409 12 5
416 516 14 5
416 349 15 5
416 518 15 5
416 351 16 5
416 411 18 5
416 310 20 5
416 521 20 5
416 329 23 5
416 532 26 5
416 515 40 5
416 415 43 5
653 656 4 5
653 656 6 5
653 608 7 5
653 677 8 5
653 694 9 5
653 646 10 5
653 642 11 5
653 658 12 5
653 545 13 5
653 656 17 5
653 683 19 5
653 656 22 5
653 540 23 5
653 640 24 5
653 558 27 5
653 586 33 5
653 677 34 5
653 652 37 5
653 580 38 5
653 601 39 5
653 667 41 5
653 545 42 5
653 573 43 5
30 24 4 6
30 117 4 6
30 41 5 6
30 4 6 6
30 29 6 6
30 45 6 6
30 95 6 6
30 49 7 6
30 4 8 6
30 56 8 6
30 126 8 6
30 68 9 6
30 24 10 6
30 63 10 6
30 146 10 6
30 19 11 6
30 105 11 6
30 92 12 6
30 19 13 6
30 35 13 6
30 98 13 6
30 63 14 6
30 148 14 6
30 122 16 6
30 149 16 6
30 43 18 6
30 5 19 6
30 30 19 6
30 36 19 6
30 100 19 6
30 130 19 6
30 47 20 6
30 101 22 6
30 139 22 6
30 107 25 6
30 26 26 6
30 38 26 6
30 64 26 6
30 129 26 6
30 25 39 6
30 132 39 6
31 24 4 6
31 117 4 6
31 41 5 6
31 4 6 6
31 29 6 6
31 45 6 6
31 95 6 6
31 49 7 6
31 4 8 6
31 56 8 6
31 126 8 6
31 68 9 6
31 24 10 6
31 63 10 6
31 146 10 6
31 19 11 6
31 105 11 6
31 92 12 6
31 19 13 6
31 35 13 6
31 98 13 6
31 63 14 6
31 148 14 6
31 122 16 6
31 149 16 6
31 43 18 6
31 5 19 6
31 30 19 6
31 36 19 6
31 100 19 6
31 130 19 6
31 47 20 6
31 101 22 6
31 139 22 6
31 107 25 6
31 26 26 6
31 38 26 6
31 64 26 6
31 129 26 6
31 25 39 6
31 132 39 6
73 24 4 6
73 117 4 6
73 41 5 6
73 4 6 6
73 29 6 6
73 45 6 6
73 95 6 6
73 155 6 6
73 49 7 6
73 4 8 6
73 56 8 6
73 126 8 6
73 68 9 6
73 24 10 6
73 63 10 6
73 146 10 6
73 19 11 6
73 105 11 6
73 153 11 6
73 92 12 6
73 19 13 6
73 35 13 6
73 98 13 6
73 182 13 6
73 63 14 6
73 148 14 6
73 122 16 6
73 149 16 6
73 43 18 6
73 157 18 6
73 5 19 6
73 30 19 6
73 36 19 6
73 100 19 6
73 130 19 6
73 47 20 6
73 101 22 6
73 139 22 6
73 107 25 6
73 26 26 6
73 38 26 6
73 64 26 6
73 129 26 6
73 173 38 6
73 25 39 6
73 132 39 6
136 24 4 6
136 117 4 6
136 41 5 6
136 29 6 6
136 45 6 6
136 95 6 6
136 155 6 6
136 49 7 6
136 56 8 6
136 126 8 6
136 68 9 6
136 238 9 6
136 24 10 6
136 63 10 6
136 146 10 6
136 19 11 6
136 105 11 6
136 153 11 6
136 92 12 6
136 19 13 6
136 35 13 6
136 98 13 6
136 182 13 6
136 63 14 6
136 148 14 6
136 122 16 6
136 149 16 6
136 43 18 6
136 157 18 6
136 30 19 6
136 36 19 6
136 100 19 6
136 130 19 6
136 47 20 6
136 222 20 6
136 101 22 6
136 139 22 6
136 107 25 6
136 219 25 6
136 26 26 6
136 38 26 6
136 64 26 6
136 129 26 6
136 173 38 6
136 25 39 6
136 132 39 6
136 196 41 6
255 274 4 6
255 155 6 6
255 270 6 6
255 238 9 6
255 146 10 6
255 351 10 6
255 153 11 6
255 294 12 6
255 182 13 6
255 282 13 6
255 148 14 6
255 349 14 6
255 351 15 6
255 149 16 6
255 273 16 6
255 157 18 6
255 263 18 6
255 310 19 6
255 222 20 6
255 139 22 6
255 329 22 6
255 219 25 6
255 285 25 6
255 260 26 6
255 272 34 6
255 173 38 6
255 284 38 6
255 259 39 6
255 196 41 6
255 274 41 6
547 446 5 6
547 656 5 6
547 608 6 6
547 646 9 6
547 642 10 6
547 658 11 6
547 545 12 6
547 516 13 6
547 518 14 6
547 656 16 6
547 521 19 6
547 656 21 6
547 540 22 6
547 640 23 6
547 532 25 6
547 558 26 6
547 586 32 6
547 652 36 6
547 580 37 6
547 601 38 6
547 515 39 6
547 545 41 6
547 573 42 6
26 41 4 7
26 4 5 7
26 29 5 7
26 45 5 7
26 95 5 7
26 49 6 7
26 4 7 7
26 56 7 7
26 126 7 7
26 68 8 7
26 24 9 7
26 63 9 7
26 19 10 7
26 105 10 7
26 92 11 7
26 19 12 7
26 35 12 7
26 98 12 7
26 63 13 7
26 122 15 7
26 43 17 7
26 5 18 7
26 30 18 7
26 36 18 7
26 100 18 7
26 130 18 7
26 47 19 7
26 101 21 7
26 139 21 7
26 107 24 7
26 26 25 7
26 38 25 7
26 64 25 7
26 129 25 7
26 25 38 7
26 132 38 7
26 31 43 7
26 78 43 7
39 41 4 7
39 4 5 7
39 29 5 7
39 45 5 7
39 95 5 7
39 155 5 7
39 49 6 7
39 4 7 7
39 56 7 7
39 126 7 7
39 68 8 7
39 24 9 7
39 63 9 7
39 146 9 7
39 19 10 7
39 105 10 7
39 153 10 7
39 92 11 7
39 19 12 7
39 35 12 7
39 98 12 7
39 63 13 7
39 148 13 7
39 122 15 7
39 149 15 7
39 43 17 7
39 157 17 7
39 5 18 7
39 30 18 7
39 36 18 7
39 100 18 7
39 130 18 7
39 47 19 7
39 101 21 7
39 139 21 7
39 107 24 7
39 26 25 7
39 38 25 7
39 64 25 7
39 129 25 7
39 25 38 7
39 132 38 7
39 31 43 7
39 78 43 7
162 45 5 7
162 95 5 7
162 155 5 7
162 270 5 7
162 49 6 7
162 56 7 7
162 126 7 7
162 68 8 7
162 238 8 7
162 63 9 7
162 146 9 7
162 105 10 7
162 153 10 7
162 92 11 7
162 98 12 7
162 182 12 7
162 63 13 7
162 148 13 7
162 122 15 7
162 149 15 7
162 273 15 7
162 43 17 7
162 157 17 7
162 263 17 7
162 100 18 7
162 130 18 7
162 47 19 7
162 222 19 7
162 101 21 7
162 139 21 7
162 107 24 7
162 219 24 7
162 64 25 7
162 129 25 7
162 260 25 7
162 272 33 7
162 173 37 7
162 132 38 7
162 259 38 7
162 196 40 7
162 274 40 7
162 78 43 7
162 207 43 7
454 446 4 7
454 401 6 7
454 413 7 7
454 408 8 7
454 351 9 7
454 409 10 7
454 545 11 7
454 516 12 7
454 349 13 7
454 518 13 7
454 351 14 7
454 411 16 7
454 521 18 7
454 540 21 7
454 532 24 7
454 558 25 7
454 515 38 7
454 545 40 7
454 415 41 7
454 573 41 7
454 550 43 7
593 656 4 7
593 608 5 7
593 677 6 7
593 694 7 7
593 646 8 7
593 642 9 7
593 658 10 7
593 545 11 7
593 516 12 7
593 518 13 7
593 656 15 7
593 683 17 7
593 521 18 7
593 656 20 7
593 540 21 7
593 640 22 7
593 532 24 7
593 558 25 7
593 586 31 7
593 677 32 7
593 652 35 7
593 580 36 7
593 601 37 7
593 515 38 7
593 667 39 7
593 545 40 7
593 573 41 7
593 550 43 7
356 270 4 8
356 401 5 8
356 413 6 8
356 238 7 8
356 408 7 8
356 351 8 8
356 409 9 8
356 294 10 8
356 282 11 8
356 349 12 8
356 351 13 8
356 273 14 8
356 411 15 8
356 263 16 8
356 310 17 8
356 329 20 8
356 285 23 8
356 260 24 8
356 272 32 8
356 284 36 8
356 259 37 8
356 274 39 8
356 415 40 8
356 295 42 8
24 49 4 9
24 4 5 9
24 56 5 9
24 126 5 9
24 68 6 9
24 24 7 9
24 63 7 9
24 19 8 9
24 105 8 9
24 92 9 9
24 19 10 9
24 35 10 9
24 98 10 9
24 63 11 9
24 122 13 9
24 43 15 9
24 5 16 9
24 30 16 9
24 36 16 9
24 100 16 9
24 130 16 9
24 47 17 9
24 101 19 9
24 139 19 9
24 107 22 9
24 26 23 9
24 38 23 9
24 64 23 9
24 129 23 9
24 25 36 9
24 132 36 9
24 31 41 9
24 78 41 9
125 49 4 9
125 56 5 9
125 126 5 9
125 68 6 9
125 238 6 9
125 24 7 9
125 63 7 9
125 146 7 9
125 19 8 9
125 105 8 9
125 153 8 9
125 92 9 9
125 19 10 9
125 35 10 9
125 98 10 9
125 182 10 9
125 63 11 9
125 148 11 9
125 122 13 9
125 149 13 9
125 43 15 9
125 157 15 9
125 5 16 9
125 30 16 9
125 36 16 9
125 100 16 9
125 130 16 9
125 47 17 9
125 222 17 9
125 101 19 9
125 139 19 9
125 107 22 9
125 219 22 9
125 26 23 9
125 38 23 9
125 64 23 9
125 129 23 9
125 173 35 9
125 25 36 9
125 132 36 9
125 196 38 9
125 31 41 9
125 78 41 9
125 207 41 9
145 49 4 9
145 56 5 9
145 126 5 9
145 68 6 9
145 238 6 9
145 63 7 9
145 146 7 9
145 105 8 9
145 153 8 9
145 92 9 9
145 35 10 9
145 98 10 9
145 182 10 9
145 63 11 9
145 148 11 9
145 122 13 9
145 149 13 9
145 43 15 9
145 157 15 9
145 263 15 9
145 30 16 9
145 36 16 9
145 100 16 9
145 130 16 9
145 47 17 9
145 222 17 9
145 101 19 9
145 139 19 9
145 107 22 9
145 219 22 9
145 26 23 9
145 38 23 9
145 64 23 9
145 129 23 9
145 260 23 9
145 173 35 9
145 25 36 9
145 132 36 9
145 259 36 9
145 196 38 9
145 31 41 9
145 78 41 9
145 207 41 9
354 401 4 9
354 413 5 9
354 238 6 9
354 408 6 9
354 351 7 9
354 409 8 9
354 294 9 9
354 282 10 9
354 349 11 9
354 351 12 9
354 273 13 9
354 411 14 9
354 263 15 9
354 310 16 9
354 329 19 9
354 285 22 9
354 260 23 9
354 272 31 9
354 284 35 9
354 259 36 9
354 274 38 9
354 415 39 9
354 295 41 9
354 276 43 9
656 677 4 9
656 694 5 9
656 646 6 9
656 642 7 9
656 658 8 9
656 545 9 9
656 656 13 9
656 683 15 9
656 656 18 9
656 540 19 9
656 640 20 9
656 558 23 9
656 586 29 9
656 677 30 9
656 652 33 9
656 580 34 9
656 601 35 9
656 667 37 9
656 545 38 9
656 573 39 9
656 550 41 9
24 4 4 10
24 56 4 10
24 126 4 10
24 68 5 10
24 24 6 10
24 63 6 10
24 19 7 10
24 105 7 10
24 92 8 10
24 19 9 10
24 35 9 10
24 98 9 10
24 63 10 10
24 122 12 10
24 43 14 10
24 5 15 10
24 30 15 10
24 36 15 10
24 100 15 10
24 130 15 10
24 47 16 10
24 101 18 10
24 139 18 10
24 107 21 10
24 26 22 10
24 38 22 10
24 64 22 10
24 129 22 10
24 25 35 10
24 132 35 10
24 31 40 10
24 78 40 10
24 1 43 10
24 3 43 10
24 10 43 10
24 15 43 10
24 74 43 10
117 4 4 10
117 56 4 10
117 126 4 10
117 68 5 10
117 24 6 10
117 63 6 10
117 146 6 10
117 19 7 10
117 105 7 10
117 153 7 10
117 92 8 10
117 19 9 10
117 35 9 10
117 98 9 10
117 182 9 10
117 63 10 10
117 148 10 10
117 122 12 10
117 149 12 10
117 43 14 10
117 157 14 10
117 5 15 10
117 30 15 10
117 36 15 10
117 100 15 10
117 130 15 10
117 47 16 10
117 222 16 10
117 101 18 10
117 139 18 10
117 107 21 10
117 219 21 10
117 26 22 10
117 38 22 10
117 64 22 10
117 129 22 10
117 173 34 10
117 25 35 10
117 132 35 10
117 196 37 10
117 31 40 10
117 78 40 10
117 207 40 10
117 1 43 10
117 3 43 10
117 10 43 10
117 15 43 10
117 74 43 10
117 150 43 10
274 238 5 10
274 351 6 10
274 294 8 10
274 182 9 10
274 282 9 10
274 349 10 10
274 351 11 10
274 273 12 10
274 157 14 10
274 263 14 10
274 310 15 10
274 222 16 10
274 329 18 10
274 219 21 10
274 285 21 10
274 260 22 10
274 272 30 10
274 173 34 10
274 284 34 10
274 259 35 10
274 196 37 10
274 274 37 10
274 207 40 10
274 295 40 10
274 276 42 10
274 301 43 10
41 68 4 11
41 24 5 11
41 63 5 11
41 146 5 11
41 19 6 11
41 105 6 11
41 153 6 11
41 92 7 11
41 19 8 11
41 35 8 11
41 98 8 11
41 63 9 11
41 148 9 11
41 122 11 11
41 149 11 11
41 43 13 11
41 157 13 11
41 5 14 11
41 30 14 11
41 36 14 11
41 100 14 11
41 130 14 11
41 47 15 11
41 101 17 11
41 139 17 11
41 107 20 11
41 26 21 11
41 38 21 11
41 64 21 11
41 129 21 11
41 25 34 11
41 132 34 11
41 31 39 11
41 78 39 11
41 1 42 11
41 3 42 11
41 10 42 11
41 15 42 11
41 74 42 11
41 150 42 11
41 11 43 11
41 138 43 11
446 408 4 11
446 351 5 11
446 409 6 11
446 545 7 11
446 516 8 11
446 349 9 11
446 518 9 11
446 351 10 11
446 411 12 11
446 521 14 11
446 329 17 11
446 540 17 11
446 532 20 11
446 558 21 11
446 515 34 11
446 545 36 11
446 415 37 11
446 550 39 11
446 563 42 11
656 646 4 11
656 642 5 11
656 658 6 11
656 545 7 11
656 656 11 11
656 683 13 11
656 656 16 11
656 540 17 11
656 640 18 11
656 558 21 11
656 586 27 11
656 677 28 11
656 652 31 11
656 580 32 11
656 601 33 11
656 667 35 11
656 545 36 11
656 573 37 11
656 550 39 11
656 563 42 11
656 641 43 11
4 24 4 12
4 63 4 12
4 19 5 12
4 105 5 12
4 92 6 12
4 19 7 12
4 35 7 12
4 98 7 12
4 63 8 12
4 122 10 12
4 43 12 12
4 5 13 12
4 30 13 12
4 36 13 12
4 100 13 12
4 47 14 12
4 101 16 12
4 107 19 12
4 26 20 12
4 38 20 12
4 64 20 12
4 25 33 12
4 31 38 12
4 78 38 12
4 1 41 12
4 3 41 12
4 10 41 12
4 15 41 12
4 74 41 12
4 11 42 12
29 24 4 12
29 63 4 12
29 146 4 12
29 19 5 12
29 105 5 12
29 92 6 12
29 19 7 12
29 35 7 12
29 98 7 12
29 63 8 12
29 148 8 12
29 122 10 12
29 43 12 12
29 5 13 12
29 30 13 12
29 36 13 12
29 100 13 12
29 130 13 12
29 47 14 12
29 101 16 12
29 139 16 12
29 107 19 12
29 26 20 12
29 38 20 12
29 64 20 12
29 129 20 12
29 25 33 12
29 132 33 12
29 31 38 12
29 78 38 12
29 1 41 12
29 3 41 12
29 10 41 12
29 15 41 12
29 74 41 12
29 11 42 12
29 138 42 12
45 24 4 12
45 63 4 12
45 146 4 12
45 19 5 12
45 105 5 12
45 153 5 12
45 92 6 12
45 19 7 12
45 35 7 12
45 98 7 12
45 63 8 12
45 148 8 12
45 122 10 12
45 149 10 12
45 43 12 12
45 157 12 12
45 5 13 12
45 30 13 12
45 36 13 12
45 100 13 12
45 130 13 12
45 47 14 12
45 101 16 12
45 139 16 12
45 107 19 12
45 26 20 12
45 38 20 12
45 64 20 12
45 129 20 12
45 25 33 12
45 132 33 12
45 31 38 12
45 78 38 12
45 1 41 12
45 3 41 12
45 10 41 12
45 15 41 12
45 74 41 12
45 150 41 12
45 11 42 12
45 138 42 12
95 24 4 12
95 63 4 12
95 146 4 12
95 19 5 12
95 105 5 12
95 153 5 12
95 92 6 12
95 19 7 12
95 35 7 12
95 98 7 12
95 182 7 12
95 63 8 12
95 148 8 12
95 122 10 12
95 149 10 12
95 43 12 12
95 157 12 12
95 5 13 12
95 30 13 12
95 36 13 12
95 100 13 12
95 130 13 12
95 47 14 12
95 101 16 12
95 139 16 12
95 107 19 12
95 26 20 12
95 38 20 12
95 64 20 12
95 129 20 12
95 173 32 12
95 25 33 12
95 132 33 12
95 196 35 12
95 31 38 12
95 78 38 12
95 207 38 12
95 1 41 12
95 3 41 12
95 10 41 12
95 15 41 12
95 74 41 12
95 150 41 12
95 11 42 12
95 138 42 12
155 63 4 12
155 146 4 12
155 105 5 12
155 153 5 12
155 92 6 12
155 35 7 12
155 98 7 12
155 182 7 12
155 63 8 12
155 148 8 12
155 122 10 12
155 149 10 12
155 273 10 12
155 43 12 12
155 157 12 12
155 263 12 12
155 36 13 12
155 100 13 12
155 130 13 12
155 47 14 12
155 222 14 12
155 101 16 12
155 139 16 12
155 107 19 12
155 219 19 12
155 38 20 12
155 64 20 12
155 129 20 12
155 260 20 12
155 272 28 12
155 173 32 12
155 132 33 12
155 259 33 12
155 196 35 12
155 274 35 12
155 78 38 12
155 207 38 12
155 74 41 12
155 150 41 12
155 138 42 12
270 351 4 12
270 153 5 12
270 294 6 12
270 182 7 12
270 282 7 12
270 349 8 12
270 351 9 12
270 273 10 12
270 157 12 12
270 263 12 12
270 310 13 12
270 222 14 12
270 329 16 12
270 219 19 12
270 285 19 12
270 260 20 12
270 272 28 12
270 173 32 12
270 284 32 12
270 259 33 12
270 196 35 12
270 274 35 12
270 207 38 12
270 295 38 12
270 276 40 12
270 150 41 12
270 301 41 12
608 642 4 12
608 658 5 12
608 545 6 12
608 516 7 12
608 518 8 12
608 656 10 12
608 683 12 12
608 521 13 12
608 656 15 12
608 540 16 12
608 640 17 12
608 532 19 12
608 558 20 12
608 586 26 12
608 677 27 12
608 652 30 12
608 580 31 12
608 601 32 12
608 515 33 12
608 667 34 12
608 545 35 12
608 573 36 12
608 550 38 12
608 563 41 12
608 641 42 12
49 19 4 13
49 105 4 13
49 153 4 13
49 92 5 13
49 19 6 13
49 35 6 13
49 98 6 13
49 63 7 13
49 148 7 13
49 122 9 13
49 149 9 13
49 43 11 13
49 157 11 13
49 5 12 13
49 30 12 13
49 36 12 13
49 100 12 13
49 130 12 13
49 47 13 13
49 101 15 13
49 139 15 13
49 107 18 13
49 26 19 13
49 38 19 13
49 64 19 13
49 129 19 13
49 25 32 13
49 132 32 13
49 31 37 13
49 78 37 13
49 1 40 13
49 3 40 13
49 10 40 13
49 15 40 13
49 74 40 13
49 150 40 13
49 11 41 13
49 138 41 13
401 409 4 13
401 294 5 13
401 282 6 13
401 516 6 13
401 349 7 13
401 518 7 13
401 351 8 13
401 411 10 13
401 310 12 13
401 329 15 13
401 285 18 13
401 284 31 13
401 515 32 13
401 415 35 13
401 295 37 13
401 301 40 13
401 448 42 13
677 658 4 13
677 656 9 13
677 683 11 13
677 656 14 13
677 640 16 13
677 558 19 13
677 586 25 13
677 677 26 13
677 652 29 13
677 580 30 13
677 601 31 13
677 667 33 13
677 573 35 13
677 563 40 13
677 641 41 13
4 92 4 14
4 19 5 14
4 35 5 14
4 98 5 14
4 63 6 14
4 122 8 14
4 43 10 14
4 5 11 14
4 30 11 14
4 36 11 14
4 100 11 14
4 47 12 14
4 101 14 14
4 107 17 14
4 26 18 14
4 38 18 14
4 64 18 14
4 25 31 14
4 31 36 14
4 78 36 14
4 1 39 14
4 3 39 14
4 10 39 14
4 15 39 14
4 74 39 14
4 11 40 14
56 92 4 14
56 19 5 14
56 35 5 14
56 98 5 14
56 63 6 14
56 148 6 14
56 122 8 14
56 149 8 14
56 43 10 14
56 157 10 14
56 5 11 14
56 30 11 14
56 36 11 14
56 100 11 14
56 130 11 14
56 47 12 14
56 101 14 14
56 139 14 14
56 107 17 14
56 26 18 14
56 38 18 14
56 64 18 14
56 129 18 14
56 173 30 14
56 25 31 14
56 132 31 14
56 31 36 14
56 78 36 14
56 1 39 14
56 3 39 14
56 10 39 14
56 15 39 14
56 74 39 14
56 150 39 14
56 11 40 14
56 138 40 14
56 174 42 14
126 92 4 14
126 19 5 14
126 35 5 14
126 98 5 14
126 182 5 14
126 63 6 14
126 148 6 14
126 122 8 14
126 149 8 14
126 43 10 14
126 157 10 14
126 30 11 14
126 36 11 14
126 100 11 14
126 130 11 14
126 47 12 14
126 222 12 14
126 101 14 14
126 139 14 14
126 107 17 14
126 219 17 14
126 26 18 14
126 38 18 14
126 64 18 14
126 129 18 14
126 173 30 14
126 25 31 14
126 132 31 14
126 196 33 14
126 31 36 14
126 78 36 14
126 207 36 14
126 10 39 14
126 15 39 14
126 74 39 14
126 150 39 14
126 11 40 14
126 138 40 14
126 174 42 14
413 294 4 14
413 516 5 14
413 349 6 14
413 518 6 14
413 351 7 14
413 411 9 14
413 310 11 14
413 521 11 14
413 329 14 14
413 532 17 14
413 515 31 14
413 415 34 14
413 295 36 14
413 301 39 14
413 448 41 14
413 524 42 14
694 656 8 14
694 683 10 14
694 656 13 14
694 640 15 14
694 586 24 14
694 677 25 14
694 652 28 14
694 580 29 14
694 601 30 14
694 667 32 14
694 641 40 14
68 19 4 15
68 35 4 15
68 98 4 15
68 182 4 15
68 63 5 15
68 148 5 15
68 122 7 15
68 149 7 15
68 43 9 15
68 157 9 15
68 5 10 15
68 30 10 15
68 36 10 15
68 100 10 15
68 130 10 15
68 47 11 15
68 101 13 15
68 139 13 15
68 107 16 15
68 26 17 15
68 38 17 15
68 64 17 15
68 129 17 15
68 173 29 15
68 25 30 15
68 132 30 15
68 31 35 15
68 78 35 15
68 1 38 15
68 3 38 15
68 10 38 15
68 15 38 15
68 74 38 15
68 150 38 15
68 11 39 15
68 138 39 15
68 174 41 15
238 182 4 15
238 282 4 15
238 148 5 15
238 349 5 15
238 351 6 15
238 122 7 15
238 149 7 15
238 273 7 15
238 157 9 15
238 263 9 15
238 130 10 15
238 310 10 15
238 222 11 15
238 139 13 15
238 329 13 15
238 219 16 15
238 285 16 15
238 129 17 15
238 260 17 15
238 272 25 15
238 173 29 15
238 284 29 15
238 132 30 15
238 259 30 15
238 196 32 15
238 274 32 15
238 207 35 15
238 295 35 15
238 276 37 15
238 150 38 15
238 301 38 15
238 138 39 15
238 174 41 15
238 271 41 15
408 516 4 15
408 349 5 15
408 518 5 15
408 351 6 15
408 411 8 15
408 310 10 15
408 521 10 15
408 329 13 15
408 515 30 15
408 415 33 15
408 295 35 15
408 301 38 15
408 448 40 15
408 524 41 15
646 656 7 15
646 683 9 15
646 656 12 15
646 540 13 15
646 640 14 15
646 532 16 15
646 558 17 15
646 586 23 15
646 677 24 15
646 652 27 15
646 580 28 15
646 601 29 15
646 667 31 15
646 545 32 15
646 573 33 15
646 550 35 15
646 563 38 15
646 641 39 15
24 63 4 16
24 122 6 16
24 43 8 16
24 5 9 16
24 30 9 16
24 36 9 16
24 100 9 16
24 130 9 16
24 47 10 16
24 101 12 16
24 139 12 16
24 107 15 16
24 26 16 16
24 38 16 16
24 64 16 16
24 129 16 16
24 25 29 16
24 132 29 16
24 31 34 16
24 78 34 16
24 1 37 16
24 3 37 16
24 10 37 16
24 15 37 16
24 74 37 16
24 11 38 16
24 138 38 16
63 63 4 16
63 148 4 16
63 122 6 16
63 149 6 16
63 43 8 16
63 157 8 16
63 5 9 16
63 30 9 16
63 36 9 16
63 100 9 16
63 130 9 16
63 47 10 16
63 101 12 16
63 139 12 16
63 107 15 16
63 26 16 16
63 38 16 16
63 64 16 16
63 129 16 16
63 173 28 16
63 25 29 16
63 132 29 16
63 31 34 16
63 78 34 16
63 1 37 16
63 3 37 16
63 10 37 16
63 15 37 16
63 74 37 16
63 150 37 16
63 11 38 16
63 138 38 16
63 174 40 16
146 63 4 16
146 148 4 16
146 122 6 16
146 149 6 16
146 43 8 16
146 157 8 16
146 263 8 16
146 30 9 16
146 36 9 16
146 100 9 16
146 130 9 16
146 47 10 16
146 222 10 16
146 101 12 16
146 139 12 16
146 107 15 16
146 219 15 16
146 26 16 16
146 38 16 16
146 64 16 16
146 129 16 16
146 260 16 16
146 173 28 16
146 132 29 16
146 259 29 16
146 196 31 16
146 31 34 16
146 78 34 16
146 207 34 16
146 74 37 16
146 150 37 16
146 138 38 16
146 174 40 16
351 349 4 16
351 351 5 16
351 273 6 16
351 411 7 16
351 263 8 16
351 310 9 16
351 329 12 16
351 285 15 16
351 260 16 16
351 272 24 16
351 284 28 16
351 259 29 16
351 274 31 16
351 415 32 16
351 295 34 16
351 276 36 16
351 301 37 16
351 448 39 16
351 271 40 16
642 656 6 16
642 683 8 16
642 656 11 16
642 540 12 16
642 640 13 16
642 532 15 16
642 558 16 16
642 586 22 16
642 677 23 16
642 652 26 16
642 580 27 16
642 601 28 16
642 667 30 16
642 545 31 16
642 573 32 16
642 550 34 16
642 563 37 16
642 641 38 16
642 524 40 16
19 122 5 17
19 43 7 17
19 5 8 17
19 30 8 17
19 36 8 17
19 100 8 17
19 130 8 17
19 47 9 17
19 101 11 17
19 107 14 17
19 26 15 17
19 38 15 17
19 64 15 17
19 129 15 17
19 25 28 17
19 132 28 17
19 31 33 17
19 78 33 17
19 1 36 17
19 3 36 17
19 10 36 17
19 15 36 17
19 74 36 17
19 11 37 17
19 138 37 17
105 122 5 17
105 149 5 17
105 43 7 17
105 157 7 17
105 5 8 17
105 30 8 17
105 36 8 17
105 100 8 17
105 130 8 17
105 47 9 17
105 222 9 17
105 101 11 17
105 139 11 17
105 107 14 17
105 219 14 17
105 26 15 17
105 38 15 17
105 64 15 17
105 129 15 17
105 173 27 17
105 25 28 17
105 132 28 17
105 196 30 17
105 31 33 17
105 78 33 17
105 207 33 17
105 1 36 17
105 3 36 17
105 10 36 17
105 15 36 17
105 74 36 17
105 150 36 17
105 11 37 17
105 138 37 17
105 174 39 17
153 122 5 17
153 149 5 17
153 43 7 17
153 157 7 17
153 263 7 17
153 36 8 17
153 100 8 17
153 130 8 17
153 47 9 17
153 222 9 17
153 101 11 17
153 139 11 17
153 107 14 17
153 219 14 17
153 38 15 17
153 64 15 17
153 129 15 17
153 260 15 17
153 272 23 17
153 173 27 17
153 132 28 17
153 259 28 17
153 196 30 17
153 78 33 17
153 207 33 17
153 74 36 17
153 150 36 17
153 138 37 17
153 174 39 17
153 271 39 17
409 351 4 17
409 411 6 17
409 310 8 17
409 521 8 17
409 329 11 17
409 515 28 17
409 415 31 17
409 295 33 17
409 301 36 17
409 448 38 17
409 524 39 17
658 656 5 17
658 683 7 17
658 656 10 17
658 540 11 17
658 640 12 17
658 558 15 17
658 586 21 17
658 677 22 17
658 652 25 17
658 580 26 17
658 601 27 17
658 667 29 17
658 545 30 17
658 573 31 17
658 550 33 17
658 563 36 17
658 641 37 17
92 122 4 18
92 149 4 18
92 43 6 18
92 157 6 18
92 5 7 18
92 30 7 18
92 36 7 18
92 100 7 18
92 130 7 18
92 47 8 18
92 101 10 18
92 139 10 18
92 107 13 18
92 26 14 18
92 38 14 18
92 64 14 18
92 129 14 18
92 173 26 18
92 25 27 18
92 132 27 18
92 196 29 18
92 31 32 18
92 78 32 18
92 207 32 18
92 1 35 18
92 3 35 18
92 10 35 18
92 15 35 18
92 74 35 18
92 150 35 18
92 11 36 18
92 138 36 18
92 174 38 18
294 273 4 18
294 411 5 18
294 263 6 18
294 310 7 18
294 222 8 18
294 329 10 18
294 219 13 18
294 285 13 18
294 260 14 18
294 272 22 18
294 284 26 18
294 259 27 18
294 196 29 18
294 274 29 18
294 207 32 18
294 295 32 18
294 276 34 18
294 301 35 18
294 174 38 18
294 271 38 18
545 656 4 18
545 521 7 18
545 656 9 18
545 540 10 18
545 640 11 18
545 532 13 18
545 558 14 18
545 586 20 18
545 652 24 18
545 580 25 18
545 601 26 18
545 515 27 18
545 545 29 18
545 573 30 18
545 550 32 18
545 563 35 18
545 641 36 18
545 448 37 18
545 524 38 18
19 43 5 19
19 5 6 19
19 30 6 19
19 36 6 19
19 100 6 19
19 130 6 19
19 47 7 19
19 101 9 19
19 107 12 19
19 26 13 19
19 38 13 19
19 64 13 19
19 129 13 19
19 25 26 19
19 132 26 19
19 31 31 19
19 78 31 19
19 1 34 19
19 3 34 19
19 10 34 19
19 15 34 19
19 74 34 19
19 11 35 19
19 138 35 19
35 43 5 19
35 5 6 19
35 30 6 19
35 36 6 19
35 100 6 19
35 130 6 19
35 47 7 19
35 101 9 19
35 139 9 19
35 107 12 19
35 26 13 19
35 38 13 19
35 64 13 19
35 129 13 19
35 25 26 19
35 132 26 19
35 31 31 19
35 78 31 19
35 1 34 19
35 3 34 19
35 10 34 19
35 15 34 19
35 74 34 19
35 150 34 19
35 11 35 19
35 138 35 19
98 43 5 19
98 157 5 19
98 5 6 19
98 30 6 19
98 36 6 19
98 100 6 19
98 130 6 19
98 47 7 19
98 101 9 19
98 139 9 19
98 107 12 19
98 26 13 19
98 38 13 19
98 64 13 19
98 129 13 19
98 173 25 19
98 25 26 19
98 132 26 19
98 196 28 19
98 31 31 19
98 78 31 19
98 207 31 19
98 1 34 19
98 3 34 19
98 10 34 19
98 15 34 19
98 74 34 19
98 150 34 19
98 11 35 19
98 138 35 19
98 174 37 19
182 157 5 19
182 263 5 19
182 100 6 19
182 130 6 19
182 222 7 19
182 101 9 19
182 139 9 19
182 107 12 19
182 219 12 19
182 285 12 19
182 64 13 19
182 129 13 19
182 260 13 19
182 272 21 19
182 173 25 19
182 284 25 19
182 132 26 19
182 259 26 19
182 196 28 19
182 274 28 19
182 78 31 19
182 207 31 19
182 295 31 19
182 276 33 19
182 74 34 19
182 150 34 19
182 301 34 19
182 138 35 19
182 174 37 19
182 271 37 19
282 263 5 19
282 310 6 19
282 222 7 19
282 329 9 19
282 219 12 19
282 285 12 19
282 260 13 19
282 272 21 19
282 173 25 19
282 284 25 19
282 259 26 19
282 196 28 19
282 274 28 19
282 207 31 19
282 295 31 19
282 276 33 19
282 301 34 19
282 174 37 19
282 271 37 19
516 411 4 19
516 521 6 19
516 540 9 19
516 532 12 19
516 558 13 19
516 586 19 19
516 580 24 19
516 601 25 19
516 515 26 19
516 545 28 19
516 415 29 19
516 573 29 19
516 550 31 19
516 563 34 19
516 448 36 19
516 524 37 19
63 43 4 20
63 157 4 20
63 5 5 20
63 30 5 20
63 36 5 20
63 100 5 20
63 130 5 20
63 47 6 20
63 101 8 20
63 139 8 20
63 107 11 20
63 26 12 20
63 38 12 20
63 64 12 20
63 129 12 20
63 173 24 20
63 25 25 20
63 132 25 20
63 31 30 20
63 78 30 20
63 1 33 20
63 3 33 20
63 10 33 20
63 15 33 20
63 74 33 20
63 150 33 20
63 11 34 20
63 138 34 20
63 174 36 20
148 43 4 20
148 157 4 20
148 263 4 20
148 30 5 20
148 36 5 20
148 100 5 20
148 130 5 20
148 47 6 20
148 222 6 20
148 101 8 20
148 139 8 20
148 107 11 20
148 219 11 20
148 38 12 20
148 64 12 20
148 129 12 20
148 260 12 20
148 173 24 20
148 132 25 20
148 259 25 20
148 196 27 20
148 31 30 20
148 78 30 20
148 207 30 20
148 74 33 20
148 150 33 20
148 138 34 20
148 174 36 20
349 263 4 20
349 310 5 20
349 329 8 20
349 285 11 20
349 260 12 20
349 272 20 20
349 284 24 20
349 259 25 20
349 274 27 20
349 415 28 20
349 295 30 20
349 276 32 20
349 301 33 20
349 448 35 20
349 271 36 20
518 521 5 20
518 540 8 20
518 532 11 20
518 558 12 20
518 586 18 20
518 580 23 20
518 601 24 20
518 515 25 20
518 545 27 20
518 415 28 20
518 573 28 20
518 550 30 20
518 563 33 20
518 448 35 20
518 524 36 20
351 310 4 21
351 329 7 21
351 285 10 21
351 260 11 21
351 272 19 21
351 284 23 21
351 259 24 21
351 274 26 21
351 415 27 21
351 295 29 21
351 276 31 21
351 301 32 21
351 448 34 21
351 271 35 21
122 47 4 22
122 222 4 22
122 101 6 22
122 139 6 22
122 107 9 22
122 219 9 22
122 26 10 22
122 38 10 22
122 64 10 22
122 129 10 22
122 173 22 22
122 25 23 22
122 132 23 22
122 196 25 22
122 31 28 22
122 78 28 22
122 207 28 22
122 3 31 22
122 10 31 22
122 15 31 22
122 74 31 22
122 150 31 22
122 11 32 22
122 138 32 22
122 174 34 22
149 47 4 22
149 222 4 22
149 101 6 22
149 139 6 22
149 107 9 22
149 219 9 22
149 38 10 22
149 64 10 22
149 129 10 22
149 260 10 22
149 173 22 22
149 132 23 22
149 259 23 22
149 196 25 22
149 31 28 22
149 78 28 22
149 207 28 22
149 74 31 22
149 150 31 22
149 138 32 22
149 174 34 22
273 222 4 22
273 329 6 22
273 219 9 22
273 285 9 22
273 260 10 22
273 272 18 22
273 173 22 22
273 284 22 22
273 259 23 22
273 196 25 22
273 274 25 22
273 207 28 22
273 295 28 22
273 276 30 22
273 301 31 22
273 174 34 22
273 271 34 22
656 656 5 22
656 540 6 22
656 640 7 22
656 558 10 22
656 586 16 22
656 677 17 22
656 652 20 22
656 580 21 22
656 601 22 22
656 667 24 22
656 545 25 22
656 573 26 22
656 550 28 22
656 563 31 22
656 641 32 22
411 329 5 23
411 515 22 23
411 415 25 23
411 295 27 23
411 301 30 23
411 448 32 23
411 524 33 23
43 101 4 24
43 139 4 24
43 107 7 24
43 26 8 24
43 38 8 24
43 64 8 24
43 129 8 24
43 25 21 24
43 132 21 24
43 31 26 24
43 78 26 24
43 1 29 24
43 3 29 24
43 10 29 24
43 15 29 24
43 74 29 24
43 150 29 24
43 11 30 24
43 138 30 24
157 101 4 24
157 139 4 24
157 107 7 24
157 219 7 24
157 38 8 24
157 64 8 24
157 129 8 24
157 260 8 24
157 272 16 24
157 173 20 24
157 132 21 24
157 259 21 24
157 196 23 24
157 274 23 24
157 78 26 24
157 207 26 24
157 276 28 24
157 74 29 24
157 150 29 24
157 138 30 24
157 174 32 24
157 271 32 24
263 329 4 24
263 219 7 24
263 285 7 24
263 260 8 24
263 272 16 24
263 173 20 24
263 284 20 24
263 259 21 24
263 196 23 24
263 274 23 24
263 207 26 24
263 295 26 24
263 276 28 24
263 150 29 24
263 301 29 24
263 174 32 24
263 271 32 24
683 640 5 24
683 586 14 24
683 677 15 24
683 652 18 24
683 580 19 24
683 601 20 24
683 667 22 24
683 573 24 24
683 563 29 24
683 641 30 24
5 107 6 25
5 26 7 25
5 38 7 25
5 64 7 25
5 25 20 25
5 31 25 25
5 78 25 25
5 1 28 25
5 3 28 25
5 10 28 25
5 15 28 25
5 74 28 25
5 11 29 25
30 107 6 25
30 26 7 25
30 38 7 25
30 64 7 25
30 129 7 25
30 25 20 25
30 132 20 25
30 31 25 25
30 78 25 25
30 1 28 25
30 3 28 25
30 10 28 25
30 15 28 25
30 74 28 25
30 11 29 25
30 138 29 25
36 107 6 25
36 26 7 25
36 38 7 25
36 64 7 25
36 129 7 25
36 25 20 25
36 132 20 25
36 31 25 25
36 78 25 25
36 1 28 25
36 3 28 25
36 10 28 25
36 15 28 25
36 74 28 25
36 150 28 25
36 11 29 25
36 138 29 25
100 107 6 25
100 219 6 25
100 26 7 25
100 38 7 25
100 64 7 25
100 129 7 25
100 173 19 25
100 25 20 25
100 132 20 25
100 196 22 25
100 31 25 25
100 78 25 25
100 207 25 25
100 1 28 25
100 3 28 25
100 10 28 25
100 15 28 25
100 74 28 25
100 150 28 25
100 11 29 25
100 138 29 25
100 174 31 25
130 107 6 25
130 219 6 25
130 26 7 25
130 38 7 25
130 64 7 25
130 129 7 25
130 173 19 25
130 25 20 25
130 132 20 25
130 196 22 25
130 31 25 25
130 78 25 25
130 207 25 25
130 10 28 25
130 15 28 25
130 74 28 25
130 150 28 25
130 11 29 25
130 138 29 25
130 174 31 25
310 219 6 25
310 285 6 25
310 260 7 25
310 272 15 25
310 284 19 25
310 259 20 25
310 196 22 25
310 274 22 25
310 415 23 25
310 207 25 25
310 295 25 25
310 276 27 25
310 301 28 25
310 271 31 25
521 640 4 25
521 532 6 25
521 558 7 25
521 586 13 25
521 580 18 25
521 601 19 25
521 515 20 25
521 545 22 25
521 415 23 25
521 573 23 25
521 550 25 25
521 563 28 25
521 448 30 25
521 524 31 25
47 107 5 26
47 26 6 26
47 38 6 26
47 64 6 26
47 129 6 26
47 25 19 26
47 132 19 26
47 31 24 26
47 78 24 26
47 1 27 26
47 3 27 26
47 10 27 26
47 15 27 26
47 74 27 26
47 150 27 26
47 11 28 26
47 138 28 26
222 107 5 26
222 219 5 26
222 285 5 26
222 129 6 26
222 260 6 26
222 272 14 26
222 173 18 26
222 284 18 26
222 132 19 26
222 259 19 26
222 196 21 26
222 274 21 26
222 207 24 26
222 295 24 26
222 276 26 26
222 150 27 26
222 301 27 26
222 138 28 26
222 174 30 26
222 271 30 26
656 558 5 27
656 586 11 27
656 677 12 27
656 652 15 27
656 580 16 27
656 601 17 27
656 667 19 27
656 545 20 27
656 573 21 27
656 550 23 27
656 563 26 27
656 641 27 27
101 26 4 28
101 38 4 28
101 64 4 28
101 129 4 28
101 173 16 28
101 25 17 28
101 132 17 28
101 196 19 28
101 31 22 28
101 78 22 28
101 207 22 28
101 1 25 28
101 3 25 28
101 10 25 28
101 15 25 28
101 74 25 28
101 150 25 28
101 11 26 28
101 138 26 28
101 174 28 28
139 26 4 28
139 38 4 28
139 64 4 28
139 129 4 28
139 173 16 28
139 25 17 28
139 132 17 28
139 196 19 28
139 31 22 28
139 78 22 28
139 207 22 28
139 74 25 28
139 150 25 28
139 138 26 28
139 174 28 28
329 260 4 28
329 272 12 28
329 284 16 28
329 259 17 28
329 274 19 28
329 415 20 28
329 295 22 28
329 276 24 28
329 301 25 28
329 448 27 28
329 271 28 28
540 558 4 28
540 586 10 28
540 652 14 28
540 580 15 28
540 601 16 28
540 515 17 28
540 545 19 28
540 573 20 28
540 550 22 28
540 563 25 28
540 641 26 28
540 448 27 28
540 524 28 28
640 586 9 29
640 677 10 29
640 652 13 29
640 580 14 29
640 601 15 29
640 667 17 29
640 545 18 29
640 573 19 29
640 550 21 29
640 563 24 29
640 641 25 29
640 524 27 29
107 173 13 31
107 25 14 31
107 132 14 31
107 196 16 31
107 31 19 31
107 78 19 31
107 207 19 31
107 1 22 31
107 3 22 31
107 10 22 31
107 15 22 31
107 74 22 31
107 150 22 31
107 11 23 31
107 138 23 31
107 174 25 31
219 272 9 31
219 173 13 31
219 284 13 31
219 132 14 31
219 259 14 31
219 196 16 31
219 274 16 31
219 207 19 31
219 295 19 31
219 276 21 31
219 150 22 31
219 301 22 31
219 138 23 31
219 174 25 31
219 271 25 31
285 272 9 31
285 173 13 31
285 284 13 31
285 259 14 31
285 196 16 31
285 274 16 31
285 207 19 31
285 295 19 31
285 276 21 31
285 301 22 31
285 174 25 31
285 271 25 31
532 586 7 31
532 580 12 31
532 601 13 31
532 515 14 31
532 545 16 31
532 415 17 31
532 573 17 31
532 550 19 31
532 563 22 31
532 641 23 31
532 448 24 31
532 524 25 31
26 25 13 32
26 132 13 32
26 31 18 32
26 78 18 32
26 1 21 32
26 3 21 32
26 10 21 32
26 15 21 32
26 74 21 32
26 11 22 32
26 138 22 32
38 25 13 32
38 132 13 32
38 31 18 32
38 78 18 32
38 1 21 32
38 3 21 32
38 10 21 32
38 15 21 32
38 74 21 32
38 150 21 32
38 11 22 32
38 138 22 32
64 173 12 32
64 25 13 32
64 132 13 32
64 31 18 32
64 78 18 32
64 1 21 32
64 3 21 32
64 10 21 32
64 15 21 32
64 74 21 32
64 150 21 32
64 11 22 32
64 138 22 32
64 174 24 32
129 173 12 32
129 25 13 32
129 132 13 32
129 196 15 32
129 31 18 32
129 78 18 32
129 207 18 32
129 10 21 32
129 15 21 32
129 74 21 32
129 150 21 32
129 11 22 32
129 138 22 32
129 174 24 32
260 272 8 32
260 173 12 32
260 284 12 32
260 259 13 32
260 196 15 32
260 274 15 32
260 207 18 32
260 295 18 32
260 276 20 32
260 150 21 32
260 301 21 32
260 174 24 32
260 271 24 32
558 586 6 32
558 677 7 32
558 652 10 32
558 580 11 32
558 601 12 32
558 515 13 32
558 667 14 32
558 545 15 32
558 573 16 32
558 550 18 32
558 563 21 32
558 641 22 32
558 448 23 32
558 524 24 32
586 652 4 38
586 580 5 38
586 601 6 38
586 515 7 38
586 667 8 38
586 545 9 38
586 573 10 38
586 550 12 38
586 563 15 38
586 641 16 38
586 524 18 38
677 580 4 39
677 601 5 39
677 667 7 39
677 573 9 39
677 563 14 39
677 641 15 39
272 173 4 40
272 284 4 40
272 259 5 40
272 196 7 40
272 274 7 40
272 207 10 40
272 295 10 40
272 276 12 40
272 301 13 40
272 174 16 40
272 271 16 40
652 667 4 42
652 545 5 42
652 573 6 42
652 550 8 42
652 563 11 42
652 641 12 42
580 545 4 43
580 573 5 43
580 550 7 43
580 563 10 43
580 641 11 43
580 524 13 43
173 78 6 44
173 207 6 44
173 276 8 44
173 74 9 44
173 150 9 44
173 138 10 44
173 174 12 44
173 271 12 44
284 207 6 44
284 295 6 44
284 276 8 44
284 301 9 44
284 174 12 44
284 271 12 44
601 573 4 44
601 550 6 44
601 563 9 44
601 641 10 44
601 524 12 44
25 31 5 45
25 78 5 45
25 1 8 45
25 3 8 45
25 10 8 45
25 15 8 45
25 74 8 45
25 11 9 45
25 138 9 45
132 31 5 45
132 78 5 45
132 207 5 45
132 15 8 45
132 74 8 45
132 150 8 45
132 138 9 45
132 174 11 45
259 207 5 45
259 295 5 45
259 276 7 45
259 150 8 45
259 301 8 45
259 174 11 45
259 271 11 45
515 550 5 45
515 563 8 45
515 448 10 45
515 524 11 45
667 550 4 46
667 563 7 46
667 641 8 46
196 276 5 47
196 150 6 47
196 301 6 47
196 138 7 47
196 174 9 47
196 271 9 47
274 276 5 47
274 301 6 47
274 174 9 47
274 271 9 47
545 563 6 47
545 641 7 47
545 448 8 47
545 524 9 47
415 301 5 48
415 448 7 48
415 524 8 48
573 563 5 48
573 641 6 48
573 524 8 48
31 11 4 50
31 138 4 50
78 11 4 50
78 138 4 50
78 174 6 50
207 138 4 50
207 174 6 50
207 271 6 50
295 271 6 50
550 641 4 50
550 448 5 50
550 524 6 50
276 174 4 52
276 271 4 52
