104 31 4 5
104 93 4 5
104 39 5 5
104 63 5 5
104 14 6 5
104 45 6 5
104 63 6 5
104 11 7 5
104 43 7 5
104 85 7 5
104 14 8 5
104 35 8 5
104 34 9 5
104 47 10 5
104 33 11 5
104 38 12 5
104 166 16 5
104 32 17 5
104 91 17 5
104 202 17 5
104 119 18 5
104 128 18 5
104 2 21 5
104 130 21 5
104 77 23 5
104 193 23 5
104 35 25 5
104 105 25 5
104 38 26 5
104 220 26 5
104 124 27 5
104 132 27 5
104 17 29 5
104 49 29 5
104 37 30 5
104 92 30 5
104 163 30 5
104 27 31 5
104 58 31 5
104 94 31 5
104 63 32 5
104 161 32 5
104 23 33 5
104 38 33 5
104 47 34 5
104 81 34 5
104 69 36 5
104 32 37 5
104 32 38 5
104 36 43 5
104 148 43 5
231 334 5 5
231 337 9 5
231 166 16 5
231 202 17 5
231 324 17 5
231 119 18 5
231 128 18 5
231 256 18 5
231 130 21 5
231 257 21 5
231 258 22 5
231 193 23 5
231 310 23 5
231 306 24 5
231 241 25 5
231 220 26 5
231 268 26 5
231 124 27 5
231 132 27 5
231 163 30 5
231 336 30 5
231 161 32 5
231 337 33 5
231 339 36 5
231 148 43 5
231 283 43 5
370 367 4 5
370 334 5 5
370 372 6 5
370 375 8 5
370 337 9 5
370 324 17 5
370 256 18 5
370 417 19 5
370 257 21 5
370 258 22 5
370 310 23 5
370 306 24 5
370 268 26 5
370 353 27 5
370 450 28 5
370 399 29 5
370 336 30 5
370 470 31 5
370 473 32 5
370 337 33 5
370 462 34 5
370 339 36 5
370 475 37 5
370 477 38 5
370 283 43 5
0 39 4 6
0 63 4 6
0 14 5 6
0 45 5 6
0 63 5 6
0 11 6 6
0 43 6 6
0 85 6 6
0 14 7 6
0 35 7 6
0 34 8 6
0 47 9 6
0 33 10 6
0 38 11 6
0 32 16 6
0 91 16 6
0 119 17 6
0 2 20 6
0 77 22 6
0 35 24 6
0 105 24 6
0 38 25 6
0 17 28 6
0 49 28 6
0 37 29 6
0 92 29 6
0 27 30 6
0 58 30 6
0 94 30 6
0 63 31 6
0 23 32 6
0 38 32 6
0 47 33 6
0 81 33 6
0 69 35 6
0 32 36 6
0 32 37 6
0 36 42 6
0 6 43 6
0 9 43 6
0 36 43 6
0 74 43 6
1 39 4 6
1 63 4 6
1 14 5 6
1 45 5 6
1 63 5 6
1 11 6 6
1 43 6 6
1 85 6 6
1 14 7 6
1 35 7 6
1 34 8 6
1 47 9 6
1 33 10 6
1 38 11 6
1 32 16 6
1 91 16 6
1 119 17 6
1 2 20 6
1 77 22 6
1 35 24 6
1 105 24 6
1 38 25 6
1 17 28 6
1 49 28 6
1 37 29 6
1 92 29 6
1 27 30 6
1 58 30 6
1 94 30 6
1 63 31 6
1 23 32 6
1 38 32 6
1 47 33 6
1 81 33 6
1 69 35 6
1 32 36 6
1 32 37 6
1 36 42 6
1 6 43 6
1 9 43 6
1 36 43 6
1 74 43 6
3 39 4 6
3 63 4 6
3 14 5 6
3 45 5 6
3 63 5 6
3 11 6 6
3 43 6 6
3 85 6 6
3 14 7 6
3 35 7 6
3 34 8 6
3 47 9 6
3 33 10 6
3 38 11 6
3 32 16 6
3 91 16 6
3 119 17 6
3 2 20 6
3 77 22 6
3 35 24 6
3 105 24 6
3 38 25 6
3 17 28 6
3 49 28 6
3 37 29 6
3 92 29 6
3 27 30 6
3 58 30 6
3 94 30 6
3 63 31 6
3 23 32 6
3 38 32 6
3 47 33 6
3 81 33 6
3 69 35 6
3 32 36 6
3 32 37 6
3 36 42 6
3 6 43 6
3 9 43 6
3 36 43 6
3 74 43 6
696 640 4 6
696 638 5 6
696 602 6 6
696 678 7 6
696 639 8 6
696 693 9 6
696 624 10 6
696 600 14 6
696 584 15 6
696 633 16 6
696 655 18 6
696 643 19 6
696 698 20 6
696 599 23 6
696 619 26 6
696 614 27 6
696 665 29 6
696 578 33 6
696 579 36 6
696 637 37 6
696 606 38 6
696 678 39 6
696 597 40 6
696 599 41 6
696 628 42 6
696 691 43 6
16 14 4 7
16 45 4 7
16 63 4 7
16 11 5 7
16 43 5 7
16 85 5 7
16 14 6 7
16 35 6 7
16 34 7 7
16 47 8 7
16 33 9 7
16 38 10 7
16 32 15 7
16 91 15 7
16 119 16 7
16 128 16 7
16 2 19 7
16 130 19 7
16 77 21 7
16 35 23 7
16 105 23 7
16 38 24 7
16 124 25 7
16 132 25 7
16 17 27 7
16 49 27 7
16 37 28 7
16 92 28 7
16 27 29 7
16 58 29 7
16 94 29 7
16 63 30 7
16 23 31 7
16 38 31 7
16 47 32 7
16 81 32 7
16 69 34 7
16 32 35 7
16 32 36 7
16 36 41 7
16 6 42 7
16 9 42 7
16 36 42 7
16 74 42 7
16 127 42 7
16 126 43 7
47 14 4 7
47 45 4 7
47 63 4 7
47 11 5 7
47 43 5 7
47 85 5 7
47 14 6 7
47 35 6 7
47 34 7 7
47 47 8 7
47 33 9 7
47 38 10 7
47 166 14 7
47 32 15 7
47 91 15 7
47 119 16 7
47 128 16 7
47 2 19 7
47 130 19 7
47 77 21 7
47 35 23 7
47 105 23 7
47 38 24 7
47 124 25 7
47 132 25 7
47 17 27 7
47 49 27 7
47 37 28 7
47 92 28 7
47 163 28 7
47 27 29 7
47 58 29 7
47 94 29 7
47 63 30 7
47 161 30 7
47 23 31 7
47 38 31 7
47 47 32 7
47 81 32 7
47 69 34 7
47 32 35 7
47 32 36 7
47 36 41 7
47 148 41 7
47 6 42 7
47 9 42 7
47 36 42 7
47 74 42 7
47 127 42 7
47 126 43 7
79 14 4 7
79 45 4 7
79 63 4 7
79 11 5 7
79 43 5 7
79 85 5 7
79 14 6 7
79 35 6 7
79 34 7 7
79 47 8 7
79 33 9 7
79 38 10 7
79 166 14 7
79 32 15 7
79 91 15 7
79 119 16 7
79 128 16 7
79 2 19 7
79 130 19 7
79 77 21 7
79 193 21 7
79 35 23 7
79 105 23 7
79 38 24 7
79 124 25 7
79 132 25 7
79 17 27 7
79 49 27 7
79 37 28 7
79 92 28 7
79 163 28 7
79 27 29 7
79 58 29 7
79 94 29 7
79 63 30 7
79 161 30 7
79 23 31 7
79 38 31 7
79 47 32 7
79 81 32 7
79 69 34 7
79 32 35 7
79 32 36 7
79 36 41 7
79 148 41 7
79 6 42 7
79 9 42 7
79 36 42 7
79 74 42 7
79 127 42 7
79 126 43 7
486 372 4 7
486 496 5 7
486 602 5 7
486 375 6 7
486 500 8 7
486 506 9 7
486 501 10 7
486 537 10 7
486 503 11 7
486 511 11 7
486 504 13 7
486 600 13 7
486 584 14 7
486 512 16 7
486 417 17 7
486 523 20 7
486 542 21 7
486 599 22 7
486 524 24 7
486 450 26 7
486 399 27 7
486 531 27 7
486 470 29 7
486 573 29 7
486 473 30 7
486 572 30 7
486 575 31 7
486 462 32 7
486 578 32 7
486 492 33 7
486 568 33 7
486 571 34 7
486 475 35 7
486 579 35 7
486 477 36 7
486 597 39 7
486 599 40 7
486 516 43 7
649 638 4 7
649 602 5 7
649 678 6 7
649 639 7 7
649 693 8 7
649 624 9 7
649 537 10 7
649 600 13 7
649 584 14 7
649 633 15 7
649 655 17 7
649 643 18 7
649 698 19 7
649 542 21 7
649 599 22 7
649 619 25 7
649 614 26 7
649 531 27 7
649 665 28 7
649 573 29 7
649 572 30 7
649 575 31 7
649 578 32 7
649 568 33 7
649 571 34 7
649 579 35 7
649 637 36 7
649 606 37 7
649 678 38 7
649 597 39 7
649 599 40 7
649 628 41 7
649 691 42 7
19 11 4 8
19 43 4 8
19 85 4 8
19 14 5 8
19 35 5 8
19 34 6 8
19 47 7 8
19 33 8 8
19 38 9 8
19 32 14 8
19 91 14 8
19 119 15 8
19 128 15 8
19 2 18 8
19 130 18 8
19 77 20 8
19 35 22 8
19 105 22 8
19 38 23 8
19 124 24 8
19 132 24 8
19 17 26 8
19 49 26 8
19 37 27 8
19 92 27 8
19 27 28 8
19 58 28 8
19 94 28 8
19 63 29 8
19 23 30 8
19 38 30 8
19 47 31 8
19 81 31 8
19 69 33 8
19 32 34 8
19 32 35 8
19 36 40 8
19 6 41 8
19 9 41 8
19 36 41 8
19 74 41 8
19 127 41 8
19 126 42 8
48 11 4 8
48 43 4 8
48 85 4 8
48 14 5 8
48 35 5 8
48 34 6 8
48 47 7 8
48 33 8 8
48 38 9 8
48 166 13 8
48 32 14 8
48 91 14 8
48 119 15 8
48 128 15 8
48 2 18 8
48 130 18 8
48 77 20 8
48 35 22 8
48 105 22 8
48 38 23 8
48 124 24 8
48 132 24 8
48 17 26 8
48 49 26 8
48 37 27 8
48 92 27 8
48 163 27 8
48 27 28 8
48 58 28 8
48 94 28 8
48 63 29 8
48 161 29 8
48 23 30 8
48 38 30 8
48 47 31 8
48 81 31 8
48 69 33 8
48 32 34 8
48 32 35 8
48 36 40 8
48 148 40 8
48 6 41 8
48 9 41 8
48 36 41 8
48 74 41 8
48 127 41 8
48 126 42 8
87 11 4 8
87 43 4 8
87 85 4 8
87 14 5 8
87 35 5 8
87 34 6 8
87 47 7 8
87 33 8 8
87 38 9 8
87 166 13 8
87 32 14 8
87 91 14 8
87 202 14 8
87 119 15 8
87 128 15 8
87 2 18 8
87 130 18 8
87 77 20 8
87 193 20 8
87 35 22 8
87 105 22 8
87 38 23 8
87 124 24 8
87 132 24 8
87 17 26 8
87 49 26 8
87 37 27 8
87 92 27 8
87 163 27 8
87 27 28 8
87 58 28 8
87 94 28 8
87 63 29 8
87 161 29 8
87 23 30 8
87 38 30 8
87 47 31 8
87 81 31 8
87 69 33 8
87 32 34 8
87 32 35 8
87 36 40 8
87 148 40 8
87 6 41 8
87 9 41 8
87 36 41 8
87 74 41 8
87 127 41 8
87 126 42 8
365 375 5 8
365 337 6 8
365 324 14 8
365 256 15 8
365 417 16 8
365 257 18 8
365 258 19 8
365 310 20 8
365 306 21 8
365 268 23 8
365 353 24 8
365 450 25 8
365 399 26 8
365 336 27 8
365 470 28 8
365 473 29 8
365 337 30 8
365 462 31 8
365 339 33 8
365 475 34 8
365 477 35 8
365 283 40 8
365 323 41 8
633 602 4 8
633 678 5 8
633 639 6 8
633 693 7 8
633 624 8 8
633 537 9 8
633 600 12 8
633 584 13 8
633 633 14 8
633 655 16 8
633 643 17 8
633 698 18 8
633 523 19 8
633 542 20 8
633 599 21 8
633 524 23 8
633 619 24 8
633 614 25 8
633 531 26 8
633 665 27 8
633 573 28 8
633 572 29 8
633 575 30 8
633 578 31 8
633 568 32 8
633 571 33 8
633 579 34 8
633 637 35 8
633 606 36 8
633 678 37 8
633 597 38 8
633 599 39 8
633 628 40 8
633 691 41 8
633 516 42 8
633 636 43 8
31 14 4 9
31 35 4 9
31 34 5 9
31 47 6 9
31 33 7 9
31 38 8 9
31 32 13 9
31 91 13 9
31 119 14 9
31 128 14 9
31 2 17 9
31 130 17 9
31 77 19 9
31 35 21 9
31 105 21 9
31 38 22 9
31 124 23 9
31 132 23 9
31 17 25 9
31 49 25 9
31 37 26 9
31 92 26 9
31 27 27 9
31 58 27 9
31 94 27 9
31 63 28 9
31 23 29 9
31 38 29 9
31 47 30 9
31 81 30 9
31 69 32 9
31 32 33 9
31 32 34 9
31 36 39 9
31 148 39 9
31 6 40 9
31 9 40 9
31 36 40 9
31 74 40 9
31 127 40 9
31 126 41 9
31 7 43 9
31 15 43 9
31 32 43 9
93 14 4 9
93 35 4 9
93 34 5 9
93 47 6 9
93 33 7 9
93 38 8 9
93 166 12 9
93 32 13 9
93 91 13 9
93 202 13 9
93 119 14 9
93 128 14 9
93 2 17 9
93 130 17 9
93 77 19 9
93 193 19 9
93 35 21 9
93 105 21 9
93 38 22 9
93 124 23 9
93 132 23 9
93 17 25 9
93 49 25 9
93 37 26 9
93 92 26 9
93 163 26 9
93 27 27 9
93 58 27 9
93 94 27 9
93 63 28 9
93 161 28 9
93 23 29 9
93 38 29 9
93 47 30 9
93 81 30 9
93 69 32 9
93 32 33 9
93 32 34 9
93 36 39 9
93 148 39 9
93 6 40 9
93 9 40 9
93 36 40 9
93 74 40 9
93 127 40 9
93 126 41 9
93 7 43 9
93 15 43 9
93 32 43 9
367 375 4 9
367 337 5 9
367 324 13 9
367 256 14 9
367 417 15 9
367 257 17 9
367 258 18 9
367 310 19 9
367 306 20 9
367 268 22 9
367 353 23 9
367 450 24 9
367 399 25 9
367 336 26 9
367 470 27 9
367 473 28 9
367 337 29 9
367 462 30 9
367 339 32 9
367 475 33 9
367 477 34 9
367 283 39 9
367 323 40 9
596 678 4 9
596 639 5 9
596 500 6 9
596 693 6 9
596 506 7 9
596 624 7 9
596 501 8 9
596 537 8 9
596 503 9 9
596 511 9 9
596 504 11 9
596 600 11 9
596 584 12 9
596 633 13 9
596 512 14 9
596 655 15 9
596 643 16 9
596 698 17 9
596 523 18 9
596 542 19 9
596 599 20 9
596 524 22 9
596 619 23 9
596 614 24 9
596 531 25 9
596 665 26 9
596 573 27 9
596 572 28 9
596 575 29 9
596 578 30 9
596 492 31 9
596 568 31 9
596 571 32 9
596 579 33 9
596 477 34 9
596 637 34 9
596 606 35 9
596 678 36 9
596 597 37 9
596 599 38 9
596 628 39 9
596 691 40 9
596 516 41 9
596 636 42 9
39 34 4 10
39 47 5 10
39 33 6 10
39 38 7 10
39 32 12 10
39 91 12 10
39 119 13 10
39 128 13 10
39 2 16 10
39 130 16 10
39 77 18 10
39 35 20 10
39 105 20 10
39 38 21 10
39 124 22 10
39 132 22 10
39 17 24 10
39 49 24 10
39 37 25 10
39 92 25 10
39 27 26 10
39 58 26 10
39 94 26 10
39 63 27 10
39 23 28 10
39 38 28 10
39 47 29 10
39 81 29 10
39 69 31 10
39 32 32 10
39 32 33 10
39 36 38 10
39 148 38 10
39 6 39 10
39 9 39 10
39 36 39 10
39 74 39 10
39 127 39 10
39 126 40 10
39 7 42 10
39 15 42 10
39 32 42 10
39 10 43 10
39 126 43 10
39 140 43 10
63 34 4 10
63 47 5 10
63 33 6 10
63 38 7 10
63 166 11 10
63 32 12 10
63 91 12 10
63 119 13 10
63 128 13 10
63 2 16 10
63 130 16 10
63 77 18 10
63 35 20 10
63 105 20 10
63 38 21 10
63 124 22 10
63 132 22 10
63 17 24 10
63 49 24 10
63 37 25 10
63 92 25 10
63 163 25 10
63 27 26 10
63 58 26 10
63 94 26 10
63 63 27 10
63 161 27 10
63 23 28 10
63 38 28 10
63 47 29 10
63 81 29 10
63 69 31 10
63 32 32 10
63 32 33 10
63 36 38 10
63 148 38 10
63 6 39 10
63 9 39 10
63 36 39 10
63 74 39 10
63 127 39 10
63 126 40 10
63 7 42 10
63 15 42 10
63 32 42 10
63 10 43 10
63 126 43 10
63 140 43 10
334 337 4 10
334 324 12 10
334 256 13 10
334 417 14 10
334 257 16 10
334 258 17 10
334 310 18 10
334 306 19 10
334 241 20 10
334 220 21 10
334 268 21 10
334 353 22 10
334 450 23 10
334 399 24 10
334 336 25 10
334 337 28 10
334 339 31 10
334 283 38 10
334 323 39 10
334 268 43 10
640 639 4 10
640 693 5 10
640 624 6 10
640 537 7 10
640 600 10 10
640 584 11 10
640 633 12 10
640 655 14 10
640 643 15 10
640 698 16 10
640 523 17 10
640 542 18 10
640 599 19 10
640 524 21 10
640 619 22 10
640 614 23 10
640 531 24 10
640 665 25 10
640 573 26 10
640 572 27 10
640 575 28 10
640 578 29 10
640 568 30 10
640 571 31 10
640 579 32 10
640 637 33 10
640 606 34 10
640 678 35 10
640 597 36 10
640 599 37 10
640 628 38 10
640 691 39 10
640 636 41 10
14 47 4 11
14 33 5 11
14 38 6 11
14 32 11 11
14 91 11 11
14 119 12 11
14 128 12 11
14 2 15 11
14 130 15 11
14 77 17 11
14 35 19 11
14 105 19 11
14 38 20 11
14 124 21 11
14 132 21 11
14 17 23 11
14 49 23 11
14 37 24 11
14 92 24 11
14 27 25 11
14 58 25 11
14 94 25 11
14 63 26 11
14 23 27 11
14 38 27 11
14 47 28 11
14 81 28 11
14 69 30 11
14 32 31 11
14 32 32 11
14 36 37 11
14 6 38 11
14 9 38 11
14 36 38 11
14 74 38 11
14 127 38 11
14 126 39 11
14 7 41 11
14 15 41 11
14 32 41 11
14 10 42 11
14 126 42 11
14 35 43 11
45 47 4 11
45 33 5 11
45 38 6 11
45 32 11 11
45 91 11 11
45 119 12 11
45 128 12 11
45 2 15 11
45 130 15 11
45 77 17 11
45 35 19 11
45 105 19 11
45 38 20 11
45 124 21 11
45 132 21 11
45 17 23 11
45 49 23 11
45 37 24 11
45 92 24 11
45 163 24 11
45 27 25 11
45 58 25 11
45 94 25 11
45 63 26 11
45 161 26 11
45 23 27 11
45 38 27 11
45 47 28 11
45 81 28 11
45 69 30 11
45 32 31 11
45 32 32 11
45 36 37 11
45 148 37 11
45 6 38 11
45 9 38 11
45 36 38 11
45 74 38 11
45 127 38 11
45 126 39 11
45 7 41 11
45 15 41 11
45 32 41 11
45 10 42 11
45 126 42 11
45 140 42 11
45 35 43 11
45 144 43 11
63 47 4 11
63 33 5 11
63 38 6 11
63 166 10 11
63 32 11 11
63 91 11 11
63 119 12 11
63 128 12 11
63 2 15 11
63 130 15 11
63 77 17 11
63 35 19 11
63 105 19 11
63 38 20 11
63 124 21 11
63 132 21 11
63 17 23 11
63 49 23 11
63 37 24 11
63 92 24 11
63 163 24 11
63 27 25 11
63 58 25 11
63 94 25 11
63 63 26 11
63 161 26 11
63 23 27 11
63 38 27 11
63 47 28 11
63 81 28 11
63 69 30 11
63 32 31 11
63 32 32 11
63 36 37 11
63 148 37 11
63 6 38 11
63 9 38 11
63 36 38 11
63 74 38 11
63 127 38 11
63 126 39 11
63 7 41 11
63 15 41 11
63 32 41 11
63 10 42 11
63 126 42 11
63 140 42 11
63 35 43 11
63 144 43 11
372 324 11 11
372 256 12 11
372 417 13 11
372 257 15 11
372 258 16 11
372 310 17 11
372 306 18 11
372 268 20 11
372 353 21 11
372 450 22 11
372 399 23 11
372 336 24 11
372 470 25 11
372 473 26 11
372 337 27 11
372 462 28 11
372 339 30 11
372 475 31 11
372 477 32 11
372 283 37 11
372 323 38 11
372 268 42 11
372 282 43 11
638 693 4 11
638 624 5 11
638 537 6 11
638 600 9 11
638 584 10 11
638 633 11 11
638 655 13 11
638 643 14 11
638 698 15 11
638 523 16 11
638 542 17 11
638 599 18 11
638 524 20 11
638 619 21 11
638 614 22 11
638 531 23 11
638 665 24 11
638 573 25 11
638 572 26 11
638 575 27 11
638 578 28 11
638 568 29 11
638 571 30 11
638 579 31 11
638 637 32 11
638 606 33 11
638 678 34 11
638 597 35 11
638 599 36 11
638 628 37 11
638 691 38 11
638 636 40 11
638 518 42 11
638 525 43 11
11 33 4 12
11 38 5 12
11 32 10 12
11 91 10 12
11 119 11 12
11 128 11 12
11 2 14 12
11 130 14 12
11 77 16 12
11 35 18 12
11 105 18 12
11 38 19 12
11 124 20 12
11 17 22 12
11 49 22 12
11 37 23 12
11 92 23 12
11 27 24 12
11 58 24 12
11 94 24 12
11 63 25 12
11 23 26 12
11 38 26 12
11 47 27 12
11 81 27 12
11 69 29 12
11 32 30 12
11 32 31 12
11 36 36 12
11 6 37 12
11 9 37 12
11 36 37 12
11 74 37 12
11 127 37 12
11 126 38 12
11 7 40 12
11 15 40 12
11 32 40 12
11 10 41 12
11 126 41 12
11 35 42 12
43 33 4 12
43 38 5 12
43 32 10 12
43 91 10 12
43 119 11 12
43 128 11 12
43 2 14 12
43 130 14 12
43 77 16 12
43 35 18 12
43 105 18 12
43 38 19 12
43 124 20 12
43 132 20 12
43 17 22 12
43 49 22 12
43 37 23 12
43 92 23 12
43 27 24 12
43 58 24 12
43 94 24 12
43 63 25 12
43 161 25 12
43 23 26 12
43 38 26 12
43 47 27 12
43 81 27 12
43 69 29 12
43 32 30 12
43 32 31 12
43 36 36 12
43 148 36 12
43 6 37 12
43 9 37 12
43 36 37 12
43 74 37 12
43 127 37 12
43 126 38 12
43 7 40 12
43 15 40 12
43 32 40 12
43 10 41 12
43 126 41 12
43 140 41 12
43 35 42 12
43 144 42 12
85 33 4 12
85 38 5 12
85 166 9 12
85 32 10 12
85 91 10 12
85 202 10 12
85 119 11 12
85 128 11 12
85 2 14 12
85 130 14 12
85 77 16 12
85 193 16 12
85 35 18 12
85 105 18 12
85 38 19 12
85 124 20 12
85 132 20 12
85 17 22 12
85 49 22 12
85 37 23 12
85 92 23 12
85 163 23 12
85 27 24 12
85 58 24 12
85 94 24 12
85 63 25 12
85 161 25 12
85 23 26 12
85 38 26 12
85 47 27 12
85 81 27 12
85 69 29 12
85 32 30 12
85 32 31 12
85 36 36 12
85 148 36 12
85 6 37 12
85 9 37 12
85 36 37 12
85 74 37 12
85 127 37 12
85 126 38 12
85 7 40 12
85 15 40 12
85 32 40 12
85 10 41 12
85 126 41 12
85 140 41 12
85 35 42 12
85 144 42 12
85 184 43 12
496 506 4 12
496 501 5 12
496 537 5 12
496 503 6 12
496 511 6 12
496 504 8 12
496 600 8 12
496 584 9 12
496 512 11 12
496 417 12 12
496 523 15 12
496 542 16 12
496 599 17 12
496 524 19 12
496 450 21 12
496 614 21 12
496 399 22 12
496 531 22 12
496 470 24 12
496 573 24 12
496 473 25 12
496 572 25 12
496 575 26 12
496 462 27 12
496 578 27 12
496 492 28 12
496 568 28 12
496 571 29 12
496 475 30 12
496 579 30 12
496 477 31 12
496 606 32 12
496 597 34 12
496 599 35 12
496 516 38 12
496 518 41 12
496 525 42 12
496 557 43 12
602 506 4 12
602 624 4 12
602 501 5 12
602 537 5 12
602 503 6 12
602 511 6 12
602 504 8 12
602 600 8 12
602 584 9 12
602 633 10 12
602 512 11 12
602 655 12 12
602 643 13 12
602 698 14 12
602 523 15 12
602 542 16 12
602 599 17 12
602 524 19 12
602 619 20 12
602 614 21 12
602 531 22 12
602 665 23 12
602 573 24 12
602 572 25 12
602 575 26 12
602 578 27 12
602 492 28 12
602 568 28 12
602 571 29 12
602 579 30 12
602 637 31 12
602 606 32 12
602 678 33 12
602 597 34 12
602 599 35 12
602 628 36 12
602 691 37 12
602 516 38 12
602 636 39 12
602 518 41 12
602 525 42 12
602 557 43 12
14 38 4 13
14 32 9 13
14 91 9 13
14 119 10 13
14 128 10 13
14 2 13 13
14 130 13 13
14 77 15 13
14 35 17 13
14 105 17 13
14 38 18 13
14 124 19 13
14 132 19 13
14 17 21 13
14 49 21 13
14 37 22 13
14 92 22 13
14 27 23 13
14 58 23 13
14 94 23 13
14 63 24 13
14 23 25 13
14 38 25 13
14 47 26 13
14 81 26 13
14 69 28 13
14 32 29 13
14 32 30 13
14 36 35 13
14 6 36 13
14 9 36 13
14 36 36 13
14 74 36 13
14 127 36 13
14 126 37 13
14 7 39 13
14 15 39 13
14 32 39 13
14 10 40 13
14 126 40 13
14 35 41 13
14 64 43 13
35 38 4 13
35 32 9 13
35 91 9 13
35 119 10 13
35 128 10 13
35 2 13 13
35 130 13 13
35 77 15 13
35 35 17 13
35 105 17 13
35 38 18 13
35 124 19 13
35 132 19 13
35 17 21 13
35 49 21 13
35 37 22 13
35 92 22 13
35 27 23 13
35 58 23 13
35 94 23 13
35 63 24 13
35 23 25 13
35 38 25 13
35 47 26 13
35 81 26 13
35 69 28 13
35 32 29 13
35 32 30 13
35 36 35 13
35 148 35 13
35 6 36 13
35 9 36 13
35 36 36 13
35 74 36 13
35 127 36 13
35 126 37 13
35 7 39 13
35 15 39 13
35 32 39 13
35 10 40 13
35 126 40 13
35 140 40 13
35 35 41 13
35 144 41 13
35 64 43 13
375 324 9 13
375 256 10 13
375 417 11 13
375 257 13 13
375 258 14 13
375 310 15 13
375 306 16 13
375 268 18 13
375 353 19 13
375 450 20 13
375 399 21 13
375 336 22 13
375 470 23 13
375 473 24 13
375 337 25 13
375 462 26 13
375 492 27 13
375 339 28 13
375 475 29 13
375 477 30 13
375 283 35 13
375 323 36 13
375 268 40 13
375 282 41 13
375 312 42 13
678 600 7 13
678 584 8 13
678 633 9 13
678 655 11 13
678 643 12 13
678 698 13 13
678 599 16 13
678 619 19 13
678 614 20 13
678 665 22 13
678 573 23 13
678 572 24 13
678 575 25 13
678 578 26 13
678 568 27 13
678 571 28 13
678 579 29 13
678 637 30 13
678 606 31 13
678 678 32 13
678 597 33 13
678 599 34 13
678 628 35 13
678 691 36 13
678 636 38 13
678 558 43 13
34 32 8 14
34 91 8 14
34 119 9 14
34 128 9 14
34 2 12 14
34 130 12 14
34 77 14 14
34 35 16 14
34 105 16 14
34 38 17 14
34 124 18 14
34 132 18 14
34 17 20 14
34 49 20 14
34 37 21 14
34 92 21 14
34 27 22 14
34 58 22 14
34 94 22 14
34 63 23 14
34 23 24 14
34 38 24 14
34 47 25 14
34 81 25 14
34 69 27 14
34 32 28 14
34 32 29 14
34 36 34 14
34 148 34 14
34 6 35 14
34 9 35 14
34 36 35 14
34 74 35 14
34 127 35 14
34 126 36 14
34 7 38 14
34 15 38 14
34 32 38 14
34 10 39 14
34 126 39 14
34 140 39 14
34 35 40 14
34 144 40 14
34 64 42 14
337 324 8 14
337 256 9 14
337 417 10 14
337 257 12 14
337 258 13 14
337 310 14 14
337 306 15 14
337 241 16 14
337 220 17 14
337 268 17 14
337 353 18 14
337 450 19 14
337 399 20 14
337 336 21 14
337 337 24 14
337 339 27 14
337 283 34 14
337 323 35 14
337 268 39 14
337 282 40 14
337 312 41 14
639 600 6 14
639 584 7 14
639 633 8 14
639 655 10 14
639 643 11 14
639 698 12 14
639 523 13 14
639 542 14 14
639 599 15 14
639 524 17 14
639 619 18 14
639 614 19 14
639 531 20 14
639 665 21 14
639 573 22 14
639 572 23 14
639 575 24 14
639 578 25 14
639 568 26 14
639 571 27 14
639 579 28 14
639 637 29 14
639 606 30 14
639 678 31 14
639 597 32 14
639 599 33 14
639 628 34 14
639 691 35 14
639 636 37 14
639 525 40 14
639 557 41 14
639 558 42 14
47 166 6 15
47 32 7 15
47 91 7 15
47 119 8 15
47 128 8 15
47 2 11 15
47 130 11 15
47 77 13 15
47 35 15 15
47 105 15 15
47 38 16 15
47 124 17 15
47 132 17 15
47 17 19 15
47 49 19 15
47 37 20 15
47 92 20 15
47 163 20 15
47 27 21 15
47 58 21 15
47 94 21 15
47 63 22 15
47 161 22 15
47 23 23 15
47 38 23 15
47 47 24 15
47 81 24 15
47 69 26 15
47 32 27 15
47 32 28 15
47 36 33 15
47 148 33 15
47 6 34 15
47 9 34 15
47 36 34 15
47 74 34 15
47 127 34 15
47 126 35 15
47 7 37 15
47 15 37 15
47 32 37 15
47 10 38 15
47 126 38 15
47 140 38 15
47 35 39 15
47 144 39 15
47 64 41 15
500 504 5 15
500 600 5 15
500 584 6 15
500 512 8 15
500 417 9 15
500 523 12 15
500 542 13 15
500 599 14 15
500 524 16 15
500 619 17 15
500 450 18 15
500 614 18 15
500 399 19 15
500 531 19 15
500 470 21 15
500 573 21 15
500 473 22 15
500 572 22 15
500 575 23 15
500 462 24 15
500 578 24 15
500 492 25 15
500 568 25 15
500 571 26 15
500 475 27 15
500 579 27 15
500 477 28 15
500 606 29 15
500 597 31 15
500 599 32 15
500 516 35 15
500 518 38 15
500 525 39 15
500 557 40 15
500 558 41 15
693 600 5 15
693 584 6 15
693 633 7 15
693 655 9 15
693 643 10 15
693 698 11 15
693 599 14 15
693 619 17 15
693 614 18 15
693 665 20 15
693 573 21 15
693 575 23 15
693 578 24 15
693 579 27 15
693 637 28 15
693 606 29 15
693 678 30 15
693 597 31 15
693 599 32 15
693 628 33 15
693 691 34 15
693 636 36 15
33 32 6 16
33 91 6 16
33 119 7 16
33 128 7 16
33 2 10 16
33 130 10 16
33 77 12 16
33 35 14 16
33 105 14 16
33 38 15 16
33 124 16 16
33 132 16 16
33 17 18 16
33 49 18 16
33 37 19 16
33 92 19 16
33 27 20 16
33 58 20 16
33 94 20 16
33 63 21 16
33 23 22 16
33 38 22 16
33 47 23 16
33 81 23 16
33 69 25 16
33 32 26 16
33 32 27 16
33 36 32 16
33 148 32 16
33 6 33 16
33 9 33 16
33 36 33 16
33 74 33 16
33 127 33 16
33 126 34 16
33 7 36 16
33 15 36 16
33 32 36 16
33 10 37 16
33 126 37 16
33 140 37 16
33 35 38 16
33 144 38 16
33 64 40 16
506 504 4 16
506 600 4 16
506 584 5 16
506 512 7 16
506 417 8 16
506 523 11 16
506 542 12 16
506 599 13 16
506 524 15 16
506 619 16 16
506 450 17 16
506 614 17 16
506 399 18 16
506 531 18 16
506 470 20 16
506 573 20 16
506 473 21 16
506 572 21 16
506 575 22 16
506 462 23 16
506 578 23 16
506 492 24 16
506 568 24 16
506 571 25 16
506 475 26 16
506 579 26 16
506 477 27 16
506 606 28 16
506 597 30 16
506 599 31 16
506 516 34 16
506 518 37 16
506 525 38 16
506 557 39 16
506 558 40 16
624 504 4 16
624 600 4 16
624 584 5 16
624 633 6 16
624 512 7 16
624 655 8 16
624 643 9 16
624 698 10 16
624 523 11 16
624 542 12 16
624 599 13 16
624 524 15 16
624 619 16 16
624 614 17 16
624 531 18 16
624 665 19 16
624 573 20 16
624 572 21 16
624 575 22 16
624 578 23 16
624 568 24 16
624 571 25 16
624 579 26 16
624 637 27 16
624 606 28 16
624 678 29 16
624 597 30 16
624 599 31 16
624 628 32 16
624 691 33 16
624 516 34 16
624 636 35 16
624 518 37 16
624 525 38 16
624 557 39 16
624 558 40 16
38 32 5 17
38 91 5 17
38 119 6 17
38 128 6 17
38 2 9 17
38 130 9 17
38 77 11 17
38 35 13 17
38 105 13 17
38 38 14 17
38 124 15 17
38 132 15 17
38 17 17 17
38 49 17 17
38 37 18 17
38 92 18 17
38 27 19 17
38 58 19 17
38 94 19 17
38 63 20 17
38 23 21 17
38 38 21 17
38 47 22 17
38 81 22 17
38 69 24 17
38 32 25 17
38 32 26 17
38 36 31 17
38 148 31 17
38 6 32 17
38 9 32 17
38 36 32 17
38 74 32 17
38 127 32 17
38 126 33 17
38 7 35 17
38 15 35 17
38 32 35 17
38 10 36 17
38 126 36 17
38 140 36 17
38 35 37 17
38 144 37 17
38 64 39 17
501 584 4 17
501 512 6 17
501 417 7 17
501 523 10 17
501 542 11 17
501 599 12 17
501 524 14 17
501 619 15 17
501 450 16 17
501 614 16 17
501 399 17 17
501 531 17 17
501 470 19 17
501 573 19 17
501 473 20 17
501 572 20 17
501 575 21 17
501 462 22 17
501 578 22 17
501 492 23 17
501 568 23 17
501 571 24 17
501 475 25 17
501 579 25 17
501 477 26 17
501 606 27 17
501 597 29 17
501 599 30 17
501 516 33 17
501 518 36 17
501 525 37 17
501 557 38 17
501 558 39 17
537 584 4 17
537 633 5 17
537 512 6 17
537 417 7 17
537 655 7 17
537 643 8 17
537 523 10 17
537 542 11 17
537 599 12 17
537 524 14 17
537 619 15 17
537 450 16 17
537 614 16 17
537 531 17 17
537 470 19 17
537 573 19 17
537 473 20 17
537 572 20 17
537 575 21 17
537 462 22 17
537 578 22 17
537 492 23 17
537 568 23 17
537 571 24 17
537 475 25 17
537 579 25 17
537 477 26 17
537 637 26 17
537 606 27 17
537 597 29 17
537 599 30 17
537 628 31 17
537 516 33 17
537 636 34 17
537 518 36 17
537 525 37 17
537 557 38 17
537 558 39 17
503 512 5 18
503 417 6 18
503 523 9 18
503 542 10 18
503 599 11 18
503 524 13 18
503 619 14 18
503 450 15 18
503 614 15 18
503 399 16 18
503 531 16 18
503 470 18 18
503 573 18 18
503 473 19 18
503 572 19 18
503 575 20 18
503 462 21 18
503 578 21 18
503 492 22 18
503 568 22 18
503 571 23 18
503 475 24 18
503 579 24 18
503 477 25 18
503 606 26 18
503 597 28 18
503 599 29 18
503 516 32 18
503 518 35 18
503 525 36 18
503 557 37 18
503 558 38 18
511 512 5 18
511 417 6 18
511 523 9 18
511 542 10 18
511 599 11 18
511 524 13 18
511 619 14 18
511 450 15 18
511 614 15 18
511 399 16 18
511 531 16 18
511 470 18 18
511 573 18 18
511 473 19 18
511 572 19 18
511 575 20 18
511 462 21 18
511 578 21 18
511 492 22 18
511 568 22 18
511 571 23 18
511 475 24 18
511 579 24 18
511 477 25 18
511 606 26 18
511 597 28 18
511 599 29 18
511 628 30 18
511 516 32 18
511 518 35 18
511 525 36 18
511 557 37 18
511 558 38 18
504 417 4 20
504 523 7 20
504 542 8 20
504 599 9 20
504 524 11 20
504 619 12 20
504 450 13 20
504 614 13 20
504 399 14 20
504 531 14 20
504 470 16 20
504 573 16 20
504 473 17 20
504 572 17 20
504 575 18 20
504 462 19 20
504 578 19 20
504 492 20 20
504 568 20 20
504 571 21 20
504 475 22 20
504 579 22 20
504 477 23 20
504 606 24 20
504 597 26 20
504 599 27 20
504 516 30 20
504 518 33 20
504 525 34 20
504 557 35 20
504 558 36 20
600 655 4 20
600 643 5 20
600 698 6 20
600 523 7 20
600 542 8 20
600 599 9 20
600 524 11 20
600 619 12 20
600 614 13 20
600 531 14 20
600 665 15 20
600 573 16 20
600 572 17 20
600 575 18 20
600 578 19 20
600 492 20 20
600 568 20 20
600 571 21 20
600 579 22 20
600 637 23 20
600 606 24 20
600 678 25 20
600 597 26 20
600 599 27 20
600 628 28 20
600 691 29 20
600 516 30 20
600 636 31 20
600 518 33 20
600 525 34 20
600 557 35 20
600 558 36 20
166 130 5 21
166 257 5 21
166 258 6 21
166 77 7 21
166 193 7 21
166 105 9 21
166 241 9 21
166 220 10 21
166 268 10 21
166 124 11 21
166 132 11 21
166 49 13 21
166 92 14 21
166 163 14 21
166 58 15 21
166 94 15 21
166 63 16 21
166 161 16 21
166 47 18 21
166 81 18 21
166 69 20 21
166 148 27 21
166 283 27 21
166 74 28 21
166 127 28 21
166 126 29 21
166 126 32 21
166 140 32 21
166 268 32 21
166 144 33 21
166 282 33 21
166 184 34 21
166 64 35 21
584 643 4 21
584 698 5 21
584 523 6 21
584 542 7 21
584 599 8 21
584 524 10 21
584 619 11 21
584 614 12 21
584 531 13 21
584 665 14 21
584 470 15 21
584 573 15 21
584 473 16 21
584 572 16 21
584 575 17 21
584 578 18 21
584 492 19 21
584 568 19 21
584 571 20 21
584 475 21 21
584 579 21 21
584 477 22 21
584 637 22 21
584 606 23 21
584 678 24 21
584 597 25 21
584 599 26 21
584 628 27 21
584 691 28 21
584 516 29 21
584 636 30 21
584 518 32 21
584 525 33 21
584 557 34 21
584 558 35 21
32 2 4 22
32 130 4 22
32 77 6 22
32 35 8 22
32 105 8 22
32 38 9 22
32 124 10 22
32 132 10 22
32 17 12 22
32 49 12 22
32 37 13 22
32 92 13 22
32 27 14 22
32 58 14 22
32 94 14 22
32 63 15 22
32 23 16 22
32 38 16 22
32 47 17 22
32 81 17 22
32 69 19 22
32 32 20 22
32 32 21 22
32 36 26 22
32 148 26 22
32 6 27 22
32 9 27 22
32 36 27 22
32 74 27 22
32 127 27 22
32 126 28 22
32 7 30 22
32 15 30 22
32 32 30 22
32 10 31 22
32 126 31 22
32 140 31 22
32 35 32 22
32 144 32 22
32 64 34 22
91 2 4 22
91 130 4 22
91 77 6 22
91 193 6 22
91 35 8 22
91 105 8 22
91 38 9 22
91 124 10 22
91 132 10 22
91 17 12 22
91 49 12 22
91 37 13 22
91 92 13 22
91 163 13 22
91 27 14 22
91 58 14 22
91 94 14 22
91 63 15 22
91 161 15 22
91 23 16 22
91 38 16 22
91 47 17 22
91 81 17 22
91 69 19 22
91 32 20 22
91 32 21 22
91 36 26 22
91 148 26 22
91 6 27 22
91 9 27 22
91 36 27 22
91 74 27 22
91 127 27 22
91 126 28 22
91 7 30 22
91 15 30 22
91 32 30 22
91 10 31 22
91 126 31 22
91 140 31 22
91 35 32 22
91 144 32 22
91 184 33 22
91 64 34 22
202 130 4 22
202 257 4 22
202 258 5 22
202 193 6 22
202 310 6 22
202 306 7 22
202 105 8 22
202 241 8 22
202 220 9 22
202 268 9 22
202 124 10 22
202 132 10 22
202 92 13 22
202 163 13 22
202 94 14 22
202 161 15 22
202 148 26 22
202 283 26 22
202 127 27 22
202 126 28 22
202 126 31 22
202 140 31 22
202 268 31 22
202 144 32 22
202 282 32 22
202 184 33 22
202 312 33 22
324 257 4 22
324 258 5 22
324 310 6 22
324 306 7 22
324 241 8 22
324 220 9 22
324 268 9 22
324 353 10 22
324 399 12 22
324 336 13 22
324 337 16 22
324 339 19 22
324 283 26 22
324 323 27 22
324 268 31 22
324 282 32 22
324 312 33 22
633 698 4 22
633 523 5 22
633 542 6 22
633 599 7 22
633 524 9 22
633 619 10 22
633 614 11 22
633 531 12 22
633 665 13 22
633 573 14 22
633 572 15 22
633 575 16 22
633 578 17 22
633 568 18 22
633 571 19 22
633 579 20 22
633 637 21 22
633 606 22 22
633 678 23 22
633 597 24 22
633 599 25 22
633 628 26 22
633 691 27 22
633 516 28 22
633 636 29 22
633 518 31 22
633 525 32 22
633 557 33 22
633 558 34 22
119 77 5 23
119 193 5 23
119 35 7 23
119 105 7 23
119 38 8 23
119 220 8 23
119 124 9 23
119 132 9 23
119 17 11 23
119 49 11 23
119 37 12 23
119 92 12 23
119 163 12 23
119 27 13 23
119 58 13 23
119 94 13 23
119 63 14 23
119 161 14 23
119 23 15 23
119 38 15 23
119 47 16 23
119 81 16 23
119 69 18 23
119 32 19 23
119 32 20 23
119 36 25 23
119 148 25 23
119 6 26 23
119 9 26 23
119 36 26 23
119 74 26 23
119 127 26 23
119 126 27 23
119 7 29 23
119 15 29 23
119 32 29 23
119 10 30 23
119 126 30 23
119 140 30 23
119 35 31 23
119 144 31 23
119 184 32 23
119 64 33 23
128 77 5 23
128 193 5 23
128 35 7 23
128 105 7 23
128 241 7 23
128 38 8 23
128 220 8 23
128 124 9 23
128 132 9 23
128 17 11 23
128 49 11 23
128 37 12 23
128 92 12 23
128 163 12 23
128 27 13 23
128 58 13 23
128 94 13 23
128 63 14 23
128 161 14 23
128 23 15 23
128 38 15 23
128 47 16 23
128 81 16 23
128 69 18 23
128 32 19 23
128 32 20 23
128 36 25 23
128 148 25 23
128 9 26 23
128 36 26 23
128 74 26 23
128 127 26 23
128 126 27 23
128 15 29 23
128 32 29 23
128 10 30 23
128 126 30 23
128 140 30 23
128 35 31 23
128 144 31 23
128 184 32 23
128 64 33 23
256 258 4 23
256 193 5 23
256 310 5 23
256 306 6 23
256 241 7 23
256 220 8 23
256 268 8 23
256 353 9 23
256 163 12 23
256 336 12 23
256 161 14 23
256 337 15 23
256 339 18 23
256 148 25 23
256 283 25 23
256 323 26 23
256 140 30 23
256 268 30 23
256 144 31 23
256 282 31 23
256 184 32 23
256 312 32 23
512 523 4 23
512 542 5 23
512 599 6 23
512 524 8 23
512 619 9 23
512 450 10 23
512 614 10 23
512 399 11 23
512 531 11 23
512 470 13 23
512 573 13 23
512 473 14 23
512 572 14 23
512 575 15 23
512 462 16 23
512 578 16 23
512 492 17 23
512 568 17 23
512 571 18 23
512 475 19 23
512 579 19 23
512 477 20 23
512 606 21 23
512 597 23 23
512 599 24 23
512 628 25 23
512 516 27 23
512 518 30 23
512 525 31 23
512 557 32 23
512 558 33 23
417 310 4 24
417 306 5 24
417 524 7 24
417 353 8 24
417 450 9 24
417 399 10 24
417 531 10 24
417 336 11 24
417 470 12 24
417 473 13 24
417 337 14 24
417 462 15 24
417 492 16 24
417 339 17 24
417 475 18 24
417 477 19 24
417 323 25 24
417 516 26 24
417 518 29 24
417 525 30 24
417 312 31 24
655 542 4 24
655 599 5 24
655 619 8 24
655 614 9 24
655 665 11 24
655 573 12 24
655 572 13 24
655 575 14 24
655 578 15 24
655 568 16 24
655 571 17 24
655 579 18 24
655 637 19 24
655 606 20 24
655 678 21 24
655 597 22 24
655 599 23 24
655 628 24 24
655 691 25 24
655 636 27 24
655 557 31 24
655 558 32 24
643 599 4 25
643 524 6 25
643 619 7 25
643 614 8 25
643 531 9 25
643 665 10 25
643 573 11 25
643 572 12 25
643 575 13 25
643 578 14 25
643 568 15 25
643 571 16 25
643 579 17 25
643 637 18 25
643 606 19 25
643 678 20 25
643 597 21 25
643 599 22 25
643 628 23 25
643 691 24 25
643 636 26 25
643 525 29 25
643 557 30 25
643 558 31 25
2 35 4 26
2 105 4 26
2 38 5 26
2 17 8 26
2 49 8 26
2 37 9 26
2 92 9 26
2 27 10 26
2 58 10 26
2 94 10 26
2 63 11 26
2 23 12 26
2 38 12 26
2 47 13 26
2 81 13 26
2 69 15 26
2 32 16 26
2 32 17 26
2 36 22 26
2 6 23 26
2 9 23 26
2 36 23 26
2 74 23 26
2 7 26 26
2 15 26 26
2 32 26 26
2 10 27 26
2 35 28 26
2 64 30 26
130 35 4 26
130 105 4 26
130 241 4 26
130 38 5 26
130 220 5 26
130 124 6 26
130 132 6 26
130 17 8 26
130 49 8 26
130 37 9 26
130 92 9 26
130 163 9 26
130 27 10 26
130 58 10 26
130 94 10 26
130 63 11 26
130 161 11 26
130 23 12 26
130 38 12 26
130 47 13 26
130 81 13 26
130 69 15 26
130 32 16 26
130 32 17 26
130 36 22 26
130 148 22 26
130 36 23 26
130 74 23 26
130 127 23 26
130 126 24 26
130 15 26 26
130 32 26 26
130 10 27 26
130 126 27 26
130 140 27 26
130 35 28 26
130 144 28 26
130 184 29 26
130 64 30 26
257 241 4 26
257 220 5 26
257 268 5 26
257 353 6 26
257 163 9 26
257 336 9 26
257 161 11 26
257 337 12 26
257 339 15 26
257 148 22 26
257 283 22 26
257 323 23 26
257 140 27 26
257 268 27 26
257 144 28 26
257 282 28 26
257 184 29 26
257 312 29 26
698 619 6 26
698 614 7 26
698 665 9 26
698 578 13 26
698 579 16 26
698 637 17 26
698 606 18 26
698 678 19 26
698 597 20 26
698 599 21 26
698 628 22 26
698 691 23 26
698 636 25 26
258 220 4 27
258 268 4 27
258 353 5 27
258 163 8 27
258 336 8 27
258 161 10 27
258 337 11 27
258 339 14 27
258 148 21 27
258 283 21 27
258 323 22 27
258 140 26 27
258 268 26 27
258 144 27 27
258 282 27 27
258 184 28 27
258 312 28 27
523 524 4 27
523 619 5 27
523 450 6 27
523 614 6 27
523 531 7 27
523 470 9 27
523 573 9 27
523 473 10 27
523 572 10 27
523 575 11 27
523 462 12 27
523 578 12 27
523 492 13 27
523 568 13 27
523 571 14 27
523 475 15 27
523 579 15 27
523 477 16 27
523 637 16 27
523 606 17 27
523 597 19 27
523 599 20 27
523 628 21 27
523 516 23 27
523 636 24 27
523 518 26 27
523 525 27 27
523 557 28 27
523 558 29 27
77 124 4 28
77 132 4 28
77 17 6 28
77 49 6 28
77 37 7 28
77 92 7 28
77 163 7 28
77 27 8 28
77 58 8 28
77 94 8 28
77 63 9 28
77 161 9 28
77 23 10 28
77 38 10 28
77 47 11 28
77 81 11 28
77 69 13 28
77 32 14 28
77 32 15 28
77 36 20 28
77 148 20 28
77 6 21 28
77 9 21 28
77 36 21 28
77 74 21 28
77 127 21 28
77 126 22 28
77 7 24 28
77 15 24 28
77 32 24 28
77 10 25 28
77 126 25 28
77 140 25 28
77 35 26 28
77 144 26 28
77 184 27 28
77 64 28 28
193 124 4 28
193 132 4 28
193 92 7 28
193 163 7 28
193 94 8 28
193 161 9 28
193 81 11 28
193 148 20 28
193 283 20 28
193 74 21 28
193 127 21 28
193 126 22 28
193 126 25 28
193 140 25 28
193 268 25 28
193 144 26 28
193 282 26 28
193 184 27 28
193 312 27 28
310 353 4 28
310 399 6 28
310 336 7 28
310 337 10 28
310 339 13 28
310 283 20 28
310 323 21 28
310 268 25 28
310 282 26 28
310 312 27 28
542 619 4 28
542 450 5 28
542 614 5 28
542 531 6 28
542 470 8 28
542 573 8 28
542 473 9 28
542 572 9 28
542 575 10 28
542 462 11 28
542 578 11 28
542 492 12 28
542 568 12 28
542 571 13 28
542 475 14 28
542 579 14 28
542 477 15 28
542 637 15 28
542 606 16 28
542 597 18 28
542 599 19 28
542 628 20 28
542 516 22 28
542 636 23 28
542 518 25 28
542 525 26 28
542 557 27 28
542 558 28 28
306 399 5 29
306 336 6 29
306 337 9 29
306 339 12 29
306 283 19 29
306 323 20 29
306 268 24 29
306 282 25 29
306 312 26 29
599 614 4 29
599 531 5 29
599 665 6 29
599 573 7 29
599 572 8 29
599 575 9 29
599 578 10 29
599 492 11 29
599 568 11 29
599 571 12 29
599 579 13 29
599 637 14 29
599 606 15 29
599 678 16 29
599 597 17 29
599 599 18 29
599 628 19 29
599 691 20 29
599 516 21 29
599 636 22 29
599 518 24 29
599 525 25 29
599 557 26 29
599 558 27 29
35 17 4 30
35 49 4 30
35 37 5 30
35 92 5 30
35 27 6 30
35 58 6 30
35 94 6 30
35 63 7 30
35 23 8 30
35 38 8 30
35 47 9 30
35 81 9 30
35 69 11 30
35 32 12 30
35 32 13 30
35 36 18 30
35 148 18 30
35 6 19 30
35 9 19 30
35 36 19 30
35 74 19 30
35 127 19 30
35 126 20 30
35 7 22 30
35 15 22 30
35 32 22 30
35 10 23 30
35 126 23 30
35 140 23 30
35 35 24 30
35 144 24 30
35 64 26 30
105 17 4 30
105 49 4 30
105 37 5 30
105 92 5 30
105 163 5 30
105 27 6 30
105 58 6 30
105 94 6 30
105 63 7 30
105 161 7 30
105 23 8 30
105 38 8 30
105 47 9 30
105 81 9 30
105 69 11 30
105 32 12 30
105 32 13 30
105 36 18 30
105 148 18 30
105 6 19 30
105 9 19 30
105 36 19 30
105 74 19 30
105 127 19 30
105 126 20 30
105 7 22 30
105 15 22 30
105 32 22 30
105 10 23 30
105 126 23 30
105 140 23 30
105 35 24 30
105 144 24 30
105 184 25 30
105 64 26 30
241 163 5 30
241 336 5 30
241 161 7 30
241 337 8 30
241 339 11 30
241 148 18 30
241 283 18 30
241 127 19 30
241 323 19 30
241 126 20 30
241 126 23 30
241 140 23 30
241 268 23 30
241 144 24 30
241 282 24 30
241 184 25 30
241 312 25 30
38 37 4 31
38 92 4 31
38 27 5 31
38 58 5 31
38 94 5 31
38 63 6 31
38 23 7 31
38 38 7 31
38 47 8 31
38 81 8 31
38 69 10 31
38 32 11 31
38 32 12 31
38 36 17 31
38 148 17 31
38 6 18 31
38 9 18 31
38 36 18 31
38 74 18 31
38 127 18 31
38 126 19 31
38 7 21 31
38 15 21 31
38 32 21 31
38 10 22 31
38 126 22 31
38 140 22 31
38 35 23 31
38 144 23 31
38 64 25 31
220 163 4 31
220 336 4 31
220 161 6 31
220 337 7 31
220 339 10 31
220 148 17 31
220 283 17 31
220 127 18 31
220 323 18 31
220 126 19 31
220 126 22 31
220 140 22 31
220 268 22 31
220 144 23 31
220 282 23 31
220 184 24 31
220 312 24 31
268 163 4 31
268 336 4 31
268 161 6 31
268 337 7 31
268 339 10 31
268 148 17 31
268 283 17 31
268 323 18 31
268 268 22 31
268 282 23 31
268 184 24 31
268 312 24 31
524 470 5 31
524 573 5 31
524 473 6 31
524 572 6 31
524 575 7 31
524 462 8 31
524 578 8 31
524 492 9 31
524 568 9 31
524 571 10 31
524 475 11 31
524 579 11 31
524 477 12 31
524 637 12 31
524 606 13 31
524 597 15 31
524 599 16 31
524 628 17 31
524 516 19 31
524 636 20 31
524 518 22 31
524 525 23 31
524 557 24 31
524 558 25 31
124 27 4 32
124 58 4 32
124 94 4 32
124 63 5 32
124 161 5 32
124 23 6 32
124 38 6 32
124 47 7 32
124 81 7 32
124 69 9 32
124 32 10 32
124 32 11 32
124 36 16 32
124 148 16 32
124 6 17 32
124 9 17 32
124 36 17 32
124 74 17 32
124 127 17 32
124 126 18 32
124 7 20 32
124 15 20 32
124 32 20 32
124 10 21 32
124 126 21 32
124 140 21 32
124 35 22 32
124 144 22 32
124 184 23 32
124 64 24 32
132 27 4 32
132 58 4 32
132 94 4 32
132 63 5 32
132 161 5 32
132 23 6 32
132 38 6 32
132 47 7 32
132 81 7 32
132 69 9 32
132 32 10 32
132 32 11 32
132 36 16 32
132 148 16 32
132 36 17 32
132 74 17 32
132 127 17 32
132 126 18 32
132 15 20 32
132 32 20 32
132 126 21 32
132 140 21 32
132 35 22 32
132 144 22 32
132 184 23 32
132 64 24 32
353 470 4 32
353 337 6 32
353 462 7 32
353 339 9 32
353 283 16 32
353 323 17 32
353 268 21 32
353 282 22 32
353 312 23 32
619 573 4 32
619 572 5 32
619 575 6 32
619 578 7 32
619 568 8 32
619 571 9 32
619 579 10 32
619 637 11 32
619 606 12 32
619 678 13 32
619 597 14 32
619 599 15 32
619 628 16 32
619 691 17 32
619 516 18 32
619 636 19 32
619 518 21 32
619 525 22 32
619 557 23 32
619 558 24 32
450 473 4 33
450 337 5 33
450 462 6 33
450 492 7 33
450 568 7 33
450 339 8 33
450 475 9 33
450 477 10 33
450 516 17 33
450 518 20 33
450 525 21 33
450 557 22 33
450 558 23 33
614 572 4 33
614 575 5 33
614 578 6 33
614 568 7 33
614 571 8 33
614 579 9 33
614 637 10 33
614 606 11 33
614 678 12 33
614 597 13 33
614 599 14 33
614 628 15 33
614 691 16 33
614 516 17 33
614 636 18 33
614 518 20 33
614 525 21 33
614 557 22 33
614 558 23 33
17 23 4 34
17 38 4 34
17 47 5 34
17 81 5 34
17 69 7 34
17 32 8 34
17 32 9 34
17 36 14 34
17 6 15 34
17 9 15 34
17 36 15 34
17 74 15 34
17 127 15 34
17 126 16 34
17 7 18 34
17 15 18 34
17 32 18 34
17 10 19 34
17 126 19 34
17 35 20 34
17 64 22 34
49 23 4 34
49 38 4 34
49 47 5 34
49 81 5 34
49 69 7 34
49 32 8 34
49 32 9 34
49 36 14 34
49 148 14 34
49 6 15 34
49 9 15 34
49 36 15 34
49 74 15 34
49 127 15 34
49 126 16 34
49 7 18 34
49 15 18 34
49 32 18 34
49 10 19 34
49 126 19 34
49 140 19 34
49 35 20 34
49 144 20 34
49 64 22 34
399 337 4 34
399 462 5 34
399 492 6 34
399 339 7 34
399 475 8 34
399 477 9 34
399 283 14 34
399 323 15 34
399 516 16 34
399 518 19 34
399 282 20 34
399 312 21 34
531 575 4 34
531 462 5 34
531 578 5 34
531 492 6 34
531 568 6 34
531 571 7 34
531 475 8 34
531 579 8 34
531 477 9 34
531 637 9 34
531 606 10 34
531 597 12 34
531 599 13 34
531 628 14 34
531 516 16 34
531 636 17 34
531 518 19 34
531 525 20 34
531 557 21 34
531 558 22 34
37 47 4 35
37 81 4 35
37 69 6 35
37 32 7 35
37 32 8 35
37 36 13 35
37 148 13 35
37 6 14 35
37 9 14 35
37 36 14 35
37 74 14 35
37 127 14 35
37 126 15 35
37 7 17 35
37 15 17 35
37 32 17 35
37 10 18 35
37 126 18 35
37 140 18 35
37 35 19 35
37 144 19 35
37 64 21 35
92 47 4 35
92 81 4 35
92 69 6 35
92 32 7 35
92 32 8 35
92 36 13 35
92 148 13 35
92 6 14 35
92 9 14 35
92 36 14 35
92 74 14 35
92 127 14 35
92 126 15 35
92 7 17 35
92 15 17 35
92 32 17 35
92 10 18 35
92 126 18 35
92 140 18 35
92 35 19 35
92 144 19 35
92 184 20 35
92 64 21 35
163 47 4 35
163 81 4 35
163 69 6 35
163 148 13 35
163 74 14 35
163 127 14 35
163 126 15 35
163 126 18 35
163 140 18 35
163 268 18 35
163 144 19 35
163 282 19 35
163 184 20 35
163 64 21 35
336 339 6 35
336 283 13 35
336 323 14 35
336 268 18 35
336 282 19 35
336 312 20 35
665 578 4 35
665 568 5 35
665 571 6 35
665 579 7 35
665 637 8 35
665 606 9 35
665 678 10 35
665 597 11 35
665 599 12 35
665 628 13 35
665 691 14 35
665 636 16 35
665 557 20 35
665 558 21 35
27 69 5 36
27 32 6 36
27 32 7 36
27 36 12 36
27 6 13 36
27 9 13 36
27 36 13 36
27 74 13 36
27 127 13 36
27 126 14 36
27 7 16 36
27 15 16 36
27 32 16 36
27 10 17 36
27 126 17 36
27 140 17 36
27 35 18 36
27 144 18 36
27 64 20 36
58 69 5 36
58 32 6 36
58 32 7 36
58 36 12 36
58 148 12 36
58 6 13 36
58 9 13 36
58 36 13 36
58 74 13 36
58 127 13 36
58 126 14 36
58 7 16 36
58 15 16 36
58 32 16 36
58 10 17 36
58 126 17 36
58 140 17 36
58 35 18 36
58 144 18 36
58 64 20 36
94 69 5 36
94 32 6 36
94 32 7 36
94 36 12 36
94 148 12 36
94 6 13 36
94 9 13 36
94 36 13 36
94 74 13 36
94 127 13 36
94 126 14 36
94 7 16 36
94 15 16 36
94 32 16 36
94 10 17 36
94 126 17 36
94 140 17 36
94 35 18 36
94 144 18 36
94 184 19 36
94 64 20 36
470 492 4 36
470 568 4 36
470 571 5 36
470 475 6 36
470 579 6 36
470 477 7 36
470 516 14 36
470 518 17 36
470 525 18 36
470 557 19 36
470 558 20 36
573 492 4 36
573 568 4 36
573 571 5 36
573 475 6 36
573 579 6 36
573 477 7 36
573 637 7 36
573 606 8 36
573 678 9 36
573 597 10 36
573 599 11 36
573 628 12 36
573 691 13 36
573 516 14 36
573 636 15 36
573 518 17 36
573 525 18 36
573 557 19 36
573 558 20 36
63 69 4 37
63 32 5 37
63 32 6 37
63 36 11 37
63 148 11 37
63 6 12 37
63 9 12 37
63 36 12 37
63 74 12 37
63 127 12 37
63 126 13 37
63 7 15 37
63 15 15 37
63 32 15 37
63 10 16 37
63 126 16 37
63 140 16 37
63 35 17 37
63 144 17 37
63 64 19 37
161 69 4 37
161 148 11 37
161 74 12 37
161 127 12 37
161 126 13 37
161 126 16 37
161 140 16 37
161 268 16 37
161 144 17 37
161 184 18 37
161 64 19 37
473 571 4 37
473 475 5 37
473 579 5 37
473 477 6 37
473 516 13 37
473 518 16 37
473 525 17 37
473 557 18 37
473 558 19 37
572 571 4 37
572 475 5 37
572 579 5 37
572 477 6 37
572 637 6 37
572 606 7 37
572 678 8 37
572 597 9 37
572 599 10 37
572 628 11 37
572 691 12 37
572 516 13 37
572 636 14 37
572 518 16 37
572 525 17 37
572 557 18 37
572 558 19 37
23 32 4 38
23 32 5 38
23 36 10 38
23 6 11 38
23 9 11 38
23 36 11 38
23 74 11 38
23 127 11 38
23 126 12 38
23 7 14 38
23 15 14 38
23 32 14 38
23 10 15 38
23 126 15 38
23 140 15 38
23 35 16 38
23 64 18 38
38 32 4 38
38 32 5 38
38 36 10 38
38 148 10 38
38 6 11 38
38 9 11 38
38 36 11 38
38 74 11 38
38 127 11 38
38 126 12 38
38 7 14 38
38 15 14 38
38 32 14 38
38 10 15 38
38 126 15 38
38 140 15 38
38 35 16 38
38 144 16 38
38 64 18 38
337 283 10 38
337 323 11 38
337 268 15 38
337 282 16 38
337 312 17 38
575 475 4 38
575 579 4 38
575 477 5 38
575 637 5 38
575 606 6 38
575 678 7 38
575 597 8 38
575 599 9 38
575 628 10 38
575 691 11 38
575 516 12 38
575 636 13 38
575 518 15 38
575 525 16 38
575 557 17 38
575 558 18 38
47 32 4 39
47 36 9 39
47 148 9 39
47 6 10 39
47 9 10 39
47 36 10 39
47 74 10 39
47 127 10 39
47 126 11 39
47 7 13 39
47 15 13 39
47 32 13 39
47 10 14 39
47 126 14 39
47 140 14 39
47 35 15 39
47 144 15 39
47 64 17 39
81 32 4 39
81 36 9 39
81 148 9 39
81 6 10 39
81 9 10 39
81 36 10 39
81 74 10 39
81 127 10 39
81 126 11 39
81 7 13 39
81 15 13 39
81 32 13 39
81 10 14 39
81 126 14 39
81 140 14 39
81 35 15 39
81 144 15 39
81 184 16 39
81 64 17 39
462 477 4 39
462 516 11 39
462 518 14 39
462 525 15 39
462 557 16 39
462 558 17 39
578 477 4 39
578 637 4 39
578 606 5 39
578 678 6 39
578 597 7 39
578 599 8 39
578 628 9 39
578 691 10 39
578 516 11 39
578 636 12 39
578 518 14 39
578 525 15 39
578 557 16 39
578 558 17 39
492 606 4 40
492 597 6 40
492 599 7 40
492 516 10 40
492 518 13 40
492 525 14 40
492 557 15 40
492 558 16 40
568 606 4 40
568 678 5 40
568 597 6 40
568 599 7 40
568 628 8 40
568 516 10 40
568 636 11 40
568 518 13 40
568 525 14 40
568 557 15 40
568 558 16 40
69 36 7 41
69 148 7 41
69 6 8 41
69 9 8 41
69 36 8 41
69 74 8 41
69 127 8 41
69 126 9 41
69 7 11 41
69 15 11 41
69 32 11 41
69 10 12 41
69 126 12 41
69 140 12 41
69 35 13 41
69 144 13 41
69 184 14 41
69 64 15 41
339 283 7 41
339 323 8 41
339 268 12 41
339 282 13 41
339 312 14 41
571 678 4 41
571 597 5 41
571 599 6 41
571 628 7 41
571 516 9 41
571 636 10 41
571 518 12 41
571 525 13 41
571 557 14 41
571 558 15 41
32 36 6 42
32 148 6 42
32 6 7 42
32 9 7 42
32 36 7 42
32 74 7 42
32 127 7 42
32 126 8 42
32 7 10 42
32 15 10 42
32 32 10 42
32 10 11 42
32 126 11 42
32 140 11 42
32 35 12 42
32 144 12 42
32 64 14 42
475 516 8 42
475 518 11 42
475 525 12 42
475 557 13 42
475 558 14 42
579 597 4 42
579 599 5 42
579 628 6 42
579 691 7 42
579 516 8 42
579 636 9 42
579 518 11 42
579 525 12 42
579 557 13 42
579 558 14 42
32 36 5 43
32 148 5 43
32 6 6 43
32 9 6 43
32 36 6 43
32 74 6 43
32 127 6 43
32 126 7 43
32 7 9 43
32 15 9 43
32 32 9 43
32 10 10 43
32 126 10 43
32 140 10 43
32 35 11 43
32 144 11 43
32 64 13 43
477 516 7 43
477 518 10 43
477 525 11 43
477 557 12 43
477 558 13 43
637 599 4 43
637 628 5 43
637 691 6 43
637 636 8 43
637 518 10 43
637 525 11 43
637 557 12 43
637 558 13 43
606 628 4 44
606 691 5 44
606 516 6 44
606 636 7 44
606 518 9 44
606 525 10 44
606 557 11 44
606 558 12 44
678 691 4 45
678 636 6 45
678 558 11 45
597 516 4 46
597 636 5 46
597 518 7 46
597 525 8 46
597 557 9 46
597 558 10 46
599 636 4 47
599 518 6 47
599 525 7 47
599 557 8 47
599 558 9 47
36 7 4 48
36 15 4 48
36 32 4 48
36 10 5 48
36 126 5 48
36 140 5 48
36 35 6 48
36 144 6 48
36 64 8 48
148 32 4 48
148 126 5 48
148 140 5 48
148 35 6 48
148 144 6 48
148 184 7 48
148 64 8 48
283 268 5 48
283 282 6 48
283 184 7 48
283 312 7 48
628 518 5 48
628 525 6 48
628 557 7 48
628 558 8 48
6 10 4 49
6 35 5 49
6 64 7 49
9 10 4 49
9 126 4 49
9 35 5 49
9 64 7 49
36 10 4 49
36 126 4 49
36 140 4 49
36 35 5 49
36 144 5 49
36 64 7 49
74 10 4 49
74 126 4 49
74 140 4 49
74 35 5 49
74 144 5 49
74 184 6 49
74 64 7 49
127 10 4 49
127 126 4 49
127 140 4 49
127 35 5 49
127 144 5 49
127 184 6 49
127 64 7 49
323 268 4 49
323 282 5 49
323 312 6 49
126 35 4 50
126 144 4 50
126 184 5 50
126 64 6 50
516 525 4 50
516 557 5 50
516 558 6 50
636 557 4 51
636 558 5 51
7 64 4 52
15 64 4 52
32 64 4 52
