152 163 6 0
152 141 16 0
152 143 36 0
484 491 2 0
484 501 31 0
734 720 12 0
734 720 13 0
734 747 14 0
734 734 16 0
734 734 18 0
734 734 21 0
734 753 22 0
734 753 23 0
734 752 24 0
734 746 26 0
734 746 27 0
734 747 28 0
734 747 29 0
734 745 31 0
734 746 32 0
734 746 37 0
734 731 39 0
734 721 42 0
734 720 45 0
397 383 7 1
397 416 14 1
397 408 28 1
397 408 29 1
397 410 31 1
397 409 32 1
397 410 34 1
397 388 43 1
691 692 8 1
691 689 9 1
691 686 10 1
491 501 29 2
763 764 1 2
763 763 2 2
763 763 3 2
763 763 4 2
763 747 12 2
763 753 20 2
763 753 21 2
763 752 22 2
763 746 24 2
763 746 25 2
763 747 26 2
763 747 27 2
763 745 29 2
763 746 30 2
763 746 35 2
763 763 36 2
763 763 44 2
764 763 1 3
764 763 2 3
764 763 3 3
764 747 11 3
764 753 19 3
764 753 20 3
764 752 21 3
764 746 23 3
764 746 24 3
764 747 25 3
764 747 26 3
764 745 28 3
764 746 29 3
764 746 34 3
764 763 35 3
764 763 43 3
434 431 8 4
434 416 11 4
434 417 12 4
434 439 17 4
434 439 18 4
434 449 19 4
434 450 21 4
434 427 22 4
434 428 23 4
434 426 24 4
434 430 38 4
434 430 41 4
763 763 1 4
763 763 2 4
763 747 10 4
763 753 18 4
763 753 19 4
763 752 20 4
763 746 22 4
763 746 23 4
763 747 24 4
763 747 25 4
763 745 27 4
763 746 28 4
763 746 33 4
763 763 34 4
763 763 42 4
763 763 1 5
763 747 9 5
763 753 17 5
763 753 18 5
763 752 19 5
763 746 21 5
763 746 22 5
763 747 23 5
763 747 24 5
763 745 26 5
763 746 27 5
763 746 32 5
763 763 33 5
763 763 41 5
43 55 1 6
43 56 2 6
43 30 7 6
43 31 7 6
43 58 8 6
43 28 9 6
43 38 9 6
43 31 10 6
43 49 12 6
43 29 15 6
43 31 16 6
43 49 17 6
43 30 24 6
43 32 24 6
43 55 41 6
43 56 44 6
105 110 30 6
105 111 31 6
163 143 30 6
763 747 8 6
763 753 16 6
763 753 17 6
763 752 18 6
763 746 20 6
763 746 21 6
763 747 22 6
763 747 23 6
763 745 25 6
763 746 26 6
763 746 31 6
763 763 32 6
763 763 40 6
55 56 1 7
55 58 7 7
55 38 8 7
55 49 11 7
55 49 16 7
55 73 23 7
55 69 33 7
55 55 40 7
55 56 43 7
373 383 1 7
373 371 2 7
373 372 6 7
373 355 12 7
373 372 13 7
373 388 37 7
668 659 1 7
668 686 4 7
668 657 10 7
668 654 12 7
668 653 13 7
56 58 6 8
56 38 7 8
56 49 10 8
56 49 15 8
56 73 22 8
56 69 32 8
56 55 39 8
56 56 42 8
383 371 1 8
383 372 5 8
383 372 12 8
383 388 36 8
659 657 9 8
659 654 11 8
659 653 12 8
11 0 1 9
11 1 1 9
11 5 1 9
11 7 1 9
11 0 2 9
11 1 2 9
11 4 2 9
11 10 2 9
11 1 3 9
11 13 3 9
11 0 4 9
11 6 4 9
11 14 4 9
11 30 4 9
11 4 5 9
11 11 6 9
11 28 6 9
11 9 7 9
11 1 12 9
11 9 12 9
11 29 12 9
11 12 13 9
11 15 13 9
11 1 15 9
11 3 15 9
11 12 15 9
11 1 16 9
11 3 16 9
11 14 16 9
11 3 17 9
11 8 17 9
11 6 18 9
11 8 18 9
11 12 21 9
11 30 21 9
11 6 32 9
11 7 32 9
11 6 35 9
11 6 36 9
11 7 36 9
371 372 4 9
371 355 10 9
371 372 11 9
371 351 34 9
371 388 35 9
692 689 1 9
692 686 2 9
0 0 1 10
0 1 1 10
0 4 1 10
0 10 1 10
0 1 2 10
0 13 2 10
0 0 3 10
0 6 3 10
0 14 3 10
0 4 4 10
0 11 5 10
0 9 6 10
0 1 11 10
0 9 11 10
0 12 12 10
0 15 12 10
0 1 14 10
0 3 14 10
0 12 14 10
0 1 15 10
0 3 15 10
0 14 15 10
0 3 16 10
0 8 16 10
0 6 17 10
0 8 17 10
0 12 20 10
0 6 31 10
0 7 31 10
0 6 34 10
0 6 35 10
0 7 35 10
1 0 1 10
1 1 1 10
1 4 1 10
1 10 1 10
1 1 2 10
1 13 2 10
1 0 3 10
1 6 3 10
1 14 3 10
1 4 4 10
1 11 5 10
1 9 6 10
1 1 11 10
1 9 11 10
1 12 12 10
1 15 12 10
1 1 14 10
1 3 14 10
1 12 14 10
1 1 15 10
1 3 15 10
1 14 15 10
1 3 16 10
1 8 16 10
1 6 17 10
1 8 17 10
1 12 20 10
1 6 31 10
1 7 31 10
1 6 34 10
1 6 35 10
1 7 35 10
5 0 1 10
5 1 1 10
5 4 1 10
5 10 1 10
5 1 2 10
5 13 2 10
5 0 3 10
5 6 3 10
5 14 3 10
5 4 4 10
5 11 5 10
5 9 6 10
5 1 11 10
5 9 11 10
5 12 12 10
5 15 12 10
5 1 14 10
5 3 14 10
5 12 14 10
5 1 15 10
5 3 15 10
5 14 15 10
5 3 16 10
5 8 16 10
5 6 17 10
5 8 17 10
5 12 20 10
5 6 31 10
5 7 31 10
5 6 34 10
5 6 35 10
5 7 35 10
7 0 1 10
7 1 1 10
7 4 1 10
7 10 1 10
7 1 2 10
7 13 2 10
7 0 3 10
7 6 3 10
7 14 3 10
7 4 4 10
7 11 5 10
7 9 6 10
7 1 11 10
7 9 11 10
7 12 12 10
7 15 12 10
7 1 14 10
7 3 14 10
7 12 14 10
7 1 15 10
7 3 15 10
7 14 15 10
7 3 16 10
7 8 16 10
7 6 17 10
7 8 17 10
7 12 20 10
7 6 31 10
7 7 31 10
7 6 34 10
7 6 35 10
7 7 35 10
689 686 1 10
0 1 1 11
0 13 1 11
0 0 2 11
0 6 2 11
0 14 2 11
0 4 3 11
0 11 4 11
0 9 5 11
0 1 10 11
0 9 10 11
0 12 11 11
0 15 11 11
0 1 13 11
0 3 13 11
0 12 13 11
0 1 14 11
0 3 14 11
0 14 14 11
0 3 15 11
0 8 15 11
0 6 16 11
0 8 16 11
0 12 19 11
0 6 30 11
0 7 30 11
0 6 33 11
0 6 34 11
0 7 34 11
1 1 1 11
1 13 1 11
1 0 2 11
1 6 2 11
1 14 2 11
1 4 3 11
1 11 4 11
1 9 5 11
1 1 10 11
1 9 10 11
1 12 11 11
1 15 11 11
1 1 13 11
1 3 13 11
1 12 13 11
1 1 14 11
1 3 14 11
1 14 14 11
1 3 15 11
1 8 15 11
1 6 16 11
1 8 16 11
1 12 19 11
1 6 30 11
1 7 30 11
1 6 33 11
1 6 34 11
1 7 34 11
4 1 1 11
4 13 1 11
4 0 2 11
4 6 2 11
4 14 2 11
4 4 3 11
4 11 4 11
4 9 5 11
4 1 10 11
4 9 10 11
4 12 11 11
4 15 11 11
4 1 13 11
4 3 13 11
4 12 13 11
4 1 14 11
4 3 14 11
4 14 14 11
4 3 15 11
4 8 15 11
4 6 16 11
4 8 16 11
4 12 19 11
4 6 30 11
4 7 30 11
4 6 33 11
4 6 34 11
4 7 34 11
10 1 1 11
10 13 1 11
10 0 2 11
10 6 2 11
10 14 2 11
10 4 3 11
10 11 4 11
10 28 4 11
10 9 5 11
10 1 10 11
10 9 10 11
10 29 10 11
10 12 11 11
10 15 11 11
10 1 13 11
10 3 13 11
10 12 13 11
10 1 14 11
10 3 14 11
10 14 14 11
10 3 15 11
10 8 15 11
10 6 16 11
10 8 16 11
10 12 19 11
10 6 30 11
10 7 30 11
10 6 33 11
10 6 34 11
10 7 34 11
1 0 1 12
1 6 1 12
1 14 1 12
1 4 2 12
1 11 3 12
1 9 4 12
1 1 9 12
1 9 9 12
1 12 10 12
1 15 10 12
1 1 12 12
1 3 12 12
1 12 12 12
1 1 13 12
1 3 13 12
1 14 13 12
1 3 14 12
1 8 14 12
1 6 15 12
1 8 15 12
1 12 18 12
1 6 29 12
1 7 29 12
1 6 32 12
1 6 33 12
1 7 33 12
13 0 1 12
13 6 1 12
13 14 1 12
13 30 1 12
13 31 1 12
13 4 2 12
13 11 3 12
13 28 3 12
13 9 4 12
13 31 4 12
13 1 9 12
13 9 9 12
13 29 9 12
13 12 10 12
13 15 10 12
13 31 10 12
13 1 12 12
13 3 12 12
13 12 12 12
13 1 13 12
13 3 13 12
13 14 13 12
13 3 14 12
13 8 14 12
13 6 15 12
13 8 15 12
13 12 18 12
13 30 18 12
13 32 18 12
13 6 29 12
13 7 29 12
13 6 32 12
13 6 33 12
13 7 33 12
431 416 3 12
431 417 4 12
431 439 9 12
431 439 10 12
431 449 11 12
431 450 13 12
431 427 14 12
431 428 15 12
431 426 16 12
431 430 30 12
431 430 33 12
720 720 1 12
720 734 4 12
720 734 6 12
720 734 9 12
720 712 22 12
720 731 27 12
720 721 30 12
720 720 33 12
0 4 1 13
0 11 2 13
0 9 3 13
0 1 8 13
0 9 8 13
0 12 9 13
0 15 9 13
0 1 11 13
0 3 11 13
0 12 11 13
0 1 12 13
0 3 12 13
0 14 12 13
0 3 13 13
0 8 13 13
0 6 14 13
0 8 14 13
0 12 17 13
0 6 28 13
0 7 28 13
0 6 31 13
0 6 32 13
0 7 32 13
6 4 1 13
6 11 2 13
6 9 3 13
6 1 8 13
6 9 8 13
6 12 9 13
6 15 9 13
6 1 11 13
6 3 11 13
6 12 11 13
6 1 12 13
6 3 12 13
6 14 12 13
6 3 13 13
6 8 13 13
6 6 14 13
6 8 14 13
6 12 17 13
6 6 28 13
6 7 28 13
6 6 31 13
6 6 32 13
6 7 32 13
14 4 1 13
14 11 2 13
14 28 2 13
14 9 3 13
14 31 3 13
14 1 8 13
14 9 8 13
14 29 8 13
14 12 9 13
14 15 9 13
14 31 9 13
14 1 11 13
14 3 11 13
14 12 11 13
14 1 12 13
14 3 12 13
14 14 12 13
14 3 13 13
14 8 13 13
14 6 14 13
14 8 14 13
14 12 17 13
14 30 17 13
14 32 17 13
14 6 28 13
14 7 28 13
14 6 31 13
14 6 32 13
14 7 32 13
30 11 2 13
30 28 2 13
30 38 2 13
30 31 3 13
30 49 5 13
30 29 8 13
30 12 9 13
30 15 9 13
30 31 9 13
30 49 10 13
30 12 11 13
30 14 12 13
30 12 17 13
30 30 17 13
30 32 17 13
31 11 2 13
31 28 2 13
31 38 2 13
31 31 3 13
31 49 5 13
31 29 8 13
31 12 9 13
31 15 9 13
31 31 9 13
31 49 10 13
31 12 11 13
31 14 12 13
31 12 17 13
31 30 17 13
31 32 17 13
372 355 6 13
372 372 7 13
372 388 31 13
720 734 3 13
720 734 5 13
720 734 8 13
720 712 21 13
720 731 26 13
720 721 29 13
720 720 32 13
4 11 1 14
4 9 2 14
4 1 7 14
4 9 7 14
4 12 8 14
4 15 8 14
4 1 10 14
4 3 10 14
4 12 10 14
4 1 11 14
4 3 11 14
4 14 11 14
4 3 12 14
4 8 12 14
4 6 13 14
4 8 13 14
4 12 16 14
4 6 27 14
4 7 27 14
4 6 30 14
4 6 31 14
4 7 31 14
58 38 1 14
58 49 4 14
58 77 7 14
58 49 9 14
58 73 16 14
58 69 26 14
58 55 33 14
58 56 36 14
323 333 27 14
323 322 33 14
747 734 2 14
747 734 4 14
747 734 7 14
747 753 8 14
747 753 9 14
747 752 10 14
747 746 12 14
747 746 13 14
747 747 14 14
747 747 15 14
747 745 17 14
747 746 18 14
747 746 23 14
747 763 24 14
747 731 25 14
747 763 32 14
11 9 1 15
11 1 6 15
11 9 6 15
11 29 6 15
11 12 7 15
11 15 7 15
11 1 9 15
11 3 9 15
11 12 9 15
11 1 10 15
11 3 10 15
11 14 10 15
11 3 11 15
11 8 11 15
11 6 12 15
11 8 12 15
11 12 15 15
11 30 15 15
11 6 26 15
11 7 26 15
11 6 29 15
11 6 30 15
11 7 30 15
28 9 1 15
28 31 1 15
28 9 6 15
28 29 6 15
28 12 7 15
28 15 7 15
28 31 7 15
28 12 9 15
28 14 10 15
28 8 11 15
28 8 12 15
28 12 15 15
28 30 15 15
28 32 15 15
38 31 1 15
38 49 3 15
38 29 6 15
38 31 7 15
38 49 8 15
38 30 15 15
38 32 15 15
38 55 32 15
38 56 35 15
416 417 1 15
416 427 11 15
416 428 12 15
416 426 13 15
416 408 14 15
416 408 15 15
416 410 17 15
416 409 18 15
416 410 20 15
416 430 27 15
416 430 30 15
632 634 10 15
632 626 15 15
632 616 33 15
9 1 5 16
9 9 5 16
9 12 6 16
9 15 6 16
9 1 8 16
9 3 8 16
9 12 8 16
9 1 9 16
9 3 9 16
9 14 9 16
9 3 10 16
9 8 10 16
9 6 11 16
9 8 11 16
9 12 14 16
9 6 25 16
9 7 25 16
9 6 28 16
9 6 29 16
9 7 29 16
31 49 2 16
31 29 5 16
31 12 6 16
31 15 6 16
31 31 6 16
31 49 7 16
31 12 8 16
31 14 9 16
31 12 14 16
31 30 14 16
31 32 14 16
141 127 14 16
141 143 20 16
417 427 10 16
417 428 11 16
417 426 12 16
417 408 13 16
417 408 14 16
417 410 16 16
417 409 17 16
417 410 19 16
417 430 26 16
417 430 29 16
734 734 2 16
734 734 5 16
734 753 6 16
734 753 7 16
734 752 8 16
734 746 10 16
734 746 11 16
734 747 12 16
734 747 13 16
734 745 15 16
734 746 16 16
734 746 21 16
734 731 23 16
734 721 26 16
734 720 29 16
657 654 2 17
657 653 3 17
49 29 3 18
49 31 4 18
49 49 5 18
49 30 12 18
49 32 12 18
49 55 29 18
49 56 32 18
734 734 3 18
734 753 4 18
734 753 5 18
734 752 6 18
734 746 8 18
734 746 9 18
734 747 10 18
734 747 11 18
734 745 13 18
734 746 14 18
734 746 19 18
734 731 21 18
734 721 24 18
734 720 27 18
355 372 1 19
355 351 24 19
654 653 1 19
654 634 6 19
222 219 7 20
222 230 15 20
372 388 24 20
653 634 5 20
1 12 1 21
1 15 1 21
1 1 3 21
1 3 3 21
1 12 3 21
1 1 4 21
1 3 4 21
1 14 4 21
1 3 5 21
1 8 5 21
1 6 6 21
1 8 6 21
1 12 9 21
1 6 20 21
1 7 20 21
1 6 23 21
1 6 24 21
1 7 24 21
9 12 1 21
9 15 1 21
9 1 3 21
9 3 3 21
9 12 3 21
9 1 4 21
9 3 4 21
9 14 4 21
9 3 5 21
9 8 5 21
9 6 6 21
9 8 6 21
9 12 9 21
9 6 20 21
9 7 20 21
9 6 23 21
9 6 24 21
9 7 24 21
29 12 1 21
29 15 1 21
29 31 1 21
29 12 3 21
29 14 4 21
29 12 9 21
29 30 9 21
29 32 9 21
77 73 9 21
77 69 19 21
439 439 1 21
439 449 2 21
439 455 3 21
439 450 4 21
439 427 5 21
439 428 6 21
439 426 7 21
439 430 21 21
439 430 24 21
734 753 1 21
734 753 2 21
734 752 3 21
734 746 5 21
734 746 6 21
734 747 7 21
734 747 8 21
734 745 10 21
734 746 11 21
734 746 16 21
734 731 18 21
734 721 21 21
734 720 24 21
12 1 2 22
12 3 2 22
12 12 2 22
12 1 3 22
12 3 3 22
12 14 3 22
12 3 4 22
12 8 4 22
12 6 5 22
12 8 5 22
12 12 8 22
12 30 8 22
12 6 19 22
12 7 19 22
12 6 22 22
12 6 23 22
12 7 23 22
15 1 2 22
15 3 2 22
15 12 2 22
15 1 3 22
15 3 3 22
15 14 3 22
15 3 4 22
15 8 4 22
15 6 5 22
15 8 5 22
15 12 8 22
15 30 8 22
15 32 8 22
15 6 19 22
15 7 19 22
15 6 22 22
15 6 23 22
15 7 23 22
31 49 1 22
31 12 2 22
31 14 3 22
31 12 8 22
31 30 8 22
31 32 8 22
439 449 1 22
439 455 2 22
439 450 3 22
439 427 4 22
439 428 5 22
439 426 6 22
439 430 20 22
439 430 23 22
753 753 1 22
753 752 2 22
753 746 4 22
753 746 5 22
753 747 6 22
753 747 7 22
753 745 9 22
753 746 10 22
753 746 15 22
753 763 16 22
753 763 24 22
49 30 7 23
49 32 7 23
49 55 24 23
49 56 27 23
449 455 1 23
449 450 2 23
449 430 19 23
449 430 22 23
753 752 1 23
753 746 3 23
753 746 4 23
753 747 5 23
753 747 6 23
753 745 8 23
753 746 9 23
753 746 14 23
753 763 15 23
753 763 23 23
1 1 1 24
1 3 1 24
1 14 1 24
1 3 2 24
1 8 2 24
1 6 3 24
1 8 3 24
1 12 6 24
1 6 17 24
1 7 17 24
1 6 20 24
1 6 21 24
1 7 21 24
3 1 1 24
3 3 1 24
3 14 1 24
3 3 2 24
3 8 2 24
3 6 3 24
3 8 3 24
3 12 6 24
3 6 17 24
3 7 17 24
3 6 20 24
3 6 21 24
3 7 21 24
12 1 1 24
12 3 1 24
12 14 1 24
12 3 2 24
12 8 2 24
12 6 3 24
12 8 3 24
12 12 6 24
12 30 6 24
12 6 17 24
12 7 17 24
12 6 20 24
12 6 21 24
12 7 21 24
455 450 1 24
752 746 2 24
752 746 3 24
752 747 4 24
752 747 5 24
752 745 7 24
752 746 8 24
752 746 13 24
752 763 14 24
752 763 22 24
1 3 1 25
1 8 1 25
1 6 2 25
1 8 2 25
1 12 5 25
1 6 16 25
1 7 16 25
1 6 19 25
1 6 20 25
1 7 20 25
3 3 1 25
3 8 1 25
3 6 2 25
3 8 2 25
3 12 5 25
3 6 16 25
3 7 16 25
3 6 19 25
3 6 20 25
3 7 20 25
14 3 1 25
14 8 1 25
14 6 2 25
14 8 2 25
14 12 5 25
14 30 5 25
14 32 5 25
14 6 16 25
14 7 16 25
14 6 19 25
14 6 20 25
14 7 20 25
193 195 1 25
193 189 15 25
193 189 16 25
193 189 17 25
193 188 18 25
193 188 20 25
193 189 21 25
193 188 22 25
450 430 17 25
450 430 20 25
634 626 5 25
634 616 23 25
3 6 1 26
3 8 1 26
3 12 4 26
3 6 15 26
3 7 15 26
3 6 18 26
3 6 19 26
3 7 19 26
8 6 1 26
8 8 1 26
8 12 4 26
8 6 15 26
8 7 15 26
8 6 18 26
8 6 19 26
8 7 19 26
195 189 14 26
195 189 15 26
195 189 16 26
195 188 17 26
195 188 19 26
195 189 20 26
195 188 21 26
427 428 1 26
427 426 2 26
427 408 3 26
427 408 4 26
427 410 6 26
427 409 7 26
427 410 9 26
427 430 16 26
427 430 19 26
746 746 1 26
746 747 2 26
746 747 3 26
746 745 5 26
746 746 6 26
746 746 11 26
746 763 12 26
746 731 13 26
746 763 20 26
6 12 3 27
6 6 14 27
6 7 14 27
6 6 17 27
6 6 18 27
6 7 18 27
8 12 3 27
8 6 14 27
8 7 14 27
8 6 17 27
8 6 18 27
8 7 18 27
219 230 8 27
428 426 1 27
428 408 2 27
428 408 3 27
428 410 5 27
428 409 6 27
428 410 8 27
428 430 15 27
428 430 18 27
746 747 1 27
746 747 2 27
746 745 4 27
746 746 5 27
746 746 10 27
746 763 11 27
746 731 12 27
746 763 19 27
426 408 1 28
426 408 2 28
426 410 4 28
426 409 5 28
426 410 7 28
426 430 14 28
426 430 17 28
747 747 1 28
747 745 3 28
747 746 4 28
747 746 9 28
747 763 10 28
747 731 11 28
747 763 18 28
408 408 1 29
408 410 3 29
408 409 4 29
408 410 6 29
408 388 15 29
747 745 2 29
747 746 3 29
747 746 8 29
747 763 9 29
747 731 10 29
747 763 17 29
12 6 11 30
12 7 11 30
12 6 14 30
12 6 15 30
12 7 15 30
73 69 10 30
73 55 17 30
73 56 20 30
127 110 6 30
127 143 6 30
127 111 7 30
408 410 2 30
408 409 3 30
408 410 5 30
408 388 14 30
626 616 18 30
501 513 5 31
501 516 12 31
745 746 1 31
745 746 6 31
745 763 7 31
745 731 8 31
745 763 15 31
410 409 1 32
410 410 3 32
746 746 5 32
746 763 6 32
746 731 7 32
746 763 14 32
409 410 2 33
572 587 7 33
572 586 16 33
572 578 17 33
712 731 5 34
712 721 8 34
712 720 11 34
594 587 5 35
594 593 6 35
594 586 14 35
594 578 15 35
110 111 1 36
513 516 7 36
746 763 1 37
746 731 2 37
746 763 9 37
763 763 8 38
731 721 3 39
731 720 6 39
69 55 7 40
69 56 10 40
189 189 1 40
189 189 2 40
189 188 3 40
189 188 5 40
189 189 6 40
189 188 7 40
587 593 1 40
587 586 9 40
587 578 10 40
6 6 3 41
6 6 4 41
6 7 4 41
7 6 3 41
7 6 4 41
7 7 4 41
189 189 1 41
189 188 2 41
189 188 4 41
189 189 5 41
189 188 6 41
333 351 2 41
333 322 6 41
593 586 8 41
593 578 9 41
189 188 1 42
189 188 3 42
189 189 4 42
189 188 5 42
430 430 3 42
721 720 3 42
188 188 2 43
188 189 3 43
188 188 4 43
516 535 1 43
6 6 1 44
6 7 1 44
535 536 3 44
188 189 1 45
188 188 2 45
189 188 1 46
55 56 3 47
586 578 1 49
