94 99 1 1
94 94 6 1
166 177 27 1
166 176 29 1
166 176 30 1
258 250 2 1
258 259 3 1
258 267 9 1
258 266 10 1
258 252 25 1
258 252 28 1
258 267 29 1
554 568 3 1
554 570 6 1
554 556 15 1
554 558 16 1
554 539 18 1
554 534 19 1
554 543 25 1
58 54 5 2
58 57 6 2
58 49 18 2
58 46 24 2
58 66 24 2
99 94 5 2
99 115 15 2
426 408 14 2
426 412 15 2
589 601 1 2
589 570 5 2
589 577 8 2
589 581 11 2
589 604 26 2
589 580 27 2
589 607 29 2
250 259 1 3
250 267 7 3
250 266 8 3
250 234 21 3
250 252 23 3
250 252 26 3
250 267 27 3
280 291 4 3
280 278 6 3
280 267 7 3
280 266 8 3
280 279 9 3
280 293 12 3
280 278 21 3
280 267 27 3
601 619 8 3
601 581 10 3
601 617 18 3
601 604 25 3
601 607 28 3
211 209 12 4
211 210 15 4
211 211 16 4
211 214 29 4
259 278 5 4
259 267 6 4
259 266 7 4
259 278 20 4
259 252 22 4
259 252 25 4
259 267 26 4
568 570 3 4
568 577 6 4
568 581 9 4
568 556 12 4
568 558 13 4
568 580 25 4
695 709 7 5
695 703 13 5
695 711 17 5
695 684 18 5
404 408 10 6
404 412 11 6
404 390 13 6
404 394 19 6
404 397 28 6
621 619 5 6
621 617 15 6
621 604 22 6
621 607 25 6
621 628 26 6
621 639 28 6
54 57 1 7
54 49 13 7
54 46 19 7
54 66 19 7
291 278 2 7
291 279 5 7
291 293 8 7
291 278 17 7
291 308 19 7
570 577 3 7
570 581 6 7
570 556 9 7
570 558 10 7
570 580 22 7
57 49 12 8
57 46 18 8
57 66 18 8
369 363 12 8
369 359 20 8
369 355 23 8
369 359 25 8
666 649 1 8
666 684 15 8
666 667 22 8
278 267 1 9
278 266 2 9
278 279 3 9
278 293 6 9
278 278 15 9
278 267 21 9
649 667 21 9
649 639 25 9
120 120 6 10
120 115 7 10
120 120 22 10
267 266 1 10
267 279 2 10
267 278 14 10
267 252 16 10
267 252 19 10
267 267 20 10
577 581 3 10
577 558 7 10
577 580 19 10
266 279 1 11
266 278 13 11
266 252 15 11
266 252 18 11
266 267 19 11
619 617 10 11
619 604 17 11
619 607 20 11
619 628 21 11
279 293 3 12
279 278 12 12
279 267 18 12
709 703 6 12
709 711 10 12
709 719 21 12
581 580 16 13
13 9 5 15
20 9 5 15
31 49 5 15
31 46 11 15
293 278 9 15
293 308 11 15
532 539 4 15
532 534 5 15
532 523 9 15
532 543 11 15
532 515 30 15
120 115 1 16
120 120 16 16
209 210 3 16
209 211 4 16
209 214 17 16
408 412 1 16
408 390 3 16
408 394 9 16
408 397 18 16
556 558 1 16
556 539 3 16
556 543 10 16
115 120 15 17
412 394 8 17
412 397 17 17
558 539 2 17
558 543 9 17
703 711 4 18
703 684 5 18
703 719 15 18
210 211 1 19
210 214 14 19
390 394 6 19
390 397 15 19
539 534 1 19
539 523 5 19
539 543 7 19
49 46 6 20
49 66 6 20
211 214 13 20
363 359 8 20
363 344 9 20
363 355 11 20
363 359 13 20
534 523 4 20
534 543 6 20
534 515 25 20
326 308 5 21
326 344 8 21
326 326 11 21
326 334 24 21
617 604 7 21
617 607 10 21
617 628 11 21
711 719 11 22
684 667 7 23
234 252 2 24
234 252 5 24
234 214 9 24
278 267 6 24
523 515 21 24
394 397 9 25
252 252 3 26
252 267 4 26
308 326 6 26
177 176 2 28
177 176 3 28
359 344 1 28
359 355 3 28
359 359 5 28
604 607 3 28
252 267 1 29
344 355 2 29
344 326 3 29
344 359 4 29
344 334 16 29
176 176 1 30
355 359 2 31
326 334 13 32
628 639 2 32
