43 36 7 3
213 215 7 3
213 214 9 3
213 214 10 3
213 214 11 3
213 215 12 3
213 214 13 3
213 215 14 3
213 214 15 3
213 214 16 3
213 214 17 3
213 214 18 3
509 510 1 3
509 511 1 3
509 510 2 3
509 490 15 3
509 490 16 3
509 490 19 3
511 510 1 3
511 511 1 3
511 510 2 3
253 253 5 4
253 253 19 4
510 510 1 4
510 490 14 4
510 490 15 4
510 490 18 4
511 510 1 4
510 490 13 5
510 490 14 5
510 490 17 5
411 410 17 6
96 97 3 9
96 96 4 9
96 96 6 9
96 96 8 9
96 96 9 9
96 96 10 9
96 92 11 9
96 96 17 9
96 96 18 9
253 253 14 9
480 478 1 9
480 469 2 9
480 469 3 9
480 469 4 9
480 469 6 9
480 468 7 9
480 479 8 9
480 490 9 9
480 490 10 9
480 490 13 9
480 478 15 9
480 468 16 9
480 468 17 9
480 468 20 9
215 214 2 10
215 214 3 10
215 214 4 10
215 215 5 10
215 214 6 10
215 215 7 10
215 214 8 10
215 214 9 10
215 214 10 10
215 214 11 10
215 214 14 10
215 214 16 10
215 214 17 10
215 214 18 10
215 213 20 10
478 469 1 10
478 469 2 10
478 469 3 10
478 469 5 10
478 468 6 10
478 479 7 10
478 490 8 10
478 490 9 10
478 490 12 10
478 478 14 10
478 468 15 10
478 468 16 10
478 468 19 10
478 479 20 10
469 469 1 11
469 469 2 11
469 451 3 11
469 469 4 11
469 468 5 11
469 479 6 11
469 450 9 11
469 450 10 11
469 478 13 11
469 468 14 11
469 468 15 11
469 450 17 11
469 468 18 11
469 479 19 11
469 479 20 11
97 96 1 12
97 96 3 12
97 96 5 12
97 96 6 12
97 96 7 12
97 92 8 12
97 96 14 12
97 96 15 12
97 96 19 12
97 96 20 12
214 214 1 12
214 214 2 12
214 215 3 12
214 214 4 12
214 215 5 12
214 214 6 12
214 214 7 12
214 214 8 12
214 214 9 12
214 214 12 12
214 214 14 12
214 214 15 12
214 214 16 12
214 213 18 12
214 214 19 12
214 214 20 12
469 469 1 12
469 451 2 12
469 469 3 12
469 468 4 12
469 479 5 12
469 450 8 12
469 450 9 12
469 478 12 12
469 468 13 12
469 468 14 12
469 450 16 12
469 468 17 12
469 479 18 12
469 479 19 12
96 96 2 13
96 96 4 13
96 96 5 13
96 96 6 13
96 92 7 13
96 96 13 13
96 96 14 13
96 96 18 13
96 96 19 13
96 96 20 13
214 214 1 13
214 215 2 13
214 214 3 13
214 215 4 13
214 214 5 13
214 214 6 13
214 214 7 13
214 214 8 13
214 214 11 13
214 214 13 13
214 214 14 13
214 214 15 13
214 213 17 13
214 214 18 13
214 214 19 13
214 214 20 13
469 451 1 13
469 469 2 13
469 468 3 13
469 479 4 13
469 450 7 13
469 450 8 13
469 478 11 13
469 468 12 13
469 468 13 13
469 450 15 13
469 468 16 13
469 479 17 13
469 479 18 13
214 215 1 14
214 214 2 14
214 215 3 14
214 214 4 14
214 214 5 14
214 214 6 14
214 214 7 14
214 214 10 14
214 214 12 14
214 214 13 14
214 214 14 14
214 213 16 14
214 214 17 14
214 214 18 14
214 214 19 14
214 214 20 14
451 469 1 14
451 468 2 14
451 450 6 14
451 450 7 14
451 468 11 14
451 468 12 14
451 450 14 14
451 468 15 14
96 96 2 15
96 96 3 15
96 96 4 15
96 92 5 15
96 96 11 15
96 96 12 15
96 96 16 15
96 96 17 15
96 96 18 15
96 96 19 15
215 214 1 15
215 215 2 15
215 214 3 15
215 214 4 15
215 214 5 15
215 214 6 15
215 214 9 15
215 214 11 15
215 214 12 15
215 214 13 15
215 213 15 15
215 214 16 15
215 214 17 15
215 214 18 15
215 214 19 15
469 468 1 15
469 479 2 15
469 450 5 15
469 450 6 15
469 478 9 15
469 468 10 15
469 468 11 15
469 450 13 15
469 468 14 15
469 479 15 15
469 479 16 15
469 450 20 15
214 215 1 16
214 214 2 16
214 214 3 16
214 214 4 16
214 214 5 16
214 214 8 16
214 214 10 16
214 214 11 16
214 214 12 16
214 213 14 16
214 214 15 16
214 214 16 16
214 214 17 16
214 214 18 16
468 479 1 16
468 450 4 16
468 450 5 16
468 478 8 16
468 468 9 16
468 468 10 16
468 450 12 16
468 468 13 16
468 479 14 16
468 479 15 16
468 450 19 16
96 96 1 17
96 96 2 17
96 92 3 17
96 96 9 17
96 96 10 17
96 96 14 17
96 96 15 17
96 96 16 17
96 96 17 17
215 214 1 17
215 214 2 17
215 214 3 17
215 214 4 17
215 214 7 17
215 214 9 17
215 214 10 17
215 214 11 17
215 213 13 17
215 214 14 17
215 214 15 17
215 214 16 17
215 214 17 17
479 490 1 17
479 490 2 17
479 490 5 17
479 478 7 17
479 468 8 17
479 468 9 17
479 468 12 17
479 479 13 17
479 479 14 17
479 490 15 17
479 490 16 17
479 473 20 17
96 96 1 18
96 92 2 18
96 96 8 18
96 96 9 18
96 96 13 18
96 96 14 18
96 96 15 18
96 96 16 18
214 214 1 18
214 214 2 18
214 214 3 18
214 214 6 18
214 214 8 18
214 214 9 18
214 214 10 18
214 213 12 18
214 214 13 18
214 214 14 18
214 214 15 18
214 214 16 18
490 490 1 18
490 490 4 18
490 478 6 18
490 479 12 18
490 479 13 18
490 490 14 18
490 490 15 18
490 473 19 18
490 478 20 18
96 92 1 19
96 96 7 19
96 96 8 19
96 96 12 19
96 96 13 19
96 96 14 19
96 96 15 19
214 214 1 19
214 214 2 19
214 214 5 19
214 214 7 19
214 214 8 19
214 214 9 19
214 213 11 19
214 214 12 19
214 214 13 19
214 214 14 19
214 214 15 19
490 490 3 19
490 478 5 19
490 479 11 19
490 479 12 19
490 490 13 19
490 490 14 19
490 473 18 19
490 478 19 19
92 96 6 20
92 96 7 20
92 96 11 20
92 96 12 20
92 96 13 20
92 96 14 20
92 72 19 20
92 75 20 20
214 214 1 20
214 214 4 20
214 214 6 20
214 214 7 20
214 214 8 20
214 213 10 20
214 214 11 20
214 214 12 20
214 214 13 20
214 214 14 20
214 214 20 20
450 450 1 20
450 468 5 20
450 468 6 20
450 450 8 20
450 468 9 20
450 450 15 20
214 214 3 21
214 214 5 21
214 214 6 21
214 214 7 21
214 213 9 21
214 214 10 21
214 214 11 21
214 214 12 21
214 214 13 21
214 214 19 21
450 468 4 21
450 468 5 21
450 450 7 21
450 468 8 21
450 450 14 21
490 478 2 22
490 479 8 22
490 479 9 22
490 490 10 22
490 490 11 22
490 473 15 22
490 478 16 22
253 254 15 23
253 270 16 23
253 272 17 23
253 272 18 23
253 272 19 23
410 410 11 23
214 214 2 24
214 214 3 24
214 214 4 24
214 213 6 24
214 214 7 24
214 214 8 24
214 214 9 24
214 214 10 24
214 214 16 24
214 214 20 24
478 468 1 24
478 468 2 24
478 468 5 24
478 479 6 24
478 479 7 24
478 490 8 24
478 490 9 24
478 473 13 24
478 478 14 24
478 470 19 24
468 468 1 25
468 450 3 25
468 468 4 25
468 479 5 25
468 479 6 25
468 450 10 25
468 473 12 25
468 478 13 25
468 470 18 25
468 479 20 25
96 96 1 26
96 96 5 26
96 96 6 26
96 96 7 26
96 96 8 26
96 96 19 26
214 214 1 26
214 214 2 26
214 213 4 26
214 214 5 26
214 214 6 26
214 214 7 26
214 214 8 26
214 214 14 26
214 214 18 26
214 214 19 26
214 214 20 26
468 450 2 26
468 468 3 26
468 479 4 26
468 479 5 26
468 450 9 26
468 473 11 26
468 478 12 26
468 470 17 26
468 479 19 26
96 96 4 27
96 96 5 27
96 96 6 27
96 96 7 27
96 96 18 27
214 214 1 27
214 213 3 27
214 214 4 27
214 214 5 27
214 214 6 27
214 214 7 27
214 214 13 27
214 214 17 27
214 214 18 27
214 214 19 27
214 214 20 27
214 213 2 28
214 214 3 28
214 214 4 28
214 214 5 28
214 214 6 28
214 214 12 28
214 214 16 28
214 214 17 28
214 214 18 28
214 214 19 28
214 214 20 28
450 468 1 28
450 450 7 28
468 479 1 29
468 479 2 29
468 450 6 29
468 473 8 29
468 478 9 29
468 470 14 29
468 479 16 29
468 450 20 29
213 214 1 30
213 214 2 30
213 214 3 30
213 214 4 30
213 214 10 30
213 214 14 30
213 214 15 30
213 214 16 30
213 214 17 30
213 214 18 30
479 479 1 30
479 490 2 30
479 490 3 30
479 473 7 30
479 478 8 30
479 470 13 30
479 479 15 30
479 498 18 30
96 96 1 31
96 96 2 31
96 96 3 31
96 96 14 31
96 97 20 31
214 214 1 31
214 214 2 31
214 214 3 31
214 214 9 31
214 214 13 31
214 214 14 31
214 214 15 31
214 214 16 31
214 214 17 31
214 214 20 31
479 490 1 31
479 490 2 31
479 473 6 31
479 478 7 31
479 470 12 31
479 479 14 31
479 498 17 31
96 96 1 32
96 96 2 32
96 96 13 32
96 97 19 32
214 214 1 32
214 214 2 32
214 214 8 32
214 214 12 32
214 214 13 32
214 214 14 32
214 214 15 32
214 214 16 32
214 214 19 32
214 214 20 32
490 490 1 32
490 473 5 32
490 478 6 32
490 470 11 32
490 479 13 32
490 498 16 32
490 490 20 32
96 96 1 33
96 96 12 33
96 97 18 33
214 214 1 33
214 214 7 33
214 214 11 33
214 214 12 33
214 214 13 33
214 214 14 33
214 214 15 33
214 214 18 33
214 214 19 33
490 473 4 33
490 478 5 33
490 470 10 33
490 479 12 33
490 498 15 33
490 490 19 33
96 96 11 34
96 97 17 34
96 96 20 34
214 214 6 34
214 214 10 34
214 214 11 34
214 214 12 34
214 214 13 34
214 214 14 34
214 214 17 34
214 214 18 34
214 214 20 34
410 406 12 34
410 408 13 34
450 450 14 35
450 447 15 35
450 449 16 35
450 468 19 35
473 478 1 37
473 470 6 37
473 479 8 37
473 490 15 37
473 468 17 37
473 468 19 37
473 473 20 37
254 270 1 38
254 272 2 38
254 272 3 38
254 272 4 38
478 470 5 38
478 479 7 38
478 490 14 38
478 468 16 38
478 468 18 38
478 473 19 38
72 75 1 39
72 75 2 39
72 75 3 39
171 173 3 39
270 272 1 39
270 272 2 39
270 272 3 39
75 75 1 40
75 75 2 40
214 214 4 40
214 214 5 40
214 214 6 40
214 214 7 40
214 214 8 40
214 214 11 40
214 214 12 40
214 214 14 40
214 214 15 40
214 214 17 40
214 214 18 40
214 214 19 40
272 272 1 40
272 272 2 40
75 75 1 41
272 272 1 41
173 173 18 42
470 479 2 43
470 450 6 43
470 468 11 43
470 468 13 43
470 473 14 43
470 489 18 43
39 22 7 44
214 214 1 44
214 214 2 44
214 214 3 44
214 214 4 44
214 214 7 44
214 214 8 44
214 214 10 44
214 214 11 44
214 214 13 44
214 214 14 44
214 214 15 44
214 214 17 44
214 214 18 44
214 215 20 44
96 97 6 45
96 96 9 45
96 96 13 45
96 96 14 45
96 93 20 45
214 214 1 45
214 214 2 45
214 214 3 45
214 214 6 45
214 214 7 45
214 214 9 45
214 214 10 45
214 214 12 45
214 214 13 45
214 214 14 45
214 214 16 45
214 214 17 45
214 215 19 45
214 212 20 45
479 498 3 45
479 490 7 45
479 468 9 45
479 468 11 45
479 473 12 45
479 489 16 45
479 490 19 45
214 214 1 46
214 214 2 46
214 214 5 46
214 214 6 46
214 214 8 46
214 214 9 46
214 214 11 46
214 214 12 46
214 214 13 46
214 214 15 46
214 214 16 46
214 215 18 46
214 212 19 46
214 214 20 46
406 408 1 46
406 410 13 46
406 407 14 46
214 214 1 47
214 214 4 47
214 214 5 47
214 214 7 47
214 214 8 47
214 214 10 47
214 214 11 47
214 214 12 47
214 214 14 47
214 214 15 47
214 215 17 47
214 212 18 47
214 214 19 47
214 214 20 47
408 410 12 47
408 407 13 47
214 214 3 48
214 214 4 48
214 214 6 48
214 214 7 48
214 214 9 48
214 214 10 48
214 214 11 48
214 214 13 48
214 214 14 48
214 215 16 48
214 212 17 48
214 214 18 48
214 214 19 48
214 214 20 48
498 490 4 48
498 489 13 48
498 490 16 48
450 447 1 49
450 449 2 49
450 468 5 49
450 468 7 49
450 468 17 49
447 449 1 50
97 96 3 51
97 96 7 51
97 96 8 51
97 93 14 51
214 214 1 51
214 214 3 51
214 214 4 51
214 214 6 51
214 214 7 51
214 214 8 51
214 214 10 51
214 214 11 51
214 215 13 51
214 212 14 51
214 214 15 51
214 214 16 51
214 214 17 51
449 468 3 51
449 468 5 51
449 468 15 51
449 467 20 51
214 214 2 52
214 214 3 52
214 214 5 52
214 214 6 52
214 214 7 52
214 214 9 52
214 214 10 52
214 215 12 52
214 212 13 52
214 214 14 52
214 214 15 52
214 214 16 52
214 214 20 52
490 473 5 52
490 489 9 52
490 490 12 52
368 369 2 53
368 369 14 53
368 369 15 53
368 367 16 53
368 368 17 53
368 375 19 53
96 96 4 54
96 96 5 54
96 93 11 54
96 94 18 54
214 214 1 54
214 214 3 54
214 214 4 54
214 214 5 54
214 214 7 54
214 214 8 54
214 215 10 54
214 212 11 54
214 214 12 54
214 214 13 54
214 214 14 54
214 214 18 54
214 214 19 54
468 468 2 54
468 473 3 54
468 468 12 54
468 467 17 54
214 214 2 55
214 214 3 55
214 214 4 55
214 214 6 55
214 214 7 55
214 215 9 55
214 212 10 55
214 214 11 55
214 214 12 55
214 214 13 55
214 214 17 55
214 214 18 55
214 214 20 55
369 369 12 55
369 369 13 55
369 367 14 55
369 368 15 55
369 375 17 55
468 473 1 56
468 468 10 56
468 467 15 56
468 479 20 56
214 214 1 57
214 214 2 57
214 214 4 57
214 214 5 57
214 215 7 57
214 212 8 57
214 214 9 57
214 214 10 57
214 214 11 57
214 214 15 57
214 214 16 57
214 214 18 57
473 489 4 57
473 490 7 57
473 468 9 57
473 467 14 57
473 479 19 57
96 96 1 58
96 93 7 58
96 94 14 58
214 214 1 58
214 214 3 58
214 214 4 58
214 215 6 58
214 212 7 58
214 214 8 58
214 214 9 58
214 214 10 58
214 214 14 58
214 214 15 58
214 214 17 58
332 332 4 58
332 329 7 58
332 331 16 58
332 331 17 58
96 93 6 59
96 94 13 59
214 214 2 59
214 214 3 59
214 215 5 59
214 212 6 59
214 214 7 59
214 214 8 59
214 214 9 59
214 214 13 59
214 214 14 59
214 214 16 59
410 407 1 59
410 410 14 59
410 410 19 59
173 173 14 60
407 410 13 60
407 410 18 60
407 389 20 60
214 214 1 61
214 215 3 61
214 212 4 61
214 214 5 61
214 214 6 61
214 214 7 61
214 214 11 61
214 214 12 61
214 214 14 61
214 215 19 61
489 490 3 61
489 479 15 61
489 481 18 61
214 215 2 62
214 212 3 62
214 214 4 62
214 214 5 62
214 214 6 62
214 214 10 62
214 214 11 62
214 214 13 62
214 215 18 62
214 214 20 62
332 329 3 62
332 331 12 62
332 331 13 62
215 212 1 64
215 214 2 64
215 214 3 64
215 214 4 64
215 214 8 64
215 214 9 64
215 214 11 64
215 215 16 64
215 214 18 64
490 479 12 64
490 481 15 64
56 70 3 65
56 71 4 65
93 94 7 65
93 96 17 65
212 214 1 65
212 214 2 65
212 214 3 65
212 214 7 65
212 214 8 65
212 214 10 65
212 215 15 65
212 214 17 65
329 331 9 65
329 331 10 65
214 214 1 66
214 214 2 66
214 214 6 66
214 214 7 66
214 214 9 66
214 215 14 66
214 214 16 66
468 467 5 66
468 479 10 66
468 481 13 66
468 448 17 66
468 468 18 66
468 450 19 66
468 449 20 66
214 214 1 67
214 214 5 67
214 214 6 67
214 214 8 67
214 215 13 67
214 214 15 67
214 214 20 67
369 369 1 67
369 367 2 67
369 368 3 67
369 375 5 67
70 71 1 68
214 214 4 68
214 214 5 68
214 214 7 68
214 215 12 68
214 214 14 68
214 214 19 68
369 367 1 68
369 368 2 68
369 375 4 68
367 368 1 69
367 375 3 69
368 375 2 70
467 479 5 71
467 481 8 71
467 448 12 71
467 468 13 71
467 450 14 71
467 449 15 71
467 450 16 71
467 449 17 71
467 449 18 71
94 96 10 72
94 96 15 72
214 214 1 72
214 214 3 72
214 215 8 72
214 214 10 72
214 214 15 72
214 214 17 72
214 214 18 72
375 389 8 72
214 214 2 73
214 215 7 73
214 214 9 73
214 214 14 73
214 214 16 73
214 214 17 73
410 410 5 73
410 410 8 73
410 428 9 73
410 409 19 73
410 410 20 73
331 331 1 74
331 332 16 74
331 332 17 74
214 215 5 75
214 214 7 75
214 214 12 75
214 214 14 75
214 214 15 75
331 332 15 75
331 332 16 75
479 481 3 76
479 468 8 76
479 478 18 76
479 468 19 76
22 17 10 78
410 410 3 78
410 428 4 78
410 409 14 78
410 410 15 78
481 468 5 79
481 478 15 79
481 468 16 79
481 466 20 79
215 214 2 80
215 214 7 80
215 214 9 80
215 214 10 80
215 214 17 80
215 214 18 80
389 369 17 80
389 369 18 80
410 428 1 81
410 409 11 81
410 410 12 81
410 428 20 81
96 96 5 82
214 214 5 82
214 214 7 82
214 214 8 82
214 214 15 82
214 214 16 82
428 409 10 82
428 410 11 82
428 428 19 82
448 450 2 83
448 449 3 83
448 450 4 83
448 449 5 83
448 449 6 83
448 466 16 83
448 428 18 83
468 450 1 84
468 449 2 84
468 450 3 84
468 449 4 84
468 449 5 84
468 478 10 84
468 468 11 84
468 466 15 84
468 479 16 84
468 487 19 84
450 449 1 85
450 450 2 85
450 449 3 85
450 449 4 85
450 468 10 85
450 466 14 85
449 450 1 86
449 449 2 86
449 449 3 86
449 468 9 86
449 466 13 86
449 449 20 86
96 96 17 87
214 214 2 87
214 214 3 87
214 214 10 87
214 214 11 87
214 214 17 87
214 214 18 87
450 449 1 87
450 449 2 87
450 468 8 87
450 466 12 87
450 449 19 87
253 253 3 88
253 253 4 88
449 449 1 88
449 468 7 88
449 466 11 88
449 449 18 88
214 214 1 89
214 214 8 89
214 214 9 89
214 214 15 89
214 214 16 89
449 468 6 89
449 466 10 89
449 449 17 89
214 214 7 90
214 214 8 90
214 214 14 90
214 214 15 90
214 214 20 90
332 332 1 90
332 332 14 90
253 253 1 91
253 269 19 91
332 332 13 91
253 269 18 92
409 410 1 92
409 428 9 92
410 428 8 93
478 468 1 94
478 466 5 94
478 479 6 94
478 488 8 94
478 487 9 94
478 480 13 94
478 480 18 94
468 466 4 95
468 479 5 95
468 487 8 95
468 449 11 95
468 480 12 95
468 480 17 95
468 487 20 95
72 72 1 96
72 71 2 96
72 72 17 96
368 369 1 96
368 369 2 96
368 383 12 96
368 369 13 96
368 387 15 96
72 71 1 97
72 72 16 97
214 214 1 97
214 214 7 97
214 214 8 97
214 214 13 97
214 214 20 97
369 369 1 97
369 383 11 97
369 369 12 97
369 387 14 97
71 72 15 98
214 214 6 98
214 214 7 98
214 214 12 98
214 214 19 98
369 383 10 98
369 369 11 98
369 387 13 98
466 479 1 99
466 449 7 99
466 480 8 99
466 480 13 99
479 488 2 100
479 487 3 100
479 480 7 100
479 480 12 100
479 487 15 100
479 487 16 100
479 490 17 100
428 410 17 101
488 487 1 102
488 480 5 102
488 480 10 102
488 487 13 102
488 487 14 102
488 490 15 102
488 469 20 102
487 480 4 103
487 480 9 103
487 487 12 103
487 487 13 103
487 490 14 103
487 469 19 103
511 510 2 103
511 511 2 103
511 511 3 103
511 511 17 103
96 95 17 104
214 214 1 104
214 214 6 104
214 214 13 104
214 215 17 104
214 214 20 104
332 333 17 104
214 214 5 105
214 214 12 105
214 215 16 105
214 214 19 105
510 511 1 105
510 490 12 105
510 511 15 105
511 511 1 105
511 511 15 105
449 451 14 106
449 463 17 106
511 511 14 106
480 480 5 107
480 487 8 107
480 487 9 107
480 490 10 107
480 469 15 107
480 463 16 107
480 476 19 107
383 369 1 108
383 387 3 108
383 390 6 108
383 369 16 108
383 369 17 108
383 387 19 108
369 387 2 109
369 369 15 109
369 369 16 109
369 387 18 109
214 214 7 110
214 215 11 110
214 214 14 110
214 210 17 110
214 214 20 110
269 272 3 110
387 390 3 111
387 369 13 111
387 369 14 111
387 387 16 111
480 487 3 112
480 487 4 112
480 490 5 112
480 469 10 112
480 463 11 112
480 476 14 112
480 462 17 112
480 462 19 112
480 467 20 112
390 387 13 114
487 487 1 115
487 490 2 115
487 469 7 115
487 476 11 115
487 467 17 115
487 475 18 115
487 479 20 115
487 490 1 116
487 469 6 116
487 476 10 116
487 467 16 116
487 475 17 116
487 479 19 116
214 215 4 117
214 214 7 117
214 210 10 117
214 214 13 117
214 214 14 117
214 214 20 117
490 476 9 117
490 475 16 117
490 479 18 117
410 410 10 118
410 415 16 118
410 391 18 118
410 410 19 118
451 469 2 120
451 463 3 120
451 462 9 120
451 459 10 120
451 462 11 120
451 467 12 120
451 451 18 120
451 447 19 120
451 468 20 120
511 511 14 120
511 511 18 120
511 511 19 120
4 7 7 121
9 7 7 121
9 24 7 121
95 96 17 121
215 214 3 121
215 210 6 121
215 214 9 121
215 214 10 121
215 214 16 121
215 214 17 121
215 214 19 121
469 463 1 122
469 476 4 122
469 462 7 122
469 459 8 122
469 462 9 122
469 467 10 122
469 475 11 122
469 479 13 122
469 451 16 122
469 468 18 122
469 468 19 122
469 450 20 122
463 476 3 123
463 462 6 123
463 459 7 123
463 462 8 123
463 467 9 123
463 475 10 123
463 479 12 123
463 451 15 123
463 447 16 123
463 468 17 123
463 468 18 123
463 450 19 123
463 478 20 123
214 210 3 124
214 214 6 124
214 214 7 124
214 214 13 124
214 214 14 124
214 214 16 124
214 214 19 124
214 214 20 124
369 369 1 124
369 387 3 124
369 387 2 125
476 462 3 126
476 459 4 126
476 462 5 126
476 467 6 126
476 475 7 126
476 479 9 126
476 468 14 126
476 468 15 126
476 478 17 126
210 214 3 127
210 214 4 127
210 214 10 127
210 214 11 127
210 214 13 127
210 214 16 127
210 214 17 127
210 214 18 127
387 391 9 127
410 415 6 128
410 391 8 128
410 410 9 128
410 403 20 128
462 459 1 129
462 462 2 129
462 467 3 129
462 475 4 129
462 479 6 129
462 451 9 129
462 447 10 129
462 468 11 129
462 468 12 129
462 450 13 129
462 478 14 129
462 449 16 129
462 447 20 129
214 214 1 130
214 214 7 130
214 214 8 130
214 214 10 130
214 214 13 130
214 214 14 130
214 214 15 130
459 462 1 130
459 467 2 130
459 475 3 130
459 451 8 130
459 447 9 130
459 468 10 130
459 468 11 130
459 450 12 130
459 478 13 130
459 449 15 130
459 447 19 130
214 214 6 131
214 214 7 131
214 214 9 131
214 214 12 131
214 214 13 131
214 214 14 131
214 215 20 131
462 467 1 131
462 475 2 131
462 479 4 131
462 451 7 131
462 447 8 131
462 468 9 131
462 468 10 131
462 450 11 131
462 478 12 131
462 449 14 131
462 447 18 131
467 475 1 132
467 479 3 132
467 451 6 132
467 447 7 132
467 468 8 132
467 468 9 132
467 450 10 132
467 478 11 132
467 449 13 132
467 447 17 132
475 479 2 133
475 468 7 133
475 468 8 133
475 478 10 133
475 489 14 133
415 410 3 134
415 403 14 134
511 511 4 134
511 511 5 134
479 468 5 135
479 468 6 135
479 478 8 135
479 489 12 135
391 410 1 136
391 403 12 136
391 371 18 136
214 214 1 137
214 214 3 137
214 214 6 137
214 214 7 137
214 214 8 137
214 215 14 137
214 214 19 137
410 403 11 137
410 410 20 137
96 96 5 138
96 96 6 138
96 94 12 138
96 90 13 138
96 89 14 138
214 214 2 138
214 214 5 138
214 214 6 138
214 214 7 138
214 215 13 138
214 214 18 138
451 447 1 138
451 468 2 138
451 468 3 138
451 450 4 138
451 449 7 138
451 447 11 138
511 511 1 138
253 253 2 139
253 271 5 139
253 269 13 139
447 450 3 139
447 449 6 139
447 447 10 139
214 214 3 140
214 214 4 140
214 214 5 140
214 215 11 140
214 214 16 140
468 468 1 140
468 450 2 140
468 478 3 140
468 449 5 140
253 271 3 141
253 269 11 141
468 450 1 141
468 478 2 141
468 449 4 141
450 449 3 142
450 447 7 142
96 96 1 143
96 94 7 143
96 90 8 143
96 89 9 143
214 214 1 143
214 214 2 143
214 215 8 143
214 214 13 143
478 489 4 143
96 94 6 144
96 90 7 144
96 89 8 144
214 214 1 144
214 215 7 144
214 214 12 144
271 269 8 144
271 264 18 144
214 215 6 145
214 214 11 145
449 447 4 145
332 330 5 146
332 336 7 146
332 332 9 146
332 331 10 146
332 328 17 146
332 330 19 146
403 410 9 148
403 390 10 148
403 411 11 148
403 410 12 148
61 73 15 149
61 70 17 149
38 37 14 150
94 90 1 150
94 89 2 150
147 159 12 150
304 303 11 150
304 302 14 150
90 89 1 151
90 73 13 151
90 70 15 151
215 214 5 151
215 213 20 151
330 336 2 151
330 332 4 151
330 331 5 151
330 328 12 151
330 330 14 151
330 331 16 151
330 331 17 151
330 331 18 151
330 345 20 151
89 73 12 152
89 70 14 152
171 159 10 152
171 171 12 152
171 172 13 152
171 170 14 152
171 173 18 152
269 264 10 152
269 269 14 152
269 253 15 152
269 253 16 152
269 253 17 152
336 332 2 153
336 331 3 153
336 328 10 153
336 330 12 153
336 331 14 153
336 331 15 153
336 331 16 153
336 345 18 153
371 390 4 154
371 370 16 154
371 390 20 154
332 331 1 155
332 328 8 155
332 330 10 155
332 331 12 155
332 331 13 155
332 331 14 155
332 345 16 155
214 213 15 156
214 194 16 156
331 328 7 156
331 330 9 156
331 331 11 156
331 331 12 156
331 331 13 156
331 345 15 156
410 390 1 157
410 411 2 157
410 410 3 157
410 419 16 157
410 390 17 157
390 370 12 158
390 390 16 158
411 410 1 159
411 419 14 159
410 419 13 160
410 390 14 160
303 302 3 161
303 301 11 161
303 303 17 161
159 171 2 162
159 172 3 162
159 170 4 162
159 173 8 162
159 170 15 162
159 171 18 162
264 269 4 162
264 253 5 162
264 253 6 162
264 253 7 162
264 258 14 162
264 270 18 162
328 330 2 163
328 331 4 163
328 331 5 163
328 331 6 163
328 345 8 163
328 329 14 163
328 331 16 163
328 332 19 163
73 70 2 164
73 91 13 164
171 172 1 164
171 170 2 164
171 173 6 164
171 170 13 164
171 171 16 164
302 301 8 164
302 303 14 164
302 301 19 164
172 170 1 165
172 173 5 165
172 170 12 165
172 171 15 165
330 331 2 165
330 331 3 165
330 331 4 165
330 345 6 165
330 329 12 165
330 331 14 165
330 332 17 165
170 173 4 166
170 170 11 166
170 171 14 166
269 253 1 166
269 253 2 166
269 253 3 166
269 258 10 166
269 270 14 166
269 270 19 166
253 253 1 167
253 253 2 167
253 258 9 167
253 270 13 167
253 270 18 167
331 331 1 167
331 331 2 167
331 345 4 167
331 329 10 167
331 331 12 167
331 332 15 167
253 253 1 168
253 258 8 168
253 270 12 168
253 270 17 168
331 331 1 168
331 345 3 168
331 329 9 168
331 331 11 168
331 332 14 168
253 258 7 169
253 270 11 169
253 270 16 169
331 345 2 169
331 329 8 169
331 331 10 169
331 332 13 169
173 170 7 170
173 171 10 170
213 194 1 171
345 329 6 171
345 331 8 171
345 332 11 171
301 303 6 172
301 301 11 172
419 410 8 173
419 403 19 173
419 410 20 173
390 403 18 174
511 511 20 174
449 450 9 175
258 270 4 176
258 270 9 176
170 171 3 177
329 331 2 177
329 332 5 177
303 301 5 178
331 332 3 179
270 270 5 180
270 268 17 180
270 269 18 180
270 252 20 180
410 403 11 181
410 410 12 181
410 422 13 181
410 410 18 181
332 330 18 182
332 330 19 182
450 464 12 184
450 463 18 184
270 268 12 185
270 269 13 185
270 252 15 185
270 252 16 185
403 410 1 192
403 422 2 192
403 410 7 192
403 410 11 192
403 410 12 192
403 388 13 192
410 422 1 193
410 410 6 193
410 410 10 193
410 410 11 193
422 410 5 194
422 410 9 194
422 410 10 194
511 511 14 194
511 511 15 194
511 511 17 194
214 214 13 195
214 214 19 195
214 214 20 195
464 463 6 196
464 447 14 196
464 450 15 196
464 449 16 196
464 450 17 196
464 449 18 196
68 71 1 197
268 269 1 197
268 252 3 197
268 252 4 197
269 252 2 198
269 252 3 198
269 255 20 198
410 410 4 199
410 410 5 199
410 410 16 199
410 391 18 199
410 390 20 199
252 252 1 200
252 255 18 200
252 253 20 200
330 330 1 200
330 331 6 200
330 331 7 200
330 331 8 200
330 332 9 200
330 332 16 200
252 255 17 201
252 253 19 201
330 331 5 201
330 331 6 201
330 331 7 201
330 332 8 201
330 332 15 201
463 447 8 202
463 450 9 202
463 449 10 202
463 450 11 202
463 449 12 202
410 410 1 203
410 410 12 203
410 391 14 203
410 390 16 203
410 410 11 204
410 391 13 204
410 390 15 204
388 391 12 205
388 390 14 205
388 370 15 205
388 368 16 205
331 331 1 206
331 331 2 206
331 332 3 206
331 332 10 206
331 331 16 206
331 331 17 206
331 331 18 206
331 331 20 206
331 331 1 207
331 332 2 207
331 332 9 207
331 331 15 207
331 331 16 207
331 331 17 207
331 331 19 207
214 214 6 208
214 214 7 208
214 205 10 208
331 332 1 208
331 332 8 208
331 331 14 208
331 331 15 208
331 331 16 208
331 331 18 208
331 331 20 208
511 511 1 208
511 511 3 208
511 511 9 208
511 511 10 208
511 511 17 208
332 332 7 209
332 331 13 209
332 331 14 209
332 331 15 209
332 331 17 209
332 331 19 209
511 511 2 209
511 511 8 209
511 511 9 209
511 511 16 209
447 450 1 210
447 449 2 210
447 450 3 210
447 449 4 210
450 449 1 211
450 450 2 211
450 449 3 211
511 511 6 211
511 511 7 211
511 511 14 211
449 450 1 212
449 449 2 212
450 449 1 213
214 214 1 214
214 205 4 214
214 214 17 214
214 205 3 215
214 214 16 215
410 391 2 215
410 390 4 215
410 410 10 215
410 410 14 215
410 410 15 215
410 410 16 215
410 410 17 215
332 331 6 216
332 331 7 216
332 331 8 216
332 331 10 216
332 331 12 216
391 390 2 217
391 410 8 217
391 410 12 217
391 410 13 217
391 410 14 217
391 410 15 217
391 387 16 217
391 410 20 217
511 511 1 217
511 511 8 217
511 511 15 217
205 214 13 218
205 214 18 218
255 253 2 218
255 253 8 218
255 250 9 218
255 257 9 218
255 252 10 218
255 252 12 218
255 270 16 218
511 511 7 218
511 511 14 218
390 370 1 219
390 387 14 219
253 253 6 220
253 250 7 220
253 257 7 220
253 252 8 220
253 252 10 220
253 270 14 220
253 252 20 220
370 368 1 220
370 387 13 220
370 367 15 220
370 369 16 220
368 387 12 221
368 367 14 221
368 369 15 221
331 331 1 222
331 331 2 222
331 331 4 222
331 331 6 222
331 331 19 222
331 331 20 222
331 331 1 223
331 331 3 223
331 331 5 223
331 331 18 223
331 331 19 223
331 331 2 224
331 331 4 224
331 331 17 224
331 331 18 224
410 410 4 225
410 410 5 225
410 410 6 225
410 410 7 225
410 410 12 225
410 410 13 225
410 410 14 225
410 410 18 225
511 511 7 225
511 511 14 225
253 250 1 226
253 257 1 226
253 252 2 226
253 252 4 226
253 270 8 226
253 252 14 226
253 236 20 226
253 262 20 226
331 331 2 226
331 331 15 226
331 331 16 226
9 24 14 227
9 25 19 227
250 252 1 227
250 252 3 227
250 252 13 227
250 236 19 227
250 262 19 227
257 252 1 227
257 252 3 227
257 270 7 227
257 252 13 227
257 262 19 227
252 252 2 228
252 270 6 228
252 252 12 228
252 236 18 228
252 262 18 228
331 331 13 228
331 331 14 228
410 410 1 229
410 410 2 229
410 410 3 229
410 410 8 229
410 410 9 229
410 410 10 229
410 410 14 229
252 270 4 230
252 252 10 230
252 236 16 230
252 262 16 230
410 410 1 230
410 410 2 230
410 410 7 230
410 410 8 230
410 410 9 230
410 410 13 230
214 214 5 231
214 214 12 231
410 410 1 231
410 410 6 231
410 410 7 231
410 410 8 231
410 410 12 231
410 410 5 232
410 410 6 232
410 410 7 232
410 410 11 232
511 511 7 232
511 511 14 232
387 367 2 233
387 369 3 233
387 368 11 233
387 369 12 233
270 252 6 234
270 262 12 234
367 369 1 235
367 368 9 235
367 369 10 235
214 214 7 236
369 368 8 236
369 369 9 236
410 410 1 237
410 410 2 237
410 410 6 237
410 410 1 238
410 410 5 238
410 410 4 239
511 511 7 239
252 236 6 240
252 262 6 240
24 25 5 241
331 331 1 241
368 369 1 244
410 410 1 267
34 38 2 269
331 332 1 269
331 331 2 269
332 331 1 270
330 330 1 366
330 331 8 366
330 331 9 366
330 331 10 366
330 331 11 366
330 331 7 367
330 331 8 367
330 331 9 367
330 331 10 367
330 331 20 367
501 501 1 368
501 501 2 368
501 498 4 368
501 511 8 368
501 511 9 368
501 501 1 369
501 498 3 369
501 511 7 369
501 511 8 369
501 498 2 370
501 511 6 370
501 511 7 370
498 511 4 372
498 511 5 372
331 331 1 374
331 331 2 374
331 331 3 374
331 331 13 374
331 331 1 375
331 331 2 375
331 331 12 375
331 331 1 376
331 331 11 376
511 511 1 376
331 331 10 377
331 331 1 488
331 333 18 488
331 333 17 489
410 419 19 490
511 511 1 490
511 511 3 490
511 511 4 490
511 511 7 490
511 511 10 490
511 511 11 490
511 511 14 490
511 511 16 490
511 511 17 490
511 511 18 490
489 489 1 491
489 489 2 491
489 489 3 491
489 490 6 491
489 489 8 491
511 511 2 491
511 511 3 491
511 511 6 491
511 511 9 491
511 511 10 491
511 511 13 491
511 511 15 491
511 511 16 491
511 511 17 491
511 511 20 491
489 489 1 492
489 489 2 492
489 490 5 492
489 489 7 492
489 489 1 493
489 490 4 493
489 489 6 493
489 489 20 493
511 511 1 493
511 511 4 493
511 511 7 493
511 511 8 493
511 511 11 493
511 511 13 493
511 511 14 493
511 511 15 493
511 511 18 493
489 490 3 494
489 489 5 494
489 489 19 494
511 511 3 494
511 511 6 494
511 511 7 494
511 511 10 494
511 511 12 494
511 511 13 494
511 511 14 494
511 511 17 494
511 511 20 494
450 450 1 495
450 450 3 495
450 450 5 495
450 450 6 495
450 450 7 495
450 450 8 495
450 450 9 495
450 450 10 495
450 450 12 495
450 450 13 495
450 450 17 495
450 450 2 496
450 450 4 496
450 450 5 496
450 450 6 496
450 450 7 496
450 450 8 496
450 450 9 496
450 450 11 496
450 450 12 496
450 450 16 496
490 489 2 497
490 489 16 497
490 489 18 497
490 488 19 497
511 511 3 497
511 511 4 497
511 511 7 497
511 511 9 497
511 511 10 497
511 511 11 497
511 511 14 497
511 511 17 497
450 450 2 498
450 450 3 498
450 450 4 498
450 450 5 498
450 450 6 498
450 450 7 498
450 450 9 498
450 450 10 498
450 450 14 498
450 450 19 498
214 214 6 499
214 214 7 499
214 214 8 499
214 214 13 499
214 214 14 499
214 214 20 499
489 489 14 499
489 489 16 499
489 488 17 499
489 501 19 499
489 501 20 499
450 450 1 500
450 450 2 500
450 450 3 500
450 450 4 500
450 450 5 500
450 450 7 500
450 450 8 500
450 450 12 500
450 450 17 500
450 450 20 500
511 511 1 500
511 511 4 500
511 511 6 500
511 511 7 500
511 511 8 500
511 511 11 500
511 511 14 500
511 501 18 500
511 501 19 500
450 450 1 501
450 450 2 501
450 450 3 501
450 450 4 501
450 450 6 501
450 450 7 501
450 450 11 501
450 450 16 501
450 450 19 501
450 450 20 501
511 511 3 501
511 511 5 501
511 511 6 501
511 511 7 501
511 511 10 501
511 511 13 501
511 501 17 501
511 501 18 501
511 511 20 501
450 450 1 502
450 450 2 502
450 450 3 502
450 450 5 502
450 450 6 502
450 450 10 502
450 450 15 502
450 450 18 502
450 450 19 502
450 450 20 502
253 253 7 503
253 253 11 503
253 253 14 503
253 253 18 503
450 450 1 503
450 450 2 503
450 450 4 503
450 450 5 503
450 450 9 503
450 450 14 503
450 450 17 503
450 450 18 503
450 450 19 503
450 450 20 503
450 450 1 504
450 450 3 504
450 450 4 504
450 450 8 504
450 450 13 504
450 450 16 504
450 450 17 504
450 450 18 504
450 450 19 504
450 450 20 504
511 511 2 504
511 511 3 504
511 511 4 504
511 511 7 504
511 511 10 504
511 501 14 504
511 501 15 504
511 511 17 504
214 214 1 505
214 214 2 505
214 214 7 505
214 214 8 505
214 214 14 505
214 214 15 505
450 450 2 505
450 450 3 505
450 450 7 505
450 450 12 505
450 450 15 505
450 450 16 505
450 450 17 505
450 450 18 505
450 450 19 505
450 450 20 505
214 214 1 506
214 214 6 506
214 214 7 506
214 214 13 506
214 214 14 506
214 214 20 506
333 332 4 506
333 332 5 506
511 511 1 506
511 511 2 506
511 511 5 506
511 511 8 506
511 501 12 506
511 501 13 506
511 511 15 506
511 511 19 506
214 214 5 507
214 214 6 507
214 214 12 507
214 214 13 507
214 214 19 507
214 214 20 507
450 450 1 507
450 450 5 507
450 450 10 507
450 450 13 507
450 450 14 507
450 450 15 507
450 450 16 507
450 450 17 507
450 450 18 507
450 449 19 507
511 511 1 507
511 511 4 507
511 511 7 507
511 501 11 507
511 501 12 507
511 511 14 507
511 511 18 507
450 450 4 508
450 450 9 508
450 450 12 508
450 450 13 508
450 450 14 508
450 450 15 508
450 450 16 508
450 450 17 508
450 449 18 508
450 450 20 508
511 511 3 508
511 511 6 508
511 501 10 508
511 501 11 508
511 511 13 508
511 511 17 508
511 511 20 508
419 410 5 509
253 253 4 510
253 253 7 510
253 253 11 510
253 253 14 510
253 253 18 510
332 332 1 510
511 511 3 511
511 501 7 511
511 501 8 511
511 511 10 511
511 511 14 511
511 511 17 511
511 511 18 511
214 214 1 512
214 214 7 512
214 214 8 512
214 214 14 512
214 214 15 512
450 450 5 512
450 450 8 512
450 450 9 512
450 450 10 512
450 450 11 512
450 450 12 512
450 450 13 512
450 449 14 512
450 450 16 512
450 450 18 512
450 450 19 512
450 435 20 512
214 214 6 513
214 214 7 513
214 214 13 513
214 214 14 513
214 214 20 513
489 489 2 513
489 488 3 513
489 501 5 513
489 501 6 513
489 490 14 513
489 490 16 513
253 253 3 514
253 253 7 514
253 253 10 514
253 253 14 514
253 253 17 514
511 501 4 514
511 501 5 514
511 511 7 514
511 511 11 514
511 511 14 514
511 511 15 514
511 511 18 514
489 488 1 515
489 501 3 515
489 501 4 515
489 490 12 515
489 490 14 515
488 501 2 516
488 501 3 516
488 490 11 516
488 490 13 516
253 253 4 517
253 253 7 517
253 253 11 517
253 253 14 517
253 253 18 517
450 450 3 517
450 450 4 517
450 450 5 517
450 450 6 517
450 450 7 517
450 450 8 517
450 449 9 517
450 450 11 517
450 450 13 517
450 450 14 517
450 435 15 517
450 451 16 517
450 450 19 517
450 450 20 517
501 501 1 518
501 511 3 518
501 511 7 518
501 490 9 518
501 511 10 518
501 490 11 518
501 511 11 518
501 511 14 518
501 509 17 518
501 511 17 518
501 511 18 518
501 489 20 518
214 214 1 519
214 214 7 519
214 214 8 519
214 214 14 519
214 214 15 519
501 511 2 519
501 511 6 519
501 490 8 519
501 511 9 519
501 490 10 519
501 511 10 519
501 511 13 519
501 509 16 519
501 511 16 519
501 511 17 519
501 489 19 519
501 490 20 519
501 511 20 519
214 214 6 520
214 214 7 520
214 214 13 520
214 214 14 520
214 214 20 520
450 450 1 520
450 450 2 520
450 450 3 520
450 450 4 520
450 450 5 520
450 449 6 520
450 450 8 520
450 450 10 520
450 450 11 520
450 435 12 520
450 451 13 520
450 450 16 520
450 450 17 520
450 450 20 520
253 253 3 521
253 253 7 521
253 253 10 521
253 253 14 521
253 253 17 521
253 253 20 521
450 450 1 521
450 450 2 521
450 450 3 521
450 450 4 521
450 449 5 521
450 450 7 521
450 450 9 521
450 450 10 521
450 435 11 521
450 451 12 521
450 450 15 521
450 450 16 521
450 450 19 521
450 450 20 521
511 511 4 521
511 511 7 521
511 511 8 521
511 511 11 521
511 509 14 521
511 511 14 521
511 511 15 521
511 511 18 521
450 450 1 522
450 450 2 522
450 450 3 522
450 449 4 522
450 450 6 522
450 450 8 522
450 450 9 522
450 435 10 522
450 451 11 522
450 450 14 522
450 450 15 522
450 450 18 522
450 450 19 522
450 450 1 523
450 450 2 523
450 449 3 523
450 450 5 523
450 450 7 523
450 450 8 523
450 435 9 523
450 451 10 523
450 450 13 523
450 450 14 523
450 450 17 523
450 450 18 523
450 450 20 523
253 253 4 524
253 253 7 524
253 253 11 524
253 253 14 524
253 253 17 524
450 450 1 524
450 449 2 524
450 450 4 524
450 450 6 524
450 450 7 524
450 435 8 524
450 451 9 524
450 450 12 524
450 450 13 524
450 450 16 524
450 450 17 524
450 450 19 524
450 450 20 524
450 449 1 525
450 450 3 525
450 450 5 525
450 450 6 525
450 435 7 525
450 451 8 525
450 450 11 525
450 450 12 525
450 450 15 525
450 450 16 525
450 450 18 525
450 450 19 525
450 450 20 525
511 511 3 525
511 511 4 525
511 511 7 525
511 509 10 525
511 511 10 525
511 511 11 525
511 511 14 525
214 214 1 526
214 214 7 526
214 214 8 526
214 214 14 526
449 450 2 526
449 450 4 526
449 450 5 526
449 435 6 526
449 451 7 526
449 450 10 526
449 450 11 526
449 450 14 526
449 450 15 526
449 450 17 526
449 450 18 526
449 450 19 526
449 450 20 526
36 37 5 527
36 36 7 527
36 37 12 527
214 214 6 527
214 214 7 527
214 214 13 527
214 214 20 527
490 490 2 527
490 509 8 527
490 489 11 527
490 490 12 527
253 253 3 528
253 253 7 528
253 253 10 528
253 253 13 528
450 450 2 528
450 450 3 528
450 435 4 528
450 451 5 528
450 450 8 528
450 450 9 528
450 450 12 528
450 450 13 528
450 450 15 528
450 450 16 528
450 450 17 528
450 450 18 528
450 450 19 528
511 511 1 528
511 511 4 528
511 509 7 528
511 511 7 528
511 511 8 528
511 511 11 528
490 509 6 529
490 489 9 529
490 490 10 529
490 490 19 529
511 511 3 529
511 509 6 529
511 511 6 529
511 511 7 529
511 511 10 529
450 450 1 530
450 435 2 530
450 451 3 530
450 450 6 530
450 450 7 530
450 450 10 530
450 450 11 530
450 450 13 530
450 450 14 530
450 450 15 530
450 450 16 530
450 450 17 530
450 450 19 530
450 450 20 530
253 253 4 531
253 253 7 531
253 253 10 531
450 435 1 531
450 451 2 531
450 450 5 531
450 450 6 531
450 450 9 531
450 450 10 531
450 450 12 531
450 450 13 531
450 450 14 531
450 450 15 531
450 450 16 531
450 450 18 531
450 450 19 531
450 451 20 531
37 36 2 532
37 37 7 532
170 170 7 532
435 451 1 532
435 450 4 532
435 450 5 532
435 450 8 532
435 450 9 532
435 450 11 532
435 450 12 532
435 450 13 532
435 450 14 532
435 450 15 532
435 450 17 532
435 450 18 532
435 451 19 532
435 450 20 532
511 509 3 532
511 511 3 532
511 511 4 532
511 511 7 532
214 214 1 533
214 214 7 533
214 214 14 533
451 450 3 533
451 450 4 533
451 450 7 533
451 450 8 533
451 450 10 533
451 450 11 533
451 450 12 533
451 450 13 533
451 450 14 533
451 450 16 533
451 450 17 533
451 451 18 533
451 450 19 533
451 450 20 533
36 37 5 534
214 214 6 534
214 214 13 534
332 333 8 534
253 253 3 535
253 253 6 535
509 511 1 535
509 489 3 535
509 490 4 535
509 511 4 535
509 490 13 535
511 511 1 535
511 511 4 535
450 450 1 536
450 450 4 536
450 450 5 536
450 450 7 536
450 450 8 536
450 450 9 536
450 450 10 536
450 450 11 536
450 450 13 536
450 450 14 536
450 451 15 536
450 450 16 536
450 450 17 536
450 450 18 536
450 450 19 536
511 511 3 536
450 450 3 537
450 450 4 537
450 450 6 537
450 450 7 537
450 450 8 537
450 450 9 537
450 450 10 537
450 450 12 537
450 450 13 537
450 451 14 537
450 450 15 537
450 450 16 537
450 450 17 537
450 450 18 537
253 253 3 538
489 490 1 538
489 490 10 538
490 490 9 539
96 96 7 540
96 97 9 540
96 96 13 540
214 214 7 540
450 450 1 540
450 450 3 540
450 450 4 540
450 450 5 540
450 450 6 540
450 450 7 540
450 450 9 540
450 450 10 540
450 451 11 540
450 450 12 540
450 450 13 540
450 450 14 540
450 450 15 540
450 450 2 541
450 450 3 541
450 450 4 541
450 450 5 541
450 450 6 541
450 450 8 541
450 450 9 541
450 451 10 541
450 450 11 541
450 450 12 541
450 450 13 541
450 450 14 541
450 450 1 543
450 450 2 543
450 450 3 543
450 450 4 543
450 450 6 543
450 450 7 543
450 451 8 543
450 450 9 543
450 450 10 543
450 450 11 543
450 450 12 543
450 450 1 544
450 450 2 544
450 450 3 544
450 450 5 544
450 450 6 544
450 451 7 544
450 450 8 544
450 450 9 544
450 450 10 544
450 450 11 544
450 450 1 545
450 450 2 545
450 450 4 545
450 450 5 545
450 451 6 545
450 450 7 545
450 450 8 545
450 450 9 545
450 450 10 545
450 450 1 546
450 450 3 546
450 450 4 546
450 451 5 546
450 450 6 546
450 450 7 546
450 450 8 546
450 450 9 546
96 97 2 547
96 96 6 547
450 450 2 547
450 450 3 547
450 451 4 547
450 450 5 547
450 450 6 547
450 450 7 547
450 450 8 547
97 96 4 549
450 450 1 549
450 451 2 549
450 450 3 549
450 450 4 549
450 450 5 549
450 450 6 549
450 451 1 550
450 450 2 550
450 450 3 550
450 450 4 550
450 450 5 550
451 450 1 551
451 450 2 551
451 450 3 551
451 450 4 551
450 450 1 552
450 450 2 552
450 450 3 552
450 450 1 553
450 450 2 553
450 450 1 554
