414 465 31 1
414 414 32 1
414 394 34 1
414 433 38 1
414 414 43 1
414 462 44 1
414 464 45 1
414 406 50 1
414 455 51 1
414 437 56 1
414 402 58 1
114 95 22 2
114 123 24 2
114 125 25 2
114 130 25 2
114 143 26 2
114 95 30 2
114 95 32 2
114 64 39 2
114 127 39 2
114 127 40 2
114 114 46 2
114 68 47 2
114 125 49 2
114 128 49 2
114 134 56 2
426 465 30 2
426 414 31 2
426 480 32 2
426 394 33 2
426 433 37 2
426 414 42 2
426 462 43 2
426 464 44 2
426 406 49 2
426 455 50 2
426 437 55 2
426 402 57 2
989 950 35 2
989 998 38 2
989 969 46 2
989 998 47 2
989 1023 48 2
989 950 54 2
248 253 23 3
248 255 23 3
248 300 24 3
248 197 44 3
248 297 55 3
255 253 23 3
255 255 23 3
255 300 24 3
255 197 44 3
255 297 55 3
988 950 34 3
988 998 37 3
988 969 45 3
988 998 46 3
988 1023 47 3
988 950 53 3
393 414 29 4
393 394 31 4
393 433 35 4
393 414 40 4
393 406 47 4
393 437 53 4
393 402 55 4
552 565 22 4
552 504 26 4
552 606 29 4
552 599 30 4
552 573 35 4
552 504 37 4
552 493 51 4
552 518 51 4
552 556 54 4
552 515 55 4
357 300 22 5
357 414 28 5
357 394 30 5
357 414 39 5
357 406 46 5
357 297 53 5
357 402 54 5
833 883 16 5
833 792 23 5
833 872 24 5
833 884 26 5
833 790 30 5
833 891 37 5
833 799 41 5
833 831 42 5
833 888 45 5
833 888 46 5
833 891 47 5
833 812 48 5
845 883 15 6
845 792 22 6
845 872 23 6
845 884 25 6
845 790 29 6
845 891 36 6
845 799 40 6
845 831 41 6
845 888 44 6
845 888 45 6
845 891 46 6
845 812 47 6
461 504 23 7
461 465 25 7
461 414 26 7
461 480 27 7
461 433 32 7
461 504 34 7
461 414 37 7
461 462 38 7
461 464 39 7
461 406 44 7
461 455 45 7
461 493 48 7
461 518 48 7
461 437 50 7
461 402 52 7
461 515 52 7
1019 998 33 7
1019 969 41 7
1019 998 42 7
1019 1023 43 7
1023 998 33 7
1023 969 41 7
1023 998 42 7
1023 1023 43 7
692 746 15 8
692 687 16 8
692 701 17 8
692 634 19 8
692 639 22 8
692 703 46 8
692 672 49 8
691 746 14 9
691 687 15 9
691 701 16 9
691 634 18 9
691 639 21 9
691 703 45 9
691 672 48 9
914 883 11 10
914 872 19 10
914 884 21 10
914 925 22 10
914 950 27 10
914 891 32 10
914 969 38 10
914 888 40 10
914 888 41 10
914 891 42 10
914 950 46 10
883 884 10 21
883 925 11 21
883 891 21 21
883 831 26 21
883 888 29 21
883 888 30 21
883 891 31 21
746 790 12 23
746 753 18 23
746 799 23 23
746 703 31 23
95 42 10 24
95 95 10 24
95 43 16 24
95 47 17 24
95 64 17 24
95 127 17 24
95 48 18 24
95 127 18 24
95 114 24 24
95 68 25 24
95 125 27 24
95 128 27 24
95 37 29 24
95 134 34 24
687 630 21 24
687 703 30 24
687 672 33 24
701 753 16 25
701 703 29 25
701 672 32 25
38 6 14 26
38 7 14 26
38 25 14 26
38 43 14 26
38 47 15 26
38 64 15 26
38 20 16 26
38 48 16 26
38 0 20 26
38 1 20 26
38 3 20 26
38 19 20 26
38 31 20 26
38 6 21 26
38 7 21 26
38 23 21 26
38 5 23 26
38 13 23 26
38 15 23 26
38 68 23 26
38 4 24 26
38 9 24 26
38 18 24 26
38 6 25 26
38 14 25 26
38 18 25 26
38 25 27 26
38 37 27 26
123 64 15 26
123 127 15 26
123 127 16 26
123 114 22 26
123 68 23 26
123 125 25 26
123 128 25 26
123 134 32 26
253 197 21 26
253 297 32 26
255 197 21 26
255 297 32 26
565 573 13 26
565 518 29 26
565 556 32 26
565 515 33 26
125 127 14 27
125 127 15 27
125 114 21 27
125 68 22 27
125 125 24 27
125 128 24 27
125 134 31 27
130 127 14 27
130 127 15 27
130 114 21 27
130 125 24 27
130 128 24 27
130 134 31 27
300 297 31 27
634 630 18 27
634 672 30 27
18 6 12 28
18 7 12 28
18 25 12 28
18 43 12 28
18 47 13 28
18 64 13 28
18 20 14 28
18 48 14 28
18 0 18 28
18 1 18 28
18 3 18 28
18 19 18 28
18 31 18 28
18 6 19 28
18 7 19 28
18 23 19 28
18 5 21 28
18 13 21 28
18 15 21 28
18 68 21 28
18 4 22 28
18 9 22 28
18 18 22 28
18 6 23 28
18 14 23 28
18 18 23 28
18 25 25 28
18 37 25 28
143 127 13 28
143 127 14 28
143 197 19 28
143 114 20 28
143 125 23 28
143 128 23 28
143 134 30 28
792 753 13 28
792 799 18 28
792 831 19 28
792 812 25 28
872 891 13 29
872 831 18 29
872 888 21 29
872 888 22 29
872 891 23 29
872 812 24 29
504 504 11 30
504 462 15 30
504 464 16 30
504 455 22 30
504 493 25 30
504 518 25 30
504 556 28 30
504 515 29 30
639 630 15 30
639 672 27 30
884 891 11 31
884 831 16 31
884 888 19 31
884 888 20 31
884 891 21 31
95 48 10 32
95 127 10 32
95 114 16 32
95 68 17 32
95 125 19 32
95 128 19 32
95 37 21 32
95 134 26 32
465 414 12 32
465 462 13 32
465 464 14 32
465 406 19 32
465 455 20 32
465 493 23 32
465 518 23 32
465 437 25 32
465 515 27 32
925 891 10 32
925 969 16 32
925 888 18 32
925 888 19 32
925 891 20 32
925 950 24 32
414 414 11 33
414 462 12 33
414 464 13 33
414 406 18 33
414 455 19 33
414 437 24 33
414 402 26 33
606 630 12 33
606 556 25 33
42 0 12 34
42 1 12 34
42 3 12 34
42 19 12 34
42 31 12 34
42 6 13 34
42 7 13 34
42 23 13 34
42 5 15 34
42 13 15 34
42 15 15 34
42 68 15 34
42 4 16 34
42 9 16 34
42 18 16 34
42 6 17 34
42 14 17 34
42 18 17 34
42 25 19 34
42 37 19 34
95 114 14 34
95 68 15 34
95 125 17 34
95 128 17 34
95 37 19 34
95 134 24 34
480 462 11 34
480 464 12 34
480 455 18 34
480 493 21 34
480 518 21 34
480 437 23 34
480 515 25 34
599 630 11 34
599 556 24 34
394 406 16 35
394 437 22 35
394 402 24 35
790 799 11 35
790 831 12 35
790 812 18 35
950 969 11 37
950 998 12 37
950 891 15 37
950 950 19 37
433 406 12 39
433 455 13 39
433 437 18 39
433 402 20 39
573 518 16 39
573 556 19 39
573 515 20 39
6 4 10 40
6 9 10 40
6 18 10 40
6 6 11 40
6 14 11 40
6 18 11 40
6 25 13 40
6 37 13 40
7 4 10 40
7 9 10 40
7 18 10 40
7 6 11 40
7 14 11 40
7 18 11 40
7 25 13 40
7 37 13 40
25 4 10 40
25 9 10 40
25 18 10 40
25 6 11 40
25 14 11 40
25 18 11 40
25 25 13 40
25 37 13 40
43 4 10 40
43 9 10 40
43 18 10 40
43 6 11 40
43 14 11 40
43 18 11 40
43 25 13 40
43 37 13 40
998 1023 10 40
998 950 16 40
47 6 10 41
47 14 10 41
47 18 10 41
47 25 12 41
47 37 12 41
64 6 10 41
64 14 10 41
64 18 10 41
64 25 12 41
64 37 12 41
127 125 10 41
127 128 10 41
127 134 17 41
504 455 11 41
504 493 14 41
504 518 14 41
504 556 17 41
504 515 18 41
753 812 12 41
753 703 13 41
20 25 11 42
20 37 11 42
48 25 11 42
48 37 11 42
127 134 16 42
891 891 10 42
891 950 14 42
414 437 13 44
414 402 15 44
462 493 10 45
462 518 10 45
462 437 12 45
462 402 14 45
462 515 14 45
630 672 12 45
464 437 11 46
464 515 13 46
114 134 10 48
