508 530 9 0
508 521 10 0
508 525 30 0
508 536 33 0
508 537 35 0
508 519 36 0
508 523 38 0
508 517 42 0
508 501 43 0
508 513 43 0
511 530 9 0
511 521 10 0
511 525 30 0
511 536 33 0
511 537 35 0
511 519 36 0
511 523 38 0
511 517 42 0
511 501 43 0
511 513 43 0
42 42 5 1
42 21 6 1
42 34 6 1
42 63 6 1
42 27 8 1
42 34 8 1
42 65 9 1
42 45 17 1
42 24 18 1
42 38 18 1
42 42 19 1
42 67 19 1
42 31 23 1
42 58 28 1
42 68 28 1
42 57 30 1
42 63 30 1
42 31 32 1
42 51 34 1
42 55 40 1
215 200 15 1
215 205 26 1
215 197 27 1
215 208 29 1
215 211 30 1
215 194 31 1
215 207 43 1
215 243 48 1
454 463 16 1
454 457 18 1
454 456 26 1
765 756 6 1
765 749 26 1
294 267 16 2
294 265 21 2
294 288 27 2
294 301 28 2
294 297 34 2
294 292 40 2
294 320 42 2
294 271 45 2
527 530 7 2
527 521 8 2
527 545 18 2
527 546 20 2
527 541 21 2
527 525 28 2
527 536 31 2
527 537 33 2
527 519 34 2
527 523 36 2
527 517 40 2
527 501 41 2
527 513 41 2
527 552 47 2
527 553 48 2
43 21 4 3
43 34 4 3
43 63 4 3
43 27 6 3
43 34 6 3
43 65 7 3
43 45 15 3
43 72 15 3
43 24 16 3
43 38 16 3
43 42 17 3
43 67 17 3
43 31 21 3
43 58 26 3
43 68 26 3
43 57 28 3
43 63 28 3
43 31 30 3
43 51 32 3
43 55 38 3
212 200 13 3
212 205 24 3
212 197 25 3
212 208 27 3
212 211 28 3
212 194 29 3
212 207 41 3
298 326 8 3
298 288 26 3
298 301 27 3
298 327 32 3
298 297 33 3
298 292 39 3
298 320 41 3
298 271 44 3
627 599 8 3
627 635 31 3
627 641 34 3
627 599 42 3
435 463 13 4
435 457 15 4
435 407 22 4
435 456 23 4
700 688 4 4
700 707 11 4
700 717 12 4
700 698 21 4
700 718 35 4
700 724 40 4
700 690 44 4
8 27 4 5
8 34 4 5
8 6 11 5
8 1 13 5
8 8 13 5
8 24 14 5
8 31 19 5
8 11 23 5
8 3 24 5
8 7 24 5
8 0 26 5
8 2 26 5
8 31 28 5
108 93 4 5
108 92 11 5
108 87 14 5
108 126 16 5
108 130 16 5
108 104 17 5
108 120 19 5
108 129 19 5
108 107 21 5
108 127 21 5
108 97 25 5
108 88 30 5
108 136 30 5
108 125 41 5
108 118 42 5
108 116 43 5
108 98 44 5
108 96 45 5
406 383 10 5
406 386 17 5
406 382 19 5
406 391 20 5
406 407 21 5
406 401 45 5
686 707 10 5
686 669 14 5
686 698 20 5
686 690 43 5
42 65 4 6
42 45 12 6
42 24 13 6
42 38 13 6
42 42 14 6
42 67 14 6
42 31 18 6
42 58 23 6
42 68 23 6
42 57 25 6
42 63 25 6
42 31 27 6
42 51 29 6
42 55 35 6
145 144 4 6
145 149 12 6
145 126 15 6
145 130 15 6
145 120 18 6
145 129 18 6
145 127 20 6
145 154 23 6
145 136 29 6
145 165 30 6
145 163 35 6
145 174 36 6
145 157 37 6
145 125 40 6
145 118 41 6
145 116 42 6
145 161 42 6
690 707 9 6
690 717 10 6
690 669 13 6
690 698 19 6
690 718 33 6
690 690 42 6
21 6 9 7
21 1 11 7
21 8 11 7
21 45 11 7
21 24 12 7
21 38 12 7
21 42 13 7
21 31 17 7
21 11 21 7
21 3 22 7
21 7 22 7
21 0 24 7
21 2 24 7
21 31 26 7
34 6 9 7
34 8 11 7
34 45 11 7
34 24 12 7
34 38 12 7
34 42 13 7
34 31 17 7
34 11 21 7
34 7 22 7
34 58 22 7
34 57 24 7
34 63 24 7
34 31 26 7
34 51 28 7
34 55 34 7
63 92 9 7
63 45 11 7
63 72 11 7
63 38 12 7
63 87 12 7
63 42 13 7
63 67 13 7
63 58 22 7
63 68 22 7
63 57 24 7
63 63 24 7
63 51 28 7
63 88 28 7
63 55 34 7
63 73 37 7
156 149 11 7
156 126 14 7
156 130 14 7
156 129 17 7
156 127 19 7
156 154 22 7
156 136 28 7
156 165 29 7
156 163 34 7
156 174 35 7
156 157 36 7
156 161 41 7
367 383 8 7
367 386 15 7
367 382 17 7
367 391 18 7
367 345 25 7
367 339 32 7
756 749 20 7
688 707 7 8
688 717 8 8
688 669 11 8
688 698 17 8
688 690 40 8
27 6 7 9
27 1 9 9
27 8 9 9
27 45 9 9
27 24 10 9
27 38 10 9
27 42 11 9
27 31 15 9
27 11 19 9
27 3 20 9
27 7 20 9
27 0 22 9
27 2 22 9
27 31 24 9
27 51 26 9
27 55 32 9
34 6 7 9
34 8 9 9
34 45 9 9
34 24 10 9
34 38 10 9
34 42 11 9
34 31 15 9
34 11 19 9
34 7 20 9
34 58 20 9
34 57 22 9
34 63 22 9
34 31 24 9
34 51 26 9
34 55 32 9
93 92 7 9
93 72 9 9
93 87 10 9
93 67 11 9
93 104 13 9
93 120 15 9
93 107 17 9
93 68 20 9
93 97 21 9
93 63 22 9
93 88 26 9
93 73 35 9
93 118 38 9
93 116 39 9
93 98 40 9
93 96 41 9
146 149 9 9
146 126 12 9
146 130 12 9
146 120 15 9
146 129 15 9
146 127 17 9
146 154 20 9
146 136 26 9
146 165 27 9
146 163 32 9
146 174 33 9
146 157 34 9
146 125 37 9
146 118 38 9
146 116 39 9
146 161 39 9
328 301 21 9
328 345 23 9
328 327 26 9
328 339 30 9
328 320 35 9
530 545 11 9
530 546 13 9
530 541 14 9
530 525 21 9
530 536 24 9
530 537 26 9
530 519 27 9
530 523 29 9
530 517 33 9
530 501 34 9
530 513 34 9
530 557 38 9
530 552 40 9
530 553 41 9
65 92 6 10
65 45 8 10
65 72 8 10
65 38 9 10
65 87 9 10
65 42 10 10
65 67 10 10
65 58 19 10
65 68 19 10
65 57 21 10
65 63 21 10
65 51 25 10
65 88 25 10
65 55 31 10
65 73 34 10
144 149 8 10
144 126 11 10
144 130 11 10
144 120 14 10
144 129 14 10
144 127 16 10
144 154 19 10
144 136 25 10
144 165 26 10
144 163 31 10
144 157 33 10
144 125 36 10
144 118 37 10
144 116 38 10
144 161 38 10
521 545 10 10
521 546 12 10
521 541 13 10
521 525 20 10
521 536 23 10
521 537 25 10
521 519 26 10
521 523 28 10
521 517 32 10
521 501 33 10
521 513 33 10
326 301 19 11
326 345 21 11
326 327 24 11
326 297 25 11
326 339 28 11
326 320 33 11
599 589 20 11
599 577 21 11
599 583 29 11
599 596 30 11
599 599 34 11
245 256 6 15
245 265 8 15
245 271 32 15
245 243 34 15
245 263 34 15
245 249 35 15
383 386 7 15
383 382 9 15
383 391 10 15
383 407 11 15
383 401 35 15
707 698 10 15
707 718 24 15
707 724 29 15
707 690 33 15
6 31 8 16
6 11 12 16
6 3 13 16
6 7 13 16
6 0 15 16
6 2 15 16
6 31 17 16
92 67 4 16
92 104 6 16
92 120 8 16
92 107 10 16
92 68 13 16
92 97 14 16
92 63 15 16
92 88 19 16
92 73 28 16
92 118 31 16
92 116 32 16
92 98 33 16
92 96 34 16
200 205 11 16
200 197 12 16
200 208 14 16
200 211 15 16
200 194 16 16
200 174 26 16
200 207 28 16
255 256 5 16
255 265 7 16
255 271 31 16
255 243 33 16
255 263 33 16
255 249 34 16
717 698 9 16
717 718 23 16
717 724 28 16
717 690 32 16
463 456 10 17
1 11 10 18
1 3 11 18
1 7 11 18
1 0 13 18
1 2 13 18
8 31 6 18
8 11 10 18
8 3 11 18
8 7 11 18
8 0 13 18
8 2 13 18
8 31 15 18
45 31 6 18
45 58 11 18
45 68 11 18
45 57 13 18
45 63 13 18
45 31 15 18
45 51 17 18
45 55 23 18
45 73 26 18
72 58 11 18
72 68 11 18
72 97 12 18
72 57 13 18
72 63 13 18
72 51 17 18
72 88 17 18
72 55 23 18
72 73 26 18
72 98 31 18
72 96 32 18
149 120 6 18
149 129 6 18
149 127 8 18
149 154 11 18
149 136 17 18
149 165 18 18
149 163 23 18
149 174 24 18
149 157 25 18
149 125 28 18
149 161 30 18
267 265 5 18
267 288 11 18
267 292 24 18
267 271 29 18
267 243 31 18
267 263 31 18
267 249 32 18
24 31 5 19
24 11 9 19
24 3 10 19
24 7 10 19
24 0 12 19
24 2 12 19
24 31 14 19
24 51 16 19
38 31 5 19
38 11 9 19
38 58 10 19
38 57 12 19
38 63 12 19
38 31 14 19
38 51 16 19
38 55 22 19
87 107 7 19
87 58 10 19
87 68 10 19
87 97 11 19
87 57 12 19
87 63 12 19
87 88 16 19
87 73 25 19
87 116 29 19
87 98 30 19
87 96 31 19
457 456 8 19
669 698 6 19
669 641 18 19
669 690 29 19
42 31 4 20
42 58 9 20
42 68 9 20
42 57 11 20
42 63 11 20
42 31 13 20
42 51 15 20
42 55 21 20
67 58 9 20
67 68 9 20
67 57 11 20
67 63 11 20
67 51 15 20
67 88 15 20
67 55 21 20
67 73 24 20
67 96 30 20
545 562 4 20
545 567 9 20
545 525 10 20
545 536 13 20
545 537 15 20
545 519 16 20
545 523 18 20
545 517 22 20
545 560 26 20
545 557 27 20
545 552 29 20
545 553 30 20
126 107 5 21
126 127 5 21
126 154 8 21
126 97 9 21
126 136 14 21
126 125 25 21
126 118 26 21
126 116 27 21
126 98 28 21
126 96 29 21
130 107 5 21
130 127 5 21
130 154 8 21
130 136 14 21
130 157 22 21
130 125 25 21
130 118 26 21
130 116 27 21
256 271 26 21
256 243 28 21
256 263 28 21
256 249 29 21
562 567 8 21
562 589 10 21
562 577 11 21
562 536 12 21
562 537 14 21
562 583 19 21
562 560 25 21
562 557 26 21
562 552 28 21
562 553 29 21
104 107 4 22
104 127 4 22
104 97 8 22
104 88 13 22
104 125 24 22
104 118 25 22
104 116 26 22
104 98 27 22
104 96 28 22
386 407 4 22
386 401 28 22
546 567 7 22
546 525 8 22
546 536 11 22
546 537 13 22
546 519 14 22
546 523 16 22
546 517 20 22
546 560 24 22
546 557 25 22
546 552 27 22
546 553 28 22
265 288 6 23
265 292 19 23
265 271 24 23
265 243 26 23
265 263 26 23
265 249 27 23
541 567 6 23
541 525 7 23
541 536 10 23
541 537 12 23
541 519 13 23
541 523 15 23
541 517 19 23
541 513 20 23
541 560 23 23
541 557 24 23
541 552 26 23
541 553 27 23
31 11 4 24
31 3 5 24
31 7 5 24
31 58 5 24
31 2 7 24
31 57 7 24
31 31 9 24
31 51 11 24
31 55 17 24
120 97 6 24
120 136 11 24
120 125 22 24
120 118 23 24
120 116 24 24
120 98 25 24
120 96 26 24
129 154 5 24
129 136 11 24
129 157 19 24
129 125 22 24
129 118 23 24
129 116 24 24
382 401 26 24
562 567 5 24
562 589 7 24
562 577 8 24
562 536 9 24
562 537 11 24
562 583 16 24
562 560 22 24
562 557 23 24
562 552 25 24
562 553 26 24
391 401 25 25
698 718 14 25
698 724 19 25
698 690 23 25
107 97 4 26
107 88 9 26
107 136 9 26
107 125 20 26
107 118 21 26
107 116 22 26
107 98 23 26
107 96 24 26
127 97 4 26
127 136 9 26
127 125 20 26
127 118 21 26
127 116 22 26
127 98 23 26
407 401 24 26
205 211 4 27
205 194 5 27
205 207 17 27
749 724 17 27
11 31 5 28
197 194 4 28
197 174 14 28
197 207 16 28
3 31 4 29
7 31 4 29
58 31 4 29
58 51 6 29
58 55 12 29
58 73 15 29
68 51 6 29
68 88 6 29
68 55 12 29
68 73 15 29
68 96 21 29
154 136 6 29
154 165 7 29
154 163 12 29
154 174 13 29
154 157 14 29
154 125 17 29
154 161 19 29
288 297 7 29
288 292 13 29
288 271 18 29
288 263 20 29
567 537 6 29
567 583 11 29
567 596 12 29
567 560 17 29
567 557 18 29
567 552 20 29
567 553 21 29
97 88 5 30
97 73 14 30
97 125 16 30
97 118 17 30
97 116 18 30
97 98 19 30
97 96 20 30
208 207 14 30
301 327 5 30
301 297 6 30
301 292 12 30
301 320 14 30
301 271 17 30
525 537 5 30
525 519 6 30
525 523 8 30
525 517 12 30
525 501 13 30
525 513 13 30
525 552 19 30
525 553 20 30
57 51 4 31
57 55 10 31
57 73 13 31
63 51 4 31
63 88 4 31
63 55 10 31
63 73 13 31
211 207 13 31
589 583 9 31
589 596 10 31
589 599 14 31
589 560 15 31
194 165 4 32
194 174 10 32
194 207 12 32
345 339 7 32
345 320 12 32
577 583 8 32
577 596 9 32
577 599 13 32
577 560 14 32
577 557 15 32
577 552 17 32
577 553 18 32
31 55 8 33
536 523 5 33
536 517 9 33
536 513 10 33
536 560 13 33
536 557 14 33
536 552 16 33
536 553 17 33
51 55 6 35
51 73 9 35
88 73 9 35
88 116 13 35
88 98 14 35
88 96 15 35
136 163 6 35
136 157 8 35
136 125 11 35
136 118 12 35
136 116 13 35
136 161 13 35
327 339 4 35
327 320 9 35
537 517 7 35
537 513 8 35
537 560 11 35
537 557 12 35
537 552 14 35
537 553 15 35
165 163 5 36
165 174 6 36
165 157 7 36
165 161 12 36
297 292 6 36
297 320 8 36
297 271 11 36
519 517 6 36
519 501 7 36
519 513 7 36
523 517 4 38
523 501 5 38
523 513 5 38
523 552 11 38
339 320 5 39
718 724 5 39
718 690 9 39
583 599 5 40
583 560 6 40
583 557 7 40
583 553 10 40
163 161 7 41
596 599 4 41
174 161 6 42
292 271 5 42
292 263 7 42
157 161 5 43
73 98 5 44
73 96 6 44
125 96 4 46
560 553 4 46
