344 341 16 0
344 328 21 0
344 327 31 0
344 361 33 0
344 364 36 0
344 370 37 0
344 360 48 0
344 350 49 0
344 332 56 0
344 346 58 0
511 511 11 0
511 504 12 0
511 497 17 0
511 498 45 0
511 511 50 0
252 243 10 1
252 246 11 1
252 257 13 1
252 240 18 1
252 264 23 1
252 263 24 1
252 259 25 1
252 239 30 1
252 272 37 1
252 252 38 1
252 256 38 1
252 254 40 1
252 261 40 1
252 272 41 1
252 231 46 1
252 255 46 1
322 310 10 1
322 341 15 1
322 311 17 1
322 299 19 1
322 328 20 1
322 307 26 1
322 327 30 1
322 301 43 1
322 350 48 1
322 298 50 1
322 332 55 1
322 346 57 1
143 155 12 2
143 137 18 2
143 119 20 2
143 127 20 2
143 164 22 2
143 139 24 2
143 136 25 2
143 153 27 2
143 169 32 2
143 171 34 2
143 136 42 2
143 138 46 2
143 140 48 2
143 129 49 2
143 164 51 2
143 154 54 2
143 128 56 2
143 122 59 2
143 133 59 2
400 407 13 2
400 421 20 2
400 370 35 2
400 395 48 2
400 384 50 2
400 426 52 2
400 425 53 2
400 427 57 2
152 155 11 3
152 137 17 3
152 127 19 3
152 164 21 3
152 139 23 3
152 136 24 3
152 153 26 3
152 169 31 3
152 171 33 3
152 175 35 3
152 175 39 3
152 136 41 3
152 138 45 3
152 140 47 3
152 129 48 3
152 164 50 3
152 154 53 3
152 128 55 3
152 122 58 3
152 133 58 3
328 341 13 3
328 311 15 3
328 299 17 3
328 328 18 3
328 307 24 3
328 327 28 3
328 301 41 3
328 350 46 3
328 298 48 3
328 332 53 3
328 346 55 3
328 343 58 3
48 18 10 4
48 25 11 4
48 61 11 4
48 68 11 4
48 25 12 4
48 43 12 4
48 45 13 4
48 25 18 4
48 31 18 4
48 65 20 4
48 72 21 4
48 44 22 4
48 64 24 4
48 45 25 4
48 38 26 4
48 59 27 4
48 22 28 4
48 45 29 4
48 68 31 4
48 71 32 4
48 32 35 4
48 77 38 4
48 40 42 4
48 27 43 4
48 45 43 4
48 62 44 4
48 64 44 4
48 38 45 4
48 57 46 4
48 21 48 4
48 64 49 4
48 22 51 4
48 30 52 4
48 58 52 4
48 63 52 4
202 217 14 4
202 184 29 4
202 175 34 4
202 175 38 4
202 191 42 4
202 231 43 4
202 203 45 4
302 311 14 4
302 299 16 4
302 328 17 4
302 286 19 4
302 307 23 4
302 327 27 4
302 272 34 4
302 272 38 4
302 301 40 4
302 298 47 4
511 497 13 4
511 498 41 4
511 511 46 4
511 499 56 4
29 25 10 5
29 25 11 5
29 43 11 5
29 45 12 5
29 0 14 5
29 5 14 5
29 8 14 5
29 4 16 5
29 25 17 5
29 31 17 5
29 17 21 5
29 44 21 5
29 4 22 5
29 9 22 5
29 5 24 5
29 7 24 5
29 45 24 5
29 38 25 5
29 15 26 5
29 22 27 5
29 45 28 5
29 32 34 5
29 5 37 5
29 9 37 5
29 4 38 5
29 4 39 5
29 6 40 5
29 8 40 5
29 1 41 5
29 3 41 5
29 40 41 5
29 27 42 5
29 45 42 5
29 4 44 5
29 38 44 5
29 57 45 5
29 21 47 5
29 22 50 5
29 30 51 5
29 58 51 5
33 25 10 5
33 61 10 5
33 25 11 5
33 43 11 5
33 45 12 5
33 5 14 5
33 8 14 5
33 4 16 5
33 25 17 5
33 31 17 5
33 17 21 5
33 44 21 5
33 4 22 5
33 9 22 5
33 5 24 5
33 7 24 5
33 45 24 5
33 38 25 5
33 15 26 5
33 59 26 5
33 22 27 5
33 45 28 5
33 32 34 5
33 5 37 5
33 9 37 5
33 4 38 5
33 4 39 5
33 6 40 5
33 8 40 5
33 3 41 5
33 40 41 5
33 27 42 5
33 45 42 5
33 62 43 5
33 4 44 5
33 38 44 5
33 57 45 5
33 21 47 5
33 22 50 5
33 30 51 5
33 58 51 5
198 217 13 5
198 184 28 5
198 169 29 5
198 171 31 5
198 175 33 5
198 175 37 5
198 191 41 5
198 203 44 5
417 407 10 5
417 421 17 5
417 395 45 5
417 426 49 5
417 425 50 5
417 427 54 5
417 405 58 5
417 393 59 5
17 25 10 6
17 43 10 6
17 45 11 6
17 0 13 6
17 5 13 6
17 8 13 6
17 4 15 6
17 25 16 6
17 31 16 6
17 17 20 6
17 44 20 6
17 4 21 6
17 9 21 6
17 5 23 6
17 7 23 6
17 45 23 6
17 38 24 6
17 15 25 6
17 22 26 6
17 45 27 6
17 32 33 6
17 5 36 6
17 9 36 6
17 4 37 6
17 4 38 6
17 6 39 6
17 8 39 6
17 1 40 6
17 3 40 6
17 40 40 6
17 27 41 6
17 45 41 6
17 4 43 6
17 38 43 6
17 21 46 6
17 22 49 6
17 30 50 6
96 104 10 6
96 105 14 6
96 119 16 6
96 72 19 6
96 81 20 6
96 100 23 6
96 99 25 6
96 81 28 6
96 68 29 6
96 71 30 6
96 85 33 6
96 85 35 6
96 77 36 6
96 107 41 6
96 106 49 6
96 108 52 6
96 122 55 6
331 341 10 6
331 311 12 6
331 328 15 6
331 307 21 6
331 327 25 6
331 301 38 6
331 360 42 6
331 350 43 6
331 332 50 6
331 346 52 6
331 343 55 6
285 311 11 7
285 299 13 7
285 286 16 7
285 264 17 7
285 263 18 7
285 259 19 7
285 307 20 7
285 272 31 7
285 256 32 7
285 261 34 7
285 272 35 7
285 301 37 7
285 255 40 7
285 298 44 7
73 65 16 8
73 72 17 8
73 44 18 8
73 81 18 8
73 64 20 8
73 45 21 8
73 100 21 8
73 59 23 8
73 99 23 8
73 45 25 8
73 81 26 8
73 68 27 8
73 71 28 8
73 85 31 8
73 85 33 8
73 77 34 8
73 45 39 8
73 62 40 8
73 64 40 8
73 57 42 8
73 64 45 8
73 58 48 8
73 63 48 8
210 217 10 8
210 239 23 8
210 184 25 8
210 191 38 8
210 231 39 8
210 203 41 8
210 239 54 8
210 194 59 8
269 240 11 8
269 286 15 8
269 264 16 8
269 263 17 8
269 259 18 8
269 239 23 8
269 272 30 8
269 252 31 8
269 256 31 8
269 254 33 8
269 261 33 8
269 272 34 8
269 255 39 8
269 298 43 8
269 239 54 8
260 240 10 9
260 286 14 9
260 264 15 9
260 263 16 9
260 259 17 9
260 239 22 9
260 272 29 9
260 252 30 9
260 256 30 9
260 254 32 9
260 261 32 9
260 272 33 9
260 231 38 9
260 255 38 9
260 239 53 9
6 4 11 10
6 25 12 10
6 31 12 10
6 17 16 10
6 4 17 10
6 9 17 10
6 5 19 10
6 7 19 10
6 15 21 10
6 22 22 10
6 32 29 10
6 5 32 10
6 9 32 10
6 4 33 10
6 4 34 10
6 6 35 10
6 8 35 10
6 1 36 10
6 3 36 10
6 27 37 10
6 4 39 10
6 21 42 10
6 22 45 10
6 30 46 10
6 32 56 10
6 32 59 10
7 4 11 10
7 25 12 10
7 31 12 10
7 17 16 10
7 4 17 10
7 9 17 10
7 5 19 10
7 7 19 10
7 15 21 10
7 22 22 10
7 32 29 10
7 5 32 10
7 9 32 10
7 4 33 10
7 4 34 10
7 6 35 10
7 8 35 10
7 1 36 10
7 3 36 10
7 27 37 10
7 4 39 10
7 21 42 10
7 22 45 10
7 30 46 10
7 32 56 10
7 32 59 10
45 25 12 10
45 31 12 10
45 65 14 10
45 72 15 10
45 17 16 10
45 44 16 10
45 64 18 10
45 45 19 10
45 38 20 10
45 15 21 10
45 59 21 10
45 22 22 10
45 45 23 10
45 68 25 10
45 71 26 10
45 32 29 10
45 40 36 10
45 27 37 10
45 45 37 10
45 62 38 10
45 64 38 10
45 38 39 10
45 57 40 10
45 21 42 10
45 64 43 10
45 22 45 10
45 30 46 10
45 58 46 10
45 63 46 10
45 32 56 10
45 32 59 10
202 184 23 10
202 175 28 10
202 175 32 10
202 191 36 10
202 231 37 10
202 203 39 10
202 194 57 10
302 299 10 10
302 328 11 10
302 286 13 10
302 307 17 10
302 327 21 10
302 272 28 10
302 272 32 10
302 301 34 10
302 298 41 10
104 119 11 11
104 127 11 11
104 81 15 11
104 100 18 11
104 99 20 11
104 81 23 11
104 85 28 11
104 85 30 11
104 77 31 11
104 107 36 11
104 129 40 11
104 106 44 11
104 108 47 11
104 128 47 11
104 122 50 11
104 133 50 11
104 112 55 11
104 116 56 11
104 104 58 11
243 264 13 11
243 263 14 11
243 259 15 11
243 239 20 11
243 272 27 11
243 252 28 11
243 256 28 11
243 254 30 11
243 261 30 11
243 272 31 11
243 231 36 11
243 255 36 11
243 239 51 11
310 328 10 11
310 286 12 11
310 307 16 11
310 327 20 11
310 301 33 11
310 298 40 11
310 332 45 11
310 334 58 11
511 498 34 11
511 511 39 11
511 499 49 11
511 508 57 11
511 483 59 11
5 25 10 12
5 31 10 12
5 17 14 12
5 4 15 12
5 9 15 12
5 5 17 12
5 7 17 12
5 15 19 12
5 22 20 12
5 32 27 12
5 5 30 12
5 9 30 12
5 4 31 12
5 4 32 12
5 6 33 12
5 8 33 12
5 1 34 12
5 3 34 12
5 27 35 12
5 4 37 12
5 21 40 12
5 22 43 12
5 30 44 12
5 32 54 12
5 32 57 12
7 25 10 12
7 31 10 12
7 17 14 12
7 4 15 12
7 9 15 12
7 5 17 12
7 7 17 12
7 15 19 12
7 22 20 12
7 32 27 12
7 5 30 12
7 9 30 12
7 4 31 12
7 4 32 12
7 6 33 12
7 8 33 12
7 1 34 12
7 3 34 12
7 27 35 12
7 4 37 12
7 21 40 12
7 22 43 12
7 30 44 12
7 32 54 12
7 32 57 12
16 25 10 12
16 31 10 12
16 17 14 12
16 44 14 12
16 4 15 12
16 9 15 12
16 5 17 12
16 7 17 12
16 45 17 12
16 38 18 12
16 15 19 12
16 22 20 12
16 45 21 12
16 32 27 12
16 5 30 12
16 9 30 12
16 4 31 12
16 4 32 12
16 6 33 12
16 8 33 12
16 1 34 12
16 3 34 12
16 40 34 12
16 27 35 12
16 45 35 12
16 4 37 12
16 38 37 12
16 21 40 12
16 22 43 12
16 30 44 12
16 32 54 12
16 32 57 12
41 25 10 12
41 31 10 12
41 65 12 12
41 17 14 12
41 44 14 12
41 64 16 12
41 45 17 12
41 38 18 12
41 15 19 12
41 59 19 12
41 22 20 12
41 45 21 12
41 68 23 12
41 32 27 12
41 40 34 12
41 27 35 12
41 45 35 12
41 62 36 12
41 64 36 12
41 38 37 12
41 57 38 12
41 21 40 12
41 64 41 12
41 22 43 12
41 30 44 12
41 58 44 12
41 63 44 12
41 32 54 12
41 32 57 12
41 49 58 12
68 65 12 12
68 72 13 12
68 44 14 12
68 81 14 12
68 64 16 12
68 45 17 12
68 38 18 12
68 59 19 12
68 45 21 12
68 81 22 12
68 68 23 12
68 71 24 12
68 85 27 12
68 85 29 12
68 77 30 12
68 40 34 12
68 45 35 12
68 62 36 12
68 64 36 12
68 38 37 12
68 57 38 12
68 64 41 12
68 58 44 12
68 63 44 12
68 49 58 12
246 264 12 12
246 263 13 12
246 259 14 12
246 239 19 12
246 272 26 12
246 252 27 12
246 256 27 12
246 254 29 12
246 261 29 12
246 272 30 12
246 231 35 12
246 255 35 12
246 239 50 12
504 498 33 12
504 511 38 12
504 499 48 12
504 478 50 12
504 508 56 12
504 483 58 12
45 65 11 13
45 72 12 13
45 17 13 13
45 44 13 13
45 64 15 13
45 45 16 13
45 38 17 13
45 15 18 13
45 59 18 13
45 22 19 13
45 45 20 13
45 68 22 13
45 71 23 13
45 32 26 13
45 40 33 13
45 27 34 13
45 45 34 13
45 62 35 13
45 64 35 13
45 38 36 13
45 57 37 13
45 21 39 13
45 64 40 13
45 22 42 13
45 30 43 13
45 58 43 13
45 63 43 13
45 32 53 13
45 32 56 13
45 49 57 13
8 17 12 14
8 4 13 14
8 9 13 14
8 5 15 14
8 7 15 14
8 15 17 14
8 22 18 14
8 32 25 14
8 5 28 14
8 9 28 14
8 4 29 14
8 4 30 14
8 6 31 14
8 8 31 14
8 1 32 14
8 3 32 14
8 27 33 14
8 4 35 14
8 21 38 14
8 22 41 14
8 30 42 14
8 32 52 14
8 32 55 14
18 17 12 14
18 44 12 14
18 4 13 14
18 9 13 14
18 5 15 14
18 7 15 14
18 45 15 14
18 38 16 14
18 15 17 14
18 22 18 14
18 45 19 14
18 32 25 14
18 5 28 14
18 9 28 14
18 4 29 14
18 4 30 14
18 6 31 14
18 8 31 14
18 1 32 14
18 3 32 14
18 40 32 14
18 27 33 14
18 45 33 14
18 4 35 14
18 38 35 14
18 21 38 14
18 22 41 14
18 30 42 14
18 32 52 14
18 32 55 14
98 72 11 14
98 81 12 14
98 100 15 14
98 99 17 14
98 81 20 14
98 68 21 14
98 71 22 14
98 85 25 14
98 85 27 14
98 77 28 14
98 107 33 14
98 106 41 14
98 108 44 14
98 122 47 14
98 112 52 14
98 116 53 14
98 104 55 14
155 164 10 14
155 139 12 14
155 136 13 14
155 153 15 14
155 184 19 14
155 169 20 14
155 171 22 14
155 175 24 14
155 175 28 14
155 136 30 14
155 138 34 14
155 140 36 14
155 129 37 14
155 164 39 14
155 154 42 14
155 128 44 14
155 133 47 14
155 136 55 14
155 139 56 14
257 264 10 14
257 263 11 14
257 259 12 14
257 239 17 14
257 272 24 14
257 252 25 14
257 256 25 14
257 254 27 14
257 261 27 14
257 272 28 14
257 231 33 14
257 255 33 14
257 239 48 14
25 17 11 15
25 44 11 15
25 4 12 15
25 9 12 15
25 5 14 15
25 7 14 15
25 45 14 15
25 38 15 15
25 15 16 15
25 22 17 15
25 45 18 15
25 32 24 15
25 5 27 15
25 9 27 15
25 4 28 15
25 4 29 15
25 6 30 15
25 8 30 15
25 1 31 15
25 3 31 15
25 40 31 15
25 27 32 15
25 45 32 15
25 4 34 15
25 38 34 15
25 21 37 15
25 22 40 15
25 30 41 15
25 32 51 15
25 32 54 15
25 49 55 15
61 72 10 15
61 44 11 15
61 81 11 15
61 64 13 15
61 45 14 15
61 38 15 15
61 59 16 15
61 45 18 15
61 81 19 15
61 68 20 15
61 71 21 15
61 32 24 15
61 85 24 15
61 85 26 15
61 77 27 15
61 40 31 15
61 45 32 15
61 62 33 15
61 64 33 15
61 38 34 15
61 57 35 15
61 64 38 15
61 58 41 15
61 63 41 15
61 32 51 15
61 32 54 15
61 49 55 15
61 83 59 15
68 72 10 15
68 44 11 15
68 81 11 15
68 64 13 15
68 45 14 15
68 38 15 15
68 59 16 15
68 45 18 15
68 81 19 15
68 68 20 15
68 71 21 15
68 85 24 15
68 85 26 15
68 77 27 15
68 40 31 15
68 45 32 15
68 62 33 15
68 64 33 15
68 38 34 15
68 57 35 15
68 64 38 15
68 58 41 15
68 63 41 15
68 49 55 15
68 83 59 15
407 395 35 15
407 384 37 15
407 426 39 15
407 425 40 15
407 427 44 15
407 405 48 15
407 393 49 15
407 387 50 15
407 415 51 15
407 417 52 15
407 386 57 15
407 390 58 15
25 17 10 16
25 44 10 16
25 4 11 16
25 9 11 16
25 5 13 16
25 7 13 16
25 45 13 16
25 38 14 16
25 15 15 16
25 22 16 16
25 45 17 16
25 32 23 16
25 5 26 16
25 9 26 16
25 4 27 16
25 4 28 16
25 6 29 16
25 8 29 16
25 1 30 16
25 3 30 16
25 40 30 16
25 27 31 16
25 45 31 16
25 4 33 16
25 38 33 16
25 21 36 16
25 22 39 16
25 30 40 16
25 32 50 16
25 32 53 16
25 49 54 16
43 17 10 16
43 44 10 16
43 64 12 16
43 45 13 16
43 38 14 16
43 15 15 16
43 59 15 16
43 22 16 16
43 45 17 16
43 68 19 16
43 71 20 16
43 32 23 16
43 40 30 16
43 27 31 16
43 45 31 16
43 62 32 16
43 64 32 16
43 38 33 16
43 57 34 16
43 21 36 16
43 64 37 16
43 22 39 16
43 30 40 16
43 58 40 16
43 63 40 16
43 32 50 16
43 32 53 16
43 49 54 16
104 81 10 16
104 100 13 16
104 99 15 16
104 81 18 16
104 85 23 16
104 85 25 16
104 77 26 16
104 107 31 16
104 129 35 16
104 106 39 16
104 108 42 16
104 128 42 16
104 122 45 16
104 133 45 16
104 112 50 16
104 116 51 16
104 104 53 16
104 83 58 16
104 79 59 16
341 327 15 16
341 361 17 16
341 364 20 16
341 370 21 16
341 360 32 16
341 350 33 16
341 332 40 16
341 346 42 16
341 343 45 16
341 334 53 16
341 358 55 16
45 64 11 17
45 45 12 17
45 38 13 17
45 15 14 17
45 59 14 17
45 22 15 17
45 45 16 17
45 68 18 17
45 71 19 17
45 32 22 17
45 40 29 17
45 27 30 17
45 45 30 17
45 62 31 17
45 64 31 17
45 38 32 17
45 57 33 17
45 21 35 17
45 64 36 17
45 22 38 17
45 30 39 17
45 58 39 17
45 63 39 17
45 32 49 17
45 32 52 17
45 49 53 17
497 498 28 17
497 511 33 17
497 499 43 17
497 478 45 17
497 508 51 17
497 483 53 17
217 239 13 18
217 191 28 18
217 231 29 18
217 203 31 18
217 239 44 18
217 194 49 18
217 212 53 18
311 327 13 18
311 301 26 18
311 298 33 18
311 332 38 18
311 334 51 18
0 5 10 19
0 7 10 19
0 15 12 19
0 22 13 19
0 5 23 19
0 9 23 19
0 4 24 19
0 4 25 19
0 6 26 19
0 8 26 19
0 1 27 19
0 3 27 19
0 27 28 19
0 4 30 19
0 21 33 19
0 22 36 19
0 21 58 19
5 5 10 19
5 7 10 19
5 15 12 19
5 22 13 19
5 32 20 19
5 5 23 19
5 9 23 19
5 4 24 19
5 4 25 19
5 6 26 19
5 8 26 19
5 1 27 19
5 3 27 19
5 27 28 19
5 4 30 19
5 21 33 19
5 22 36 19
5 30 37 19
5 32 47 19
5 32 50 19
5 21 58 19
8 5 10 19
8 7 10 19
8 15 12 19
8 22 13 19
8 32 20 19
8 5 23 19
8 9 23 19
8 4 24 19
8 4 25 19
8 6 26 19
8 8 26 19
8 1 27 19
8 3 27 19
8 27 28 19
8 4 30 19
8 21 33 19
8 22 36 19
8 30 37 19
8 32 47 19
8 32 50 19
8 21 58 19
240 239 12 19
240 252 20 19
240 256 20 19
240 254 22 19
240 261 22 19
240 231 28 19
240 255 28 19
240 239 43 19
240 212 52 19
105 99 11 20
105 81 14 20
105 85 19 20
105 85 21 20
105 77 22 20
105 107 27 20
105 129 31 20
105 106 35 20
105 108 38 20
105 128 38 20
105 122 41 20
105 133 41 20
105 112 46 20
105 116 47 20
105 104 49 20
105 83 54 20
105 79 55 20
137 136 24 20
137 107 27 20
137 138 28 20
137 140 30 20
137 129 31 20
137 164 33 20
137 154 36 20
137 108 38 20
137 128 38 20
137 122 41 20
137 133 41 20
137 112 46 20
137 116 47 20
137 136 49 20
137 139 50 20
137 165 59 20
299 327 11 20
299 272 18 20
299 272 22 20
299 301 24 20
299 298 31 20
4 15 10 21
4 22 11 21
4 32 18 21
4 5 21 21
4 9 21 21
4 4 22 21
4 4 23 21
4 6 24 21
4 8 24 21
4 1 25 21
4 3 25 21
4 27 26 21
4 4 28 21
4 21 31 21
4 22 34 21
4 30 35 21
4 32 45 21
4 32 48 21
4 21 56 21
328 327 10 21
328 301 23 21
328 350 28 21
328 298 30 21
328 332 35 21
328 346 37 21
328 343 40 21
328 334 48 21
25 22 10 22
25 45 11 22
25 32 17 22
25 5 20 22
25 9 20 22
25 4 21 22
25 4 22 22
25 6 23 22
25 8 23 22
25 1 24 22
25 3 24 22
25 40 24 22
25 27 25 22
25 45 25 22
25 4 27 22
25 38 27 22
25 21 30 22
25 22 33 22
25 30 34 22
25 32 44 22
25 32 47 22
25 49 48 22
25 21 55 22
31 22 10 22
31 45 11 22
31 32 17 22
31 5 20 22
31 9 20 22
31 4 21 22
31 4 22 22
31 6 23 22
31 8 23 22
31 1 24 22
31 3 24 22
31 40 24 22
31 27 25 22
31 45 25 22
31 4 27 22
31 38 27 22
31 57 28 22
31 21 30 22
31 22 33 22
31 30 34 22
31 58 34 22
31 32 44 22
31 32 47 22
31 49 48 22
31 21 55 22
119 136 22 22
119 107 25 22
119 138 26 22
119 140 28 22
119 129 29 22
119 106 33 22
119 108 36 22
119 128 36 22
119 122 39 22
119 133 39 22
119 112 44 22
119 116 45 22
119 104 47 22
119 136 47 22
119 139 48 22
127 136 22 22
127 107 25 22
127 138 26 22
127 140 28 22
127 129 29 22
127 106 33 22
127 154 34 22
127 108 36 22
127 128 36 22
127 122 39 22
127 133 39 22
127 112 44 22
127 116 45 22
127 104 47 22
127 136 47 22
127 139 48 22
421 449 21 22
421 449 24 22
421 395 28 22
421 426 32 22
421 425 33 22
421 427 37 22
421 405 41 22
421 393 42 22
421 415 44 22
421 417 45 22
286 272 15 23
286 256 16 23
286 261 18 23
286 272 19 23
286 301 21 23
286 298 28 23
286 267 56 23
65 81 10 24
65 68 11 24
65 71 12 24
65 85 15 24
65 85 17 24
65 77 18 24
65 40 22 24
65 45 23 24
65 62 24 24
65 64 24 24
65 38 25 24
65 57 26 24
65 64 29 24
65 58 32 24
65 63 32 24
65 49 46 24
65 83 50 24
65 79 51 24
65 68 53 24
65 69 54 24
65 67 55 24
65 66 56 24
164 169 10 24
164 171 12 24
164 175 14 24
164 175 18 24
164 136 20 24
164 191 22 24
164 138 24 24
164 140 26 24
164 164 29 24
164 154 32 24
164 136 45 24
164 139 46 24
164 177 51 24
164 169 53 24
164 171 54 24
164 165 55 24
164 162 56 24
264 272 14 24
264 252 15 24
264 256 15 24
264 254 17 24
264 261 17 24
264 272 18 24
264 255 23 24
264 239 38 24
264 267 55 24
72 68 10 25
72 71 11 25
72 85 14 25
72 85 16 25
72 77 17 25
72 45 22 25
72 62 23 25
72 64 23 25
72 57 25 25
72 64 28 25
72 58 31 25
72 63 31 25
72 49 45 25
72 83 49 25
72 79 50 25
72 68 52 25
72 69 53 25
72 67 54 25
72 66 55 25
263 272 13 25
263 252 14 25
263 256 14 25
263 254 16 25
263 261 16 25
263 272 17 25
263 255 22 25
263 239 37 25
263 267 54 25
17 32 13 26
17 5 16 26
17 9 16 26
17 4 17 26
17 4 18 26
17 6 19 26
17 8 19 26
17 1 20 26
17 3 20 26
17 40 20 26
17 27 21 26
17 45 21 26
17 4 23 26
17 38 23 26
17 21 26 26
17 22 29 26
17 30 30 26
17 32 40 26
17 32 43 26
17 21 51 26
44 71 10 26
44 32 13 26
44 40 20 26
44 27 21 26
44 45 21 26
44 62 22 26
44 64 22 26
44 38 23 26
44 57 24 26
44 21 26 26
44 64 27 26
44 22 29 26
44 30 30 26
44 58 30 26
44 63 30 26
44 32 40 26
44 32 43 26
44 49 44 26
44 21 51 26
44 68 51 26
44 69 52 26
44 67 53 26
44 66 54 26
81 71 10 26
81 85 13 26
81 85 15 26
81 77 16 26
81 107 21 26
81 62 22 26
81 64 22 26
81 57 24 26
81 64 27 26
81 106 29 26
81 58 30 26
81 63 30 26
81 108 32 26
81 104 43 26
81 83 48 26
81 79 49 26
81 68 51 26
81 69 52 26
81 67 53 26
81 66 54 26
139 136 18 26
139 138 22 26
139 140 24 26
139 129 25 26
139 164 27 26
139 154 30 26
139 128 32 26
139 122 35 26
139 133 35 26
139 112 40 26
139 116 41 26
139 136 43 26
139 139 44 26
139 165 53 26
139 162 54 26
259 272 12 26
259 252 13 26
259 256 13 26
259 254 15 26
259 261 15 26
259 272 16 26
259 231 21 26
259 255 21 26
259 239 36 26
259 267 53 26
4 32 12 27
4 5 15 27
4 9 15 27
4 4 16 27
4 4 17 27
4 6 18 27
4 8 18 27
4 1 19 27
4 3 19 27
4 27 20 27
4 4 22 27
4 21 25 27
4 22 28 27
4 30 29 27
4 32 39 27
4 32 42 27
4 21 50 27
9 32 12 27
9 5 15 27
9 9 15 27
9 4 16 27
9 4 17 27
9 6 18 27
9 8 18 27
9 1 19 27
9 3 19 27
9 27 20 27
9 4 22 27
9 38 22 27
9 21 25 27
9 22 28 27
9 30 29 27
9 32 39 27
9 32 42 27
9 21 50 27
136 136 17 27
136 107 20 27
136 138 21 27
136 140 23 27
136 129 24 27
136 164 26 27
136 106 28 27
136 154 29 27
136 108 31 27
136 128 31 27
136 122 34 27
136 133 34 27
136 112 39 27
136 116 40 27
136 136 42 27
136 139 43 27
136 165 52 27
136 162 53 27
307 301 17 27
307 298 24 27
307 332 29 27
307 334 42 27
64 85 11 28
64 85 13 28
64 77 14 28
64 40 18 28
64 45 19 28
64 62 20 28
64 64 20 28
64 38 21 28
64 57 22 28
64 64 25 28
64 58 28 28
64 63 28 28
64 49 42 28
64 83 46 28
64 79 47 28
64 68 49 28
64 69 50 28
64 67 51 28
64 66 52 28
5 32 10 29
5 5 13 29
5 9 13 29
5 4 14 29
5 4 15 29
5 6 16 29
5 8 16 29
5 1 17 29
5 3 17 29
5 27 18 29
5 4 20 29
5 21 23 29
5 22 26 29
5 30 27 29
5 32 37 29
5 32 40 29
5 21 48 29
7 32 10 29
7 5 13 29
7 9 13 29
7 4 14 29
7 4 15 29
7 6 16 29
7 8 16 29
7 1 17 29
7 3 17 29
7 27 18 29
7 4 20 29
7 21 23 29
7 22 26 29
7 30 27 29
7 32 37 29
7 32 40 29
7 21 48 29
45 32 10 29
45 40 17 29
45 27 18 29
45 45 18 29
45 62 19 29
45 64 19 29
45 38 20 29
45 57 21 29
45 21 23 29
45 64 24 29
45 22 26 29
45 30 27 29
45 58 27 29
45 63 27 29
45 32 37 29
45 32 40 29
45 49 41 29
45 21 48 29
45 68 48 29
45 69 49 29
45 67 50 29
45 66 51 29
100 85 10 29
100 85 12 29
100 77 13 29
100 107 18 29
100 129 22 29
100 106 26 29
100 108 29 29
100 128 29 29
100 122 32 29
100 112 37 29
100 116 38 29
100 104 40 29
100 83 45 29
100 79 46 29
153 175 13 29
153 136 15 29
153 138 19 29
153 140 21 29
153 129 22 29
153 164 24 29
153 154 27 29
153 128 29 29
153 133 32 29
153 136 40 29
153 139 41 29
153 177 46 29
153 169 48 29
153 171 49 29
153 165 50 29
153 162 51 29
38 9 12 30
38 8 15 30
38 40 16 30
38 27 17 30
38 45 17 30
38 62 18 30
38 64 18 30
38 38 19 30
38 57 20 30
38 21 22 30
38 64 23 30
38 22 25 30
38 30 26 30
38 58 26 30
38 63 26 30
38 32 36 30
38 32 39 30
38 49 40 30
38 21 47 30
38 67 49 30
38 66 50 30
15 5 11 31
15 9 11 31
15 4 12 31
15 4 13 31
15 6 14 31
15 8 14 31
15 1 15 31
15 3 15 31
15 40 15 31
15 27 16 31
15 4 18 31
15 38 18 31
15 21 21 31
15 22 24 31
15 30 25 31
15 32 35 31
15 32 38 31
15 21 46 31
59 85 10 31
59 77 11 31
59 40 15 31
59 45 16 31
59 62 17 31
59 64 17 31
59 38 18 31
59 57 19 31
59 64 22 31
59 30 25 31
59 58 25 31
59 63 25 31
59 32 35 31
59 32 38 31
59 49 39 31
59 83 43 31
59 79 44 31
59 68 46 31
59 69 47 31
59 67 48 31
59 66 49 31
99 85 10 31
99 77 11 31
99 107 16 31
99 106 24 31
99 108 27 31
99 128 27 31
99 122 30 31
99 112 35 31
99 116 36 31
99 104 38 31
99 83 43 31
99 79 44 31
99 69 47 31
239 254 10 31
239 261 10 31
239 231 16 31
239 255 16 31
239 239 31 31
239 212 40 31
239 267 48 31
327 301 13 31
327 350 18 31
327 298 20 31
327 332 25 31
327 346 27 31
327 343 30 31
327 334 38 31
22 5 10 32
22 9 10 32
22 4 11 32
22 4 12 32
22 6 13 32
22 8 13 32
22 1 14 32
22 3 14 32
22 40 14 32
22 27 15 32
22 45 15 32
22 4 17 32
22 38 17 32
22 21 20 32
22 22 23 32
22 30 24 32
22 32 34 32
22 32 37 32
22 49 38 32
22 21 45 32
45 40 13 33
45 27 14 33
45 45 14 33
45 62 15 33
45 64 15 33
45 38 16 33
45 57 17 33
45 21 19 33
45 64 20 33
45 22 22 33
45 30 23 33
45 58 23 33
45 63 23 33
45 32 33 33
45 32 36 33
45 49 37 33
45 21 44 33
45 68 44 33
45 69 45 33
45 67 46 33
45 66 47 33
184 191 13 33
184 203 16 33
184 164 20 33
184 154 23 33
184 194 34 33
184 212 38 33
184 177 42 33
184 169 44 33
184 171 45 33
184 165 46 33
184 162 47 33
361 360 15 33
361 350 16 33
361 384 19 33
361 332 23 33
361 346 25 33
361 343 28 33
361 387 32 33
361 334 36 33
361 358 38 33
361 386 39 33
361 390 40 33
361 374 41 33
361 371 42 33
361 370 45 33
81 107 13 34
81 62 14 34
81 64 14 34
81 57 16 34
81 64 19 34
81 106 21 34
81 58 22 34
81 63 22 34
81 108 24 34
81 104 35 34
81 83 40 34
81 79 41 34
81 68 43 34
81 69 44 34
81 67 45 34
81 66 46 34
169 191 12 34
169 140 16 34
169 164 19 34
169 154 22 34
169 194 33 34
169 139 36 34
169 177 41 34
169 169 43 34
169 171 44 34
169 165 45 34
169 162 46 34
460 449 12 34
460 478 28 34
460 483 36 34
460 464 42 34
460 460 43 34
460 468 46 34
68 40 11 35
68 45 12 35
68 62 13 35
68 64 13 35
68 38 14 35
68 57 15 35
68 64 18 35
68 58 21 35
68 63 21 35
68 49 35 35
68 83 39 35
68 79 40 35
68 68 42 35
68 69 43 35
68 67 44 35
68 66 45 35
466 449 11 35
466 478 27 35
466 483 35 35
466 464 41 35
466 460 42 35
466 468 45 35
71 45 11 36
71 62 12 36
71 64 12 36
71 57 14 36
71 64 17 36
71 58 20 36
71 63 20 36
71 49 34 36
71 83 38 36
71 79 39 36
71 68 41 36
71 69 42 36
71 67 43 36
71 66 44 36
171 191 10 36
171 164 17 36
171 154 20 36
171 194 31 36
171 177 39 36
171 169 41 36
171 171 42 36
171 165 43 36
171 162 44 36
364 360 12 36
364 350 13 36
364 384 16 36
364 346 22 36
364 343 25 36
364 393 28 36
364 387 29 36
364 334 33 36
364 358 35 36
364 386 36 36
364 390 37 36
364 374 38 36
364 371 39 36
364 370 42 36
370 360 11 37
370 350 12 37
370 395 13 37
370 384 15 37
370 346 21 37
370 343 24 37
370 393 27 37
370 387 28 37
370 358 34 37
370 386 35 37
370 390 36 37
370 374 37 37
370 371 38 37
370 370 41 37
175 203 11 38
175 164 15 38
175 154 18 38
175 194 29 38
175 177 37 38
175 169 39 38
175 171 40 38
175 165 41 38
175 162 42 38
272 298 13 38
272 267 41 38
32 4 10 39
32 38 10 39
32 57 11 39
32 21 13 39
32 22 16 39
32 30 17 39
32 58 17 39
32 32 27 39
32 32 30 39
32 49 31 39
32 21 38 39
85 57 11 39
85 64 14 39
85 106 16 39
85 58 17 39
85 63 17 39
85 108 19 39
85 112 27 39
85 104 30 39
85 83 35 39
85 79 36 39
85 68 38 39
85 69 39 39
85 67 40 39
85 66 41 39
252 239 23 39
252 267 40 39
256 239 23 39
256 267 40 39
465 478 22 40
465 483 30 40
465 464 36 40
465 460 37 40
465 468 40 40
85 64 12 41
85 106 14 41
85 58 15 41
85 63 15 41
85 108 17 41
85 112 25 41
85 104 28 41
85 83 33 41
85 79 34 41
85 68 36 41
85 69 37 41
85 67 38 41
85 66 39 41
254 239 21 41
254 267 38 41
261 239 21 41
261 267 38 41
5 21 10 42
5 22 13 42
5 30 14 42
5 32 24 42
5 32 27 42
5 21 35 42
9 21 10 42
9 22 13 42
9 30 14 42
9 32 24 42
9 32 27 42
9 21 35 42
77 64 11 42
77 106 13 42
77 58 14 42
77 63 14 42
77 104 27 42
77 49 28 42
77 83 32 42
77 79 33 42
77 68 35 42
77 69 36 42
77 67 37 42
77 66 38 42
175 164 11 42
175 154 14 42
175 194 25 42
175 177 33 42
175 169 35 42
175 171 36 42
175 165 37 42
175 162 38 42
272 267 37 42
4 22 12 43
4 30 13 43
4 32 23 43
4 32 26 43
4 21 34 43
449 426 11 43
449 425 12 43
449 427 16 43
449 478 19 43
449 464 33 43
449 460 34 43
449 468 37 43
4 22 11 44
4 30 12 44
4 32 22 44
4 32 25 44
4 21 33 44
136 106 11 44
136 154 12 44
136 108 14 44
136 128 14 44
136 122 17 44
136 133 17 44
136 112 22 44
136 116 23 44
136 136 25 44
136 139 26 44
136 165 35 44
136 162 36 44
6 22 10 45
6 30 11 45
6 32 21 45
6 32 24 45
6 21 32 45
8 22 10 45
8 30 11 45
8 32 21 45
8 32 24 45
8 21 32 45
498 499 15 45
498 478 17 45
498 508 23 45
498 483 25 45
498 468 35 45
1 30 10 46
1 21 31 46
3 30 10 46
3 32 20 46
3 32 23 46
3 21 31 46
40 30 10 46
40 58 10 46
40 63 10 46
40 32 20 46
40 32 23 46
40 49 24 46
40 21 31 46
40 68 31 46
40 69 32 46
40 67 33 46
40 66 34 46
191 194 21 46
191 212 25 46
191 177 29 46
191 169 31 46
191 171 32 46
191 165 33 46
191 162 34 46
449 427 13 46
449 478 16 46
449 464 30 46
449 460 31 46
449 468 34 46
27 32 19 47
27 32 22 47
27 49 23 47
27 21 30 47
45 32 19 47
45 32 22 47
45 49 23 47
45 21 30 47
45 68 30 47
45 69 31 47
45 67 32 47
45 66 33 47
107 108 11 47
107 128 11 47
107 122 14 47
107 133 14 47
107 112 19 47
107 116 20 47
107 104 22 47
107 136 22 47
107 83 27 47
107 79 28 47
231 239 15 47
231 212 24 47
255 239 15 47
255 267 32 47
62 32 18 48
62 32 21 48
62 49 22 48
62 83 26 48
62 79 27 48
62 68 29 48
62 69 30 48
62 67 31 48
62 66 32 48
64 49 22 48
64 83 26 48
64 79 27 48
64 68 29 48
64 69 30 48
64 67 31 48
64 66 32 48
138 108 10 48
138 128 10 48
138 122 13 48
138 133 13 48
138 112 18 48
138 116 19 48
138 136 21 48
138 139 22 48
138 165 31 48
138 162 32 48
360 346 10 48
360 343 13 48
360 387 17 48
360 334 21 48
360 358 23 48
360 386 24 48
360 374 26 48
360 371 27 48
360 370 30 48
4 32 17 49
4 32 20 49
4 21 28 49
38 32 17 49
38 32 20 49
38 49 21 49
38 21 28 49
38 67 30 49
38 66 31 49
203 194 18 49
203 212 22 49
203 177 26 49
350 343 12 49
350 334 20 49
350 358 22 49
350 374 25 49
350 371 26 49
350 370 29 49
57 32 16 50
57 32 19 50
57 49 20 50
57 83 24 50
57 79 25 50
57 68 27 50
57 69 28 50
57 67 29 50
57 66 30 50
140 122 11 50
140 133 11 50
140 112 16 50
140 116 17 50
140 136 19 50
140 139 20 50
140 169 27 50
140 165 29 50
140 162 30 50
395 405 13 50
395 393 14 50
395 387 15 50
395 415 16 50
395 417 17 50
395 386 22 50
395 390 23 50
395 374 24 50
395 371 25 50
395 370 28 50
511 499 10 50
511 508 18 50
511 483 20 50
129 122 10 51
129 133 10 51
129 112 15 51
129 116 16 51
129 104 18 51
129 136 18 51
129 139 19 51
21 32 14 52
21 32 17 52
21 49 18 52
21 21 25 52
384 405 11 52
384 393 12 52
384 387 13 52
384 358 19 52
384 386 20 52
384 390 21 52
384 374 22 52
384 371 23 52
384 370 26 52
64 49 17 53
64 83 21 53
64 79 22 53
64 68 24 53
64 69 25 53
64 67 26 53
64 66 27 53
164 136 16 53
164 139 17 53
164 177 22 53
164 169 24 53
164 171 25 53
164 165 26 53
164 162 27 53
426 415 12 54
426 417 13 54
22 32 11 55
22 32 14 55
22 49 15 55
22 21 22 55
106 112 11 55
106 116 12 55
106 104 14 55
106 83 19 55
106 79 20 55
425 415 11 55
425 417 12 55
30 32 10 56
30 32 13 56
30 49 14 56
30 21 21 56
58 32 10 56
58 32 13 56
58 49 14 56
58 83 18 56
58 79 19 56
58 68 21 56
58 69 22 56
58 67 23 56
58 66 24 56
63 49 14 56
63 83 18 56
63 79 19 56
63 68 21 56
63 69 22 56
63 67 23 56
63 66 24 56
154 136 13 56
154 139 14 56
154 177 19 56
154 169 21 56
154 171 22 56
154 165 23 56
154 162 24 56
332 334 13 56
332 358 15 56
108 104 11 58
108 136 11 58
108 83 16 58
108 79 17 58
128 104 11 58
128 136 11 58
128 139 12 58
346 334 11 58
346 358 13 58
346 374 16 58
346 371 17 58
346 370 20 58
499 483 10 60
133 162 19 61
343 358 10 61
343 371 14 61
343 370 17 61
239 267 17 62
478 464 14 62
478 460 15 62
478 468 18 62
405 390 10 63
393 374 10 64
393 371 11 64
393 370 14 64
387 371 10 65
387 370 13 65
32 21 11 66
194 169 10 67
194 171 11 67
194 165 12 67
136 165 10 69
136 162 11 69
49 66 10 70
139 162 10 70
483 468 10 70
