101 95 22 0
101 126 36 0
101 128 36 0
101 126 37 0
101 84 42 0
101 124 50 0
101 96 51 0
101 129 51 0
101 74 52 0
101 125 56 0
101 130 57 0
101 126 58 0
101 125 59 0
211 198 11 0
211 235 19 0
211 212 22 0
211 236 27 0
211 235 29 0
211 223 44 0
211 222 58 0
328 298 33 0
328 338 50 0
247 248 12 1
247 248 17 1
247 235 18 1
247 275 21 1
247 236 26 1
247 248 27 1
247 235 28 1
247 248 29 1
247 247 31 1
247 247 32 1
247 247 36 1
247 271 41 1
247 223 43 1
247 272 45 1
247 222 57 1
323 298 32 1
323 338 49 1
33 4 12 2
33 3 13 2
33 3 14 2
33 6 15 2
33 8 15 2
33 4 17 2
33 9 17 2
33 19 17 2
33 37 17 2
33 9 19 2
33 6 20 2
33 7 20 2
33 19 20 2
33 33 20 2
33 19 21 2
33 32 23 2
33 35 25 2
33 32 26 2
33 6 28 2
33 11 28 2
33 18 28 2
33 35 28 2
33 6 29 2
33 8 29 2
33 30 31 2
33 32 31 2
33 4 32 2
33 34 32 2
33 5 33 2
33 9 33 2
33 32 33 2
33 6 34 2
33 5 36 2
33 6 40 2
33 7 40 2
33 21 40 2
33 48 40 2
33 47 55 2
33 4 56 2
460 451 10 2
460 459 13 2
460 457 14 2
460 489 21 2
460 438 22 2
460 450 23 2
460 489 24 2
460 436 25 2
460 489 26 2
460 489 27 2
460 435 28 2
460 489 29 2
460 474 32 2
460 430 49 2
460 487 53 2
460 480 54 2
460 480 55 2
460 477 56 2
460 480 57 2
508 509 10 3
508 511 10 3
508 497 15 3
508 498 16 3
508 511 16 3
508 498 17 3
508 498 18 3
508 489 20 3
508 489 23 3
508 489 25 3
508 489 26 3
508 511 27 3
508 489 28 3
508 502 29 3
508 496 32 3
508 497 34 3
508 498 35 3
508 498 36 3
508 497 37 3
508 511 37 3
508 496 41 3
508 497 42 3
508 497 45 3
508 498 46 3
508 509 49 3
508 497 50 3
508 509 51 3
508 487 52 3
508 480 53 3
508 480 54 3
508 480 56 3
508 511 58 3
508 511 59 3
511 509 10 3
511 511 10 3
511 497 15 3
511 498 16 3
511 511 16 3
511 498 17 3
511 498 18 3
511 489 20 3
511 489 23 3
511 489 25 3
511 489 26 3
511 511 27 3
511 489 28 3
511 502 29 3
511 496 32 3
511 497 34 3
511 498 35 3
511 498 36 3
511 497 37 3
511 511 37 3
511 496 41 3
511 497 42 3
511 497 45 3
511 498 46 3
511 509 49 3
511 497 50 3
511 509 51 3
511 487 52 3
511 511 58 3
511 511 59 3
333 359 10 4
333 338 46 4
333 336 57 4
509 497 13 5
509 498 14 5
509 511 14 5
509 498 15 5
509 498 16 5
509 489 18 5
509 489 21 5
509 489 23 5
509 489 24 5
509 511 25 5
509 489 26 5
509 502 27 5
509 496 30 5
509 497 32 5
509 498 33 5
509 498 34 5
509 497 35 5
509 511 35 5
509 496 39 5
509 497 40 5
509 497 43 5
509 498 44 5
509 509 47 5
509 497 48 5
509 509 49 5
509 487 50 5
509 480 51 5
509 480 52 5
509 480 54 5
509 511 56 5
509 511 57 5
509 511 58 5
509 497 12 6
509 498 13 6
509 511 13 6
509 498 14 6
509 498 15 6
509 489 17 6
509 489 20 6
509 489 22 6
509 489 23 6
509 511 24 6
509 489 25 6
509 502 26 6
509 496 29 6
509 497 31 6
509 498 32 6
509 498 33 6
509 497 34 6
509 511 34 6
509 496 38 6
509 497 39 6
509 497 42 6
509 498 43 6
509 509 46 6
509 497 47 6
509 509 48 6
509 487 49 6
509 480 50 6
509 480 51 6
509 480 53 6
509 511 55 6
509 511 56 6
509 511 57 6
509 508 59 6
509 511 59 6
509 497 11 7
509 498 12 7
509 511 12 7
509 498 13 7
509 498 14 7
509 489 16 7
509 489 19 7
509 489 21 7
509 489 22 7
509 511 23 7
509 489 24 7
509 502 25 7
509 496 28 7
509 497 30 7
509 498 31 7
509 498 32 7
509 497 33 7
509 511 33 7
509 496 37 7
509 497 38 7
509 497 41 7
509 498 42 7
509 509 45 7
509 497 46 7
509 509 47 7
509 487 48 7
509 480 49 7
509 480 50 7
509 480 52 7
509 511 54 7
509 511 55 7
509 511 56 7
509 508 58 7
509 511 58 7
24 0 10 8
24 4 11 8
24 9 11 8
24 19 11 8
24 37 11 8
24 2 12 8
24 9 13 8
24 6 14 8
24 7 14 8
24 19 14 8
24 33 14 8
24 19 15 8
24 32 17 8
24 35 19 8
24 32 20 8
24 0 22 8
24 6 22 8
24 11 22 8
24 18 22 8
24 35 22 8
24 6 23 8
24 8 23 8
24 0 25 8
24 30 25 8
24 32 25 8
24 0 26 8
24 2 26 8
24 4 26 8
24 34 26 8
24 2 27 8
24 5 27 8
24 9 27 8
24 32 27 8
24 0 28 8
24 2 28 8
24 6 28 8
24 0 29 8
24 5 30 8
24 2 34 8
24 6 34 8
24 7 34 8
24 21 34 8
24 48 34 8
24 47 49 8
24 4 50 8
24 19 55 8
24 36 58 8
24 6 59 8
24 9 59 8
24 36 59 8
33 4 11 8
33 9 11 8
33 19 11 8
33 37 11 8
33 9 13 8
33 6 14 8
33 7 14 8
33 19 14 8
33 33 14 8
33 19 15 8
33 32 17 8
33 35 19 8
33 32 20 8
33 6 22 8
33 11 22 8
33 18 22 8
33 35 22 8
33 6 23 8
33 8 23 8
33 30 25 8
33 32 25 8
33 4 26 8
33 34 26 8
33 5 27 8
33 9 27 8
33 32 27 8
33 6 28 8
33 5 30 8
33 6 34 8
33 7 34 8
33 21 34 8
33 48 34 8
33 47 49 8
33 4 50 8
33 19 55 8
33 36 58 8
33 6 59 8
33 9 59 8
33 36 59 8
116 95 14 8
116 126 28 8
116 128 28 8
116 126 29 8
116 124 42 8
116 138 42 8
116 96 43 8
116 129 43 8
116 125 48 8
116 130 49 8
116 126 50 8
116 125 51 8
116 125 52 8
116 125 53 8
116 125 56 8
116 125 58 8
116 125 59 8
396 423 28 8
396 381 39 8
396 387 52 8
396 412 59 8
126 126 27 9
126 128 27 9
126 126 28 9
126 152 34 9
126 124 41 9
126 138 41 9
126 96 42 9
126 129 42 9
126 125 47 9
126 130 48 9
126 126 49 9
126 125 50 9
126 125 51 9
126 125 52 9
126 125 55 9
126 125 57 9
126 125 58 9
162 160 33 9
162 152 34 9
162 138 41 9
509 498 10 9
509 511 10 9
509 498 11 9
509 498 12 9
509 489 14 9
509 489 17 9
509 489 19 9
509 489 20 9
509 511 21 9
509 489 22 9
509 502 23 9
509 496 26 9
509 497 28 9
509 498 29 9
509 498 30 9
509 497 31 9
509 511 31 9
509 496 35 9
509 497 36 9
509 497 39 9
509 498 40 9
509 509 43 9
509 497 44 9
509 509 45 9
509 487 46 9
509 480 47 9
509 480 48 9
509 480 50 9
509 511 52 9
509 511 53 9
509 511 54 9
509 508 56 9
509 511 56 9
36 9 11 10
36 6 12 10
36 7 12 10
36 19 12 10
36 33 12 10
36 19 13 10
36 32 15 10
36 35 17 10
36 32 18 10
36 6 20 10
36 11 20 10
36 18 20 10
36 35 20 10
36 6 21 10
36 8 21 10
36 30 23 10
36 32 23 10
36 34 24 10
36 9 25 10
36 32 25 10
36 6 26 10
36 6 32 10
36 7 32 10
36 21 32 10
36 48 32 10
36 47 47 10
36 19 53 10
36 36 56 10
36 6 57 10
36 9 57 10
36 36 57 10
247 275 12 10
247 236 17 10
247 248 18 10
247 235 19 10
247 248 20 10
247 247 22 10
247 247 23 10
247 247 27 10
247 271 32 10
247 223 34 10
247 272 36 10
247 222 48 10
247 247 51 10
247 259 52 10
247 251 56 10
463 489 13 10
463 438 14 10
463 450 15 10
463 489 16 10
463 436 17 10
463 489 18 10
463 489 19 10
463 435 20 10
463 489 21 10
463 474 24 10
463 487 45 10
463 480 46 10
463 480 47 10
463 477 48 10
463 480 49 10
463 479 59 10
37 9 10 11
37 7 11 11
37 19 11 11
37 33 11 11
37 19 12 11
37 32 14 11
37 35 16 11
37 32 17 11
37 11 19 11
37 18 19 11
37 35 19 11
37 8 20 11
37 30 22 11
37 32 22 11
37 34 23 11
37 9 24 11
37 32 24 11
37 7 31 11
37 21 31 11
37 48 31 11
37 47 46 11
37 19 52 11
37 36 55 11
37 9 56 11
37 36 56 11
37 37 59 11
198 212 11 11
198 223 33 11
198 222 47 11
445 438 13 11
445 450 14 11
445 436 16 11
445 435 19 11
445 474 23 11
445 423 25 11
445 430 40 11
451 438 12 12
451 450 13 12
451 436 15 12
451 435 18 12
451 474 22 12
451 423 24 12
451 430 39 12
451 480 44 12
451 480 45 12
451 477 46 12
451 480 47 12
451 479 57 12
511 489 11 12
511 489 14 12
511 489 16 12
511 489 17 12
511 511 18 12
511 489 19 12
511 502 20 12
511 496 23 12
511 497 25 12
511 498 26 12
511 498 27 12
511 497 28 12
511 511 28 12
511 496 32 12
511 497 33 12
511 497 36 12
511 498 37 12
511 509 40 12
511 497 41 12
511 509 42 12
511 487 43 12
511 511 49 12
511 511 50 12
511 511 51 12
511 508 53 12
511 511 53 12
248 236 14 13
248 248 15 13
248 235 16 13
248 248 17 13
248 247 19 13
248 247 20 13
248 247 24 13
248 271 29 13
248 223 31 13
248 272 33 13
248 222 45 13
248 247 48 13
248 259 49 13
248 251 53 13
509 489 10 13
509 489 13 13
509 489 15 13
509 489 16 13
509 511 17 13
509 489 18 13
509 502 19 13
509 496 22 13
509 497 24 13
509 498 25 13
509 498 26 13
509 497 27 13
509 511 27 13
509 496 31 13
509 497 32 13
509 497 35 13
509 498 36 13
509 509 39 13
509 497 40 13
509 509 41 13
509 487 42 13
509 480 43 13
509 480 44 13
509 480 46 13
509 511 48 13
509 511 49 13
509 511 50 13
509 508 52 13
509 511 52 13
509 479 56 13
509 488 59 13
511 489 10 13
511 489 13 13
511 489 15 13
511 489 16 13
511 511 17 13
511 489 18 13
511 502 19 13
511 496 22 13
511 497 24 13
511 498 25 13
511 498 26 13
511 497 27 13
511 511 27 13
511 496 31 13
511 497 32 13
511 497 35 13
511 498 36 13
511 509 39 13
511 497 40 13
511 509 41 13
511 487 42 13
511 511 48 13
511 511 49 13
511 511 50 13
511 508 52 13
511 511 52 13
511 488 59 13
4 32 11 14
4 32 14 14
4 0 16 14
4 6 16 14
4 11 16 14
4 18 16 14
4 6 17 14
4 8 17 14
4 0 19 14
4 30 19 14
4 32 19 14
4 0 20 14
4 2 20 14
4 4 20 14
4 2 21 14
4 5 21 14
4 9 21 14
4 32 21 14
4 0 22 14
4 2 22 14
4 6 22 14
4 0 23 14
4 5 24 14
4 2 28 14
4 6 28 14
4 7 28 14
4 21 28 14
4 4 44 14
4 19 49 14
4 6 53 14
4 9 53 14
4 31 57 14
4 11 58 14
4 15 58 14
359 381 33 14
359 338 36 14
359 387 46 14
359 336 47 14
359 357 52 14
359 385 56 14
359 385 57 14
0 0 15 15
0 6 15 15
0 11 15 15
0 18 15 15
0 6 16 15
0 8 16 15
0 0 18 15
0 0 19 15
0 2 19 15
0 4 19 15
0 2 20 15
0 5 20 15
0 9 20 15
0 0 21 15
0 2 21 15
0 6 21 15
0 0 22 15
0 5 23 15
0 2 27 15
0 6 27 15
0 7 27 15
0 21 27 15
0 4 43 15
0 19 48 15
0 6 52 15
0 9 52 15
0 11 57 15
0 15 57 15
3 32 10 15
3 32 13 15
3 0 15 15
3 6 15 15
3 11 15 15
3 18 15 15
3 6 16 15
3 8 16 15
3 0 18 15
3 30 18 15
3 32 18 15
3 0 19 15
3 2 19 15
3 4 19 15
3 2 20 15
3 5 20 15
3 9 20 15
3 32 20 15
3 0 21 15
3 2 21 15
3 6 21 15
3 0 22 15
3 5 23 15
3 2 27 15
3 6 27 15
3 7 27 15
3 21 27 15
3 4 43 15
3 19 48 15
3 6 52 15
3 9 52 15
3 31 56 15
3 11 57 15
3 15 57 15
459 450 10 15
459 436 12 15
459 435 15 15
459 474 19 15
459 430 36 15
459 487 40 15
459 480 41 15
459 480 42 15
459 477 43 15
459 480 44 15
459 479 54 15
459 488 57 15
0 0 14 16
0 6 14 16
0 11 14 16
0 18 14 16
0 6 15 16
0 8 15 16
0 0 17 16
0 0 18 16
0 2 18 16
0 4 18 16
0 2 19 16
0 5 19 16
0 9 19 16
0 0 20 16
0 2 20 16
0 6 20 16
0 0 21 16
0 5 22 16
0 2 26 16
0 6 26 16
0 7 26 16
0 21 26 16
0 4 42 16
0 19 47 16
0 6 51 16
0 9 51 16
0 11 56 16
0 15 56 16
2 0 14 16
2 6 14 16
2 11 14 16
2 18 14 16
2 6 15 16
2 8 15 16
2 0 17 16
2 30 17 16
2 0 18 16
2 2 18 16
2 4 18 16
2 2 19 16
2 5 19 16
2 9 19 16
2 0 20 16
2 2 20 16
2 6 20 16
2 0 21 16
2 5 22 16
2 2 26 16
2 6 26 16
2 7 26 16
2 21 26 16
2 4 42 16
2 19 47 16
2 6 51 16
2 9 51 16
2 31 55 16
2 11 56 16
2 15 56 16
3 32 12 16
3 0 14 16
3 6 14 16
3 11 14 16
3 18 14 16
3 6 15 16
3 8 15 16
3 0 17 16
3 30 17 16
3 32 17 16
3 0 18 16
3 2 18 16
3 4 18 16
3 2 19 16
3 5 19 16
3 9 19 16
3 32 19 16
3 0 20 16
3 2 20 16
3 6 20 16
3 0 21 16
3 5 22 16
3 2 26 16
3 6 26 16
3 7 26 16
3 21 26 16
3 4 42 16
3 19 47 16
3 6 51 16
3 9 51 16
3 31 55 16
3 11 56 16
3 15 56 16
457 436 11 16
457 435 14 16
457 474 18 16
457 430 35 16
457 480 40 16
457 480 41 16
457 477 42 16
457 480 43 16
457 479 53 16
0 0 13 17
0 6 13 17
0 11 13 17
0 18 13 17
0 6 14 17
0 8 14 17
0 0 16 17
0 0 17 17
0 2 17 17
0 4 17 17
0 2 18 17
0 5 18 17
0 9 18 17
0 0 19 17
0 2 19 17
0 6 19 17
0 0 20 17
0 5 21 17
0 2 25 17
0 6 25 17
0 7 25 17
0 21 25 17
0 4 41 17
0 19 46 17
0 6 50 17
0 9 50 17
0 11 55 17
0 15 55 17
6 35 10 17
6 32 11 17
6 0 13 17
6 6 13 17
6 11 13 17
6 18 13 17
6 35 13 17
6 6 14 17
6 8 14 17
6 0 16 17
6 30 16 17
6 32 16 17
6 0 17 17
6 2 17 17
6 4 17 17
6 34 17 17
6 2 18 17
6 5 18 17
6 9 18 17
6 32 18 17
6 0 19 17
6 2 19 17
6 6 19 17
6 0 20 17
6 5 21 17
6 2 25 17
6 6 25 17
6 7 25 17
6 21 25 17
6 4 41 17
6 19 46 17
6 6 50 17
6 9 50 17
6 31 54 17
6 11 55 17
6 15 55 17
8 35 10 17
8 32 11 17
8 0 13 17
8 6 13 17
8 11 13 17
8 18 13 17
8 35 13 17
8 6 14 17
8 8 14 17
8 0 16 17
8 30 16 17
8 32 16 17
8 0 17 17
8 2 17 17
8 4 17 17
8 34 17 17
8 2 18 17
8 5 18 17
8 9 18 17
8 32 18 17
8 0 19 17
8 2 19 17
8 6 19 17
8 0 20 17
8 5 21 17
8 2 25 17
8 6 25 17
8 7 25 17
8 21 25 17
8 4 41 17
8 19 46 17
8 36 49 17
8 6 50 17
8 9 50 17
8 36 50 17
8 37 53 17
8 31 54 17
8 11 55 17
8 15 55 17
8 36 55 17
287 298 16 17
287 279 24 17
287 271 25 17
287 278 26 17
287 272 29 17
287 259 45 17
287 285 46 17
287 286 47 17
287 258 56 17
0 0 12 18
0 6 12 18
0 11 12 18
0 18 12 18
0 6 13 18
0 8 13 18
0 0 15 18
0 0 16 18
0 2 16 18
0 4 16 18
0 2 17 18
0 5 17 18
0 9 17 18
0 0 18 18
0 2 18 18
0 6 18 18
0 0 19 18
0 5 20 18
0 2 24 18
0 6 24 18
0 7 24 18
0 21 24 18
0 4 40 18
0 19 45 18
0 6 49 18
0 9 49 18
0 11 54 18
0 15 54 18
248 248 10 18
248 235 11 18
248 248 12 18
248 247 14 18
248 247 15 18
248 247 19 18
248 271 24 18
248 223 26 18
248 272 28 18
248 222 40 18
248 247 43 18
248 259 44 18
248 251 48 18
248 232 55 18
248 258 55 18
497 489 10 18
497 489 11 18
497 511 12 18
497 489 13 18
497 502 14 18
497 474 16 18
497 496 17 18
497 497 19 18
497 498 20 18
497 498 21 18
497 497 22 18
497 511 22 18
497 496 26 18
497 497 27 18
497 497 30 18
497 498 31 18
497 509 34 18
497 497 35 18
497 509 36 18
497 487 37 18
497 480 38 18
497 480 39 18
497 477 40 18
497 480 41 18
497 511 43 18
497 511 44 18
497 511 45 18
497 508 47 18
497 511 47 18
497 479 51 18
497 488 54 18
4 0 11 19
4 6 11 19
4 11 11 19
4 18 11 19
4 6 12 19
4 8 12 19
4 0 14 19
4 30 14 19
4 32 14 19
4 0 15 19
4 2 15 19
4 4 15 19
4 2 16 19
4 5 16 19
4 9 16 19
4 32 16 19
4 0 17 19
4 2 17 19
4 6 17 19
4 0 18 19
4 5 19 19
4 2 23 19
4 6 23 19
4 7 23 19
4 21 23 19
4 4 39 19
4 19 44 19
4 6 48 19
4 9 48 19
4 31 52 19
4 11 53 19
4 15 53 19
9 0 11 19
9 6 11 19
9 11 11 19
9 18 11 19
9 35 11 19
9 6 12 19
9 8 12 19
9 0 14 19
9 30 14 19
9 32 14 19
9 0 15 19
9 2 15 19
9 4 15 19
9 34 15 19
9 2 16 19
9 5 16 19
9 9 16 19
9 32 16 19
9 0 17 19
9 2 17 19
9 6 17 19
9 0 18 19
9 5 19 19
9 2 23 19
9 6 23 19
9 7 23 19
9 21 23 19
9 4 39 19
9 19 44 19
9 36 47 19
9 6 48 19
9 9 48 19
9 36 48 19
9 37 51 19
9 31 52 19
9 11 53 19
9 15 53 19
9 36 53 19
19 0 11 19
19 6 11 19
19 11 11 19
19 18 11 19
19 35 11 19
19 6 12 19
19 8 12 19
19 0 14 19
19 30 14 19
19 32 14 19
19 0 15 19
19 2 15 19
19 4 15 19
19 34 15 19
19 2 16 19
19 5 16 19
19 9 16 19
19 32 16 19
19 0 17 19
19 2 17 19
19 6 17 19
19 0 18 19
19 5 19 19
19 2 23 19
19 6 23 19
19 7 23 19
19 21 23 19
19 48 23 19
19 47 38 19
19 4 39 19
19 19 44 19
19 36 47 19
19 6 48 19
19 9 48 19
19 36 48 19
19 37 51 19
19 31 52 19
19 11 53 19
19 15 53 19
19 36 53 19
37 11 11 19
37 18 11 19
37 35 11 19
37 8 12 19
37 30 14 19
37 32 14 19
37 34 15 19
37 9 16 19
37 32 16 19
37 7 23 19
37 21 23 19
37 48 23 19
37 47 38 19
37 19 44 19
37 36 47 19
37 9 48 19
37 36 48 19
37 37 51 19
37 31 52 19
37 11 53 19
37 15 53 19
37 36 53 19
235 235 10 19
235 248 11 19
235 247 13 19
235 247 14 19
235 247 18 19
235 223 25 19
235 222 39 19
235 247 42 19
235 259 43 19
235 251 47 19
235 232 54 19
235 258 54 19
498 489 10 19
498 511 11 19
498 489 12 19
498 502 13 19
498 474 15 19
498 496 16 19
498 497 18 19
498 498 19 19
498 498 20 19
498 497 21 19
498 511 21 19
498 496 25 19
498 497 26 19
498 497 29 19
498 498 30 19
498 509 33 19
498 497 34 19
498 509 35 19
498 487 36 19
498 480 37 19
498 480 38 19
498 477 39 19
498 480 40 19
498 511 42 19
498 511 43 19
498 511 44 19
498 508 46 19
498 511 46 19
498 479 50 19
498 488 53 19
511 489 10 19
511 511 11 19
511 489 12 19
511 502 13 19
511 496 16 19
511 497 18 19
511 498 19 19
511 498 20 19
511 497 21 19
511 511 21 19
511 496 25 19
511 497 26 19
511 497 29 19
511 498 30 19
511 509 33 19
511 497 34 19
511 509 35 19
511 487 36 19
511 511 42 19
511 511 43 19
511 511 44 19
511 508 46 19
511 511 46 19
511 488 53 19
2 0 10 20
2 6 10 20
2 11 10 20
2 18 10 20
2 6 11 20
2 8 11 20
2 0 13 20
2 30 13 20
2 0 14 20
2 2 14 20
2 4 14 20
2 2 15 20
2 5 15 20
2 9 15 20
2 0 16 20
2 2 16 20
2 6 16 20
2 0 17 20
2 5 18 20
2 2 22 20
2 6 22 20
2 7 22 20
2 21 22 20
2 4 38 20
2 19 43 20
2 6 47 20
2 9 47 20
2 31 51 20
2 11 52 20
2 15 52 20
498 511 10 20
498 489 11 20
498 502 12 20
498 474 14 20
498 496 15 20
498 497 17 20
498 498 18 20
498 498 19 20
498 497 20 20
498 511 20 20
498 496 24 20
498 497 25 20
498 497 28 20
498 498 29 20
498 509 32 20
498 497 33 20
498 509 34 20
498 487 35 20
498 480 36 20
498 480 37 20
498 477 38 20
498 480 39 20
498 511 41 20
498 511 42 20
498 511 43 20
498 508 45 20
498 511 45 20
498 479 49 20
498 488 52 20
9 6 10 21
9 8 10 21
9 0 12 21
9 30 12 21
9 32 12 21
9 0 13 21
9 2 13 21
9 4 13 21
9 34 13 21
9 2 14 21
9 5 14 21
9 9 14 21
9 32 14 21
9 0 15 21
9 2 15 21
9 6 15 21
9 0 16 21
9 5 17 21
9 2 21 21
9 6 21 21
9 7 21 21
9 21 21 21
9 4 37 21
9 19 42 21
9 36 45 21
9 6 46 21
9 9 46 21
9 36 46 21
9 37 49 21
9 31 50 21
9 11 51 21
9 15 51 21
9 36 51 21
498 489 10 21
498 502 11 21
498 474 13 21
498 496 14 21
498 497 16 21
498 498 17 21
498 498 18 21
498 497 19 21
498 511 19 21
498 496 23 21
498 497 24 21
498 497 27 21
498 498 28 21
498 509 31 21
498 497 32 21
498 509 33 21
498 487 34 21
498 480 35 21
498 480 36 21
498 477 37 21
498 480 38 21
498 511 40 21
498 511 41 21
498 511 42 21
498 508 44 21
498 511 44 21
498 479 48 21
498 488 51 21
6 0 11 22
6 30 11 22
6 32 11 22
6 0 12 22
6 2 12 22
6 4 12 22
6 34 12 22
6 2 13 22
6 5 13 22
6 9 13 22
6 32 13 22
6 0 14 22
6 2 14 22
6 6 14 22
6 0 15 22
6 5 16 22
6 2 20 22
6 6 20 22
6 7 20 22
6 21 20 22
6 4 36 22
6 19 41 22
6 6 45 22
6 9 45 22
6 31 49 22
6 11 50 22
6 15 50 22
7 0 11 22
7 30 11 22
7 32 11 22
7 0 12 22
7 2 12 22
7 4 12 22
7 34 12 22
7 2 13 22
7 5 13 22
7 9 13 22
7 32 13 22
7 0 14 22
7 2 14 22
7 6 14 22
7 0 15 22
7 5 16 22
7 2 20 22
7 6 20 22
7 7 20 22
7 21 20 22
7 4 36 22
7 19 41 22
7 36 44 22
7 6 45 22
7 9 45 22
7 36 45 22
7 31 49 22
7 11 50 22
7 15 50 22
7 36 50 22
19 0 11 22
19 30 11 22
19 32 11 22
19 0 12 22
19 2 12 22
19 4 12 22
19 34 12 22
19 2 13 22
19 5 13 22
19 9 13 22
19 32 13 22
19 0 14 22
19 2 14 22
19 6 14 22
19 0 15 22
19 5 16 22
19 2 20 22
19 6 20 22
19 7 20 22
19 21 20 22
19 48 20 22
19 47 35 22
19 4 36 22
19 19 41 22
19 36 44 22
19 6 45 22
19 9 45 22
19 36 45 22
19 37 48 22
19 31 49 22
19 11 50 22
19 15 50 22
19 36 50 22
33 30 11 22
33 32 11 22
33 4 12 22
33 34 12 22
33 5 13 22
33 9 13 22
33 32 13 22
33 6 14 22
33 5 16 22
33 6 20 22
33 7 20 22
33 21 20 22
33 48 20 22
33 47 35 22
33 4 36 22
33 19 41 22
33 36 44 22
33 6 45 22
33 9 45 22
33 36 45 22
33 37 48 22
33 31 49 22
33 11 50 22
33 15 50 22
33 36 50 22
95 84 20 22
95 124 28 22
95 96 29 22
95 74 30 22
95 94 56 22
95 65 57 22
212 223 22 22
212 222 36 22
212 232 51 22
275 247 10 22
275 247 11 22
275 298 11 22
275 247 15 22
275 279 19 22
275 271 20 22
275 278 21 22
275 272 24 22
275 247 39 22
275 259 40 22
275 285 41 22
275 286 42 22
275 251 44 22
275 258 51 22
275 303 57 22
19 0 10 23
19 30 10 23
19 32 10 23
19 0 11 23
19 2 11 23
19 4 11 23
19 34 11 23
19 2 12 23
19 5 12 23
19 9 12 23
19 32 12 23
19 0 13 23
19 2 13 23
19 6 13 23
19 0 14 23
19 5 15 23
19 2 19 23
19 6 19 23
19 7 19 23
19 21 19 23
19 48 19 23
19 47 34 23
19 4 35 23
19 19 40 23
19 36 43 23
19 6 44 23
19 9 44 23
19 36 44 23
19 37 47 23
19 31 48 23
19 11 49 23
19 15 49 23
19 36 49 23
19 40 59 23
489 474 11 23
489 496 12 23
489 497 14 23
489 498 15 23
489 498 16 23
489 497 17 23
489 511 17 23
489 496 21 23
489 497 22 23
489 497 25 23
489 498 26 23
489 509 29 23
489 497 30 23
489 509 31 23
489 487 32 23
489 480 33 23
489 480 34 23
489 477 35 23
489 480 36 23
489 511 38 23
489 511 39 23
489 511 40 23
489 508 42 23
489 511 42 23
489 479 46 23
489 488 49 23
438 423 12 24
438 430 27 24
438 412 43 24
32 2 10 25
32 5 10 25
32 9 10 25
32 32 10 25
32 2 11 25
32 6 11 25
32 5 13 25
32 2 17 25
32 6 17 25
32 7 17 25
32 21 17 25
32 48 17 25
32 47 32 25
32 4 33 25
32 19 38 25
32 36 41 25
32 6 42 25
32 9 42 25
32 36 42 25
32 37 45 25
32 31 46 25
32 11 47 25
32 15 47 25
32 36 47 25
32 40 57 25
32 36 58 25
450 423 11 25
450 430 26 25
450 477 33 25
450 479 44 25
489 497 11 26
489 498 12 26
489 498 13 26
489 497 14 26
489 511 14 26
489 496 18 26
489 497 19 26
489 497 22 26
489 498 23 26
489 509 26 26
489 497 27 26
489 509 28 26
489 487 29 26
489 480 30 26
489 480 31 26
489 477 32 26
489 480 33 26
489 511 35 26
489 511 36 26
489 511 37 26
489 508 39 26
489 511 39 26
489 479 43 26
489 488 46 26
35 5 11 27
35 6 15 27
35 7 15 27
35 21 15 27
35 48 15 27
35 47 30 27
35 19 36 27
35 36 39 27
35 6 40 27
35 9 40 27
35 36 40 27
35 37 43 27
35 31 44 27
35 11 45 27
35 15 45 27
35 36 45 27
35 40 55 27
35 36 56 27
236 247 10 27
236 223 17 27
236 222 31 27
236 247 34 27
236 259 35 27
236 251 39 27
236 232 46 27
236 258 46 27
236 226 55 27
236 239 56 27
236 264 56 27
436 430 24 27
436 412 40 27
32 5 10 28
32 2 14 28
32 6 14 28
32 7 14 28
32 21 14 28
32 48 14 28
32 47 29 28
32 4 30 28
32 19 35 28
32 36 38 28
32 6 39 28
32 9 39 28
32 36 39 28
32 37 42 28
32 31 43 28
32 11 44 28
32 15 44 28
32 36 44 28
32 40 54 28
32 36 55 28
248 271 14 28
248 223 16 28
248 272 18 28
248 222 30 28
248 247 33 28
248 259 34 28
248 251 38 28
248 232 45 28
248 258 45 28
248 226 54 28
248 270 54 28
248 239 55 28
248 264 55 28
489 498 10 28
489 498 11 28
489 497 12 28
489 511 12 28
489 496 16 28
489 497 17 28
489 497 20 28
489 498 21 28
489 509 24 28
489 497 25 28
489 509 26 28
489 487 27 28
489 480 28 28
489 480 29 28
489 477 30 28
489 480 31 28
489 511 33 28
489 511 34 28
489 511 35 28
489 508 37 28
489 511 37 28
489 479 41 28
489 488 44 28
235 223 15 29
235 222 29 29
235 247 32 29
235 259 33 29
235 251 37 29
235 232 44 29
235 258 44 29
235 226 53 29
235 239 54 29
235 264 54 29
489 498 10 29
489 497 11 29
489 511 11 29
489 496 15 29
489 497 16 29
489 497 19 29
489 498 20 29
489 509 23 29
489 497 24 29
489 509 25 29
489 487 26 29
489 480 27 29
489 480 28 29
489 477 29 29
489 480 30 29
489 511 32 29
489 511 33 29
489 511 34 29
489 508 36 29
489 511 36 29
489 479 40 29
489 488 43 29
0 2 12 30
0 6 12 30
0 7 12 30
0 21 12 30
0 4 28 30
0 19 33 30
0 6 37 30
0 9 37 30
0 11 42 30
0 15 42 30
6 2 12 30
6 6 12 30
6 7 12 30
6 21 12 30
6 4 28 30
6 19 33 30
6 6 37 30
6 9 37 30
6 31 41 30
6 11 42 30
6 15 42 30
11 2 12 30
11 6 12 30
11 7 12 30
11 21 12 30
11 4 28 30
11 19 33 30
11 36 36 30
11 6 37 30
11 9 37 30
11 36 37 30
11 37 40 30
11 31 41 30
11 11 42 30
11 15 42 30
11 36 42 30
11 40 52 30
11 36 53 30
18 2 12 30
18 6 12 30
18 7 12 30
18 21 12 30
18 47 27 30
18 4 28 30
18 19 33 30
18 36 36 30
18 6 37 30
18 9 37 30
18 36 37 30
18 37 40 30
18 31 41 30
18 11 42 30
18 15 42 30
18 36 42 30
18 40 52 30
18 36 53 30
35 6 12 30
35 7 12 30
35 21 12 30
35 48 12 30
35 47 27 30
35 19 33 30
35 36 36 30
35 6 37 30
35 9 37 30
35 36 37 30
35 37 40 30
35 31 41 30
35 11 42 30
35 15 42 30
35 36 42 30
35 40 52 30
35 36 53 30
248 271 12 30
248 223 14 30
248 272 16 30
248 222 28 30
248 247 31 30
248 259 32 30
248 251 36 30
248 232 43 30
248 258 43 30
248 226 52 30
248 270 52 30
248 239 53 30
248 264 53 30
435 430 21 30
435 412 37 30
511 497 10 30
511 511 10 30
511 496 14 30
511 497 15 30
511 497 18 30
511 498 19 30
511 509 22 30
511 497 23 30
511 509 24 30
511 487 25 30
511 511 31 30
511 511 32 30
511 511 33 30
511 508 35 30
511 511 35 30
511 488 42 30
6 2 11 31
6 6 11 31
6 7 11 31
6 21 11 31
6 4 27 31
6 19 32 31
6 6 36 31
6 9 36 31
6 31 40 31
6 11 41 31
6 15 41 31
8 2 11 31
8 6 11 31
8 7 11 31
8 21 11 31
8 4 27 31
8 19 32 31
8 36 35 31
8 6 36 31
8 9 36 31
8 36 36 31
8 37 39 31
8 31 40 31
8 11 41 31
8 15 41 31
8 36 41 31
8 36 52 31
489 496 13 31
489 497 14 31
489 497 17 31
489 498 18 31
489 509 21 31
489 497 22 31
489 509 23 31
489 487 24 31
489 480 25 31
489 480 26 31
489 477 27 31
489 480 28 31
489 511 30 31
489 511 31 31
489 511 32 31
489 508 34 31
489 511 34 31
489 479 38 31
489 488 41 31
247 271 10 32
247 223 12 32
247 272 14 32
247 222 26 32
247 247 29 32
247 259 30 32
247 251 34 32
247 232 41 32
247 258 41 32
247 226 50 32
247 270 50 32
247 239 51 32
247 264 51 32
502 496 12 32
502 497 13 32
502 497 16 32
502 498 17 32
502 509 20 32
502 497 21 32
502 509 22 32
502 487 23 32
502 480 24 32
502 480 25 32
502 477 26 32
502 480 27 32
502 511 29 32
502 511 30 32
502 511 31 32
502 508 33 32
502 511 33 32
502 479 37 32
502 488 40 32
0 4 25 33
0 19 30 33
0 6 34 33
0 9 34 33
0 11 39 33
0 15 39 33
30 47 24 33
30 4 25 33
30 19 30 33
30 36 33 33
30 6 34 33
30 9 34 33
30 36 34 33
30 37 37 33
30 31 38 33
30 11 39 33
30 15 39 33
30 36 39 33
30 40 49 33
30 36 50 33
32 47 24 33
32 4 25 33
32 19 30 33
32 36 33 33
32 6 34 33
32 9 34 33
32 36 34 33
32 37 37 33
32 31 38 33
32 11 39 33
32 15 39 33
32 36 39 33
32 40 49 33
32 36 50 33
247 223 11 33
247 272 13 33
247 222 25 33
247 247 28 33
247 259 29 33
247 251 33 33
247 232 40 33
247 258 40 33
247 226 49 33
247 270 49 33
247 239 50 33
247 264 50 33
298 278 10 33
298 272 13 33
298 285 30 33
298 286 31 33
298 303 46 33
298 270 49 33
0 4 24 34
0 19 29 34
0 6 33 34
0 9 33 34
0 11 38 34
0 15 38 34
2 4 24 34
2 19 29 34
2 6 33 34
2 9 33 34
2 31 37 34
2 11 38 34
2 15 38 34
4 4 24 34
4 19 29 34
4 6 33 34
4 9 33 34
4 31 37 34
4 11 38 34
4 15 38 34
34 47 23 34
34 4 24 34
34 19 29 34
34 36 32 34
34 6 33 34
34 9 33 34
34 36 33 34
34 37 36 34
34 31 37 34
34 11 38 34
34 15 38 34
34 36 38 34
34 40 48 34
34 36 49 34
474 496 10 34
474 497 11 34
474 497 14 34
474 498 15 34
474 497 19 34
474 487 21 34
474 480 22 34
474 480 23 34
474 477 24 34
474 480 25 34
474 479 35 34
474 488 38 34
2 4 23 35
2 19 28 35
2 6 32 35
2 9 32 35
2 31 36 35
2 11 37 35
2 15 37 35
5 4 23 35
5 19 28 35
5 6 32 35
5 9 32 35
5 31 36 35
5 11 37 35
5 15 37 35
9 4 23 35
9 19 28 35
9 36 31 35
9 6 32 35
9 9 32 35
9 36 32 35
9 37 35 35
9 31 36 35
9 11 37 35
9 15 37 35
9 36 37 35
9 36 48 35
32 47 22 35
32 4 23 35
32 19 28 35
32 36 31 35
32 6 32 35
32 9 32 35
32 36 32 35
32 37 35 35
32 31 36 35
32 11 37 35
32 15 37 35
32 36 37 35
32 40 47 35
32 36 48 35
496 497 10 35
496 497 13 35
496 498 14 35
496 509 17 35
496 497 18 35
496 509 19 35
496 487 20 35
496 480 21 35
496 480 22 35
496 477 23 35
496 480 24 35
496 511 26 35
496 511 27 35
496 511 28 35
496 508 30 35
496 511 30 35
496 479 34 35
496 488 37 35
0 4 22 36
0 19 27 36
0 6 31 36
0 9 31 36
0 11 36 36
0 15 36 36
2 4 22 36
2 19 27 36
2 6 31 36
2 9 31 36
2 31 35 36
2 11 36 36
2 15 36 36
6 4 22 36
6 19 27 36
6 6 31 36
6 9 31 36
6 31 35 36
6 11 36 36
6 15 36 36
126 124 14 36
126 138 14 36
126 96 15 36
126 129 15 36
126 125 20 36
126 130 21 36
126 126 22 36
126 125 23 36
126 125 24 36
126 125 25 36
126 125 28 36
126 125 30 36
126 125 31 36
126 125 33 36
126 127 42 36
128 124 14 36
128 138 14 36
128 129 15 36
128 125 20 36
128 130 21 36
128 126 22 36
128 125 23 36
128 125 24 36
128 125 25 36
128 125 28 36
128 125 30 36
128 125 31 36
128 125 33 36
128 127 42 36
423 430 15 36
423 412 31 36
423 395 32 36
0 4 21 37
0 19 26 37
0 6 30 37
0 9 30 37
0 11 35 37
0 15 35 37
126 124 13 37
126 138 13 37
126 96 14 37
126 129 14 37
126 125 19 37
126 130 20 37
126 126 21 37
126 125 22 37
126 125 23 37
126 125 24 37
126 125 27 37
126 125 29 37
126 125 30 37
126 125 32 37
126 127 41 37
247 222 21 37
247 247 24 37
247 259 25 37
247 251 29 37
247 232 36 37
247 258 36 37
247 226 45 37
247 270 45 37
247 239 46 37
247 264 46 37
497 497 11 37
497 498 12 37
497 509 15 37
497 497 16 37
497 509 17 37
497 487 18 37
497 480 19 37
497 480 20 37
497 477 21 37
497 480 22 37
497 511 24 37
497 511 25 37
497 511 26 37
497 508 28 37
497 511 28 37
497 479 32 37
497 488 35 37
5 4 20 38
5 19 25 38
5 6 29 38
5 9 29 38
5 31 33 38
5 11 34 38
5 15 34 38
498 497 10 38
498 498 11 38
498 509 14 38
498 497 15 38
498 509 16 38
498 487 17 38
498 480 18 38
498 480 19 38
498 477 20 38
498 480 21 38
498 511 23 38
498 511 24 38
498 511 25 38
498 508 27 38
498 511 27 38
498 479 31 38
498 488 34 38
498 498 10 39
498 509 13 39
498 497 14 39
498 509 15 39
498 487 16 39
498 480 17 39
498 480 18 39
498 477 19 39
498 480 20 39
498 511 22 39
498 511 23 39
498 511 24 39
498 508 26 39
498 511 26 39
498 479 30 39
498 488 33 39
497 509 12 40
497 497 13 40
497 509 14 40
497 487 15 40
497 480 16 40
497 480 17 40
497 477 18 40
497 480 19 40
497 511 21 40
497 511 22 40
497 511 23 40
497 508 25 40
497 511 25 40
497 479 29 40
497 488 32 40
511 509 12 40
511 497 13 40
511 509 14 40
511 487 15 40
511 511 21 40
511 511 22 40
511 511 23 40
511 508 25 40
511 511 25 40
511 488 32 40
279 259 21 41
279 285 22 41
279 286 23 41
279 251 25 41
279 258 32 41
279 303 38 41
279 270 41 41
279 264 42 41
2 4 16 42
2 19 21 42
2 6 25 42
2 9 25 42
2 31 29 42
2 11 30 42
2 15 30 42
6 4 16 42
6 19 21 42
6 6 25 42
6 9 25 42
6 31 29 42
6 11 30 42
6 15 30 42
7 4 16 42
7 19 21 42
7 36 24 42
7 6 25 42
7 9 25 42
7 36 25 42
7 31 29 42
7 11 30 42
7 15 30 42
7 36 30 42
7 36 41 42
21 47 15 42
21 4 16 42
21 19 21 42
21 36 24 42
21 6 25 42
21 9 25 42
21 36 25 42
21 37 28 42
21 31 29 42
21 11 30 42
21 15 30 42
21 36 30 42
21 40 40 42
21 36 41 42
48 74 10 42
48 47 15 42
48 19 21 42
48 36 24 42
48 36 25 42
48 37 28 42
48 31 29 42
48 36 30 42
48 65 37 42
48 40 40 42
48 36 41 42
84 74 10 42
84 94 36 42
84 65 37 42
160 130 15 42
271 247 19 42
271 259 20 42
271 285 21 42
271 286 22 42
271 251 24 42
271 258 31 42
271 270 40 42
271 264 41 42
152 125 13 43
152 130 14 43
152 126 15 43
152 125 16 43
152 125 17 43
152 125 18 43
152 125 21 43
152 125 23 43
152 125 24 43
152 125 26 43
152 127 35 43
278 259 19 43
278 285 20 43
278 286 21 43
278 251 23 43
278 258 30 43
278 303 36 43
278 270 39 43
278 264 40 43
223 222 14 44
223 247 17 44
223 251 22 44
223 232 29 44
223 226 38 44
223 239 39 44
496 509 10 44
496 487 11 44
496 480 12 44
496 480 13 44
496 477 14 44
496 480 15 44
496 511 17 44
496 511 18 44
496 511 19 44
496 508 21 44
496 511 21 44
496 479 25 44
496 488 28 44
497 487 10 45
497 480 11 45
497 480 12 45
497 477 13 45
497 480 14 45
497 511 16 45
497 511 17 45
497 511 18 45
497 508 20 45
497 511 20 45
497 479 24 45
497 488 27 45
272 247 15 46
272 259 16 46
272 285 17 46
272 286 18 46
272 251 20 46
272 258 27 46
272 270 36 46
272 264 37 46
381 387 13 47
381 357 19 47
381 395 21 47
381 385 23 47
381 385 24 47
381 390 31 47
497 477 10 48
497 480 11 48
497 511 13 48
497 511 14 48
497 511 15 48
497 508 17 48
497 511 17 48
497 479 21 48
497 488 24 48
498 480 10 49
498 511 12 49
498 511 13 49
498 511 14 49
498 508 16 49
498 511 16 49
498 479 20 49
498 488 23 49
124 125 10 50
124 125 11 50
124 125 14 50
124 125 16 50
124 125 17 50
124 125 19 50
124 94 28 50
124 127 28 50
138 125 10 50
138 125 11 50
138 125 14 50
138 125 16 50
138 125 17 50
138 125 19 50
138 127 28 50
338 336 11 50
338 357 16 50
96 125 10 51
96 125 13 51
96 125 15 51
96 125 16 51
96 125 18 51
96 94 27 51
129 125 10 51
129 125 13 51
129 125 15 51
129 125 16 51
129 125 18 51
129 127 27 51
430 412 16 51
74 94 26 52
74 65 27 52
509 511 10 52
509 511 11 52
509 508 13 52
509 511 13 52
509 479 17 52
509 488 20 52
497 511 10 53
497 508 12 53
497 511 12 53
497 479 16 53
497 488 19 53
509 508 11 54
509 511 11 54
509 479 15 54
509 488 18 54
487 508 10 55
487 511 10 55
487 479 14 55
487 488 17 55
125 125 10 56
125 125 11 56
125 125 13 56
125 127 22 56
480 479 13 56
480 488 16 56
47 36 10 57
47 37 13 57
47 31 14 57
47 36 15 57
47 65 22 57
47 40 25 57
47 36 26 57
130 125 10 57
130 125 12 57
130 127 21 57
480 479 12 57
480 488 15 57
4 31 13 58
4 11 14 58
4 15 14 58
126 125 11 58
126 127 20 58
222 232 15 58
222 226 24 58
222 239 25 58
477 479 11 58
477 488 14 58
125 125 10 59
125 127 19 59
480 479 10 59
480 488 13 59
125 127 18 60
387 385 10 60
387 385 11 60
387 390 18 60
125 127 17 61
247 232 12 61
247 258 12 61
247 226 21 61
247 270 21 61
247 239 22 61
247 264 22 61
511 488 11 61
259 232 11 62
259 258 11 62
259 270 20 62
259 239 21 62
259 264 21 62
511 488 10 62
19 40 19 63
19 36 20 63
285 258 10 63
285 303 16 63
285 270 19 63
285 264 20 63
125 127 14 64
286 303 15 64
286 270 18 64
286 264 19 64
36 65 13 66
36 40 16 66
36 36 17 66
125 127 12 66
251 226 16 66
251 270 16 66
251 239 17 66
251 264 17 66
9 36 16 67
36 65 12 67
36 40 15 67
36 36 16 67
125 127 11 67
412 390 11 67
395 390 10 68
37 40 12 70
37 36 13 70
31 40 11 71
31 36 12 71
11 40 10 72
11 36 11 72
15 40 10 72
15 36 11 72
36 40 10 72
36 36 11 72
232 239 10 73
258 239 10 73
258 264 10 73
