148 164 5 0
148 130 6 0
148 140 7 0
148 148 10 0
148 147 11 0
148 130 12 0
148 144 16 0
486 484 18 0
524 508 1 0
524 517 1 0
524 540 8 0
524 514 14 0
524 518 16 0
524 543 20 0
97 104 3 1
97 101 6 1
97 111 7 1
97 113 9 1
97 93 14 1
508 514 13 1
508 518 15 1
517 514 13 1
517 518 15 1
32 46 1 2
32 42 2 2
32 45 3 2
32 29 5 2
32 39 6 2
32 39 10 2
32 28 11 2
32 43 11 2
32 17 14 2
32 49 19 2
205 202 6 2
205 188 13 2
205 200 16 2
205 211 19 2
374 356 10 2
703 685 4 2
703 695 15 2
46 42 1 3
46 45 2 3
46 55 3 3
46 29 4 3
46 39 5 3
46 63 8 3
46 39 9 3
46 28 10 3
46 43 10 3
46 53 15 3
46 55 16 3
46 49 18 3
254 255 3 3
254 260 5 3
254 248 16 3
254 247 17 3
254 261 17 3
254 247 19 3
308 288 8 3
308 300 10 3
308 298 12 3
569 571 1 3
569 551 2 3
569 570 8 3
569 567 12 3
569 583 15 3
569 572 16 3
569 563 18 3
8 0 5 4
8 1 5 4
8 3 5 4
8 7 5 4
8 10 11 4
8 17 12 4
8 8 15 4
42 45 1 4
42 55 2 4
42 29 3 4
42 39 4 4
42 39 8 4
42 28 9 4
42 43 9 4
42 53 14 4
42 55 15 4
42 49 17 4
104 101 3 4
104 111 4 4
104 113 6 4
104 122 10 4
104 93 11 4
464 465 10 4
464 464 13 4
571 551 1 4
571 570 7 4
571 567 11 4
571 583 14 4
571 572 15 4
571 563 17 4
45 55 1 5
45 29 2 5
45 39 3 5
45 63 6 5
45 39 7 5
45 28 8 5
45 43 8 5
45 53 13 5
45 55 14 5
45 49 16 5
164 148 5 5
164 147 6 5
164 144 11 5
409 404 2 5
409 402 14 5
409 396 17 5
551 540 3 5
551 570 6 5
551 567 10 5
551 543 15 5
551 563 16 5
55 39 2 6
55 63 5 6
55 39 6 6
55 74 6 6
55 43 7 6
55 53 12 6
55 55 13 6
55 49 15 6
66 63 5 6
66 74 6 6
66 53 12 6
66 55 13 6
66 49 15 6
130 140 1 6
130 111 2 6
130 113 4 6
130 148 4 6
130 147 5 6
130 130 6 6
130 122 8 6
130 144 10 6
255 260 2 6
255 248 13 6
255 247 14 6
255 261 14 6
255 247 16 6
685 668 1 6
685 695 11 6
29 39 1 7
29 39 5 7
29 28 6 7
29 43 6 7
29 10 8 7
29 17 9 7
101 111 1 7
101 113 3 7
101 93 8 7
140 148 3 7
140 147 4 7
140 130 5 7
140 122 7 7
140 144 9 7
404 402 12 7
404 396 15 7
39 39 4 8
39 28 5 8
39 43 5 8
39 53 10 8
39 55 11 8
39 49 13 8
111 113 2 8
111 130 4 8
111 122 6 8
111 93 7 8
202 188 7 8
202 200 10 8
202 211 13 8
260 248 11 8
260 247 12 8
260 261 12 8
260 247 14 8
540 543 12 8
0 10 6 9
0 17 7 9
0 8 10 9
1 10 6 9
1 17 7 9
1 8 10 9
3 10 6 9
3 17 7 9
3 8 10 9
7 10 6 9
7 17 7 9
7 8 10 9
113 130 2 10
113 122 4 10
113 93 5 10
148 147 1 10
148 130 2 10
148 144 6 10
63 74 1 11
63 43 2 11
63 53 7 11
63 55 8 11
63 49 10 11
147 130 1 11
147 144 5 11
147 135 20 11
288 300 2 11
288 298 4 11
570 567 4 11
570 583 7 11
570 572 8 11
570 563 10 11
39 28 1 12
39 43 1 12
39 53 6 12
39 55 7 12
39 49 9 12
74 93 3 12
74 55 7 12
130 122 2 12
130 144 4 12
130 135 19 12
356 344 19 12
595 601 1 12
595 583 6 12
28 10 2 13
28 17 3 13
28 8 6 13
28 17 18 13
28 33 20 13
43 53 5 13
43 55 6 13
43 49 8 13
43 33 20 13
300 298 2 13
601 583 5 13
601 612 20 13
122 135 17 14
465 464 3 14
465 484 4 14
514 518 2 14
514 513 17 14
10 17 1 15
10 8 4 15
10 17 16 15
188 200 3 15
188 187 17 15
188 204 20 15
567 583 3 15
567 572 4 15
567 563 6 15
567 558 19 15
17 8 3 16
17 17 15 16
17 33 17 16
17 30 18 16
144 135 15 16
429 436 16 16
518 513 15 16
695 703 18 17
53 55 1 18
53 49 3 18
53 33 15 18
53 37 16 18
53 51 18 18
53 59 20 18
200 211 3 18
200 187 14 18
200 204 17 18
200 204 18 18
200 205 20 18
484 484 17 18
583 572 1 18
583 563 3 18
8 17 12 19
55 49 2 19
55 37 15 19
55 51 17 19
55 59 19 19
248 247 1 19
248 261 1 19
248 247 3 19
248 259 15 19
248 266 17 19
248 262 18 19
248 256 19 19
248 251 20 19
402 396 3 19
572 563 2 19
572 558 15 19
572 553 17 19
572 553 20 19
247 247 2 20
247 259 14 20
247 266 16 20
247 262 17 20
247 256 18 20
247 251 19 20
261 247 2 20
261 259 14 20
261 266 16 20
261 262 17 20
261 256 18 20
261 251 19 20
261 274 19 20
543 558 14 20
543 553 16 20
543 553 19 20
49 33 12 21
49 30 13 21
49 37 13 21
49 51 15 21
49 59 17 21
211 204 14 21
211 204 15 21
211 205 17 21
333 344 10 21
333 329 19 21
563 558 13 21
563 553 15 21
563 553 18 21
247 259 12 22
247 266 14 22
247 262 15 22
247 256 16 22
247 251 17 22
17 33 2 31
17 30 3 31
17 11 10 31
17 14 13 31
17 24 13 31
17 22 16 31
135 120 8 31
135 123 9 31
135 127 16 31
135 140 17 31
135 131 18 31
344 329 9 31
344 349 13 31
513 526 15 31
187 204 3 32
187 204 4 32
187 205 6 32
187 174 8 32
187 176 10 32
187 196 14 32
187 176 20 32
436 428 15 32
733 741 8 32
733 734 9 32
733 723 18 32
733 752 19 32
33 30 1 33
33 37 1 33
33 51 3 33
33 44 10 33
33 14 11 33
33 24 11 33
33 22 14 33
33 37 14 33
33 44 19 33
612 624 10 33
612 606 15 33
30 11 7 34
30 44 9 34
30 14 10 34
30 24 10 34
30 22 13 34
30 37 13 34
30 44 18 34
37 51 2 34
37 44 9 34
37 24 10 34
37 22 13 34
37 37 13 34
37 55 17 34
37 44 18 34
259 266 2 34
259 262 3 34
259 256 4 34
259 251 5 34
259 274 5 34
259 276 16 34
259 275 17 34
259 278 19 34
558 553 2 34
558 553 5 34
558 542 13 34
558 538 15 34
204 204 1 35
204 205 3 35
204 196 11 35
484 464 6 35
484 490 13 35
703 703 10 35
703 703 19 35
51 59 2 36
51 44 7 36
51 37 11 36
51 64 12 36
51 57 14 36
51 55 15 36
51 44 16 36
51 59 17 36
51 68 18 36
204 205 2 36
204 196 10 36
266 262 1 36
266 256 2 36
266 251 3 36
266 274 3 36
266 276 14 36
266 275 15 36
266 278 17 36
266 282 19 36
553 553 3 36
553 542 11 36
553 538 13 36
105 103 1 37
105 120 2 37
105 123 3 37
105 86 10 37
105 96 18 37
262 256 1 37
262 251 2 37
262 274 2 37
262 276 13 37
262 275 14 37
262 278 16 37
754 741 3 37
754 734 4 37
754 752 14 37
754 739 18 37
59 72 3 38
59 44 5 38
59 73 5 38
59 64 10 38
59 57 12 38
59 55 13 38
59 44 14 38
59 59 15 38
59 75 15 38
59 68 16 38
103 120 1 38
103 86 9 38
103 96 17 38
205 196 8 38
256 251 1 38
256 274 1 38
256 275 13 38
120 123 1 39
120 127 8 39
120 131 10 39
120 133 14 39
274 276 11 39
274 275 12 39
274 278 14 39
274 291 15 39
274 282 16 39
553 542 8 39
553 538 10 39
123 127 7 40
123 140 8 40
123 131 9 40
123 133 13 40
174 176 2 40
174 176 12 40
174 158 15 40
741 734 1 40
741 723 10 40
741 752 11 40
741 739 15 40
11 14 3 41
11 24 3 41
11 22 6 41
11 12 15 41
11 16 15 41
72 73 2 41
72 86 6 41
72 64 7 41
72 57 9 41
72 55 10 41
72 81 10 41
72 59 12 41
72 75 12 41
72 68 13 41
464 471 15 41
734 723 9 41
734 752 10 41
734 739 14 41
176 176 10 42
176 158 13 42
371 366 4 42
664 665 2 42
664 654 10 42
664 650 11 42
44 24 1 43
44 37 4 43
44 57 7 43
44 55 8 43
44 44 9 43
44 59 10 43
73 86 4 43
73 64 5 43
73 57 7 43
73 55 8 43
73 81 8 43
73 59 10 43
73 75 10 43
73 68 11 43
624 606 5 43
14 22 3 44
14 12 12 44
14 16 12 44
24 22 3 44
24 37 3 44
24 12 12 44
24 16 12 44
349 366 2 44
665 654 8 44
665 650 9 44
703 703 9 45
196 176 6 46
526 542 1 46
526 538 3 46
526 519 10 46
22 12 9 47
22 16 9 47
37 55 4 47
37 44 5 47
86 81 4 47
86 75 6 47
86 68 7 47
86 96 8 47
127 140 1 47
127 131 2 47
127 133 6 47
542 538 2 47
64 57 2 48
64 55 3 48
64 81 3 48
64 44 4 48
64 59 5 48
64 75 5 48
64 68 6 48
140 131 1 48
140 133 5 48
140 158 7 48
490 471 8 48
131 133 4 49
538 519 7 49
57 55 1 50
57 44 2 50
57 59 3 50
57 75 3 50
57 68 4 50
276 275 1 50
276 278 3 50
276 291 4 50
276 282 5 50
723 703 4 50
723 739 5 50
55 44 1 51
55 59 2 51
55 68 3 51
81 75 2 51
81 68 3 51
81 96 4 51
275 278 2 51
275 291 3 51
275 282 4 51
752 739 4 51
44 59 1 52
176 158 3 52
304 291 2 52
654 650 1 52
59 68 1 53
75 68 1 53
278 291 1 53
278 282 2 53
291 282 1 54
