274 290 5 0
274 259 8 0
274 258 9 0
274 256 12 0
274 264 16 0
274 278 17 0
274 278 19 0
274 260 34 0
274 253 38 0
274 217 42 0
274 245 43 0
274 233 44 0
274 262 47 0
274 296 48 0
274 226 49 0
274 255 49 0
274 242 50 0
274 276 50 0
540 593 6 0
540 569 7 0
540 548 8 0
540 543 9 0
540 546 12 0
540 489 13 0
540 488 18 0
540 582 18 0
540 573 19 0
540 571 21 0
540 572 22 0
540 563 23 0
540 558 26 0
540 598 36 0
540 576 44 0
540 484 46 0
79 58 4 1
79 126 9 1
79 45 10 1
79 64 10 1
79 130 10 1
79 24 11 1
79 32 11 1
79 76 11 1
79 138 11 1
79 114 13 1
79 58 16 1
79 21 17 1
79 79 17 1
79 29 18 1
79 84 18 1
79 21 20 1
79 31 20 1
79 107 20 1
79 136 20 1
79 126 21 1
79 129 21 1
79 29 22 1
79 44 22 1
79 63 22 1
79 131 22 1
79 62 23 1
79 114 25 1
79 34 32 1
79 85 32 1
79 21 33 1
79 65 33 1
79 88 36 1
79 114 41 1
79 91 42 1
79 60 43 1
79 85 43 1
79 85 46 1
79 21 47 1
79 82 47 1
79 27 48 1
79 52 48 1
79 77 48 1
79 85 49 1
340 290 3 2
340 388 31 2
340 345 35 2
340 359 37 2
340 396 41 2
340 340 43 2
340 296 46 2
730 744 39 3
730 736 40 3
730 738 42 3
730 742 45 3
730 734 46 3
58 45 6 5
58 64 6 5
58 4 7 5
58 8 7 5
58 24 7 5
58 32 7 5
58 76 7 5
58 114 9 5
58 58 12 5
58 21 13 5
58 79 13 5
58 29 14 5
58 84 14 5
58 14 16 5
58 21 16 5
58 31 16 5
58 107 16 5
58 0 18 5
58 1 18 5
58 4 18 5
58 8 18 5
58 29 18 5
58 44 18 5
58 63 18 5
58 62 19 5
58 114 21 5
58 4 28 5
58 14 28 5
58 15 28 5
58 34 28 5
58 85 28 5
58 13 29 5
58 21 29 5
58 65 29 5
58 88 32 5
58 3 37 5
58 14 37 5
58 15 37 5
58 114 37 5
58 3 38 5
58 7 38 5
58 91 38 5
58 13 39 5
58 15 39 5
58 60 39 5
58 85 39 5
58 85 42 5
58 21 43 5
58 82 43 5
58 27 44 5
58 52 44 5
58 77 44 5
58 85 45 5
290 259 3 5
290 258 4 5
290 256 7 5
290 264 11 5
290 278 12 5
290 278 14 5
290 260 29 5
290 345 32 5
290 253 33 5
290 245 38 5
290 233 39 5
290 340 40 5
290 262 42 5
290 296 43 5
290 255 44 5
290 242 45 5
290 276 45 5
653 593 1 5
653 634 6 5
653 656 8 5
653 604 12 5
653 598 31 5
653 604 32 5
653 601 34 5
444 429 1 6
444 489 7 6
444 488 12 6
444 439 15 6
444 429 16 6
444 420 17 6
444 466 18 6
444 468 19 6
444 409 20 6
444 388 27 6
444 468 32 6
444 432 36 6
444 396 37 6
444 435 38 6
444 484 40 6
444 438 45 6
444 503 50 6
593 569 1 6
593 548 2 6
593 543 3 6
593 634 5 6
593 546 6 6
593 604 11 6
593 582 12 6
593 573 13 6
593 571 15 6
593 572 16 6
593 563 17 6
593 558 20 6
593 598 30 6
593 604 31 6
593 601 33 6
593 576 38 6
147 126 3 7
147 130 4 7
147 138 5 7
147 114 7 7
147 107 14 7
147 136 14 7
147 126 15 7
147 129 15 7
147 131 16 7
147 114 19 7
147 206 19 7
147 88 30 7
147 114 35 7
147 91 36 7
147 170 49 7
147 94 50 7
147 141 50 7
429 488 11 7
429 439 14 7
429 429 15 7
429 420 16 7
429 466 17 7
429 468 18 7
429 409 19 7
429 388 26 7
429 468 31 7
429 432 35 7
429 396 36 7
429 435 37 7
429 484 39 7
429 438 44 7
429 439 50 7
569 548 1 7
569 543 2 7
569 546 5 7
569 604 10 7
569 582 11 7
569 573 12 7
569 571 14 7
569 572 15 7
569 563 16 7
569 558 19 7
569 598 29 7
569 604 30 7
569 601 32 7
569 576 37 7
259 258 1 8
259 256 4 8
259 264 8 8
259 278 9 8
259 278 11 8
259 206 18 8
259 260 26 8
259 253 30 8
259 217 34 8
259 245 35 8
259 233 36 8
259 262 39 8
259 296 40 8
259 226 41 8
259 255 41 8
259 242 42 8
259 276 42 8
548 543 1 8
548 546 4 8
548 489 5 8
548 604 9 8
548 488 10 8
548 582 10 8
548 573 11 8
548 571 13 8
548 572 14 8
548 563 15 8
548 558 18 8
548 598 28 8
548 604 29 8
548 601 31 8
548 576 36 8
548 503 48 8
258 256 3 9
258 264 7 9
258 278 8 9
258 278 10 9
258 206 17 9
258 260 25 9
258 253 29 9
258 217 33 9
258 245 34 9
258 233 35 9
258 262 38 9
258 296 39 9
258 226 40 9
258 255 40 9
258 242 41 9
258 276 41 9
543 546 3 9
543 489 4 9
543 488 9 9
543 582 9 9
543 573 10 9
543 571 12 9
543 572 13 9
543 563 14 9
543 558 17 9
543 598 27 9
543 601 30 9
543 576 35 9
543 484 37 9
543 503 47 9
126 130 1 10
126 76 2 10
126 138 2 10
126 114 4 10
126 79 8 10
126 84 9 10
126 107 11 10
126 136 11 10
126 126 12 10
126 129 12 10
126 131 13 10
126 114 16 10
126 85 23 10
126 88 27 10
126 114 32 10
126 91 33 10
126 85 34 10
126 85 37 10
126 82 38 10
126 77 39 10
126 85 40 10
126 170 46 10
126 94 47 10
126 141 47 10
126 79 48 10
126 133 49 10
126 68 50 10
45 4 1 11
45 8 1 11
45 24 1 11
45 32 1 11
45 76 1 11
45 58 6 11
45 21 7 11
45 79 7 11
45 29 8 11
45 84 8 11
45 14 10 11
45 21 10 11
45 31 10 11
45 0 12 11
45 1 12 11
45 4 12 11
45 8 12 11
45 29 12 11
45 44 12 11
45 63 12 11
45 62 13 11
45 4 22 11
45 14 22 11
45 15 22 11
45 34 22 11
45 85 22 11
45 13 23 11
45 21 23 11
45 65 23 11
45 88 26 11
45 3 31 11
45 14 31 11
45 15 31 11
45 3 32 11
45 7 32 11
45 91 32 11
45 13 33 11
45 15 33 11
45 60 33 11
45 85 33 11
45 85 36 11
45 21 37 11
45 82 37 11
45 27 38 11
45 52 38 11
45 77 38 11
45 85 39 11
45 3 46 11
45 7 46 11
45 23 46 11
45 56 46 11
45 94 46 11
45 14 47 11
45 15 47 11
45 35 47 11
45 79 47 11
45 13 49 11
45 29 49 11
45 58 49 11
45 68 49 11
45 28 50 11
45 39 50 11
45 69 50 11
64 4 1 11
64 8 1 11
64 24 1 11
64 32 1 11
64 76 1 11
64 114 3 11
64 58 6 11
64 21 7 11
64 79 7 11
64 29 8 11
64 84 8 11
64 14 10 11
64 21 10 11
64 31 10 11
64 107 10 11
64 4 12 11
64 8 12 11
64 29 12 11
64 44 12 11
64 63 12 11
64 62 13 11
64 114 15 11
64 4 22 11
64 14 22 11
64 15 22 11
64 34 22 11
64 85 22 11
64 13 23 11
64 21 23 11
64 65 23 11
64 88 26 11
64 14 31 11
64 15 31 11
64 114 31 11
64 7 32 11
64 91 32 11
64 13 33 11
64 15 33 11
64 60 33 11
64 85 33 11
64 85 36 11
64 21 37 11
64 82 37 11
64 27 38 11
64 52 38 11
64 77 38 11
64 85 39 11
64 7 46 11
64 23 46 11
64 56 46 11
64 94 46 11
64 14 47 11
64 15 47 11
64 35 47 11
64 79 47 11
64 13 49 11
64 29 49 11
64 58 49 11
64 68 49 11
64 28 50 11
64 39 50 11
64 69 50 11
130 76 1 11
130 138 1 11
130 114 3 11
130 79 7 11
130 84 8 11
130 107 10 11
130 136 10 11
130 126 11 11
130 129 11 11
130 131 12 11
130 114 15 11
130 85 22 11
130 88 26 11
130 114 31 11
130 91 32 11
130 85 33 11
130 85 36 11
130 82 37 11
130 77 38 11
130 85 39 11
130 170 45 11
130 94 46 11
130 141 46 11
130 79 47 11
130 133 48 11
130 186 49 11
130 150 50 11
634 656 2 11
634 604 6 11
634 582 7 11
634 598 25 11
634 604 26 11
634 601 28 11
634 576 33 11
634 655 48 11
634 644 50 11
4 58 5 12
4 21 6 12
4 29 7 12
4 14 9 12
4 21 9 12
4 31 9 12
4 0 11 12
4 1 11 12
4 4 11 12
4 8 11 12
4 29 11 12
4 44 11 12
4 63 11 12
4 62 12 12
4 4 21 12
4 14 21 12
4 15 21 12
4 34 21 12
4 13 22 12
4 21 22 12
4 3 30 12
4 14 30 12
4 15 30 12
4 3 31 12
4 7 31 12
4 13 32 12
4 15 32 12
4 60 32 12
4 21 36 12
4 27 37 12
4 52 37 12
4 3 45 12
4 7 45 12
4 23 45 12
4 56 45 12
4 14 46 12
4 15 46 12
4 35 46 12
4 13 48 12
4 29 48 12
4 58 48 12
4 28 49 12
4 39 49 12
8 58 5 12
8 21 6 12
8 29 7 12
8 14 9 12
8 21 9 12
8 31 9 12
8 0 11 12
8 1 11 12
8 4 11 12
8 8 11 12
8 29 11 12
8 44 11 12
8 63 11 12
8 62 12 12
8 4 21 12
8 14 21 12
8 15 21 12
8 34 21 12
8 13 22 12
8 21 22 12
8 65 22 12
8 3 30 12
8 14 30 12
8 15 30 12
8 3 31 12
8 7 31 12
8 13 32 12
8 15 32 12
8 60 32 12
8 21 36 12
8 27 37 12
8 52 37 12
8 3 45 12
8 7 45 12
8 23 45 12
8 56 45 12
8 14 46 12
8 15 46 12
8 35 46 12
8 13 48 12
8 29 48 12
8 58 48 12
8 28 49 12
8 39 49 12
24 58 5 12
24 21 6 12
24 79 6 12
24 29 7 12
24 14 9 12
24 21 9 12
24 31 9 12
24 0 11 12
24 1 11 12
24 4 11 12
24 8 11 12
24 29 11 12
24 44 11 12
24 63 11 12
24 62 12 12
24 4 21 12
24 14 21 12
24 15 21 12
24 34 21 12
24 13 22 12
24 21 22 12
24 65 22 12
24 3 30 12
24 14 30 12
24 15 30 12
24 3 31 12
24 7 31 12
24 13 32 12
24 15 32 12
24 60 32 12
24 21 36 12
24 82 36 12
24 27 37 12
24 52 37 12
24 77 37 12
24 3 45 12
24 7 45 12
24 23 45 12
24 56 45 12
24 14 46 12
24 15 46 12
24 35 46 12
24 79 46 12
24 13 48 12
24 29 48 12
24 58 48 12
24 68 48 12
24 28 49 12
24 39 49 12
24 69 49 12
32 58 5 12
32 21 6 12
32 79 6 12
32 29 7 12
32 84 7 12
32 14 9 12
32 21 9 12
32 31 9 12
32 0 11 12
32 1 11 12
32 4 11 12
32 8 11 12
32 29 11 12
32 44 11 12
32 63 11 12
32 62 12 12
32 4 21 12
32 14 21 12
32 15 21 12
32 34 21 12
32 85 21 12
32 13 22 12
32 21 22 12
32 65 22 12
32 88 25 12
32 3 30 12
32 14 30 12
32 15 30 12
32 3 31 12
32 7 31 12
32 91 31 12
32 13 32 12
32 15 32 12
32 60 32 12
32 85 32 12
32 85 35 12
32 21 36 12
32 82 36 12
32 27 37 12
32 52 37 12
32 77 37 12
32 85 38 12
32 3 45 12
32 7 45 12
32 23 45 12
32 56 45 12
32 14 46 12
32 15 46 12
32 35 46 12
32 79 46 12
32 13 48 12
32 29 48 12
32 58 48 12
32 68 48 12
32 28 49 12
32 39 49 12
32 69 49 12
76 114 2 12
76 58 5 12
76 21 6 12
76 79 6 12
76 29 7 12
76 84 7 12
76 21 9 12
76 31 9 12
76 107 9 12
76 126 10 12
76 129 10 12
76 29 11 12
76 44 11 12
76 63 11 12
76 131 11 12
76 62 12 12
76 114 14 12
76 34 21 12
76 85 21 12
76 21 22 12
76 65 22 12
76 88 25 12
76 114 30 12
76 91 31 12
76 60 32 12
76 85 32 12
76 85 35 12
76 21 36 12
76 82 36 12
76 27 37 12
76 52 37 12
76 77 37 12
76 85 38 12
76 23 45 12
76 56 45 12
76 94 45 12
76 35 46 12
76 79 46 12
76 133 47 12
76 29 48 12
76 58 48 12
76 68 48 12
76 28 49 12
76 39 49 12
76 69 49 12
76 98 50 12
138 114 2 12
138 79 6 12
138 84 7 12
138 107 9 12
138 136 9 12
138 126 10 12
138 129 10 12
138 131 11 12
138 114 14 12
138 85 21 12
138 88 25 12
138 114 30 12
138 91 31 12
138 85 32 12
138 85 35 12
138 82 36 12
138 85 38 12
138 170 44 12
138 94 45 12
138 141 45 12
138 79 46 12
138 133 47 12
138 186 48 12
138 150 49 12
138 98 50 12
256 264 4 12
256 278 5 12
256 278 7 12
256 206 14 12
256 260 22 12
256 253 26 12
256 217 30 12
256 245 31 12
256 233 32 12
256 262 35 12
256 296 36 12
256 226 37 12
256 255 37 12
256 242 38 12
256 276 38 12
256 263 48 12
256 289 49 12
546 489 1 12
546 604 5 12
546 488 6 12
546 582 6 12
546 573 7 12
546 571 9 12
546 572 10 12
546 563 11 12
546 558 14 12
546 598 24 12
546 604 25 12
546 601 27 12
546 576 32 12
546 503 44 12
546 554 48 12
489 488 5 13
489 439 8 13
489 429 9 13
489 466 11 13
489 468 12 13
489 468 25 13
489 432 29 13
489 435 31 13
489 484 33 13
489 438 38 13
489 503 43 13
489 439 44 13
656 604 4 13
656 598 23 13
656 604 24 13
656 601 26 13
656 715 44 13
656 655 46 13
656 644 48 13
114 58 3 14
114 79 4 14
114 84 5 14
114 107 7 14
114 136 7 14
114 126 8 14
114 129 8 14
114 63 9 14
114 131 9 14
114 62 10 14
114 114 12 14
114 85 19 14
114 65 20 14
114 88 23 14
114 114 28 14
114 91 29 14
114 60 30 14
114 85 30 14
114 85 33 14
114 82 34 14
114 77 35 14
114 85 36 14
114 170 42 14
114 56 43 14
114 94 43 14
114 141 43 14
114 79 44 14
114 133 45 14
114 58 46 14
114 68 46 14
114 69 47 14
114 150 47 14
114 98 48 14
114 91 49 14
264 278 1 16
264 278 3 16
264 206 10 16
264 260 18 16
264 253 22 16
264 217 26 16
264 245 27 16
264 233 28 16
264 262 31 16
264 296 32 16
264 226 33 16
264 255 33 16
264 242 34 16
264 276 34 16
264 263 44 16
264 289 45 16
58 21 1 17
58 79 1 17
58 29 2 17
58 84 2 17
58 14 4 17
58 21 4 17
58 31 4 17
58 107 4 17
58 0 6 17
58 1 6 17
58 4 6 17
58 8 6 17
58 29 6 17
58 44 6 17
58 63 6 17
58 62 7 17
58 114 9 17
58 4 16 17
58 14 16 17
58 15 16 17
58 34 16 17
58 85 16 17
58 13 17 17
58 21 17 17
58 65 17 17
58 88 20 17
58 3 25 17
58 14 25 17
58 15 25 17
58 114 25 17
58 3 26 17
58 7 26 17
58 91 26 17
58 13 27 17
58 15 27 17
58 60 27 17
58 85 27 17
58 85 30 17
58 21 31 17
58 82 31 17
58 27 32 17
58 52 32 17
58 77 32 17
58 85 33 17
58 3 40 17
58 7 40 17
58 23 40 17
58 56 40 17
58 94 40 17
58 14 41 17
58 15 41 17
58 35 41 17
58 79 41 17
58 13 43 17
58 29 43 17
58 58 43 17
58 68 43 17
58 28 44 17
58 39 44 17
58 69 44 17
58 98 45 17
58 91 46 17
58 34 48 17
58 79 48 17
278 278 2 17
278 260 17 17
278 253 21 17
278 245 26 17
278 233 27 17
278 262 30 17
278 296 31 17
278 226 32 17
278 255 32 17
278 242 33 17
278 276 33 17
278 263 43 17
278 289 44 17
604 582 1 17
604 573 2 17
604 571 4 17
604 572 5 17
604 563 6 17
604 558 9 17
604 598 19 17
604 604 20 17
604 601 22 17
604 576 27 17
604 655 42 17
604 554 43 17
604 644 44 17
604 604 48 17
604 598 49 17
604 604 50 17
21 29 1 18
21 14 3 18
21 21 3 18
21 31 3 18
21 0 5 18
21 1 5 18
21 4 5 18
21 8 5 18
21 29 5 18
21 44 5 18
21 63 5 18
21 62 6 18
21 4 15 18
21 14 15 18
21 15 15 18
21 34 15 18
21 13 16 18
21 21 16 18
21 65 16 18
21 3 24 18
21 14 24 18
21 15 24 18
21 3 25 18
21 7 25 18
21 13 26 18
21 15 26 18
21 60 26 18
21 21 30 18
21 27 31 18
21 52 31 18
21 77 31 18
21 3 39 18
21 7 39 18
21 23 39 18
21 56 39 18
21 14 40 18
21 15 40 18
21 35 40 18
21 79 40 18
21 13 42 18
21 29 42 18
21 58 42 18
21 68 42 18
21 28 43 18
21 39 43 18
21 69 43 18
21 34 47 18
21 79 47 18
79 29 1 18
79 84 1 18
79 21 3 18
79 31 3 18
79 107 3 18
79 136 3 18
79 126 4 18
79 129 4 18
79 29 5 18
79 44 5 18
79 63 5 18
79 131 5 18
79 62 6 18
79 114 8 18
79 34 15 18
79 85 15 18
79 21 16 18
79 65 16 18
79 88 19 18
79 114 24 18
79 91 25 18
79 60 26 18
79 85 26 18
79 85 29 18
79 21 30 18
79 82 30 18
79 27 31 18
79 52 31 18
79 77 31 18
79 85 32 18
79 23 39 18
79 56 39 18
79 94 39 18
79 35 40 18
79 79 40 18
79 133 41 18
79 29 42 18
79 58 42 18
79 68 42 18
79 28 43 18
79 39 43 18
79 69 43 18
79 98 44 18
79 91 45 18
79 34 47 18
79 79 47 18
488 439 3 18
488 429 4 18
488 466 6 18
488 468 7 18
488 468 20 18
488 432 24 18
488 435 26 18
488 484 28 18
488 438 33 18
488 503 38 18
488 439 39 18
488 468 47 18
582 573 1 18
582 571 3 18
582 572 4 18
582 563 5 18
582 558 8 18
582 598 18 18
582 604 19 18
582 601 21 18
582 576 26 18
582 554 42 18
582 604 47 18
582 598 48 18
582 604 49 18
29 14 2 19
29 21 2 19
29 31 2 19
29 0 4 19
29 1 4 19
29 4 4 19
29 8 4 19
29 29 4 19
29 44 4 19
29 63 4 19
29 62 5 19
29 4 14 19
29 14 14 19
29 15 14 19
29 34 14 19
29 85 14 19
29 13 15 19
29 21 15 19
29 65 15 19
29 88 18 19
29 3 23 19
29 14 23 19
29 15 23 19
29 3 24 19
29 7 24 19
29 13 25 19
29 15 25 19
29 60 25 19
29 85 25 19
29 85 28 19
29 21 29 19
29 82 29 19
29 27 30 19
29 52 30 19
29 77 30 19
29 85 31 19
29 3 38 19
29 7 38 19
29 23 38 19
29 56 38 19
29 14 39 19
29 15 39 19
29 35 39 19
29 79 39 19
29 13 41 19
29 29 41 19
29 58 41 19
29 68 41 19
29 28 42 19
29 39 42 19
29 69 42 19
29 34 46 19
29 79 46 19
29 79 50 19
84 31 2 19
84 107 2 19
84 136 2 19
84 126 3 19
84 129 3 19
84 29 4 19
84 44 4 19
84 63 4 19
84 131 4 19
84 62 5 19
84 114 7 19
84 34 14 19
84 85 14 19
84 65 15 19
84 88 18 19
84 114 23 19
84 91 24 19
84 60 25 19
84 85 25 19
84 85 28 19
84 82 29 19
84 27 30 19
84 52 30 19
84 77 30 19
84 85 31 19
84 56 38 19
84 94 38 19
84 141 38 19
84 35 39 19
84 79 39 19
84 133 40 19
84 29 41 19
84 58 41 19
84 68 41 19
84 28 42 19
84 39 42 19
84 69 42 19
84 98 43 19
84 91 44 19
84 34 46 19
84 79 46 19
84 79 50 19
278 260 15 19
278 253 19 19
278 245 24 19
278 233 25 19
278 262 28 19
278 296 29 19
278 226 30 19
278 255 30 19
278 242 31 19
278 276 31 19
278 263 41 19
278 289 42 19
573 571 2 19
573 572 3 19
573 563 4 19
573 558 7 19
573 598 17 19
573 604 18 19
573 601 20 19
573 576 25 19
573 554 41 19
573 604 46 19
573 598 47 19
573 604 48 19
14 0 2 21
14 1 2 21
14 4 2 21
14 8 2 21
14 29 2 21
14 44 2 21
14 63 2 21
14 62 3 21
14 4 12 21
14 14 12 21
14 15 12 21
14 34 12 21
14 13 13 21
14 21 13 21
14 65 13 21
14 3 21 21
14 14 21 21
14 15 21 21
14 3 22 21
14 7 22 21
14 13 23 21
14 15 23 21
14 60 23 21
14 21 27 21
14 27 28 21
14 52 28 21
14 3 36 21
14 7 36 21
14 23 36 21
14 56 36 21
14 14 37 21
14 15 37 21
14 35 37 21
14 13 39 21
14 29 39 21
14 58 39 21
14 68 39 21
14 28 40 21
14 39 40 21
14 69 40 21
14 34 44 21
14 2 49 21
14 3 49 21
21 0 2 21
21 1 2 21
21 4 2 21
21 8 2 21
21 29 2 21
21 44 2 21
21 63 2 21
21 62 3 21
21 4 12 21
21 14 12 21
21 15 12 21
21 34 12 21
21 13 13 21
21 21 13 21
21 65 13 21
21 3 21 21
21 14 21 21
21 15 21 21
21 3 22 21
21 7 22 21
21 13 23 21
21 15 23 21
21 60 23 21
21 21 27 21
21 27 28 21
21 52 28 21
21 77 28 21
21 3 36 21
21 7 36 21
21 23 36 21
21 56 36 21
21 14 37 21
21 15 37 21
21 35 37 21
21 79 37 21
21 13 39 21
21 29 39 21
21 58 39 21
21 68 39 21
21 28 40 21
21 39 40 21
21 69 40 21
21 34 44 21
21 79 44 21
21 79 48 21
21 2 49 21
21 3 49 21
31 0 2 21
31 1 2 21
31 4 2 21
31 8 2 21
31 29 2 21
31 44 2 21
31 63 2 21
31 62 3 21
31 4 12 21
31 14 12 21
31 15 12 21
31 34 12 21
31 85 12 21
31 13 13 21
31 21 13 21
31 65 13 21
31 88 16 21
31 3 21 21
31 14 21 21
31 15 21 21
31 3 22 21
31 7 22 21
31 13 23 21
31 15 23 21
31 60 23 21
31 85 23 21
31 85 26 21
31 21 27 21
31 82 27 21
31 27 28 21
31 52 28 21
31 77 28 21
31 85 29 21
31 3 36 21
31 7 36 21
31 23 36 21
31 56 36 21
31 14 37 21
31 15 37 21
31 35 37 21
31 79 37 21
31 13 39 21
31 29 39 21
31 58 39 21
31 68 39 21
31 28 40 21
31 39 40 21
31 69 40 21
31 34 44 21
31 79 44 21
31 79 48 21
31 2 49 21
31 3 49 21
107 126 1 21
107 129 1 21
107 63 2 21
107 131 2 21
107 62 3 21
107 114 5 21
107 85 12 21
107 65 13 21
107 88 16 21
107 114 21 21
107 91 22 21
107 60 23 21
107 85 23 21
107 85 26 21
107 82 27 21
107 52 28 21
107 77 28 21
107 85 29 21
107 56 36 21
107 94 36 21
107 141 36 21
107 79 37 21
107 133 38 21
107 58 39 21
107 68 39 21
107 69 40 21
107 150 40 21
107 98 41 21
107 91 42 21
107 79 44 21
107 79 48 21
136 126 1 21
136 129 1 21
136 131 2 21
136 114 5 21
136 85 12 21
136 88 16 21
136 114 21 21
136 91 22 21
136 85 23 21
136 85 26 21
136 82 27 21
136 77 28 21
136 85 29 21
136 170 35 21
136 94 36 21
136 141 36 21
136 79 37 21
136 133 38 21
136 186 39 21
136 150 40 21
136 98 41 21
136 91 42 21
136 79 44 21
136 79 48 21
439 429 1 21
439 420 2 21
439 466 3 21
439 468 4 21
439 409 5 21
439 388 12 21
439 468 17 21
439 432 21 21
439 396 22 21
439 435 23 21
439 484 25 21
439 438 30 21
439 439 36 21
439 468 44 21
571 572 1 21
571 563 2 21
571 558 5 21
571 598 15 21
571 604 16 21
571 601 18 21
571 576 23 21
571 554 39 21
571 604 44 21
571 598 45 21
571 604 46 21
571 594 49 21
126 131 1 22
126 114 4 22
126 85 11 22
126 88 15 22
126 114 20 22
126 91 21 22
126 85 22 22
126 85 25 22
126 82 26 22
126 77 27 22
126 85 28 22
126 170 34 22
126 94 35 22
126 141 35 22
126 79 36 22
126 133 37 22
126 68 38 22
126 69 39 22
126 150 39 22
126 98 40 22
126 91 41 22
126 79 43 22
126 79 47 22
129 131 1 22
129 114 4 22
129 85 11 22
129 88 15 22
129 114 20 22
129 91 21 22
129 85 22 22
129 85 25 22
129 82 26 22
129 77 27 22
129 85 28 22
129 170 34 22
129 94 35 22
129 141 35 22
129 79 36 22
129 133 37 22
129 186 38 22
129 69 39 22
129 150 39 22
129 98 40 22
129 91 41 22
129 79 43 22
129 79 47 22
429 420 1 22
429 466 2 22
429 468 3 22
429 409 4 22
429 388 11 22
429 468 16 22
429 432 20 22
429 396 21 22
429 435 22 22
429 484 24 22
429 438 29 22
429 439 35 22
429 468 43 22
572 563 1 22
572 558 4 22
572 598 14 22
572 604 15 22
572 601 17 22
572 576 22 22
572 554 38 22
572 604 43 22
572 598 44 22
572 604 45 22
572 594 48 22
572 604 50 22
0 4 10 23
0 14 10 23
0 15 10 23
0 34 10 23
0 13 11 23
0 21 11 23
0 3 19 23
0 14 19 23
0 15 19 23
0 3 20 23
0 7 20 23
0 13 21 23
0 15 21 23
0 21 25 23
0 27 26 23
0 52 26 23
0 3 34 23
0 7 34 23
0 23 34 23
0 56 34 23
0 14 35 23
0 15 35 23
0 35 35 23
0 13 37 23
0 29 37 23
0 58 37 23
0 28 38 23
0 39 38 23
0 34 42 23
0 2 47 23
0 3 47 23
1 4 10 23
1 14 10 23
1 15 10 23
1 34 10 23
1 13 11 23
1 21 11 23
1 3 19 23
1 14 19 23
1 15 19 23
1 3 20 23
1 7 20 23
1 13 21 23
1 15 21 23
1 60 21 23
1 21 25 23
1 27 26 23
1 52 26 23
1 3 34 23
1 7 34 23
1 23 34 23
1 56 34 23
1 14 35 23
1 15 35 23
1 35 35 23
1 13 37 23
1 29 37 23
1 58 37 23
1 28 38 23
1 39 38 23
1 34 42 23
1 2 47 23
1 3 47 23
4 62 1 23
4 4 10 23
4 14 10 23
4 15 10 23
4 34 10 23
4 13 11 23
4 21 11 23
4 3 19 23
4 14 19 23
4 15 19 23
4 3 20 23
4 7 20 23
4 13 21 23
4 15 21 23
4 60 21 23
4 21 25 23
4 27 26 23
4 52 26 23
4 3 34 23
4 7 34 23
4 23 34 23
4 56 34 23
4 14 35 23
4 15 35 23
4 35 35 23
4 13 37 23
4 29 37 23
4 58 37 23
4 28 38 23
4 39 38 23
4 34 42 23
4 2 47 23
4 3 47 23
8 62 1 23
8 4 10 23
8 14 10 23
8 15 10 23
8 34 10 23
8 13 11 23
8 21 11 23
8 65 11 23
8 3 19 23
8 14 19 23
8 15 19 23
8 3 20 23
8 7 20 23
8 13 21 23
8 15 21 23
8 60 21 23
8 21 25 23
8 27 26 23
8 52 26 23
8 3 34 23
8 7 34 23
8 23 34 23
8 56 34 23
8 14 35 23
8 15 35 23
8 35 35 23
8 13 37 23
8 29 37 23
8 58 37 23
8 28 38 23
8 39 38 23
8 34 42 23
8 2 47 23
8 3 47 23
29 62 1 23
29 4 10 23
29 14 10 23
29 15 10 23
29 34 10 23
29 85 10 23
29 13 11 23
29 21 11 23
29 65 11 23
29 88 14 23
29 3 19 23
29 14 19 23
29 15 19 23
29 3 20 23
29 7 20 23
29 13 21 23
29 15 21 23
29 60 21 23
29 85 21 23
29 85 24 23
29 21 25 23
29 82 25 23
29 27 26 23
29 52 26 23
29 77 26 23
29 85 27 23
29 3 34 23
29 7 34 23
29 23 34 23
29 56 34 23
29 14 35 23
29 15 35 23
29 35 35 23
29 79 35 23
29 13 37 23
29 29 37 23
29 58 37 23
29 68 37 23
29 28 38 23
29 39 38 23
29 69 38 23
29 34 42 23
29 79 42 23
29 79 46 23
29 2 47 23
29 3 47 23
44 62 1 23
44 4 10 23
44 14 10 23
44 15 10 23
44 34 10 23
44 85 10 23
44 13 11 23
44 21 11 23
44 65 11 23
44 88 14 23
44 3 19 23
44 14 19 23
44 15 19 23
44 3 20 23
44 7 20 23
44 91 20 23
44 13 21 23
44 15 21 23
44 60 21 23
44 85 21 23
44 85 24 23
44 21 25 23
44 82 25 23
44 27 26 23
44 52 26 23
44 77 26 23
44 85 27 23
44 3 34 23
44 7 34 23
44 23 34 23
44 56 34 23
44 94 34 23
44 14 35 23
44 15 35 23
44 35 35 23
44 79 35 23
44 13 37 23
44 29 37 23
44 58 37 23
44 68 37 23
44 28 38 23
44 39 38 23
44 69 38 23
44 98 39 23
44 91 40 23
44 34 42 23
44 79 42 23
44 79 46 23
44 2 47 23
44 3 47 23
63 62 1 23
63 114 3 23
63 4 10 23
63 14 10 23
63 15 10 23
63 34 10 23
63 85 10 23
63 13 11 23
63 21 11 23
63 65 11 23
63 88 14 23
63 3 19 23
63 14 19 23
63 15 19 23
63 114 19 23
63 3 20 23
63 7 20 23
63 91 20 23
63 13 21 23
63 15 21 23
63 60 21 23
63 85 21 23
63 85 24 23
63 21 25 23
63 82 25 23
63 27 26 23
63 52 26 23
63 77 26 23
63 85 27 23
63 3 34 23
63 7 34 23
63 23 34 23
63 56 34 23
63 94 34 23
63 14 35 23
63 15 35 23
63 35 35 23
63 79 35 23
63 13 37 23
63 29 37 23
63 58 37 23
63 68 37 23
63 28 38 23
63 39 38 23
63 69 38 23
63 98 39 23
63 91 40 23
63 34 42 23
63 79 42 23
63 79 46 23
63 3 47 23
131 114 3 23
131 85 10 23
131 88 14 23
131 114 19 23
131 91 20 23
131 85 21 23
131 85 24 23
131 82 25 23
131 77 26 23
131 85 27 23
131 170 33 23
131 94 34 23
131 141 34 23
131 79 35 23
131 133 36 23
131 186 37 23
131 150 38 23
131 98 39 23
131 91 40 23
131 79 42 23
131 79 46 23
420 466 1 23
420 468 2 23
420 409 3 23
420 388 10 23
420 468 15 23
420 432 19 23
420 396 20 23
420 435 21 23
420 438 28 23
420 439 34 23
420 362 36 23
420 468 42 23
563 558 3 23
563 598 13 23
563 604 14 23
563 601 16 23
563 576 21 23
563 503 33 23
563 554 37 23
563 604 42 23
563 598 43 23
563 604 44 23
563 594 47 23
563 604 49 23
62 114 2 24
62 4 9 24
62 14 9 24
62 15 9 24
62 34 9 24
62 85 9 24
62 13 10 24
62 21 10 24
62 65 10 24
62 88 13 24
62 3 18 24
62 14 18 24
62 15 18 24
62 114 18 24
62 3 19 24
62 7 19 24
62 91 19 24
62 13 20 24
62 15 20 24
62 60 20 24
62 85 20 24
62 85 23 24
62 21 24 24
62 82 24 24
62 27 25 24
62 52 25 24
62 77 25 24
62 85 26 24
62 3 33 24
62 7 33 24
62 23 33 24
62 56 33 24
62 94 33 24
62 14 34 24
62 15 34 24
62 35 34 24
62 79 34 24
62 13 36 24
62 29 36 24
62 58 36 24
62 68 36 24
62 28 37 24
62 39 37 24
62 69 37 24
62 98 38 24
62 91 39 24
62 34 41 24
62 79 41 24
62 79 45 24
62 2 46 24
62 3 46 24
62 99 50 24
466 468 1 24
466 409 2 24
466 468 14 24
466 432 18 24
466 435 20 24
466 484 22 24
466 438 27 24
466 503 32 24
466 439 33 24
466 468 41 24
466 435 50 24
468 409 1 25
468 468 13 25
468 432 17 25
468 435 19 25
468 484 21 25
468 438 26 25
468 503 31 25
468 439 32 25
468 468 40 25
468 435 49 25
114 85 7 26
114 65 8 26
114 88 11 26
114 114 16 26
114 91 17 26
114 60 18 26
114 85 18 26
114 85 21 26
114 82 22 26
114 77 23 26
114 85 24 26
114 170 30 26
114 56 31 26
114 94 31 26
114 141 31 26
114 79 32 26
114 133 33 26
114 58 34 26
114 68 34 26
114 69 35 26
114 150 35 26
114 98 36 26
114 91 37 26
114 79 39 26
114 79 43 26
114 99 48 26
114 89 49 26
114 139 49 26
114 83 50 26
206 260 8 26
206 253 12 26
206 217 16 26
206 245 17 26
206 233 18 26
206 262 21 26
206 226 23 26
206 255 23 26
206 242 24 26
206 170 30 26
206 186 34 26
206 263 34 26
206 150 35 26
206 217 44 26
206 253 48 26
206 255 49 26
409 388 7 26
409 468 12 26
409 359 13 26
409 432 16 26
409 396 17 26
409 435 18 26
409 438 25 26
409 439 31 26
409 362 33 26
409 468 39 26
409 359 44 26
409 435 48 26
558 598 10 26
558 604 11 26
558 601 13 26
558 576 18 26
558 503 30 26
558 554 34 26
558 604 39 26
558 598 40 26
558 604 41 26
558 594 44 26
558 604 46 26
558 609 49 26
4 13 1 33
4 21 1 33
4 3 9 33
4 14 9 33
4 15 9 33
4 3 10 33
4 7 10 33
4 13 11 33
4 15 11 33
4 60 11 33
4 21 15 33
4 27 16 33
4 52 16 33
4 3 24 33
4 7 24 33
4 23 24 33
4 56 24 33
4 14 25 33
4 15 25 33
4 35 25 33
4 13 27 33
4 29 27 33
4 58 27 33
4 28 28 33
4 39 28 33
4 34 32 33
4 2 37 33
4 3 37 33
4 11 42 33
4 15 42 33
4 31 42 33
4 14 43 33
4 63 46 33
14 13 1 33
14 21 1 33
14 65 1 33
14 3 9 33
14 14 9 33
14 15 9 33
14 3 10 33
14 7 10 33
14 13 11 33
14 15 11 33
14 60 11 33
14 21 15 33
14 27 16 33
14 52 16 33
14 3 24 33
14 7 24 33
14 23 24 33
14 56 24 33
14 14 25 33
14 15 25 33
14 35 25 33
14 13 27 33
14 29 27 33
14 58 27 33
14 68 27 33
14 28 28 33
14 39 28 33
14 69 28 33
14 34 32 33
14 2 37 33
14 3 37 33
14 11 42 33
14 15 42 33
14 31 42 33
14 14 43 33
14 63 46 33
15 13 1 33
15 21 1 33
15 65 1 33
15 3 9 33
15 14 9 33
15 15 9 33
15 3 10 33
15 7 10 33
15 13 11 33
15 15 11 33
15 60 11 33
15 21 15 33
15 27 16 33
15 52 16 33
15 3 24 33
15 7 24 33
15 23 24 33
15 56 24 33
15 14 25 33
15 15 25 33
15 35 25 33
15 13 27 33
15 29 27 33
15 58 27 33
15 68 27 33
15 28 28 33
15 39 28 33
15 69 28 33
15 34 32 33
15 2 37 33
15 3 37 33
15 11 42 33
15 15 42 33
15 31 42 33
15 14 43 33
15 63 46 33
34 13 1 33
34 21 1 33
34 65 1 33
34 88 4 33
34 3 9 33
34 14 9 33
34 15 9 33
34 3 10 33
34 7 10 33
34 91 10 33
34 13 11 33
34 15 11 33
34 60 11 33
34 85 11 33
34 85 14 33
34 21 15 33
34 82 15 33
34 27 16 33
34 52 16 33
34 77 16 33
34 85 17 33
34 3 24 33
34 7 24 33
34 23 24 33
34 56 24 33
34 14 25 33
34 15 25 33
34 35 25 33
34 79 25 33
34 13 27 33
34 29 27 33
34 58 27 33
34 68 27 33
34 28 28 33
34 39 28 33
34 69 28 33
34 91 30 33
34 34 32 33
34 79 32 33
34 79 36 33
34 2 37 33
34 3 37 33
34 11 42 33
34 15 42 33
34 31 42 33
34 89 42 33
34 14 43 33
34 83 43 33
34 77 44 33
34 81 45 33
34 63 46 33
85 65 1 33
85 88 4 33
85 114 9 33
85 91 10 33
85 60 11 33
85 85 11 33
85 85 14 33
85 82 15 33
85 27 16 33
85 52 16 33
85 77 16 33
85 85 17 33
85 56 24 33
85 94 24 33
85 141 24 33
85 35 25 33
85 79 25 33
85 133 26 33
85 29 27 33
85 58 27 33
85 68 27 33
85 28 28 33
85 39 28 33
85 69 28 33
85 98 29 33
85 91 30 33
85 34 32 33
85 79 32 33
85 79 36 33
85 99 41 33
85 31 42 33
85 89 42 33
85 139 42 33
85 83 43 33
85 77 44 33
85 81 45 33
85 63 46 33
388 345 4 33
388 359 6 33
388 432 9 33
388 396 10 33
388 435 11 33
388 340 12 33
388 438 18 33
388 439 24 33
388 345 25 33
388 362 26 33
388 340 29 33
388 339 36 33
388 359 37 33
388 435 41 33
388 368 50 33
13 3 8 34
13 14 8 34
13 15 8 34
13 3 9 34
13 7 9 34
13 13 10 34
13 15 10 34
13 60 10 34
13 21 14 34
13 27 15 34
13 52 15 34
13 3 23 34
13 7 23 34
13 23 23 34
13 56 23 34
13 14 24 34
13 15 24 34
13 35 24 34
13 13 26 34
13 29 26 34
13 58 26 34
13 68 26 34
13 28 27 34
13 39 27 34
13 69 27 34
13 34 31 34
13 2 36 34
13 3 36 34
13 11 41 34
13 15 41 34
13 31 41 34
13 14 42 34
13 63 45 34
21 3 8 34
21 14 8 34
21 15 8 34
21 3 9 34
21 7 9 34
21 13 10 34
21 15 10 34
21 60 10 34
21 21 14 34
21 27 15 34
21 52 15 34
21 77 15 34
21 3 23 34
21 7 23 34
21 23 23 34
21 56 23 34
21 14 24 34
21 15 24 34
21 35 24 34
21 79 24 34
21 13 26 34
21 29 26 34
21 58 26 34
21 68 26 34
21 28 27 34
21 39 27 34
21 69 27 34
21 34 31 34
21 79 31 34
21 79 35 34
21 2 36 34
21 3 36 34
21 11 41 34
21 15 41 34
21 31 41 34
21 14 42 34
21 77 43 34
21 63 45 34
65 88 3 34
65 14 8 34
65 15 8 34
65 114 8 34
65 7 9 34
65 91 9 34
65 13 10 34
65 15 10 34
65 60 10 34
65 85 10 34
65 85 13 34
65 21 14 34
65 82 14 34
65 27 15 34
65 52 15 34
65 77 15 34
65 85 16 34
65 7 23 34
65 23 23 34
65 56 23 34
65 94 23 34
65 14 24 34
65 15 24 34
65 35 24 34
65 79 24 34
65 13 26 34
65 29 26 34
65 58 26 34
65 68 26 34
65 28 27 34
65 39 27 34
65 69 27 34
65 98 28 34
65 91 29 34
65 34 31 34
65 79 31 34
65 79 35 34
65 99 40 34
65 11 41 34
65 15 41 34
65 31 41 34
65 89 41 34
65 14 42 34
65 83 42 34
65 77 43 34
65 81 44 34
65 63 45 34
260 253 4 34
260 217 8 34
260 245 9 34
260 233 10 34
260 262 13 34
260 296 14 34
260 226 15 34
260 255 15 34
260 242 16 34
260 276 16 34
260 263 26 34
260 289 27 34
260 217 36 34
260 253 40 34
260 255 41 34
260 296 42 34
260 226 43 34
260 283 43 34
260 277 44 34
260 290 45 34
598 604 1 36
598 601 3 36
598 576 8 36
598 655 23 36
598 554 24 36
598 644 25 36
598 604 29 36
598 598 30 36
598 604 31 36
598 594 34 36
598 604 36 36
598 609 39 36
598 598 42 36
598 539 48 36
598 540 49 36
88 114 5 37
88 91 6 37
88 60 7 37
88 85 7 37
88 85 10 37
88 82 11 37
88 52 12 37
88 77 12 37
88 85 13 37
88 56 20 37
88 94 20 37
88 141 20 37
88 35 21 37
88 79 21 37
88 133 22 37
88 29 23 37
88 58 23 37
88 68 23 37
88 28 24 37
88 39 24 37
88 69 24 37
88 98 25 37
88 91 26 37
88 34 28 37
88 79 28 37
88 79 32 37
88 99 37 37
88 31 38 37
88 89 38 37
88 139 38 37
88 83 39 37
88 77 40 37
88 81 41 37
88 63 42 37
345 359 2 37
345 396 6 37
345 340 8 37
345 296 11 37
345 345 21 37
345 362 22 37
345 289 24 37
345 340 25 37
345 339 32 37
345 359 33 37
345 296 39 37
345 290 42 37
345 368 46 37
345 324 47 37
345 329 48 37
604 601 2 37
604 576 7 37
604 655 22 37
604 554 23 37
604 644 24 37
604 604 28 37
604 598 29 37
604 604 30 37
604 594 33 37
604 604 35 37
604 609 38 37
604 598 41 37
253 217 4 38
253 245 5 38
253 233 6 38
253 262 9 38
253 296 10 38
253 226 11 38
253 255 11 38
253 242 12 38
253 276 12 38
253 263 22 38
253 289 23 38
253 217 32 38
253 253 36 38
253 255 37 38
253 296 38 38
253 226 39 38
253 283 39 38
253 277 40 38
253 290 41 38
253 217 47 38
468 432 4 38
468 435 6 38
468 484 8 38
468 438 13 38
468 503 18 38
468 439 19 38
468 468 27 38
468 435 36 38
359 396 4 39
359 340 6 39
359 345 19 39
359 362 20 39
359 340 23 39
359 339 30 39
359 359 31 39
359 368 44 39
359 324 45 39
359 329 46 39
601 576 5 39
601 655 20 39
601 554 21 39
601 644 22 39
601 604 26 39
601 598 27 39
601 604 28 39
601 594 31 39
601 604 33 39
601 609 36 39
601 598 39 39
3 3 1 42
3 7 1 42
3 13 2 42
3 15 2 42
3 60 2 42
3 21 6 42
3 27 7 42
3 52 7 42
3 3 15 42
3 7 15 42
3 23 15 42
3 56 15 42
3 14 16 42
3 15 16 42
3 35 16 42
3 13 18 42
3 29 18 42
3 58 18 42
3 28 19 42
3 39 19 42
3 34 23 42
3 2 28 42
3 3 28 42
3 11 33 42
3 15 33 42
3 31 33 42
3 14 34 42
3 1 43 42
3 4 43 42
14 3 1 42
14 7 1 42
14 13 2 42
14 15 2 42
14 60 2 42
14 21 6 42
14 27 7 42
14 52 7 42
14 3 15 42
14 7 15 42
14 23 15 42
14 56 15 42
14 14 16 42
14 15 16 42
14 35 16 42
14 13 18 42
14 29 18 42
14 58 18 42
14 68 18 42
14 28 19 42
14 39 19 42
14 69 19 42
14 34 23 42
14 2 28 42
14 3 28 42
14 11 33 42
14 15 33 42
14 31 33 42
14 14 34 42
14 63 37 42
14 1 43 42
14 4 43 42
15 3 1 42
15 7 1 42
15 13 2 42
15 15 2 42
15 60 2 42
15 21 6 42
15 27 7 42
15 52 7 42
15 3 15 42
15 7 15 42
15 23 15 42
15 56 15 42
15 14 16 42
15 15 16 42
15 35 16 42
15 13 18 42
15 29 18 42
15 58 18 42
15 68 18 42
15 28 19 42
15 39 19 42
15 69 19 42
15 34 23 42
15 2 28 42
15 3 28 42
15 11 33 42
15 15 33 42
15 31 33 42
15 14 34 42
15 63 37 42
15 1 43 42
15 4 43 42
114 91 1 42
114 60 2 42
114 85 2 42
114 85 5 42
114 82 6 42
114 77 7 42
114 85 8 42
114 170 14 42
114 56 15 42
114 94 15 42
114 141 15 42
114 79 16 42
114 133 17 42
114 58 18 42
114 68 18 42
114 69 19 42
114 150 19 42
114 98 20 42
114 91 21 42
114 79 23 42
114 79 27 42
114 99 32 42
114 89 33 42
114 139 33 42
114 83 34 42
114 77 35 42
114 81 36 42
114 63 37 42
217 245 1 42
217 233 2 42
217 262 5 42
217 226 7 42
217 255 7 42
217 242 8 42
217 276 8 42
217 170 14 42
217 186 18 42
217 263 18 42
217 217 28 42
217 253 32 42
217 255 33 42
217 226 35 42
217 217 43 42
432 396 1 42
432 435 2 42
432 484 4 42
432 438 9 42
432 439 15 42
432 468 23 42
432 435 32 42
744 736 1 42
744 738 3 42
744 742 6 42
744 734 7 42
744 723 14 42
744 715 15 42
744 759 20 42
744 735 31 42
744 690 32 42
744 737 34 42
744 731 35 42
744 759 41 42
3 13 1 43
3 15 1 43
3 60 1 43
3 21 5 43
3 27 6 43
3 52 6 43
3 3 14 43
3 7 14 43
3 23 14 43
3 56 14 43
3 14 15 43
3 15 15 43
3 35 15 43
3 13 17 43
3 29 17 43
3 58 17 43
3 28 18 43
3 39 18 43
3 34 22 43
3 2 27 43
3 3 27 43
3 11 32 43
3 15 32 43
3 31 32 43
3 14 33 43
3 1 42 43
3 4 42 43
7 13 1 43
7 15 1 43
7 60 1 43
7 21 5 43
7 27 6 43
7 52 6 43
7 3 14 43
7 7 14 43
7 23 14 43
7 56 14 43
7 14 15 43
7 15 15 43
7 35 15 43
7 13 17 43
7 29 17 43
7 58 17 43
7 28 18 43
7 39 18 43
7 34 22 43
7 2 27 43
7 3 27 43
7 11 32 43
7 15 32 43
7 31 32 43
7 14 33 43
7 63 36 43
7 1 42 43
7 4 42 43
91 60 1 43
91 85 1 43
91 85 4 43
91 82 5 43
91 52 6 43
91 77 6 43
91 85 7 43
91 56 14 43
91 94 14 43
91 141 14 43
91 35 15 43
91 79 15 43
91 133 16 43
91 58 17 43
91 68 17 43
91 39 18 43
91 69 18 43
91 150 18 43
91 98 19 43
91 91 20 43
91 34 22 43
91 79 22 43
91 79 26 43
91 99 31 43
91 31 32 43
91 89 32 43
91 139 32 43
91 83 33 43
91 77 34 43
91 81 35 43
91 63 36 43
245 233 1 43
245 262 4 43
245 296 5 43
245 226 6 43
245 255 6 43
245 242 7 43
245 276 7 43
245 186 17 43
245 263 17 43
245 289 18 43
245 217 27 43
245 253 31 43
245 255 32 43
245 296 33 43
245 226 34 43
245 283 34 43
245 277 35 43
245 290 36 43
245 217 42 43
396 435 1 43
396 340 2 43
396 438 8 43
396 439 14 43
396 345 15 43
396 362 16 43
396 340 19 43
396 339 26 43
396 359 27 43
396 435 31 43
396 368 40 43
736 738 2 43
736 742 5 43
736 734 6 43
736 723 13 43
736 715 14 43
736 759 19 43
736 735 30 43
736 690 31 43
736 737 33 43
736 731 34 43
736 759 40 43
13 21 4 44
13 27 5 44
13 52 5 44
13 3 13 44
13 7 13 44
13 23 13 44
13 56 13 44
13 14 14 44
13 15 14 44
13 35 14 44
13 13 16 44
13 29 16 44
13 58 16 44
13 68 16 44
13 28 17 44
13 39 17 44
13 69 17 44
13 34 21 44
13 2 26 44
13 3 26 44
13 11 31 44
13 15 31 44
13 31 31 44
13 14 32 44
13 63 35 44
13 1 41 44
13 4 41 44
15 21 4 44
15 27 5 44
15 52 5 44
15 3 13 44
15 7 13 44
15 23 13 44
15 56 13 44
15 14 14 44
15 15 14 44
15 35 14 44
15 13 16 44
15 29 16 44
15 58 16 44
15 68 16 44
15 28 17 44
15 39 17 44
15 69 17 44
15 34 21 44
15 2 26 44
15 3 26 44
15 11 31 44
15 15 31 44
15 31 31 44
15 14 32 44
15 63 35 44
15 1 41 44
15 4 41 44
60 85 3 44
60 21 4 44
60 82 4 44
60 27 5 44
60 52 5 44
60 77 5 44
60 85 6 44
60 3 13 44
60 7 13 44
60 23 13 44
60 56 13 44
60 94 13 44
60 14 14 44
60 15 14 44
60 35 14 44
60 79 14 44
60 13 16 44
60 29 16 44
60 58 16 44
60 68 16 44
60 28 17 44
60 39 17 44
60 69 17 44
60 98 18 44
60 91 19 44
60 34 21 44
60 79 21 44
60 79 25 44
60 2 26 44
60 3 26 44
60 99 30 44
60 11 31 44
60 15 31 44
60 31 31 44
60 89 31 44
60 14 32 44
60 83 32 44
60 77 33 44
60 81 34 44
60 63 35 44
60 1 41 44
60 4 41 44
85 85 3 44
85 82 4 44
85 27 5 44
85 52 5 44
85 77 5 44
85 85 6 44
85 56 13 44
85 94 13 44
85 141 13 44
85 35 14 44
85 79 14 44
85 133 15 44
85 29 16 44
85 58 16 44
85 68 16 44
85 28 17 44
85 39 17 44
85 69 17 44
85 98 18 44
85 91 19 44
85 34 21 44
85 79 21 44
85 79 25 44
85 99 30 44
85 31 31 44
85 89 31 44
85 139 31 44
85 83 32 44
85 77 33 44
85 81 34 44
85 63 35 44
233 262 3 44
233 226 5 44
233 255 5 44
233 242 6 44
233 276 6 44
233 186 16 44
233 263 16 44
233 289 17 44
233 217 26 44
233 253 30 44
233 255 31 44
233 226 33 44
233 283 33 44
233 277 34 44
233 290 35 44
233 217 41 44
435 484 2 44
435 438 7 44
435 439 13 44
435 468 21 44
435 435 30 44
576 554 16 44
576 604 21 44
576 598 22 44
576 604 23 44
576 594 26 44
576 604 28 44
576 609 31 44
576 598 34 44
576 539 40 44
576 540 41 44
340 296 3 45
340 345 13 45
340 362 14 45
340 289 16 45
340 340 17 45
340 339 24 45
340 359 25 45
340 296 31 45
340 283 32 45
340 290 34 45
340 368 38 45
340 324 39 45
340 329 40 45
738 742 3 45
738 734 4 45
738 723 11 45
738 715 12 45
738 759 17 45
738 735 28 45
738 690 29 45
738 737 31 45
738 731 32 45
738 759 38 45
484 438 5 46
484 503 10 46
484 439 11 46
484 468 19 46
484 435 28 46
484 539 38 46
484 540 39 46
85 82 1 47
85 27 2 47
85 52 2 47
85 77 2 47
85 85 3 47
85 56 10 47
85 94 10 47
85 141 10 47
85 35 11 47
85 79 11 47
85 133 12 47
85 29 13 47
85 58 13 47
85 68 13 47
85 28 14 47
85 39 14 47
85 69 14 47
85 98 15 47
85 91 16 47
85 34 18 47
85 79 18 47
85 79 22 47
85 99 27 47
85 31 28 47
85 89 28 47
85 139 28 47
85 83 29 47
85 77 30 47
85 81 31 47
85 63 32 47
262 296 1 47
262 226 2 47
262 255 2 47
262 242 3 47
262 276 3 47
262 263 13 47
262 289 14 47
262 217 23 47
262 253 27 47
262 255 28 47
262 296 29 47
262 226 30 47
262 283 30 47
262 277 31 47
262 290 32 47
262 217 38 47
21 27 1 48
21 52 1 48
21 77 1 48
21 3 9 48
21 7 9 48
21 23 9 48
21 56 9 48
21 14 10 48
21 15 10 48
21 35 10 48
21 79 10 48
21 13 12 48
21 29 12 48
21 58 12 48
21 68 12 48
21 28 13 48
21 39 13 48
21 69 13 48
21 34 17 48
21 79 17 48
21 79 21 48
21 2 22 48
21 3 22 48
21 11 27 48
21 15 27 48
21 31 27 48
21 14 28 48
21 77 29 48
21 63 31 48
21 1 37 48
21 4 37 48
82 27 1 48
82 52 1 48
82 77 1 48
82 85 2 48
82 23 9 48
82 56 9 48
82 94 9 48
82 141 9 48
82 35 10 48
82 79 10 48
82 133 11 48
82 29 12 48
82 58 12 48
82 68 12 48
82 28 13 48
82 39 13 48
82 69 13 48
82 98 14 48
82 91 15 48
82 34 17 48
82 79 17 48
82 79 21 48
82 99 26 48
82 31 27 48
82 89 27 48
82 139 27 48
82 83 28 48
82 77 29 48
82 81 30 48
82 63 31 48
296 255 1 48
296 242 2 48
296 276 2 48
296 345 10 48
296 263 12 48
296 289 13 48
296 340 14 48
296 339 21 48
296 253 26 48
296 255 27 48
296 296 28 48
296 283 29 48
296 277 30 48
296 290 31 48
296 324 36 48
296 329 37 48
742 734 1 48
742 723 8 48
742 715 9 48
742 759 14 48
742 735 25 48
742 690 26 48
742 737 28 48
742 731 29 48
742 759 35 48
27 85 1 49
27 3 8 49
27 7 8 49
27 23 8 49
27 56 8 49
27 14 9 49
27 15 9 49
27 35 9 49
27 79 9 49
27 13 11 49
27 29 11 49
27 58 11 49
27 68 11 49
27 28 12 49
27 39 12 49
27 69 12 49
27 34 16 49
27 79 16 49
27 79 20 49
27 2 21 49
27 3 21 49
27 11 26 49
27 15 26 49
27 31 26 49
27 14 27 49
27 83 27 49
27 77 28 49
27 81 29 49
27 63 30 49
27 1 36 49
27 4 36 49
52 85 1 49
52 3 8 49
52 7 8 49
52 23 8 49
52 56 8 49
52 94 8 49
52 14 9 49
52 15 9 49
52 35 9 49
52 79 9 49
52 13 11 49
52 29 11 49
52 58 11 49
52 68 11 49
52 28 12 49
52 39 12 49
52 69 12 49
52 98 13 49
52 91 14 49
52 34 16 49
52 79 16 49
52 79 20 49
52 2 21 49
52 3 21 49
52 99 25 49
52 11 26 49
52 15 26 49
52 31 26 49
52 89 26 49
52 14 27 49
52 83 27 49
52 77 28 49
52 81 29 49
52 63 30 49
52 1 36 49
52 4 36 49
77 85 1 49
77 23 8 49
77 56 8 49
77 94 8 49
77 35 9 49
77 79 9 49
77 133 10 49
77 29 11 49
77 58 11 49
77 68 11 49
77 28 12 49
77 39 12 49
77 69 12 49
77 98 13 49
77 91 14 49
77 34 16 49
77 79 16 49
77 79 20 49
77 99 25 49
77 31 26 49
77 89 26 49
77 83 27 49
77 77 28 49
77 81 29 49
77 63 30 49
226 242 1 49
226 276 1 49
226 170 7 49
226 186 11 49
226 263 11 49
226 217 21 49
226 253 25 49
226 255 26 49
226 226 28 49
226 283 28 49
226 277 29 49
226 217 36 49
255 242 1 49
255 276 1 49
255 263 11 49
255 289 12 49
255 217 21 49
255 253 25 49
255 255 26 49
255 296 27 49
255 226 28 49
255 283 28 49
255 277 29 49
255 290 30 49
255 217 36 49
734 723 7 49
734 715 8 49
734 759 13 49
734 735 24 49
734 690 25 49
734 737 27 49
734 731 28 49
734 759 34 49
85 56 7 50
85 94 7 50
85 141 7 50
85 35 8 50
85 79 8 50
85 133 9 50
85 29 10 50
85 58 10 50
85 68 10 50
85 28 11 50
85 39 11 50
85 69 11 50
85 98 12 50
85 91 13 50
85 34 15 50
85 79 15 50
85 79 19 50
85 99 24 50
85 31 25 50
85 89 25 50
85 139 25 50
85 83 26 50
85 77 27 50
85 81 28 50
85 63 29 50
242 186 10 50
242 263 10 50
242 289 11 50
242 217 20 50
242 253 24 50
242 255 25 50
242 296 26 50
242 226 27 50
242 283 27 50
242 277 28 50
242 290 29 50
242 217 35 50
276 263 10 50
276 289 11 50
276 217 20 50
276 253 24 50
276 255 25 50
276 296 26 50
276 226 27 50
276 283 27 50
276 277 28 50
276 290 29 50
276 324 34 50
276 217 35 50
276 329 35 50
438 439 6 51
438 468 14 51
438 435 23 51
170 141 1 56
170 133 3 56
170 186 4 56
170 150 5 56
170 217 14 56
170 139 19 56
170 226 21 56
170 217 29 56
503 554 4 56
503 468 9 56
503 539 28 56
503 540 29 56
723 715 1 56
723 759 6 56
723 735 17 56
723 690 18 56
723 737 20 56
723 731 21 56
723 759 27 56
3 14 1 57
3 15 1 57
3 35 1 57
3 13 3 57
3 29 3 57
3 58 3 57
3 28 4 57
3 39 4 57
3 34 8 57
3 2 13 57
3 3 13 57
3 11 18 57
3 15 18 57
3 31 18 57
3 14 19 57
3 1 28 57
3 4 28 57
7 14 1 57
7 15 1 57
7 35 1 57
7 13 3 57
7 29 3 57
7 58 3 57
7 28 4 57
7 39 4 57
7 34 8 57
7 2 13 57
7 3 13 57
7 11 18 57
7 15 18 57
7 31 18 57
7 14 19 57
7 63 22 57
7 1 28 57
7 4 28 57
23 14 1 57
23 15 1 57
23 35 1 57
23 79 1 57
23 13 3 57
23 29 3 57
23 58 3 57
23 68 3 57
23 28 4 57
23 39 4 57
23 69 4 57
23 34 8 57
23 79 8 57
23 79 12 57
23 2 13 57
23 3 13 57
23 11 18 57
23 15 18 57
23 31 18 57
23 14 19 57
23 77 20 57
23 81 21 57
23 63 22 57
23 1 28 57
23 4 28 57
56 14 1 57
56 15 1 57
56 35 1 57
56 79 1 57
56 13 3 57
56 29 3 57
56 58 3 57
56 68 3 57
56 28 4 57
56 39 4 57
56 69 4 57
56 98 5 57
56 91 6 57
56 34 8 57
56 79 8 57
56 79 12 57
56 2 13 57
56 3 13 57
56 99 17 57
56 11 18 57
56 15 18 57
56 31 18 57
56 89 18 57
56 14 19 57
56 83 19 57
56 77 20 57
56 81 21 57
56 63 22 57
56 1 28 57
56 4 28 57
94 35 1 57
94 79 1 57
94 133 2 57
94 58 3 57
94 68 3 57
94 39 4 57
94 69 4 57
94 150 4 57
94 98 5 57
94 91 6 57
94 34 8 57
94 79 8 57
94 79 12 57
94 99 17 57
94 89 18 57
94 139 18 57
94 83 19 57
94 77 20 57
94 81 21 57
94 63 22 57
141 133 2 57
141 186 3 57
141 150 4 57
141 98 5 57
141 91 6 57
141 99 17 57
141 89 18 57
141 139 18 57
141 83 19 57
141 81 21 57
439 468 8 57
439 435 17 57
715 655 2 57
715 759 5 57
715 735 16 57
715 690 17 57
715 737 19 57
715 731 20 57
715 759 26 57
14 13 2 58
14 29 2 58
14 58 2 58
14 68 2 58
14 28 3 58
14 39 3 58
14 69 3 58
14 34 7 58
14 2 12 58
14 3 12 58
14 11 17 58
14 15 17 58
14 31 17 58
14 14 18 58
14 63 21 58
14 1 27 58
14 4 27 58
15 13 2 58
15 29 2 58
15 58 2 58
15 68 2 58
15 28 3 58
15 39 3 58
15 69 3 58
15 34 7 58
15 2 12 58
15 3 12 58
15 11 17 58
15 15 17 58
15 31 17 58
15 14 18 58
15 63 21 58
15 1 27 58
15 4 27 58
35 13 2 58
35 29 2 58
35 58 2 58
35 68 2 58
35 28 3 58
35 39 3 58
35 69 3 58
35 91 5 58
35 34 7 58
35 79 7 58
35 79 11 58
35 2 12 58
35 3 12 58
35 11 17 58
35 15 17 58
35 31 17 58
35 89 17 58
35 14 18 58
35 83 18 58
35 77 19 58
35 81 20 58
35 63 21 58
35 1 27 58
35 4 27 58
79 133 1 58
79 29 2 58
79 58 2 58
79 68 2 58
79 28 3 58
79 39 3 58
79 69 3 58
79 98 4 58
79 91 5 58
79 34 7 58
79 79 7 58
79 79 11 58
79 99 16 58
79 31 17 58
79 89 17 58
79 83 18 58
79 77 19 58
79 81 20 58
79 63 21 58
345 362 1 58
345 289 3 58
345 340 4 58
345 339 11 58
345 359 12 58
345 296 18 58
345 290 21 58
345 368 25 58
345 324 26 58
345 329 27 58
133 186 1 59
133 150 2 59
133 98 3 59
133 91 4 59
133 79 6 59
133 79 10 59
133 99 15 59
133 89 16 59
133 139 16 59
133 83 17 59
133 77 18 59
133 81 19 59
362 340 3 59
362 339 10 59
362 359 11 59
362 368 24 59
362 324 25 59
362 329 26 59
655 644 2 59
655 604 6 59
655 598 7 59
655 604 8 59
655 604 13 59
655 690 15 59
655 609 16 59
655 598 19 59
13 28 1 60
13 39 1 60
13 69 1 60
13 34 5 60
13 2 10 60
13 3 10 60
13 11 15 60
13 15 15 60
13 31 15 60
13 14 16 60
13 63 19 60
13 1 25 60
13 4 25 60
29 28 1 60
29 39 1 60
29 69 1 60
29 34 5 60
29 79 5 60
29 79 9 60
29 2 10 60
29 3 10 60
29 11 15 60
29 15 15 60
29 31 15 60
29 14 16 60
29 83 16 60
29 77 17 60
29 81 18 60
29 63 19 60
29 1 25 60
29 4 25 60
58 28 1 60
58 39 1 60
58 69 1 60
58 98 2 60
58 91 3 60
58 34 5 60
58 79 5 60
58 79 9 60
58 2 10 60
58 3 10 60
58 99 14 60
58 11 15 60
58 15 15 60
58 31 15 60
58 89 15 60
58 14 16 60
58 83 16 60
58 77 17 60
58 81 18 60
58 63 19 60
58 1 25 60
58 4 25 60
68 28 1 60
68 39 1 60
68 69 1 60
68 98 2 60
68 91 3 60
68 34 5 60
68 79 5 60
68 79 9 60
68 99 14 60
68 11 15 60
68 15 15 60
68 31 15 60
68 89 15 60
68 14 16 60
68 83 16 60
68 77 17 60
68 81 18 60
68 63 19 60
186 150 1 60
186 217 10 60
186 139 15 60
186 226 17 60
186 217 25 60
263 289 1 60
263 217 10 60
263 253 14 60
263 255 15 60
263 296 16 60
263 226 17 60
263 283 17 60
263 277 18 60
263 290 19 60
263 217 25 60
554 604 5 60
554 598 6 60
554 604 7 60
554 594 10 60
554 604 12 60
554 609 15 60
554 598 18 60
554 539 24 60
554 540 25 60
28 34 4 61
28 79 4 61
28 79 8 61
28 2 9 61
28 3 9 61
28 11 14 61
28 15 14 61
28 31 14 61
28 14 15 61
28 83 15 61
28 77 16 61
28 81 17 61
28 63 18 61
28 1 24 61
28 4 24 61
39 98 1 61
39 91 2 61
39 34 4 61
39 79 4 61
39 79 8 61
39 2 9 61
39 3 9 61
39 11 14 61
39 15 14 61
39 31 14 61
39 89 14 61
39 14 15 61
39 83 15 61
39 77 16 61
39 81 17 61
39 63 18 61
39 1 24 61
39 4 24 61
69 98 1 61
69 91 2 61
69 34 4 61
69 79 4 61
69 79 8 61
69 99 13 61
69 11 14 61
69 15 14 61
69 31 14 61
69 89 14 61
69 14 15 61
69 83 15 61
69 77 16 61
69 81 17 61
69 63 18 61
150 98 1 61
150 91 2 61
150 99 13 61
150 139 14 61
289 340 1 61
289 339 8 61
289 253 13 61
289 255 14 61
289 296 15 61
289 283 16 61
289 277 17 61
289 290 18 61
289 324 23 61
289 329 24 61
644 604 4 61
644 598 5 61
644 604 6 61
644 594 9 61
644 604 11 61
644 690 13 61
644 609 14 61
644 598 17 61
98 91 1 62
98 79 3 62
98 79 7 62
98 99 12 62
98 89 13 62
98 139 13 62
98 83 14 62
98 77 15 62
98 81 16 62
98 63 17 62
340 339 7 62
340 359 8 62
340 296 14 62
340 283 15 62
340 290 17 62
340 368 21 62
340 324 22 62
340 329 23 62
759 735 11 62
759 737 14 62
759 731 15 62
759 759 21 62
91 34 2 63
91 79 2 63
91 79 6 63
91 99 11 63
91 31 12 63
91 89 12 63
91 139 12 63
91 83 13 63
91 77 14 63
91 81 15 63
91 63 16 63
34 79 4 65
34 2 5 65
34 3 5 65
34 11 10 65
34 15 10 65
34 31 10 65
34 89 10 65
34 14 11 65
34 83 11 65
34 77 12 65
34 81 13 65
34 63 14 65
34 1 20 65
34 4 20 65
79 79 4 65
79 99 9 65
79 31 10 65
79 89 10 65
79 83 11 65
79 77 12 65
79 81 13 65
79 63 14 65
468 435 9 65
604 598 1 65
604 604 2 65
604 594 5 65
604 604 7 65
604 609 10 65
604 598 13 65
598 604 1 66
598 594 4 66
598 604 6 66
598 609 9 66
598 598 12 66
598 539 18 66
598 540 19 66
604 594 3 67
604 604 5 67
604 609 8 67
604 598 11 67
79 99 5 69
79 31 6 69
79 89 6 69
79 83 7 69
79 77 8 69
79 81 9 69
79 63 10 69
339 359 1 69
339 296 7 69
339 283 8 69
339 290 10 69
339 368 14 69
339 324 15 69
339 329 16 69
2 11 5 70
2 15 5 70
2 31 5 70
2 14 6 70
2 1 15 70
2 4 15 70
3 11 5 70
3 15 5 70
3 31 5 70
3 14 6 70
3 1 15 70
3 4 15 70
217 253 4 70
217 255 5 70
217 226 7 70
217 217 15 70
359 368 13 70
359 324 14 70
359 329 15 70
594 604 2 70
594 609 5 70
594 598 8 70
594 539 14 70
594 540 15 70
604 609 3 72
604 598 6 72
735 690 1 73
735 737 3 73
735 731 4 73
735 759 10 73
99 89 1 74
99 139 1 74
99 83 2 74
99 77 3 74
99 81 4 74
99 63 5 74
253 255 1 74
253 296 2 74
253 226 3 74
253 283 3 74
253 277 4 74
253 290 5 74
253 217 11 74
690 737 2 74
690 731 3 74
11 14 1 75
11 63 4 75
11 1 10 75
11 4 10 75
15 14 1 75
15 63 4 75
15 1 10 75
15 4 10 75
31 14 1 75
31 83 1 75
31 77 2 75
31 81 3 75
31 63 4 75
31 1 10 75
31 4 10 75
89 83 1 75
89 77 2 75
89 81 3 75
89 63 4 75
139 83 1 75
139 81 3 75
255 296 1 75
255 226 2 75
255 283 2 75
255 277 3 75
255 290 4 75
255 217 10 75
609 598 3 75
14 63 3 76
14 1 9 76
14 4 9 76
83 77 1 76
83 81 2 76
83 63 3 76
296 283 1 76
296 277 2 76
296 290 3 76
296 324 8 76
296 329 9 76
737 731 1 76
737 759 7 76
77 81 1 77
77 63 2 77
226 277 1 77
226 217 8 77
283 277 1 77
283 290 2 77
283 324 7 77
283 329 8 77
731 759 6 77
81 63 1 78
277 290 1 78
277 324 6 78
277 217 7 78
277 329 7 78
598 539 6 78
598 540 7 78
63 4 6 79
290 324 5 79
290 329 6 79
368 324 1 83
368 329 2 83
324 329 1 84
539 540 1 84
