601 592 5 0
601 601 9 0
601 589 14 0
601 606 28 0
601 601 30 0
601 594 43 0
601 601 48 0
601 604 49 0
56 44 8 1
56 64 8 1
56 55 16 1
56 63 16 1
56 59 32 1
56 62 36 1
56 74 36 1
56 56 42 1
56 65 45 1
81 64 8 1
81 84 13 1
81 84 14 1
81 63 16 1
81 97 27 1
81 86 32 1
81 62 36 1
81 74 36 1
81 81 37 1
81 94 42 1
81 84 43 1
81 65 45 1
81 78 46 1
81 78 48 1
241 257 6 1
241 255 9 1
241 244 32 1
241 256 32 1
241 227 36 1
241 244 46 1
241 260 47 1
363 359 27 1
363 367 43 1
538 543 6 1
538 553 9 1
538 556 45 1
335 325 7 2
335 335 41 2
729 744 29 3
729 733 30 3
729 738 31 3
729 734 34 3
729 731 41 3
592 601 4 5
592 589 9 5
592 573 10 5
592 606 23 5
592 601 25 5
592 594 38 5
592 601 43 5
592 604 44 5
592 601 46 5
592 594 48 5
569 553 4 6
569 573 9 6
569 569 11 6
569 563 12 6
569 567 39 6
569 556 40 6
257 255 3 7
257 265 5 7
257 272 6 7
257 244 26 7
257 256 26 7
257 269 31 7
257 268 38 7
257 244 40 7
257 260 41 7
543 553 3 7
543 556 39 7
188 174 2 8
188 170 34 8
290 272 5 8
290 296 28 8
290 285 29 8
290 295 38 8
290 283 50 8
754 744 24 8
754 738 26 8
754 734 29 8
754 759 39 8
754 734 47 8
5 0 9 9
5 2 9 9
5 4 9 9
5 3 23 9
5 12 23 9
5 6 24 9
5 11 24 9
5 12 27 9
5 3 34 9
5 7 34 9
5 23 34 9
5 14 35 9
5 15 35 9
5 0 37 9
5 11 37 9
5 21 38 9
5 11 47 9
5 21 47 9
5 8 48 9
5 15 48 9
5 8 49 9
10 25 1 9
10 0 9 9
10 2 9 9
10 4 9 9
10 3 23 9
10 12 23 9
10 6 24 9
10 11 24 9
10 12 27 9
10 28 28 9
10 3 34 9
10 7 34 9
10 23 34 9
10 14 35 9
10 15 35 9
10 0 37 9
10 11 37 9
10 25 37 9
10 21 38 9
10 11 47 9
10 21 47 9
10 8 48 9
10 15 48 9
10 8 49 9
24 25 1 9
24 30 8 9
24 4 9 9
24 12 23 9
24 6 24 9
24 11 24 9
24 12 27 9
24 28 28 9
24 7 34 9
24 23 34 9
24 14 35 9
24 15 35 9
24 35 35 9
24 11 37 9
24 25 37 9
24 32 37 9
24 21 38 9
24 11 47 9
24 21 47 9
24 8 48 9
24 15 48 9
24 40 48 9
24 8 49 9
44 25 1 9
44 30 8 9
44 55 8 9
44 63 8 9
44 59 24 9
44 28 28 9
44 62 28 9
44 56 34 9
44 35 35 9
44 25 37 9
44 32 37 9
44 57 47 9
44 40 48 9
64 55 8 9
64 63 8 9
64 59 24 9
64 62 28 9
64 74 28 9
64 81 29 9
64 56 34 9
64 65 37 9
64 78 38 9
64 78 40 9
64 57 47 9
64 65 49 9
64 78 50 9
129 128 8 9
129 121 9 9
129 132 9 9
129 110 27 9
129 146 29 9
129 138 35 9
129 113 36 9
129 133 36 9
129 127 37 9
129 140 47 9
129 112 48 9
325 335 34 9
601 589 5 9
601 606 19 9
601 601 21 9
601 594 34 9
601 601 39 9
601 604 40 9
601 601 42 9
601 594 44 9
601 598 50 9
25 30 7 10
25 12 22 10
25 6 23 10
25 11 23 10
25 12 26 10
25 28 27 10
25 7 33 10
25 23 33 10
25 14 34 10
25 15 34 10
25 35 34 10
25 11 36 10
25 25 36 10
25 32 36 10
25 21 37 10
25 11 46 10
25 21 46 10
25 8 47 10
25 15 47 10
25 40 47 10
25 8 48 10
101 84 4 10
101 84 5 10
101 97 18 10
101 86 23 10
101 110 26 10
101 81 28 10
101 94 33 10
101 84 34 10
101 113 35 10
101 90 46 10
101 112 47 10
174 170 32 10
174 164 47 10
255 265 2 10
255 272 3 10
255 244 23 10
255 256 23 10
255 269 28 10
255 268 35 10
255 244 37 10
255 260 38 10
255 238 49 10
255 264 49 10
553 569 7 10
553 563 8 10
553 567 35 10
553 556 36 10
265 272 1 12
265 256 21 12
265 269 26 12
265 268 33 12
265 260 36 12
265 283 46 12
265 264 47 12
272 256 20 13
272 285 24 13
272 269 25 13
272 268 32 13
272 260 35 13
272 283 45 13
272 264 46 13
84 84 1 14
84 97 14 14
84 86 19 14
84 74 23 14
84 81 24 14
84 94 29 14
84 84 30 14
84 65 32 14
84 78 33 14
84 78 35 14
84 90 42 14
84 65 44 14
84 78 45 14
589 573 1 14
589 569 3 14
589 606 14 14
589 601 16 14
589 594 29 14
589 601 34 14
589 604 35 14
589 601 37 14
589 594 39 14
589 598 45 14
84 97 13 15
84 86 18 15
84 74 22 15
84 81 23 15
84 94 28 15
84 84 29 15
84 65 31 15
84 78 32 15
84 78 34 15
84 90 41 15
84 65 43 15
84 78 44 15
396 415 2 15
396 396 36 15
573 569 2 15
573 563 3 15
573 567 30 15
573 556 31 15
30 12 15 17
30 11 16 17
30 12 19 17
30 28 20 17
30 23 26 17
30 14 27 17
30 15 27 17
30 35 27 17
30 11 29 17
30 25 29 17
30 32 29 17
30 21 30 17
30 11 39 17
30 21 39 17
30 15 40 17
30 40 40 17
55 59 16 17
55 62 20 17
55 74 20 17
55 56 26 17
55 35 27 17
55 65 29 17
55 57 39 17
55 40 40 17
55 65 41 17
63 59 16 17
63 62 20 17
63 74 20 17
63 81 21 17
63 56 26 17
63 65 29 17
63 78 30 17
63 78 32 17
63 57 39 17
63 65 41 17
63 78 42 17
128 121 1 17
128 132 1 17
128 110 19 17
128 146 21 17
128 138 27 17
128 113 28 17
128 133 28 17
128 127 29 17
128 140 39 17
128 112 40 17
415 396 34 17
415 433 39 17
569 563 1 17
569 567 28 17
569 556 29 17
0 3 14 18
0 12 14 18
0 6 15 18
0 11 15 18
0 12 18 18
0 3 25 18
0 7 25 18
0 14 26 18
0 15 26 18
0 0 28 18
0 11 28 18
0 11 38 18
0 8 39 18
0 15 39 18
0 8 40 18
2 3 14 18
2 12 14 18
2 6 15 18
2 11 15 18
2 12 18 18
2 3 25 18
2 7 25 18
2 14 26 18
2 15 26 18
2 0 28 18
2 11 28 18
2 21 29 18
2 11 38 18
2 21 38 18
2 8 39 18
2 15 39 18
2 8 40 18
4 3 14 18
4 12 14 18
4 6 15 18
4 11 15 18
4 12 18 18
4 3 25 18
4 7 25 18
4 23 25 18
4 14 26 18
4 15 26 18
4 0 28 18
4 11 28 18
4 21 29 18
4 11 38 18
4 21 38 18
4 8 39 18
4 15 39 18
4 8 40 18
121 110 18 18
121 138 26 18
121 113 27 18
121 133 27 18
121 127 28 18
121 140 38 18
121 112 39 18
132 146 20 18
132 150 25 18
132 138 26 18
132 113 27 18
132 133 27 18
132 127 28 18
132 140 38 18
132 112 39 18
468 471 1 18
468 466 14 18
468 483 17 18
468 468 31 18
468 468 36 18
563 567 27 18
563 556 28 18
471 466 13 19
471 483 16 19
471 468 30 19
471 468 35 19
97 86 5 28
97 110 8 28
97 81 10 28
97 94 15 28
97 84 16 28
97 113 17 28
97 78 19 28
97 78 21 28
97 90 28 28
97 112 29 28
97 78 31 28
359 367 16 28
606 601 2 28
606 594 15 28
606 601 20 28
606 604 21 28
606 601 23 28
606 594 25 28
606 598 31 28
601 594 13 30
601 601 18 30
601 604 19 30
601 601 21 30
601 594 23 30
601 598 29 30
3 6 1 32
3 11 1 32
3 12 4 32
3 3 11 32
3 7 11 32
3 14 12 32
3 15 12 32
3 0 14 32
3 11 14 32
3 21 15 32
3 11 24 32
3 21 24 32
3 8 25 32
3 15 25 32
3 8 26 32
12 6 1 32
12 11 1 32
12 12 4 32
12 28 5 32
12 3 11 32
12 7 11 32
12 23 11 32
12 14 12 32
12 15 12 32
12 0 14 32
12 11 14 32
12 25 14 32
12 21 15 32
12 11 24 32
12 21 24 32
12 8 25 32
12 15 25 32
12 8 26 32
217 227 5 32
466 483 3 32
466 468 17 32
466 468 22 32
744 733 1 32
744 738 2 32
744 734 5 32
744 731 12 32
744 759 15 32
744 734 23 32
744 730 26 32
744 760 31 32
6 12 3 33
6 3 10 33
6 7 10 33
6 23 10 33
6 14 11 33
6 15 11 33
6 0 13 33
6 11 13 33
6 25 13 33
6 21 14 33
6 11 23 33
6 21 23 33
6 8 24 33
6 15 24 33
6 8 25 33
11 12 3 33
11 28 4 33
11 3 10 33
11 7 10 33
11 23 10 33
11 14 11 33
11 15 11 33
11 0 13 33
11 11 13 33
11 25 13 33
11 21 14 33
11 11 23 33
11 21 23 33
11 8 24 33
11 15 24 33
11 8 25 33
59 62 4 33
59 74 4 33
59 56 10 33
59 65 13 33
59 78 14 33
59 78 16 33
59 57 23 33
59 40 24 33
59 65 25 33
59 78 26 33
86 74 4 33
86 81 5 33
86 94 10 33
86 84 11 33
86 78 14 33
86 78 16 33
86 90 23 33
86 78 26 33
244 227 4 33
244 244 14 33
244 260 15 33
244 238 26 33
256 269 5 33
256 268 12 33
256 244 14 33
256 260 15 33
256 238 26 33
256 264 26 33
733 738 1 33
733 734 4 33
733 731 11 33
733 734 22 33
733 730 25 33
435 433 22 34
435 440 23 34
738 734 3 34
738 731 10 34
738 734 21 34
738 730 24 34
483 468 14 35
483 468 19 35
12 28 1 36
12 3 7 36
12 7 7 36
12 23 7 36
12 14 8 36
12 15 8 36
12 0 10 36
12 11 10 36
12 25 10 36
12 21 11 36
12 11 20 36
12 21 20 36
12 8 21 36
12 15 21 36
12 8 22 36
110 94 7 36
110 113 9 36
110 127 10 36
110 90 20 36
110 112 21 36
296 285 1 36
296 295 10 36
296 283 22 36
28 23 6 37
28 14 7 37
28 15 7 37
28 35 7 37
28 11 9 37
28 25 9 37
28 32 9 37
28 21 10 37
28 11 19 37
28 21 19 37
28 8 20 37
28 15 20 37
28 40 20 37
28 8 21 37
62 81 1 37
62 56 6 37
62 65 9 37
62 78 10 37
62 78 12 37
62 57 19 37
62 65 21 37
62 78 22 37
74 81 1 37
74 56 6 37
74 84 7 37
74 65 9 37
74 78 10 37
74 78 12 37
74 57 19 37
74 90 19 37
74 65 21 37
74 78 22 37
227 244 10 37
227 238 22 37
285 269 1 37
285 268 8 37
285 295 9 37
285 283 21 37
734 731 7 37
734 734 18 37
734 730 21 37
81 94 5 38
81 84 6 38
81 65 8 38
81 78 9 38
81 78 11 38
81 90 18 38
81 65 20 38
81 78 21 38
146 150 5 38
146 138 6 38
146 133 7 38
146 127 8 38
146 140 18 38
146 164 19 38
269 268 7 38
269 260 10 38
269 283 20 38
269 264 21 38
170 150 1 42
170 164 15 42
3 14 1 43
3 15 1 43
3 0 3 43
3 11 3 43
3 21 4 43
3 11 13 43
3 21 13 43
3 8 14 43
3 15 14 43
3 8 15 43
7 14 1 43
7 15 1 43
7 0 3 43
7 11 3 43
7 25 3 43
7 21 4 43
7 11 13 43
7 21 13 43
7 8 14 43
7 15 14 43
7 8 15 43
23 14 1 43
23 15 1 43
23 35 1 43
23 11 3 43
23 25 3 43
23 32 3 43
23 21 4 43
23 11 13 43
23 21 13 43
23 8 14 43
23 15 14 43
23 40 14 43
23 8 15 43
56 65 3 43
56 57 13 43
56 40 14 43
56 65 15 43
94 84 1 43
94 113 2 43
94 78 4 43
94 78 6 43
94 90 13 43
94 112 14 43
94 78 16 43
150 138 1 43
150 133 2 43
150 140 13 43
150 164 14 43
335 324 20 43
594 601 5 43
594 604 6 43
594 601 8 43
594 594 10 43
594 598 16 43
14 0 2 44
14 11 2 44
14 25 2 44
14 32 2 44
14 21 3 44
14 11 12 44
14 21 12 44
14 8 13 44
14 15 13 44
14 8 14 44
15 0 2 44
15 11 2 44
15 25 2 44
15 32 2 44
15 21 3 44
15 11 12 44
15 21 12 44
15 8 13 44
15 15 13 44
15 8 14 44
35 25 2 44
35 32 2 44
35 21 3 44
35 21 12 44
35 15 13 44
35 40 13 44
84 65 2 44
84 78 3 44
84 78 5 44
84 90 12 44
84 65 14 44
84 78 15 44
138 133 1 44
138 127 2 44
138 140 12 44
731 734 11 44
731 730 14 44
113 127 1 45
113 112 12 45
133 127 1 45
133 140 11 45
268 260 3 45
268 283 13 45
268 264 14 45
567 556 1 45
0 11 10 46
0 8 11 46
0 15 11 46
0 8 12 46
11 21 1 46
11 11 10 46
11 21 10 46
11 8 11 46
11 15 11 46
11 8 12 46
25 21 1 46
25 11 10 46
25 21 10 46
25 8 11 46
25 15 11 46
25 40 11 46
25 8 12 46
32 21 1 46
32 21 10 46
32 15 11 46
32 40 11 46
65 78 1 46
65 78 3 46
65 57 10 46
65 65 12 46
65 78 13 46
127 140 10 46
127 112 11 46
295 283 12 46
21 11 9 47
21 21 9 47
21 8 10 47
21 15 10 47
21 40 10 47
21 8 11 47
78 78 2 47
78 90 9 47
78 65 11 47
78 78 12 47
244 260 1 47
244 238 12 47
759 760 16 47
260 264 11 48
601 604 1 48
601 601 3 48
601 594 5 48
601 598 11 48
78 90 7 49
78 65 9 49
78 78 10 49
468 468 5 49
604 601 2 49
604 594 4 49
604 598 10 49
601 594 2 51
601 598 8 51
594 598 6 53
734 730 3 55
11 8 1 56
11 15 1 56
11 8 2 56
21 8 1 56
21 15 1 56
21 40 1 56
21 8 2 56
57 40 1 56
57 65 2 56
90 78 3 56
433 440 1 56
656 662 1 56
8 8 1 57
15 8 1 57
65 78 1 58
283 264 1 58
