98 103 3 0
98 80 5 0
98 112 7 0
98 111 8 0
98 112 9 0
98 89 19 0
98 103 20 0
146 128 6 0
146 147 10 0
146 135 15 0
517 534 6 0
517 518 15 0
38 41 1 1
38 55 2 1
38 46 3 1
38 49 4 1
38 30 5 1
38 43 10 1
38 44 11 1
38 55 17 1
38 50 19 1
703 685 4 1
703 696 15 1
41 55 1 2
41 46 2 2
41 49 3 2
41 30 4 2
41 43 9 2
41 44 10 2
41 55 16 2
41 50 18 2
254 256 1 2
254 252 2 2
254 262 2 2
254 255 6 2
254 251 18 2
254 263 18 2
308 303 3 2
308 288 8 2
308 307 10 2
308 320 11 2
308 298 12 2
591 571 1 2
591 598 9 2
591 601 10 2
591 592 15 2
8 0 5 3
8 5 5 3
8 7 5 3
8 0 6 3
8 1 6 3
8 3 6 3
8 9 11 3
8 14 12 3
8 9 16 3
55 46 1 3
55 66 1 3
55 49 2 3
55 66 3 3
55 70 7 3
55 43 8 3
55 63 8 3
55 44 9 3
55 70 9 3
55 55 15 3
55 50 17 3
103 112 4 3
103 111 5 3
103 112 6 3
103 89 16 3
103 103 17 3
256 252 1 3
256 262 1 3
256 255 5 3
256 251 17 3
256 263 17 3
571 551 1 3
571 570 7 3
571 569 11 3
571 554 15 3
571 552 17 3
46 49 1 4
46 30 2 4
46 43 7 4
46 63 7 4
46 44 8 4
46 55 14 4
46 50 16 4
66 49 1 4
66 80 1 4
66 66 2 4
66 70 6 4
66 63 7 4
66 70 8 4
66 55 14 4
66 50 16 4
252 232 3 4
252 255 4 4
252 251 16 4
252 263 16 4
262 255 4 4
262 251 16 4
262 263 16 4
551 534 2 4
551 542 3 4
551 570 6 4
551 569 10 4
551 554 14 4
551 544 15 4
551 552 16 4
49 30 1 5
49 66 1 5
49 43 6 5
49 63 6 5
49 44 7 5
49 55 13 5
49 50 15 5
80 66 1 5
80 70 5 5
80 63 6 5
80 70 7 5
80 89 14 5
207 205 12 5
207 208 16 5
303 288 5 5
303 307 7 5
303 320 8 5
303 298 9 5
685 696 11 5
30 43 5 6
30 44 6 6
30 14 9 6
66 70 4 6
66 63 5 6
66 70 6 6
66 55 12 6
66 50 14 6
128 112 1 6
128 111 2 6
128 112 3 6
128 147 4 6
128 123 8 6
128 135 9 6
405 397 1 6
405 402 12 6
534 542 1 6
534 518 9 6
534 544 13 6
534 552 14 6
112 111 1 7
112 112 2 7
112 123 7 7
112 103 13 7
232 251 13 7
397 402 11 7
542 554 11 7
542 544 12 7
542 552 13 7
0 0 1 8
0 1 1 8
0 3 1 8
0 9 6 8
0 14 7 8
0 9 11 8
5 0 1 8
5 1 1 8
5 3 1 8
5 9 6 8
5 14 7 8
5 9 11 8
7 0 1 8
7 1 1 8
7 3 1 8
7 9 6 8
7 14 7 8
7 9 11 8
111 112 1 8
111 123 6 8
111 103 12 8
176 177 6 8
176 173 20 8
255 251 12 8
255 263 12 8
0 9 5 9
0 14 6 9
0 9 10 9
1 9 5 9
1 14 6 9
1 9 10 9
3 9 5 9
3 14 6 9
3 9 10 9
112 123 5 9
112 103 11 9
70 63 1 10
70 70 2 10
70 55 8 10
70 89 9 10
70 50 10 10
147 135 5 10
147 163 20 10
288 307 2 10
288 298 4 10
288 295 18 10
570 569 4 10
570 554 8 10
570 552 10 10
43 44 1 11
43 55 7 11
43 50 9 11
63 44 1 11
63 70 1 11
63 55 7 11
63 50 9 11
357 344 19 11
598 601 1 11
598 592 6 11
44 55 6 12
44 50 8 12
70 55 6 12
70 89 7 12
70 50 8 12
307 320 1 12
307 298 2 12
307 295 16 12
601 592 5 12
320 331 8 13
320 325 20 13
9 14 1 14
9 9 5 14
9 10 17 14
123 135 1 14
123 103 6 14
123 106 16 14
123 121 19 14
177 173 14 14
177 163 16 14
298 295 14 14
298 284 17 14
569 554 4 14
569 552 6 14
569 564 19 14
14 9 4 15
14 10 16 15
14 29 18 15
14 33 18 15
135 143 16 15
135 121 18 15
518 516 13 15
518 511 15 15
518 515 16 15
696 684 16 16
696 704 18 16
205 208 4 17
205 200 16 17
205 206 20 17
55 50 2 18
55 51 17 18
55 57 18 18
55 59 19 18
554 544 1 18
554 552 2 18
554 564 15 18
554 553 18 18
554 547 20 18
9 10 12 19
89 103 1 19
89 106 11 19
89 104 17 19
89 106 19 19
544 552 1 19
544 553 17 19
544 547 19 19
50 33 13 20
50 51 15 20
50 57 16 20
50 30 17 20
50 59 17 20
103 106 10 20
103 121 13 20
103 104 16 20
103 122 17 20
103 106 18 20
103 121 19 20
251 240 15 20
251 265 15 20
251 254 16 20
251 259 16 20
251 258 17 20
251 236 18 20
263 265 15 20
263 254 16 20
263 259 16 20
263 258 17 20
263 274 18 20
552 564 13 20
552 553 16 20
552 547 18 20
208 200 12 21
208 206 16 21
331 344 9 21
331 325 12 21
331 348 20 21
173 163 2 28
173 174 11 28
173 176 13 28
295 284 3 28
516 511 2 28
516 515 3 28
516 514 11 28
516 526 17 28
106 121 3 30
106 104 6 30
106 122 7 30
106 106 8 30
106 121 9 30
106 94 16 30
163 143 1 30
163 174 9 30
163 176 11 30
163 144 17 30
163 158 19 30
344 325 3 30
344 348 11 30
344 349 13 30
344 350 14 30
344 354 18 30
511 515 1 30
511 514 9 30
511 491 10 30
511 526 15 30
10 29 2 31
10 23 16 31
143 127 15 31
143 144 16 31
143 132 17 31
143 158 18 31
284 265 4 31
284 274 7 31
284 279 18 31
284 276 20 31
515 514 8 31
515 526 14 31
684 665 11 32
684 700 19 32
29 30 4 33
29 44 9 33
29 23 14 33
29 48 18 33
33 51 2 33
33 30 4 33
33 44 9 33
33 23 14 33
33 48 18 33
121 104 3 33
121 122 4 33
121 106 5 33
121 121 6 33
121 127 13 33
121 132 15 33
121 133 19 33
200 206 4 33
200 196 12 33
200 204 18 33
325 318 19 33
564 553 3 33
564 547 5 33
564 548 13 33
564 546 14 33
704 723 15 34
704 700 17 34
704 703 19 34
51 57 1 35
51 59 2 35
51 44 7 35
51 64 12 35
51 57 14 35
51 48 16 35
51 59 17 35
51 68 18 35
51 32 20 35
240 254 1 35
240 259 1 35
240 258 2 35
240 236 3 35
265 254 1 35
265 259 1 35
265 258 2 35
265 274 3 35
265 279 14 35
265 276 16 35
265 282 18 35
265 281 19 35
653 638 6 35
653 665 8 35
653 635 9 35
653 654 17 35
57 59 1 36
57 71 4 36
57 44 6 36
57 73 6 36
57 64 11 36
57 57 13 36
57 48 15 36
57 59 16 36
57 74 16 36
57 68 17 36
57 71 20 36
104 122 1 36
104 106 2 36
104 121 3 36
104 94 10 36
104 85 15 36
104 91 18 36
254 258 1 36
254 236 2 36
259 258 1 36
259 274 2 36
259 276 15 36
553 547 2 36
553 548 10 36
553 546 11 36
553 538 12 36
30 44 5 37
30 23 10 37
30 48 14 37
30 11 18 37
30 18 18 37
30 32 18 37
30 13 19 37
30 15 19 37
59 71 3 37
59 44 5 37
59 73 5 37
59 64 10 37
59 57 12 37
59 48 14 37
59 59 15 37
59 74 15 37
59 68 16 37
59 71 19 37
122 106 1 37
122 121 2 37
122 127 9 37
122 132 11 37
122 133 15 37
206 196 8 37
206 204 14 37
258 274 1 37
258 276 14 37
106 121 1 38
106 94 8 38
106 91 16 38
274 279 11 38
274 276 13 38
274 282 15 38
274 281 16 38
547 548 8 38
547 546 9 38
547 538 10 38
121 127 7 39
121 132 9 39
121 133 13 39
174 176 2 39
174 158 10 39
174 154 14 39
174 162 15 39
174 169 17 39
174 165 18 39
514 526 6 39
514 519 17 39
514 510 18 39
71 73 2 40
71 64 7 40
71 57 9 40
71 81 10 40
71 85 11 40
71 59 12 40
71 74 12 40
71 68 13 40
71 71 16 40
491 490 7 40
491 510 17 40
733 723 9 40
733 740 14 40
176 158 8 41
176 162 13 41
176 169 15 41
176 165 16 41
348 349 2 41
348 350 3 41
348 366 4 41
348 354 7 41
638 620 1 41
638 635 3 41
638 654 11 41
44 57 7 42
44 48 9 42
44 59 10 42
44 32 13 42
73 64 5 42
73 57 7 42
73 81 8 42
73 85 9 42
73 59 10 42
73 74 10 42
73 68 11 42
73 91 12 42
73 71 14 42
620 635 2 42
349 350 1 43
349 366 2 43
349 354 5 43
665 654 9 43
350 366 1 44
350 354 4 44
635 654 8 44
196 204 6 45
366 354 3 45
526 538 3 45
526 519 11 45
526 510 12 45
94 81 4 46
94 85 5 46
94 74 6 46
94 91 8 46
127 144 1 46
127 132 2 46
127 133 6 46
548 546 1 46
548 538 2 46
23 11 8 47
23 18 8 47
23 32 8 47
23 13 9 47
23 15 9 47
64 57 2 47
64 81 3 47
64 48 4 47
64 59 5 47
64 74 5 47
64 68 6 47
64 71 9 47
144 132 1 47
144 158 2 47
144 133 5 47
144 154 6 47
144 162 7 47
546 538 1 47
132 133 4 48
538 519 8 48
57 48 2 49
57 59 3 49
57 74 3 49
57 68 4 49
57 71 7 49
158 154 4 49
158 162 5 49
158 169 7 49
158 165 8 49
279 276 2 49
279 282 4 49
279 281 5 49
723 703 4 49
723 740 5 49
81 85 1 50
81 74 2 50
81 68 3 50
81 91 4 50
81 71 6 50
759 740 4 50
48 59 1 51
48 32 4 51
85 74 1 51
85 68 2 51
85 91 3 51
85 71 5 51
276 282 2 51
276 281 3 51
700 703 2 51
700 685 4 51
59 68 1 52
59 71 4 52
74 68 1 52
74 91 2 52
74 71 4 52
68 71 3 53
154 162 1 53
154 169 3 53
154 165 4 53
282 281 1 53
703 685 2 53
91 71 2 54
162 169 2 54
162 165 3 54
11 13 1 55
11 15 1 55
18 13 1 55
18 15 1 55
32 13 1 55
32 15 1 55
169 165 1 56
519 510 1 56
