369 358 19 0
75 72 1 1
75 71 3 1
75 71 6 1
75 85 10 1
75 66 12 1
75 71 13 1
75 76 20 1
518 507 2 1
518 511 2 1
518 506 3 1
518 536 9 1
518 510 12 1
518 530 19 1
72 71 2 2
72 71 5 2
72 85 9 2
72 66 11 2
72 71 12 2
72 76 19 2
155 154 5 2
155 150 7 2
155 154 10 2
155 166 11 2
155 172 15 2
155 154 18 2
155 154 19 2
296 295 3 2
296 295 6 2
296 315 14 2
296 305 16 2
296 290 18 2
602 611 14 2
602 594 19 2
602 615 20 2
97 85 8 3
97 99 19 3
507 506 1 3
507 510 10 3
511 506 1 3
511 510 10 3
511 530 17 3
41 46 17 4
71 71 3 4
71 85 7 4
71 66 9 4
71 71 10 4
71 76 17 4
506 510 9 4
506 486 10 4
295 295 3 5
295 305 13 5
295 290 15 5
295 303 20 5
679 673 1 6
679 680 2 6
679 677 5 6
679 680 7 6
679 665 8 6
679 665 12 6
71 85 4 7
71 66 6 7
71 71 7 7
71 76 14 7
154 150 2 7
154 154 5 7
154 166 6 7
154 172 10 7
154 154 13 7
154 154 14 7
154 155 18 7
462 468 2 7
462 472 4 7
462 460 5 7
673 680 1 7
673 677 4 7
673 680 6 7
673 665 7 7
673 665 11 7
295 305 10 8
295 290 12 8
295 303 17 8
295 303 20 8
680 677 3 8
680 680 5 8
680 665 6 8
680 665 10 8
150 154 3 9
150 166 4 9
150 154 11 9
150 154 12 9
150 155 16 9
468 472 2 9
468 460 3 9
468 486 5 9
546 536 1 9
546 549 6 9
546 530 11 9
546 549 16 9
546 539 17 9
424 441 16 10
424 441 19 10
536 549 5 10
536 530 10 10
536 549 15 10
536 539 16 10
85 66 2 11
85 71 3 11
85 76 10 11
85 99 11 11
85 83 17 11
472 460 1 11
472 486 3 11
677 680 2 11
677 665 3 11
677 665 7 11
154 166 1 12
154 172 5 12
154 154 8 12
154 154 9 12
154 155 13 12
154 170 18 12
154 156 20 12
460 441 14 12
460 441 17 12
764 762 11 12
764 752 15 12
764 753 17 12
66 71 1 13
66 46 8 13
66 76 8 13
66 83 15 13
166 175 1 13
166 172 4 13
166 154 7 13
166 154 8 13
166 155 12 13
166 170 17 13
166 156 19 13
510 523 20 13
680 665 1 13
680 665 5 13
71 76 7 14
71 83 14 14
175 172 3 14
175 155 11 14
175 170 16 14
175 156 18 14
665 648 3 14
665 665 4 14
665 651 14 14
549 530 5 15
549 549 10 15
549 539 11 15
315 305 2 16
315 303 9 16
315 334 11 16
315 303 12 16
611 594 5 16
611 615 6 16
611 620 16 16
172 154 3 17
172 154 4 17
172 155 8 17
172 170 13 17
172 156 15 17
172 154 18 17
266 260 4 17
648 665 1 17
648 639 2 17
648 651 11 17
648 631 17 17
220 222 1 18
220 231 4 18
305 290 2 18
305 303 7 18
305 303 10 18
305 293 13 18
305 286 19 18
665 651 10 18
222 231 3 19
358 361 3 19
639 651 9 19
639 620 13 19
639 631 15 19
154 154 1 20
154 155 5 20
154 170 10 20
154 156 12 20
154 154 15 20
154 141 17 20
154 138 18 20
290 303 5 20
290 303 8 20
290 293 11 20
290 286 17 20
290 283 18 20
530 549 5 20
530 539 6 20
530 523 13 20
46 28 4 21
46 39 4 21
46 41 15 21
46 29 16 21
46 37 16 21
46 30 18 21
46 31 18 21
76 83 7 21
76 86 16 21
154 155 4 21
154 170 9 21
154 156 11 21
154 154 14 21
154 141 16 21
154 138 17 21
594 588 19 21
99 106 5 22
99 83 6 22
99 86 15 22
99 98 18 22
615 620 10 22
615 631 12 22
762 752 4 23
762 753 6 23
762 764 12 23
28 10 2 25
28 41 11 25
28 29 12 25
28 37 12 25
28 30 14 25
28 31 14 25
39 41 11 25
39 29 12 25
39 37 12 25
39 30 14 25
39 31 14 25
155 170 5 25
155 156 7 25
155 154 10 25
155 141 12 25
155 138 13 25
303 303 3 25
303 293 6 25
303 286 12 25
303 283 13 25
549 539 1 25
441 441 3 26
441 441 13 26
539 523 7 26
10 6 1 27
10 7 1 27
10 29 10 27
10 5 11 27
106 86 10 27
106 98 13 27
129 129 9 27
129 141 10 27
129 138 11 27
752 753 2 27
752 733 3 27
752 733 4 27
752 764 8 27
6 5 10 28
7 5 10 28
83 86 9 28
83 98 12 28
303 293 3 28
303 286 9 28
303 283 10 28
651 631 6 28
441 441 10 29
753 733 1 29
753 733 2 29
753 764 6 29
170 156 2 30
170 154 5 30
733 733 1 30
293 286 6 31
293 283 7 31
156 154 3 32
156 141 5 32
156 138 6 32
156 160 19 32
409 404 1 32
409 416 2 32
409 398 18 32
620 631 2 32
620 603 18 32
620 613 19 32
404 416 1 33
404 398 17 33
523 526 20 33
416 398 16 34
631 613 17 34
154 141 2 35
154 138 3 35
154 160 16 35
154 138 20 35
41 29 1 36
41 37 1 36
41 30 3 36
41 31 3 36
41 23 17 36
41 42 17 36
41 30 19 36
41 32 20 36
129 141 1 36
129 138 2 36
129 138 19 36
129 129 20 36
708 709 1 36
29 30 2 37
29 31 2 37
29 19 15 37
29 23 16 37
29 42 16 37
29 30 18 37
29 18 19 37
29 32 19 37
29 23 20 37
29 41 20 37
37 30 2 37
37 31 2 37
37 19 15 37
37 23 16 37
37 42 16 37
37 30 18 37
37 18 19 37
37 32 19 37
37 23 20 37
37 41 20 37
86 98 3 37
86 105 14 37
86 81 18 37
86 78 19 37
86 77 20 37
141 138 1 37
141 160 14 37
141 138 18 37
141 129 19 37
286 283 1 37
286 279 16 37
5 19 14 38
5 23 15 38
5 0 18 38
5 4 18 38
5 18 18 38
5 23 19 38
138 138 17 38
138 129 18 38
283 279 15 38
571 573 1 38
571 588 2 38
571 576 20 38
30 19 13 39
30 23 14 39
30 42 14 39
30 30 16 39
30 18 17 39
30 32 17 39
30 23 18 39
30 41 18 39
31 19 13 39
31 23 14 39
31 42 14 39
31 30 16 39
31 18 17 39
31 32 17 39
31 23 18 39
31 41 18 39
441 441 15 39
573 588 1 39
573 576 19 39
573 572 20 39
98 105 11 40
98 81 15 40
98 78 16 40
588 603 10 40
588 576 18 40
588 572 19 40
398 404 17 50
603 613 1 50
105 91 12 51
105 90 13 51
160 157 8 51
160 149 11 51
160 172 12 51
160 161 16 51
160 166 19 51
368 365 18 51
368 349 19 51
19 23 1 52
19 30 3 52
19 0 4 52
19 4 4 52
19 18 4 52
19 32 4 52
19 23 5 52
19 28 15 52
19 28 16 52
23 30 2 53
23 4 3 53
23 18 3 53
23 32 3 53
23 23 4 53
23 41 4 53
23 28 14 53
23 28 15 53
23 40 18 53
23 41 20 53
42 30 2 53
42 32 3 53
42 23 4 53
42 41 4 53
42 51 9 53
42 28 14 53
42 28 15 53
42 40 18 53
42 41 20 53
210 200 4 53
210 198 5 53
210 190 11 53
210 194 12 53
526 516 4 53
526 513 7 53
526 518 8 53
526 541 12 53
526 532 13 53
526 514 16 53
441 459 18 54
30 18 1 55
30 32 1 55
30 23 2 55
30 41 2 55
30 28 12 55
30 28 13 55
30 40 16 55
30 41 18 55
81 78 1 55
81 77 2 55
81 73 7 55
81 91 8 55
81 90 9 55
81 75 10 55
81 71 12 55
81 67 15 55
81 70 16 55
138 129 1 55
138 157 4 55
138 149 7 55
332 332 10 55
332 328 11 55
332 338 13 55
332 349 15 55
332 347 16 55
332 314 18 55
4 23 1 56
18 23 1 56
18 28 11 56
18 28 12 56
32 23 1 56
32 41 1 56
32 51 6 56
32 28 11 56
32 28 12 56
32 40 15 56
32 41 17 56
78 77 1 56
78 73 6 56
78 91 7 56
78 90 8 56
78 75 9 56
78 71 11 56
78 67 14 56
78 70 15 56
23 28 10 57
23 28 11 57
23 40 14 57
23 41 16 57
41 51 5 57
41 28 10 57
41 28 11 57
41 40 14 57
41 41 16 57
77 73 5 57
77 91 6 57
77 90 7 57
77 75 8 57
77 71 10 57
77 67 13 57
77 70 14 57
200 198 1 57
200 190 7 57
200 194 8 57
200 181 12 57
516 513 3 57
516 518 4 57
516 532 9 57
516 514 12 57
198 190 6 58
198 194 7 58
198 181 11 58
576 572 1 58
576 558 4 58
576 558 12 58
576 567 13 58
576 595 15 58
157 149 3 59
157 172 4 59
157 161 8 59
157 166 11 59
495 513 1 59
495 493 2 59
495 514 10 59
572 558 3 59
572 558 11 59
572 567 12 59
461 459 12 60
513 493 1 60
513 518 1 60
513 532 6 60
513 514 9 60
518 532 5 61
518 514 8 61
51 67 8 62
51 40 9 62
51 70 9 62
51 41 11 62
73 91 1 62
73 90 2 62
73 75 3 62
73 71 5 62
73 67 8 62
73 70 9 62
149 161 5 62
149 166 8 62
558 541 3 62
558 558 8 62
558 567 9 62
91 90 1 63
91 75 2 63
91 71 4 63
172 190 1 63
172 161 4 63
172 181 6 63
172 166 7 63
753 749 4 63
90 75 1 64
90 71 3 64
90 70 7 64
190 194 1 64
190 181 5 64
75 71 2 65
75 67 5 65
75 70 6 65
194 181 4 65
332 328 1 65
332 338 3 65
332 349 5 65
332 347 6 65
332 314 8 65
541 532 1 65
541 558 5 65
328 338 2 66
328 347 5 66
328 314 7 66
532 514 3 66
28 28 1 67
28 40 4 67
28 41 6 67
71 67 3 67
71 70 4 67
161 166 3 67
28 40 3 68
28 41 5 68
338 349 2 68
338 347 3 68
181 166 1 69
365 349 1 69
365 347 2 69
67 70 1 70
349 347 1 70
558 567 1 70
40 41 2 71
