0 16 8 0
0 0 9 0
0 6 9 0
0 7 9 0
0 16 9 0
0 9 13 0
0 11 16 0
8 16 8 0
8 0 9 0
8 6 9 0
8 7 9 0
8 16 9 0
8 9 13 0
8 11 16 0
36 16 8 0
36 16 9 0
36 54 9 0
36 54 11 0
36 28 12 0
36 41 13 0
36 46 19 0
36 40 20 0
83 77 9 0
83 101 12 0
83 72 13 0
83 66 19 0
83 67 20 0
185 175 1 0
185 182 2 0
185 178 5 0
185 188 11 0
185 183 12 0
185 187 18 0
185 181 20 0
441 437 2 0
441 427 6 0
441 433 9 0
441 445 12 0
441 444 19 0
633 628 5 0
175 182 1 1
175 178 4 1
175 188 10 1
175 183 11 1
175 187 17 1
175 181 19 1
261 245 7 1
261 263 12 1
261 253 13 1
261 242 14 1
261 269 17 1
261 252 18 1
261 257 19 1
261 256 20 1
529 516 7 1
529 511 10 1
529 539 11 1
529 533 12 1
529 514 14 1
529 513 17 1
182 178 3 2
182 188 9 2
182 183 10 2
182 187 16 2
182 181 18 2
437 427 4 2
437 433 7 2
437 445 10 2
437 444 17 2
732 730 17 2
732 715 18 2
406 408 1 4
406 414 7 4
762 758 2 4
178 188 6 5
178 183 7 5
178 187 13 5
178 181 15 5
178 186 19 5
408 427 1 5
408 414 6 5
628 626 18 5
628 622 19 5
57 54 3 6
57 54 5 6
57 41 7 6
57 72 7 6
57 46 13 6
57 66 13 6
57 40 14 6
57 67 14 6
57 70 15 6
57 63 20 6
427 433 3 6
427 414 5 6
427 445 6 6
427 444 13 6
368 367 20 7
670 680 2 7
670 672 3 7
670 676 7 7
670 678 9 7
670 671 10 7
670 652 14 7
670 660 15 7
16 0 1 8
16 6 1 8
16 7 1 8
16 16 1 8
16 28 4 8
16 9 5 8
16 11 8 8
16 0 15 8
16 13 15 8
245 263 5 8
245 253 6 8
245 242 7 8
245 252 11 8
245 257 12 8
245 256 13 8
245 248 18 8
245 255 20 8
324 333 7 8
516 511 3 8
516 533 5 8
516 514 7 8
516 513 10 8
516 512 17 8
0 9 4 9
0 11 7 9
0 0 14 9
0 13 14 9
6 9 4 9
6 11 7 9
6 0 14 9
6 13 14 9
7 9 4 9
7 11 7 9
7 0 14 9
7 13 14 9
16 28 3 9
16 9 4 9
16 11 7 9
16 0 14 9
16 13 14 9
54 54 2 9
54 41 4 9
54 72 4 9
54 46 10 9
54 66 10 9
54 40 11 9
54 67 11 9
54 70 12 9
54 63 17 9
54 64 18 9
54 39 19 9
77 72 4 9
77 66 10 9
77 67 11 9
77 70 12 9
77 83 13 9
77 63 17 9
77 64 18 9
77 85 20 9
433 414 2 9
433 445 3 9
433 444 10 9
680 672 1 9
680 676 5 9
680 678 7 9
680 671 8 9
680 660 13 9
680 662 20 9
139 122 1 10
139 150 3 10
139 130 7 10
672 676 4 10
672 678 6 10
672 671 7 10
672 652 11 10
672 660 12 10
672 662 19 10
54 41 2 11
54 72 2 11
54 46 8 11
54 66 8 11
54 40 9 11
54 67 9 11
54 70 10 11
54 63 15 11
54 64 16 11
54 39 17 11
54 47 19 11
122 130 6 11
122 114 7 11
188 183 1 11
188 187 7 11
188 181 9 11
188 204 10 11
188 186 13 11
188 178 16 11
188 207 17 11
511 514 4 11
511 513 7 11
511 512 14 11
28 9 1 12
28 41 1 12
28 11 4 12
28 46 7 12
28 40 8 12
28 13 11 12
28 39 16 12
28 21 18 12
28 47 18 12
101 114 6 12
101 83 10 12
101 85 17 12
101 87 19 12
183 187 6 12
183 181 8 12
183 186 12 12
183 178 15 12
445 444 7 12
539 533 1 12
9 11 3 13
9 0 10 13
9 13 10 13
9 1 17 13
9 21 17 13
41 46 6 13
41 40 7 13
41 39 15 13
41 21 17 13
41 47 17 13
72 66 6 13
72 67 7 13
72 70 8 13
72 83 9 13
72 63 13 13
72 64 14 13
72 85 16 13
72 76 17 13
72 87 18 13
150 130 4 13
150 159 18 13
150 144 19 13
263 253 1 13
263 269 5 13
263 252 6 13
263 257 7 13
263 256 8 13
263 279 9 13
263 248 13 13
263 265 13 13
263 255 15 13
263 274 16 13
263 259 20 13
533 514 2 13
533 513 5 13
533 530 20 13
253 242 1 14
253 269 4 14
253 252 5 14
253 257 6 14
253 256 7 14
253 248 12 14
253 265 12 14
253 255 14 14
253 259 19 14
676 678 2 14
676 671 3 14
676 660 8 14
676 662 15 14
242 252 4 15
242 257 5 15
242 256 6 15
242 248 11 15
242 255 13 15
242 259 18 15
242 235 20 15
333 336 17 15
514 513 3 15
514 512 10 15
514 530 18 15
514 532 19 15
11 0 7 16
11 13 7 16
11 1 14 16
11 21 14 16
11 10 19 16
678 671 1 16
678 660 6 16
678 662 13 16
130 114 1 17
130 144 15 17
671 652 4 17
671 660 5 17
671 662 12 17
114 103 15 18
187 181 2 18
187 204 3 18
187 186 6 18
187 178 9 18
187 171 16 18
269 252 1 18
269 257 2 18
269 256 3 18
269 279 4 18
269 265 8 18
269 255 10 18
269 274 11 18
269 259 15 18
513 512 7 18
513 530 15 18
513 532 16 18
46 40 1 19
46 63 7 19
46 64 8 19
46 39 9 19
46 47 11 19
46 36 15 19
66 67 1 19
66 70 2 19
66 83 3 19
66 63 7 19
66 64 8 19
66 85 10 19
66 47 11 19
66 76 11 19
66 69 15 19
252 257 1 19
252 256 2 19
252 248 7 19
252 265 7 19
252 255 9 19
252 259 14 19
252 235 16 19
730 715 1 19
730 725 8 19
40 39 8 20
40 21 10 20
40 47 10 20
40 36 14 20
67 70 1 20
67 83 2 20
67 63 6 20
67 64 7 20
67 85 9 20
67 47 10 20
67 76 10 20
67 69 14 20
181 186 4 20
181 178 7 20
181 171 14 20
257 256 1 20
257 248 6 20
257 265 6 20
257 255 8 20
257 274 9 20
257 259 13 20
715 725 7 20
70 83 1 21
70 63 5 21
70 64 6 21
70 85 8 21
70 76 9 21
70 87 10 21
70 69 13 21
70 88 20 21
204 209 1 21
204 186 3 21
204 207 7 21
256 248 5 21
256 265 5 21
256 255 7 21
256 274 8 21
256 259 12 21
256 267 20 21
652 660 1 21
652 638 7 21
652 662 8 21
83 63 4 22
83 64 5 22
83 85 7 22
83 76 8 22
83 87 9 22
83 69 12 22
83 91 18 22
83 88 19 22
209 207 6 22
279 291 3 22
279 265 4 22
279 274 7 22
279 259 11 22
279 267 19 22
279 272 20 22
660 662 7 22
0 1 7 23
0 10 12 23
13 1 7 23
13 21 7 23
13 10 12 23
626 622 1 23
626 638 5 23
626 628 7 23
626 623 8 23
186 178 3 24
186 171 10 24
622 638 4 24
622 628 6 24
622 623 7 24
291 274 4 25
291 272 17 25
512 530 8 25
63 64 1 26
63 47 4 26
63 76 4 26
63 69 8 26
248 255 2 26
248 259 7 26
248 235 9 26
248 267 15 26
265 255 2 26
265 274 3 26
265 259 7 26
265 267 15 26
265 272 16 26
64 47 3 27
64 76 3 27
64 69 7 27
178 159 4 27
178 171 7 27
367 373 7 27
367 360 13 27
725 723 17 27
725 718 20 27
39 21 2 28
39 47 2 28
39 36 6 28
255 274 1 28
255 259 5 28
255 235 7 28
255 267 13 28
255 272 14 28
638 628 2 28
638 623 3 28
85 76 1 29
85 87 2 29
85 103 4 29
85 69 5 29
85 91 11 29
85 88 12 29
85 77 19 29
274 259 4 29
274 267 12 29
274 272 13 29
1 10 5 30
21 36 4 30
21 10 5 30
47 36 4 30
76 87 1 30
76 69 4 30
76 91 10 30
76 88 11 30
76 77 18 30
628 623 1 30
87 103 2 31
87 69 3 31
87 91 9 31
87 88 10 31
87 77 17 31
159 144 1 31
159 171 3 31
159 150 20 31
144 127 8 32
144 150 19 32
753 762 8 32
753 752 17 32
103 91 7 33
103 88 8 33
259 267 8 33
259 272 9 33
259 271 18 33
530 532 1 33
530 538 9 33
36 55 17 34
69 88 7 34
69 77 14 34
69 55 17 34
69 77 20 34
373 360 6 34
532 538 8 34
474 454 13 35
592 601 6 35
91 88 1 40
91 77 8 40
91 77 14 40
91 77 15 40
762 752 9 40
762 764 18 40
762 752 20 40
88 77 7 41
88 77 13 41
88 77 14 41
88 75 20 41
267 272 1 41
267 271 10 41
267 278 15 41
601 619 14 41
272 271 9 42
272 278 14 42
723 718 3 44
723 716 4 44
723 722 6 44
723 712 7 44
723 723 8 44
723 726 9 44
723 739 10 44
723 709 13 44
723 716 17 44
723 718 18 44
723 726 20 44
718 716 1 47
718 722 3 47
718 712 4 47
718 723 5 47
718 726 6 47
718 709 10 47
718 716 14 47
718 718 15 47
718 726 17 47
77 77 6 48
77 77 7 48
77 75 13 48
77 77 17 48
454 442 7 48
454 441 17 48
454 455 18 48
716 722 2 48
716 712 3 48
716 723 4 48
716 726 5 48
716 709 9 48
716 716 13 48
716 718 14 48
716 726 16 48
752 739 5 49
752 764 9 49
752 752 11 49
752 764 14 49
752 739 18 49
752 757 19 49
752 738 20 49
722 712 1 50
722 723 2 50
722 726 3 50
722 739 4 50
722 709 7 50
722 716 11 50
722 718 12 50
722 726 14 50
722 739 17 50
722 738 19 50
55 41 5 51
55 46 14 51
271 278 5 51
712 723 1 51
712 726 2 51
712 709 6 51
712 716 10 51
712 718 11 51
712 726 13 51
723 726 1 52
723 739 2 52
723 709 5 52
723 716 9 52
723 718 10 52
723 726 12 52
723 739 15 52
723 738 17 52
726 739 1 53
726 709 4 53
726 716 8 53
726 718 9 53
726 726 11 53
726 739 14 53
726 738 16 53
77 77 1 54
77 75 7 54
77 77 11 54
77 57 18 54
77 75 18 54
496 496 4 54
739 752 6 54
739 726 10 54
739 739 13 54
739 757 14 54
739 738 15 54
77 75 6 55
77 77 10 55
77 57 17 55
77 75 17 55
442 441 10 55
442 455 11 55
442 454 14 55
442 454 18 55
619 634 20 55
41 28 9 56
41 46 9 56
41 57 16 56
709 716 4 57
709 718 5 57
709 726 7 57
764 752 2 58
764 764 5 58
764 757 10 58
764 764 16 58
752 764 3 60
752 739 7 60
752 757 8 60
752 738 9 60
752 764 14 60
75 77 4 61
75 57 11 61
75 75 11 61
716 718 1 61
716 726 3 61
718 726 2 62
764 757 5 63
764 764 11 63
726 739 3 64
726 738 5 64
28 11 7 65
46 57 7 65
77 57 7 65
77 75 7 65
240 237 7 65
441 455 1 65
441 454 4 65
441 454 8 65
579 571 5 65
579 585 7 65
455 454 3 66
455 454 7 66
739 757 1 67
739 738 2 67
394 408 6 68
394 394 7 68
394 394 8 68
757 738 1 68
757 764 6 68
454 454 4 69
316 309 2 70
571 585 2 70
408 394 1 74
408 394 2 74
394 394 1 75
634 618 1 75
