91 102 1 11
91 91 6 11
91 90 7 11
91 90 8 11
91 90 9 11
91 91 10 11
91 90 11 11
91 91 12 11
91 103 15 11
215 215 2 11
215 227 5 11
215 228 19 11
973 969 2 11
973 968 3 11
973 970 5 11
973 984 6 11
973 987 7 11
973 989 9 11
973 989 10 11
973 988 12 11
973 968 16 11
973 969 17 11
1023 1023 2 11
1023 1023 3 11
1023 1012 4 11
1023 1012 8 11
1023 1023 9 11
1023 1023 10 11
1023 1012 11 11
1023 1015 13 11
1023 1021 14 11
1023 1023 14 11
1023 1023 15 11
1023 1023 16 11
1023 1012 18 11
1023 1014 19 11
1023 1015 20 11
102 91 5 12
102 90 6 12
102 90 7 12
102 90 8 12
102 91 9 12
102 90 10 12
102 91 11 12
102 103 14 12
102 90 20 12
482 466 6 12
482 467 7 12
482 468 8 12
482 482 14 12
482 467 20 12
952 969 1 12
952 968 2 12
952 970 4 12
952 968 15 12
952 969 16 12
45 52 3 13
45 45 14 13
215 227 3 13
215 228 17 13
385 395 10 13
969 968 1 13
969 970 3 13
969 984 4 13
969 987 5 13
969 988 10 13
969 968 14 13
969 969 15 13
969 988 19 13
1023 1023 1 13
1023 1012 2 13
1023 1012 6 13
1023 1023 7 13
1023 1023 8 13
1023 1012 9 13
1023 1015 11 13
1023 1021 12 13
1023 1023 12 13
1023 1023 13 13
1023 1023 14 13
1023 1012 16 13
1023 1014 17 13
1023 1015 18 13
1023 1012 20 13
968 970 2 14
968 984 3 14
968 987 4 14
968 968 13 14
968 969 14 14
1023 1012 1 14
1023 1012 5 14
1023 1023 6 14
1023 1023 7 14
1023 1012 8 14
1023 1015 10 14
1023 1021 11 14
1023 1023 11 14
1023 1023 12 14
1023 1023 13 14
1023 1012 15 14
1023 1014 16 14
1023 1015 17 14
1023 1012 19 14
1023 1022 20 14
1023 1023 20 14
181 168 3 15
181 181 14 15
181 170 18 15
1012 1012 4 15
1012 1023 5 15
1012 1023 6 15
1012 1012 7 15
1012 1015 9 15
1012 1021 10 15
1012 1023 10 15
1012 1023 11 15
1012 1023 12 15
1012 1012 14 15
1012 1014 15 15
1012 1015 16 15
1012 1012 18 15
1012 1022 19 15
1012 1023 19 15
52 45 11 16
227 245 7 16
227 228 14 16
227 226 19 16
405 395 7 16
405 406 14 16
970 984 1 16
970 987 2 16
970 989 4 16
970 989 5 16
970 988 7 16
970 968 11 16
970 969 12 16
970 988 16 16
91 90 1 17
91 90 2 17
91 90 3 17
91 91 4 17
91 90 5 17
91 91 6 17
91 103 9 17
91 90 15 17
91 91 16 17
91 90 17 17
91 90 18 17
91 109 20 17
984 987 1 17
984 989 3 17
984 989 4 17
984 988 6 17
984 968 10 17
984 969 11 17
984 988 15 17
90 90 1 18
90 90 2 18
90 91 3 18
90 90 4 18
90 91 5 18
90 103 8 18
90 90 14 18
90 91 15 18
90 90 16 18
90 90 17 18
90 109 19 18
168 181 11 18
168 170 15 18
466 467 1 18
466 468 2 18
466 482 8 18
466 467 14 18
466 467 17 18
466 454 18 18
466 450 20 18
987 989 2 18
987 989 3 18
987 988 5 18
987 968 9 18
987 969 10 18
987 988 14 18
987 996 20 18
90 90 1 19
90 91 2 19
90 90 3 19
90 91 4 19
90 103 7 19
90 90 13 19
90 91 14 19
90 90 15 19
90 90 16 19
90 109 18 19
467 468 1 19
467 482 7 19
467 467 13 19
467 467 16 19
467 454 17 19
467 450 19 19
1012 1023 1 19
1012 1023 2 19
1012 1012 3 19
1012 1015 5 19
1012 1021 6 19
1012 1023 6 19
1012 1023 7 19
1012 1023 8 19
1012 1012 10 19
1012 1014 11 19
1012 1015 12 19
1012 1012 14 19
1012 1022 15 19
1012 1023 15 19
1012 1023 17 19
1012 1008 18 19
1012 1023 18 19
1012 996 19 19
90 91 1 20
90 90 2 20
90 91 3 20
90 103 6 20
90 90 12 20
90 91 13 20
90 90 14 20
90 90 15 20
90 109 17 20
468 482 6 20
468 467 12 20
468 467 15 20
468 454 16 20
468 450 18 20
989 989 1 20
989 988 3 20
989 969 8 20
989 988 12 20
989 1008 17 20
989 996 18 20
1023 1023 1 20
1023 1012 2 20
1023 1015 4 20
1023 1021 5 20
1023 1023 5 20
1023 1023 6 20
1023 1023 7 20
1023 1012 9 20
1023 1014 10 20
1023 1015 11 20
1023 1012 13 20
1023 1022 14 20
1023 1023 14 20
1023 1023 16 20
1023 1008 17 20
1023 1023 17 20
91 90 1 21
91 91 2 21
91 103 5 21
91 90 11 21
91 91 12 21
91 90 13 21
91 90 14 21
91 109 16 21
989 988 2 21
989 969 7 21
989 988 11 21
989 1008 16 21
989 996 17 21
1023 1012 1 21
1023 1015 3 21
1023 1021 4 21
1023 1023 4 21
1023 1023 5 21
1023 1023 6 21
1023 1012 8 21
1023 1014 9 21
1023 1015 10 21
1023 1012 12 21
1023 1022 13 21
1023 1023 13 21
1023 1023 15 21
1023 1008 16 21
1023 1023 16 21
90 91 1 22
90 103 4 22
90 90 10 22
90 91 11 22
90 90 12 22
90 90 13 22
90 109 15 22
1012 1015 2 22
1012 1021 3 22
1012 1023 3 22
1012 1023 4 22
1012 1023 5 22
1012 1012 7 22
1012 1014 8 22
1012 1015 9 22
1012 1012 11 22
1012 1022 12 22
1012 1023 12 22
1012 1023 14 22
1012 1008 15 22
1012 1023 15 22
1012 996 16 22
91 103 3 23
91 90 9 23
91 91 10 23
91 90 11 23
91 90 12 23
91 109 14 23
245 228 7 23
245 226 12 23
245 253 20 23
395 406 7 23
395 397 14 23
395 402 19 23
988 968 4 23
988 969 5 23
988 988 9 23
988 996 15 23
1015 1021 1 24
1015 1023 1 24
1015 1023 2 24
1015 1023 3 24
1015 1012 5 24
1015 1014 6 24
1015 1015 7 24
1015 1012 9 24
1015 1022 10 24
1015 1023 10 24
1015 1023 12 24
1015 1008 13 24
1015 1023 13 24
1015 996 14 24
1015 1023 19 24
1021 1023 1 25
1021 1023 2 25
1021 1012 4 25
1021 1014 5 25
1021 1015 6 25
1021 1012 8 25
1021 1022 9 25
1021 1023 9 25
1021 1023 11 25
1021 1008 12 25
1021 1023 12 25
1021 1023 18 25
1023 1023 1 25
1023 1023 2 25
1023 1012 4 25
1023 1014 5 25
1023 1015 6 25
1023 1012 8 25
1023 1022 9 25
1023 1023 9 25
1023 1023 11 25
1023 1008 12 25
1023 1023 12 25
1023 1023 18 25
103 90 6 26
103 91 7 26
103 90 8 26
103 90 9 26
103 109 11 26
103 110 18 26
103 84 20 26
482 467 6 26
482 467 9 26
1023 1023 1 26
1023 1012 3 26
1023 1014 4 26
1023 1015 5 26
1023 1012 7 26
1023 1022 8 26
1023 1023 8 26
1023 1023 10 26
1023 1008 11 26
1023 1023 11 26
1023 1023 17 26
45 52 10 27
45 45 19 27
45 28 20 27
45 33 20 27
968 969 1 27
1023 1012 2 27
1023 1014 3 27
1023 1015 4 27
1023 1012 6 27
1023 1022 7 27
1023 1023 7 27
1023 1023 9 27
1023 1008 10 27
1023 1023 10 27
1023 1023 16 27
1023 1012 20 27
969 988 4 28
181 170 4 29
444 454 7 29
444 450 9 29
1012 1014 1 29
1012 1015 2 29
1012 1012 4 29
1012 1022 5 29
1012 1023 5 29
1012 1023 7 29
1012 1008 8 29
1012 1023 8 29
1012 996 9 29
1012 1023 14 29
1012 1012 18 29
1012 1015 19 29
228 226 5 30
228 225 14 30
228 220 16 30
406 397 7 30
406 402 12 30
1014 1015 1 30
1014 1012 3 30
1014 1022 4 30
1014 1023 4 30
1014 1023 6 30
1014 1008 7 30
1014 1023 7 30
1014 996 8 30
1014 1023 13 30
1014 1012 17 30
1014 1015 18 30
1015 1012 2 31
1015 1022 3 31
1015 1023 3 31
1015 1023 5 31
1015 1008 6 31
1015 1023 6 31
1015 996 7 31
1015 1023 12 31
1015 1012 16 31
1015 1015 17 31
1015 1023 20 31
90 91 1 32
90 90 2 32
90 90 3 32
90 109 5 32
90 84 14 32
90 80 15 32
90 109 20 32
467 467 3 32
467 454 4 32
467 450 6 32
988 996 6 32
91 90 1 33
91 90 2 33
91 109 4 33
91 110 11 33
91 84 13 33
91 80 14 33
91 109 19 33
170 169 19 33
316 332 11 33
1012 1022 1 33
1012 1023 1 33
1012 1023 3 33
1012 1008 4 33
1012 1023 4 33
1012 996 5 33
1012 1023 10 33
1012 1012 14 33
1012 1015 15 33
1012 1023 18 33
90 90 1 34
90 109 3 34
90 84 12 34
90 80 13 34
90 109 18 34
1022 1023 2 34
1022 1008 3 34
1022 1023 3 34
1022 1023 9 34
1022 1012 13 34
1022 1015 14 34
1022 1023 17 34
1023 1023 2 34
1023 1008 3 34
1023 1023 3 34
1023 1023 9 34
1023 1012 13 34
1023 1015 14 34
1023 1023 17 34
90 109 2 35
90 84 11 35
90 80 12 35
90 109 17 35
226 225 9 35
226 220 11 35
467 454 1 35
467 450 3 35
931 915 5 35
454 450 2 36
454 440 18 36
908 915 4 36
908 890 6 36
908 890 8 36
908 888 10 36
1023 1008 1 36
1023 1023 1 36
1023 1023 7 36
1023 1012 11 36
1023 1015 12 36
1023 1023 15 36
52 45 9 37
52 33 10 37
109 110 7 37
109 109 15 37
109 98 19 37
109 127 19 37
109 126 20 37
109 128 20 37
397 402 5 37
397 409 15 37
397 397 18 37
397 402 20 37
1008 996 1 37
1008 1023 6 37
1008 1012 10 37
1008 1015 11 37
1008 1023 14 37
1008 991 16 37
1008 998 17 37
1023 1023 6 37
1023 1012 10 37
1023 1015 11 37
1023 1023 14 37
450 440 16 38
996 1012 9 38
996 1015 10 38
996 991 15 38
996 998 16 38
402 409 10 42
402 397 13 42
402 402 15 42
890 882 1 42
890 890 2 42
890 888 4 42
890 887 14 42
890 881 15 42
253 239 19 43
882 890 1 43
882 888 3 43
882 887 13 43
882 881 14 43
1023 1012 4 43
1023 1015 5 43
1023 1023 8 43
1023 1023 16 43
110 109 8 44
110 98 12 44
110 127 12 44
110 126 13 44
110 128 13 44
110 90 17 44
225 220 2 44
225 239 18 44
890 888 2 44
890 887 12 44
890 881 13 44
45 28 1 46
45 33 1 46
45 36 18 46
84 80 1 46
84 98 10 46
84 90 15 46
84 90 20 46
220 239 16 46
888 887 10 46
888 881 11 46
28 18 8 47
28 18 9 47
28 36 17 47
33 18 8 47
33 18 9 47
33 36 17 47
80 98 9 47
80 90 14 47
80 90 19 47
135 127 9 47
135 126 10 47
135 128 10 47
1012 1015 1 47
1012 1023 4 47
1012 998 7 47
1012 1023 12 47
1012 1023 17 47
1012 1008 20 47
1015 1023 3 48
1015 998 6 48
1015 1023 11 48
1015 1023 16 48
1015 1008 19 48
494 505 9 49
494 512 9 49
494 508 10 49
494 511 10 49
494 509 11 49
523 527 2 49
523 505 9 49
523 512 9 49
523 508 10 49
523 511 10 49
523 509 11 49
523 522 11 49
698 717 5 50
698 698 16 50
527 512 7 51
527 508 8 51
527 511 8 51
527 509 9 51
527 522 9 51
1023 1023 8 51
1023 1023 13 51
1023 1008 16 51
109 98 4 52
109 127 4 52
109 126 5 52
109 128 5 52
109 90 9 52
109 90 14 52
109 100 16 52
109 90 20 52
169 155 3 52
409 397 3 52
409 402 5 52
661 648 19 52
991 998 1 53
991 989 8 53
991 1008 14 53
998 989 7 54
998 1008 13 54
18 18 1 55
18 36 9 55
18 0 17 55
18 1 17 55
18 3 17 55
18 8 17 55
18 8 19 55
18 28 20 55
155 167 18 55
155 138 19 55
397 402 2 55
717 698 11 55
18 36 8 56
18 0 16 56
18 1 16 56
18 3 16 56
18 8 16 56
18 8 18 56
18 28 19 56
18 36 20 56
98 90 5 56
98 90 10 56
98 100 12 56
98 90 16 56
98 92 17 56
98 115 18 56
98 90 19 56
98 103 20 56
127 126 1 56
127 128 1 56
127 115 18 56
127 138 18 56
887 881 1 56
887 882 16 56
126 115 17 57
126 138 17 57
128 115 17 57
128 138 17 57
881 882 15 57
505 508 1 58
505 511 1 58
505 509 2 58
505 522 2 58
512 508 1 58
512 511 1 58
512 509 2 58
512 522 2 58
508 509 1 59
508 522 1 59
511 509 1 59
511 522 1 59
1023 1023 5 59
1023 1008 8 59
1023 1020 15 59
1023 1023 15 59
1023 1023 16 59
522 532 18 60
90 90 5 61
90 100 7 61
90 90 11 61
90 92 12 61
90 90 14 61
90 103 15 61
90 95 19 61
989 1008 6 61
989 989 16 61
989 988 19 61
989 1007 20 61
239 253 2 62
239 228 9 62
913 931 3 62
913 916 13 62
36 48 8 64
36 28 11 64
36 52 11 64
36 36 12 64
36 18 17 64
36 18 20 64
36 36 20 64
253 267 7 64
586 592 15 64
1023 1008 3 64
1023 1020 10 64
1023 1023 10 64
1023 1023 11 64
1023 1007 17 64
1023 1008 20 64
931 916 10 65
90 100 2 66
90 90 6 66
90 92 7 66
90 90 9 66
90 103 10 66
90 95 14 66
90 106 18 66
90 85 19 66
1008 1020 7 67
1008 1023 7 67
1008 1023 8 67
1008 989 10 67
1008 988 13 67
1008 1007 14 67
1008 996 15 67
1008 998 16 67
1008 1008 17 67
1008 1015 19 67
1008 1023 19 67
1008 1015 20 67
100 90 4 68
100 92 5 68
100 115 6 68
100 90 7 68
100 103 8 68
100 95 12 68
100 106 16 68
100 85 17 68
228 221 13 71
228 241 19 71
267 260 16 71
0 8 2 72
0 0 9 72
0 1 9 72
0 3 9 72
0 7 9 72
0 18 9 72
0 8 10 72
0 14 12 72
0 18 12 72
0 4 13 72
0 10 13 72
0 15 13 72
0 11 15 72
1 8 2 72
1 0 9 72
1 1 9 72
1 3 9 72
1 7 9 72
1 18 9 72
1 8 10 72
1 14 12 72
1 18 12 72
1 4 13 72
1 10 13 72
1 15 13 72
1 11 15 72
3 8 2 72
3 0 9 72
3 1 9 72
3 3 9 72
3 7 9 72
3 18 9 72
3 8 10 72
3 14 12 72
3 18 12 72
3 4 13 72
3 10 13 72
3 15 13 72
3 11 15 72
3 21 18 72
8 8 2 72
8 0 9 72
8 1 9 72
8 3 9 72
8 7 9 72
8 18 9 72
8 8 10 72
8 14 12 72
8 18 12 72
8 4 13 72
8 10 13 72
8 15 13 72
8 11 15 72
8 21 18 72
48 28 3 72
48 52 3 72
48 36 4 72
48 36 12 72
90 92 1 72
90 90 3 72
90 103 4 72
90 95 8 72
90 106 12 72
90 85 13 72
90 93 19 72
90 93 20 72
882 887 13 72
92 90 2 73
92 103 3 73
92 95 7 73
92 106 11 73
92 85 12 73
92 93 18 73
92 93 19 73
92 93 20 73
167 178 8 73
167 148 9 73
167 152 12 73
8 0 7 74
8 1 7 74
8 3 7 74
8 7 7 74
8 18 7 74
8 8 8 74
8 14 10 74
8 18 10 74
8 4 11 74
8 10 11 74
8 15 11 74
8 11 13 74
8 21 16 74
115 103 2 74
115 95 6 74
115 133 6 74
115 106 10 74
138 133 6 74
138 148 8 74
138 152 11 74
138 138 13 74
138 138 17 74
1020 1023 1 74
1020 1007 7 74
1020 1008 10 74
1020 1015 12 74
1020 1023 12 74
1020 1015 13 74
1020 1008 20 74
1023 1023 1 74
1023 1007 7 74
1023 1008 10 74
1023 1015 12 74
1023 1023 12 74
1023 1015 13 74
1023 1008 20 74
28 36 1 75
28 18 6 75
28 8 7 75
28 14 9 75
28 18 9 75
28 36 9 75
28 10 10 75
28 15 10 75
28 11 12 75
28 21 15 75
52 36 1 75
52 36 9 75
90 103 1 75
90 95 5 75
90 106 9 75
90 85 10 75
90 93 16 75
90 93 17 75
90 93 18 75
90 90 19 75
90 85 20 75
1023 1007 6 75
1023 1008 9 75
1023 1015 11 75
1023 1023 11 75
1023 1015 12 75
1023 1008 19 75
36 18 5 76
36 18 8 76
36 36 8 76
36 21 14 76
103 95 4 76
103 106 8 76
103 85 9 76
103 93 15 76
103 93 16 76
103 93 17 76
103 90 18 76
103 85 19 76
989 988 3 77
989 1007 4 77
989 996 5 77
989 998 6 77
989 1008 7 77
989 988 15 77
989 987 16 77
989 1008 17 77
532 523 11 78
95 106 4 80
95 85 5 80
95 93 11 80
95 93 12 80
95 93 13 80
95 90 14 80
95 85 15 80
133 148 2 80
133 152 5 80
133 138 7 80
133 138 11 80
133 147 16 80
988 1007 1 80
988 996 2 80
988 998 3 80
988 988 12 80
988 987 13 80
0 8 1 81
0 14 3 81
0 18 3 81
0 4 4 81
0 10 4 81
0 15 4 81
0 11 6 81
1 8 1 81
1 14 3 81
1 18 3 81
1 4 4 81
1 10 4 81
1 15 4 81
1 11 6 81
3 8 1 81
3 14 3 81
3 18 3 81
3 4 4 81
3 10 4 81
3 15 4 81
3 11 6 81
3 21 9 81
7 8 1 81
7 14 3 81
7 18 3 81
7 4 4 81
7 10 4 81
7 15 4 81
7 11 6 81
7 21 9 81
18 8 1 81
18 14 3 81
18 18 3 81
18 36 3 81
18 4 4 81
18 10 4 81
18 15 4 81
18 11 6 81
18 21 9 81
18 36 20 81
178 162 14 81
1007 996 1 81
1007 998 2 81
1007 1008 3 81
1007 1015 5 81
1007 1023 5 81
1007 1015 6 81
1007 988 11 81
1007 987 12 81
1007 1008 13 81
1007 1014 19 81
8 14 2 82
8 18 2 82
8 4 3 82
8 10 3 82
8 15 3 82
8 11 5 82
8 21 8 82
148 152 3 82
148 138 5 82
148 138 9 82
148 162 13 82
148 147 14 82
996 998 1 82
996 1008 2 82
996 1015 4 82
996 1015 5 82
996 988 10 82
996 987 11 82
996 1008 12 82
996 1014 18 82
998 1008 1 83
998 1015 3 83
998 1015 4 83
998 988 9 83
998 987 10 83
998 1008 11 83
998 1014 17 83
14 4 1 84
14 10 1 84
14 15 1 84
14 11 3 84
14 21 6 84
14 6 19 84
14 7 19 84
14 26 19 84
18 4 1 84
18 10 1 84
18 15 1 84
18 11 3 84
18 21 6 84
18 36 17 84
18 6 19 84
18 7 19 84
18 26 19 84
18 36 19 84
36 21 6 84
36 36 17 84
36 26 19 84
36 36 19 84
106 93 7 84
106 93 8 84
106 93 9 84
106 90 10 84
106 109 17 84
106 117 19 84
221 213 16 84
1008 1015 2 84
1008 1023 2 84
1008 1015 3 84
1008 988 8 84
1008 1008 10 84
1008 1014 16 84
4 11 2 85
4 21 5 85
4 6 18 85
4 7 18 85
10 11 2 85
10 21 5 85
10 6 18 85
10 7 18 85
10 26 18 85
15 11 2 85
15 21 5 85
15 6 18 85
15 7 18 85
15 26 18 85
85 93 6 85
85 93 7 85
85 93 8 85
85 90 9 85
85 85 10 85
152 138 2 85
152 138 6 85
152 162 10 85
152 147 11 85
887 882 13 85
887 903 18 85
1015 1015 1 86
1015 1008 8 86
1015 1014 14 86
1023 1015 1 86
1023 1008 8 86
1023 1014 14 86
11 21 3 87
11 6 16 87
11 7 16 87
11 26 16 87
138 138 4 87
138 147 9 87
260 241 3 87
260 266 13 87
260 254 14 87
260 255 14 87
1015 1008 7 87
1015 1014 13 87
523 510 3 89
21 36 11 90
21 6 13 90
21 7 13 90
21 26 13 90
21 36 13 90
241 254 11 90
241 255 11 90
241 228 17 90
691 694 1 90
691 710 5 90
691 674 17 90
93 93 1 91
93 93 2 91
93 90 3 91
93 85 4 91
93 109 10 91
93 98 18 91
138 147 5 91
138 132 19 91
694 710 4 91
694 711 5 91
694 674 16 91
93 93 1 92
93 90 2 92
93 85 3 92
93 109 9 92
93 98 17 92
988 987 1 92
988 969 18 92
988 980 19 92
988 969 20 92
93 90 1 93
93 85 2 93
93 109 8 93
93 98 16 93
987 969 17 93
987 980 18 93
987 969 19 93
90 85 1 94
90 109 7 94
90 98 15 94
1008 1014 6 94
85 98 14 95
162 147 1 95
710 711 1 95
147 132 14 96
147 127 16 96
289 297 16 96
882 864 15 98
882 887 16 98
731 748 16 99
213 228 7 100
266 254 1 100
266 255 1 100
266 253 16 100
266 268 16 100
1014 1022 16 100
1014 1023 16 100
36 26 2 101
36 36 2 101
36 18 18 101
36 25 20 101
109 117 2 101
109 98 8 101
109 126 11 101
109 127 11 101
109 117 14 101
109 94 20 101
254 245 14 101
254 253 15 101
254 268 15 101
255 245 14 101
255 253 15 101
255 268 15 101
6 0 11 103
6 1 11 103
6 3 11 103
6 8 11 103
6 11 16 103
6 18 16 103
6 25 18 103
7 0 11 103
7 1 11 103
7 3 11 103
7 8 11 103
7 11 16 103
7 18 16 103
7 25 18 103
26 8 11 103
26 11 16 103
26 18 16 103
26 25 18 103
36 18 16 103
36 25 18 103
117 98 6 103
117 132 7 103
117 126 9 103
117 127 9 103
117 117 12 103
117 117 19 103
903 887 11 103
903 913 16 103
228 245 8 107
228 215 14 107
331 323 1 107
98 117 6 109
98 78 8 109
98 94 12 109
98 117 13 109
98 91 14 109
756 748 6 109
132 126 2 110
132 127 2 110
132 117 5 110
132 117 12 110
969 980 1 110
969 969 2 110
969 987 10 110
980 969 1 111
980 987 9 111
980 998 12 111
126 117 3 112
126 117 10 112
127 117 3 112
127 117 10 112
969 987 8 112
864 850 4 113
0 11 5 114
0 18 5 114
1 11 5 114
1 18 5 114
1 20 17 114
3 11 5 114
3 18 5 114
3 20 17 114
8 11 5 114
8 18 5 114
8 25 7 114
8 20 17 114
8 25 18 114
117 117 7 115
245 253 1 115
245 251 7 115
245 261 16 115
500 501 7 115
748 748 15 115
253 251 6 116
253 265 12 116
253 261 15 116
268 251 6 116
268 265 12 116
268 261 15 116
1022 1023 5 116
1022 1011 6 116
1022 1023 16 116
1023 1023 5 116
1023 1011 6 116
1023 1023 16 116
78 94 4 117
78 91 6 117
78 72 15 117
78 94 20 117
935 929 3 118
935 935 17 118
935 919 18 118
11 25 2 119
11 20 12 119
11 25 13 119
18 25 2 119
18 20 12 119
18 25 13 119
18 34 13 119
913 929 2 119
913 914 13 119
913 919 17 119
987 998 3 120
987 987 14 120
987 987 17 120
25 20 10 121
25 43 10 121
25 25 11 121
25 34 11 121
94 91 2 121
94 94 16 121
94 109 20 121
409 411 2 121
409 397 17 121
929 914 11 121
929 935 14 121
929 919 15 121
1023 1011 1 121
1023 1023 11 121
117 109 19 122
117 126 20 122
117 127 20 122
251 265 6 122
251 261 9 122
501 502 18 122
501 511 18 122
1011 998 1 122
1011 1023 10 122
91 72 9 123
91 94 14 123
91 109 18 123
411 397 15 123
998 987 11 123
998 987 14 123
181 181 13 127
181 182 14 127
594 574 1 127
265 261 3 128
265 254 16 128
265 269 16 128
383 371 6 130
383 375 7 130
383 397 8 130
383 387 12 130
748 730 11 130
748 757 14 130
20 25 1 131
20 34 1 131
43 25 1 131
43 34 1 131
43 48 10 131
147 127 11 131
261 254 13 131
261 269 13 131
641 621 7 131
641 637 8 131
34 48 9 132
72 87 18 132
72 76 19 132
914 919 4 132
914 927 11 132
914 913 17 132
914 913 18 132
1023 1007 13 132
1023 1023 13 132
987 987 3 134
987 992 12 134
987 987 13 134
987 998 17 134
935 919 1 135
935 927 8 135
371 375 1 136
371 387 6 136
371 355 11 136
371 357 19 136
919 927 7 136
919 913 13 136
919 913 14 136
94 109 4 137
94 93 11 137
94 94 12 137
94 87 13 137
94 76 14 137
375 387 5 137
375 355 10 137
375 357 18 137
987 992 9 137
987 987 10 137
987 998 14 137
397 387 4 138
397 397 20 138
621 637 1 138
181 182 1 140
181 170 10 140
181 181 20 140
109 126 1 141
109 127 1 141
109 93 7 141
109 94 8 141
182 170 9 141
182 181 19 141
126 113 20 142
127 113 20 142
387 397 16 142
387 402 18 142
927 913 6 143
927 913 7 143
1007 992 1 145
1007 987 2 145
1007 998 6 145
1007 1004 15 145
1007 997 16 145
1007 1008 17 145
1007 1008 18 145
1007 1015 19 145
1007 1017 20 145
1023 1004 15 145
1023 1008 17 145
1023 1008 18 145
1023 1015 19 145
1023 1017 20 145
423 420 5 146
423 420 6 146
423 434 8 146
423 433 10 146
423 438 15 146
992 987 1 146
992 998 5 146
992 1004 14 146
992 997 15 146
992 1008 16 146
992 1008 17 146
355 342 1 147
355 350 6 147
355 357 8 147
355 341 10 147
355 353 15 147
987 998 4 147
987 1004 13 147
987 997 14 147
93 94 1 148
93 87 2 148
93 76 3 148
93 84 15 148
93 100 16 148
342 350 5 148
342 357 7 148
342 341 9 148
342 353 14 148
680 679 20 148
94 87 1 149
94 76 2 149
94 113 13 149
94 84 14 149
94 100 15 149
913 913 1 149
87 76 1 150
87 84 13 150
87 100 14 150
170 181 10 150
76 84 12 151
76 86 20 151
420 420 1 151
420 434 3 151
420 433 5 151
420 402 9 151
420 438 10 151
998 1004 9 151
998 997 10 151
998 1008 11 151
998 1008 12 151
998 1015 13 151
998 1017 14 151
998 988 19 151
998 988 20 151
420 434 2 152
420 433 4 152
420 402 8 152
420 438 9 152
814 806 6 152
350 357 2 153
350 341 4 153
350 353 9 153
855 855 1 153
855 860 2 153
855 854 3 153
855 862 4 153
434 433 2 154
434 438 7 154
855 860 1 154
855 854 2 154
855 862 3 154
357 341 2 155
357 353 7 155
860 854 1 155
860 862 2 155
433 438 5 156
854 862 1 156
341 353 5 157
341 332 18 157
397 402 2 158
397 397 13 158
181 167 15 160
402 397 11 160
1004 997 1 160
1004 1008 2 160
1004 1008 3 160
1004 1015 4 160
1004 1017 5 160
1004 1022 6 160
1004 1023 6 160
1004 988 10 160
1004 1023 10 160
1004 988 11 160
1004 987 12 160
1004 988 13 160
1004 1015 15 160
1004 988 17 160
438 445 19 161
997 1008 1 161
997 1008 2 161
997 1015 3 161
997 988 9 161
997 988 10 161
997 987 11 161
997 988 12 161
997 1015 14 161
997 988 16 161
113 100 2 162
113 99 13 162
113 94 14 162
221 240 9 162
353 356 19 162
1008 1008 1 162
1008 1015 2 162
1008 1017 3 162
1008 1022 4 162
1008 1023 4 162
1008 988 8 162
1008 1023 8 162
1008 988 9 162
1008 988 11 162
1008 1015 13 162
1008 988 15 162
84 100 1 163
84 86 8 163
84 99 12 163
84 94 13 163
84 91 15 163
1008 1015 1 163
1008 1017 2 163
1008 1022 3 163
1008 1023 3 163
1008 988 7 163
1008 1023 7 163
1008 988 8 163
1008 988 10 163
1008 1015 12 163
1008 988 14 163
100 86 7 164
100 99 11 164
100 94 12 164
100 91 14 164
1015 1017 1 164
1015 1022 2 164
1015 1023 2 164
1015 1023 6 164
1015 1015 11 164
1017 1022 1 165
1017 1023 1 165
1017 1023 5 165
1017 1015 10 165
1022 1023 4 166
1022 1015 9 166
1023 1023 4 166
1023 1015 9 166
882 876 14 167
679 691 6 168
244 240 2 169
542 542 7 169
988 988 1 170
988 987 2 170
988 988 3 170
988 988 7 170
988 971 18 170
988 999 19 170
988 997 20 170
1023 1015 5 170
86 99 4 171
86 94 5 171
86 91 7 171
397 409 19 171
397 410 20 171
988 987 1 171
988 988 2 171
988 988 6 171
988 971 17 171
988 999 18 171
988 997 19 171
987 988 1 172
987 988 5 172
987 971 16 172
987 999 17 172
987 997 18 172
988 988 4 173
988 971 15 173
988 999 16 173
988 997 17 173
988 1007 19 173
99 94 1 175
99 91 3 175
99 109 14 175
167 161 16 175
332 330 12 175
1015 999 14 175
1015 997 15 175
1015 1019 16 175
1015 1007 17 175
94 91 2 176
94 109 13 176
988 971 11 177
988 999 12 177
988 997 13 177
988 1007 15 177
988 989 17 177
988 990 18 177
91 109 11 178
445 433 4 180
445 435 5 180
817 797 5 180
817 807 6 180
817 797 7 180
817 835 16 180
294 292 1 182
855 855 1 182
855 835 14 182
855 835 13 183
433 435 1 184
433 416 8 184
435 416 7 185
797 807 1 185
797 797 2 185
219 210 20 186
501 505 12 186
807 797 1 186
971 989 6 188
971 990 7 188
971 989 16 188
971 987 17 188
971 987 20 188
109 94 12 189
109 98 13 189
109 93 14 189
109 93 15 189
109 93 16 189
109 98 17 189
109 91 19 189
109 91 20 189
999 997 1 189
999 1007 3 189
999 989 5 189
999 990 6 189
999 989 15 189
999 987 16 189
999 987 19 189
999 996 20 189
409 410 1 190
409 416 2 190
409 394 4 190
409 395 5 190
409 402 19 190
997 1007 2 190
997 989 4 190
997 990 5 190
997 989 14 190
997 987 15 190
997 987 18 190
997 996 19 190
28 14 1 191
28 15 1 191
161 168 5 191
161 169 9 191
410 416 1 191
410 394 3 191
410 395 4 191
410 402 18 191
1019 1007 1 191
416 402 17 192
1007 989 2 192
1007 990 3 192
1007 989 12 192
1007 987 13 192
1007 987 16 192
1007 996 17 192
394 395 1 194
394 384 13 194
394 402 15 194
989 990 1 194
989 989 10 194
989 987 11 194
989 987 14 194
989 996 15 194
395 384 12 195
395 402 14 195
395 394 20 195
990 989 9 195
990 987 10 195
990 987 13 195
990 996 14 195
168 169 4 196
168 165 18 196
538 535 1 197
538 532 2 197
538 542 4 197
535 532 1 198
535 542 3 198
532 542 2 199
86 94 1 200
86 98 2 200
86 93 3 200
86 93 4 200
86 93 5 200
86 98 6 200
86 91 8 200
86 91 9 200
86 90 15 200
86 80 17 200
169 165 14 200
94 98 1 201
94 93 2 201
94 93 3 201
94 93 4 201
94 98 5 201
94 91 7 201
94 91 8 201
94 90 14 201
94 80 16 201
542 532 19 201
98 93 1 202
98 93 2 202
98 93 3 202
98 98 4 202
98 91 6 202
98 91 7 202
98 115 12 202
98 90 13 202
98 80 15 202
98 94 20 202
691 692 19 202
93 93 1 203
93 93 2 203
93 98 3 203
93 91 5 203
93 91 6 203
93 90 12 203
93 80 14 203
93 94 19 203
914 905 14 203
93 93 1 204
93 98 2 204
93 91 4 204
93 91 5 204
93 90 11 204
93 80 13 204
93 94 18 204
989 987 1 204
989 987 4 204
989 996 5 204
989 994 20 204
93 98 1 205
93 91 3 205
93 91 4 205
93 90 10 205
93 80 12 205
93 94 17 205
987 987 3 205
987 996 4 205
987 994 19 205
98 91 2 206
98 91 3 206
98 115 8 206
98 90 9 206
98 80 11 206
98 94 16 206
98 91 20 206
210 201 1 206
769 760 1 206
769 786 19 206
384 402 2 207
384 394 8 207
91 91 1 208
91 90 7 208
91 80 9 208
91 94 14 208
91 91 18 208
295 276 17 208
295 307 18 208
987 996 1 208
987 994 16 208
91 90 6 209
91 80 8 209
91 94 13 209
91 91 17 209
402 394 6 209
996 1012 9 209
996 994 15 209
952 959 1 211
17 35 4 213
17 36 10 213
126 115 1 213
126 131 13 213
126 141 14 213
130 115 1 213
130 147 2 213
130 147 4 213
130 131 13 213
130 141 14 213
884 888 2 213
884 882 16 213
884 885 18 213
52 35 3 214
52 36 9 214
115 131 12 214
165 147 1 214
165 147 3 214
165 167 9 214
165 152 14 214
1020 1012 4 214
1020 1022 5 214
1020 1023 5 214
1020 1023 6 214
1020 1022 16 214
1020 1023 16 214
1023 1012 4 214
1023 1022 5 214
1023 1023 5 214
1023 1023 6 214
1023 1022 16 214
1023 1023 16 214
90 80 2 215
90 94 7 215
90 91 11 215
90 90 17 215
90 93 19 215
90 94 20 215
147 147 2 215
147 131 11 215
147 141 12 215
147 152 13 215
394 409 19 215
888 905 2 215
888 882 14 215
888 885 16 215
35 36 6 217
80 94 5 217
80 91 9 217
80 90 15 217
80 93 17 217
80 94 18 217
80 91 19 217
147 131 9 217
147 141 10 217
147 152 11 217
905 885 14 217
1012 1022 1 218
1012 1023 1 218
1012 1023 2 218
1012 994 6 218
1012 1022 12 218
1012 1023 12 218
1012 998 14 218
1022 1023 1 219
1022 1022 11 219
1022 1023 11 219
1023 1023 1 219
1023 1022 11 219
1023 1023 11 219
478 482 15 220
532 542 2 220
532 522 8 220
1023 1022 10 220
1023 1023 10 220
692 705 2 221
692 680 14 221
692 700 15 221
94 91 4 222
94 90 10 222
94 93 12 222
94 94 13 222
94 91 14 222
542 522 6 222
36 30 20 223
36 38 20 223
167 152 5 223
167 152 19 223
705 700 13 223
423 409 10 224
994 998 8 224
994 1007 20 224
276 275 16 225
276 266 17 225
91 90 6 226
91 93 8 226
91 94 9 226
91 91 10 226
91 73 18 226
91 108 20 226
131 141 1 226
131 128 19 226
131 127 20 226
141 152 1 227
141 152 15 227
141 128 18 227
141 127 19 227
152 152 14 228
522 507 3 228
501 507 2 229
501 482 6 229
882 885 2 229
1022 1014 13 230
1022 1007 14 230
1022 1022 19 230
1022 1023 19 230
1023 1014 13 230
1023 1007 14 230
1023 1022 19 230
1023 1023 19 230
90 93 2 232
90 94 3 232
90 91 4 232
90 73 12 232
90 108 14 232
90 95 17 232
90 93 18 232
90 94 19 232
998 1014 11 232
998 1007 12 232
998 987 16 232
935 951 6 233
935 950 19 233
935 953 20 233
93 94 1 234
93 91 2 234
93 73 10 234
93 108 12 234
93 95 15 234
93 93 16 234
93 94 17 234
93 103 20 234
409 416 14 234
610 621 7 234
94 91 1 235
94 108 11 235
94 95 14 235
94 93 15 235
94 94 16 235
94 103 19 235
91 73 8 236
91 108 10 236
91 95 13 236
91 93 14 236
91 94 15 236
91 103 18 236
700 707 14 236
907 913 7 238
907 906 8 238
907 887 18 238
907 888 20 238
951 958 12 239
951 950 13 239
951 953 14 239
216 197 11 241
216 213 12 241
216 219 13 241
275 266 1 241
275 275 17 241
152 138 14 242
152 142 16 242
266 275 16 242
0 3 8 243
0 18 8 243
0 0 9 243
0 2 9 243
0 3 9 243
0 10 9 243
0 15 9 243
0 18 10 243
0 4 12 243
0 11 12 243
0 16 12 243
0 4 13 243
0 11 13 243
7 3 8 243
7 18 8 243
7 0 9 243
7 2 9 243
7 3 9 243
7 10 9 243
7 15 9 243
7 18 10 243
7 4 12 243
7 11 12 243
7 16 12 243
7 4 13 243
7 11 13 243
30 35 3 243
30 18 8 243
30 45 8 243
30 10 9 243
30 15 9 243
30 18 10 243
30 39 10 243
30 11 12 243
30 16 12 243
30 45 12 243
30 11 13 243
38 35 3 243
38 18 8 243
38 45 8 243
38 18 10 243
38 39 10 243
38 45 12 243
1014 1007 1 243
1014 1022 6 243
1014 1023 6 243
1014 1015 12 243
1014 1022 14 243
1014 1023 14 243
1014 1015 16 243
62 45 7 244
62 45 11 244
62 62 12 244
62 67 12 244
73 62 12 244
73 67 12 244
1007 987 4 244
1007 1022 5 244
1007 1023 5 244
1007 1015 11 244
1007 1022 13 244
1007 1023 13 244
1007 1015 15 244
128 108 1 245
128 127 1 245
128 138 11 245
128 116 12 245
128 142 13 245
913 906 1 245
913 916 15 245
913 903 20 245
35 18 5 246
35 45 5 246
35 15 6 246
35 18 7 246
35 39 7 246
35 16 9 246
35 45 9 246
108 95 3 246
108 93 4 246
108 94 5 246
108 103 8 246
108 116 11 246
108 94 17 246
108 90 19 246
127 138 10 246
127 116 11 246
127 142 12 246
906 887 10 246
906 888 12 246
906 916 14 246
906 903 19 246
416 433 12 248
987 973 6 248
95 93 1 249
95 94 2 249
95 103 5 249
95 94 14 249
95 90 16 249
1022 1015 6 249
1022 1022 8 249
1022 1023 8 249
1022 1015 10 249
1023 1015 6 249
1023 1022 8 249
1023 1023 8 249
1023 1015 10 249
93 94 1 250
93 103 4 250
93 94 13 250
93 90 15 250
707 705 11 250
707 719 19 250
707 719 20 250
3 0 1 251
3 2 1 251
3 3 1 251
3 10 1 251
3 15 1 251
3 18 2 251
3 4 4 251
3 11 4 251
3 16 4 251
3 4 5 251
3 11 5 251
18 0 1 251
18 2 1 251
18 3 1 251
18 10 1 251
18 15 1 251
18 18 2 251
18 4 4 251
18 11 4 251
18 16 4 251
18 4 5 251
18 11 5 251
45 39 2 251
45 45 4 251
45 62 5 251
94 103 3 251
94 94 12 251
94 90 14 251
958 950 1 251
958 953 2 251
958 973 3 251
958 954 12 251
0 18 1 252
0 4 3 252
0 11 3 252
0 16 3 252
0 4 4 252
0 11 4 252
2 18 1 252
2 4 3 252
2 11 3 252
2 16 3 252
2 4 4 252
2 11 4 252
3 18 1 252
3 4 3 252
3 11 3 252
3 16 3 252
3 4 4 252
3 11 4 252
10 18 1 252
10 4 3 252
10 11 3 252
10 16 3 252
10 4 4 252
10 11 4 252
15 18 1 252
15 4 3 252
15 11 3 252
15 16 3 252
15 4 4 252
15 11 4 252
197 213 1 252
950 953 1 252
950 954 11 252
18 4 2 253
18 11 2 253
18 16 2 253
18 4 3 253
18 11 3 253
39 45 2 253
39 53 19 253
213 219 1 253
213 222 20 253
953 954 10 253
103 116 3 254
103 94 9 254
103 90 11 254
103 115 18 254
103 98 19 254
103 90 20 254
219 238 3 254
219 222 19 254
973 954 9 254
4 4 1 255
4 11 1 255
4 1 19 255
4 11 19 255
4 18 19 255
11 4 1 255
11 11 1 255
11 1 19 255
11 11 19 255
11 18 19 255
16 4 1 255
16 11 1 255
16 1 19 255
16 11 19 255
16 18 19 255
45 62 1 255
45 53 17 255
45 36 19 255
1015 1022 2 255
1015 1023 2 255
1015 1015 4 255
1015 1019 16 255
4 1 18 256
4 11 18 256
4 18 18 256
11 1 18 256
11 11 18 256
11 18 18 256
62 53 16 256
67 53 16 256
138 142 2 256
138 133 16 256
887 888 2 256
887 903 9 256
887 906 17 256
887 887 18 256
116 115 15 257
116 133 15 257
116 98 16 257
238 239 4 257
238 253 13 257
238 222 16 257
1022 1015 2 257
1022 1019 14 257
1023 1015 2 257
1023 1019 14 257
142 133 14 258
275 259 12 258
275 261 14 258
888 903 7 258
888 906 15 258
888 887 16 258
483 487 5 259
483 467 6 259
1015 1019 12 259
433 438 6 260
433 444 7 260
916 903 5 260
916 906 13 260
239 253 9 261
239 222 12 261
239 219 19 261
705 719 8 261
705 719 9 261
94 90 2 263
94 98 10 263
94 90 11 263
94 94 14 263
94 93 16 263
954 963 16 263
487 467 1 264
487 472 17 264
90 98 8 265
90 90 9 265
90 94 12 265
90 93 14 265
467 472 16 265
903 906 8 265
903 887 9 265
903 889 20 265
438 444 1 266
857 864 12 266
167 167 12 267
167 182 18 267
582 592 13 267
582 599 16 267
719 719 1 269
253 261 2 270
259 261 2 270
1019 1011 13 271
1019 1022 15 271
1019 1023 15 271
1019 1014 16 271
53 36 2 272
53 53 16 272
115 98 1 272
98 90 1 273
98 94 4 273
98 93 6 273
98 90 13 273
98 93 18 273
98 91 19 273
222 219 7 273
906 887 1 273
906 889 12 273
906 888 16 273
906 907 17 273
906 919 18 273
36 53 14 274
90 94 3 274
90 93 5 274
90 90 12 274
90 93 17 274
90 91 18 274
887 889 11 274
887 888 15 274
94 93 2 277
94 90 9 277
94 93 14 277
94 91 15 277
93 90 7 279
93 93 12 279
93 91 13 279
167 182 6 279
167 168 14 279
219 219 14 280
592 599 3 280
472 468 7 281
472 453 17 281
635 648 1 281
507 507 12 284
507 516 12 284
1011 1022 2 284
1011 1023 2 284
1011 1014 3 284
1011 1015 13 284
1011 998 14 284
1011 1015 15 284
1011 1014 16 284
1011 1021 17 284
182 168 8 285
889 888 4 285
889 907 5 285
90 93 5 286
90 91 6 286
90 89 16 286
90 89 19 286
90 90 20 286
1022 1014 1 286
1022 1015 11 286
1022 1015 13 286
1022 1014 14 286
1022 1021 15 286
1022 1023 20 286
1023 1014 1 286
1023 1015 11 286
1023 1015 13 286
1023 1014 14 286
1023 1021 15 286
1023 1023 20 286
1014 1015 10 287
1014 998 11 287
1014 1015 12 287
1014 1014 13 287
1014 1021 14 287
1014 1023 19 287
53 45 17 288
53 36 20 288
468 448 5 288
468 453 10 288
468 468 14 288
933 919 3 288
933 913 14 288
933 944 18 288
888 907 1 289
888 889 19 289
907 919 1 290
907 913 12 290
907 889 18 290
93 91 1 291
93 89 11 291
93 89 14 291
93 90 15 291
93 90 16 291
919 913 11 291
91 89 10 292
91 89 13 292
91 90 14 292
91 90 15 292
988 998 6 292
988 989 13 292
988 991 17 292
988 997 18 292
448 434 1 293
448 453 5 293
448 452 18 293
434 453 4 294
434 452 17 294
507 490 18 296
1015 998 1 297
1015 1015 2 297
1015 1014 3 297
1015 1021 4 297
1015 1023 9 297
1015 997 13 297
127 127 1 298
127 126 18 298
127 133 18 298
453 468 4 298
453 452 13 298
998 1015 1 298
998 1014 2 298
998 989 7 298
998 991 11 298
998 997 12 298
998 987 19 298
127 126 17 299
127 133 17 299
1015 1014 1 299
1015 1021 2 299
1015 1023 7 299
1015 997 11 299
0 1 9 300
0 9 9 300
405 393 4 300
405 394 6 300
405 387 15 300
405 393 20 300
1014 1021 1 300
1014 1023 6 300
1014 997 10 300
1021 1023 5 301
1021 1010 20 301
89 89 3 302
89 90 4 302
89 90 5 302
89 93 16 302
89 86 19 302
468 452 9 302
468 486 16 302
913 914 17 302
953 944 3 303
393 394 2 304
393 373 3 304
393 387 11 304
393 393 16 304
393 388 18 304
542 560 11 304
542 540 16 304
45 36 3 305
89 90 1 305
89 90 2 305
89 93 13 305
89 86 16 305
989 991 4 305
989 997 5 305
989 987 12 305
90 90 1 306
90 93 12 306
90 86 15 306
394 387 9 306
394 393 14 306
394 388 16 306
1023 1010 15 306
1023 1022 20 306
90 93 11 307
90 86 14 307
373 387 8 307
373 388 15 307
889 877 15 308
991 997 1 309
991 987 8 309
991 1010 12 309
997 987 7 310
997 1010 11 310
452 434 13 311
452 432 16 311
452 438 17 311
490 486 4 314
490 494 9 314
490 482 18 314
619 610 18 314
387 393 5 315
387 388 7 315
387 402 16 315
560 540 5 315
309 295 9 316
794 806 13 316
987 1004 14 317
93 86 3 318
93 83 15 318
93 101 17 318
486 494 5 318
486 482 14 318
486 494 17 318
867 877 5 318
867 855 6 318
867 855 7 318
867 855 9 318
244 239 13 320
393 388 2 320
393 402 11 320
540 526 8 320
86 83 12 321
86 101 14 321
1010 1022 5 321
1010 1004 10 321
1010 1022 12 321
1010 1009 15 321
1010 1023 17 321
1010 1020 19 321
1010 1019 20 321
388 402 9 322
814 806 7 322
494 482 9 323
494 494 12 323
877 887 11 323
434 432 3 324
434 438 4 324
855 855 1 324
855 855 3 324
855 855 2 325
333 344 3 326
1022 1004 5 326
1022 1022 7 326
1022 1009 10 326
1022 1023 12 326
1022 1020 14 326
1022 1019 15 326
1022 1015 17 326
1022 1023 17 326
432 438 1 327
344 356 4 329
45 25 2 331
45 36 2 331
45 45 4 331
402 421 20 331
1004 1022 2 331
1004 1009 5 331
1004 1023 7 331
1004 1020 9 331
1004 1019 10 331
1004 1015 12 331
1004 1023 12 331
1004 987 16 331
482 494 3 332
610 628 14 332
25 8 1 333
25 17 1 333
36 17 1 333
36 45 2 333
83 101 2 333
83 90 17 333
356 355 19 333
1022 1009 3 333
1022 1023 5 333
1022 1020 7 333
1022 1019 8 333
1022 1015 10 333
1022 1023 10 333
887 876 18 334
101 90 15 335
1009 1023 2 336
1009 1020 4 336
1009 1019 5 336
1009 1015 7 336
1009 1023 7 336
691 671 1 337
691 679 2 337
691 681 11 337
671 679 1 338
671 662 7 338
671 681 10 338
1023 1020 2 338
1023 1019 3 338
1023 1015 5 338
1023 1023 5 338
679 662 6 339
679 681 9 339
1020 1019 1 340
1020 1015 3 340
1020 1023 3 340
1019 1015 2 341
1019 1023 2 341
1019 1022 20 341
928 914 17 342
1015 998 17 343
1015 1022 18 343
1015 1010 19 343
1023 1022 18 343
1023 1010 19 343
717 731 5 344
662 681 3 345
987 998 13 347
987 987 17 347
987 985 18 347
681 691 18 348
90 101 10 350
90 108 12 350
90 103 13 350
90 100 14 350
90 91 20 350
562 579 13 350
562 550 17 350
421 408 3 351
421 429 4 351
421 402 5 351
421 403 8 351
421 402 11 351
421 439 12 351
817 805 4 351
817 828 6 351
876 864 2 352
876 860 4 352
855 864 1 353
855 860 3 353
408 402 2 354
408 403 5 354
408 402 8 354
408 397 10 354
408 395 11 354
864 860 2 354
429 448 5 355
429 447 6 355
429 439 8 355
805 786 16 355
805 801 19 355
402 403 3 356
402 402 6 356
402 397 8 356
402 395 9 356
403 402 3 359
403 397 5 359
403 395 6 359
914 917 18 359
101 108 2 360
101 103 3 360
101 100 4 360
101 91 10 360
101 94 15 360
101 92 17 360
448 447 1 360
448 439 3 360
448 444 20 360
998 1010 2 360
998 987 4 360
998 985 5 360
998 987 15 360
161 154 1 361
161 147 19 361
447 439 2 361
447 444 19 361
1022 1010 1 361
1022 1023 8 361
3 11 10 362
3 11 14 362
3 11 17 362
3 16 17 362
3 4 20 362
3 8 20 362
3 19 20 362
14 11 10 362
14 11 14 362
14 11 17 362
14 16 17 362
14 33 17 362
14 4 20 362
14 8 20 362
14 19 20 362
18 11 10 362
18 11 14 362
18 11 17 362
18 16 17 362
18 33 17 362
18 36 19 362
18 4 20 362
18 8 20 362
18 19 20 362
108 103 1 362
108 100 2 362
108 91 8 362
108 94 13 362
108 92 15 362
108 91 20 362
154 147 18 362
154 171 20 362
402 397 2 362
402 395 3 362
402 402 19 362
1010 1023 7 362
43 48 8 363
43 52 9 363
43 52 11 363
43 52 14 363
43 33 16 363
43 36 18 363
103 100 1 363
103 91 7 363
103 94 12 363
103 92 14 363
103 91 19 363
439 444 17 363
100 91 6 364
100 94 11 364
100 92 13 364
100 91 18 364
244 254 13 364
397 395 1 364
397 402 17 364
987 985 1 364
987 987 11 364
395 402 16 365
985 987 10 365
691 684 12 366
550 532 1 367
532 521 15 368
91 78 1 370
91 94 5 370
91 92 7 370
91 78 11 370
91 91 12 370
91 84 20 370
48 52 1 371
48 52 3 371
48 52 6 371
48 33 8 371
48 36 10 371
48 28 19 371
48 39 19 371
48 45 20 371
78 69 3 371
78 94 4 371
78 92 6 371
78 78 10 371
78 91 11 371
78 84 19 371
786 801 3 371
11 11 4 372
11 11 7 372
11 16 7 372
11 4 10 372
11 8 10 372
11 19 10 372
11 28 18 372
11 9 19 372
11 18 19 372
52 52 2 372
52 69 2 372
52 52 5 372
52 33 7 372
52 36 9 372
52 39 18 372
52 45 19 372
200 182 1 372
761 759 1 372
182 171 9 373
759 770 20 373
52 52 3 374
52 33 5 374
52 36 7 374
52 39 16 374
52 45 17 374
69 52 3 374
69 78 7 374
69 84 16 374
94 92 2 375
94 78 6 375
94 91 7 375
94 84 15 375
94 109 16 375
94 100 17 375
987 972 13 375
987 978 14 375
987 971 16 375
11 11 3 376
11 16 3 376
11 4 6 376
11 8 6 376
11 19 6 376
11 28 14 376
11 9 15 376
11 18 15 376
936 917 1 376
936 933 14 376
52 33 2 377
52 36 4 377
52 39 13 377
52 45 14 377
52 68 19 377
92 78 4 377
92 91 5 377
92 84 13 377
92 109 14 377
92 100 15 377
92 104 20 377
254 237 14 377
254 268 19 377
254 260 20 377
353 343 1 377
353 346 6 377
353 371 10 377
353 349 14 377
353 371 15 377
917 933 13 377
343 330 1 378
343 346 5 378
343 349 13 378
684 684 9 378
684 686 14 378
684 684 17 378
11 4 3 379
11 8 3 379
11 19 3 379
11 28 11 379
11 9 12 379
11 18 12 379
16 4 3 379
16 8 3 379
16 19 3 379
16 28 11 379
16 9 12 379
16 18 12 379
33 36 2 379
33 19 3 379
33 28 11 379
33 39 11 379
33 18 12 379
33 45 12 379
330 346 4 379
330 349 12 379
870 854 2 379
870 856 3 379
870 862 5 379
870 889 6 379
870 882 7 379
147 127 6 380
147 135 17 380
444 446 20 380
36 19 1 381
36 28 9 381
36 39 9 381
36 18 10 381
36 45 10 381
78 91 1 381
78 84 9 381
78 68 15 381
402 404 7 381
854 856 1 381
854 862 3 381
4 9 9 382
4 18 9 382
8 9 9 382
8 18 9 382
19 28 8 382
19 9 9 382
19 18 9 382
19 29 20 382
91 84 8 382
91 109 9 382
91 100 10 382
91 104 15 382
856 862 2 382
346 349 8 383
346 354 20 383
521 505 1 383
889 882 1 385
126 109 5 386
126 135 11 386
127 109 5 386
127 135 11 386
371 371 5 387
371 354 16 387
684 686 5 387
684 684 8 387
684 687 16 387
404 420 19 388
972 978 1 388
972 971 3 388
972 989 13 388
972 987 14 388
972 956 16 388
978 971 2 389
978 989 12 389
978 987 13 389
28 9 1 390
28 18 1 390
28 45 1 390
28 29 12 390
28 43 12 390
39 45 1 390
39 29 12 390
39 43 12 390
84 100 2 390
84 68 6 390
18 29 11 391
45 29 11 391
45 43 11 391
109 100 1 391
109 104 6 391
237 219 2 391
237 253 7 391
237 255 7 391
237 219 10 391
237 243 12 391
349 354 12 391
971 989 10 391
971 987 11 391
971 956 13 391
100 104 5 392
371 354 11 392
371 371 16 392
371 389 19 392
686 684 3 392
686 687 11 392
219 215 3 393
219 219 8 393
770 783 12 393
770 757 13 393
611 625 13 394
684 687 8 395
215 219 5 396
215 221 18 396
268 260 1 396
268 253 2 396
268 255 2 396
732 748 1 396
104 100 16 397
104 100 20 397
135 139 12 397
260 253 1 397
260 255 1 397
260 243 6 397
748 757 9 397
748 754 17 397
253 243 5 398
255 243 5 398
1009 989 3 398
1009 1007 19 398
446 452 5 400
446 440 12 400
446 429 13 400
446 462 17 400
582 567 19 400
219 221 13 401
219 218 18 401
989 987 1 401
989 1007 16 401
29 14 17 402
29 18 17 402
43 53 17 402
43 52 18 402
987 968 18 402
987 984 20 402
354 371 5 403
354 373 11 403
956 968 16 404
956 936 17 404
452 440 7 405
452 462 12 405
783 802 6 405
757 754 8 406
420 403 2 407
420 429 6 407
420 409 8 407
625 635 9 407
625 617 16 407
371 389 3 408
371 373 6 408
815 802 3 408
815 803 5 408
815 805 7 408
403 389 2 409
403 409 6 409
867 856 1 409
867 860 3 409
867 882 9 409
856 860 2 410
389 373 3 411
802 803 2 411
802 805 4 411
440 429 1 412
100 100 4 413
100 112 9 413
100 109 11 413
100 80 14 413
100 99 17 413
100 90 18 413
100 95 19 413
100 89 20 413
429 409 2 413
803 805 2 413
221 218 5 414
754 759 18 414
754 748 19 414
805 797 20 415
299 309 14 416
299 312 19 416
635 617 7 416
635 654 8 416
100 112 5 417
100 109 7 417
100 80 10 417
100 99 13 417
100 90 14 417
100 95 15 417
100 89 16 417
462 478 7 417
462 449 17 417
462 462 19 417
1007 987 8 417
501 483 3 418
501 486 15 418
882 864 19 418
14 3 3 419
14 7 3 419
14 1 7 419
14 14 7 419
14 15 7 419
14 31 7 419
14 18 8 419
14 28 10 419
14 31 10 419
18 3 3 419
18 7 3 419
18 1 7 419
18 14 7 419
18 15 7 419
18 31 7 419
18 18 8 419
18 36 8 419
18 28 10 419
18 31 10 419
53 52 1 419
53 36 8 419
52 36 7 420
167 147 10 420
968 984 2 420
968 987 5 420
968 949 6 420
968 952 7 420
968 952 9 420
968 954 10 420
968 956 11 420
968 969 19 420
483 478 3 421
483 486 12 421
483 488 19 421
936 949 5 421
936 952 6 421
936 952 8 421
936 954 9 421
3 1 4 422
3 14 4 422
3 15 4 422
3 18 5 422
7 1 4 422
7 14 4 422
7 15 4 422
7 18 5 422
112 109 2 422
112 99 8 422
112 95 10 422
984 987 3 422
984 969 17 422
109 99 6 424
109 90 7 424
109 95 8 424
109 89 9 424
478 486 9 424
478 462 12 424
478 488 16 424
478 462 19 424
987 969 14 425
987 980 20 425
1 18 1 426
14 18 1 426
14 28 3 426
14 31 3 426
15 18 1 426
15 28 3 426
15 31 3 426
31 18 1 426
31 36 1 426
31 28 3 426
31 31 3 426
31 45 19 426
949 952 1 426
949 952 3 426
949 954 4 426
949 956 5 426
949 947 18 426
18 28 2 427
18 31 2 427
18 0 20 427
18 1 20 427
18 4 20 427
36 28 2 427
36 31 2 427
36 45 18 427
36 47 20 427
80 99 3 427
80 90 4 427
80 95 5 427
80 89 6 427
80 78 11 427
80 90 20 427
324 309 3 427
324 312 8 427
324 332 15 427
324 332 20 427
952 952 2 427
952 954 3 427
952 956 4 427
952 969 12 427
952 947 17 427
952 969 19 427
345 358 13 428
345 332 14 428
345 332 19 428
28 45 16 429
28 47 18 429
28 19 19 429
28 17 20 429
28 47 20 429
31 45 16 429
31 47 18 429
31 19 19 429
31 17 20 429
31 47 20 429
952 954 1 429
952 956 2 429
952 969 10 429
952 947 15 429
952 969 17 429
99 90 1 430
99 95 2 430
99 89 3 430
99 90 17 430
99 99 19 430
99 93 20 430
147 147 20 430
309 312 5 430
954 956 1 430
954 969 9 430
954 947 14 430
954 969 16 430
954 935 20 430
90 95 1 431
90 89 2 431
90 78 7 431
90 90 16 431
90 78 17 431
90 99 18 431
90 93 19 431
956 969 8 431
956 947 13 431
956 969 15 431
95 89 1 432
95 78 6 432
95 90 15 432
95 78 16 432
95 99 17 432
95 93 18 432
95 86 20 432
253 266 18 432
759 748 1 432
759 763 9 432
89 78 5 433
89 90 14 433
89 78 15 433
89 99 16 433
89 93 17 433
89 86 19 433
486 488 7 433
748 763 8 433
449 462 2 434
449 462 9 434
780 797 1 434
780 763 7 434
780 798 9 434
797 812 1 435
797 803 3 435
797 801 7 435
797 798 8 435
462 462 7 436
812 803 2 436
812 801 6 436
812 798 7 436
378 358 4 437
378 378 7 437
864 860 3 437
864 880 11 437
78 90 9 438
78 78 10 438
78 93 12 438
78 86 14 438
78 86 18 438
803 801 4 438
803 798 5 438
405 407 6 439
405 409 17 439
969 980 6 439
969 969 7 439
969 987 14 439
358 356 13 441
332 332 5 442
801 798 1 442
947 935 6 444
45 47 2 445
45 52 3 445
45 47 4 445
407 409 11 445
980 969 1 445
980 987 8 445
980 987 17 445
1023 1021 2 445
1023 1021 9 445
1023 1017 10 445
1023 1020 11 445
1023 1004 12 445
1023 1023 12 445
1023 1012 15 445
969 987 7 446
969 987 16 446
0 19 1 447
0 17 2 447
1 19 1 447
1 17 2 447
4 19 1 447
4 17 2 447
47 52 1 447
47 47 2 447
90 78 1 447
90 99 2 447
90 93 3 447
90 86 5 447
90 86 9 447
90 94 13 447
90 86 14 447
90 93 16 447
90 100 20 447
179 180 2 447
1021 1021 7 447
1021 1017 8 447
1021 1020 9 447
1021 1004 10 447
1021 1023 10 447
1021 1012 13 447
19 17 1 448
52 47 1 448
78 93 2 448
78 86 4 448
78 86 8 448
78 94 12 448
78 86 13 448
78 93 15 448
221 228 16 448
99 93 1 449
99 86 3 449
99 86 7 449
99 94 11 449
99 86 12 449
99 93 14 449
99 100 18 449
919 935 1 449
919 935 16 449
93 86 2 450
93 86 6 450
93 94 10 450
93 86 11 450
93 93 13 450
93 100 17 450
93 100 20 450
147 127 16 450
266 274 13 450
266 272 14 450
935 935 15 450
679 673 1 451
679 678 8 451
679 673 10 451
86 86 4 452
86 94 8 452
86 86 9 452
86 93 11 452
86 100 15 452
86 100 18 452
673 678 7 452
673 673 9 452
987 1004 4 453
987 987 9 453
987 969 15 453
987 971 20 453
356 342 17 454
1021 1017 1 454
1021 1020 2 454
1021 1004 3 454
1021 1023 3 454
1021 1012 6 454
1017 1020 1 455
1017 1004 2 455
1017 1023 2 455
1017 1012 5 455
86 94 4 456
86 86 5 456
86 93 7 456
86 100 11 456
86 100 14 456
86 84 18 456
409 402 10 456
409 428 14 456
1020 1004 1 456
1020 1023 1 456
1020 1012 4 456
1004 1012 3 457
1004 987 5 457
1004 1022 20 457
1004 1023 20 457
1023 1012 3 457
1023 1022 20 457
1023 1023 20 457
678 673 2 459
94 86 1 460
94 93 3 460
94 100 7 460
94 100 10 460
94 84 14 460
94 98 19 460
94 90 20 460
1012 1022 17 460
1012 1023 17 460
1012 1023 19 460
86 93 2 461
86 100 6 461
86 100 9 461
86 84 13 461
86 98 18 461
86 90 19 461
86 91 20 461
673 667 19 461
987 969 6 462
987 971 11 462
987 977 14 462
987 989 16 462
93 100 4 463
93 100 7 463
93 84 11 463
93 98 16 463
93 90 17 463
93 91 18 463
244 228 1 463
274 272 1 463
784 802 5 464
784 792 10 464
784 770 18 464
385 402 1 465
385 371 17 465
935 943 10 465
127 116 7 466
127 115 11 466
127 145 11 466
127 138 15 466
127 133 17 466
127 118 18 466
856 856 1 466
856 854 5 466
856 854 6 466
100 100 3 467
100 116 6 467
100 84 7 467
100 115 10 467
100 98 12 467
100 90 13 467
100 91 14 467
100 118 17 467
100 109 20 467
309 303 1 467
309 309 10 467
309 314 17 467
309 312 18 467
856 854 4 467
856 854 5 467
303 309 9 468
303 314 16 468
303 312 17 468
303 292 20 468
969 971 5 468
969 977 8 468
969 955 11 468
434 428 1 469
434 448 5 469
802 808 1 469
802 792 5 469
802 809 18 469
100 116 3 470
100 84 4 470
100 115 7 470
100 98 9 470
100 90 10 470
100 91 11 470
100 118 14 470
100 109 17 470
100 94 19 470
808 792 4 470
808 809 17 470
147 152 2 471
147 145 6 471
147 138 10 471
147 133 12 471
147 130 17 471
854 854 1 471
454 448 2 472
454 461 6 472
116 115 4 473
116 98 6 473
116 133 10 473
116 118 11 473
116 109 14 473
116 125 15 473
116 130 15 473
116 128 20 473
152 145 4 473
152 138 8 473
152 133 10 473
474 461 5 473
971 977 3 473
971 989 5 473
971 955 6 473
46 43 1 474
46 60 2 474
46 63 2 474
46 36 5 474
46 52 9 474
46 31 18 474
46 26 19 474
46 31 19 474
46 64 19 474
46 52 20 474
84 98 5 474
84 90 6 474
84 91 7 474
84 70 9 474
84 94 15 474
84 91 17 474
84 64 19 474
84 80 20 474
448 461 4 474
448 433 19 474
792 809 13 474
0 0 4 475
0 0 5 475
0 1 5 475
0 14 5 475
0 17 5 475
0 18 17 475
2 0 4 475
2 0 5 475
2 1 5 475
2 14 5 475
2 17 5 475
2 18 17 475
3 0 4 475
3 0 5 475
3 1 5 475
3 14 5 475
3 17 5 475
3 18 17 475
7 0 4 475
7 0 5 475
7 1 5 475
7 14 5 475
7 17 5 475
7 18 17 475
7 26 18 475
43 60 1 475
43 36 4 475
43 52 8 475
43 31 17 475
43 26 18 475
43 31 18 475
43 52 19 475
943 955 4 475
60 52 7 476
60 70 7 476
60 64 17 476
60 52 18 476
63 52 7 476
63 70 7 476
63 64 17 476
63 52 18 476
63 80 18 476
977 989 2 476
977 978 18 476
115 98 2 477
115 133 6 477
115 118 7 477
115 109 10 477
115 125 11 477
115 130 11 477
115 128 16 477
145 138 4 477
145 133 6 477
145 125 11 477
145 130 11 477
145 128 16 477
309 314 7 477
309 312 8 477
309 292 11 477
309 309 13 477
1022 1023 2 477
1022 1022 13 477
1023 1023 2 477
1023 1022 13 477
461 469 17 478
461 459 18 478
461 453 19 478
989 978 16 478
0 0 1 479
0 1 1 479
0 14 1 479
0 17 1 479
0 18 13 479
36 17 1 479
36 52 4 479
36 18 13 479
36 31 13 479
36 26 14 479
36 31 14 479
36 52 15 479
98 90 1 479
98 91 2 479
98 109 8 479
98 94 10 479
98 91 12 479
98 80 15 479
181 188 1 479
181 190 7 479
181 180 11 479
181 181 18 479
955 945 18 479
1023 1022 11 479
1023 1023 20 479
0 18 12 480
1 18 12 480
14 18 12 480
14 31 12 480
14 26 13 480
14 31 13 480
17 18 12 480
17 31 12 480
17 26 13 480
17 31 13 480
90 91 1 480
90 70 3 480
90 109 7 480
90 94 9 480
90 91 11 480
90 80 14 480
188 190 6 480
188 180 10 480
188 181 17 480
91 109 6 481
91 94 8 481
91 91 10 481
91 80 13 481
91 83 20 481
138 133 2 481
138 118 3 481
138 125 7 481
138 130 7 481
138 128 12 481
616 628 3 481
616 621 4 481
616 634 7 481
371 378 4 482
52 64 10 483
52 52 11 483
52 52 18 483
52 53 19 483
52 38 20 483
70 64 10 483
70 52 11 483
70 80 11 483
70 52 18 483
70 83 18 483
70 53 19 483
133 118 1 483
133 125 5 483
133 130 5 483
133 128 10 483
118 109 3 484
118 125 4 484
118 130 4 484
118 128 9 484
118 109 20 484
314 312 1 484
314 309 6 484
314 329 15 484
628 621 1 484
628 634 4 484
628 643 12 484
220 219 13 485
312 292 3 485
312 309 5 485
312 329 14 485
312 307 20 485
621 634 3 485
190 180 4 486
190 181 11 486
109 125 1 487
109 94 2 487
109 91 4 487
109 128 6 487
109 92 16 487
109 109 17 487
109 127 19 487
109 99 20 487
809 802 8 487
125 128 5 488
125 109 16 488
125 130 17 488
125 127 18 488
130 128 5 488
130 130 17 488
130 127 18 488
292 309 2 488
292 284 12 488
292 307 17 488
634 643 8 488
94 91 2 489
94 80 5 489
94 83 12 489
94 92 14 489
94 109 15 489
94 99 18 489
890 897 10 489
180 181 7 490
180 192 17 490
309 307 15 490
1022 1023 9 490
91 80 3 491
91 83 10 491
91 92 12 491
91 109 13 491
91 99 16 491
91 72 20 491
18 26 1 492
18 31 1 492
18 4 11 492
18 9 11 492
18 21 11 492
18 7 12 492
18 4 15 492
18 7 15 492
18 18 19 492
18 37 19 492
31 26 1 492
31 31 1 492
31 21 11 492
31 38 11 492
31 42 12 492
31 47 15 492
31 18 19 492
31 37 19 492
691 704 1 492
26 9 10 493
26 21 10 493
26 38 10 493
26 7 11 493
26 42 11 493
26 7 14 493
26 18 18 493
26 37 18 493
31 21 10 493
31 38 10 493
31 42 11 493
31 47 14 493
31 18 18 493
31 37 18 493
64 52 1 493
64 80 1 493
64 52 8 493
64 83 8 493
64 53 9 493
64 47 14 493
64 72 18 493
128 109 11 493
128 130 12 493
128 127 13 493
128 115 19 493
128 138 19 493
433 436 5 493
433 448 9 493
433 450 13 493
433 451 17 493
433 415 18 493
433 415 20 493
52 52 7 494
52 53 8 494
52 38 9 494
52 42 10 494
52 47 13 494
52 37 17 494
80 83 7 494
80 92 9 494
80 99 13 494
80 72 17 494
80 93 19 494
978 967 7 494
978 968 8 494
978 962 10 494
978 970 11 494
978 979 12 494
469 459 1 495
469 453 2 495
469 450 11 495
469 451 15 495
469 471 20 495
459 453 1 496
459 448 6 496
459 450 10 496
459 451 14 496
459 471 19 496
459 465 20 496
643 623 14 496
643 631 19 496
643 638 20 496
181 192 10 497
453 436 1 497
453 448 5 497
453 450 9 497
453 451 13 497
453 471 18 497
453 465 19 497
945 957 6 497
945 962 7 497
219 201 13 498
219 228 15 498
436 448 4 498
436 450 8 498
436 451 12 498
857 851 2 498
1023 1020 13 499
52 53 1 501
52 38 2 501
52 42 3 501
52 47 6 501
52 37 10 501
52 36 16 501
52 45 18 501
83 92 2 501
83 99 6 501
83 72 10 501
83 93 12 501
83 93 16 501
83 94 18 501
967 968 1 501
967 957 2 501
967 962 3 501
967 970 4 501
967 979 5 501
53 38 1 502
53 42 2 502
53 47 5 502
53 37 9 502
53 72 9 502
53 36 15 502
53 45 17 502
448 450 4 502
448 451 8 502
448 465 14 502
968 957 1 502
968 962 2 502
968 970 3 502
968 979 4 502
4 7 1 503
4 4 4 503
4 7 4 503
4 18 8 503
4 21 16 503
9 7 1 503
9 4 4 503
9 7 4 503
9 18 8 503
9 21 16 503
21 7 1 503
21 4 4 503
21 7 4 503
21 18 8 503
21 37 8 503
21 36 14 503
21 21 16 503
38 42 1 503
38 47 4 503
38 18 8 503
38 37 8 503
38 36 14 503
38 21 16 503
38 45 16 503
92 109 1 503
92 99 4 503
92 72 8 503
92 93 10 503
92 93 14 503
92 94 16 503
957 962 1 503
957 970 2 503
7 4 3 504
7 7 3 504
7 18 7 504
7 21 15 504
42 47 3 504
42 37 7 504
42 36 13 504
42 45 15 504
109 127 2 504
109 99 3 504
109 115 8 504
109 93 9 504
109 93 13 504
109 94 15 504
962 970 1 504
962 979 2 504
130 127 1 505
130 115 7 505
130 138 7 505
307 317 16 505
970 979 1 505
127 115 6 506
127 138 6 506
450 451 4 506
450 465 10 506
450 439 20 506
4 18 4 507
4 21 12 507
7 18 4 507
7 21 12 507
47 37 4 507
47 36 10 507
47 45 12 507
99 115 5 507
99 93 6 507
99 93 10 507
99 94 12 507
192 201 4 507
670 663 1 508
670 673 10 508
663 673 9 509
663 647 19 509
451 465 6 510
451 439 16 510
451 434 17 510
451 461 19 510
623 631 5 510
623 638 6 510
623 627 11 510
18 36 6 511
18 21 8 511
37 36 6 511
37 21 8 511
37 45 8 511
37 45 19 511
201 216 9 511
415 415 2 511
415 410 12 511
415 434 16 511
415 403 19 511
1020 1023 13 512
93 93 4 513
93 94 6 513
228 216 7 513
415 410 10 513
415 434 14 513
415 403 17 513
776 772 4 513
776 764 6 513
351 353 10 514
351 357 11 514
471 465 1 515
471 484 13 515
471 461 14 515
631 638 1 515
631 627 6 515
631 647 13 515
465 484 12 516
465 461 13 516
465 448 15 516
638 627 5 516
638 647 12 516
36 21 2 517
36 45 2 517
36 45 13 517
36 29 15 517
36 36 15 517
36 22 16 517
36 43 16 517
36 25 17 517
36 43 17 517
36 39 19 517
93 94 2 517
772 764 2 517
673 668 19 518
21 29 13 519
21 36 13 519
21 7 14 519
21 22 14 519
21 25 15 519
21 39 17 519
45 45 11 519
45 29 13 519
45 36 13 519
45 43 14 519
45 25 15 519
45 43 15 519
45 39 17 519
94 90 20 519
917 935 12 520
627 615 17 521
379 397 19 522
379 394 20 522
822 802 3 522
822 814 4 522
822 809 5 522
822 809 14 522
410 403 7 523
410 402 13 523
410 397 18 523
410 394 19 523
856 856 1 523
856 864 10 523
353 357 1 524
856 864 9 524
802 814 1 525
802 809 2 525
802 797 4 525
802 809 11 525
1023 1020 14 525
1023 1021 18 525
1023 1023 18 525
1023 1012 20 525
439 434 1 526
439 448 5 526
814 809 1 526
814 797 3 526
814 809 10 526
434 448 4 527
809 797 2 527
809 809 9 527
461 448 2 529
797 809 7 529
45 29 2 530
45 36 2 530
45 43 3 530
45 25 4 530
45 43 4 530
45 39 6 530
403 402 6 530
403 397 11 530
403 394 12 530
965 974 1 530
965 984 19 530
974 987 9 531
974 987 11 531
974 988 13 531
974 984 18 531
29 22 1 532
29 43 1 532
29 25 2 532
29 43 2 532
29 39 4 532
36 22 1 532
36 43 1 532
36 25 2 532
36 43 2 532
36 39 4 532
935 942 3 532
7 25 1 533
22 25 1 533
22 39 3 533
43 25 1 533
43 43 1 533
43 39 3 533
133 132 9 533
864 865 18 533
864 855 19 533
864 860 20 533
25 39 2 534
43 39 2 534
599 615 4 534
70 89 5 535
70 89 12 535
402 397 5 536
402 394 6 536
402 406 15 536
809 821 14 536
90 89 1 539
90 90 2 539
90 94 3 539
90 98 4 539
90 90 5 539
90 90 6 539
90 95 7 539
90 89 8 539
90 90 9 539
1020 1021 4 539
1020 1023 4 539
1020 1012 6 539
1020 1022 7 539
1020 1023 7 539
1020 1020 8 539
1020 1017 9 539
1020 1023 10 539
89 90 1 540
89 94 2 540
89 98 3 540
89 90 4 540
89 90 5 540
89 95 6 540
89 89 7 540
89 90 8 540
987 987 2 540
987 988 4 540
987 984 9 540
987 998 19 540
90 94 1 541
90 98 2 541
90 90 3 541
90 90 4 541
90 95 5 541
90 89 6 541
90 90 7 541
90 81 20 541
167 172 3 541
167 181 18 541
397 394 1 541
397 406 10 541
397 412 18 541
94 98 1 542
94 90 2 542
94 90 3 542
94 95 4 542
94 89 5 542
94 90 6 542
94 81 19 542
394 406 9 542
394 412 17 542
987 988 2 542
987 984 7 542
987 998 17 542
98 90 1 543
98 90 2 543
98 95 3 543
98 89 4 543
98 90 5 543
98 81 18 543
1021 1012 2 543
1021 1022 3 543
1021 1023 3 543
1021 1020 4 543
1021 1017 5 543
1021 1023 6 543
1021 1023 19 543
1023 1012 2 543
1023 1022 3 543
1023 1023 3 543
1023 1020 4 543
1023 1017 5 543
1023 1023 6 543
1023 1023 19 543
90 90 1 544
90 95 2 544
90 89 3 544
90 90 4 544
90 81 17 544
172 181 15 544
988 984 5 544
988 998 15 544
90 95 1 545
90 89 2 545
90 90 3 545
90 81 16 545
1012 1022 1 545
1012 1023 1 545
1012 1020 2 545
1012 1017 3 545
1012 1023 4 545
1012 998 14 545
1012 1023 17 545
1012 1019 20 545
95 89 1 546
95 90 2 546
95 81 15 546
1022 1020 1 546
1022 1017 2 546
1022 1023 3 546
1022 1023 16 546
1022 1019 19 546
1023 1020 1 546
1023 1017 2 546
1023 1023 3 546
1023 1023 16 546
1023 1019 19 546
89 90 1 547
89 81 14 547
1020 1017 1 547
1020 1023 2 547
1020 1023 15 547
1020 1019 18 547
90 81 13 548
1017 1023 1 548
1017 998 11 548
1017 1023 14 548
1017 1019 17 548
984 998 10 549
984 968 19 549
1023 1023 13 549
1023 1019 16 549
423 406 1 550
423 424 6 550
423 412 9 550
406 424 5 551
406 412 8 551
865 855 1 551
865 860 2 551
865 858 3 551
865 856 4 551
865 873 5 551
865 854 6 551
294 307 3 552
294 290 5 552
855 860 1 552
855 858 2 552
855 856 3 552
855 873 4 552
855 854 5 552
860 858 1 553
860 856 2 553
860 873 3 553
860 854 4 553
332 332 6 554
332 332 19 554
858 856 1 554
858 873 2 554
858 854 3 554
307 290 2 555
856 873 1 555
856 854 2 555
424 412 3 556
873 854 1 556
181 178 14 559
998 983 18 559
332 332 13 560
332 340 18 560
956 958 4 560
956 942 7 560
956 968 8 560
956 953 9 560
956 961 12 560
956 963 14 560
40 52 15 561
81 99 12 561
933 923 2 561
933 942 6 561
1023 1019 3 562
1023 1022 8 562
1023 1023 8 562
1023 1020 9 562
1023 1023 9 562
1023 1022 11 562
1023 1022 14 562
1023 1023 14 562
923 942 4 563
958 942 3 564
958 968 4 564
958 953 5 564
958 961 8 564
958 963 10 564
1019 1022 5 565
1019 1023 5 565
1019 1020 6 565
1019 1023 6 565
1019 1022 8 565
1019 1022 11 565
1019 1023 11 565
1019 1023 20 565
942 953 2 567
942 961 5 567
968 953 1 568
968 961 4 568
968 963 6 568
968 983 9 568
953 961 3 569
953 963 5 569
1022 1020 1 570
1022 1023 1 570
1022 1022 3 570
1022 1022 6 570
1022 1023 6 570
1022 1023 15 570
1022 1023 18 570
1022 1010 20 570
1023 1020 1 570
1023 1023 1 570
1023 1022 3 570
1023 1022 6 570
1023 1023 6 570
1023 1023 15 570
1023 1023 18 570
1023 1010 20 570
1020 1022 2 571
1020 1022 5 571
1020 1023 5 571
1020 1023 14 571
1020 1023 17 571
1020 1010 19 571
1023 1022 2 571
1023 1022 5 571
1023 1023 5 571
1023 1023 14 571
1023 1023 17 571
1023 1010 19 571
961 963 2 572
99 80 14 573
99 80 16 573
178 181 14 573
332 340 5 573
332 344 11 573
332 342 12 573
332 336 16 573
1022 1022 3 573
1022 1023 3 573
1022 1023 12 573
1022 1023 15 573
1022 1010 17 573
1022 1023 20 573
52 36 13 576
52 36 14 576
1022 1023 9 576
1022 1023 12 576
1022 1010 14 576
1022 1023 17 576
1022 1023 19 576
1022 1022 20 576
1023 1023 9 576
1023 1023 12 576
1023 1010 14 576
1023 1023 17 576
1023 1023 19 576
1023 1022 20 576
983 998 10 577
340 355 3 578
340 357 4 578
340 344 6 578
340 342 7 578
340 336 11 578
448 433 1 579
717 713 3 579
433 421 3 580
433 416 8 580
854 855 1 580
854 855 3 580
854 872 4 580
854 871 5 580
854 854 8 580
355 357 1 581
355 344 3 581
355 342 4 581
355 336 8 581
855 855 2 581
855 872 3 581
855 871 4 581
855 854 7 581
357 344 2 582
357 342 3 582
713 694 9 582
421 416 5 583
421 412 18 583
855 872 1 583
855 871 2 583
855 854 5 583
344 342 1 584
344 336 5 584
872 871 1 584
872 854 4 584
342 336 4 585
871 854 3 585
1023 1023 3 585
1023 1010 5 585
1023 1023 8 585
1023 1023 10 585
1023 1022 11 585
1023 1020 13 585
1023 1023 13 585
1023 1022 15 585
1023 1023 15 585
1023 1023 17 585
1023 1020 19 585
80 80 2 587
80 91 14 587
181 182 18 587
998 1010 3 587
416 412 13 588
854 872 20 588
1023 1010 2 588
1023 1023 5 588
1023 1023 7 588
1023 1022 8 588
1023 1020 10 588
1023 1023 10 588
1023 1022 12 588
1023 1023 12 588
1023 1023 14 588
1023 1020 16 588
36 36 1 589
80 91 12 589
336 336 18 589
928 936 3 589
928 940 4 589
928 939 6 589
928 943 8 589
928 944 10 589
928 931 17 589
1010 1023 3 590
1010 1023 5 590
1010 1022 6 590
1010 1020 8 590
1010 1023 8 590
1010 1022 10 590
1010 1023 10 590
1010 1023 12 590
1010 1020 14 590
936 940 1 592
936 939 3 592
936 943 5 592
936 944 7 592
936 931 14 592
940 939 2 593
940 943 4 593
940 944 6 593
940 959 9 593
940 931 13 593
1023 1023 2 593
1023 1022 3 593
1023 1020 5 593
1023 1023 5 593
1023 1022 7 593
1023 1023 7 593
1023 1023 9 593
1023 1020 11 593
939 943 2 595
939 944 4 595
939 931 11 595
1023 1022 1 595
1023 1020 3 595
1023 1023 3 595
1023 1022 5 595
1023 1023 5 595
1023 1023 7 595
1023 1020 9 595
1022 1020 2 596
1022 1023 2 596
1022 1022 4 596
1022 1023 4 596
1022 1023 6 596
1022 1020 8 596
1022 1003 20 596
943 944 2 597
943 959 5 597
943 931 9 597
943 955 20 597
1020 1022 2 598
1020 1023 2 598
1020 1023 4 598
1020 1020 6 598
1020 1003 18 598
1020 1009 20 598
1023 1022 2 598
1023 1023 2 598
1023 1023 4 598
1023 1020 6 598
1023 1003 18 598
1023 1009 20 598
944 959 3 599
944 931 7 599
944 955 18 599
1022 1023 2 600
1022 1020 4 600
1022 1003 16 600
1022 1009 18 600
1023 1023 2 600
1023 1020 4 600
1023 1003 16 600
1023 1009 18 600
91 110 6 601
91 83 16 601
91 72 17 601
412 424 10 601
959 968 3 602
959 955 15 602
959 970 17 602
1023 1020 2 602
1023 1003 14 602
1023 1009 16 602
1020 1003 12 604
1020 1009 14 604
968 955 12 605
968 970 14 605
968 983 16 605
968 953 19 605
931 926 14 606
336 341 3 607
336 332 5 607
336 345 6 607
336 334 10 607
872 856 1 608
872 857 2 608
872 854 3 608
872 861 4 608
872 871 5 608
872 854 6 608
872 890 15 608
856 857 1 609
856 854 2 609
856 861 3 609
856 871 4 609
856 854 5 609
341 332 2 610
341 345 3 610
341 334 7 610
857 854 1 610
857 861 2 610
857 871 3 610
857 854 4 610
854 861 1 611
854 871 2 611
854 854 3 611
332 345 1 612
332 334 5 612
861 871 1 612
861 854 2 612
345 334 4 613
871 854 1 613
871 890 10 613
452 454 19 616
452 452 20 616
1003 1009 2 616
1003 983 5 616
1003 1021 9 616
1003 1019 12 616
1003 998 13 616
1003 1008 14 616
83 72 1 617
955 970 2 617
955 953 7 617
955 956 9 617
955 960 10 617
955 963 14 617
1009 1021 7 618
1009 1023 7 618
1009 1023 9 618
1009 1019 10 618
1009 998 11 618
1009 1008 12 618
1009 1023 13 618
970 983 2 619
970 953 5 619
970 956 7 619
970 960 8 619
970 963 12 619
983 998 8 621
983 963 10 621
953 956 2 624
953 960 3 624
953 963 7 624
1021 1023 2 625
1021 1019 3 625
1021 1008 5 625
1021 1023 6 625
1023 1023 2 625
1023 1019 3 625
1023 1008 5 625
1023 1023 6 625
956 960 1 626
956 963 5 626
960 963 4 627
960 978 17 627
960 969 20 627
1023 1019 1 627
1023 1008 3 627
1023 1023 4 627
1019 1008 2 628
1019 1023 3 628
998 1008 1 629
998 978 15 629
1008 1023 1 630
1008 1022 20 630
1008 1023 20 630
963 978 13 631
963 969 16 631
1023 1022 19 631
1023 1023 19 631
454 452 1 635
454 434 2 635
728 712 4 635
452 434 1 636
452 433 5 636
865 855 1 636
865 855 2 636
865 854 4 636
865 865 5 636
865 850 6 636
865 850 9 636
434 430 2 637
434 420 3 637
434 433 4 637
855 855 1 637
855 854 3 637
855 865 4 637
855 850 5 637
855 850 8 637
855 854 2 638
855 865 3 638
855 850 4 638
855 850 7 638
430 420 1 639
430 433 2 639
712 694 12 639
420 433 1 640
854 865 1 640
854 850 2 640
854 850 5 640
865 850 1 641
865 850 4 641
344 330 4 642
850 850 3 642
978 969 3 644
0 8 1 646
1 8 1 646
4 8 1 646
7 8 1 646
18 8 1 646
52 48 1 646
933 941 3 646
1022 1015 2 650
1022 1023 2 650
1023 1015 2 650
1023 1023 2 650
