476 474 18 2
476 474 35 2
476 475 36 2
476 475 38 2
476 491 41 2
210 186 18 3
210 188 19 3
210 183 23 3
210 186 25 3
210 188 29 3
210 186 33 3
210 187 34 3
210 189 36 3
210 189 37 3
210 183 39 3
210 188 40 3
210 207 45 3
210 190 46 3
210 189 49 3
210 206 50 3
210 184 52 3
210 217 53 3
210 221 55 3
210 230 56 3
210 214 57 3
210 213 58 3
467 441 12 3
467 445 13 3
467 474 17 3
467 437 26 3
467 437 27 3
467 444 30 3
467 474 34 3
467 475 35 3
467 475 37 3
467 491 40 3
33 56 10 4
33 5 11 4
33 9 11 4
33 19 11 4
33 62 11 4
33 24 12 4
33 31 12 4
33 23 13 4
33 35 13 4
33 5 16 4
33 22 21 4
33 62 21 4
33 23 23 4
33 60 23 4
33 32 24 4
33 32 26 4
33 24 27 4
33 54 27 4
33 23 28 4
33 54 28 4
33 24 29 4
33 54 29 4
33 5 30 4
33 24 30 4
33 32 30 4
33 24 32 4
33 5 33 4
33 23 33 4
33 5 34 4
33 23 34 4
33 54 34 4
33 54 35 4
33 54 36 4
33 5 37 4
33 62 37 4
33 5 38 4
33 52 39 4
33 51 41 4
33 54 47 4
33 62 54 4
33 39 57 4
33 39 58 4
33 38 59 4
89 65 10 4
89 62 11 4
89 69 11 4
89 70 12 4
89 86 14 4
89 67 15 4
89 68 16 4
89 102 20 4
89 62 21 4
89 76 21 4
89 60 23 4
89 68 23 4
89 66 24 4
89 115 25 4
89 115 26 4
89 68 27 4
89 69 28 4
89 66 29 4
89 91 30 4
89 76 31 4
89 68 32 4
89 77 35 4
89 62 37 4
89 64 37 4
89 107 42 4
89 111 43 4
89 86 44 4
89 100 45 4
89 79 50 4
89 77 52 4
89 77 53 4
89 62 54 4
89 63 54 4
89 73 55 4
89 73 59 4
205 186 17 4
205 188 18 4
205 183 22 4
205 186 24 4
205 188 28 4
205 186 32 4
205 187 33 4
205 189 35 4
205 189 36 4
205 183 38 4
205 188 39 4
205 207 44 4
205 190 45 4
205 189 48 4
205 206 49 4
205 184 51 4
205 217 52 4
205 221 54 4
205 230 55 4
205 214 56 4
205 213 57 4
301 320 23 4
301 304 24 4
301 304 30 4
301 304 31 4
301 276 38 4
301 316 43 4
301 272 44 4
301 330 46 4
301 277 50 4
301 280 55 4
301 285 56 4
301 287 57 4
301 322 58 4
34 5 10 5
34 9 10 5
34 19 10 5
34 62 10 5
34 24 11 5
34 31 11 5
34 23 12 5
34 35 12 5
34 5 15 5
34 22 20 5
34 62 20 5
34 23 22 5
34 60 22 5
34 32 23 5
34 32 25 5
34 24 26 5
34 54 26 5
34 23 27 5
34 54 27 5
34 24 28 5
34 54 28 5
34 5 29 5
34 24 29 5
34 32 29 5
34 24 31 5
34 5 32 5
34 23 32 5
34 5 33 5
34 23 33 5
34 54 33 5
34 54 34 5
34 54 35 5
34 5 36 5
34 62 36 5
34 5 37 5
34 52 38 5
34 51 40 5
34 54 46 5
34 62 53 5
34 63 53 5
34 39 56 5
34 39 57 5
34 38 58 5
34 34 59 5
197 186 16 5
197 188 17 5
197 183 21 5
197 186 23 5
197 188 27 5
197 169 29 5
197 170 30 5
197 186 31 5
197 187 32 5
197 189 34 5
197 189 35 5
197 183 37 5
197 188 38 5
197 207 43 5
197 190 44 5
197 189 47 5
197 206 48 5
197 184 50 5
197 217 51 5
197 221 53 5
197 214 55 5
197 213 56 5
197 171 58 5
255 259 26 5
255 276 37 5
255 262 41 5
255 272 43 5
255 251 46 5
255 258 46 5
255 277 49 5
255 260 53 5
255 230 54 5
255 280 54 5
295 320 21 6
295 304 22 6
295 304 28 6
295 304 29 6
295 276 36 6
295 316 41 6
295 272 42 6
295 277 48 6
295 280 53 6
295 285 54 6
295 287 55 6
295 322 56 6
186 186 14 7
186 188 15 7
186 183 19 7
186 186 21 7
186 188 25 7
186 169 27 7
186 170 28 7
186 186 29 7
186 187 30 7
186 189 32 7
186 189 33 7
186 183 35 7
186 188 36 7
186 207 41 7
186 190 42 7
186 157 43 7
186 189 45 7
186 206 46 7
186 184 48 7
186 214 53 7
186 213 54 7
186 156 55 7
186 171 56 7
406 408 12 7
406 376 15 7
406 432 16 7
406 420 34 7
406 433 45 7
406 378 50 7
406 416 56 7
406 391 57 7
44 67 11 8
44 68 12 8
44 22 17 8
44 62 17 8
44 23 19 8
44 60 19 8
44 68 19 8
44 32 20 8
44 66 20 8
44 32 22 8
44 24 23 8
44 54 23 8
44 68 23 8
44 23 24 8
44 54 24 8
44 69 24 8
44 24 25 8
44 54 25 8
44 66 25 8
44 24 26 8
44 32 26 8
44 24 28 8
44 68 28 8
44 23 29 8
44 23 30 8
44 54 30 8
44 54 31 8
44 54 32 8
44 62 33 8
44 64 33 8
44 52 35 8
44 51 37 8
44 54 43 8
44 62 50 8
44 63 50 8
44 73 51 8
44 39 53 8
44 39 54 8
44 38 55 8
44 73 55 8
44 34 56 8
44 73 56 8
44 39 58 8
44 70 58 8
410 408 11 8
410 432 15 8
410 437 21 8
410 437 22 8
410 436 31 8
410 420 33 8
410 433 44 8
410 416 55 8
410 391 56 8
410 427 59 8
40 67 10 9
40 68 11 9
40 22 16 9
40 62 16 9
40 23 18 9
40 60 18 9
40 68 18 9
40 32 19 9
40 66 19 9
40 32 21 9
40 24 22 9
40 54 22 9
40 68 22 9
40 23 23 9
40 54 23 9
40 69 23 9
40 24 24 9
40 54 24 9
40 66 24 9
40 24 25 9
40 32 25 9
40 24 27 9
40 68 27 9
40 23 28 9
40 23 29 9
40 54 29 9
40 54 30 9
40 54 31 9
40 62 32 9
40 64 32 9
40 52 34 9
40 51 36 9
40 54 42 9
40 62 49 9
40 63 49 9
40 39 52 9
40 39 53 9
40 38 54 9
40 34 55 9
40 39 57 9
408 408 10 9
408 432 14 9
408 437 20 9
408 437 21 9
408 436 30 9
408 420 32 9
408 433 43 9
408 378 48 9
408 416 54 9
408 391 55 9
408 427 58 9
32 5 10 10
32 22 15 10
32 23 17 10
32 60 17 10
32 32 18 10
32 32 20 10
32 24 21 10
32 54 21 10
32 23 22 10
32 54 22 10
32 24 23 10
32 54 23 10
32 5 24 10
32 24 24 10
32 32 24 10
32 24 26 10
32 5 27 10
32 23 27 10
32 5 28 10
32 23 28 10
32 54 28 10
32 54 29 10
32 54 30 10
32 5 31 10
32 5 32 10
32 52 33 10
32 51 35 10
32 54 41 10
32 39 51 10
32 39 52 10
32 38 53 10
32 34 54 10
32 5 56 10
32 39 56 10
32 23 59 10
84 68 10 10
84 102 14 10
84 62 15 10
84 76 15 10
84 60 17 10
84 68 17 10
84 66 18 10
84 54 21 10
84 68 21 10
84 54 22 10
84 69 22 10
84 54 23 10
84 66 23 10
84 91 24 10
84 76 25 10
84 68 26 10
84 54 28 10
84 54 29 10
84 77 29 10
84 54 30 10
84 62 31 10
84 64 31 10
84 107 36 10
84 111 37 10
84 86 38 10
84 100 39 10
84 54 41 10
84 79 44 10
84 77 46 10
84 77 47 10
84 62 48 10
84 63 48 10
84 73 49 10
84 73 53 10
84 73 54 10
84 81 55 10
84 70 56 10
84 79 58 10
179 186 11 10
179 188 12 10
179 183 16 10
179 186 18 10
179 188 22 10
179 169 24 10
179 170 25 10
179 186 26 10
179 187 27 10
179 189 29 10
179 189 30 10
179 183 32 10
179 188 33 10
179 207 38 10
179 190 39 10
179 157 40 10
179 189 42 10
179 206 43 10
179 184 45 10
179 156 52 10
179 171 53 10
361 333 11 10
361 376 12 10
361 335 14 10
361 336 15 10
361 340 16 10
361 360 35 10
361 378 47 10
361 371 56 10
361 389 59 10
215 186 10 11
215 188 11 11
215 186 17 11
215 188 21 11
215 186 25 11
215 187 26 11
215 189 28 11
215 189 29 11
215 188 32 11
215 207 37 11
215 190 38 11
215 189 41 11
215 206 42 11
215 217 45 11
215 221 47 11
215 230 48 11
215 214 49 11
215 213 50 11
273 259 20 11
273 276 31 11
273 262 35 11
273 272 37 11
273 251 40 11
273 258 40 11
273 277 43 11
273 260 47 11
273 280 48 11
273 285 49 11
273 287 50 11
214 188 10 12
214 186 16 12
214 188 20 12
214 186 24 12
214 187 25 12
214 189 27 12
214 189 28 12
214 188 31 12
214 207 36 12
214 190 37 12
214 189 40 12
214 206 41 12
214 184 43 12
214 217 44 12
214 221 46 12
214 230 47 12
214 214 48 12
214 213 49 12
274 259 19 12
274 276 30 12
274 262 34 12
274 272 36 12
274 251 39 12
274 258 39 12
274 277 42 12
274 260 46 12
274 280 47 12
274 285 48 12
274 287 49 12
45 22 12 13
45 62 12 13
45 23 14 13
45 60 14 13
45 68 14 13
45 32 15 13
45 66 15 13
45 32 17 13
45 24 18 13
45 54 18 13
45 68 18 13
45 23 19 13
45 54 19 13
45 69 19 13
45 24 20 13
45 54 20 13
45 66 20 13
45 24 21 13
45 32 21 13
45 24 23 13
45 68 23 13
45 23 24 13
45 23 25 13
45 54 25 13
45 54 26 13
45 54 27 13
45 62 28 13
45 64 28 13
45 52 30 13
45 51 32 13
45 54 38 13
45 62 45 13
45 63 45 13
45 73 46 13
45 39 48 13
45 39 49 13
45 38 50 13
45 73 50 13
45 34 51 13
45 73 51 13
45 39 53 13
45 70 53 13
45 23 56 13
45 23 57 13
45 40 57 13
45 64 57 13
45 67 58 13
106 102 11 13
106 76 12 13
106 120 13 13
106 115 16 13
106 115 17 13
106 128 18 13
106 91 21 13
106 76 22 13
106 77 26 13
106 120 29 13
106 107 33 13
106 133 33 13
106 111 34 13
106 127 34 13
106 86 35 13
106 100 36 13
106 120 37 13
106 79 41 13
106 77 43 13
106 77 44 13
106 120 49 13
106 81 52 13
106 79 55 13
106 92 59 13
394 420 28 13
394 378 44 13
394 416 50 13
394 391 51 13
394 371 53 13
394 389 56 13
56 62 11 14
56 76 11 14
56 60 13 14
56 68 13 14
56 32 14 14
56 66 14 14
56 32 16 14
56 54 17 14
56 68 17 14
56 54 18 14
56 69 18 14
56 54 19 14
56 66 19 14
56 32 20 14
56 76 21 14
56 68 22 14
56 54 24 14
56 54 25 14
56 77 25 14
56 54 26 14
56 62 27 14
56 64 27 14
56 52 29 14
56 51 31 14
56 54 37 14
56 79 40 14
56 77 42 14
56 77 43 14
56 62 44 14
56 63 44 14
56 73 45 14
56 39 47 14
56 39 48 14
56 38 49 14
56 73 49 14
56 34 50 14
56 73 50 14
56 81 51 14
56 39 52 14
56 70 52 14
56 79 54 14
56 40 56 14
56 64 56 14
56 67 57 14
65 62 11 14
65 76 11 14
65 60 13 14
65 68 13 14
65 66 14 14
65 54 17 14
65 68 17 14
65 54 18 14
65 69 18 14
65 54 19 14
65 66 19 14
65 91 20 14
65 76 21 14
65 68 22 14
65 54 24 14
65 54 25 14
65 77 25 14
65 54 26 14
65 62 27 14
65 64 27 14
65 52 29 14
65 51 31 14
65 86 34 14
65 54 37 14
65 79 40 14
65 77 42 14
65 77 43 14
65 62 44 14
65 63 44 14
65 73 45 14
65 39 47 14
65 39 48 14
65 38 49 14
65 73 49 14
65 73 50 14
65 81 51 14
65 39 52 14
65 70 52 14
65 79 54 14
65 40 56 14
65 64 56 14
65 67 57 14
65 92 58 14
375 360 31 14
375 378 43 14
375 391 50 14
375 371 52 14
375 389 55 14
0 22 10 15
0 23 12 15
0 24 16 15
0 23 17 15
0 24 18 15
0 5 19 15
0 24 19 15
0 24 21 15
0 5 22 15
0 23 22 15
0 5 23 15
0 23 23 15
0 5 26 15
0 5 27 15
0 5 51 15
0 23 54 15
0 23 55 15
0 0 56 15
0 1 56 15
0 6 56 15
0 7 56 15
0 10 57 15
5 22 10 15
5 23 12 15
5 32 13 15
5 32 15 15
5 24 16 15
5 23 17 15
5 24 18 15
5 5 19 15
5 24 19 15
5 32 19 15
5 24 21 15
5 5 22 15
5 23 22 15
5 5 23 15
5 23 23 15
5 5 26 15
5 5 27 15
5 34 49 15
5 5 51 15
5 23 54 15
5 23 55 15
5 0 56 15
5 1 56 15
5 6 56 15
5 7 56 15
5 10 57 15
9 22 10 15
9 23 12 15
9 32 13 15
9 32 15 15
9 24 16 15
9 23 17 15
9 24 18 15
9 5 19 15
9 24 19 15
9 32 19 15
9 24 21 15
9 5 22 15
9 23 22 15
9 5 23 15
9 23 23 15
9 5 26 15
9 5 27 15
9 38 48 15
9 34 49 15
9 5 51 15
9 23 54 15
9 23 55 15
9 0 56 15
9 1 56 15
9 6 56 15
9 7 56 15
9 10 57 15
9 35 59 15
19 22 10 15
19 23 12 15
19 32 13 15
19 32 15 15
19 24 16 15
19 23 17 15
19 24 18 15
19 5 19 15
19 24 19 15
19 32 19 15
19 24 21 15
19 5 22 15
19 23 22 15
19 5 23 15
19 23 23 15
19 5 26 15
19 5 27 15
19 39 46 15
19 39 47 15
19 38 48 15
19 34 49 15
19 5 51 15
19 39 51 15
19 23 54 15
19 23 55 15
19 40 55 15
19 0 56 15
19 1 56 15
19 6 56 15
19 7 56 15
19 10 57 15
19 35 59 15
62 62 10 15
62 76 10 15
62 60 12 15
62 68 12 15
62 32 13 15
62 66 13 15
62 32 15 15
62 54 16 15
62 68 16 15
62 54 17 15
62 69 17 15
62 54 18 15
62 66 18 15
62 32 19 15
62 91 19 15
62 76 20 15
62 68 21 15
62 54 23 15
62 54 24 15
62 77 24 15
62 54 25 15
62 62 26 15
62 64 26 15
62 52 28 15
62 51 30 15
62 86 33 15
62 54 36 15
62 79 39 15
62 77 41 15
62 77 42 15
62 62 43 15
62 63 43 15
62 73 44 15
62 39 46 15
62 39 47 15
62 38 48 15
62 73 48 15
62 34 49 15
62 73 49 15
62 81 50 15
62 39 51 15
62 70 51 15
62 79 53 15
62 40 55 15
62 64 55 15
62 67 56 15
62 35 59 15
69 62 10 15
69 76 10 15
69 60 12 15
69 68 12 15
69 66 13 15
69 54 16 15
69 68 16 15
69 54 17 15
69 69 17 15
69 54 18 15
69 66 18 15
69 91 19 15
69 76 20 15
69 68 21 15
69 54 23 15
69 54 24 15
69 77 24 15
69 54 25 15
69 62 26 15
69 64 26 15
69 52 28 15
69 51 30 15
69 86 33 15
69 54 36 15
69 79 39 15
69 77 41 15
69 77 42 15
69 62 43 15
69 63 43 15
69 73 44 15
69 39 46 15
69 39 47 15
69 73 48 15
69 73 49 15
69 81 50 15
69 39 51 15
69 70 51 15
69 79 53 15
69 40 55 15
69 64 55 15
69 67 56 15
69 92 57 15
69 93 59 15
128 120 11 15
128 115 14 15
128 115 15 15
128 128 16 15
128 120 27 15
128 140 29 15
128 142 30 15
128 107 31 15
128 133 31 15
128 111 32 15
128 127 32 15
128 100 34 15
128 120 35 15
128 157 35 15
128 148 39 15
128 120 47 15
128 156 47 15
128 142 54 15
441 437 14 15
441 437 15 15
441 444 18 15
441 436 24 15
441 420 26 15
441 433 37 15
441 416 48 15
441 427 52 15
24 23 11 16
24 32 12 16
24 32 14 16
24 24 15 16
24 23 16 16
24 24 17 16
24 5 18 16
24 24 18 16
24 32 18 16
24 24 20 16
24 5 21 16
24 23 21 16
24 5 22 16
24 23 22 16
24 5 25 16
24 5 26 16
24 52 27 16
24 51 29 16
24 39 45 16
24 39 46 16
24 38 47 16
24 34 48 16
24 5 50 16
24 39 50 16
24 23 53 16
24 23 54 16
24 40 54 16
24 0 55 16
24 1 55 16
24 6 55 16
24 7 55 16
24 10 56 16
24 35 58 16
31 23 11 16
31 60 11 16
31 32 12 16
31 32 14 16
31 24 15 16
31 54 15 16
31 23 16 16
31 54 16 16
31 24 17 16
31 54 17 16
31 5 18 16
31 24 18 16
31 32 18 16
31 24 20 16
31 5 21 16
31 23 21 16
31 5 22 16
31 23 22 16
31 54 22 16
31 54 23 16
31 54 24 16
31 5 25 16
31 5 26 16
31 52 27 16
31 51 29 16
31 54 35 16
31 39 45 16
31 39 46 16
31 38 47 16
31 34 48 16
31 5 50 16
31 39 50 16
31 23 53 16
31 23 54 16
31 40 54 16
31 1 55 16
31 6 55 16
31 7 55 16
31 10 56 16
31 35 58 16
70 60 11 16
70 68 11 16
70 66 12 16
70 54 15 16
70 68 15 16
70 54 16 16
70 69 16 16
70 54 17 16
70 66 17 16
70 91 18 16
70 76 19 16
70 68 20 16
70 54 22 16
70 54 23 16
70 77 23 16
70 54 24 16
70 62 25 16
70 64 25 16
70 52 27 16
70 51 29 16
70 86 32 16
70 54 35 16
70 79 38 16
70 77 40 16
70 77 41 16
70 62 42 16
70 63 42 16
70 73 43 16
70 73 47 16
70 73 48 16
70 81 49 16
70 70 50 16
70 79 52 16
70 40 54 16
70 64 54 16
70 67 55 16
70 92 56 16
70 93 58 16
445 437 13 16
445 437 14 16
445 444 17 16
445 474 21 16
445 436 23 16
445 420 25 16
445 433 36 16
445 416 47 16
445 427 51 16
445 474 52 16
23 23 10 17
23 32 11 17
23 32 13 17
23 24 14 17
23 23 15 17
23 24 16 17
23 5 17 17
23 24 17 17
23 32 17 17
23 24 19 17
23 5 20 17
23 23 20 17
23 5 21 17
23 23 21 17
23 5 24 17
23 5 25 17
23 52 26 17
23 51 28 17
23 39 44 17
23 39 45 17
23 38 46 17
23 34 47 17
23 5 49 17
23 39 49 17
23 23 52 17
23 23 53 17
23 40 53 17
23 0 54 17
23 1 54 17
23 6 54 17
23 7 54 17
23 10 55 17
23 35 57 17
35 23 10 17
35 60 10 17
35 32 11 17
35 32 13 17
35 24 14 17
35 54 14 17
35 23 15 17
35 54 15 17
35 24 16 17
35 54 16 17
35 5 17 17
35 24 17 17
35 32 17 17
35 24 19 17
35 5 20 17
35 23 20 17
35 5 21 17
35 23 21 17
35 54 21 17
35 54 22 17
35 54 23 17
35 5 24 17
35 62 24 17
35 64 24 17
35 5 25 17
35 52 26 17
35 51 28 17
35 54 34 17
35 62 41 17
35 63 41 17
35 39 44 17
35 39 45 17
35 38 46 17
35 34 47 17
35 5 49 17
35 39 49 17
35 23 52 17
35 23 53 17
35 40 53 17
35 64 53 17
35 6 54 17
35 7 54 17
35 10 55 17
35 35 57 17
509 511 13 17
509 506 15 17
509 507 19 17
509 511 19 17
509 491 26 17
509 510 36 17
509 511 36 17
509 510 48 17
509 509 59 17
86 66 10 18
86 115 11 18
86 115 12 18
86 68 13 18
86 69 14 18
86 66 15 18
86 91 16 18
86 76 17 18
86 68 18 18
86 77 21 18
86 62 23 18
86 64 23 18
86 107 28 18
86 111 29 18
86 86 30 18
86 100 31 18
86 79 36 18
86 77 38 18
86 77 39 18
86 62 40 18
86 63 40 18
86 73 41 18
86 73 45 18
86 73 46 18
86 81 47 18
86 70 48 18
86 79 50 18
86 64 52 18
86 67 53 18
86 92 54 18
86 93 56 18
86 76 59 18
142 115 11 18
142 115 12 18
142 128 13 18
142 169 16 18
142 170 17 18
142 120 24 18
142 140 26 18
142 142 27 18
142 133 28 18
142 127 29 18
142 120 32 18
142 157 32 18
142 148 36 18
142 120 44 18
142 156 44 18
142 171 45 18
142 142 51 18
142 166 55 18
142 145 59 18
67 54 12 19
67 68 12 19
67 54 13 19
67 69 13 19
67 54 14 19
67 66 14 19
67 91 15 19
67 76 16 19
67 68 17 19
67 54 19 19
67 54 20 19
67 77 20 19
67 54 21 19
67 62 22 19
67 64 22 19
67 52 24 19
67 51 26 19
67 86 29 19
67 54 32 19
67 79 35 19
67 77 37 19
67 77 38 19
67 62 39 19
67 63 39 19
67 73 40 19
67 39 42 19
67 39 43 19
67 38 44 19
67 73 44 19
67 73 45 19
67 81 46 19
67 39 47 19
67 70 47 19
67 79 49 19
67 40 51 19
67 64 51 19
67 67 52 19
67 92 53 19
67 93 55 19
67 76 58 19
143 115 10 19
143 115 11 19
143 128 12 19
143 169 15 19
143 170 16 19
143 120 23 19
143 140 25 19
143 142 26 19
143 133 27 19
143 127 28 19
143 120 31 19
143 157 31 19
143 148 35 19
143 120 43 19
143 156 43 19
143 171 44 19
143 142 50 19
143 166 54 19
143 145 58 19
143 127 59 19
408 437 10 19
408 437 11 19
408 436 20 19
408 420 22 19
408 433 33 19
408 378 38 19
408 416 44 19
408 391 45 19
408 427 48 19
408 389 50 19
5 32 10 20
5 24 11 20
5 23 12 20
5 24 13 20
5 5 14 20
5 24 14 20
5 32 14 20
5 24 16 20
5 5 17 20
5 23 17 20
5 5 18 20
5 23 18 20
5 5 21 20
5 5 22 20
5 34 44 20
5 5 46 20
5 23 49 20
5 23 50 20
5 0 51 20
5 1 51 20
5 6 51 20
5 7 51 20
5 10 52 20
68 54 11 20
68 68 11 20
68 54 12 20
68 69 12 20
68 54 13 20
68 66 13 20
68 91 14 20
68 76 15 20
68 68 16 20
68 54 18 20
68 54 19 20
68 77 19 20
68 54 20 20
68 62 21 20
68 64 21 20
68 52 23 20
68 51 25 20
68 86 28 20
68 54 31 20
68 79 34 20
68 77 36 20
68 77 37 20
68 62 38 20
68 63 38 20
68 73 39 20
68 39 41 20
68 39 42 20
68 38 43 20
68 73 43 20
68 73 44 20
68 81 45 20
68 39 46 20
68 70 46 20
68 79 48 20
68 40 50 20
68 64 50 20
68 67 51 20
68 92 52 20
68 93 54 20
68 76 57 20
68 77 59 20
474 444 13 20
474 474 17 20
474 475 18 20
474 475 20 20
474 491 23 20
474 474 48 20
186 188 11 21
186 169 13 21
186 170 14 21
186 186 15 21
186 187 16 21
186 189 18 21
186 189 19 21
186 183 21 21
186 188 22 21
186 207 27 21
186 190 28 21
186 157 29 21
186 189 31 21
186 206 32 21
186 184 34 21
186 214 39 21
186 213 40 21
186 156 41 21
186 171 42 21
186 166 52 21
186 173 53 21
186 206 55 21
333 304 13 21
333 304 14 21
333 360 24 21
333 316 26 21
333 330 29 21
333 322 41 21
333 315 49 21
333 342 50 21
333 331 51 21
333 329 53 21
333 328 54 21
333 327 56 21
333 325 57 21
188 188 10 22
188 169 12 22
188 170 13 22
188 186 14 22
188 187 15 22
188 189 17 22
188 189 18 22
188 183 20 22
188 188 21 22
188 207 26 22
188 190 27 22
188 189 30 22
188 206 31 22
188 184 33 22
188 217 34 22
188 214 38 22
188 213 39 22
188 171 41 22
188 166 51 22
188 173 52 22
188 206 54 22
376 360 23 22
376 378 35 22
376 391 42 22
376 371 44 22
376 389 47 22
432 444 10 23
432 436 16 23
432 420 18 23
432 433 29 23
432 416 40 23
432 427 44 23
432 436 56 23
102 91 10 24
102 76 11 24
102 77 15 24
102 120 18 24
102 107 22 24
102 111 23 24
102 127 23 24
102 86 24 24
102 100 25 24
102 120 26 24
102 79 30 24
102 77 32 24
102 77 33 24
102 73 35 24
102 120 38 24
102 73 39 24
102 73 40 24
102 81 41 24
102 79 44 24
102 92 48 24
102 93 50 24
102 76 53 24
102 102 54 24
102 127 54 24
102 77 55 24
102 128 55 24
102 128 56 24
102 102 59 24
102 128 59 24
335 360 21 24
335 316 23 24
335 330 26 24
335 322 38 24
335 315 46 24
335 342 47 24
335 331 48 24
335 329 50 24
335 328 51 24
335 327 53 24
335 325 54 24
22 24 11 25
22 5 12 25
22 23 12 25
22 5 13 25
22 23 13 25
22 5 16 25
22 5 17 25
22 51 20 25
22 39 36 25
22 39 37 25
22 38 38 25
22 34 39 25
22 5 41 25
22 39 41 25
22 23 44 25
22 23 45 25
22 40 45 25
22 0 46 25
22 1 46 25
22 6 46 25
22 7 46 25
22 10 47 25
22 35 49 25
22 19 56 25
22 0 57 25
22 1 57 25
22 3 57 25
22 9 57 25
22 3 59 25
22 19 59 25
22 33 59 25
62 76 10 25
62 68 11 25
62 54 13 25
62 54 14 25
62 77 14 25
62 54 15 25
62 62 16 25
62 64 16 25
62 52 18 25
62 51 20 25
62 86 23 25
62 54 26 25
62 79 29 25
62 77 31 25
62 77 32 25
62 62 33 25
62 63 33 25
62 73 34 25
62 39 36 25
62 39 37 25
62 38 38 25
62 73 38 25
62 34 39 25
62 73 39 25
62 81 40 25
62 39 41 25
62 70 41 25
62 79 43 25
62 40 45 25
62 64 45 25
62 67 46 25
62 35 49 25
62 76 52 25
62 77 54 25
62 68 57 25
62 60 58 25
62 33 59 25
62 77 59 25
76 76 10 25
76 68 11 25
76 54 13 25
76 54 14 25
76 77 14 25
76 54 15 25
76 62 16 25
76 64 16 25
76 52 18 25
76 51 20 25
76 86 23 25
76 100 24 25
76 54 26 25
76 79 29 25
76 77 31 25
76 77 32 25
76 62 33 25
76 63 33 25
76 73 34 25
76 73 38 25
76 73 39 25
76 81 40 25
76 70 41 25
76 79 43 25
76 64 45 25
76 67 46 25
76 92 47 25
76 93 49 25
76 76 52 25
76 102 53 25
76 77 54 25
76 68 57 25
76 60 58 25
76 102 58 25
76 77 59 25
336 360 20 25
336 316 22 25
336 330 25 25
336 322 37 25
336 315 45 25
336 342 46 25
336 331 47 25
336 329 49 25
336 328 50 25
336 327 52 25
336 325 53 25
120 120 16 26
120 140 18 26
120 142 19 26
120 107 20 26
120 133 20 26
120 111 21 26
120 127 21 26
120 100 23 26
120 120 24 26
120 148 28 26
120 120 36 26
120 142 43 26
120 92 46 26
120 93 48 26
120 145 51 26
120 102 52 26
120 127 52 26
120 128 53 26
120 128 54 26
120 102 57 26
120 128 57 26
183 186 10 26
183 187 11 26
183 189 13 26
183 189 14 26
183 183 16 26
183 188 17 26
183 207 22 26
183 190 23 26
183 157 24 26
183 189 26 26
183 206 27 26
183 184 29 26
183 156 36 26
183 171 37 26
183 166 47 26
183 173 48 26
183 206 50 26
340 360 19 26
340 316 21 26
340 330 24 26
340 322 36 26
340 315 44 26
340 342 45 26
340 331 46 26
340 329 48 26
340 328 49 26
340 327 51 26
340 325 52 26
23 5 10 27
23 23 10 27
23 5 11 27
23 23 11 27
23 5 14 27
23 5 15 27
23 52 16 27
23 51 18 27
23 39 34 27
23 39 35 27
23 38 36 27
23 34 37 27
23 5 39 27
23 39 39 27
23 23 42 27
23 23 43 27
23 40 43 27
23 0 44 27
23 1 44 27
23 6 44 27
23 7 44 27
23 10 45 27
23 35 47 27
23 19 54 27
23 0 55 27
23 1 55 27
23 3 55 27
23 9 55 27
23 3 57 27
23 19 57 27
23 33 57 27
23 15 58 27
60 54 11 27
60 54 12 27
60 77 12 27
60 54 13 27
60 62 14 27
60 64 14 27
60 52 16 27
60 51 18 27
60 86 21 27
60 54 24 27
60 79 27 27
60 77 29 27
60 77 30 27
60 62 31 27
60 63 31 27
60 73 32 27
60 39 34 27
60 39 35 27
60 38 36 27
60 73 36 27
60 34 37 27
60 73 37 27
60 81 38 27
60 39 39 27
60 70 39 27
60 79 41 27
60 40 43 27
60 64 43 27
60 67 44 27
60 35 47 27
60 76 50 27
60 77 52 27
60 68 55 27
60 60 56 27
60 33 57 27
60 77 57 27
60 66 58 27
68 54 11 27
68 54 12 27
68 77 12 27
68 54 13 27
68 62 14 27
68 64 14 27
68 52 16 27
68 51 18 27
68 86 21 27
68 54 24 27
68 79 27 27
68 77 29 27
68 77 30 27
68 62 31 27
68 63 31 27
68 73 32 27
68 39 34 27
68 39 35 27
68 38 36 27
68 73 36 27
68 73 37 27
68 81 38 27
68 39 39 27
68 70 39 27
68 79 41 27
68 40 43 27
68 64 43 27
68 67 44 27
68 92 45 27
68 93 47 27
68 76 50 27
68 77 52 27
68 68 55 27
68 60 56 27
68 77 57 27
68 66 58 27
320 316 20 27
320 330 23 27
320 322 35 27
320 315 43 27
320 342 44 27
320 331 45 27
320 329 47 27
320 328 48 27
320 327 50 27
320 325 51 27
320 304 56 27
320 304 58 27
32 5 10 28
32 23 10 28
32 54 10 28
32 54 11 28
32 54 12 28
32 5 13 28
32 5 14 28
32 52 15 28
32 51 17 28
32 54 23 28
32 39 33 28
32 39 34 28
32 38 35 28
32 34 36 28
32 5 38 28
32 39 38 28
32 23 41 28
32 23 42 28
32 40 42 28
32 6 43 28
32 7 43 28
32 10 44 28
32 35 46 28
32 19 53 28
32 3 54 28
32 9 54 28
32 60 55 28
32 3 56 28
32 19 56 28
32 33 56 28
32 15 57 28
32 57 59 28
66 54 10 28
66 54 11 28
66 77 11 28
66 54 12 28
66 62 13 28
66 64 13 28
66 52 15 28
66 51 17 28
66 86 20 28
66 54 23 28
66 79 26 28
66 77 28 28
66 77 29 28
66 62 30 28
66 63 30 28
66 73 31 28
66 39 33 28
66 39 34 28
66 38 35 28
66 73 35 28
66 73 36 28
66 81 37 28
66 39 38 28
66 70 38 28
66 79 40 28
66 40 42 28
66 64 42 28
66 67 43 28
66 92 44 28
66 93 46 28
66 76 49 28
66 77 51 28
66 68 54 28
66 60 55 28
66 77 56 28
66 66 57 28
66 57 59 28
66 79 59 28
186 189 11 28
186 189 12 28
186 183 14 28
186 188 15 28
186 207 20 28
186 190 21 28
186 157 22 28
186 189 24 28
186 206 25 28
186 184 27 28
186 214 32 28
186 213 33 28
186 156 34 28
186 171 35 28
186 166 45 28
186 173 46 28
186 206 48 28
186 186 59 28
304 276 14 28
304 316 19 28
304 330 22 28
304 277 26 28
304 280 31 28
304 285 32 28
304 287 33 28
304 322 34 28
304 315 42 28
304 331 44 28
304 329 46 28
304 328 47 28
304 327 49 28
304 325 50 28
304 304 55 28
304 304 57 28
304 278 59 28
115 120 13 29
115 140 15 29
115 142 16 29
115 107 17 29
115 133 17 29
115 111 18 29
115 127 18 29
115 86 19 29
115 100 20 29
115 120 21 29
115 120 33 29
115 142 40 29
115 92 43 29
115 93 45 29
115 102 49 29
115 127 49 29
115 128 50 29
115 128 51 29
115 102 54 29
115 128 54 29
115 120 57 29
437 436 10 29
437 420 12 29
437 433 23 29
437 416 34 29
437 427 38 29
437 436 50 29
437 415 57 29
32 54 10 30
32 5 11 30
32 5 12 30
32 52 13 30
32 51 15 30
32 54 21 30
32 39 31 30
32 39 32 30
32 38 33 30
32 34 34 30
32 5 36 30
32 39 36 30
32 23 39 30
32 23 40 30
32 40 40 30
32 6 41 30
32 7 41 30
32 10 42 30
32 35 44 30
32 19 51 30
32 3 52 30
32 9 52 30
32 60 53 30
32 3 54 30
32 19 54 30
32 33 54 30
32 15 55 30
32 57 57 30
115 120 12 30
115 140 14 30
115 142 15 30
115 107 16 30
115 133 16 30
115 111 17 30
115 127 17 30
115 86 18 30
115 100 19 30
115 120 20 30
115 120 32 30
115 142 39 30
115 92 42 30
115 93 44 30
115 102 48 30
115 127 48 30
115 128 49 30
115 128 50 30
115 102 53 30
115 128 53 30
115 120 56 30
437 420 11 30
437 433 22 30
437 416 33 30
437 427 37 30
437 436 49 30
437 415 56 30
511 491 13 30
511 510 23 30
511 511 23 30
511 510 35 30
511 509 46 30
511 506 50 30
511 511 50 30
511 484 51 30
511 485 54 30
511 504 59 30
24 5 10 31
24 5 11 31
24 52 12 31
24 51 14 31
24 39 30 31
24 39 31 31
24 38 32 31
24 34 33 31
24 5 35 31
24 39 35 31
24 23 38 31
24 23 39 31
24 40 39 31
24 0 40 31
24 1 40 31
24 6 40 31
24 7 40 31
24 10 41 31
24 35 43 31
24 19 50 31
24 0 51 31
24 1 51 31
24 3 51 31
24 9 51 31
24 3 53 31
24 19 53 31
24 33 53 31
24 15 54 31
54 62 10 31
54 64 10 31
54 52 12 31
54 51 14 31
54 54 20 31
54 79 23 31
54 77 25 31
54 77 26 31
54 62 27 31
54 63 27 31
54 73 28 31
54 39 30 31
54 39 31 31
54 38 32 31
54 73 32 31
54 34 33 31
54 73 33 31
54 81 34 31
54 39 35 31
54 70 35 31
54 79 37 31
54 40 39 31
54 64 39 31
54 67 40 31
54 35 43 31
54 76 46 31
54 77 48 31
54 68 51 31
54 60 52 31
54 33 53 31
54 77 53 31
54 66 54 31
54 57 56 31
54 79 56 31
54 67 57 31
54 71 58 31
68 62 10 31
68 64 10 31
68 52 12 31
68 51 14 31
68 86 17 31
68 54 20 31
68 79 23 31
68 77 25 31
68 77 26 31
68 62 27 31
68 63 27 31
68 73 28 31
68 39 30 31
68 39 31 31
68 38 32 31
68 73 32 31
68 73 33 31
68 81 34 31
68 39 35 31
68 70 35 31
68 79 37 31
68 40 39 31
68 64 39 31
68 67 40 31
68 92 41 31
68 93 43 31
68 76 46 31
68 77 48 31
68 68 51 31
68 60 52 31
68 77 53 31
68 66 54 31
68 57 56 31
68 79 56 31
68 67 57 31
68 71 58 31
68 84 59 31
128 120 11 31
128 140 13 31
128 142 14 31
128 107 15 31
128 133 15 31
128 111 16 31
128 127 16 31
128 100 18 31
128 120 19 31
128 157 19 31
128 148 23 31
128 120 31 31
128 156 31 31
128 142 38 31
128 145 46 31
128 102 47 31
128 127 47 31
128 128 48 31
128 128 49 31
128 102 52 31
128 128 52 31
128 120 55 31
259 276 11 31
259 262 15 31
259 272 17 31
259 251 20 31
259 258 20 31
259 277 23 31
259 260 27 31
259 230 28 31
259 280 28 31
259 285 29 31
259 287 30 31
259 256 42 31
259 278 56 31
23 5 10 32
23 52 11 32
23 51 13 32
23 39 29 32
23 39 30 32
23 38 31 32
23 34 32 32
23 5 34 32
23 39 34 32
23 23 37 32
23 23 38 32
23 40 38 32
23 0 39 32
23 1 39 32
23 6 39 32
23 7 39 32
23 10 40 32
23 35 42 32
23 19 49 32
23 0 50 32
23 1 50 32
23 3 50 32
23 9 50 32
23 3 52 32
23 19 52 32
23 33 52 32
23 15 53 32
54 52 11 32
54 51 13 32
54 54 19 32
54 79 22 32
54 77 24 32
54 77 25 32
54 62 26 32
54 63 26 32
54 73 27 32
54 39 29 32
54 39 30 32
54 38 31 32
54 73 31 32
54 34 32 32
54 73 32 32
54 81 33 32
54 39 34 32
54 70 34 32
54 79 36 32
54 40 38 32
54 64 38 32
54 67 39 32
54 35 42 32
54 76 45 32
54 77 47 32
54 68 50 32
54 60 51 32
54 33 52 32
54 77 52 32
54 66 53 32
54 57 55 32
54 79 55 32
54 67 56 32
54 71 57 32
69 52 11 32
69 51 13 32
69 86 16 32
69 54 19 32
69 79 22 32
69 77 24 32
69 77 25 32
69 62 26 32
69 63 26 32
69 73 27 32
69 39 29 32
69 39 30 32
69 73 31 32
69 73 32 32
69 81 33 32
69 39 34 32
69 70 34 32
69 79 36 32
69 40 38 32
69 64 38 32
69 67 39 32
69 92 40 32
69 93 42 32
69 76 45 32
69 77 47 32
69 68 50 32
69 60 51 32
69 77 52 32
69 66 53 32
69 57 55 32
69 79 55 32
69 67 56 32
69 71 57 32
69 84 58 32
188 183 10 32
188 188 11 32
188 207 16 32
188 190 17 32
188 189 20 32
188 206 21 32
188 184 23 32
188 217 24 32
188 214 28 32
188 213 29 32
188 171 31 32
188 166 41 32
188 173 42 32
188 206 44 32
188 186 55 32
506 491 11 32
506 510 21 32
506 511 21 32
506 510 33 32
506 509 44 32
506 506 48 32
506 511 48 32
506 484 49 32
506 485 52 32
506 504 57 32
24 52 10 33
24 51 12 33
24 39 28 33
24 39 29 33
24 38 30 33
24 34 31 33
24 5 33 33
24 39 33 33
24 23 36 33
24 23 37 33
24 40 37 33
24 0 38 33
24 1 38 33
24 6 38 33
24 7 38 33
24 10 39 33
24 35 41 33
24 19 48 33
24 0 49 33
24 1 49 33
24 3 49 33
24 9 49 33
24 3 51 33
24 19 51 33
24 33 51 33
24 15 52 33
54 52 10 33
54 51 12 33
54 54 18 33
54 79 21 33
54 77 23 33
54 77 24 33
54 62 25 33
54 63 25 33
54 73 26 33
54 39 28 33
54 39 29 33
54 38 30 33
54 73 30 33
54 34 31 33
54 73 31 33
54 81 32 33
54 39 33 33
54 70 33 33
54 79 35 33
54 40 37 33
54 64 37 33
54 67 38 33
54 35 41 33
54 76 44 33
54 77 46 33
54 68 49 33
54 60 50 33
54 33 51 33
54 77 51 33
54 66 52 33
54 57 54 33
54 79 54 33
54 67 55 33
54 71 56 33
54 82 59 33
66 52 10 33
66 51 12 33
66 86 15 33
66 54 18 33
66 79 21 33
66 77 23 33
66 77 24 33
66 62 25 33
66 63 25 33
66 73 26 33
66 39 28 33
66 39 29 33
66 38 30 33
66 73 30 33
66 73 31 33
66 81 32 33
66 39 33 33
66 70 33 33
66 79 35 33
66 40 37 33
66 64 37 33
66 67 38 33
66 92 39 33
66 93 41 33
66 76 44 33
66 77 46 33
66 68 49 33
66 60 50 33
66 77 51 33
66 66 52 33
66 57 54 33
66 79 54 33
66 67 55 33
66 71 56 33
66 84 57 33
66 82 59 33
444 433 19 33
444 416 30 33
444 427 34 33
444 436 46 33
444 415 53 33
444 441 57 33
5 34 30 34
5 5 32 34
5 23 35 34
5 23 36 34
5 0 37 34
5 1 37 34
5 6 37 34
5 7 37 34
5 10 38 34
5 19 47 34
5 0 48 34
5 1 48 34
5 3 48 34
5 9 48 34
5 3 50 34
5 19 50 34
5 33 50 34
5 15 51 34
5 25 59 34
24 51 11 34
24 39 27 34
24 39 28 34
24 38 29 34
24 34 30 34
24 5 32 34
24 39 32 34
24 23 35 34
24 23 36 34
24 40 36 34
24 0 37 34
24 1 37 34
24 6 37 34
24 7 37 34
24 10 38 34
24 35 40 34
24 19 47 34
24 0 48 34
24 1 48 34
24 3 48 34
24 9 48 34
24 3 50 34
24 19 50 34
24 33 50 34
24 15 51 34
24 25 59 34
32 51 11 34
32 54 17 34
32 39 27 34
32 39 28 34
32 38 29 34
32 34 30 34
32 5 32 34
32 39 32 34
32 23 35 34
32 23 36 34
32 40 36 34
32 6 37 34
32 7 37 34
32 10 38 34
32 35 40 34
32 19 47 34
32 3 48 34
32 9 48 34
32 60 49 34
32 3 50 34
32 19 50 34
32 33 50 34
32 15 51 34
32 57 53 34
32 25 59 34
91 107 12 34
91 111 13 34
91 86 14 34
91 100 15 34
91 120 16 34
91 79 20 34
91 77 22 34
91 77 23 34
91 62 24 34
91 63 24 34
91 73 25 34
91 120 28 34
91 73 29 34
91 73 30 34
91 81 31 34
91 70 32 34
91 79 34 34
91 64 36 34
91 67 37 34
91 92 38 34
91 93 40 34
91 76 43 34
91 102 44 34
91 77 45 34
91 68 48 34
91 102 49 34
91 77 50 34
91 66 51 34
91 120 52 34
91 79 53 34
91 67 54 34
91 71 55 34
91 84 56 34
91 120 57 34
91 82 58 34
91 62 59 34
91 63 59 34
169 140 10 34
169 142 11 34
169 190 15 34
169 157 16 34
169 189 18 34
169 148 20 34
169 184 21 34
169 156 28 34
169 171 29 34
169 142 35 34
169 166 39 34
169 173 40 34
169 145 43 34
169 186 53 34
304 316 13 34
304 330 16 34
304 277 20 34
304 280 25 34
304 285 26 34
304 287 27 34
304 322 28 34
304 315 36 34
304 331 38 34
304 329 40 34
304 328 41 34
304 327 43 34
304 325 44 34
304 304 49 34
304 304 51 34
304 278 53 34
76 51 10 35
76 86 13 35
76 100 14 35
76 54 16 35
76 79 19 35
76 77 21 35
76 77 22 35
76 62 23 35
76 63 23 35
76 73 24 35
76 73 28 35
76 73 29 35
76 81 30 35
76 70 31 35
76 79 33 35
76 64 35 35
76 67 36 35
76 92 37 35
76 93 39 35
76 76 42 35
76 102 43 35
76 77 44 35
76 68 47 35
76 60 48 35
76 102 48 35
76 77 49 35
76 66 50 35
76 57 52 35
76 79 52 35
76 67 53 35
76 71 54 35
76 84 55 35
76 82 57 35
76 62 58 35
76 63 58 35
76 76 59 35
170 142 10 35
170 190 14 35
170 157 15 35
170 189 17 35
170 148 19 35
170 184 20 35
170 156 27 35
170 171 28 35
170 142 34 35
170 166 38 35
170 173 39 35
170 145 42 35
170 186 52 35
304 316 12 35
304 330 15 35
304 277 19 35
304 280 24 35
304 285 25 35
304 287 26 35
304 322 27 35
304 315 35 35
304 331 37 35
304 329 39 35
304 328 40 35
304 327 42 35
304 325 43 35
304 304 48 35
304 304 50 35
304 278 52 35
24 39 25 36
24 39 26 36
24 38 27 36
24 34 28 36
24 5 30 36
24 39 30 36
24 23 33 36
24 23 34 36
24 40 34 36
24 0 35 36
24 1 35 36
24 6 35 36
24 7 35 36
24 10 36 36
24 35 38 36
24 19 45 36
24 0 46 36
24 1 46 36
24 3 46 36
24 9 46 36
24 3 48 36
24 19 48 36
24 33 48 36
24 15 49 36
24 25 57 36
24 0 58 36
24 1 58 36
24 5 58 36
68 86 12 36
68 54 15 36
68 79 18 36
68 77 20 36
68 77 21 36
68 62 22 36
68 63 22 36
68 73 23 36
68 39 25 36
68 39 26 36
68 38 27 36
68 73 27 36
68 73 28 36
68 81 29 36
68 39 30 36
68 70 30 36
68 79 32 36
68 40 34 36
68 64 34 36
68 67 35 36
68 92 36 36
68 93 38 36
68 76 41 36
68 77 43 36
68 68 46 36
68 60 47 36
68 77 48 36
68 66 49 36
68 57 51 36
68 79 51 36
68 67 52 36
68 71 53 36
68 84 54 36
68 82 56 36
68 62 57 36
68 63 57 36
68 76 58 36
186 207 12 36
186 190 13 36
186 157 14 36
186 189 16 36
186 206 17 36
186 184 19 36
186 214 24 36
186 213 25 36
186 156 26 36
186 171 27 36
186 166 37 36
186 173 38 36
186 206 40 36
186 186 51 36
507 510 17 36
507 511 17 36
507 510 29 36
507 509 40 36
507 506 44 36
507 511 44 36
507 484 45 36
507 485 48 36
507 504 53 36
507 503 56 36
507 490 59 36
511 510 17 36
511 511 17 36
511 510 29 36
511 509 40 36
511 506 44 36
511 511 44 36
511 484 45 36
511 485 48 36
511 504 53 36
511 503 56 36
511 490 59 36
5 34 27 37
5 5 29 37
5 23 32 37
5 23 33 37
5 0 34 37
5 1 34 37
5 6 34 37
5 7 34 37
5 10 35 37
5 19 44 37
5 0 45 37
5 1 45 37
5 3 45 37
5 9 45 37
5 3 47 37
5 19 47 37
5 33 47 37
5 15 48 37
5 25 56 37
5 0 57 37
5 1 57 37
5 5 57 37
23 39 24 37
23 39 25 37
23 38 26 37
23 34 27 37
23 5 29 37
23 39 29 37
23 23 32 37
23 23 33 37
23 40 33 37
23 0 34 37
23 1 34 37
23 6 34 37
23 7 34 37
23 10 35 37
23 35 37 37
23 19 44 37
23 0 45 37
23 1 45 37
23 3 45 37
23 9 45 37
23 3 47 37
23 19 47 37
23 33 47 37
23 15 48 37
23 25 56 37
23 0 57 37
23 1 57 37
23 5 57 37
187 207 11 37
187 190 12 37
187 157 13 37
187 189 15 37
187 206 16 37
187 184 18 37
187 214 23 37
187 213 24 37
187 171 26 37
187 166 36 37
187 173 37 37
187 206 39 37
187 186 50 37
187 169 59 37
474 474 31 37
474 484 44 37
474 485 47 37
474 503 55 37
474 490 58 37
5 34 26 38
5 5 28 38
5 23 31 38
5 23 32 38
5 0 33 38
5 1 33 38
5 6 33 38
5 7 33 38
5 10 34 38
5 19 43 38
5 0 44 38
5 1 44 38
5 3 44 38
5 9 44 38
5 3 46 38
5 19 46 38
5 33 46 38
5 15 47 38
5 25 55 38
5 0 56 38
5 1 56 38
5 5 56 38
23 39 23 38
23 39 24 38
23 38 25 38
23 34 26 38
23 5 28 38
23 39 28 38
23 23 31 38
23 23 32 38
23 40 32 38
23 0 33 38
23 1 33 38
23 6 33 38
23 7 33 38
23 10 34 38
23 35 36 38
23 19 43 38
23 0 44 38
23 1 44 38
23 3 44 38
23 9 44 38
23 3 46 38
23 19 46 38
23 33 46 38
23 15 47 38
23 25 55 38
23 0 56 38
23 1 56 38
23 5 56 38
23 41 59 38
54 54 13 38
54 79 16 38
54 77 18 38
54 77 19 38
54 62 20 38
54 63 20 38
54 73 21 38
54 39 23 38
54 39 24 38
54 38 25 38
54 73 25 38
54 34 26 38
54 73 26 38
54 81 27 38
54 39 28 38
54 70 28 38
54 79 30 38
54 40 32 38
54 64 32 38
54 67 33 38
54 35 36 38
54 76 39 38
54 77 41 38
54 68 44 38
54 60 45 38
54 33 46 38
54 77 46 38
54 66 47 38
54 57 49 38
54 79 49 38
54 67 50 38
54 71 51 38
54 82 54 38
54 25 55 38
54 62 55 38
54 63 55 38
54 76 56 38
54 41 59 38
475 474 30 38
475 484 43 38
475 485 46 38
475 504 51 38
475 503 54 38
475 490 57 38
54 54 12 39
54 79 15 39
54 77 17 39
54 77 18 39
54 62 19 39
54 63 19 39
54 73 20 39
54 39 22 39
54 39 23 39
54 38 24 39
54 73 24 39
54 34 25 39
54 73 25 39
54 81 26 39
54 39 27 39
54 70 27 39
54 79 29 39
54 40 31 39
54 64 31 39
54 67 32 39
54 35 35 39
54 76 38 39
54 77 40 39
54 68 43 39
54 60 44 39
54 33 45 39
54 77 45 39
54 66 46 39
54 57 48 39
54 79 48 39
54 67 49 39
54 71 50 39
54 82 53 39
54 25 54 39
54 62 54 39
54 63 54 39
54 76 55 39
54 41 58 39
77 100 10 39
77 54 12 39
77 79 15 39
77 77 17 39
77 77 18 39
77 62 19 39
77 63 19 39
77 73 20 39
77 73 24 39
77 73 25 39
77 81 26 39
77 70 27 39
77 79 29 39
77 64 31 39
77 67 32 39
77 92 33 39
77 93 35 39
77 76 38 39
77 102 39 39
77 77 40 39
77 68 43 39
77 60 44 39
77 102 44 39
77 77 45 39
77 66 46 39
77 57 48 39
77 79 48 39
77 67 49 39
77 71 50 39
77 84 51 39
77 82 53 39
77 62 54 39
77 63 54 39
77 76 55 39
77 105 56 39
189 190 10 39
189 189 13 39
189 206 14 39
189 184 16 39
189 217 17 39
189 214 21 39
189 213 22 39
189 171 24 39
189 166 34 39
189 173 35 39
189 206 37 39
189 186 48 39
189 169 57 39
189 216 59 39
436 433 13 39
436 416 24 39
436 427 28 39
436 436 40 39
436 415 47 39
436 441 51 39
54 54 11 40
54 79 14 40
54 77 16 40
54 77 17 40
54 62 18 40
54 63 18 40
54 73 19 40
54 39 21 40
54 39 22 40
54 38 23 40
54 73 23 40
54 34 24 40
54 73 24 40
54 81 25 40
54 39 26 40
54 70 26 40
54 79 28 40
54 40 30 40
54 64 30 40
54 67 31 40
54 35 34 40
54 76 37 40
54 77 39 40
54 68 42 40
54 60 43 40
54 33 44 40
54 77 44 40
54 66 45 40
54 57 47 40
54 79 47 40
54 67 48 40
54 71 49 40
54 82 52 40
54 25 53 40
54 62 53 40
54 63 53 40
54 76 54 40
54 41 57 40
54 79 59 40
189 189 12 40
189 206 13 40
189 184 15 40
189 217 16 40
189 214 20 40
189 213 21 40
189 171 23 40
189 166 33 40
189 173 34 40
189 206 36 40
189 186 47 40
189 169 56 40
189 216 58 40
475 474 28 40
475 484 41 40
475 485 44 40
475 504 49 40
475 503 52 40
475 490 55 40
5 34 23 41
5 5 25 41
5 23 28 41
5 23 29 41
5 0 30 41
5 1 30 41
5 6 30 41
5 7 30 41
5 10 31 41
5 19 40 41
5 0 41 41
5 1 41 41
5 3 41 41
5 9 41 41
5 3 43 41
5 19 43 41
5 33 43 41
5 15 44 41
5 25 52 41
5 0 53 41
5 1 53 41
5 5 53 41
62 54 10 41
62 79 13 41
62 77 15 41
62 77 16 41
62 62 17 41
62 63 17 41
62 73 18 41
62 39 20 41
62 39 21 41
62 38 22 41
62 73 22 41
62 34 23 41
62 73 23 41
62 81 24 41
62 39 25 41
62 70 25 41
62 79 27 41
62 40 29 41
62 64 29 41
62 67 30 41
62 35 33 41
62 76 36 41
62 77 38 41
62 68 41 41
62 60 42 41
62 33 43 41
62 77 43 41
62 66 44 41
62 57 46 41
62 79 46 41
62 67 47 41
62 71 48 41
62 84 49 41
62 82 51 41
62 62 52 41
62 63 52 41
62 76 53 41
62 41 56 41
62 79 58 41
62 77 59 41
64 54 10 41
64 79 13 41
64 77 15 41
64 77 16 41
64 62 17 41
64 63 17 41
64 73 18 41
64 39 20 41
64 39 21 41
64 38 22 41
64 73 22 41
64 34 23 41
64 73 23 41
64 81 24 41
64 39 25 41
64 70 25 41
64 79 27 41
64 40 29 41
64 64 29 41
64 67 30 41
64 92 31 41
64 35 33 41
64 93 33 41
64 76 36 41
64 77 38 41
64 68 41 41
64 60 42 41
64 77 43 41
64 66 44 41
64 57 46 41
64 79 46 41
64 67 47 41
64 71 48 41
64 84 49 41
64 82 51 41
64 62 52 41
64 63 52 41
64 76 53 41
64 41 56 41
64 79 58 41
64 77 59 41
420 433 11 41
420 416 22 41
420 391 23 41
420 427 26 41
420 436 38 41
420 415 45 41
420 441 49 41
5 34 22 42
5 5 24 42
5 23 27 42
5 23 28 42
5 0 29 42
5 1 29 42
5 6 29 42
5 7 29 42
5 10 30 42
5 19 39 42
5 0 40 42
5 1 40 42
5 3 40 42
5 9 40 42
5 3 42 42
5 19 42 42
5 33 42 42
5 15 43 42
5 25 51 42
5 0 52 42
5 1 52 42
5 5 52 42
5 19 59 42
5 33 59 42
120 148 12 42
120 120 20 42
120 142 27 42
120 92 30 42
120 93 32 42
120 145 35 42
120 102 36 42
120 127 36 42
120 128 37 42
120 128 38 42
120 102 41 42
120 128 41 42
120 120 44 42
120 120 49 42
120 105 53 42
183 189 10 42
183 206 11 42
183 184 13 42
183 156 20 42
183 171 21 42
183 166 31 42
183 173 32 42
183 206 34 42
183 186 45 42
183 169 54 42
183 179 59 42
276 277 12 42
276 260 16 42
276 280 17 42
276 285 18 42
276 287 19 42
276 256 31 42
276 304 41 42
276 304 43 42
276 278 45 42
276 248 55 42
276 287 57 42
52 79 11 43
52 77 13 43
52 77 14 43
52 62 15 43
52 63 15 43
52 73 16 43
52 39 18 43
52 39 19 43
52 38 20 43
52 73 20 43
52 34 21 43
52 73 21 43
52 81 22 43
52 39 23 43
52 70 23 43
52 79 25 43
52 23 26 43
52 23 27 43
52 40 27 43
52 64 27 43
52 67 28 43
52 35 31 43
52 76 34 43
52 77 36 43
52 68 39 43
52 60 40 43
52 33 41 43
52 77 41 43
52 66 42 43
52 57 44 43
52 79 44 43
52 67 45 43
52 71 46 43
52 25 50 43
52 62 50 43
52 63 50 43
52 76 51 43
52 41 54 43
52 79 56 43
52 77 57 43
52 33 58 43
52 76 58 43
52 76 59 43
188 206 10 43
188 184 12 43
188 217 13 43
188 214 17 43
188 213 18 43
188 171 20 43
188 166 30 43
188 173 31 43
188 206 33 43
188 186 44 43
188 169 53 43
188 216 55 43
188 179 58 43
491 510 10 43
491 511 10 43
491 510 22 43
491 474 25 43
491 509 33 43
491 506 37 43
491 511 37 43
491 484 38 43
491 485 41 43
491 504 46 43
491 503 49 43
491 490 52 43
491 474 58 43
140 148 10 44
140 120 18 44
140 156 18 44
140 142 25 44
140 166 29 44
140 145 33 44
140 127 34 44
140 128 35 44
140 128 36 44
140 128 39 44
140 120 42 44
140 120 47 44
140 169 52 44
51 77 11 45
51 77 12 45
51 62 13 45
51 63 13 45
51 73 14 45
51 39 16 45
51 39 17 45
51 38 18 45
51 73 18 45
51 34 19 45
51 73 19 45
51 39 21 45
51 70 21 45
51 79 23 45
51 23 24 45
51 23 25 45
51 40 25 45
51 64 25 45
51 67 26 45
51 35 29 45
51 76 32 45
51 77 34 45
51 68 37 45
51 60 38 45
51 33 39 45
51 77 39 45
51 66 40 45
51 57 42 45
51 79 42 45
51 67 43 45
51 71 44 45
51 25 48 45
51 62 48 45
51 63 48 45
51 76 49 45
51 41 52 45
51 79 54 45
51 77 55 45
51 33 56 45
51 76 56 45
51 76 57 45
51 24 59 45
51 51 59 45
142 120 17 45
142 156 17 45
142 171 18 45
142 142 24 45
142 166 28 45
142 145 32 45
142 127 33 45
142 128 34 45
142 128 35 45
142 128 38 45
142 120 41 45
142 120 46 45
142 169 51 45
142 167 59 45
360 378 12 45
360 371 21 45
360 389 24 45
360 342 26 45
360 331 27 45
360 382 37 45
360 354 43 45
360 387 48 45
360 378 49 45
360 359 52 45
360 380 53 45
360 357 55 45
360 380 57 45
360 388 59 45
107 77 10 46
107 77 11 46
107 120 16 46
107 81 19 46
107 79 22 46
107 92 26 46
107 93 28 46
107 102 32 46
107 127 32 46
107 77 33 46
107 128 33 46
107 128 34 46
107 102 37 46
107 128 37 46
107 77 38 46
107 120 40 46
107 79 41 46
107 84 44 46
107 120 45 46
107 82 46 46
107 105 49 46
107 79 53 46
107 77 54 46
107 86 58 46
133 120 16 46
133 156 16 46
133 142 23 46
133 145 31 46
133 127 32 46
133 128 33 46
133 128 34 46
133 128 37 46
133 120 40 46
133 120 45 46
133 105 49 46
262 260 12 46
262 280 13 46
262 285 14 46
262 287 15 46
262 256 27 46
262 278 41 46
262 248 51 46
262 287 53 46
262 269 57 46
111 120 15 47
111 81 18 47
111 92 25 47
111 93 27 47
111 102 31 47
111 127 31 47
111 128 32 47
111 128 33 47
111 102 36 47
111 128 36 47
111 120 39 47
111 84 43 47
111 120 44 47
111 82 45 47
111 105 48 47
111 86 57 47
127 120 15 47
127 156 15 47
127 142 22 47
127 145 30 47
127 102 31 47
127 127 31 47
127 128 32 47
127 128 33 47
127 102 36 47
127 128 36 47
127 120 39 47
127 120 44 47
127 105 48 47
316 287 14 47
316 322 15 47
316 315 23 47
316 342 24 47
316 331 25 47
316 329 27 47
316 328 28 47
316 327 30 47
316 325 31 47
316 304 36 47
316 304 38 47
316 329 49 47
316 287 52 47
86 62 10 48
86 63 10 48
86 73 11 48
86 73 15 48
86 73 16 48
86 81 17 48
86 70 18 48
86 79 20 48
86 64 22 48
86 67 23 48
86 92 24 48
86 93 26 48
86 76 29 48
86 102 30 48
86 77 31 48
86 68 34 48
86 60 35 48
86 102 35 48
86 77 36 48
86 66 37 48
86 57 39 48
86 79 39 48
86 67 40 48
86 71 41 48
86 84 42 48
86 82 44 48
86 62 45 48
86 63 45 48
86 76 46 48
86 105 47 48
86 79 51 48
86 77 52 48
86 76 53 48
86 76 54 48
86 86 56 48
207 221 10 48
207 230 11 48
207 214 12 48
207 213 13 48
207 206 28 48
207 220 38 48
207 186 39 48
207 216 50 48
207 179 53 48
207 180 55 48
272 260 10 48
272 280 11 48
272 285 12 48
272 287 13 48
272 256 25 48
272 278 39 48
272 248 49 48
272 287 51 48
272 269 55 48
100 73 10 49
100 120 13 49
100 73 14 49
100 73 15 49
100 81 16 49
100 70 17 49
100 79 19 49
100 92 23 49
100 93 25 49
100 76 28 49
100 102 29 49
100 127 29 49
100 77 30 49
100 128 30 49
100 128 31 49
100 102 34 49
100 128 34 49
100 77 35 49
100 120 37 49
100 79 38 49
100 71 40 49
100 84 41 49
100 120 42 49
100 82 43 49
100 76 45 49
100 105 46 49
100 79 50 49
100 77 51 49
100 76 52 49
100 76 53 49
100 86 55 49
190 214 11 49
190 213 12 49
190 171 14 49
190 166 24 49
190 173 25 49
190 206 27 49
190 186 38 49
190 169 47 49
190 216 49 49
190 179 52 49
190 180 54 49
190 167 55 49
120 120 12 50
120 142 19 50
120 92 22 50
120 93 24 50
120 145 27 50
120 102 28 50
120 127 28 50
120 128 29 50
120 128 30 50
120 102 33 50
120 128 33 50
120 120 36 50
120 120 41 50
120 105 45 50
157 156 12 50
157 171 13 50
157 142 19 50
157 166 23 50
157 173 24 50
157 145 27 50
157 127 28 50
157 128 29 50
157 128 30 50
157 128 33 50
157 186 37 50
157 169 46 50
157 179 51 50
157 180 53 50
157 167 54 50
330 322 12 50
330 315 20 50
330 342 21 50
330 331 22 50
330 329 24 50
330 328 25 50
330 327 27 50
330 325 28 50
330 304 33 50
330 304 35 50
330 354 38 50
330 329 46 50
330 359 47 50
330 357 50 50
54 39 10 51
54 39 11 51
54 38 12 51
54 73 12 51
54 34 13 51
54 73 13 51
54 81 14 51
54 39 15 51
54 70 15 51
54 79 17 51
54 40 19 51
54 64 19 51
54 67 20 51
54 35 23 51
54 76 26 51
54 77 28 51
54 68 31 51
54 60 32 51
54 33 33 51
54 77 33 51
54 66 34 51
54 57 36 51
54 79 36 51
54 67 37 51
54 71 38 51
54 82 41 51
54 25 42 51
54 62 42 51
54 63 42 51
54 76 43 51
54 41 46 51
54 79 48 51
54 77 49 51
54 33 50 51
54 76 50 51
54 76 51 51
54 24 53 51
54 51 53 51
54 40 55 51
251 256 22 51
251 278 36 51
251 248 46 51
251 269 52 51
258 287 10 51
258 256 22 51
258 278 36 51
258 248 46 51
258 287 48 51
258 269 52 51
189 171 11 52
189 166 21 52
189 173 22 52
189 206 24 52
189 186 35 52
189 169 44 52
189 216 46 52
189 179 49 52
189 180 51 52
189 167 52 52
433 416 11 52
433 427 15 52
433 436 27 52
433 415 34 52
433 441 38 52
206 206 23 53
206 220 33 53
206 186 34 53
206 216 45 53
206 179 48 53
206 180 50 53
510 510 12 53
510 509 23 53
510 506 27 53
510 511 27 53
510 484 28 53
510 485 31 53
510 504 36 53
510 503 39 53
510 490 42 53
511 510 12 53
511 509 23 53
511 506 27 53
511 511 27 53
511 484 28 53
511 485 31 53
511 504 36 53
511 503 39 53
511 490 42 53
79 73 10 54
79 81 11 54
79 70 12 54
79 79 14 54
79 64 16 54
79 67 17 54
79 92 18 54
79 93 20 54
79 76 23 54
79 102 24 54
79 77 25 54
79 68 28 54
79 60 29 54
79 102 29 54
79 77 30 54
79 66 31 54
79 57 33 54
79 79 33 54
79 67 34 54
79 71 35 54
79 84 36 54
79 82 38 54
79 62 39 54
79 63 39 54
79 76 40 54
79 105 41 54
79 79 45 54
79 77 46 54
79 76 47 54
79 76 48 54
79 51 50 54
79 86 50 54
148 142 15 54
148 166 19 54
148 173 20 54
148 145 23 54
148 127 24 54
148 128 25 54
148 128 26 54
148 128 29 54
148 120 32 54
148 120 37 54
148 169 42 54
148 167 50 54
277 256 19 54
277 304 29 54
277 304 31 54
277 278 33 54
277 248 43 54
277 287 45 54
277 269 49 54
184 166 18 55
184 173 19 55
184 206 21 55
184 186 32 55
184 169 41 55
184 179 46 55
184 180 48 55
184 167 49 55
77 70 10 56
77 79 12 56
77 64 14 56
77 67 15 56
77 92 16 56
77 93 18 56
77 76 21 56
77 102 22 56
77 77 23 56
77 68 26 56
77 60 27 56
77 102 27 56
77 77 28 56
77 66 29 56
77 57 31 56
77 79 31 56
77 67 32 56
77 71 33 56
77 84 34 56
77 82 36 56
77 62 37 56
77 63 37 56
77 76 38 56
77 105 39 56
77 79 43 56
77 77 44 56
77 76 45 56
77 76 46 56
77 51 48 56
77 86 48 56
217 206 20 56
217 220 30 56
217 216 42 56
77 79 11 57
77 64 13 57
77 67 14 57
77 92 15 57
77 93 17 57
77 76 20 57
77 102 21 57
77 77 22 57
77 68 25 57
77 60 26 57
77 102 26 57
77 77 27 57
77 66 28 57
77 57 30 57
77 79 30 57
77 67 31 57
77 71 32 57
77 84 33 57
77 82 35 57
77 62 36 57
77 63 36 57
77 76 37 57
77 105 38 57
77 79 42 57
77 77 43 57
77 76 44 57
77 76 45 57
77 51 47 57
77 86 47 57
378 389 12 57
378 382 25 57
378 354 31 57
378 387 36 57
378 378 37 57
378 359 40 57
378 380 41 57
378 357 43 57
378 380 45 57
378 388 47 57
378 386 48 57
62 79 10 58
62 40 12 58
62 64 12 58
62 67 13 58
62 35 16 58
62 76 19 58
62 77 21 58
62 68 24 58
62 60 25 58
62 33 26 58
62 77 26 58
62 66 27 58
62 57 29 58
62 79 29 58
62 67 30 58
62 71 31 58
62 84 32 58
62 82 34 58
62 62 35 58
62 63 35 58
62 76 36 58
62 41 39 58
62 79 41 58
62 77 42 58
62 33 43 58
62 76 43 58
62 76 44 58
62 51 46 58
62 86 46 58
62 40 48 58
63 79 10 58
63 40 12 58
63 64 12 58
63 67 13 58
63 92 14 58
63 35 16 58
63 76 19 58
63 77 21 58
63 68 24 58
63 60 25 58
63 33 26 58
63 77 26 58
63 66 27 58
63 57 29 58
63 79 29 58
63 67 30 58
63 71 31 58
63 84 32 58
63 82 34 58
63 62 35 58
63 63 35 58
63 76 36 58
63 41 39 58
63 79 41 58
63 77 42 58
63 33 43 58
63 76 43 58
63 76 44 58
63 51 46 58
63 86 46 58
63 40 48 58
221 206 18 58
221 220 28 58
221 248 39 58
221 216 40 58
260 256 15 58
260 278 29 58
260 248 39 58
260 287 41 58
260 269 45 58
73 64 11 59
73 67 12 59
73 92 13 59
73 93 15 59
73 76 18 59
73 102 19 59
73 77 20 59
73 68 23 59
73 60 24 59
73 102 24 59
73 77 25 59
73 66 26 59
73 57 28 59
73 79 28 59
73 67 29 59
73 71 30 59
73 84 31 59
73 82 33 59
73 62 34 59
73 63 34 59
73 76 35 59
73 79 40 59
73 77 41 59
73 76 42 59
73 76 43 59
73 51 45 59
73 86 45 59
230 256 14 59
230 206 17 59
230 220 27 59
230 248 38 59
230 216 39 59
280 256 14 59
280 304 24 59
280 304 26 59
280 278 28 59
280 287 40 59
280 269 44 59
214 206 16 60
214 220 26 60
214 186 27 60
214 216 38 60
285 256 13 60
285 304 23 60
285 304 25 60
285 278 27 60
285 287 39 60
285 269 43 60
39 67 10 61
39 10 11 61
39 35 13 61
39 19 20 61
39 9 21 61
39 68 21 61
39 60 22 61
39 19 23 61
39 33 23 61
39 15 24 61
39 66 24 61
39 57 26 61
39 67 27 61
39 25 32 61
39 62 32 61
39 63 32 61
39 41 36 61
39 19 40 61
39 33 40 61
39 24 43 61
39 51 43 61
39 40 45 61
213 206 15 61
213 220 25 61
213 186 26 61
213 216 37 61
287 304 22 61
287 304 24 61
287 278 26 61
287 287 38 61
287 269 42 61
39 10 10 62
39 35 12 62
39 19 19 62
39 9 20 62
39 68 20 62
39 60 21 62
39 19 22 62
39 33 22 62
39 15 23 62
39 66 23 62
39 57 25 62
39 67 26 62
39 25 31 62
39 62 31 62
39 63 31 62
39 41 35 62
39 19 39 62
39 33 39 62
39 24 42 62
39 51 42 62
39 40 44 62
120 92 10 62
120 93 12 62
120 145 15 62
120 102 16 62
120 127 16 62
120 128 17 62
120 128 18 62
120 102 21 62
120 128 21 62
120 120 24 62
120 120 29 62
120 105 33 62
156 166 11 62
156 173 12 62
156 145 15 62
156 127 16 62
156 128 17 62
156 128 18 62
156 128 21 62
156 169 34 62
156 179 39 62
156 180 41 62
156 167 42 62
322 331 10 62
322 329 12 62
322 328 13 62
322 327 15 62
322 325 16 62
322 304 21 62
322 304 23 62
322 329 34 62
38 35 11 63
38 19 18 63
38 9 19 63
38 60 20 63
38 19 21 63
38 33 21 63
38 15 22 63
38 66 22 63
38 57 24 63
38 67 25 63
38 25 30 63
38 62 30 63
38 63 30 63
38 41 34 63
38 19 38 63
38 33 38 63
38 24 41 63
38 51 41 63
38 40 43 63
73 93 11 63
73 76 14 63
73 102 15 63
73 77 16 63
73 68 19 63
73 60 20 63
73 102 20 63
73 77 21 63
73 66 22 63
73 57 24 63
73 79 24 63
73 67 25 63
73 71 26 63
73 84 27 63
73 82 29 63
73 62 30 63
73 63 30 63
73 76 31 63
73 79 36 63
73 77 37 63
73 76 38 63
73 76 39 63
73 51 41 63
73 86 41 63
171 166 10 63
171 173 11 63
171 145 14 63
171 186 24 63
171 169 33 63
171 179 38 63
171 180 40 63
171 167 41 63
416 436 16 63
416 415 23 63
416 441 27 63
416 387 30 63
416 388 41 63
416 386 42 63
34 35 10 64
34 19 17 64
34 9 18 64
34 60 19 64
34 19 20 64
34 33 20 64
34 15 21 64
34 57 23 64
34 25 29 64
34 62 29 64
34 63 29 64
34 5 30 64
34 41 33 64
34 19 37 64
34 33 37 64
34 24 40 64
34 51 40 64
34 40 42 64
73 93 10 64
73 76 13 64
73 102 14 64
73 77 15 64
73 68 18 64
73 60 19 64
73 102 19 64
73 77 20 64
73 66 21 64
73 57 23 64
73 79 23 64
73 67 24 64
73 71 25 64
73 84 26 64
73 82 28 64
73 62 29 64
73 63 29 64
73 76 30 64
73 79 35 64
73 77 36 64
73 76 37 64
73 76 38 64
73 51 40 64
73 86 40 64
391 382 18 64
391 415 22 64
391 387 29 64
391 378 30 64
391 380 34 64
391 380 38 64
391 388 40 64
391 386 41 64
81 76 12 65
81 102 13 65
81 77 14 65
81 68 17 65
81 60 18 65
81 102 18 65
81 77 19 65
81 66 20 65
81 57 22 65
81 79 22 65
81 67 23 65
81 71 24 65
81 84 25 65
81 82 27 65
81 62 28 65
81 63 28 65
81 76 29 65
81 105 30 65
81 79 34 65
81 77 35 65
81 76 36 65
81 76 37 65
81 51 39 65
81 86 39 65
510 509 11 65
510 506 15 65
510 511 15 65
510 484 16 65
510 485 19 65
510 504 24 65
510 503 27 65
510 490 30 65
5 19 15 66
5 0 16 66
5 1 16 66
5 3 16 66
5 9 16 66
5 3 18 66
5 19 18 66
5 33 18 66
5 15 19 66
5 25 27 66
5 0 28 66
5 1 28 66
5 5 28 66
5 19 35 66
5 33 35 66
5 24 38 66
39 19 15 66
39 9 16 66
39 68 16 66
39 60 17 66
39 19 18 66
39 33 18 66
39 15 19 66
39 66 19 66
39 57 21 66
39 67 22 66
39 25 27 66
39 62 27 66
39 63 27 66
39 41 31 66
39 19 35 66
39 33 35 66
39 24 38 66
39 51 38 66
39 40 40 66
70 76 11 66
70 77 13 66
70 68 16 66
70 60 17 66
70 77 18 66
70 66 19 66
70 57 21 66
70 79 21 66
70 67 22 66
70 71 23 66
70 84 24 66
70 82 26 66
70 62 27 66
70 63 27 66
70 76 28 66
70 41 31 66
70 79 33 66
70 77 34 66
70 76 35 66
70 76 36 66
70 51 38 66
70 86 38 66
70 40 40 66
371 382 16 66
371 354 22 66
371 387 27 66
371 378 28 66
371 359 31 66
371 380 32 66
371 357 34 66
371 380 36 66
371 388 38 66
371 386 39 66
427 436 12 67
427 415 19 67
427 441 23 67
79 102 10 68
79 77 11 68
79 68 14 68
79 60 15 68
79 102 15 68
79 77 16 68
79 66 17 68
79 57 19 68
79 79 19 68
79 67 20 68
79 71 21 68
79 84 22 68
79 82 24 68
79 62 25 68
79 63 25 68
79 76 26 68
79 105 27 68
79 79 31 68
79 77 32 68
79 76 33 68
79 76 34 68
79 51 36 68
79 86 36 68
474 484 13 68
474 485 16 68
474 503 24 68
474 490 27 68
474 474 33 68
474 479 38 68
23 19 12 69
23 0 13 69
23 1 13 69
23 3 13 69
23 9 13 69
23 3 15 69
23 19 15 69
23 33 15 69
23 15 16 69
23 25 24 69
23 0 25 69
23 1 25 69
23 5 25 69
23 41 28 69
23 19 32 69
23 33 32 69
23 24 35 69
23 51 35 69
23 40 37 69
142 128 10 69
142 128 11 69
142 128 14 69
142 120 17 69
142 120 22 69
142 169 27 69
142 167 35 69
389 382 13 69
389 415 17 69
389 387 24 69
389 378 25 69
389 359 28 69
389 380 29 69
389 380 33 69
389 388 35 69
389 386 36 69
23 19 11 70
23 0 12 70
23 1 12 70
23 3 12 70
23 9 12 70
23 3 14 70
23 19 14 70
23 33 14 70
23 15 15 70
23 25 23 70
23 0 24 70
23 1 24 70
23 5 24 70
23 41 27 70
23 19 31 70
23 33 31 70
23 24 34 70
23 51 34 70
23 40 36 70
40 19 11 70
40 68 12 70
40 60 13 70
40 19 14 70
40 33 14 70
40 15 15 70
40 66 15 70
40 57 17 70
40 67 18 70
40 25 23 70
40 62 23 70
40 63 23 70
40 41 27 70
40 19 31 70
40 33 31 70
40 24 34 70
40 51 34 70
40 40 36 70
64 68 12 70
64 60 13 70
64 77 14 70
64 66 15 70
64 57 17 70
64 79 17 70
64 67 18 70
64 71 19 70
64 84 20 70
64 82 22 70
64 62 23 70
64 63 23 70
64 76 24 70
64 41 27 70
64 79 29 70
64 77 30 70
64 76 31 70
64 76 32 70
64 51 34 70
64 86 34 70
64 40 36 70
315 304 13 70
315 304 15 70
315 329 26 70
315 287 29 70
0 19 10 71
0 0 11 71
0 1 11 71
0 3 11 71
0 9 11 71
0 3 13 71
0 19 13 71
0 15 14 71
0 25 22 71
0 0 23 71
0 1 23 71
0 5 23 71
0 19 30 71
0 24 33 71
1 19 10 71
1 0 11 71
1 1 11 71
1 3 11 71
1 9 11 71
1 3 13 71
1 19 13 71
1 15 14 71
1 25 22 71
1 0 23 71
1 1 23 71
1 5 23 71
1 19 30 71
1 24 33 71
6 19 10 71
6 0 11 71
6 1 11 71
6 3 11 71
6 9 11 71
6 3 13 71
6 19 13 71
6 33 13 71
6 15 14 71
6 25 22 71
6 0 23 71
6 1 23 71
6 5 23 71
6 19 30 71
6 33 30 71
6 24 33 71
7 19 10 71
7 0 11 71
7 1 11 71
7 3 11 71
7 9 11 71
7 3 13 71
7 19 13 71
7 33 13 71
7 15 14 71
7 25 22 71
7 0 23 71
7 1 23 71
7 5 23 71
7 19 30 71
7 33 30 71
7 24 33 71
67 68 11 71
67 60 12 71
67 77 13 71
67 66 14 71
67 57 16 71
67 79 16 71
67 67 17 71
67 71 18 71
67 84 19 71
67 82 21 71
67 62 22 71
67 63 22 71
67 76 23 71
67 41 26 71
67 79 28 71
67 77 29 71
67 76 30 71
67 76 31 71
67 51 33 71
67 86 33 71
67 40 35 71
342 354 17 71
342 329 25 71
342 359 26 71
342 357 29 71
10 0 10 72
10 1 10 72
10 3 10 72
10 9 10 72
10 3 12 72
10 19 12 72
10 33 12 72
10 15 13 72
10 25 21 72
10 0 22 72
10 1 22 72
10 5 22 72
10 19 29 72
10 33 29 72
10 24 32 72
92 68 10 72
92 102 11 72
92 77 12 72
92 66 13 72
92 120 14 72
92 79 15 72
92 67 16 72
92 71 17 72
92 84 18 72
92 120 19 72
92 82 20 72
92 62 21 72
92 63 21 72
92 76 22 72
92 105 23 72
92 79 27 72
92 77 28 72
92 76 29 72
92 76 30 72
92 86 32 72
331 304 11 72
331 304 13 72
331 354 16 72
331 329 24 72
331 359 25 72
331 357 28 72
166 186 14 73
166 169 23 73
166 179 28 73
166 180 30 73
166 167 31 73
256 278 14 73
256 248 24 73
256 269 30 73
35 19 10 74
35 33 10 74
35 15 11 74
35 57 13 74
35 25 19 74
35 62 19 74
35 63 19 74
35 5 20 74
35 41 23 74
35 19 27 74
35 33 27 74
35 24 30 74
35 51 30 74
35 40 32 74
93 77 10 74
93 66 11 74
93 120 12 74
93 79 13 74
93 67 14 74
93 71 15 74
93 84 16 74
93 120 17 74
93 82 18 74
93 63 19 74
93 76 20 74
93 105 21 74
93 79 25 74
93 77 26 74
93 76 27 74
93 76 28 74
93 86 30 74
173 186 13 74
173 169 22 74
173 179 27 74
173 180 29 74
173 167 30 74
329 304 11 74
329 354 14 74
329 329 22 74
329 357 26 74
328 304 10 75
328 354 13 75
328 329 21 75
328 357 25 75
206 220 10 76
206 186 11 76
206 216 22 76
206 179 25 76
206 180 27 76
509 504 13 76
509 503 16 76
509 490 19 76
509 479 30 76
76 57 10 77
76 79 10 77
76 67 11 77
76 71 12 77
76 84 13 77
76 82 15 77
76 62 16 77
76 63 16 77
76 76 17 77
76 105 18 77
76 79 22 77
76 77 23 77
76 76 24 77
76 76 25 77
76 51 27 77
76 86 27 77
145 120 14 77
145 169 19 77
145 167 27 77
327 354 11 77
327 329 19 77
102 84 12 78
102 120 13 78
102 82 14 78
102 76 16 78
102 105 17 78
102 79 21 78
102 77 22 78
102 76 23 78
102 76 24 78
102 86 26 78
127 120 13 78
127 105 17 78
325 354 10 78
325 329 18 78
77 71 10 79
77 84 11 79
77 82 13 79
77 62 14 79
77 63 14 79
77 76 15 79
77 105 16 79
77 79 20 79
77 77 21 79
77 76 22 79
77 76 23 79
77 51 25 79
77 86 25 79
128 120 12 79
128 105 16 79
436 441 11 79
128 120 11 80
128 105 15 80
506 503 12 80
506 490 15 80
506 479 26 80
511 503 12 80
511 490 15 80
19 25 12 81
19 0 13 81
19 1 13 81
19 5 13 81
19 41 16 81
19 19 20 81
19 33 20 81
19 24 23 81
19 40 25 81
484 503 11 81
484 490 14 81
484 474 20 81
484 479 25 81
0 25 11 82
0 0 12 82
0 1 12 82
0 5 12 82
0 19 19 82
0 24 22 82
1 25 11 82
1 0 12 82
1 1 12 82
1 5 12 82
1 19 19 82
1 24 22 82
3 25 11 82
3 0 12 82
3 1 12 82
3 5 12 82
3 19 19 82
3 24 22 82
9 25 11 82
9 0 12 82
9 1 12 82
9 5 12 82
9 19 19 82
9 33 19 82
9 24 22 82
68 82 10 82
68 62 11 82
68 63 11 82
68 76 12 82
68 41 15 82
68 79 17 82
68 77 18 82
68 76 19 82
68 76 20 82
68 51 22 82
68 86 22 82
68 40 24 82
382 387 11 82
382 378 12 82
382 359 15 82
382 380 16 82
382 357 18 82
382 380 20 82
382 388 22 82
382 386 23 82
60 62 10 83
60 63 10 83
60 76 11 83
60 41 14 83
60 79 16 83
60 77 17 83
60 33 18 83
60 76 18 83
60 76 19 83
60 51 21 83
60 86 21 83
60 40 23 83
102 76 11 83
102 105 12 83
102 79 16 83
102 77 17 83
102 76 18 83
102 76 19 83
102 86 21 83
128 105 12 83
304 329 13 83
304 287 16 83
3 0 10 84
3 1 10 84
3 5 10 84
3 19 17 84
3 24 20 84
19 0 10 84
19 1 10 84
19 5 10 84
19 41 13 84
19 19 17 84
19 33 17 84
19 24 20 84
19 40 22 84
33 5 10 84
33 41 13 84
33 19 17 84
33 33 17 84
33 24 20 84
33 51 20 84
33 40 22 84
77 76 10 84
77 105 11 84
77 79 15 84
77 77 16 84
77 76 17 84
77 76 18 84
77 51 20 84
77 86 20 84
485 490 11 84
485 474 17 84
485 479 22 84
15 41 12 85
15 19 16 85
15 33 16 85
15 24 19 85
15 40 21 85
66 41 12 85
66 79 14 85
66 77 15 85
66 76 16 85
66 76 17 85
66 51 19 85
66 86 19 85
66 40 21 85
304 329 11 85
304 287 14 85
220 248 11 86
220 216 12 86
415 388 18 86
415 386 19 86
57 41 10 87
57 79 12 87
57 77 13 87
57 33 14 87
57 76 14 87
57 76 15 87
57 51 17 87
57 86 17 87
57 40 19 87
79 79 12 87
79 77 13 87
79 76 14 87
79 76 15 87
79 51 17 87
79 86 17 87
186 179 14 87
186 180 16 87
186 167 17 87
278 248 10 87
278 287 12 87
278 269 16 87
67 79 11 88
67 77 12 88
67 76 13 88
67 76 14 88
67 51 16 88
67 86 16 88
67 40 18 88
354 380 10 88
354 357 12 88
354 380 14 88
71 79 10 89
71 77 11 89
71 76 12 89
71 76 13 89
71 51 15 89
71 86 15 89
504 474 12 89
504 479 17 89
84 77 10 90
84 76 11 90
84 76 12 90
84 86 14 90
82 76 10 92
82 86 12 92
503 479 14 92
25 24 11 93
25 51 11 93
25 40 13 93
62 51 11 93
62 86 11 93
62 40 13 93
63 51 11 93
63 86 11 93
63 40 13 93
387 388 11 93
387 386 12 93
0 24 10 94
1 24 10 94
5 24 10 94
76 51 10 94
76 86 10 94
378 388 10 94
378 386 11 94
490 479 11 95
