142 167 10 2
142 120 17 2
142 149 19 2
142 149 25 2
142 156 26 2
142 167 33 2
142 117 34 2
142 122 37 2
142 126 41 2
142 127 41 2
142 137 42 2
142 132 52 2
142 132 56 2
359 386 29 3
359 371 30 3
359 370 31 3
359 370 32 3
359 349 33 3
359 346 40 3
359 363 53 3
359 360 55 3
359 356 58 3
359 352 59 3
40 61 10 4
40 49 12 4
40 14 14 4
40 18 14 4
40 16 15 4
40 12 39 4
40 15 39 4
40 13 40 4
40 18 40 4
40 14 55 4
40 54 57 4
120 111 14 4
120 120 15 4
120 96 17 4
120 149 17 4
120 91 23 4
120 149 23 4
120 96 24 4
120 117 32 4
120 111 34 4
120 122 35 4
120 126 39 4
120 127 39 4
120 137 40 4
120 132 50 4
120 132 54 4
120 110 57 4
242 256 11 4
242 229 14 4
242 218 18 4
242 250 22 4
242 215 30 4
242 239 32 4
242 238 33 4
242 251 41 4
242 248 42 4
242 214 57 4
303 325 18 4
303 282 23 4
303 284 45 4
303 288 48 4
303 285 49 4
34 49 11 5
34 14 13 5
34 18 13 5
34 6 14 5
34 7 14 5
34 16 14 5
34 4 37 5
34 12 38 5
34 15 38 5
34 13 39 5
34 18 39 5
34 4 48 5
34 4 53 5
34 14 54 5
34 54 56 5
120 111 13 5
120 120 14 5
120 96 16 5
120 149 16 5
120 91 22 5
120 149 22 5
120 96 23 5
120 117 31 5
120 111 33 5
120 122 34 5
120 126 38 5
120 127 38 5
120 137 39 5
120 132 49 5
120 132 53 5
120 110 56 5
145 120 14 5
145 149 16 5
145 149 22 5
145 156 23 5
145 167 30 5
145 117 31 5
145 122 34 5
145 126 38 5
145 127 38 5
145 137 39 5
145 132 49 5
145 132 53 5
290 282 22 5
290 284 44 5
290 288 47 5
290 285 48 5
511 510 14 5
511 511 14 5
511 501 15 5
511 502 16 5
511 499 23 5
511 511 23 5
511 504 24 5
511 493 36 5
511 486 40 5
511 489 41 5
511 485 42 5
511 506 55 5
351 325 16 6
351 371 27 6
351 370 28 6
351 370 29 6
351 349 30 6
351 346 37 6
351 363 50 6
351 360 52 6
351 356 55 6
351 352 56 6
487 457 11 7
487 510 12 7
487 511 12 7
487 501 13 7
487 502 14 7
487 499 21 7
487 511 21 7
487 504 22 7
487 460 30 7
487 493 34 7
487 486 38 7
487 489 39 7
487 485 40 7
487 473 43 7
487 471 44 7
487 479 47 7
487 460 48 7
487 461 50 7
487 473 52 7
487 506 53 7
487 480 58 7
487 457 59 7
248 229 10 8
248 218 14 8
248 250 18 8
248 239 28 8
248 238 29 8
248 251 37 8
248 248 38 8
476 457 10 8
476 501 12 8
476 502 13 8
476 499 20 8
476 504 21 8
476 460 29 8
476 450 30 8
476 450 31 8
476 493 33 8
476 451 34 8
476 486 37 8
476 489 38 8
476 485 39 8
476 473 42 8
476 471 43 8
476 479 46 8
476 460 47 8
476 461 49 8
476 473 51 8
476 480 57 8
476 457 58 8
476 446 59 8
34 6 10 9
34 7 10 9
34 16 10 9
34 4 33 9
34 12 34 9
34 15 34 9
34 13 35 9
34 18 35 9
34 4 44 9
34 4 49 9
34 14 50 9
34 54 52 9
510 510 10 9
510 511 10 9
510 501 11 9
510 502 12 9
510 499 19 9
510 511 19 9
510 504 20 9
510 493 32 9
510 486 36 9
510 489 37 9
510 485 38 9
510 506 51 9
510 480 56 9
511 510 10 9
511 511 10 9
511 501 11 9
511 502 12 9
511 499 19 9
511 511 19 9
511 504 20 9
511 493 32 9
511 486 36 9
511 489 37 9
511 485 38 9
511 506 51 9
25 1 12 10
25 1 16 10
25 0 26 10
25 1 26 10
25 3 26 10
25 0 32 10
25 2 32 10
25 4 32 10
25 12 33 10
25 15 33 10
25 0 34 10
25 1 34 10
25 3 34 10
25 13 34 10
25 18 34 10
25 1 42 10
25 1 43 10
25 4 43 10
25 4 48 10
25 14 49 10
25 0 51 10
25 1 51 10
25 3 51 10
25 54 51 10
42 12 33 10
42 15 33 10
42 13 34 10
42 18 34 10
42 14 49 10
42 54 51 10
386 386 22 10
386 371 23 10
386 370 24 10
386 370 25 10
386 397 34 10
386 363 46 10
386 360 48 10
386 356 51 10
511 501 10 10
511 502 11 10
511 499 18 10
511 511 18 10
511 504 19 10
511 493 31 10
511 486 35 10
511 489 36 10
511 485 37 10
511 506 50 10
511 505 59 10
25 1 11 11
25 1 15 11
25 0 25 11
25 1 25 11
25 3 25 11
25 0 31 11
25 2 31 11
25 4 31 11
25 12 32 11
25 15 32 11
25 0 33 11
25 1 33 11
25 3 33 11
25 13 33 11
25 18 33 11
25 1 41 11
25 1 42 11
25 4 42 11
25 4 47 11
25 14 48 11
25 0 50 11
25 1 50 11
25 3 50 11
25 54 50 11
31 1 11 11
31 1 15 11
31 1 25 11
31 3 25 11
31 2 31 11
31 4 31 11
31 12 32 11
31 15 32 11
31 1 33 11
31 3 33 11
31 13 33 11
31 18 33 11
31 1 41 11
31 1 42 11
31 4 42 11
31 4 47 11
31 14 48 11
31 1 50 11
31 3 50 11
31 54 50 11
168 149 10 11
168 149 16 11
168 156 17 11
168 167 24 11
168 179 38 11
168 186 51 11
168 193 52 11
168 162 54 11
485 502 10 11
485 499 17 11
485 511 17 11
485 504 18 11
485 460 26 11
485 493 30 11
485 486 34 11
485 489 35 11
485 485 36 11
485 473 39 11
485 471 40 11
485 479 43 11
485 460 44 11
485 461 46 11
485 473 48 11
485 506 49 11
485 480 54 11
485 457 55 11
485 505 58 11
485 505 59 11
26 1 10 12
26 1 14 12
26 0 24 12
26 1 24 12
26 3 24 12
26 0 30 12
26 2 30 12
26 4 30 12
26 12 31 12
26 15 31 12
26 0 32 12
26 1 32 12
26 3 32 12
26 13 32 12
26 18 32 12
26 1 40 12
26 1 41 12
26 4 41 12
26 4 46 12
26 14 47 12
26 0 49 12
26 1 49 12
26 3 49 12
26 54 49 12
40 12 31 12
40 15 31 12
40 13 32 12
40 18 32 12
40 14 47 12
40 54 49 12
40 57 59 12
167 149 15 12
167 156 16 12
167 167 23 12
167 137 32 12
167 179 37 12
167 186 50 12
167 193 51 12
167 162 53 12
424 444 11 12
424 442 12 12
424 421 14 12
424 421 18 12
424 419 19 12
424 450 26 12
424 450 27 12
424 445 28 12
424 451 30 12
424 397 32 12
424 420 51 12
424 446 55 12
424 418 56 12
191 215 21 13
191 167 22 13
191 198 26 13
191 199 27 13
191 179 36 13
191 214 48 13
191 186 49 13
191 193 50 13
191 162 52 13
61 76 35 14
61 54 47 14
61 76 48 14
61 57 57 14
61 75 57 14
61 61 58 14
61 86 58 14
61 61 59 14
61 64 59 14
89 91 13 14
89 96 14 14
89 117 22 14
89 111 24 14
89 76 35 14
89 110 47 14
89 76 48 14
89 107 53 14
89 75 57 14
89 61 58 14
89 86 58 14
89 61 59 14
89 64 59 14
182 156 14 14
182 167 21 14
182 198 25 14
182 199 26 14
182 179 35 14
182 186 48 14
182 193 49 14
182 162 51 14
488 499 14 14
488 511 14 14
488 504 15 14
488 460 23 14
488 493 27 14
488 486 31 14
488 489 32 14
488 485 33 14
488 473 36 14
488 471 37 14
488 479 40 14
488 460 41 14
488 461 43 14
488 473 45 14
488 506 46 14
488 480 51 14
488 505 55 14
488 505 56 14
488 481 58 14
256 250 11 15
256 282 12 15
256 239 21 15
256 238 22 15
256 251 30 15
256 248 31 15
256 284 34 15
256 285 38 15
256 258 56 15
256 240 57 15
256 235 58 15
256 235 59 15
49 76 33 16
49 54 45 16
49 76 46 16
49 57 55 16
49 75 55 16
49 61 56 16
49 61 57 16
49 64 57 16
49 61 58 16
49 64 58 16
49 65 59 16
181 156 12 16
181 167 19 16
181 198 23 16
181 199 24 16
181 179 33 16
181 186 46 16
181 193 47 16
181 162 49 16
440 421 10 16
440 421 14 16
440 419 15 16
440 460 21 16
440 450 22 16
440 450 23 16
440 445 24 16
440 451 26 16
440 460 39 16
440 461 41 16
440 420 47 16
440 457 50 16
440 446 51 16
440 418 52 16
440 450 59 16
455 460 20 17
455 450 21 17
455 450 22 17
455 445 23 17
455 451 25 17
455 473 33 17
455 471 34 17
455 479 37 17
455 460 38 17
455 461 40 17
455 473 42 17
455 480 48 17
455 457 49 17
455 446 50 17
455 481 55 17
455 450 58 17
14 0 18 18
14 1 18 18
14 3 18 18
14 0 24 18
14 2 24 18
14 4 24 18
14 12 25 18
14 15 25 18
14 0 26 18
14 1 26 18
14 3 26 18
14 13 26 18
14 18 26 18
14 1 34 18
14 1 35 18
14 4 35 18
14 4 40 18
14 14 41 18
14 0 43 18
14 1 43 18
14 3 43 18
14 14 56 18
14 15 56 18
14 10 57 18
14 12 58 18
14 13 59 18
18 0 18 18
18 1 18 18
18 3 18 18
18 0 24 18
18 2 24 18
18 4 24 18
18 12 25 18
18 15 25 18
18 0 26 18
18 1 26 18
18 3 26 18
18 13 26 18
18 18 26 18
18 1 34 18
18 1 35 18
18 4 35 18
18 4 40 18
18 14 41 18
18 0 43 18
18 1 43 18
18 3 43 18
18 14 56 18
18 15 56 18
18 10 57 18
18 12 58 18
18 13 59 18
111 96 10 18
111 117 18 18
111 111 20 18
111 122 21 18
111 126 25 18
111 127 25 18
111 137 26 18
111 132 36 18
111 132 40 18
111 110 43 18
111 107 49 18
111 127 49 18
111 120 50 18
111 131 50 18
111 86 54 18
229 215 16 18
229 239 18 18
229 238 19 18
229 199 22 18
229 251 27 18
229 248 28 18
229 214 43 18
229 258 53 18
229 240 54 18
229 235 55 18
229 235 56 18
229 234 57 18
229 238 59 18
457 460 19 18
457 450 20 18
457 450 21 18
457 445 22 18
457 451 24 18
457 486 27 18
457 485 29 18
457 473 32 18
457 471 33 18
457 479 36 18
457 460 37 18
457 461 39 18
457 473 41 18
457 480 47 18
457 457 48 18
457 446 49 18
457 481 54 18
457 450 57 18
457 442 59 18
6 0 17 19
6 1 17 19
6 3 17 19
6 0 23 19
6 2 23 19
6 4 23 19
6 12 24 19
6 15 24 19
6 0 25 19
6 1 25 19
6 3 25 19
6 13 25 19
6 18 25 19
6 1 33 19
6 1 34 19
6 4 34 19
6 4 39 19
6 14 40 19
6 0 42 19
6 1 42 19
6 3 42 19
6 14 55 19
6 15 55 19
6 10 56 19
6 12 57 19
6 13 58 19
7 0 17 19
7 1 17 19
7 3 17 19
7 0 23 19
7 2 23 19
7 4 23 19
7 12 24 19
7 15 24 19
7 0 25 19
7 1 25 19
7 3 25 19
7 13 25 19
7 18 25 19
7 1 33 19
7 1 34 19
7 4 34 19
7 4 39 19
7 14 40 19
7 0 42 19
7 1 42 19
7 3 42 19
7 14 55 19
7 15 55 19
7 10 56 19
7 12 57 19
7 13 58 19
16 0 17 19
16 1 17 19
16 3 17 19
16 0 23 19
16 2 23 19
16 4 23 19
16 12 24 19
16 15 24 19
16 0 25 19
16 1 25 19
16 3 25 19
16 13 25 19
16 18 25 19
16 1 33 19
16 1 34 19
16 4 34 19
16 4 39 19
16 14 40 19
16 0 42 19
16 1 42 19
16 3 42 19
16 14 55 19
16 15 55 19
16 10 56 19
16 12 57 19
16 13 58 19
120 117 17 19
120 111 19 19
120 122 20 19
120 126 24 19
120 127 24 19
120 137 25 19
120 132 35 19
120 132 39 19
120 110 42 19
120 107 48 19
120 127 48 19
120 120 49 19
120 131 49 19
510 504 10 19
510 493 22 19
510 486 26 19
510 489 27 19
510 485 28 19
510 506 41 19
510 480 46 19
510 505 50 19
510 505 51 19
510 481 53 19
511 504 10 19
511 493 22 19
511 486 26 19
511 489 27 19
511 485 28 19
511 506 41 19
511 505 50 19
511 505 51 19
511 481 53 19
501 493 21 20
501 486 25 20
501 489 26 20
501 485 27 20
501 473 30 20
501 471 31 20
501 479 34 20
501 473 39 20
501 506 40 20
501 480 45 20
501 505 49 20
501 505 50 20
501 481 52 20
96 117 15 21
96 111 17 21
96 122 18 21
96 76 28 21
96 110 40 21
96 76 41 21
96 107 46 21
96 120 47 21
96 75 50 21
96 86 51 21
96 71 56 21
96 66 57 21
96 67 59 21
149 167 14 21
149 122 18 21
149 126 22 21
149 127 22 21
149 137 23 21
149 132 33 21
149 132 37 21
149 162 44 21
149 127 46 21
149 120 47 21
149 131 47 21
502 493 20 21
502 486 24 21
502 489 25 21
502 485 26 21
502 473 29 21
502 479 33 21
502 473 38 21
502 506 39 21
502 480 44 21
502 505 48 21
502 505 49 21
502 481 51 21
1 0 14 22
1 1 14 22
1 3 14 22
1 0 20 22
1 2 20 22
1 4 20 22
1 12 21 22
1 15 21 22
1 0 22 22
1 1 22 22
1 3 22 22
1 13 22 22
1 18 22 22
1 1 30 22
1 1 31 22
1 4 31 22
1 4 36 22
1 14 37 22
1 0 39 22
1 1 39 22
1 3 39 22
1 14 52 22
1 15 52 22
1 10 53 22
1 12 54 22
1 13 55 22
1 10 59 22
89 117 14 22
89 111 16 22
89 76 27 22
89 110 39 22
89 76 40 22
89 107 45 22
89 75 49 22
89 61 50 22
89 86 50 22
89 61 51 22
89 64 51 22
89 61 52 22
89 64 52 22
89 65 53 22
89 71 55 22
89 66 56 22
89 64 57 22
89 67 58 22
89 70 59 22
218 215 12 22
218 239 14 22
218 238 15 22
218 198 17 22
218 199 18 22
218 214 39 22
218 193 41 22
218 240 50 22
218 235 51 22
218 235 52 22
218 234 53 22
218 198 54 22
218 238 55 22
218 232 56 22
218 230 57 22
218 234 58 22
218 237 59 22
325 349 14 22
325 346 21 22
325 352 40 22
325 331 54 22
444 460 14 23
444 450 15 23
444 450 16 23
444 445 17 23
444 451 19 23
444 473 27 23
444 471 28 23
444 460 32 23
444 461 34 23
444 473 36 23
444 420 40 23
444 457 43 23
444 446 44 23
444 418 45 23
444 450 52 23
444 442 54 23
444 418 55 23
444 437 57 23
442 460 13 24
442 450 14 24
442 450 15 24
442 445 16 24
442 451 18 24
442 471 27 24
442 460 31 24
442 461 33 24
442 420 39 24
442 457 42 24
442 446 43 24
442 418 44 24
442 450 51 24
442 442 53 24
442 418 54 24
442 437 56 24
1 0 10 26
1 1 10 26
1 3 10 26
1 0 16 26
1 2 16 26
1 4 16 26
1 12 17 26
1 15 17 26
1 0 18 26
1 1 18 26
1 3 18 26
1 13 18 26
1 18 18 26
1 1 26 26
1 1 27 26
1 4 27 26
1 4 32 26
1 14 33 26
1 0 35 26
1 1 35 26
1 3 35 26
1 14 48 26
1 15 48 26
1 10 49 26
1 12 50 26
1 13 51 26
1 10 55 26
1 10 56 26
1 10 58 26
1 3 59 26
1 12 59 26
250 239 10 26
250 238 11 26
250 251 19 26
250 248 20 26
250 258 45 26
250 240 46 26
250 235 47 26
250 235 48 26
250 234 49 26
250 238 51 26
250 232 52 26
250 230 53 26
250 234 54 26
250 237 55 26
250 243 56 26
250 234 57 26
250 243 59 26
421 450 12 26
421 450 13 26
421 445 14 26
421 397 18 26
421 420 37 26
421 446 41 26
421 418 42 26
421 450 49 26
421 442 51 26
421 418 52 26
421 437 54 26
421 403 55 26
91 111 11 27
91 76 22 27
91 110 34 27
91 76 35 27
91 107 40 27
91 120 41 27
91 75 44 27
91 61 45 27
91 86 45 27
91 61 46 27
91 64 46 27
91 61 47 27
91 64 47 27
91 65 48 27
91 71 50 27
91 66 51 27
91 64 52 27
91 67 53 27
91 70 54 27
91 67 55 27
91 64 56 27
91 61 57 27
91 96 57 27
91 65 58 27
91 66 59 27
149 122 12 27
149 126 16 27
149 127 16 27
149 137 17 27
149 132 27 27
149 132 31 27
149 162 38 27
149 127 40 27
149 120 41 27
149 131 41 27
149 150 59 27
282 284 22 27
282 288 25 27
282 285 26 27
282 258 44 27
282 291 59 27
96 111 10 28
96 122 11 28
96 76 21 28
96 110 33 28
96 76 34 28
96 107 39 28
96 120 40 28
96 75 43 28
96 86 44 28
96 71 49 28
96 66 50 28
96 67 52 28
96 70 53 28
96 67 54 28
96 96 56 28
96 66 58 28
96 75 59 28
156 126 15 28
156 127 15 28
156 137 16 28
156 179 21 28
156 132 26 28
156 132 30 28
156 162 37 28
156 127 39 28
156 131 40 28
156 150 58 28
499 493 13 28
499 486 17 28
499 489 18 28
499 485 19 28
499 473 22 28
499 471 23 28
499 479 26 28
499 473 31 28
499 506 32 28
499 480 37 28
499 505 41 28
499 505 42 28
499 481 44 28
511 493 13 28
511 486 17 28
511 489 18 28
511 485 19 28
511 506 32 28
511 505 41 28
511 505 42 28
511 481 44 28
504 493 12 29
504 486 16 29
504 489 17 29
504 485 18 29
504 479 25 29
504 506 31 29
504 480 36 29
504 505 40 29
504 505 41 29
504 481 43 29
421 445 10 30
421 397 14 30
421 420 33 30
421 446 37 30
421 418 38 30
421 450 45 30
421 442 47 30
421 418 48 30
421 437 50 30
421 403 51 30
419 397 13 31
419 420 32 31
419 446 36 31
419 418 37 31
419 442 46 31
419 418 47 31
419 437 49 31
419 403 50 31
386 397 12 32
386 363 24 32
386 360 26 32
386 356 29 32
386 403 49 32
371 346 10 33
371 397 11 33
371 363 23 33
371 360 25 33
371 356 28 33
371 352 29 33
371 345 50 33
371 345 52 33
215 214 27 34
215 186 28 34
215 193 29 34
215 240 38 34
215 235 39 34
215 235 40 34
215 234 41 34
215 198 42 34
215 238 43 34
215 232 44 34
215 230 45 34
215 234 46 34
215 237 47 34
215 243 48 34
215 234 49 34
215 243 51 34
215 234 53 34
370 397 10 34
370 363 22 34
370 360 24 34
370 356 27 34
370 352 28 34
370 345 49 34
370 345 51 34
167 179 14 35
167 186 27 35
167 193 28 35
167 162 30 35
167 150 51 35
167 178 55 35
167 164 56 35
167 163 58 35
370 363 21 35
370 360 23 35
370 356 26 35
370 352 27 35
370 345 48 35
370 345 50 35
370 343 59 35
0 1 16 36
0 1 17 36
0 4 17 36
0 4 22 36
0 14 23 36
0 0 25 36
0 1 25 36
0 3 25 36
0 14 38 36
0 15 38 36
0 10 39 36
0 12 40 36
0 13 41 36
0 10 45 36
0 10 46 36
0 10 48 36
0 3 49 36
0 12 49 36
0 4 50 36
0 27 55 36
1 1 16 36
1 1 17 36
1 4 17 36
1 4 22 36
1 14 23 36
1 0 25 36
1 1 25 36
1 3 25 36
1 14 38 36
1 15 38 36
1 10 39 36
1 12 40 36
1 13 41 36
1 10 45 36
1 10 46 36
1 10 48 36
1 3 49 36
1 12 49 36
1 4 50 36
1 27 55 36
3 1 16 36
3 1 17 36
3 4 17 36
3 4 22 36
3 14 23 36
3 0 25 36
3 1 25 36
3 3 25 36
3 14 38 36
3 15 38 36
3 10 39 36
3 12 40 36
3 13 41 36
3 10 45 36
3 10 46 36
3 10 48 36
3 3 49 36
3 12 49 36
3 4 50 36
3 27 55 36
3 31 55 36
117 132 18 36
117 132 22 36
117 110 25 36
117 107 31 36
117 127 31 36
117 120 32 36
117 131 32 36
117 96 48 36
117 130 52 36
239 248 10 36
239 214 25 36
239 258 35 36
239 240 36 36
239 235 37 36
239 235 38 36
239 234 39 36
239 238 41 36
239 232 42 36
239 230 43 36
239 234 44 36
239 237 45 36
239 243 46 36
239 234 47 36
239 243 49 36
239 234 51 36
239 260 52 36
239 252 53 36
239 256 53 36
239 258 54 36
239 255 55 36
349 363 20 36
349 360 22 36
349 356 25 36
349 352 26 36
349 331 40 36
349 345 47 36
349 345 49 36
349 343 58 36
349 323 59 36
238 214 24 37
238 258 34 37
238 240 35 37
238 235 36 37
238 235 37 37
238 234 38 37
238 238 40 37
238 232 41 37
238 230 42 37
238 234 43 37
238 237 44 37
238 243 45 37
238 234 46 37
238 243 48 37
238 234 50 37
238 260 51 37
238 252 52 37
238 256 52 37
238 258 53 37
238 255 54 37
460 485 10 37
460 473 13 37
460 471 14 37
460 479 17 37
460 460 18 37
460 461 20 37
460 473 22 37
460 480 28 37
460 457 29 37
460 446 30 37
460 481 35 37
460 450 38 37
460 442 40 37
460 437 43 37
111 132 16 38
111 132 20 38
111 110 23 38
111 107 29 38
111 127 29 38
111 120 30 38
111 131 30 38
111 86 34 38
111 96 46 38
111 130 50 38
450 473 12 38
450 471 13 38
450 479 16 38
450 460 17 38
450 461 19 38
450 473 21 38
450 420 25 38
450 457 28 38
450 446 29 38
450 450 37 38
450 442 39 38
450 437 42 38
122 132 15 39
122 132 19 39
122 110 22 39
122 107 28 39
122 127 28 39
122 120 29 39
122 131 29 39
122 96 45 39
122 150 47 39
122 130 49 39
122 96 59 39
198 179 10 39
198 214 22 39
198 186 23 39
198 193 24 39
198 198 37 39
198 178 51 39
450 473 11 39
450 471 12 39
450 479 15 39
450 460 16 39
450 461 18 39
450 473 20 39
450 420 24 39
450 457 27 39
450 446 28 39
450 450 36 39
450 442 38 39
450 437 41 39
199 214 21 40
199 186 22 40
199 193 23 40
199 198 36 40
199 178 50 40
445 473 10 40
445 471 11 40
445 460 15 40
445 461 17 40
445 473 19 40
445 420 23 40
445 457 26 40
445 446 27 40
445 418 28 40
445 450 35 40
445 442 37 40
445 418 38 40
445 437 40 40
493 471 10 41
493 479 13 41
493 473 18 41
493 506 19 41
493 480 24 41
493 505 28 41
493 505 29 41
493 481 31 41
493 493 51 41
0 1 10 42
0 1 11 42
0 4 11 42
0 4 16 42
0 14 17 42
0 0 19 42
0 1 19 42
0 3 19 42
0 14 32 42
0 15 32 42
0 10 33 42
0 12 34 42
0 13 35 42
0 10 39 42
0 10 40 42
0 10 42 42
0 3 43 42
0 12 43 42
0 4 44 42
0 27 49 42
0 3 54 42
0 1 56 42
0 3 56 42
2 1 10 42
2 1 11 42
2 4 11 42
2 4 16 42
2 14 17 42
2 0 19 42
2 1 19 42
2 3 19 42
2 14 32 42
2 15 32 42
2 10 33 42
2 12 34 42
2 13 35 42
2 10 39 42
2 10 40 42
2 10 42 42
2 3 43 42
2 12 43 42
2 4 44 42
2 27 49 42
2 31 49 42
2 3 54 42
2 1 56 42
2 3 56 42
4 1 10 42
4 1 11 42
4 4 11 42
4 4 16 42
4 14 17 42
4 0 19 42
4 1 19 42
4 3 19 42
4 14 32 42
4 15 32 42
4 10 33 42
4 12 34 42
4 13 35 42
4 33 37 42
4 10 39 42
4 10 40 42
4 10 42 42
4 3 43 42
4 12 43 42
4 4 44 42
4 27 49 42
4 31 49 42
4 3 54 42
4 1 56 42
4 3 56 42
451 479 12 42
451 460 13 42
451 461 15 42
451 473 17 42
451 480 23 42
451 457 24 42
451 446 25 42
451 450 33 42
451 442 35 42
451 437 38 42
451 442 59 42
12 1 10 43
12 4 10 43
12 4 15 43
12 14 16 43
12 0 18 43
12 1 18 43
12 3 18 43
12 14 31 43
12 15 31 43
12 10 32 43
12 12 33 43
12 13 34 43
12 33 36 43
12 10 38 43
12 10 39 43
12 10 41 43
12 3 42 43
12 12 42 43
12 4 43 43
12 27 48 43
12 31 48 43
12 34 50 43
12 41 51 43
12 3 53 43
12 1 55 43
12 3 55 43
15 1 10 43
15 4 10 43
15 4 15 43
15 14 16 43
15 0 18 43
15 1 18 43
15 3 18 43
15 14 31 43
15 15 31 43
15 10 32 43
15 12 33 43
15 13 34 43
15 33 36 43
15 10 38 43
15 10 39 43
15 10 41 43
15 3 42 43
15 12 42 43
15 4 43 43
15 27 48 43
15 31 48 43
15 34 50 43
15 41 51 43
15 3 53 43
15 1 55 43
15 3 55 43
126 132 11 43
126 132 15 43
126 110 18 43
126 107 24 43
126 127 24 43
126 120 25 43
126 131 25 43
126 96 41 43
126 150 43 43
126 130 45 43
126 96 55 43
127 132 11 43
127 132 15 43
127 110 18 43
127 107 24 43
127 127 24 43
127 120 25 43
127 131 25 43
127 150 43 43
127 130 45 43
346 363 13 43
346 360 15 43
346 356 18 43
346 352 19 43
346 331 33 43
346 345 40 43
346 345 42 43
346 343 51 43
346 323 52 43
346 317 53 43
346 318 54 43
346 325 55 43
346 326 56 43
346 372 59 43
0 4 14 44
0 14 15 44
0 0 17 44
0 1 17 44
0 3 17 44
0 14 30 44
0 15 30 44
0 10 31 44
0 12 32 44
0 13 33 44
0 10 37 44
0 10 38 44
0 10 40 44
0 3 41 44
0 12 41 44
0 4 42 44
0 27 47 44
0 3 52 44
0 1 54 44
0 3 54 44
1 4 14 44
1 14 15 44
1 0 17 44
1 1 17 44
1 3 17 44
1 14 30 44
1 15 30 44
1 10 31 44
1 12 32 44
1 13 33 44
1 10 37 44
1 10 38 44
1 10 40 44
1 3 41 44
1 12 41 44
1 4 42 44
1 27 47 44
1 3 52 44
1 1 54 44
1 3 54 44
3 4 14 44
3 14 15 44
3 0 17 44
3 1 17 44
3 3 17 44
3 14 30 44
3 15 30 44
3 10 31 44
3 12 32 44
3 13 33 44
3 10 37 44
3 10 38 44
3 10 40 44
3 3 41 44
3 12 41 44
3 4 42 44
3 27 47 44
3 31 47 44
3 3 52 44
3 1 54 44
3 3 54 44
13 4 14 44
13 14 15 44
13 0 17 44
13 1 17 44
13 3 17 44
13 14 30 44
13 15 30 44
13 10 31 44
13 12 32 44
13 13 33 44
13 33 35 44
13 10 37 44
13 10 38 44
13 10 40 44
13 3 41 44
13 12 41 44
13 4 42 44
13 27 47 44
13 31 47 44
13 34 49 44
13 41 50 44
13 3 52 44
13 1 54 44
13 3 54 44
18 4 14 44
18 14 15 44
18 0 17 44
18 1 17 44
18 3 17 44
18 14 30 44
18 15 30 44
18 10 31 44
18 12 32 44
18 13 33 44
18 33 35 44
18 10 37 44
18 10 38 44
18 10 40 44
18 3 41 44
18 12 41 44
18 4 42 44
18 27 47 44
18 31 47 44
18 34 49 44
18 41 50 44
18 3 52 44
18 47 53 44
18 1 54 44
18 3 54 44
137 132 10 44
137 132 14 44
137 110 17 44
137 162 21 44
137 107 23 44
137 127 23 44
137 120 24 44
137 131 24 44
137 150 42 44
137 130 44 44
137 164 47 44
137 163 49 44
397 420 19 44
397 418 24 44
397 418 34 44
397 403 37 44
397 372 58 44
397 374 59 44
251 258 26 45
251 240 27 45
251 235 28 45
251 235 29 45
251 234 30 45
251 238 32 45
251 232 33 45
251 230 34 45
251 234 35 45
251 237 36 45
251 243 37 45
251 234 38 45
251 243 40 45
251 234 42 45
251 273 42 45
251 260 43 45
251 252 44 45
251 256 44 45
251 258 45 45
251 255 46 45
486 460 10 45
486 461 12 45
486 473 14 45
486 506 15 45
486 480 20 45
486 457 21 45
486 505 24 45
486 505 25 45
486 481 27 45
486 493 47 45
486 507 59 45
486 511 59 45
248 258 25 46
248 240 26 46
248 235 27 46
248 235 28 46
248 234 29 46
248 238 31 46
248 232 32 46
248 230 33 46
248 234 34 46
248 237 35 46
248 243 36 46
248 234 37 46
248 243 39 46
248 234 41 46
248 273 41 46
248 260 42 46
248 252 43 46
248 256 43 46
248 258 44 46
248 255 45 46
489 461 11 46
489 473 13 46
489 506 14 46
489 480 19 46
489 505 23 46
489 505 24 46
489 481 26 46
489 493 46 46
489 507 58 46
489 511 58 46
489 507 59 46
485 461 10 47
485 473 12 47
485 506 13 47
485 480 18 47
485 457 19 47
485 505 22 47
485 505 23 47
485 481 25 47
485 493 45 47
485 507 57 47
485 511 57 47
485 507 58 47
76 54 12 49
76 76 13 49
76 57 22 49
76 75 22 49
76 61 23 49
76 86 23 49
76 61 24 49
76 64 24 49
76 61 25 49
76 64 25 49
76 65 26 49
76 71 28 49
76 66 29 49
76 64 30 49
76 67 31 49
76 70 32 49
76 67 33 49
76 64 34 49
76 61 35 49
76 96 35 49
76 65 36 49
76 66 37 49
76 75 38 49
76 64 41 49
76 52 43 49
76 77 46 49
76 56 47 49
76 67 47 49
76 47 48 49
76 66 48 49
76 55 49 49
76 96 49 49
76 64 51 49
76 76 52 49
76 88 53 49
76 89 55 49
76 85 59 49
179 186 13 49
179 193 14 49
179 162 16 49
179 198 27 49
179 150 37 49
179 178 41 49
179 164 42 49
179 163 44 49
179 149 55 49
284 258 22 49
284 291 37 49
284 273 38 49
284 260 39 49
284 256 40 49
284 258 41 49
284 255 42 49
284 295 44 49
284 255 57 49
284 308 58 49
473 480 15 50
473 457 16 50
473 446 17 50
473 481 22 50
473 450 25 50
473 493 42 50
471 480 14 51
471 457 15 51
471 446 16 51
471 481 21 51
471 450 24 51
471 442 26 51
471 493 41 51
471 442 50 51
1 14 22 52
1 15 22 52
1 10 23 52
1 12 24 52
1 13 25 52
1 10 29 52
1 10 30 52
1 10 32 52
1 3 33 52
1 12 33 52
1 4 34 52
1 27 39 52
1 3 44 52
1 1 46 52
1 3 46 52
1 0 52 52
1 1 52 52
1 12 52 52
288 258 19 52
288 291 34 52
288 273 35 52
288 260 36 52
288 258 38 52
288 295 41 52
288 317 44 52
288 308 55 52
288 313 57 52
288 313 58 52
1 14 21 53
1 15 21 53
1 10 22 53
1 12 23 53
1 13 24 53
1 10 28 53
1 10 29 53
1 10 31 53
1 3 32 53
1 12 32 53
1 4 33 53
1 27 38 53
1 3 43 53
1 1 45 53
1 3 45 53
1 0 51 53
1 1 51 53
1 12 51 53
4 14 21 53
4 15 21 53
4 10 22 53
4 12 23 53
4 13 24 53
4 33 26 53
4 10 28 53
4 10 29 53
4 10 31 53
4 3 32 53
4 12 32 53
4 4 33 53
4 27 38 53
4 31 38 53
4 3 43 53
4 1 45 53
4 3 45 53
4 0 51 53
4 1 51 53
4 12 51 53
285 258 18 53
285 291 33 53
285 273 34 53
285 260 35 53
285 256 36 53
285 258 37 53
285 255 38 53
285 295 40 53
285 255 53 53
285 308 54 53
285 313 56 53
285 313 57 53
132 107 13 54
132 127 13 54
132 120 14 54
132 131 14 54
132 150 32 54
132 130 34 54
132 149 50 54
132 132 52 54
132 131 53 54
132 142 57 54
132 145 58 54
479 480 11 54
479 457 12 54
479 505 15 54
479 505 16 54
479 481 18 54
479 450 21 54
479 493 38 54
479 507 50 54
479 507 51 54
479 505 54 54
460 480 10 55
460 457 11 55
460 446 12 55
460 481 17 55
460 450 20 55
460 442 22 55
460 437 25 55
460 442 46 55
363 345 27 56
363 345 29 56
363 343 38 56
363 372 46 56
363 374 47 56
363 385 55 56
363 384 56 56
363 386 57 56
461 446 10 57
461 481 15 57
461 450 18 57
461 442 20 57
461 437 23 57
461 442 44 57
4 14 16 58
4 15 16 58
4 10 17 58
4 12 18 58
4 13 19 58
4 33 21 58
4 10 23 58
4 10 24 58
4 10 26 58
4 3 27 58
4 12 27 58
4 4 28 58
4 27 33 58
4 31 33 58
4 3 38 58
4 1 40 58
4 3 40 58
4 0 46 58
4 1 46 58
4 12 46 58
4 19 59 58
132 120 10 58
132 131 10 58
132 150 28 58
132 130 30 58
132 149 46 58
132 132 48 58
132 131 49 58
132 142 53 58
132 145 54 58
360 331 18 58
360 345 25 58
360 345 27 58
360 343 36 58
360 372 44 58
360 374 45 58
360 385 53 58
360 384 54 58
360 386 55 58
14 14 15 59
14 15 15 59
14 10 16 59
14 12 17 59
14 13 18 59
14 33 20 59
14 10 22 59
14 10 23 59
14 10 25 59
14 3 26 59
14 12 26 59
14 4 27 59
14 27 32 59
14 31 32 59
14 34 34 59
14 41 35 59
14 3 37 59
14 1 39 59
14 3 39 59
14 0 45 59
14 1 45 59
14 12 45 59
14 19 58 59
14 29 59 59
473 481 13 59
473 450 16 59
473 493 33 59
506 505 10 60
506 481 12 60
506 493 32 60
506 507 44 60
506 511 44 60
506 507 45 60
506 505 48 60
506 506 54 60
506 505 55 60
0 14 13 61
0 15 13 61
0 10 14 61
0 12 15 61
0 13 16 61
0 10 20 61
0 10 21 61
0 10 23 61
0 3 24 61
0 12 24 61
0 4 25 61
0 27 30 61
0 3 35 61
0 1 37 61
0 3 37 61
0 0 43 61
0 1 43 61
0 12 43 61
0 19 56 61
0 29 57 61
1 14 13 61
1 15 13 61
1 10 14 61
1 12 15 61
1 13 16 61
1 10 20 61
1 10 21 61
1 10 23 61
1 3 24 61
1 12 24 61
1 4 25 61
1 27 30 61
1 3 35 61
1 1 37 61
1 3 37 61
1 0 43 61
1 1 43 61
1 12 43 61
1 19 56 61
1 29 57 61
3 14 13 61
3 15 13 61
3 10 14 61
3 12 15 61
3 13 16 61
3 10 20 61
3 10 21 61
3 10 23 61
3 3 24 61
3 12 24 61
3 4 25 61
3 27 30 61
3 31 30 61
3 3 35 61
3 1 37 61
3 3 37 61
3 0 43 61
3 1 43 61
3 12 43 61
3 19 56 61
3 29 57 61
54 57 10 61
54 75 10 61
54 61 11 61
54 61 12 61
54 64 12 61
54 61 13 61
54 64 13 61
54 65 14 61
54 71 16 61
54 66 17 61
54 33 18 61
54 64 18 61
54 67 19 61
54 70 20 61
54 67 21 61
54 64 22 61
54 61 23 61
54 65 24 61
54 66 25 61
54 75 26 61
54 64 29 61
54 27 30 61
54 31 30 61
54 52 31 61
54 34 32 61
54 41 33 61
54 77 34 61
54 56 35 61
54 67 35 61
54 47 36 61
54 66 36 61
54 55 37 61
54 64 39 61
54 76 40 61
54 62 48 61
54 63 48 61
54 61 49 61
54 61 50 61
54 64 50 61
54 29 57 61
54 45 57 61
54 62 58 61
54 63 58 61
110 86 11 61
110 96 23 61
110 130 27 61
110 96 37 61
110 88 41 61
110 89 43 61
110 132 45 61
110 131 46 61
110 85 47 61
110 98 51 61
110 98 59 61
214 240 11 61
214 235 12 61
214 235 13 61
214 234 14 61
214 198 15 61
214 238 16 61
214 232 17 61
214 230 18 61
214 234 19 61
214 237 20 61
214 243 21 61
214 234 22 61
214 243 24 61
214 234 26 61
214 219 47 61
214 242 52 61
356 331 15 61
356 345 22 61
356 345 24 61
356 343 33 61
356 326 38 61
356 372 41 61
356 374 42 61
356 385 50 61
356 384 51 61
356 326 59 61
76 61 10 62
76 86 10 62
76 61 11 62
76 64 11 62
76 61 12 62
76 64 12 62
76 65 13 62
76 71 15 62
76 66 16 62
76 64 17 62
76 67 18 62
76 70 19 62
76 67 20 62
76 64 21 62
76 61 22 62
76 96 22 62
76 65 23 62
76 66 24 62
76 75 25 62
76 64 28 62
76 52 30 62
76 77 33 62
76 56 34 62
76 67 34 62
76 47 35 62
76 66 35 62
76 55 36 62
76 96 36 62
76 64 38 62
76 76 39 62
76 88 40 62
76 89 42 62
76 85 46 62
76 62 47 62
76 63 47 62
76 61 48 62
76 61 49 62
76 64 49 62
76 98 50 62
76 62 57 62
76 63 57 62
76 98 58 62
186 198 14 62
186 178 28 62
186 164 29 62
186 163 31 62
186 182 47 62
186 182 48 62
186 158 58 62
352 331 14 62
352 345 21 62
352 345 23 62
352 343 32 62
352 323 33 62
352 325 36 62
352 326 37 62
352 372 40 62
352 374 41 62
352 326 58 62
352 345 59 62
193 198 13 63
193 178 27 63
193 164 28 63
193 163 30 63
193 219 45 63
193 182 46 63
193 182 47 63
420 442 14 63
420 418 15 63
420 437 17 63
420 403 18 63
420 442 38 63
162 150 21 65
162 178 25 65
162 164 26 65
162 163 28 65
162 149 39 65
162 132 41 65
162 182 44 65
162 182 45 65
162 142 46 65
162 145 47 65
162 158 55 65
162 143 56 65
162 146 57 65
480 450 10 65
480 493 27 65
480 507 39 65
480 507 40 65
480 505 43 65
480 506 49 65
480 505 50 65
480 458 58 65
457 442 11 66
457 437 14 66
457 442 35 66
457 458 57 66
107 96 17 67
107 130 21 67
107 77 28 67
107 96 31 67
107 88 35 67
107 89 37 67
107 132 39 67
107 131 40 67
107 85 41 67
107 98 45 67
107 98 53 67
127 150 19 67
127 130 21 67
127 149 37 67
127 132 39 67
127 131 40 67
127 142 44 67
127 98 45 67
127 145 45 67
127 98 53 67
127 143 54 67
127 146 55 67
446 442 10 67
446 418 11 67
446 437 13 67
446 442 34 67
446 458 56 67
120 96 16 68
120 130 20 68
120 96 30 68
120 149 36 68
120 132 38 68
120 131 39 68
120 142 43 68
120 98 44 68
120 145 44 68
120 98 52 68
120 143 53 68
120 146 54 68
131 150 18 68
131 130 20 68
131 149 36 68
131 132 38 68
131 131 39 68
131 142 43 68
131 145 44 68
131 158 52 68
131 143 53 68
131 146 54 68
131 157 57 68
418 418 10 68
418 437 12 68
418 403 13 68
418 442 33 68
418 402 59 68
505 493 23 69
505 507 35 69
505 511 35 69
505 507 36 69
505 505 39 69
505 506 45 69
505 505 46 69
505 493 22 70
505 507 34 70
505 511 34 70
505 507 35 70
505 505 38 70
505 506 44 70
505 505 45 70
57 70 10 71
57 67 11 71
57 64 12 71
57 61 13 71
57 65 14 71
57 66 15 71
57 75 16 71
57 64 19 71
57 27 20 71
57 31 20 71
57 52 21 71
57 34 22 71
57 41 23 71
57 77 24 71
57 56 25 71
57 67 25 71
57 47 26 71
57 66 26 71
57 55 27 71
57 64 29 71
57 76 30 71
57 85 37 71
57 62 38 71
57 63 38 71
57 61 39 71
57 61 40 71
57 64 40 71
57 29 47 71
57 45 47 71
57 62 48 71
57 63 48 71
57 84 57 71
57 41 58 71
57 83 58 71
75 70 10 71
75 67 11 71
75 64 12 71
75 61 13 71
75 96 13 71
75 65 14 71
75 66 15 71
75 75 16 71
75 64 19 71
75 52 21 71
75 77 24 71
75 56 25 71
75 67 25 71
75 47 26 71
75 66 26 71
75 55 27 71
75 96 27 71
75 64 29 71
75 76 30 71
75 88 31 71
75 89 33 71
75 85 37 71
75 62 38 71
75 63 38 71
75 61 39 71
75 61 40 71
75 64 40 71
75 98 41 71
75 45 47 71
75 62 48 71
75 63 48 71
75 98 49 71
75 84 57 71
75 83 58 71
258 237 10 71
258 243 11 71
258 234 12 71
258 243 14 71
258 234 16 71
258 273 16 71
258 260 17 71
258 252 18 71
258 256 18 71
258 258 19 71
258 255 20 71
258 255 35 71
258 242 42 71
258 250 46 71
258 255 46 71
258 250 53 71
258 252 59 71
61 67 10 72
61 64 11 72
61 61 12 72
61 65 13 72
61 66 14 72
61 75 15 72
61 64 18 72
61 31 19 72
61 52 20 72
61 34 21 72
61 41 22 72
61 77 23 72
61 56 24 72
61 67 24 72
61 47 25 72
61 66 25 72
61 55 26 72
61 64 28 72
61 76 29 72
61 88 30 72
61 89 32 72
61 85 36 72
61 62 37 72
61 63 37 72
61 61 38 72
61 61 39 72
61 64 39 72
61 45 46 72
61 62 47 72
61 63 47 72
61 84 56 72
61 41 57 72
61 83 57 72
61 51 59 72
61 72 59 72
86 67 10 72
86 64 11 72
86 61 12 72
86 96 12 72
86 65 13 72
86 66 14 72
86 75 15 72
86 64 18 72
86 77 23 72
86 56 24 72
86 67 24 72
86 66 25 72
86 96 26 72
86 64 28 72
86 76 29 72
86 88 30 72
86 89 32 72
86 85 36 72
86 62 37 72
86 63 37 72
86 61 38 72
86 61 39 72
86 64 39 72
86 98 40 72
86 62 47 72
86 63 47 72
86 98 48 72
86 84 56 72
86 83 57 72
86 72 59 72
240 243 10 72
240 234 11 72
240 243 13 72
240 234 15 72
240 260 16 72
240 252 17 72
240 256 17 72
240 258 18 72
240 255 19 72
240 255 34 72
240 219 36 72
240 242 41 72
240 250 45 72
240 255 45 72
240 250 52 72
240 252 58 72
481 493 20 72
481 507 32 72
481 507 33 72
481 505 36 72
481 506 42 72
481 505 43 72
481 458 51 72
61 64 10 73
61 61 11 73
61 65 12 73
61 66 13 73
61 75 14 73
61 64 17 73
61 31 18 73
61 52 19 73
61 34 20 73
61 41 21 73
61 77 22 73
61 56 23 73
61 67 23 73
61 47 24 73
61 66 24 73
61 55 25 73
61 64 27 73
61 76 28 73
61 88 29 73
61 89 31 73
61 85 35 73
61 62 36 73
61 63 36 73
61 61 37 73
61 61 38 73
61 64 38 73
61 45 45 73
61 62 46 73
61 63 46 73
61 84 55 73
61 41 56 73
61 83 56 73
61 51 58 73
61 72 58 73
64 64 10 73
64 61 11 73
64 65 12 73
64 66 13 73
64 75 14 73
64 64 17 73
64 52 19 73
64 34 20 73
64 41 21 73
64 77 22 73
64 56 23 73
64 67 23 73
64 47 24 73
64 66 24 73
64 55 25 73
64 64 27 73
64 76 28 73
64 88 29 73
64 89 31 73
64 85 35 73
64 62 36 73
64 63 36 73
64 61 37 73
64 61 38 73
64 64 38 73
64 45 45 73
64 62 46 73
64 63 46 73
64 84 55 73
64 41 56 73
64 83 56 73
64 51 58 73
64 72 58 73
235 234 10 73
235 243 12 73
235 234 14 73
235 260 15 73
235 252 16 73
235 256 16 73
235 258 17 73
235 255 18 73
235 255 33 73
235 219 35 73
235 242 40 73
235 250 44 73
235 255 44 73
235 250 51 73
235 252 57 73
235 243 59 73
14 10 10 74
14 3 11 74
14 12 11 74
14 4 12 74
14 27 17 74
14 31 17 74
14 34 19 74
14 41 20 74
14 3 22 74
14 1 24 74
14 3 24 74
14 0 30 74
14 1 30 74
14 12 30 74
14 19 43 74
14 29 44 74
14 41 55 74
15 10 10 74
15 3 11 74
15 12 11 74
15 4 12 74
15 27 17 74
15 31 17 74
15 34 19 74
15 41 20 74
15 3 22 74
15 1 24 74
15 3 24 74
15 0 30 74
15 1 30 74
15 12 30 74
15 19 43 74
15 29 44 74
15 41 55 74
61 61 10 74
61 65 11 74
61 66 12 74
61 75 13 74
61 64 16 74
61 31 17 74
61 52 18 74
61 34 19 74
61 41 20 74
61 77 21 74
61 56 22 74
61 67 22 74
61 47 23 74
61 66 23 74
61 55 24 74
61 64 26 74
61 76 27 74
61 88 28 74
61 89 30 74
61 85 34 74
61 62 35 74
61 63 35 74
61 61 36 74
61 61 37 74
61 64 37 74
61 45 44 74
61 62 45 74
61 63 45 74
61 84 54 74
61 41 55 74
61 83 55 74
61 51 57 74
61 72 57 74
64 61 10 74
64 65 11 74
64 66 12 74
64 75 13 74
64 64 16 74
64 52 18 74
64 34 19 74
64 41 20 74
64 77 21 74
64 56 22 74
64 67 22 74
64 47 23 74
64 66 23 74
64 55 24 74
64 64 26 74
64 76 27 74
64 88 28 74
64 89 30 74
64 85 34 74
64 62 35 74
64 63 35 74
64 61 36 74
64 61 37 74
64 64 37 74
64 45 44 74
64 62 45 74
64 63 45 74
64 84 54 74
64 41 55 74
64 83 55 74
64 51 57 74
64 72 57 74
235 243 11 74
235 234 13 74
235 260 14 74
235 252 15 74
235 256 15 74
235 258 16 74
235 255 17 74
235 255 32 74
235 219 34 74
235 242 39 74
235 250 43 74
235 255 43 74
235 250 50 74
235 252 56 74
235 243 58 74
235 248 59 74
10 3 10 75
10 12 10 75
10 4 11 75
10 27 16 75
10 31 16 75
10 34 18 75
10 3 21 75
10 1 23 75
10 3 23 75
10 0 29 75
10 1 29 75
10 12 29 75
10 19 42 75
10 29 43 75
10 1 59 75
10 5 59 75
10 7 59 75
65 65 10 75
65 66 11 75
65 75 12 75
65 64 15 75
65 52 17 75
65 41 19 75
65 77 20 75
65 56 21 75
65 67 21 75
65 47 22 75
65 66 22 75
65 55 23 75
65 64 25 75
65 76 26 75
65 88 27 75
65 89 29 75
65 85 33 75
65 62 34 75
65 63 34 75
65 61 35 75
65 61 36 75
65 64 36 75
65 45 43 75
65 62 44 75
65 63 44 75
65 84 53 75
65 41 54 75
65 83 54 75
65 51 56 75
65 72 56 75
234 243 10 75
234 234 12 75
234 260 13 75
234 252 14 75
234 256 14 75
234 258 15 75
234 255 16 75
234 255 31 75
234 219 33 75
234 242 38 75
234 250 42 75
234 255 42 75
234 250 49 75
234 252 55 75
234 243 57 75
234 248 58 75
450 442 26 75
450 458 48 75
450 459 58 75
12 4 10 76
12 27 15 76
12 31 15 76
12 34 17 76
12 41 18 76
12 3 20 76
12 1 22 76
12 3 22 76
12 0 28 76
12 1 28 76
12 12 28 76
12 19 41 76
12 29 42 76
12 41 53 76
12 1 58 76
12 5 58 76
12 7 58 76
12 4 59 76
12 18 59 76
198 178 14 76
198 219 32 76
198 182 33 76
198 182 34 76
198 171 51 76
198 203 52 76
198 171 53 76
331 343 18 76
331 323 19 76
331 317 20 76
331 318 21 76
331 325 22 76
331 326 23 76
331 308 31 76
331 313 33 76
331 313 34 76
331 305 42 76
331 313 43 76
331 326 44 76
331 345 45 76
331 356 48 76
331 307 50 76
331 320 52 76
331 306 54 76
331 321 55 76
331 345 56 76
331 343 58 76
13 27 14 77
13 31 14 77
13 34 16 77
13 41 17 77
13 3 19 77
13 1 21 77
13 3 21 77
13 0 27 77
13 1 27 77
13 12 27 77
13 19 40 77
13 29 41 77
13 41 52 77
13 1 57 77
13 5 57 77
13 7 57 77
13 4 58 77
13 18 58 77
13 27 59 77
13 41 59 77
71 75 10 77
71 64 13 77
71 52 15 77
71 41 17 77
71 77 18 77
71 56 19 77
71 67 19 77
71 47 20 77
71 66 20 77
71 55 21 77
71 96 21 77
71 64 23 77
71 76 24 77
71 88 25 77
71 89 27 77
71 85 31 77
71 62 32 77
71 63 32 77
71 61 33 77
71 61 34 77
71 64 34 77
71 98 35 77
71 45 41 77
71 62 42 77
71 63 42 77
71 98 43 77
71 84 51 77
71 41 52 77
71 83 52 77
71 51 54 77
71 72 54 77
71 41 59 77
238 234 10 77
238 260 11 77
238 252 12 77
238 256 12 77
238 258 13 77
238 255 14 77
238 255 29 77
238 219 31 77
238 242 36 77
238 250 40 77
238 255 40 77
238 250 47 77
238 252 53 77
238 243 55 77
238 248 56 77
442 442 24 77
442 458 46 77
442 459 56 77
66 64 12 78
66 52 14 78
66 41 16 78
66 77 17 78
66 56 18 78
66 67 18 78
66 47 19 78
66 66 19 78
66 55 20 78
66 64 22 78
66 76 23 78
66 88 24 78
66 89 26 78
66 85 30 78
66 62 31 78
66 63 31 78
66 61 32 78
66 61 33 78
66 64 33 78
66 45 40 78
66 62 41 78
66 63 41 78
66 84 50 78
66 41 51 78
66 83 51 78
66 51 53 78
66 72 53 78
66 41 58 78
66 95 59 78
232 260 10 78
232 252 11 78
232 256 11 78
232 258 12 78
232 255 13 78
232 255 28 78
232 219 30 78
232 242 35 78
232 250 39 78
232 255 39 78
232 250 46 78
232 203 50 78
232 252 52 78
232 243 54 78
232 248 55 78
232 217 59 78
418 442 23 78
418 402 49 78
33 27 12 79
33 31 12 79
33 52 13 79
33 34 14 79
33 41 15 79
33 3 17 79
33 56 17 79
33 47 18 79
33 3 19 79
33 55 19 79
33 12 25 79
33 62 30 79
33 61 31 79
33 61 32 79
33 19 38 79
33 29 39 79
33 45 39 79
33 62 40 79
33 41 50 79
33 51 52 79
33 5 55 79
33 7 55 79
33 4 56 79
33 18 56 79
33 27 57 79
33 41 57 79
64 64 11 79
64 52 13 79
64 34 14 79
64 41 15 79
64 77 16 79
64 56 17 79
64 67 17 79
64 47 18 79
64 66 18 79
64 55 19 79
64 64 21 79
64 76 22 79
64 88 23 79
64 89 25 79
64 85 29 79
64 62 30 79
64 63 30 79
64 61 31 79
64 61 32 79
64 64 32 79
64 45 39 79
64 62 40 79
64 63 40 79
64 84 49 79
64 41 50 79
64 83 50 79
64 51 52 79
64 72 52 79
64 41 57 79
230 252 10 79
230 256 10 79
230 258 11 79
230 255 12 79
230 255 27 79
230 219 29 79
230 242 34 79
230 250 38 79
230 255 38 79
230 250 45 79
230 203 49 79
230 252 51 79
230 243 53 79
230 248 54 79
230 217 58 79
67 64 10 80
67 52 12 80
67 41 14 80
67 77 15 80
67 56 16 80
67 67 16 80
67 47 17 80
67 66 17 80
67 55 18 80
67 96 18 80
67 64 20 80
67 76 21 80
67 88 22 80
67 89 24 80
67 85 28 80
67 62 29 80
67 63 29 80
67 61 30 80
67 61 31 80
67 64 31 80
67 45 38 80
67 62 39 80
67 63 39 80
67 84 48 80
67 41 49 80
67 83 49 80
67 51 51 80
67 72 51 80
67 41 56 80
67 95 57 80
67 96 59 80
234 258 10 80
234 255 11 80
234 255 26 80
234 219 28 80
234 242 33 80
234 250 37 80
234 255 37 80
234 250 44 80
234 252 50 80
234 243 52 80
234 248 53 80
234 217 57 80
437 442 21 80
437 458 43 80
437 459 53 80
10 27 10 81
10 31 10 81
10 34 12 81
10 3 15 81
10 1 17 81
10 3 17 81
10 0 23 81
10 1 23 81
10 12 23 81
10 19 36 81
10 29 37 81
10 1 53 81
10 5 53 81
10 7 53 81
10 4 54 81
10 18 54 81
10 27 55 81
10 20 58 81
70 52 11 81
70 41 13 81
70 77 14 81
70 56 15 81
70 67 15 81
70 47 16 81
70 66 16 81
70 55 17 81
70 96 17 81
70 64 19 81
70 76 20 81
70 88 21 81
70 89 23 81
70 85 27 81
70 62 28 81
70 63 28 81
70 61 29 81
70 61 30 81
70 64 30 81
70 98 31 81
70 45 37 81
70 62 38 81
70 63 38 81
70 98 39 81
70 84 47 81
70 41 48 81
70 83 48 81
70 51 50 81
70 72 50 81
70 41 55 81
70 95 56 81
70 96 58 81
70 64 59 81
237 255 10 81
237 255 25 81
237 219 27 81
237 242 32 81
237 250 36 81
237 255 36 81
237 250 43 81
237 252 49 81
237 243 51 81
237 248 52 81
237 217 56 81
403 374 22 81
403 385 30 81
403 384 31 81
403 386 32 81
403 387 44 81
403 402 46 81
403 384 54 81
403 379 55 81
10 34 11 82
10 3 14 82
10 1 16 82
10 3 16 82
10 0 22 82
10 1 22 82
10 12 22 82
10 19 35 82
10 29 36 82
10 1 52 82
10 5 52 82
10 7 52 82
10 4 53 82
10 18 53 82
10 27 54 82
10 20 57 82
67 52 10 82
67 41 12 82
67 77 13 82
67 56 14 82
67 67 14 82
67 47 15 82
67 66 15 82
67 55 16 82
67 96 16 82
67 64 18 82
67 76 19 82
67 88 20 82
67 89 22 82
67 85 26 82
67 62 27 82
67 63 27 82
67 61 28 82
67 61 29 82
67 64 29 82
67 45 36 82
67 62 37 82
67 63 37 82
67 84 46 82
67 41 47 82
67 83 47 82
67 51 49 82
67 72 49 82
67 41 54 82
67 95 55 82
67 96 57 82
67 64 58 82
67 96 59 82
243 255 24 82
243 219 26 82
243 242 31 82
243 250 35 82
243 255 35 82
243 250 42 82
243 252 48 82
243 243 50 82
243 248 51 82
243 217 55 82
243 255 59 82
64 34 10 83
64 41 11 83
64 77 12 83
64 56 13 83
64 67 13 83
64 47 14 83
64 66 14 83
64 55 15 83
64 64 17 83
64 76 18 83
64 88 19 83
64 89 21 83
64 85 25 83
64 62 26 83
64 63 26 83
64 61 27 83
64 61 28 83
64 64 28 83
64 45 35 83
64 62 36 83
64 63 36 83
64 84 45 83
64 41 46 83
64 83 46 83
64 51 48 83
64 72 48 83
64 41 53 83
64 64 57 83
64 54 59 83
64 88 59 83
234 255 23 83
234 219 25 83
234 242 30 83
234 250 34 83
234 255 34 83
234 250 41 83
234 252 47 83
234 243 49 83
234 248 50 83
234 217 54 83
234 255 58 83
234 257 59 83
345 343 11 83
345 323 12 83
345 317 13 83
345 318 14 83
345 325 15 83
345 326 16 83
345 372 19 83
345 374 20 83
345 326 37 83
345 345 38 83
345 361 39 83
345 356 41 83
345 320 45 83
345 369 46 83
345 321 48 83
345 345 49 83
345 343 51 83
345 337 54 83
345 317 57 83
10 3 12 84
10 1 14 84
10 3 14 84
10 0 20 84
10 1 20 84
10 12 20 84
10 19 33 84
10 29 34 84
10 1 50 84
10 5 50 84
10 7 50 84
10 4 51 84
10 18 51 84
10 27 52 84
10 20 55 84
10 1 58 84
10 22 58 84
10 0 59 84
10 1 59 84
10 23 59 84
61 41 10 84
61 77 11 84
61 56 12 84
61 67 12 84
61 47 13 84
61 66 13 84
61 55 14 84
61 64 16 84
61 76 17 84
61 88 18 84
61 89 20 84
61 85 24 84
61 62 25 84
61 63 25 84
61 61 26 84
61 61 27 84
61 64 27 84
61 45 34 84
61 62 35 84
61 63 35 84
61 84 44 84
61 41 45 84
61 83 45 84
61 51 47 84
61 72 47 84
61 41 52 84
61 64 56 84
61 54 58 84
61 88 58 84
61 85 59 84
96 77 11 84
96 67 12 84
96 66 13 84
96 96 14 84
96 76 17 84
96 88 18 84
96 89 20 84
96 85 24 84
96 98 28 84
96 98 36 84
96 84 44 84
96 83 45 84
96 72 47 84
96 95 53 84
96 96 55 84
96 96 57 84
96 88 58 84
96 85 59 84
3 3 11 85
3 1 13 85
3 3 13 85
3 0 19 85
3 1 19 85
3 12 19 85
3 19 32 85
3 29 33 85
3 1 49 85
3 5 49 85
3 7 49 85
3 4 50 85
3 18 50 85
3 27 51 85
3 20 54 85
3 1 57 85
3 22 57 85
3 0 58 85
3 1 58 85
3 23 58 85
12 3 11 85
12 1 13 85
12 3 13 85
12 0 19 85
12 1 19 85
12 12 19 85
12 19 32 85
12 29 33 85
12 41 44 85
12 1 49 85
12 5 49 85
12 7 49 85
12 4 50 85
12 18 50 85
12 27 51 85
12 41 51 85
12 20 54 85
12 1 57 85
12 22 57 85
12 0 58 85
12 1 58 85
12 23 58 85
65 77 10 85
65 56 11 85
65 67 11 85
65 47 12 85
65 66 12 85
65 55 13 85
65 64 15 85
65 76 16 85
65 88 17 85
65 89 19 85
65 85 23 85
65 62 24 85
65 63 24 85
65 61 25 85
65 61 26 85
65 64 26 85
65 45 33 85
65 62 34 85
65 63 34 85
65 84 43 85
65 41 44 85
65 83 44 85
65 51 46 85
65 72 46 85
65 41 51 85
65 64 55 85
65 54 57 85
65 88 57 85
65 85 58 85
243 255 21 85
243 219 23 85
243 242 28 85
243 250 32 85
243 255 32 85
243 250 39 85
243 252 45 85
243 243 47 85
243 248 48 85
243 217 52 85
243 255 56 85
243 257 57 85
345 323 10 85
345 317 11 85
345 318 12 85
345 325 13 85
345 326 14 85
345 372 17 85
345 374 18 85
345 326 35 85
345 345 36 85
345 361 37 85
345 356 39 85
345 320 43 85
345 369 44 85
345 321 46 85
345 345 47 85
345 343 49 85
345 337 52 85
345 317 55 85
4 3 10 86
4 1 12 86
4 3 12 86
4 0 18 86
4 1 18 86
4 12 18 86
4 19 31 86
4 29 32 86
4 1 48 86
4 5 48 86
4 7 48 86
4 4 49 86
4 18 49 86
4 27 50 86
4 20 53 86
4 1 56 86
4 22 56 86
4 0 57 86
4 1 57 86
4 23 57 86
66 56 10 86
66 67 10 86
66 47 11 86
66 66 11 86
66 55 12 86
66 64 14 86
66 76 15 86
66 88 16 86
66 89 18 86
66 85 22 86
66 62 23 86
66 63 23 86
66 61 24 86
66 61 25 86
66 64 25 86
66 45 32 86
66 62 33 86
66 63 33 86
66 84 42 86
66 41 43 86
66 83 43 86
66 51 45 86
66 72 45 86
66 41 50 86
66 95 51 86
66 64 54 86
66 54 56 86
66 88 56 86
66 85 57 86
150 149 18 86
150 132 20 86
150 131 21 86
150 142 25 86
150 145 26 86
150 158 34 86
150 143 35 86
150 146 36 86
150 157 39 86
150 164 40 86
150 171 41 86
150 171 43 86
150 167 50 86
150 148 55 86
150 141 56 86
150 148 57 86
291 317 10 86
291 318 11 86
291 308 21 86
291 313 23 86
291 313 24 86
291 305 32 86
291 313 33 86
291 307 40 86
291 320 42 86
291 306 44 86
291 317 54 86
75 47 10 87
75 66 10 87
75 55 11 87
75 96 11 87
75 64 13 87
75 76 14 87
75 88 15 87
75 89 17 87
75 85 21 87
75 62 22 87
75 63 22 87
75 61 23 87
75 61 24 87
75 64 24 87
75 98 25 87
75 45 31 87
75 62 32 87
75 63 32 87
75 98 33 87
75 84 41 87
75 83 42 87
75 51 44 87
75 72 44 87
75 95 50 87
75 96 52 87
75 64 53 87
75 96 54 87
75 54 55 87
75 88 55 87
75 85 56 87
234 255 19 87
234 219 21 87
234 242 26 87
234 250 30 87
234 255 30 87
234 250 37 87
234 252 43 87
234 243 45 87
234 248 46 87
234 217 50 87
234 255 54 87
234 257 55 87
273 255 19 87
273 250 30 87
273 255 30 87
273 250 37 87
273 252 43 87
273 243 45 87
273 248 46 87
273 255 54 87
273 257 55 87
130 149 16 88
130 132 18 88
130 131 19 88
130 142 23 88
130 145 24 88
130 158 32 88
130 143 33 88
130 146 34 88
130 157 37 88
130 148 53 88
130 141 54 88
130 148 55 88
260 255 18 88
260 242 25 88
260 250 29 88
260 255 29 88
260 250 36 88
260 252 42 88
260 243 44 88
260 248 45 88
260 255 53 88
260 257 54 88
252 255 17 89
252 242 24 89
252 250 28 89
252 255 28 89
252 250 35 89
252 252 41 89
252 243 43 89
252 248 44 89
252 255 52 89
252 257 53 89
256 255 17 89
256 242 24 89
256 250 28 89
256 255 28 89
256 250 35 89
256 252 41 89
256 243 43 89
256 248 44 89
256 255 52 89
256 257 53 89
64 64 10 90
64 76 11 90
64 88 12 90
64 89 14 90
64 85 18 90
64 62 19 90
64 63 19 90
64 61 20 90
64 61 21 90
64 64 21 90
64 45 28 90
64 62 29 90
64 63 29 90
64 84 38 90
64 41 39 90
64 83 39 90
64 51 41 90
64 72 41 90
64 41 46 90
64 64 50 90
64 54 52 90
64 88 52 90
64 85 53 90
178 149 14 90
178 182 19 90
178 182 20 90
178 158 30 90
178 157 35 90
178 164 36 90
178 171 37 90
178 203 38 90
178 171 39 90
178 167 46 90
178 148 51 90
178 148 53 90
258 255 16 90
258 242 23 90
258 250 27 90
258 255 27 90
258 250 34 90
258 252 40 90
258 243 42 90
258 248 43 90
258 255 51 90
258 257 52 90
27 0 13 91
27 1 13 91
27 12 13 91
27 19 26 91
27 29 27 91
27 45 27 91
27 41 38 91
27 51 40 91
27 1 43 91
27 5 43 91
27 7 43 91
27 4 44 91
27 18 44 91
27 27 45 91
27 41 45 91
27 20 48 91
27 1 51 91
27 22 51 91
27 54 51 91
27 0 52 91
27 1 52 91
27 23 52 91
31 1 13 91
31 12 13 91
31 19 26 91
31 29 27 91
31 45 27 91
31 41 38 91
31 51 40 91
31 1 43 91
31 5 43 91
31 7 43 91
31 4 44 91
31 18 44 91
31 27 45 91
31 41 45 91
31 20 48 91
31 1 51 91
31 22 51 91
31 54 51 91
31 1 52 91
31 23 52 91
164 149 13 91
164 182 18 91
164 182 19 91
164 142 20 91
164 145 21 91
164 158 29 91
164 143 30 91
164 146 31 91
164 157 34 91
164 164 35 91
164 171 36 91
164 171 38 91
164 167 45 91
164 148 50 91
164 141 51 91
164 148 52 91
255 255 15 91
255 242 22 91
255 250 26 91
255 255 26 91
255 250 33 91
255 252 39 91
255 243 41 91
255 248 42 91
255 255 50 91
255 257 51 91
52 62 17 92
52 63 17 92
52 61 18 92
52 61 19 92
52 64 19 92
52 29 26 92
52 45 26 92
52 62 27 92
52 63 27 92
52 41 37 92
52 51 39 92
52 72 39 92
52 27 44 92
52 41 44 92
52 64 48 92
52 22 50 92
52 54 50 92
52 23 51 92
493 507 12 92
493 511 12 92
493 507 13 92
493 505 16 92
493 506 22 92
493 505 23 92
493 508 51 92
34 12 11 93
34 62 16 93
34 63 16 93
34 61 17 93
34 61 18 93
34 19 24 93
34 29 25 93
34 45 25 93
34 62 26 93
34 63 26 93
34 41 36 93
34 51 38 93
34 5 41 93
34 7 41 93
34 4 42 93
34 18 42 93
34 27 43 93
34 41 43 93
34 20 46 93
34 22 49 93
34 54 49 93
34 23 50 93
163 149 11 93
163 182 16 93
163 182 17 93
163 142 18 93
163 145 19 93
163 158 27 93
163 143 28 93
163 146 29 93
163 157 32 93
163 164 33 93
163 171 34 93
163 171 36 93
163 167 43 93
163 148 48 93
163 141 49 93
163 148 50 93
295 308 14 93
295 313 16 93
295 313 17 93
295 305 25 93
295 313 26 93
295 307 33 93
295 320 35 93
295 306 37 93
295 321 38 93
295 317 47 93
41 12 10 94
41 62 15 94
41 63 15 94
41 61 16 94
41 61 17 94
41 64 17 94
41 19 23 94
41 29 24 94
41 45 24 94
41 62 25 94
41 63 25 94
41 41 35 94
41 51 37 94
41 18 41 94
41 27 42 94
41 41 42 94
41 20 45 94
41 64 46 94
41 22 48 94
41 54 48 94
41 23 49 94
343 313 15 94
343 313 16 94
343 313 25 94
343 326 26 94
343 345 27 94
343 361 28 94
343 356 30 94
343 320 34 94
343 369 35 94
343 321 37 94
343 345 38 94
343 343 40 94
343 337 43 94
343 317 46 94
77 85 13 95
77 62 14 95
77 63 14 95
77 61 15 95
77 61 16 95
77 64 16 95
77 98 17 95
77 62 24 95
77 63 24 95
77 98 25 95
77 84 33 95
77 83 34 95
77 51 36 95
77 72 36 95
77 95 42 95
77 96 44 95
77 64 45 95
77 96 46 95
77 54 47 95
77 88 47 95
77 85 48 95
323 308 12 95
323 313 14 95
323 313 15 95
323 305 23 95
323 313 24 95
323 326 25 95
323 345 26 95
323 307 31 95
323 320 33 95
323 306 35 95
323 321 36 95
323 345 37 95
323 343 39 95
323 337 42 95
323 317 45 95
3 19 21 96
3 29 22 96
3 1 38 96
3 5 38 96
3 7 38 96
3 4 39 96
3 18 39 96
3 27 40 96
3 20 43 96
3 1 46 96
3 22 46 96
3 0 47 96
3 1 47 96
3 23 47 96
56 85 12 96
56 62 13 96
56 63 13 96
56 61 14 96
56 61 15 96
56 64 15 96
56 29 22 96
56 45 22 96
56 62 23 96
56 63 23 96
56 84 32 96
56 41 33 96
56 83 33 96
56 51 35 96
56 72 35 96
56 27 40 96
56 41 40 96
56 64 44 96
56 54 46 96
56 85 47 96
67 85 12 96
67 62 13 96
67 63 13 96
67 61 14 96
67 61 15 96
67 64 15 96
67 45 22 96
67 62 23 96
67 63 23 96
67 84 32 96
67 41 33 96
67 83 33 96
67 51 35 96
67 72 35 96
67 41 40 96
67 95 41 96
67 96 43 96
67 64 44 96
67 96 45 96
67 54 46 96
67 88 46 96
67 85 47 96
317 308 11 96
317 313 13 96
317 313 14 96
317 305 22 96
317 313 23 96
317 326 24 96
317 345 25 96
317 307 30 96
317 320 32 96
317 306 34 96
317 321 35 96
317 345 36 96
317 343 38 96
317 337 41 96
317 317 44 96
47 62 12 97
47 63 12 97
47 61 13 97
47 61 14 97
47 64 14 97
47 19 20 97
47 29 21 97
47 45 21 97
47 62 22 97
47 63 22 97
47 41 32 97
47 51 34 97
47 72 34 97
47 18 38 97
47 27 39 97
47 41 39 97
47 20 42 97
47 64 43 97
47 22 45 97
47 54 45 97
47 23 46 97
66 85 11 97
66 62 12 97
66 63 12 97
66 61 13 97
66 61 14 97
66 64 14 97
66 45 21 97
66 62 22 97
66 63 22 97
66 84 31 97
66 41 32 97
66 83 32 97
66 51 34 97
66 72 34 97
66 41 39 97
66 95 40 97
66 64 43 97
66 54 45 97
66 88 45 97
66 85 46 97
318 308 10 97
318 313 12 97
318 313 13 97
318 305 21 97
318 313 22 97
318 326 23 97
318 345 24 97
318 307 29 97
318 320 31 97
318 306 33 97
318 321 34 97
318 345 35 97
318 343 37 97
318 337 40 97
318 317 43 97
1 19 19 98
1 29 20 98
1 1 36 98
1 5 36 98
1 7 36 98
1 4 37 98
1 18 37 98
1 27 38 98
1 20 41 98
1 1 44 98
1 22 44 98
1 0 45 98
1 1 45 98
1 23 45 98
3 19 19 98
3 29 20 98
3 1 36 98
3 5 36 98
3 7 36 98
3 4 37 98
3 18 37 98
3 27 38 98
3 20 41 98
3 1 44 98
3 22 44 98
3 0 45 98
3 1 45 98
3 23 45 98
55 62 11 98
55 63 11 98
55 61 12 98
55 61 13 98
55 64 13 98
55 29 20 98
55 45 20 98
55 62 21 98
55 63 21 98
55 84 30 98
55 41 31 98
55 83 31 98
55 51 33 98
55 72 33 98
55 27 38 98
55 41 38 98
55 64 42 98
55 54 44 98
96 85 10 98
96 98 14 98
96 98 22 98
96 84 30 98
96 83 31 98
96 72 33 98
96 95 39 98
96 96 41 98
96 96 43 98
96 88 44 98
96 85 45 98
325 313 11 98
325 313 12 98
325 305 20 98
325 313 21 98
325 326 22 98
325 345 23 98
325 307 28 98
325 320 30 98
325 306 32 98
325 321 33 98
325 345 34 98
325 343 36 98
325 337 39 98
325 317 42 98
326 313 10 99
326 313 11 99
326 305 19 99
326 313 20 99
326 326 21 99
326 345 22 99
326 307 27 99
326 320 29 99
326 306 31 99
326 321 32 99
326 345 33 99
326 343 35 99
326 337 38 99
326 317 41 99
64 61 10 100
64 61 11 100
64 64 11 100
64 45 18 100
64 62 19 100
64 63 19 100
64 84 28 100
64 41 29 100
64 83 29 100
64 51 31 100
64 72 31 100
64 41 36 100
64 64 40 100
64 54 42 100
64 88 42 100
64 85 43 100
76 61 10 101
76 64 10 101
76 98 11 101
76 62 18 101
76 63 18 101
76 98 19 101
76 84 27 101
76 83 28 101
76 51 30 101
76 72 30 101
76 95 36 101
76 96 38 101
76 64 39 101
76 96 40 101
76 54 41 101
76 88 41 101
76 85 42 101
442 458 22 101
442 459 32 101
88 98 10 102
88 62 17 102
88 63 17 102
88 98 18 102
88 84 26 102
88 83 27 102
88 72 29 102
88 95 35 102
88 96 37 102
88 64 38 102
88 96 39 102
88 88 40 102
88 85 41 102
372 384 10 102
372 386 11 102
372 345 19 102
372 361 20 102
372 356 22 102
372 387 23 102
372 369 27 102
372 345 30 102
372 343 32 102
372 384 33 102
372 379 34 102
374 386 10 103
374 345 18 103
374 361 19 103
374 356 21 103
374 387 22 103
374 402 24 103
374 369 26 103
374 345 29 103
374 384 32 103
374 379 33 103
0 19 13 104
0 29 14 104
0 1 30 104
0 5 30 104
0 7 30 104
0 4 31 104
0 18 31 104
0 27 32 104
0 20 35 104
0 1 38 104
0 22 38 104
0 0 39 104
0 1 39 104
0 23 39 104
1 19 13 104
1 29 14 104
1 1 30 104
1 5 30 104
1 7 30 104
1 4 31 104
1 18 31 104
1 27 32 104
1 20 35 104
1 1 38 104
1 22 38 104
1 0 39 104
1 1 39 104
1 23 39 104
12 19 13 104
12 29 14 104
12 41 25 104
12 1 30 104
12 5 30 104
12 7 30 104
12 4 31 104
12 18 31 104
12 27 32 104
12 41 32 104
12 20 35 104
12 1 38 104
12 22 38 104
12 0 39 104
12 1 39 104
12 23 39 104
89 62 15 104
89 63 15 104
89 98 16 104
89 84 24 104
89 83 25 104
89 72 27 104
89 95 33 104
89 96 35 104
89 64 36 104
89 96 37 104
89 88 38 104
89 85 39 104
149 158 16 104
149 143 17 104
149 146 18 104
149 157 21 104
149 164 22 104
149 171 23 104
149 171 25 104
149 167 32 104
149 148 37 104
149 141 38 104
149 148 39 104
507 506 10 104
507 505 11 104
507 508 39 104
511 506 10 104
511 505 11 104
511 508 39 104
507 505 10 105
507 508 38 105
132 158 14 106
132 143 15 106
132 146 16 106
132 157 19 106
132 148 35 106
132 141 36 106
132 148 37 106
255 250 11 106
255 255 11 106
255 250 18 106
255 252 24 106
255 243 26 106
255 248 27 106
255 255 35 106
255 257 36 106
131 158 13 107
131 143 14 107
131 146 15 107
131 157 18 107
131 148 34 107
131 141 35 107
131 148 36 107
308 305 11 107
308 313 12 107
308 326 13 107
308 307 19 107
308 320 21 107
308 306 23 107
308 321 24 107
308 337 30 107
308 317 33 107
85 62 11 108
85 63 11 108
85 98 12 108
85 84 20 108
85 83 21 108
85 72 23 108
85 95 29 108
85 96 31 108
85 64 32 108
85 96 33 108
85 88 34 108
85 85 35 108
219 203 20 108
219 243 24 108
219 248 25 108
219 217 29 108
505 508 35 108
62 62 10 109
62 63 10 109
62 84 19 109
62 41 20 109
62 83 20 109
62 51 22 109
62 72 22 109
62 41 27 109
62 64 31 109
62 54 33 109
62 88 33 109
62 85 34 109
63 62 10 109
63 63 10 109
63 84 19 109
63 41 20 109
63 83 20 109
63 51 22 109
63 72 22 109
63 41 27 109
63 64 31 109
63 54 33 109
63 88 33 109
63 85 34 109
182 158 11 109
182 157 16 109
182 164 17 109
182 171 18 109
182 203 19 109
182 171 20 109
182 167 27 109
313 313 10 109
313 326 11 109
313 307 17 109
313 320 19 109
313 306 21 109
313 321 22 109
313 337 28 109
313 317 31 109
61 84 18 110
61 41 19 110
61 83 19 110
61 51 21 110
61 72 21 110
61 41 26 110
61 64 30 110
61 54 32 110
61 88 32 110
61 85 33 110
182 158 10 110
182 157 15 110
182 164 16 110
182 171 17 110
182 203 18 110
182 171 19 110
182 167 26 110
313 326 10 110
313 307 16 110
313 320 18 110
313 306 20 110
313 321 21 110
313 337 27 110
313 317 30 110
61 84 17 111
61 41 18 111
61 83 18 111
61 51 20 111
61 72 20 111
61 41 25 111
61 64 29 111
61 54 31 111
61 88 31 111
61 85 32 111
64 84 17 111
64 41 18 111
64 83 18 111
64 51 20 111
64 72 20 111
64 41 25 111
64 64 29 111
64 54 31 111
64 88 31 111
64 85 32 111
142 143 10 111
142 146 11 111
142 157 14 111
142 164 15 111
142 171 16 111
142 171 18 111
142 167 25 111
142 148 30 111
142 141 31 111
142 148 32 111
385 361 11 111
385 356 13 111
385 387 14 111
385 402 16 111
385 369 18 111
385 384 24 111
385 379 25 111
98 84 16 112
98 83 17 112
98 72 19 112
98 95 25 112
98 96 27 112
98 96 29 112
98 88 30 112
98 85 31 112
145 146 10 112
145 157 13 112
145 164 14 112
145 171 15 112
145 171 17 112
145 167 24 112
145 148 29 112
145 141 30 112
145 148 31 112
384 361 10 112
384 356 12 112
384 387 13 112
384 402 15 112
384 369 17 112
384 384 23 112
384 379 24 112
242 250 11 113
242 252 17 113
242 243 19 113
242 248 20 113
242 217 24 113
242 255 28 113
242 257 29 113
386 356 11 113
386 387 12 113
386 402 14 113
386 369 16 113
386 384 22 113
386 379 23 113
506 508 29 114
505 508 28 115
19 41 12 117
19 1 17 117
19 5 17 117
19 7 17 117
19 4 18 117
19 18 18 117
19 27 19 117
19 41 19 117
19 20 22 117
19 1 25 117
19 22 25 117
19 0 26 117
19 1 26 117
19 23 26 117
250 252 13 117
250 243 15 117
250 248 16 117
250 255 24 117
250 257 25 117
255 252 13 117
255 243 15 117
255 248 16 117
255 255 24 117
255 257 25 117
29 41 11 118
29 51 13 118
29 1 16 118
29 5 16 118
29 7 16 118
29 4 17 118
29 18 17 118
29 27 18 118
29 41 18 118
29 20 21 118
29 1 24 118
29 22 24 118
29 54 24 118
29 0 25 118
29 1 25 118
29 23 25 118
45 41 11 118
45 51 13 118
45 72 13 118
45 18 17 118
45 27 18 118
45 41 18 118
45 20 21 118
45 64 22 118
45 22 24 118
45 54 24 118
45 23 25 118
305 320 10 118
305 306 12 118
305 321 13 118
305 317 22 118
62 41 10 119
62 83 10 119
62 51 12 119
62 72 12 119
62 41 17 119
62 64 21 119
62 54 23 119
62 88 23 119
62 85 24 119
63 41 10 119
63 83 10 119
63 51 12 119
63 72 12 119
63 41 17 119
63 64 21 119
63 54 23 119
63 88 23 119
63 85 24 119
313 306 11 119
313 321 12 119
313 337 18 119
313 317 21 119
98 72 11 120
98 95 17 120
98 96 19 120
98 96 21 120
98 88 22 120
98 85 23 120
158 167 16 120
158 148 21 120
158 141 22 120
158 148 23 120
326 306 10 120
326 321 11 120
326 345 12 120
326 343 14 120
326 337 17 120
326 317 20 120
143 167 15 121
143 148 20 121
143 141 21 121
143 148 22 121
345 321 10 121
345 345 11 121
345 343 13 121
345 337 16 121
345 317 19 121
146 167 14 122
146 148 19 122
146 141 20 122
146 148 21 122
361 345 10 122
361 343 12 122
361 384 13 122
361 379 14 122
361 337 15 122
458 459 10 123
250 255 17 124
250 257 18 124
356 343 10 124
356 384 11 124
356 379 12 124
356 337 13 124
157 167 11 125
157 148 16 125
157 141 17 125
157 148 18 125
387 384 10 125
387 379 11 125
164 167 10 126
164 148 15 126
164 141 16 126
164 148 17 126
307 317 14 126
171 148 14 127
171 141 15 127
171 148 16 127
84 96 11 128
84 64 12 128
84 96 13 128
84 54 14 128
84 88 14 128
84 85 15 128
320 317 12 128
41 20 10 129
41 64 11 129
41 22 13 129
41 54 13 129
41 23 14 129
83 96 10 129
83 64 11 129
83 96 12 129
83 54 13 129
83 88 13 129
83 85 14 129
171 148 12 129
171 141 13 129
171 148 14 129
252 255 11 130
252 257 12 130
306 317 10 130
51 22 11 131
51 54 11 131
51 23 12 131
72 96 10 131
72 54 11 131
72 88 11 131
72 85 12 131
243 257 10 132
