693 697 1 0
693 685 3 0
693 703 4 0
693 695 5 0
122 135 1 1
122 116 6 1
122 121 7 1
122 141 7 1
122 104 20 1
161 146 2 1
161 173 5 1
161 141 7 1
267 251 4 1
267 256 4 1
697 685 2 1
697 703 3 1
697 695 4 1
4 0 1 2
4 1 1 2
4 3 1 2
4 16 1 2
4 2 2 2
4 3 2 2
4 3 3 2
4 6 4 2
4 7 4 2
4 21 4 2
4 21 10 2
8 0 1 2
8 1 1 2
8 3 1 2
8 16 1 2
8 2 2 2
8 3 2 2
8 3 3 2
8 27 3 2
8 6 4 2
8 7 4 2
8 21 4 2
8 21 10 2
15 0 1 2
15 1 1 2
15 3 1 2
15 16 1 2
15 2 2 2
15 3 2 2
15 28 2 2
15 33 2 2
15 3 3 2
15 27 3 2
15 31 3 2
15 6 4 2
15 7 4 2
15 21 4 2
15 28 5 2
15 28 9 2
15 21 10 2
15 32 10 2
15 31 11 2
15 28 12 2
15 31 17 2
54 44 1 2
54 66 1 2
54 68 3 2
54 48 4 2
54 69 4 2
54 41 7 2
54 48 14 2
54 49 15 2
54 46 16 2
80 66 1 2
80 68 3 2
80 69 4 2
135 146 1 2
135 116 5 2
135 121 6 2
135 141 6 2
311 302 2 2
311 320 4 2
311 308 7 2
311 326 9 2
311 305 10 2
311 328 13 2
311 322 14 2
311 329 20 2
593 606 9 2
0 2 1 3
0 3 1 3
0 3 2 3
0 6 3 3
0 7 3 3
1 2 1 3
1 3 1 3
1 3 2 3
1 6 3 3
1 7 3 3
3 2 1 3
3 3 1 3
3 3 2 3
3 6 3 3
3 7 3 3
3 21 3 3
3 21 9 3
16 2 1 3
16 3 1 3
16 28 1 3
16 33 1 3
16 3 2 3
16 27 2 3
16 31 2 3
16 6 3 3
16 7 3 3
16 21 3 3
16 28 4 3
16 28 8 3
16 21 9 3
16 32 9 3
16 31 10 3
16 28 11 3
16 31 16 3
44 28 1 3
44 33 1 3
44 27 2 3
44 31 2 3
44 48 3 3
44 28 4 3
44 41 6 3
44 28 8 3
44 32 9 3
44 31 10 3
44 28 11 3
44 48 13 3
44 49 14 3
44 46 15 3
44 31 16 3
66 68 2 3
66 48 3 3
66 69 3 3
66 48 13 3
66 49 14 3
66 46 15 3
146 141 5 3
461 464 7 3
461 453 10 3
461 451 14 3
461 447 15 3
685 703 1 3
685 695 2 3
685 677 19 3
2 3 1 4
2 6 2 4
2 7 2 4
2 21 2 4
2 21 8 4
3 3 1 4
3 6 2 4
3 7 2 4
3 21 2 4
3 21 8 4
28 27 1 4
28 31 1 4
28 21 2 4
28 28 3 4
28 41 5 4
28 28 7 4
28 21 8 4
28 32 8 4
28 31 9 4
28 28 10 4
28 46 14 4
28 31 15 4
33 27 1 4
33 31 1 4
33 21 2 4
33 48 2 4
33 28 3 4
33 41 5 4
33 28 7 4
33 21 8 4
33 32 8 4
33 31 9 4
33 28 10 4
33 48 12 4
33 49 13 4
33 46 14 4
33 31 15 4
302 320 2 4
302 308 5 4
302 305 8 4
703 695 1 4
3 6 1 5
3 7 1 5
3 21 1 5
3 21 7 5
27 7 1 5
27 21 1 5
27 28 2 5
27 41 4 5
27 28 6 5
27 21 7 5
27 32 7 5
27 31 8 5
27 28 9 5
27 46 13 5
27 31 14 5
31 21 1 5
31 48 1 5
31 28 2 5
31 41 4 5
31 28 6 5
31 21 7 5
31 32 7 5
31 31 8 5
31 28 9 5
31 48 11 5
31 49 12 5
31 46 13 5
31 31 14 5
68 48 1 5
68 69 1 5
68 48 11 5
68 49 12 5
251 236 2 5
256 236 2 5
256 271 19 5
695 677 17 5
6 21 6 6
7 21 6 6
21 28 1 6
21 28 5 6
21 21 6 6
21 32 6 6
21 31 7 6
21 28 8 6
21 31 13 6
48 28 1 6
48 41 3 6
48 28 5 6
48 32 6 6
48 31 7 6
48 28 8 6
48 48 10 6
48 49 11 6
48 46 12 6
48 31 13 6
69 49 11 6
173 187 15 6
320 308 3 6
320 326 5 6
320 305 6 6
320 328 9 6
320 322 10 6
320 331 13 6
320 329 16 6
320 331 20 6
664 664 1 6
664 653 6 6
664 677 16 6
664 646 17 6
28 41 2 7
28 28 4 7
28 21 5 7
28 32 5 7
28 31 6 7
28 28 7 7
28 46 11 7
28 31 12 7
116 121 1 7
116 104 14 7
116 106 15 7
409 425 1 7
409 427 7 7
664 653 5 7
664 677 15 7
664 646 16 7
121 104 13 8
121 106 14 8
425 427 6 8
758 739 9 8
758 740 10 8
758 740 12 8
758 740 13 8
41 28 2 9
41 21 3 9
41 32 3 9
41 31 4 9
41 28 5 9
41 48 7 9
41 49 8 9
41 46 9 9
41 31 10 9
308 326 2 9
308 305 3 9
308 322 7 9
308 300 18 9
308 301 19 9
633 632 10 9
633 646 14 9
464 453 3 10
464 451 7 10
464 447 8 10
464 460 19 10
514 528 6 10
514 513 15 10
514 530 17 10
28 21 1 11
28 32 1 11
28 31 2 11
28 28 3 11
28 46 7 11
28 31 8 11
28 26 19 11
326 328 4 11
326 322 5 11
326 331 8 11
326 329 11 11
326 343 14 11
326 331 15 11
326 335 19 11
606 589 13 11
21 31 1 12
21 28 2 12
21 31 7 12
21 26 18 12
32 31 1 12
32 28 2 12
32 48 4 12
32 49 5 12
32 46 6 12
32 31 7 12
32 26 18 12
305 322 4 12
305 300 15 12
305 301 16 12
653 646 11 12
31 28 1 13
31 48 3 13
31 49 4 13
31 46 5 13
31 31 6 13
31 26 17 13
453 451 4 13
453 447 5 13
453 460 16 13
453 440 18 13
545 546 1 13
545 528 3 13
545 530 14 13
545 534 17 13
545 539 18 13
545 540 19 13
28 46 4 14
28 31 5 14
28 26 16 14
28 28 20 14
427 440 17 14
546 528 2 14
546 530 13 14
546 534 16 14
546 539 17 14
546 540 18 14
328 322 1 15
328 331 4 15
328 329 7 15
328 343 10 15
328 331 11 15
328 335 15 15
328 342 19 15
571 589 9 15
48 49 1 16
48 46 2 16
48 31 3 16
48 28 18 16
48 38 20 16
322 331 3 16
322 329 6 16
322 331 10 16
322 335 14 16
322 302 17 16
528 513 9 16
528 530 11 16
528 534 14 16
528 539 15 16
528 540 16 16
49 46 1 17
49 31 2 17
49 38 19 17
451 447 1 17
451 460 12 17
451 440 14 17
451 463 20 17
739 740 1 17
739 740 3 17
739 740 4 17
739 725 11 17
739 728 16 17
739 721 17 17
739 727 18 17
739 728 19 17
739 719 20 17
46 31 1 18
46 26 12 18
46 28 16 18
46 38 18 18
206 187 3 18
206 203 10 18
206 199 12 18
206 221 19 18
447 460 11 18
447 440 13 18
447 463 19 18
740 740 2 18
740 740 3 18
740 725 10 18
740 728 15 18
740 721 16 18
740 727 17 18
740 728 18 18
31 26 11 19
31 28 15 19
31 14 16 19
31 18 16 19
31 38 17 19
31 24 19 19
31 28 20 19
331 329 3 19
331 343 6 19
331 331 7 19
331 335 11 19
331 342 15 19
632 646 4 19
740 740 1 20
740 725 8 20
740 728 13 20
740 721 14 20
740 727 15 20
740 728 16 20
740 752 20 20
104 106 1 21
104 104 8 21
104 106 10 21
104 85 15 21
187 203 7 21
187 199 9 21
371 353 18 21
371 359 19 21
740 725 7 21
740 728 12 21
740 721 13 21
740 727 14 21
740 728 15 21
740 752 19 21
106 104 7 22
106 106 9 22
329 343 3 22
329 331 4 22
329 335 8 22
329 342 12 22
329 326 20 22
677 684 7 22
677 677 17 22
646 652 15 23
271 278 8 24
271 274 12 24
271 272 20 24
343 331 1 25
343 335 5 25
343 342 9 25
343 353 14 25
343 359 15 25
343 326 17 25
513 530 2 25
513 511 16 25
513 526 17 25
331 335 4 26
331 342 8 26
331 326 16 26
717 725 2 26
717 728 7 26
717 721 8 26
717 727 9 26
717 728 10 26
717 719 11 26
717 698 18 26
300 301 1 27
300 302 6 27
300 304 11 27
300 285 19 27
530 534 3 27
530 539 4 27
530 540 5 27
530 511 14 27
530 526 15 27
203 199 2 28
203 221 9 28
203 206 14 28
301 302 5 28
301 304 10 28
301 285 18 28
725 728 5 28
725 721 6 28
725 727 7 28
725 728 8 28
725 719 9 28
725 740 17 28
725 740 18 28
725 740 19 28
725 733 20 28
104 106 2 29
104 85 7 29
104 101 14 29
104 117 20 29
460 440 2 29
460 463 8 29
684 677 10 29
684 698 15 29
26 28 4 30
26 14 5 30
26 18 5 30
26 38 6 30
26 24 8 30
26 28 9 30
26 26 10 30
26 10 12 30
26 45 18 30
26 30 19 30
199 206 12 30
199 208 19 30
335 342 4 30
335 353 9 30
335 326 12 30
534 539 1 30
534 540 2 30
534 526 12 30
534 551 13 30
534 529 19 30
106 101 12 31
106 117 18 31
106 112 19 31
440 422 4 31
539 540 1 31
539 526 11 31
539 551 12 31
539 529 18 31
539 543 20 31
278 274 4 32
278 272 12 32
278 285 14 32
278 275 15 32
278 288 17 32
278 276 18 32
540 526 10 32
540 551 11 32
540 529 17 32
540 543 19 32
302 304 5 33
302 285 13 33
302 288 16 33
302 303 19 33
728 721 1 33
728 727 2 33
728 728 3 33
728 719 4 33
728 740 12 33
728 740 13 33
728 740 14 33
728 733 15 33
728 708 17 33
728 741 19 33
3 3 1 34
3 14 1 34
3 18 1 34
3 10 8 34
28 14 1 34
28 18 1 34
28 38 2 34
28 24 4 34
28 28 5 34
28 26 6 34
28 10 8 34
28 45 14 34
28 30 15 34
28 28 18 34
28 33 18 34
342 353 5 34
342 359 6 34
342 326 8 34
342 338 17 34
721 727 1 34
721 728 2 34
721 719 3 34
721 740 11 34
721 740 12 34
721 740 13 34
721 733 14 34
721 708 16 34
3 10 7 35
14 24 3 35
14 28 4 35
14 26 5 35
14 10 7 35
14 30 14 35
14 28 17 35
14 33 17 35
18 24 3 35
18 28 4 35
18 26 5 35
18 10 7 35
18 30 14 35
18 28 17 35
18 33 17 35
245 237 1 35
245 236 5 35
245 247 9 35
245 247 10 35
245 248 13 35
245 255 13 35
245 240 15 35
727 728 1 35
727 719 2 35
727 740 10 35
727 740 11 35
727 740 12 35
727 733 13 35
727 708 15 35
727 741 17 35
38 24 2 36
38 28 3 36
38 26 4 36
38 45 12 36
38 30 13 36
38 28 16 36
38 33 16 36
85 101 7 36
85 79 10 36
85 83 11 36
85 65 20 36
237 221 1 36
237 236 4 36
237 247 8 36
237 247 9 36
237 248 12 36
237 255 12 36
237 240 14 36
274 272 8 36
274 285 10 36
274 275 11 36
274 255 12 36
274 288 13 36
274 276 14 36
274 277 17 36
274 273 18 36
728 719 1 36
728 740 9 36
728 740 10 36
728 740 11 36
728 733 12 36
728 708 14 36
728 741 16 36
221 236 3 37
221 206 5 37
221 208 12 37
221 240 13 37
221 209 14 37
719 733 11 37
719 708 13 37
24 28 1 38
24 26 2 38
24 10 4 38
24 30 11 38
24 28 14 38
24 33 14 38
304 285 8 38
304 288 11 38
304 303 14 38
304 320 17 38
28 26 1 39
28 10 3 39
28 45 9 39
28 30 10 39
28 28 13 39
28 33 13 39
353 359 1 39
353 338 12 39
26 10 2 40
26 45 8 40
26 30 9 40
26 28 12 40
26 33 12 40
236 247 4 40
236 247 5 40
236 248 8 40
236 255 8 40
236 240 10 40
752 740 5 40
752 740 6 40
752 740 7 40
752 733 8 40
752 741 12 40
752 741 17 40
511 526 1 41
511 529 8 41
511 515 14 41
10 28 10 42
206 208 7 42
206 209 9 42
326 338 9 42
326 320 13 42
526 529 7 42
526 543 9 42
526 515 13 42
101 83 4 43
101 117 6 43
101 112 7 43
101 113 12 43
101 90 14 43
101 117 17 43
137 117 6 43
137 127 9 43
137 131 12 43
137 117 17 43
551 543 8 43
551 554 15 43
247 247 1 44
247 248 4 44
247 255 4 44
247 240 6 44
247 257 14 44
272 285 2 44
272 275 3 44
272 255 4 44
272 288 5 44
272 276 6 44
272 277 9 44
272 273 10 44
272 257 14 44
698 708 6 44
247 248 3 45
247 255 3 45
247 240 5 45
247 257 13 45
740 740 1 45
740 740 2 45
740 733 3 45
740 741 7 45
740 741 12 45
79 83 1 46
79 63 2 46
79 64 6 46
79 65 10 46
79 90 11 46
285 275 1 46
285 288 3 46
285 276 4 46
285 303 6 46
285 277 7 46
285 273 8 46
285 292 14 46
740 740 1 46
740 733 2 46
740 741 6 46
740 741 11 46
83 63 1 47
83 64 5 47
83 65 9 47
83 90 10 47
275 255 1 47
275 288 2 47
275 276 3 47
275 277 6 47
275 273 7 47
275 257 11 47
275 292 13 47
740 733 1 47
740 741 5 47
740 741 10 47
45 30 1 48
45 28 4 48
45 33 4 48
45 64 4 48
63 64 4 48
63 65 8 48
248 240 2 48
248 257 10 48
255 240 2 48
255 273 6 48
255 257 10 48
733 741 4 48
733 741 9 48
30 28 3 49
30 33 3 49
117 112 1 49
117 127 3 49
117 113 6 49
117 131 6 49
117 117 11 49
208 209 2 49
288 276 1 49
288 303 3 49
288 277 4 49
288 273 5 49
288 292 11 49
529 543 2 49
529 515 6 49
112 127 2 50
112 113 5 50
112 131 5 50
112 117 10 50
240 257 8 50
276 277 3 50
276 273 4 50
276 257 8 50
276 292 10 50
338 320 4 51
543 554 7 51
64 65 4 52
127 113 3 52
127 131 3 52
127 117 8 52
303 320 3 52
303 292 8 52
741 741 5 52
277 273 1 53
277 257 5 53
277 292 7 53
178 172 6 54
273 257 4 54
273 292 6 54
629 610 6 54
113 117 5 55
131 117 5 55
