208 213 2 1
208 197 3 1
208 196 4 1
208 171 9 1
208 234 26 1
208 178 31 1
208 171 34 1
208 227 35 1
208 252 39 1
208 227 42 1
208 203 44 1
208 233 46 1
208 148 51 1
208 251 54 1
208 227 58 1
208 231 60 1
208 202 67 1
208 228 69 1
494 496 1 2
494 500 2 2
494 491 3 2
494 494 4 2
494 492 7 2
494 509 8 2
494 511 8 2
494 496 25 2
494 511 25 2
494 442 26 2
494 511 26 2
494 435 37 2
494 444 39 2
494 511 39 2
494 441 40 2
494 462 41 2
494 494 42 2
494 505 44 2
494 511 45 2
494 477 47 2
494 474 48 2
494 498 52 2
494 446 54 2
494 511 54 2
494 446 55 2
494 486 62 2
494 477 63 2
494 498 64 2
494 505 65 2
494 511 65 2
494 445 68 2
494 511 69 2
213 197 1 3
213 196 2 3
213 171 7 3
213 234 24 3
213 178 29 3
213 171 32 3
213 227 33 3
213 252 37 3
213 227 40 3
213 203 42 3
213 233 44 3
213 251 52 3
213 227 56 3
213 231 58 3
213 202 65 3
213 228 67 3
496 500 1 3
496 491 2 3
496 494 3 3
496 492 6 3
496 509 7 3
496 511 7 3
496 496 24 3
496 511 24 3
496 442 25 3
496 511 25 3
496 444 38 3
496 511 38 3
496 441 39 3
496 462 40 3
496 494 41 3
496 505 43 3
496 511 44 3
496 477 46 3
496 474 47 3
496 498 51 3
496 446 53 3
496 511 53 3
496 446 54 3
496 486 61 3
496 477 62 3
496 498 63 3
496 505 64 3
496 511 64 3
496 445 67 3
496 511 68 3
496 474 70 3
197 196 1 4
197 171 6 4
197 234 23 4
197 178 28 4
197 171 31 4
197 227 32 4
197 252 36 4
197 227 39 4
197 203 41 4
197 233 43 4
197 148 48 4
197 251 51 4
197 227 55 4
197 231 57 4
197 202 64 4
197 228 66 4
197 251 70 4
500 491 1 4
500 494 2 4
500 492 5 4
500 509 6 4
500 511 6 4
500 496 23 4
500 511 23 4
500 442 24 4
500 511 24 4
500 444 37 4
500 511 37 4
500 441 38 4
500 462 39 4
500 494 40 4
500 505 42 4
500 511 43 4
500 477 45 4
500 474 46 4
500 498 50 4
500 446 52 4
500 511 52 4
500 446 53 4
500 486 60 4
500 477 61 4
500 498 62 4
500 505 63 4
500 511 63 4
500 445 66 4
500 511 67 4
500 474 69 4
196 171 5 5
196 234 22 5
196 178 27 5
196 171 30 5
196 227 31 5
196 252 35 5
196 227 38 5
196 203 40 5
196 233 42 5
196 148 47 5
196 251 50 5
196 227 54 5
196 231 56 5
196 202 63 5
196 228 65 5
196 251 69 5
491 494 1 5
491 492 4 5
491 509 5 5
491 511 5 5
491 496 22 5
491 511 22 5
491 442 23 5
491 511 23 5
491 435 34 5
491 444 36 5
491 511 36 5
491 441 37 5
491 462 38 5
491 494 39 5
491 505 41 5
491 511 42 5
491 477 44 5
491 474 45 5
491 498 49 5
491 446 51 5
491 511 51 5
491 446 52 5
491 486 59 5
491 477 60 5
491 498 61 5
491 505 62 5
491 511 62 5
491 445 65 5
491 511 66 5
491 474 68 5
494 492 3 6
494 509 4 6
494 511 4 6
494 496 21 6
494 511 21 6
494 442 22 6
494 511 22 6
494 435 33 6
494 444 35 6
494 511 35 6
494 441 36 6
494 462 37 6
494 494 38 6
494 505 40 6
494 511 41 6
494 477 43 6
494 474 44 6
494 498 48 6
494 446 50 6
494 511 50 6
494 446 51 6
494 486 58 6
494 477 59 6
494 498 60 6
494 505 61 6
494 511 61 6
494 445 64 6
494 511 65 6
494 474 67 6
416 415 1 7
416 442 21 7
416 373 24 7
416 396 30 7
416 424 31 7
416 435 32 7
416 444 34 7
416 441 35 7
416 462 36 7
416 398 40 7
416 474 43 7
416 375 48 7
416 446 49 7
416 446 50 7
416 399 54 7
416 379 55 7
416 406 56 7
416 381 61 7
416 406 62 7
416 445 63 7
416 393 64 7
416 406 65 7
416 474 66 7
416 404 67 7
415 442 20 8
415 373 23 8
415 396 29 8
415 424 30 8
415 435 31 8
415 444 33 8
415 441 34 8
415 462 35 8
415 398 39 8
415 474 42 8
415 375 47 8
415 446 48 8
415 446 49 8
415 399 53 8
415 379 54 8
415 406 55 8
415 381 60 8
415 406 61 8
415 445 62 8
415 393 63 8
415 406 64 8
415 474 65 8
415 404 66 8
492 509 1 9
492 511 1 9
492 496 18 9
492 511 18 9
492 442 19 9
492 511 19 9
492 435 30 9
492 444 32 9
492 511 32 9
492 441 33 9
492 462 34 9
492 494 35 9
492 505 37 9
492 511 38 9
492 477 40 9
492 474 41 9
492 498 45 9
492 446 47 9
492 511 47 9
492 446 48 9
492 486 55 9
492 477 56 9
492 498 57 9
492 505 58 9
492 511 58 9
492 445 61 9
492 511 62 9
492 474 64 9
171 178 22 10
171 127 24 10
171 171 25 10
171 227 26 10
171 227 33 10
171 203 35 10
171 148 42 10
171 227 49 10
171 202 58 10
171 228 60 10
171 148 67 10
171 197 68 10
171 210 69 10
171 178 70 10
509 496 17 10
509 511 17 10
509 511 18 10
509 511 31 10
509 462 33 10
509 494 34 10
509 505 36 10
509 511 37 10
509 477 39 10
509 474 40 10
509 498 44 10
509 511 46 10
509 486 54 10
509 477 55 10
509 498 56 10
509 505 57 10
509 511 57 10
509 511 61 10
509 474 63 10
511 496 17 10
511 511 17 10
511 511 18 10
511 511 31 10
511 462 33 10
511 494 34 10
511 505 36 10
511 511 37 10
511 477 39 10
511 474 40 10
511 498 44 10
511 511 46 10
511 486 54 10
511 477 55 10
511 498 56 10
511 505 57 10
511 511 57 10
511 511 61 10
511 474 63 10
345 345 1 11
345 345 2 11
345 345 3 11
345 345 4 11
345 338 19 11
345 373 20 11
345 344 21 11
345 350 22 11
345 316 25 11
345 396 26 11
345 319 29 11
345 300 34 11
345 398 36 11
345 300 41 11
345 285 42 11
345 375 44 11
345 321 49 11
345 399 50 11
345 379 51 11
345 381 57 11
345 393 60 11
345 404 63 11
345 335 65 11
345 287 66 11
345 345 1 12
345 345 2 12
345 345 3 12
345 338 18 12
345 373 19 12
345 344 20 12
345 350 21 12
345 316 24 12
345 396 25 12
345 319 28 12
345 300 33 12
345 398 35 12
345 300 40 12
345 285 41 12
345 375 43 12
345 321 48 12
345 399 49 12
345 379 50 12
345 381 56 12
345 393 59 12
345 404 62 12
345 335 64 12
345 287 65 12
345 345 1 13
345 345 2 13
345 338 17 13
345 373 18 13
345 344 19 13
345 350 20 13
345 316 23 13
345 396 24 13
345 319 27 13
345 300 32 13
345 398 34 13
345 300 39 13
345 285 40 13
345 375 42 13
345 321 47 13
345 399 48 13
345 379 49 13
345 381 55 13
345 393 58 13
345 404 61 13
345 335 63 13
345 287 64 13
345 345 1 14
345 338 16 14
345 373 17 14
345 344 18 14
345 350 19 14
345 316 22 14
345 396 23 14
345 319 26 14
345 300 31 14
345 398 33 14
345 300 38 14
345 285 39 14
345 375 41 14
345 321 46 14
345 399 47 14
345 379 48 14
345 381 54 14
345 393 57 14
345 404 60 14
345 335 62 14
345 287 63 14
47 17 12 15
47 69 12 15
47 15 13 15
47 47 18 15
47 61 20 15
47 103 20 15
47 62 21 15
47 65 21 15
47 77 22 15
47 71 23 15
47 47 28 15
47 20 30 15
47 47 30 15
47 10 37 15
47 3 39 15
47 14 39 15
47 18 39 15
47 24 40 15
47 31 40 15
47 63 40 15
47 23 41 15
47 61 41 15
47 63 41 15
47 10 42 15
47 15 42 15
47 0 47 15
47 1 47 15
47 5 47 15
47 9 47 15
47 15 47 15
47 103 47 15
47 2 48 15
47 3 48 15
47 7 48 15
47 99 48 15
47 10 50 15
47 15 50 15
47 2 51 15
47 3 51 15
47 8 51 15
47 24 51 15
47 32 51 15
47 2 52 15
47 3 52 15
47 2 53 15
47 3 53 15
47 7 53 15
47 62 53 15
47 64 53 15
47 14 56 15
47 18 56 15
47 67 62 15
345 338 15 15
345 373 16 15
345 344 17 15
345 350 18 15
345 316 21 15
345 396 22 15
345 319 25 15
345 300 30 15
345 398 32 15
345 300 37 15
345 285 38 15
345 375 40 15
345 321 45 15
345 399 46 15
345 379 47 15
345 381 53 15
345 393 56 15
345 404 59 15
345 335 61 15
345 287 62 15
17 15 1 27
17 47 6 27
17 61 8 27
17 62 9 27
17 65 9 27
17 71 11 27
17 47 16 27
17 20 18 27
17 47 18 27
17 10 25 27
17 3 27 27
17 14 27 27
17 18 27 27
17 24 28 27
17 31 28 27
17 63 28 27
17 23 29 27
17 61 29 27
17 63 29 27
17 10 30 27
17 15 30 27
17 0 35 27
17 1 35 27
17 5 35 27
17 9 35 27
17 15 35 27
17 2 36 27
17 3 36 27
17 7 36 27
17 10 38 27
17 15 38 27
17 2 39 27
17 3 39 27
17 8 39 27
17 24 39 27
17 32 39 27
17 2 40 27
17 3 40 27
17 2 41 27
17 3 41 27
17 7 41 27
17 62 41 27
17 64 41 27
17 14 44 27
17 18 44 27
17 67 50 27
69 15 1 27
69 47 6 27
69 127 7 27
69 61 8 27
69 103 8 27
69 62 9 27
69 65 9 27
69 77 10 27
69 71 11 27
69 47 16 27
69 20 18 27
69 47 18 27
69 10 25 27
69 14 27 27
69 18 27 27
69 24 28 27
69 31 28 27
69 63 28 27
69 23 29 27
69 61 29 27
69 63 29 27
69 10 30 27
69 15 30 27
69 9 35 27
69 15 35 27
69 103 35 27
69 99 36 27
69 10 38 27
69 15 38 27
69 24 39 27
69 32 39 27
69 62 41 27
69 64 41 27
69 14 44 27
69 18 44 27
69 67 50 27
234 178 5 27
234 282 8 27
234 227 9 27
234 252 13 27
234 227 16 27
234 203 18 27
234 233 20 27
234 285 26 27
234 251 28 27
234 227 32 27
234 231 34 27
234 202 41 27
234 228 43 27
234 251 47 27
234 287 50 27
234 197 51 27
234 278 51 27
234 210 52 27
234 257 52 27
234 178 53 27
234 274 53 27
496 442 1 27
496 511 1 27
496 444 14 27
496 511 14 27
496 441 15 27
496 462 16 27
496 494 17 27
496 505 19 27
496 511 20 27
496 477 22 27
496 474 23 27
496 498 27 27
496 446 29 27
496 511 29 27
496 446 30 27
496 486 37 27
496 477 38 27
496 498 39 27
496 505 40 27
496 511 40 27
496 445 43 27
496 511 44 27
496 474 46 27
511 511 1 27
511 511 14 27
511 462 16 27
511 494 17 27
511 505 19 27
511 511 20 27
511 477 22 27
511 474 23 27
511 498 27 27
511 511 29 27
511 486 37 27
511 477 38 27
511 498 39 27
511 505 40 27
511 511 40 27
511 511 44 27
511 474 46 27
15 47 5 28
15 61 7 28
15 62 8 28
15 65 8 28
15 71 10 28
15 47 15 28
15 20 17 28
15 47 17 28
15 10 24 28
15 3 26 28
15 14 26 28
15 18 26 28
15 24 27 28
15 31 27 28
15 63 27 28
15 23 28 28
15 61 28 28
15 63 28 28
15 10 29 28
15 15 29 28
15 0 34 28
15 1 34 28
15 5 34 28
15 9 34 28
15 15 34 28
15 2 35 28
15 3 35 28
15 7 35 28
15 10 37 28
15 15 37 28
15 2 38 28
15 3 38 28
15 8 38 28
15 24 38 28
15 32 38 28
15 2 39 28
15 3 39 28
15 2 40 28
15 3 40 28
15 7 40 28
15 62 40 28
15 64 40 28
15 14 43 28
15 18 43 28
15 67 49 28
442 396 9 28
442 424 10 28
442 435 11 28
442 444 13 28
442 441 14 28
442 462 15 28
442 494 16 28
442 398 19 28
442 477 21 28
442 474 22 28
442 498 26 28
442 446 28 28
442 446 29 28
442 399 33 28
442 406 35 28
442 486 36 28
442 477 37 28
442 498 38 28
442 406 41 28
442 445 42 28
442 393 43 28
442 406 44 28
442 474 45 28
442 404 46 28
511 511 13 28
511 462 15 28
511 494 16 28
511 505 18 28
511 511 19 28
511 477 21 28
511 474 22 28
511 498 26 28
511 511 28 28
511 486 36 28
511 477 37 28
511 498 38 28
511 505 39 28
511 511 39 28
511 511 43 28
511 474 45 28
338 373 1 30
338 344 2 30
338 350 3 30
338 282 5 30
338 316 6 30
338 396 7 30
338 319 10 30
338 300 15 30
338 300 22 30
338 285 23 30
338 375 25 30
338 321 30 30
338 379 32 30
338 381 38 30
338 393 41 30
338 335 46 30
338 287 47 30
338 278 48 30
373 344 1 31
373 350 2 31
373 316 5 31
373 396 6 31
373 424 7 31
373 319 9 31
373 398 16 31
373 375 24 31
373 321 29 31
373 399 30 31
373 379 31 31
373 406 32 31
373 381 37 31
373 406 38 31
373 393 40 31
373 406 41 31
373 404 43 31
373 335 45 31
178 127 2 32
178 171 3 32
178 227 4 32
178 227 11 32
178 203 13 32
178 233 15 32
178 148 20 32
178 227 27 32
178 231 29 32
178 202 36 32
178 228 38 32
178 148 45 32
178 197 46 32
178 210 47 32
178 178 48 32
344 350 1 32
344 316 4 32
344 396 5 32
344 319 8 32
344 300 13 32
344 398 15 32
344 300 20 32
344 285 21 32
344 375 23 32
344 321 28 32
344 399 29 32
344 379 30 32
344 381 36 32
344 393 39 32
344 335 44 32
344 287 45 32
47 61 2 33
47 103 2 33
47 62 3 33
47 65 3 33
47 77 4 33
47 71 5 33
47 47 10 33
47 20 12 33
47 47 12 33
47 10 19 33
47 3 21 33
47 14 21 33
47 18 21 33
47 24 22 33
47 31 22 33
47 63 22 33
47 23 23 33
47 61 23 33
47 63 23 33
47 10 24 33
47 15 24 33
47 0 29 33
47 1 29 33
47 5 29 33
47 9 29 33
47 15 29 33
47 103 29 33
47 2 30 33
47 3 30 33
47 7 30 33
47 99 30 33
47 10 32 33
47 15 32 33
47 2 33 33
47 3 33 33
47 8 33 33
47 24 33 33
47 32 33 33
47 2 34 33
47 3 34 33
47 2 35 33
47 3 35 33
47 7 35 33
47 62 35 33
47 64 35 33
47 14 38 33
47 18 38 33
47 67 44 33
350 316 3 33
350 396 4 33
350 319 7 33
350 300 12 33
350 398 14 33
350 300 19 33
350 375 22 33
350 321 27 33
350 399 28 33
350 379 29 33
350 406 30 33
350 381 35 33
350 406 36 33
350 393 38 33
350 406 39 33
350 404 41 33
350 335 43 33
127 103 1 34
127 171 1 34
127 77 3 34
127 71 4 34
127 148 18 34
127 103 28 34
127 99 29 34
127 67 43 34
127 148 43 34
127 178 46 34
61 62 1 35
61 65 1 35
61 77 2 35
61 71 3 35
61 47 8 35
61 20 10 35
61 47 10 35
61 10 17 35
61 3 19 35
61 14 19 35
61 18 19 35
61 24 20 35
61 31 20 35
61 63 20 35
61 23 21 35
61 61 21 35
61 63 21 35
61 10 22 35
61 15 22 35
61 1 27 35
61 5 27 35
61 9 27 35
61 15 27 35
61 103 27 35
61 2 28 35
61 3 28 35
61 7 28 35
61 99 28 35
61 10 30 35
61 15 30 35
61 2 31 35
61 3 31 35
61 8 31 35
61 24 31 35
61 32 31 35
61 2 32 35
61 3 32 35
61 2 33 35
61 3 33 35
61 7 33 35
61 62 33 35
61 64 33 35
61 14 36 35
61 18 36 35
61 67 42 35
103 62 1 35
103 65 1 35
103 77 2 35
103 71 3 35
103 47 8 35
103 47 10 35
103 148 17 35
103 63 20 35
103 61 21 35
103 63 21 35
103 103 27 35
103 99 28 35
103 62 33 35
103 64 33 35
103 67 42 35
103 148 42 35
171 227 1 35
171 227 8 35
171 203 10 35
171 148 17 35
171 227 24 35
171 202 33 35
171 228 35 35
171 148 42 35
171 197 43 35
171 210 44 35
171 178 45 35
282 227 1 35
282 316 1 35
282 252 5 35
282 319 5 35
282 227 8 35
282 300 10 35
282 233 12 35
282 300 17 35
282 285 18 35
282 251 20 35
282 227 24 35
282 321 25 35
282 231 26 35
282 228 35 35
282 251 39 35
282 335 41 35
282 287 42 35
282 278 43 35
282 257 44 35
282 274 45 35
62 77 1 36
62 71 2 36
62 47 7 36
62 20 9 36
62 47 9 36
62 10 16 36
62 3 18 36
62 14 18 36
62 18 18 36
62 24 19 36
62 31 19 36
62 63 19 36
62 23 20 36
62 61 20 36
62 63 20 36
62 10 21 36
62 15 21 36
62 5 26 36
62 9 26 36
62 15 26 36
62 103 26 36
62 2 27 36
62 3 27 36
62 7 27 36
62 99 27 36
62 10 29 36
62 15 29 36
62 2 30 36
62 3 30 36
62 8 30 36
62 24 30 36
62 32 30 36
62 2 31 36
62 3 31 36
62 2 32 36
62 3 32 36
62 7 32 36
62 62 32 36
62 64 32 36
62 14 35 36
62 18 35 36
62 67 41 36
65 77 1 36
65 71 2 36
65 47 7 36
65 20 9 36
65 47 9 36
65 10 16 36
65 14 18 36
65 18 18 36
65 24 19 36
65 31 19 36
65 63 19 36
65 23 20 36
65 61 20 36
65 63 20 36
65 10 21 36
65 15 21 36
65 5 26 36
65 9 26 36
65 15 26 36
65 103 26 36
65 7 27 36
65 99 27 36
65 10 29 36
65 15 29 36
65 8 30 36
65 24 30 36
65 32 30 36
65 7 32 36
65 62 32 36
65 64 32 36
65 14 35 36
65 18 35 36
65 67 41 36
227 252 4 36
227 227 7 36
227 203 9 36
227 233 11 36
227 285 17 36
227 251 19 36
227 227 23 36
227 231 25 36
227 202 32 36
227 228 34 36
227 251 38 36
227 197 42 36
227 278 42 36
227 210 43 36
227 257 43 36
227 178 44 36
227 274 44 36
316 319 4 36
316 300 9 36
316 300 16 36
316 285 17 36
316 375 19 36
316 321 24 36
316 335 40 36
316 287 41 36
316 278 42 36
316 257 43 36
316 274 44 36
77 71 1 37
77 47 6 37
77 20 8 37
77 47 8 37
77 18 17 37
77 24 18 37
77 31 18 37
77 63 18 37
77 23 19 37
77 61 19 37
77 63 19 37
77 103 25 37
77 99 26 37
77 24 29 37
77 32 29 37
77 62 31 37
77 64 31 37
77 18 34 37
77 67 40 37
396 424 1 37
396 435 2 37
396 444 4 37
396 441 5 37
396 398 10 37
396 375 18 37
396 446 19 37
396 446 20 37
396 399 24 37
396 379 25 37
396 406 26 37
396 381 31 37
396 406 32 37
396 445 33 37
396 393 34 37
396 406 35 37
396 404 37 37
71 47 5 38
71 20 7 38
71 47 7 38
71 14 16 38
71 18 16 38
71 24 17 38
71 31 17 38
71 63 17 38
71 23 18 38
71 61 18 38
71 63 18 38
71 15 19 38
71 15 24 38
71 103 24 38
71 99 25 38
71 15 27 38
71 24 28 38
71 32 28 38
71 62 30 38
71 64 30 38
71 14 33 38
71 18 33 38
71 67 39 38
424 435 1 38
424 444 3 38
424 441 4 38
424 462 5 38
424 398 9 38
424 477 11 38
424 474 12 38
424 375 17 38
424 446 18 38
424 446 19 38
424 399 23 38
424 379 24 38
424 406 25 38
424 477 27 38
424 381 30 38
424 406 31 38
424 445 32 38
424 393 33 38
424 406 34 38
424 474 35 38
424 404 36 38
435 444 2 39
435 441 3 39
435 462 4 39
435 494 5 39
435 398 8 39
435 477 10 39
435 474 11 39
435 375 16 39
435 446 17 39
435 446 18 39
435 399 22 39
435 379 23 39
435 406 24 39
435 486 25 39
435 477 26 39
435 381 29 39
435 406 30 39
435 445 31 39
435 393 32 39
435 406 33 39
435 474 34 39
435 404 35 39
252 227 3 40
252 203 5 40
252 300 5 40
252 233 7 40
252 300 12 40
252 285 13 40
252 251 15 40
252 227 19 40
252 231 21 40
252 202 28 40
252 228 30 40
252 251 34 40
252 287 37 40
252 197 38 40
252 278 38 40
252 210 39 40
252 257 39 40
252 274 40 40
319 300 5 40
319 300 12 40
319 285 13 40
319 375 15 40
319 321 20 40
319 335 36 40
319 287 37 40
319 278 38 40
319 274 40 40
444 441 1 41
444 462 2 41
444 494 3 41
444 398 6 41
444 477 8 41
444 474 9 41
444 498 13 41
444 446 15 41
444 446 16 41
444 399 20 41
444 406 22 41
444 486 23 41
444 477 24 41
444 498 25 41
444 406 28 41
444 445 29 41
444 393 30 41
444 406 31 41
444 474 32 41
444 404 33 41
511 462 2 41
511 494 3 41
511 505 5 41
511 511 6 41
511 477 8 41
511 474 9 41
511 498 13 41
511 511 15 41
511 486 23 41
511 477 24 41
511 498 25 41
511 505 26 41
511 511 26 41
511 511 30 41
511 474 32 41
441 462 1 42
441 494 2 42
441 398 5 42
441 477 7 42
441 474 8 42
441 498 12 42
441 446 14 42
441 446 15 42
441 399 19 42
441 406 21 42
441 486 22 42
441 477 23 42
441 498 24 42
441 381 26 42
441 406 27 42
441 445 28 42
441 393 29 42
441 406 30 42
441 474 31 42
441 404 32 42
47 20 2 43
47 47 2 43
47 10 9 43
47 3 11 43
47 14 11 43
47 18 11 43
47 24 12 43
47 31 12 43
47 63 12 43
47 23 13 43
47 61 13 43
47 63 13 43
47 10 14 43
47 15 14 43
47 0 19 43
47 1 19 43
47 5 19 43
47 9 19 43
47 15 19 43
47 103 19 43
47 2 20 43
47 3 20 43
47 7 20 43
47 99 20 43
47 10 22 43
47 15 22 43
47 2 23 43
47 3 23 43
47 8 23 43
47 24 23 43
47 32 23 43
47 2 24 43
47 3 24 43
47 2 25 43
47 3 25 43
47 7 25 43
47 62 25 43
47 64 25 43
47 14 28 43
47 18 28 43
47 67 34 43
227 203 2 43
227 233 4 43
227 285 10 43
227 251 12 43
227 227 16 43
227 231 18 43
227 202 25 43
227 228 27 43
227 251 31 43
227 197 35 43
227 278 35 43
227 210 36 43
227 257 36 43
227 178 37 43
227 274 37 43
462 494 1 43
462 505 3 43
462 511 4 43
462 477 6 43
462 474 7 43
462 498 11 43
462 446 13 43
462 511 13 43
462 446 14 43
462 406 20 43
462 486 21 43
462 477 22 43
462 498 23 43
462 505 24 43
462 511 24 43
462 406 26 43
462 445 27 43
462 511 28 43
462 406 29 43
462 474 30 43
462 404 31 43
494 505 2 44
494 511 3 44
494 477 5 44
494 474 6 44
494 498 10 44
494 446 12 44
494 511 12 44
494 446 13 44
494 486 20 44
494 477 21 44
494 498 22 44
494 505 23 44
494 511 23 44
494 445 26 44
494 511 27 44
494 474 29 44
20 10 7 45
20 3 9 45
20 14 9 45
20 18 9 45
20 24 10 45
20 31 10 45
20 63 10 45
20 23 11 45
20 61 11 45
20 63 11 45
20 10 12 45
20 15 12 45
20 0 17 45
20 1 17 45
20 5 17 45
20 9 17 45
20 15 17 45
20 2 18 45
20 3 18 45
20 7 18 45
20 10 20 45
20 15 20 45
20 2 21 45
20 3 21 45
20 8 21 45
20 24 21 45
20 32 21 45
20 2 22 45
20 3 22 45
20 2 23 45
20 3 23 45
20 7 23 45
20 62 23 45
20 64 23 45
20 14 26 45
20 18 26 45
20 67 32 45
47 10 7 45
47 3 9 45
47 14 9 45
47 18 9 45
47 24 10 45
47 31 10 45
47 63 10 45
47 23 11 45
47 61 11 45
47 63 11 45
47 10 12 45
47 15 12 45
47 0 17 45
47 1 17 45
47 5 17 45
47 9 17 45
47 15 17 45
47 103 17 45
47 2 18 45
47 3 18 45
47 7 18 45
47 99 18 45
47 10 20 45
47 15 20 45
47 2 21 45
47 3 21 45
47 8 21 45
47 24 21 45
47 32 21 45
47 2 22 45
47 3 22 45
47 2 23 45
47 3 23 45
47 7 23 45
47 62 23 45
47 64 23 45
47 14 26 45
47 18 26 45
47 67 32 45
203 233 2 45
203 148 7 45
203 251 10 45
203 227 14 45
203 231 16 45
203 202 23 45
203 228 25 45
203 251 29 45
203 148 32 45
203 197 33 45
203 210 34 45
203 257 34 45
203 178 35 45
300 300 7 45
300 285 8 45
300 251 10 45
300 321 15 45
300 251 29 45
300 335 31 45
300 287 32 45
300 278 33 45
300 257 34 45
300 274 35 45
505 511 1 46
505 477 3 46
505 474 4 46
505 498 8 46
505 446 10 46
505 511 10 46
505 446 11 46
505 486 18 46
505 477 19 46
505 498 20 46
505 505 21 46
505 511 21 46
505 445 24 46
505 511 25 46
505 474 27 46
233 285 6 47
233 251 8 47
233 227 12 47
233 231 14 47
233 202 21 47
233 228 23 47
233 251 27 47
233 287 30 47
233 197 31 47
233 278 31 47
233 210 32 47
233 257 32 47
233 178 33 47
233 274 33 47
398 375 8 47
398 446 9 47
398 446 10 47
398 399 14 47
398 379 15 47
398 406 16 47
398 381 21 47
398 406 22 47
398 445 23 47
398 393 24 47
398 406 25 47
398 404 27 47
511 477 2 47
511 474 3 47
511 498 7 47
511 511 9 47
511 486 17 47
511 477 18 47
511 498 19 47
511 505 20 47
511 511 20 47
511 511 24 47
511 474 26 47
477 474 1 49
477 498 5 49
477 446 7 49
477 511 7 49
477 446 8 49
477 486 15 49
477 477 16 49
477 498 17 49
477 505 18 49
477 511 18 49
477 445 21 49
477 511 22 49
477 474 24 49
474 498 4 50
474 446 6 50
474 511 6 50
474 446 7 50
474 486 14 50
474 477 15 50
474 498 16 50
474 505 17 50
474 511 17 50
474 445 20 50
474 511 21 50
474 474 23 50
10 3 2 52
10 14 2 52
10 18 2 52
10 24 3 52
10 31 3 52
10 63 3 52
10 23 4 52
10 61 4 52
10 63 4 52
10 10 5 52
10 15 5 52
10 0 10 52
10 1 10 52
10 5 10 52
10 9 10 52
10 15 10 52
10 2 11 52
10 3 11 52
10 7 11 52
10 10 13 52
10 15 13 52
10 2 14 52
10 3 14 52
10 8 14 52
10 24 14 52
10 32 14 52
10 2 15 52
10 3 15 52
10 2 16 52
10 3 16 52
10 7 16 52
10 62 16 52
10 64 16 52
10 14 19 52
10 18 19 52
10 67 25 52
148 103 10 52
148 99 11 52
148 202 16 52
148 148 25 52
148 197 26 52
148 178 28 52
300 285 1 52
300 251 3 52
300 321 8 52
300 251 22 52
300 335 24 52
300 287 25 52
300 278 26 52
300 257 27 52
300 274 28 52
285 251 2 53
285 227 6 53
285 321 7 53
285 231 8 53
285 228 17 53
285 251 21 53
285 335 23 53
285 287 24 53
285 278 25 53
285 257 26 53
285 274 27 53
3 24 1 54
3 31 1 54
3 23 2 54
3 61 2 54
3 10 3 54
3 15 3 54
3 0 8 54
3 1 8 54
3 5 8 54
3 9 8 54
3 15 8 54
3 2 9 54
3 3 9 54
3 7 9 54
3 10 11 54
3 15 11 54
3 2 12 54
3 3 12 54
3 8 12 54
3 24 12 54
3 32 12 54
3 2 13 54
3 3 13 54
3 2 14 54
3 3 14 54
3 7 14 54
3 62 14 54
3 14 17 54
3 18 17 54
14 24 1 54
14 31 1 54
14 63 1 54
14 23 2 54
14 61 2 54
14 63 2 54
14 10 3 54
14 15 3 54
14 0 8 54
14 1 8 54
14 5 8 54
14 9 8 54
14 15 8 54
14 2 9 54
14 3 9 54
14 7 9 54
14 10 11 54
14 15 11 54
14 2 12 54
14 3 12 54
14 8 12 54
14 24 12 54
14 32 12 54
14 2 13 54
14 3 13 54
14 2 14 54
14 3 14 54
14 7 14 54
14 62 14 54
14 64 14 54
14 14 17 54
14 18 17 54
14 67 23 54
18 24 1 54
18 31 1 54
18 63 1 54
18 23 2 54
18 61 2 54
18 63 2 54
18 10 3 54
18 15 3 54
18 0 8 54
18 1 8 54
18 5 8 54
18 9 8 54
18 15 8 54
18 2 9 54
18 3 9 54
18 7 9 54
18 10 11 54
18 15 11 54
18 2 12 54
18 3 12 54
18 8 12 54
18 24 12 54
18 32 12 54
18 2 13 54
18 3 13 54
18 2 14 54
18 3 14 54
18 7 14 54
18 62 14 54
18 64 14 54
18 14 17 54
18 18 17 54
18 67 23 54
498 446 2 54
498 511 2 54
498 446 3 54
498 486 10 54
498 477 11 54
498 498 12 54
498 505 13 54
498 511 13 54
498 445 16 54
498 511 17 54
498 474 19 54
24 23 1 55
24 61 1 55
24 63 1 55
24 10 2 55
24 15 2 55
24 0 7 55
24 1 7 55
24 5 7 55
24 9 7 55
24 15 7 55
24 2 8 55
24 3 8 55
24 7 8 55
24 10 10 55
24 15 10 55
24 2 11 55
24 3 11 55
24 8 11 55
24 24 11 55
24 32 11 55
24 2 12 55
24 3 12 55
24 2 13 55
24 3 13 55
24 7 13 55
24 62 13 55
24 64 13 55
24 14 16 55
24 18 16 55
24 67 22 55
31 23 1 55
31 61 1 55
31 63 1 55
31 10 2 55
31 15 2 55
31 0 7 55
31 1 7 55
31 5 7 55
31 9 7 55
31 15 7 55
31 2 8 55
31 3 8 55
31 7 8 55
31 10 10 55
31 15 10 55
31 2 11 55
31 3 11 55
31 8 11 55
31 24 11 55
31 32 11 55
31 2 12 55
31 3 12 55
31 2 13 55
31 3 13 55
31 7 13 55
31 62 13 55
31 64 13 55
31 14 16 55
31 18 16 55
31 67 22 55
63 23 1 55
63 61 1 55
63 63 1 55
63 10 2 55
63 15 2 55
63 5 7 55
63 9 7 55
63 15 7 55
63 103 7 55
63 3 8 55
63 7 8 55
63 99 8 55
63 10 10 55
63 15 10 55
63 3 11 55
63 8 11 55
63 24 11 55
63 32 11 55
63 3 12 55
63 3 13 55
63 7 13 55
63 62 13 55
63 64 13 55
63 14 16 55
63 18 16 55
63 67 22 55
251 227 4 55
251 231 6 55
251 202 13 55
251 228 15 55
251 251 19 55
251 287 22 55
251 197 23 55
251 278 23 55
251 210 24 55
251 257 24 55
251 274 25 55
375 321 5 55
375 399 6 55
375 379 7 55
375 406 8 55
375 381 13 55
375 406 14 55
375 393 16 55
375 406 17 55
375 404 19 55
375 335 21 55
23 10 1 56
23 15 1 56
23 0 6 56
23 1 6 56
23 5 6 56
23 9 6 56
23 15 6 56
23 2 7 56
23 3 7 56
23 7 7 56
23 10 9 56
23 15 9 56
23 2 10 56
23 3 10 56
23 8 10 56
23 24 10 56
23 32 10 56
23 2 11 56
23 3 11 56
23 2 12 56
23 3 12 56
23 7 12 56
23 62 12 56
23 64 12 56
23 14 15 56
23 18 15 56
23 67 21 56
61 10 1 56
61 15 1 56
61 1 6 56
61 5 6 56
61 9 6 56
61 15 6 56
61 103 6 56
61 2 7 56
61 3 7 56
61 7 7 56
61 99 7 56
61 10 9 56
61 15 9 56
61 2 10 56
61 3 10 56
61 8 10 56
61 24 10 56
61 32 10 56
61 2 11 56
61 3 11 56
61 2 12 56
61 3 12 56
61 7 12 56
61 62 12 56
61 64 12 56
61 14 15 56
61 18 15 56
61 67 21 56
63 10 1 56
63 15 1 56
63 5 6 56
63 9 6 56
63 15 6 56
63 103 6 56
63 3 7 56
63 7 7 56
63 99 7 56
63 10 9 56
63 15 9 56
63 3 10 56
63 8 10 56
63 24 10 56
63 32 10 56
63 3 11 56
63 3 12 56
63 7 12 56
63 62 12 56
63 64 12 56
63 14 15 56
63 18 15 56
63 67 21 56
446 446 1 56
446 399 5 56
446 406 7 56
446 486 8 56
446 477 9 56
446 498 10 56
446 505 11 56
446 406 13 56
446 445 14 56
446 393 15 56
446 406 16 56
446 474 17 56
446 404 18 56
511 486 8 56
511 477 9 56
511 498 10 56
511 505 11 56
511 511 11 56
511 511 15 56
511 474 17 56
10 0 5 57
10 1 5 57
10 5 5 57
10 9 5 57
10 15 5 57
10 2 6 57
10 3 6 57
10 7 6 57
10 10 8 57
10 15 8 57
10 2 9 57
10 3 9 57
10 8 9 57
10 24 9 57
10 32 9 57
10 2 10 57
10 3 10 57
10 2 11 57
10 3 11 57
10 7 11 57
10 62 11 57
10 64 11 57
10 14 14 57
10 18 14 57
10 67 20 57
15 0 5 57
15 1 5 57
15 5 5 57
15 9 5 57
15 15 5 57
15 2 6 57
15 3 6 57
15 7 6 57
15 10 8 57
15 15 8 57
15 2 9 57
15 3 9 57
15 8 9 57
15 24 9 57
15 32 9 57
15 2 10 57
15 3 10 57
15 2 11 57
15 3 11 57
15 7 11 57
15 62 11 57
15 64 11 57
15 14 14 57
15 18 14 57
15 67 20 57
446 399 4 57
446 406 6 57
446 486 7 57
446 477 8 57
446 498 9 57
446 505 10 57
446 406 12 57
446 445 13 57
446 393 14 57
446 406 15 57
446 474 16 57
446 404 17 57
227 231 2 59
227 202 9 59
227 228 11 59
227 251 15 59
227 197 19 59
227 278 19 59
227 210 20 59
227 257 20 59
227 178 21 59
227 274 21 59
321 379 2 60
321 335 16 60
321 287 17 60
321 278 18 60
321 274 20 60
231 202 7 61
231 228 9 61
231 251 13 61
231 287 16 61
231 197 17 61
231 278 17 61
231 210 18 61
231 257 18 61
231 178 19 61
231 274 19 61
399 379 1 61
399 406 2 61
399 381 7 61
399 406 8 61
399 445 9 61
399 393 10 61
399 406 11 61
399 404 13 61
0 2 1 62
0 3 1 62
0 7 1 62
0 10 3 62
0 15 3 62
0 2 4 62
0 3 4 62
0 8 4 62
0 24 4 62
0 32 4 62
0 2 5 62
0 3 5 62
0 2 6 62
0 3 6 62
0 7 6 62
0 14 9 62
0 18 9 62
1 2 1 62
1 3 1 62
1 7 1 62
1 10 3 62
1 15 3 62
1 2 4 62
1 3 4 62
1 8 4 62
1 24 4 62
1 32 4 62
1 2 5 62
1 3 5 62
1 2 6 62
1 3 6 62
1 7 6 62
1 14 9 62
1 18 9 62
5 2 1 62
5 3 1 62
5 7 1 62
5 10 3 62
5 15 3 62
5 2 4 62
5 3 4 62
5 8 4 62
5 24 4 62
5 32 4 62
5 2 5 62
5 3 5 62
5 2 6 62
5 3 6 62
5 7 6 62
5 62 6 62
5 64 6 62
5 14 9 62
5 18 9 62
9 2 1 62
9 3 1 62
9 7 1 62
9 10 3 62
9 15 3 62
9 2 4 62
9 3 4 62
9 8 4 62
9 24 4 62
9 32 4 62
9 2 5 62
9 3 5 62
9 2 6 62
9 3 6 62
9 7 6 62
9 62 6 62
9 64 6 62
9 14 9 62
9 18 9 62
9 67 15 62
15 2 1 62
15 3 1 62
15 7 1 62
15 10 3 62
15 15 3 62
15 2 4 62
15 3 4 62
15 8 4 62
15 24 4 62
15 32 4 62
15 2 5 62
15 3 5 62
15 2 6 62
15 3 6 62
15 7 6 62
15 62 6 62
15 64 6 62
15 14 9 62
15 18 9 62
15 67 15 62
103 99 1 62
103 62 6 62
103 64 6 62
103 67 15 62
103 148 15 62
379 406 1 62
379 381 6 62
379 406 7 62
379 393 9 62
379 406 10 62
379 404 12 62
379 335 14 62
2 10 2 63
2 15 2 63
2 2 3 63
2 3 3 63
2 8 3 63
2 24 3 63
2 32 3 63
2 2 4 63
2 3 4 63
2 2 5 63
2 3 5 63
2 7 5 63
2 14 8 63
2 18 8 63
3 10 2 63
3 15 2 63
3 2 3 63
3 3 3 63
3 8 3 63
3 24 3 63
3 32 3 63
3 2 4 63
3 3 4 63
3 2 5 63
3 3 5 63
3 7 5 63
3 62 5 63
3 14 8 63
3 18 8 63
7 10 2 63
7 15 2 63
7 2 3 63
7 3 3 63
7 8 3 63
7 24 3 63
7 32 3 63
7 2 4 63
7 3 4 63
7 2 5 63
7 3 5 63
7 7 5 63
7 62 5 63
7 64 5 63
7 14 8 63
7 18 8 63
99 62 5 63
99 64 5 63
99 67 14 63
99 148 14 63
406 381 5 63
406 406 6 63
406 445 7 63
406 393 8 63
406 406 9 63
406 404 11 63
486 477 1 64
486 498 2 64
486 505 3 64
486 511 3 64
486 445 6 64
486 511 7 64
486 474 9 64
10 2 1 65
10 3 1 65
10 8 1 65
10 24 1 65
10 32 1 65
10 2 2 65
10 3 2 65
10 2 3 65
10 3 3 65
10 7 3 65
10 62 3 65
10 64 3 65
10 14 6 65
10 18 6 65
10 67 12 65
15 2 1 65
15 3 1 65
15 8 1 65
15 24 1 65
15 32 1 65
15 2 2 65
15 3 2 65
15 2 3 65
15 3 3 65
15 7 3 65
15 62 3 65
15 64 3 65
15 14 6 65
15 18 6 65
15 67 12 65
477 498 1 65
477 505 2 65
477 511 2 65
477 445 5 65
477 511 6 65
477 474 8 65
2 2 1 66
2 3 1 66
2 2 2 66
2 3 2 66
2 7 2 66
2 14 5 66
2 18 5 66
3 2 1 66
3 3 1 66
3 2 2 66
3 3 2 66
3 7 2 66
3 62 2 66
3 14 5 66
3 18 5 66
8 2 1 66
8 3 1 66
8 2 2 66
8 3 2 66
8 7 2 66
8 62 2 66
8 64 2 66
8 14 5 66
8 18 5 66
8 67 11 66
24 2 1 66
24 3 1 66
24 2 2 66
24 3 2 66
24 7 2 66
24 62 2 66
24 64 2 66
24 14 5 66
24 18 5 66
24 67 11 66
32 2 1 66
32 3 1 66
32 2 2 66
32 3 2 66
32 7 2 66
32 62 2 66
32 64 2 66
32 14 5 66
32 18 5 66
32 67 11 66
498 505 1 66
498 511 1 66
498 445 4 66
498 511 5 66
498 474 7 66
2 2 1 67
2 3 1 67
2 7 1 67
2 14 4 67
2 18 4 67
3 2 1 67
3 3 1 67
3 7 1 67
3 62 1 67
3 14 4 67
3 18 4 67
505 445 3 67
505 511 4 67
505 474 6 67
511 511 4 67
511 474 6 67
2 14 3 68
2 18 3 68
3 14 3 68
3 18 3 68
7 14 3 68
7 18 3 68
62 14 3 68
62 18 3 68
62 67 9 68
64 14 3 68
64 18 3 68
64 67 9 68
202 228 2 68
202 251 6 68
202 148 9 68
202 197 10 68
202 210 11 68
202 257 11 68
202 178 12 68
381 406 1 68
381 393 3 68
381 406 4 68
381 404 6 68
381 335 8 68
406 445 1 69
406 393 2 69
406 406 3 69
406 404 5 69
228 251 4 70
228 287 7 70
228 197 8 70
228 278 8 70
228 210 9 70
228 257 9 70
228 178 10 70
228 274 10 70
445 393 1 70
445 406 2 70
445 474 3 70
445 404 4 70
14 67 6 71
18 67 6 71
393 406 1 71
393 404 3 71
393 335 5 71
511 474 2 71
406 404 2 72
251 287 3 74
251 197 4 74
251 278 4 74
251 210 5 74
251 257 5 74
251 274 6 74
335 287 1 76
335 278 2 76
148 197 1 77
148 178 3 77
287 278 1 77
287 257 2 77
287 274 3 77
197 210 1 78
197 178 2 78
278 257 1 78
278 274 2 78
210 178 1 79
257 274 1 79
