716 756 8 0
716 667 13 0
716 711 18 0
51 66 1 2
51 49 2 2
51 63 2 2
51 68 4 2
51 13 5 2
51 41 5 2
51 53 6 2
51 74 6 2
51 8 8 2
51 29 10 2
51 8 11 2
51 36 11 2
51 91 11 2
51 29 12 2
51 49 12 2
51 30 13 2
51 34 13 2
51 49 15 2
51 8 16 2
51 34 16 2
51 82 16 2
51 81 17 2
296 278 1 2
296 270 2 2
296 320 3 2
296 255 12 2
296 289 16 2
296 284 17 2
296 275 18 2
639 613 7 2
639 667 11 2
639 656 12 2
639 664 13 2
639 619 14 2
639 655 17 2
639 629 18 2
66 49 1 3
66 63 1 3
66 68 3 3
66 41 4 3
66 103 4 3
66 53 5 3
66 74 5 3
66 29 9 3
66 36 10 3
66 91 10 3
66 29 11 3
66 49 11 3
66 30 12 3
66 34 12 3
66 104 12 3
66 114 13 3
66 49 14 3
66 34 15 3
66 82 15 3
66 81 16 3
278 270 1 3
278 241 2 3
278 320 2 3
278 255 11 3
278 289 15 3
278 284 16 3
278 275 17 3
584 544 2 3
584 563 3 3
584 582 4 3
584 613 6 3
584 564 7 3
584 563 8 3
584 575 9 3
584 619 13 3
584 629 17 3
49 68 2 4
49 13 3 4
49 41 3 4
49 53 4 4
49 74 4 4
49 8 6 4
49 29 8 4
49 8 9 4
49 36 9 4
49 91 9 4
49 29 10 4
49 49 10 4
49 30 11 4
49 34 11 4
49 49 13 4
49 8 14 4
49 34 14 4
49 82 14 4
49 81 15 4
63 68 2 4
63 13 3 4
63 41 3 4
63 103 3 4
63 53 4 4
63 74 4 4
63 29 8 4
63 36 9 4
63 91 9 4
63 29 10 4
63 49 10 4
63 30 11 4
63 34 11 4
63 104 11 4
63 49 13 4
63 34 14 4
63 82 14 4
63 81 15 4
128 160 2 4
128 103 3 4
128 131 4 4
128 153 7 4
128 125 8 4
128 131 8 4
128 91 9 4
128 132 9 4
128 174 10 4
128 104 11 4
128 114 12 4
128 137 12 4
128 82 14 4
128 81 15 4
270 241 1 4
270 255 10 4
270 289 14 4
270 284 15 4
270 275 16 4
532 544 1 4
532 563 2 4
532 499 6 4
532 564 6 4
532 502 7 4
532 563 7 4
532 503 8 4
532 575 8 4
532 483 9 4
241 193 2 5
241 255 9 5
241 192 10 5
241 289 13 5
241 284 14 5
241 275 15 5
320 289 13 5
320 284 14 5
320 275 15 5
544 563 1 5
544 582 2 5
544 499 5 5
544 564 5 5
544 502 6 5
544 563 6 5
544 503 7 5
544 575 7 5
68 41 1 6
68 103 1 6
68 53 2 6
68 74 2 6
68 29 6 6
68 36 7 6
68 91 7 6
68 29 8 6
68 49 8 6
68 30 9 6
68 34 9 6
68 104 9 6
68 114 10 6
68 49 11 6
68 34 12 6
68 82 12 6
68 81 13 6
160 193 1 6
160 131 2 6
160 153 5 6
160 125 6 6
160 131 6 6
160 132 7 6
160 174 8 6
160 192 9 6
160 114 10 6
160 137 10 6
481 475 1 6
481 499 4 6
481 502 5 6
481 503 6 6
481 483 7 6
481 457 11 6
563 582 1 6
563 564 4 6
563 563 5 6
563 575 6 6
13 53 1 7
13 8 3 7
13 29 5 7
13 8 6 7
13 36 6 7
13 29 7 7
13 49 7 7
13 30 8 7
13 34 8 7
13 49 10 7
13 8 11 7
13 34 11 7
41 53 1 7
41 74 1 7
41 8 3 7
41 29 5 7
41 8 6 7
41 36 6 7
41 29 7 7
41 49 7 7
41 30 8 7
41 34 8 7
41 49 10 7
41 8 11 7
41 34 11 7
41 82 11 7
41 81 12 7
103 53 1 7
103 74 1 7
103 131 1 7
103 125 5 7
103 131 5 7
103 91 6 7
103 132 6 7
103 104 8 7
103 114 9 7
103 137 9 7
103 82 11 7
103 81 12 7
193 153 4 7
193 174 7 7
193 192 8 7
475 499 3 7
475 502 4 7
475 503 5 7
475 483 6 7
475 457 10 7
582 613 2 7
582 564 3 7
582 563 4 7
582 575 5 7
582 619 9 7
582 629 13 7
53 8 2 8
53 29 4 8
53 8 5 8
53 36 5 8
53 91 5 8
53 29 6 8
53 49 6 8
53 30 7 8
53 34 7 8
53 49 9 8
53 8 10 8
53 34 10 8
53 82 10 8
53 81 11 8
74 29 4 8
74 36 5 8
74 91 5 8
74 29 6 8
74 49 6 8
74 30 7 8
74 34 7 8
74 104 7 8
74 114 8 8
74 49 9 8
74 34 10 8
74 82 10 8
74 81 11 8
131 153 3 8
131 125 4 8
131 131 4 8
131 91 5 8
131 132 5 8
131 174 6 8
131 104 7 8
131 114 8 8
131 137 8 8
131 82 10 8
131 81 11 8
756 767 9 8
756 711 10 8
613 564 1 9
613 563 2 9
613 575 3 9
613 656 5 9
613 619 7 9
613 655 10 9
613 629 11 9
8 29 2 10
8 8 3 10
8 36 3 10
8 29 4 10
8 49 4 10
8 30 5 10
8 34 5 10
8 49 7 10
8 8 8 10
8 34 8 10
8 57 20 10
499 502 1 10
499 503 2 10
499 483 3 10
499 457 7 10
499 528 18 10
499 511 19 10
499 545 20 10
564 563 1 10
564 575 2 10
564 528 18 10
564 545 20 10
153 125 1 11
153 131 1 11
153 132 2 11
153 174 3 11
153 104 4 11
153 192 4 11
153 114 5 11
153 137 5 11
153 109 18 11
153 109 20 11
502 503 1 11
502 483 2 11
502 457 6 11
502 528 17 11
502 511 18 11
502 545 19 11
563 575 1 11
563 528 17 11
563 545 19 11
563 583 20 11
29 8 1 12
29 36 1 12
29 29 2 12
29 49 2 12
29 30 3 12
29 34 3 12
29 49 5 12
29 8 6 12
29 34 6 12
29 57 18 12
29 52 19 12
29 8 20 12
125 91 1 12
125 132 1 12
125 174 2 12
125 104 3 12
125 114 4 12
125 137 4 12
125 82 6 12
125 81 7 12
125 109 17 12
125 109 19 12
125 106 20 12
131 91 1 12
131 132 1 12
131 174 2 12
131 104 3 12
131 114 4 12
131 137 4 12
131 82 6 12
131 81 7 12
131 109 17 12
131 109 19 12
131 106 20 12
503 483 1 12
503 457 5 12
503 528 16 12
503 511 17 12
503 545 18 12
575 619 4 12
575 528 16 12
575 545 18 12
575 583 19 12
575 556 20 12
8 29 1 13
8 49 1 13
8 30 2 13
8 34 2 13
8 49 4 13
8 8 5 13
8 34 5 13
8 57 17 13
8 52 18 13
8 8 19 13
36 29 1 13
36 49 1 13
36 30 2 13
36 34 2 13
36 49 4 13
36 8 5 13
36 34 5 13
36 82 5 13
36 81 6 13
36 57 17 13
36 52 18 13
36 8 19 13
91 49 1 13
91 104 2 13
91 114 3 13
91 137 3 13
91 49 4 13
91 82 5 13
91 81 6 13
91 109 16 13
91 57 17 13
91 52 18 13
91 109 18 13
91 106 19 13
132 174 1 13
132 104 2 13
132 114 3 13
132 137 3 13
132 82 5 13
132 109 16 13
132 109 18 13
132 106 19 13
483 457 4 13
483 528 15 13
483 511 16 13
667 656 1 13
667 664 2 13
667 619 3 13
667 711 5 13
667 655 6 13
667 629 7 13
667 642 20 13
29 30 1 14
29 34 1 14
29 49 3 14
29 8 4 14
29 34 4 14
29 57 16 14
29 52 17 14
29 8 18 14
29 36 20 14
49 30 1 14
49 34 1 14
49 49 3 14
49 8 4 14
49 34 4 14
49 82 4 14
49 81 5 14
49 57 16 14
49 52 17 14
49 8 18 14
49 36 20 14
49 84 20 14
174 192 1 14
174 137 2 14
174 214 20 14
255 289 4 14
255 284 5 14
255 275 6 14
255 281 14 14
255 234 16 14
255 225 17 14
255 258 17 14
255 214 20 14
656 664 1 14
656 619 2 14
656 655 5 14
656 629 6 14
656 642 19 14
30 49 2 15
30 8 3 15
30 34 3 15
30 57 15 15
30 52 16 15
30 8 17 15
30 36 19 15
30 1 20 15
30 4 20 15
30 9 20 15
30 15 20 15
30 76 20 15
34 49 2 15
34 8 3 15
34 34 3 15
34 82 3 15
34 81 4 15
34 57 15 15
34 52 16 15
34 8 17 15
34 36 19 15
34 1 20 15
34 4 20 15
34 9 20 15
34 15 20 15
34 76 20 15
104 114 1 15
104 137 1 15
104 82 3 15
104 81 4 15
104 109 14 15
104 57 15 15
104 109 16 15
104 106 17 15
104 84 19 15
104 76 20 15
104 140 20 15
192 234 15 15
192 225 16 15
192 214 19 15
389 389 1 15
389 421 14 15
664 619 1 15
664 711 3 15
664 655 4 15
664 629 5 15
664 642 18 15
114 82 2 16
114 81 3 16
114 109 13 16
114 109 15 16
114 106 16 16
114 84 18 16
114 76 19 16
114 140 19 16
114 143 20 16
137 109 13 16
137 109 15 16
137 106 16 16
137 140 19 16
137 143 20 16
389 421 13 16
619 655 3 16
619 629 4 16
619 583 15 16
619 642 17 16
49 8 1 17
49 34 1 17
49 82 1 17
49 81 2 17
49 57 13 17
49 52 14 17
49 8 15 17
49 36 17 17
49 84 17 17
49 1 18 17
49 4 18 17
49 9 18 17
49 15 18 17
49 76 18 17
49 53 19 17
457 421 12 17
457 474 17 17
457 498 18 17
457 493 20 17
767 734 19 17
8 57 12 18
8 52 13 18
8 8 14 18
8 36 16 18
8 1 17 18
8 4 17 18
8 9 17 18
8 15 17 18
8 53 18 18
34 81 1 18
34 57 12 18
34 52 13 18
34 8 14 18
34 36 16 18
34 1 17 18
34 4 17 18
34 9 17 18
34 15 17 18
34 76 17 18
34 53 18 18
82 81 1 18
82 109 11 18
82 57 12 18
82 52 13 18
82 109 13 18
82 106 14 18
82 36 16 18
82 84 16 18
82 76 17 18
82 53 18 18
82 114 20 18
289 284 1 18
289 275 2 18
289 281 10 18
289 337 12 18
289 258 13 18
289 259 18 18
711 734 18 18
81 109 10 19
81 57 11 19
81 52 12 19
81 109 12 19
81 106 13 19
81 36 15 19
81 84 15 19
81 76 16 19
81 53 17 19
81 114 19 19
284 275 1 19
284 281 9 19
284 234 11 19
284 258 12 19
284 259 17 19
655 629 1 19
655 642 14 19
655 628 18 19
655 646 19 19
275 281 8 20
275 234 10 20
275 225 11 20
275 258 11 20
275 259 16 20
629 583 11 20
629 642 13 20
629 628 17 20
629 646 18 20
281 234 2 28
281 258 3 28
281 259 8 28
281 255 13 28
281 330 14 28
281 279 15 28
281 253 19 28
281 256 19 28
528 511 1 28
528 545 2 28
528 556 4 28
528 514 6 28
528 498 7 28
528 520 7 28
528 493 9 28
528 489 10 28
528 496 12 28
528 573 12 28
528 531 15 28
528 521 18 28
528 516 19 28
528 571 20 28
109 109 2 29
109 106 3 29
109 84 5 29
109 76 6 29
109 140 6 29
109 143 7 29
109 114 9 29
109 102 11 29
109 150 11 29
109 101 12 29
109 139 12 29
109 99 13 29
109 83 14 29
109 129 14 29
109 77 15 29
109 127 15 29
109 78 17 29
109 146 17 29
109 62 19 29
109 63 19 29
109 150 19 29
109 117 20 29
421 372 19 29
421 431 20 29
511 545 1 29
511 556 3 29
511 474 5 29
511 514 5 29
511 498 6 29
511 520 6 29
511 493 8 29
511 489 9 29
511 476 10 29
511 496 11 29
511 531 14 29
511 521 17 29
511 516 18 29
511 536 20 29
57 52 1 30
57 8 2 30
57 106 2 30
57 36 4 30
57 84 4 30
57 9 5 30
57 15 5 30
57 76 5 30
57 53 6 30
57 7 10 30
57 17 10 30
57 37 10 30
57 102 10 30
57 37 11 30
57 101 11 30
57 23 12 30
57 99 12 30
57 83 13 30
57 38 14 30
57 77 14 30
57 29 16 30
57 37 16 30
57 78 16 30
57 30 17 30
57 29 18 30
57 62 18 30
57 63 18 30
57 30 20 30
57 31 20 30
234 225 1 30
234 258 1 30
234 214 4 30
234 259 6 30
234 219 8 30
234 193 9 30
234 255 11 30
234 279 13 30
234 253 17 30
234 256 17 30
337 330 12 30
337 372 18 30
545 583 1 30
545 556 2 30
545 514 4 30
545 498 5 30
545 520 5 30
545 496 10 30
545 573 10 30
545 531 13 30
545 521 16 30
545 516 17 30
545 571 18 30
545 536 19 30
52 8 1 31
52 36 3 31
52 84 3 31
52 4 4 31
52 9 4 31
52 15 4 31
52 76 4 31
52 53 5 31
52 6 9 31
52 7 9 31
52 17 9 31
52 37 9 31
52 37 10 31
52 101 10 31
52 23 11 31
52 99 11 31
52 83 12 31
52 38 13 31
52 77 13 31
52 2 15 31
52 3 15 31
52 29 15 31
52 37 15 31
52 78 15 31
52 30 16 31
52 29 17 31
52 62 17 31
52 63 17 31
52 30 19 31
52 31 19 31
52 36 20 31
52 78 20 31
109 106 1 31
109 84 3 31
109 76 4 31
109 140 4 31
109 143 5 31
109 114 7 31
109 102 9 31
109 150 9 31
109 101 10 31
109 139 10 31
109 99 11 31
109 83 12 31
109 129 12 31
109 77 13 31
109 127 13 31
109 78 15 31
109 146 15 31
109 62 17 31
109 63 17 31
109 150 17 31
109 117 18 31
109 114 19 31
109 78 20 31
225 214 3 31
225 259 5 31
225 219 7 31
225 193 8 31
225 255 10 31
225 182 11 31
225 181 14 31
225 253 16 31
225 256 16 31
225 234 20 31
225 271 20 31
258 214 3 31
258 259 5 31
258 219 7 31
258 255 10 31
258 279 12 31
258 253 16 31
258 256 16 31
258 234 20 31
258 271 20 31
583 556 1 31
583 628 6 31
583 573 9 31
583 613 11 31
583 571 17 31
583 536 18 31
583 621 19 31
583 579 20 31
8 36 2 32
8 1 3 32
8 4 3 32
8 9 3 32
8 15 3 32
8 53 4 32
8 0 8 32
8 6 8 32
8 7 8 32
8 17 8 32
8 37 8 32
8 37 9 32
8 23 10 32
8 38 12 32
8 2 14 32
8 3 14 32
8 29 14 32
8 37 14 32
8 30 15 32
8 29 16 32
8 30 18 32
8 31 18 32
8 36 19 32
106 84 2 32
106 76 3 32
106 140 3 32
106 143 4 32
106 114 6 32
106 102 8 32
106 150 8 32
106 101 9 32
106 139 9 32
106 99 10 32
106 83 11 32
106 129 11 32
106 77 12 32
106 127 12 32
106 78 14 32
106 146 14 32
106 62 16 32
106 63 16 32
106 150 16 32
106 117 17 32
106 114 18 32
106 78 19 32
106 60 20 32
556 514 2 32
556 520 3 32
556 573 8 32
556 531 11 32
556 521 14 32
556 516 15 32
556 571 16 32
556 536 17 32
556 579 19 32
556 580 20 32
642 628 4 33
642 646 5 33
642 613 9 33
642 654 11 33
642 621 17 33
36 1 1 34
36 4 1 34
36 9 1 34
36 15 1 34
36 76 1 34
36 53 2 34
36 0 6 34
36 6 6 34
36 7 6 34
36 17 6 34
36 37 6 34
36 37 7 34
36 23 8 34
36 83 9 34
36 38 10 34
36 77 10 34
36 2 12 34
36 3 12 34
36 29 12 34
36 37 12 34
36 78 12 34
36 30 13 34
36 29 14 34
36 62 14 34
36 63 14 34
36 30 16 34
36 31 16 34
36 36 17 34
36 78 17 34
36 60 18 34
84 76 1 34
84 53 2 34
84 114 4 34
84 37 6 34
84 102 6 34
84 37 7 34
84 101 7 34
84 99 8 34
84 83 9 34
84 129 9 34
84 38 10 34
84 77 10 34
84 127 10 34
84 37 12 34
84 78 12 34
84 62 14 34
84 63 14 34
84 117 15 34
84 114 16 34
84 36 17 34
84 78 17 34
84 60 18 34
214 259 2 34
214 219 4 34
214 193 5 34
214 255 7 34
214 182 8 34
214 181 11 34
214 253 13 34
214 256 13 34
214 234 17 34
474 498 1 34
474 520 1 34
474 493 3 34
474 489 4 34
474 476 5 34
474 496 6 34
474 521 12 34
474 516 13 34
474 431 15 34
514 498 1 34
514 520 1 34
514 493 3 34
514 489 4 34
514 476 5 34
514 496 6 34
514 531 9 34
514 521 12 34
514 516 13 34
514 536 15 34
1 0 5 35
1 6 5 35
1 7 5 35
1 17 5 35
1 37 5 35
1 37 6 35
1 23 7 35
1 38 9 35
1 2 11 35
1 3 11 35
1 29 11 35
1 37 11 35
1 30 12 35
1 29 13 35
1 30 15 35
1 31 15 35
1 36 16 35
4 53 1 35
4 0 5 35
4 6 5 35
4 7 5 35
4 17 5 35
4 37 5 35
4 37 6 35
4 23 7 35
4 38 9 35
4 2 11 35
4 3 11 35
4 29 11 35
4 37 11 35
4 30 12 35
4 29 13 35
4 30 15 35
4 31 15 35
4 36 16 35
9 53 1 35
9 0 5 35
9 6 5 35
9 7 5 35
9 17 5 35
9 37 5 35
9 37 6 35
9 23 7 35
9 38 9 35
9 2 11 35
9 3 11 35
9 29 11 35
9 37 11 35
9 30 12 35
9 29 13 35
9 30 15 35
9 31 15 35
9 36 16 35
15 53 1 35
15 0 5 35
15 6 5 35
15 7 5 35
15 17 5 35
15 37 5 35
15 37 6 35
15 23 7 35
15 38 9 35
15 2 11 35
15 3 11 35
15 29 11 35
15 37 11 35
15 30 12 35
15 29 13 35
15 62 13 35
15 63 13 35
15 30 15 35
15 31 15 35
15 36 16 35
15 60 17 35
76 53 1 35
76 114 3 35
76 37 5 35
76 102 5 35
76 37 6 35
76 101 6 35
76 99 7 35
76 83 8 35
76 38 9 35
76 77 9 35
76 29 11 35
76 37 11 35
76 78 11 35
76 30 12 35
76 29 13 35
76 62 13 35
76 63 13 35
76 117 14 35
76 30 15 35
76 31 15 35
76 114 15 35
76 36 16 35
76 78 16 35
76 60 17 35
140 143 1 35
140 114 3 35
140 102 5 35
140 150 5 35
140 101 6 35
140 139 6 35
140 99 7 35
140 182 7 35
140 129 8 35
140 127 9 35
140 181 10 35
140 146 11 35
140 150 13 35
140 117 14 35
140 114 15 35
498 493 2 35
498 489 3 35
498 476 4 35
498 496 5 35
498 531 8 35
498 521 11 35
498 516 12 35
498 536 14 35
520 493 2 35
520 489 3 35
520 476 4 35
520 496 5 35
520 531 8 35
520 521 11 35
520 516 12 35
520 536 14 35
53 6 4 36
53 7 4 36
53 17 4 36
53 37 4 36
53 102 4 36
53 37 5 36
53 101 5 36
53 23 6 36
53 99 6 36
53 83 7 36
53 38 8 36
53 77 8 36
53 3 10 36
53 29 10 36
53 37 10 36
53 78 10 36
53 30 11 36
53 29 12 36
53 62 12 36
53 63 12 36
53 30 14 36
53 31 14 36
53 36 15 36
53 78 15 36
53 60 16 36
143 114 2 36
143 102 4 36
143 150 4 36
143 101 5 36
143 139 5 36
143 99 6 36
143 182 6 36
143 129 7 36
143 127 8 36
143 181 9 36
143 146 10 36
143 150 12 36
143 117 13 36
143 114 14 36
259 219 2 36
259 255 5 36
259 279 7 36
259 253 11 36
259 256 11 36
259 234 15 36
259 271 15 36
734 759 3 36
734 714 5 36
734 762 9 36
493 489 1 37
493 476 2 37
493 496 3 37
493 531 6 37
493 521 9 37
493 516 10 37
493 536 12 37
628 646 1 37
628 613 5 37
628 654 7 37
628 621 13 37
628 579 14 37
628 580 15 37
114 102 2 38
114 150 2 38
114 101 3 38
114 139 3 38
114 99 4 38
114 83 5 38
114 129 5 38
114 77 6 38
114 127 6 38
114 78 8 38
114 146 8 38
114 150 10 38
114 117 11 38
114 114 12 38
114 78 13 38
219 193 1 38
219 255 3 38
219 182 4 38
219 181 7 38
219 253 9 38
219 256 9 38
219 234 13 38
489 476 1 38
489 496 2 38
489 531 5 38
489 521 8 38
489 516 9 38
489 536 11 38
646 613 4 38
646 654 6 38
646 621 12 38
193 150 1 39
193 182 3 39
193 181 6 39
193 146 7 39
193 150 9 39
193 234 12 39
476 496 1 39
476 521 7 39
476 516 8 39
476 431 10 39
759 714 2 39
759 762 6 39
0 37 1 40
0 23 2 40
0 38 4 40
0 2 6 40
0 3 6 40
0 29 6 40
0 37 6 40
0 30 7 40
0 29 8 40
0 30 10 40
0 31 10 40
0 36 11 40
6 37 1 40
6 23 2 40
6 38 4 40
6 2 6 40
6 3 6 40
6 29 6 40
6 37 6 40
6 30 7 40
6 29 8 40
6 30 10 40
6 31 10 40
6 36 11 40
7 37 1 40
7 23 2 40
7 38 4 40
7 2 6 40
7 3 6 40
7 29 6 40
7 37 6 40
7 30 7 40
7 29 8 40
7 30 10 40
7 31 10 40
7 36 11 40
17 37 1 40
17 23 2 40
17 38 4 40
17 2 6 40
17 3 6 40
17 29 6 40
17 37 6 40
17 30 7 40
17 29 8 40
17 62 8 40
17 63 8 40
17 30 10 40
17 31 10 40
17 36 11 40
17 60 12 40
37 37 1 40
37 23 2 40
37 83 3 40
37 38 4 40
37 77 4 40
37 2 6 40
37 3 6 40
37 29 6 40
37 37 6 40
37 78 6 40
37 30 7 40
37 29 8 40
37 62 8 40
37 63 8 40
37 30 10 40
37 31 10 40
37 36 11 40
37 78 11 40
37 60 12 40
102 101 1 40
102 139 1 40
102 99 2 40
102 83 3 40
102 129 3 40
102 77 4 40
102 127 4 40
102 78 6 40
102 146 6 40
102 62 8 40
102 63 8 40
102 150 8 40
102 117 9 40
102 114 10 40
102 78 11 40
102 60 12 40
150 101 1 40
150 139 1 40
150 182 2 40
150 129 3 40
150 127 4 40
150 181 5 40
150 146 6 40
150 150 8 40
150 117 9 40
150 114 10 40
496 531 3 40
496 521 6 40
496 516 7 40
496 536 9 40
573 613 2 40
573 531 3 40
573 571 8 40
573 536 9 40
573 621 10 40
573 579 11 40
573 580 12 40
37 23 1 41
37 83 2 41
37 38 3 41
37 77 3 41
37 2 5 41
37 3 5 41
37 29 5 41
37 37 5 41
37 78 5 41
37 30 6 41
37 29 7 41
37 62 7 41
37 63 7 41
37 30 9 41
37 31 9 41
37 36 10 41
37 78 10 41
37 60 11 41
101 99 1 41
101 83 2 41
101 129 2 41
101 77 3 41
101 127 3 41
101 78 5 41
101 146 5 41
101 62 7 41
101 63 7 41
101 150 7 41
101 117 8 41
101 114 9 41
101 78 10 41
101 60 11 41
139 99 1 41
139 182 1 41
139 129 2 41
139 127 3 41
139 181 4 41
139 146 5 41
139 150 7 41
139 117 8 41
139 114 9 41
255 279 2 41
255 253 6 41
255 256 6 41
255 234 10 41
255 271 10 41
714 762 4 41
23 38 2 42
23 2 4 42
23 3 4 42
23 29 4 42
23 37 4 42
23 30 5 42
23 29 6 42
23 62 6 42
23 63 6 42
23 30 8 42
23 31 8 42
23 36 9 42
23 60 10 42
99 83 1 42
99 129 1 42
99 77 2 42
99 127 2 42
99 78 4 42
99 146 4 42
99 62 6 42
99 63 6 42
99 117 7 42
99 114 8 42
99 78 9 42
99 60 10 42
182 181 3 42
182 146 4 42
182 150 6 42
330 372 6 42
613 654 2 42
613 571 6 42
613 621 8 42
613 579 9 42
613 580 10 42
83 38 1 43
83 77 1 43
83 127 1 43
83 37 3 43
83 78 3 43
83 62 5 43
83 63 5 43
83 117 6 43
83 114 7 43
83 36 8 43
83 78 8 43
83 60 9 43
129 127 1 43
129 146 3 43
129 150 5 43
129 117 6 43
129 114 7 43
279 253 4 43
279 256 4 43
279 234 8 43
279 271 8 43
531 521 3 43
531 516 4 43
531 571 5 43
531 536 6 43
531 579 8 43
531 580 9 43
38 2 2 44
38 3 2 44
38 29 2 44
38 37 2 44
38 78 2 44
38 30 3 44
38 29 4 44
38 62 4 44
38 63 4 44
38 30 6 44
38 31 6 44
38 36 7 44
38 78 7 44
38 60 8 44
77 29 2 44
77 37 2 44
77 78 2 44
77 30 3 44
77 29 4 44
77 62 4 44
77 63 4 44
77 117 5 44
77 30 6 44
77 31 6 44
77 114 6 44
77 36 7 44
77 78 7 44
77 60 8 44
127 78 2 44
127 146 2 44
127 150 4 44
127 117 5 44
127 114 6 44
127 78 7 44
654 621 6 44
181 146 1 45
181 150 3 45
2 30 1 46
2 29 2 46
2 30 4 46
2 31 4 46
2 36 5 46
3 30 1 46
3 29 2 46
3 30 4 46
3 31 4 46
3 36 5 46
29 30 1 46
29 29 2 46
29 62 2 46
29 63 2 46
29 30 4 46
29 31 4 46
29 36 5 46
29 78 5 46
29 60 6 46
37 30 1 46
37 29 2 46
37 62 2 46
37 63 2 46
37 30 4 46
37 31 4 46
37 36 5 46
37 78 5 46
37 60 6 46
78 30 1 46
78 29 2 46
78 62 2 46
78 63 2 46
78 117 3 46
78 30 4 46
78 31 4 46
78 114 4 46
78 36 5 46
78 78 5 46
78 60 6 46
146 150 2 46
146 117 3 46
146 114 4 46
521 516 1 46
521 536 3 46
30 29 1 47
30 62 1 47
30 63 1 47
30 30 3 47
30 31 3 47
30 36 4 47
30 78 4 47
30 60 5 47
253 234 4 47
253 271 4 47
256 234 4 47
256 271 4 47
516 536 2 47
29 30 2 48
29 31 2 48
29 36 3 48
29 78 3 48
29 60 4 48
62 30 2 48
62 31 2 48
62 36 3 48
62 78 3 48
62 60 4 48
63 30 2 48
63 31 2 48
63 36 3 48
63 78 3 48
63 60 4 48
150 117 1 48
150 114 2 48
571 536 1 48
571 579 3 48
571 580 4 48
117 114 1 49
117 78 2 49
536 579 2 49
536 580 3 49
30 36 1 50
30 78 1 50
30 60 2 50
31 36 1 50
31 78 1 50
31 60 2 50
114 78 1 50
621 579 1 50
621 580 2 50
36 60 1 51
78 60 1 51
579 580 1 51
