203 187 14 0
203 204 23 0
203 191 27 0
424 396 6 0
424 397 7 0
424 430 12 0
424 425 14 0
424 445 36 0
424 440 37 0
424 445 38 0
659 672 38 0
423 396 5 1
423 397 6 1
423 430 11 1
423 425 13 1
423 445 35 1
423 440 36 1
423 445 37 1
645 672 37 1
495 496 6 2
495 494 7 2
495 494 9 2
495 496 16 2
495 496 19 2
495 517 37 2
1017 1023 6 2
1017 1005 19 2
1017 995 26 2
1017 995 31 2
1017 997 32 2
1017 1023 36 2
883 890 4 3
883 881 5 3
883 873 14 3
883 871 16 3
1018 1023 4 4
1018 1005 17 4
1018 995 24 4
1018 995 29 4
1018 997 30 4
1018 1023 34 4
0 2 4 5
0 5 4 5
0 8 4 5
0 0 5 5
0 1 5 5
0 6 5 5
0 7 5 5
0 2 6 5
0 14 6 5
0 19 6 5
0 0 7 5
0 4 7 5
0 14 7 5
0 18 7 5
0 5 8 5
0 18 8 5
0 0 9 5
0 11 9 5
0 15 9 5
0 0 14 5
0 1 14 5
0 14 14 5
0 19 14 5
0 14 15 5
0 17 15 5
0 2 16 5
0 1 17 5
0 5 17 5
0 10 17 5
0 16 17 5
0 10 18 5
0 14 19 5
0 9 31 5
0 9 32 5
58 41 7 5
58 78 7 5
58 39 9 5
58 72 12 5
58 66 16 5
58 43 22 5
58 74 32 5
58 77 34 5
58 66 39 5
254 254 17 5
254 256 17 5
254 259 18 5
254 256 27 5
254 253 32 5
254 252 33 5
254 252 35 5
254 251 36 5
255 254 17 5
255 256 17 5
255 259 18 5
255 256 27 5
255 253 32 5
255 252 33 5
255 252 35 5
255 251 36 5
1019 1005 16 5
1019 995 23 5
1019 995 28 5
1019 997 29 5
1019 1023 33 5
74 78 6 6
74 72 11 6
74 66 15 6
74 96 20 6
74 96 29 6
74 74 31 6
74 77 33 6
74 66 38 6
396 425 8 6
753 770 38 6
10 2 4 7
10 14 4 7
10 19 4 7
10 0 5 7
10 4 5 7
10 14 5 7
10 18 5 7
10 5 6 7
10 18 6 7
10 0 7 7
10 11 7 7
10 15 7 7
10 39 7 7
10 0 12 7
10 1 12 7
10 14 12 7
10 19 12 7
10 14 13 7
10 17 13 7
10 2 14 7
10 1 15 7
10 5 15 7
10 10 15 7
10 16 15 7
10 10 16 7
10 14 17 7
10 9 29 7
10 9 30 7
74 78 5 7
74 72 10 7
74 66 14 7
74 96 19 7
74 96 28 7
74 74 30 7
74 77 32 7
74 66 37 7
397 425 7 7
890 873 10 7
890 871 12 7
51 41 4 8
51 78 4 8
51 39 6 8
51 72 9 8
51 66 13 8
51 43 19 8
51 74 29 8
51 77 31 8
51 66 36 8
496 496 10 8
496 496 13 8
496 517 31 8
881 873 9 8
881 871 11 8
1023 1005 13 8
1023 995 20 8
1023 995 25 8
1023 997 26 8
1023 1023 30 8
2 5 4 9
2 18 4 9
2 0 5 9
2 11 5 9
2 15 5 9
2 0 10 9
2 1 10 9
2 14 10 9
2 19 10 9
2 14 11 9
2 17 11 9
2 2 12 9
2 1 13 9
2 5 13 9
2 10 13 9
2 16 13 9
2 10 14 9
2 14 15 9
2 9 27 9
2 9 28 9
5 5 4 9
5 18 4 9
5 0 5 9
5 11 5 9
5 15 5 9
5 0 10 9
5 1 10 9
5 14 10 9
5 19 10 9
5 14 11 9
5 17 11 9
5 2 12 9
5 1 13 9
5 5 13 9
5 10 13 9
5 16 13 9
5 10 14 9
5 14 15 9
5 9 27 9
5 9 28 9
8 5 4 9
8 18 4 9
8 0 5 9
8 11 5 9
8 15 5 9
8 0 10 9
8 1 10 9
8 14 10 9
8 19 10 9
8 14 11 9
8 17 11 9
8 2 12 9
8 1 13 9
8 5 13 9
8 10 13 9
8 16 13 9
8 10 14 9
8 14 15 9
8 9 27 9
8 9 28 9
494 496 9 9
494 496 12 9
494 517 30 9
718 716 32 9
718 714 33 9
0 0 4 10
0 11 4 10
0 15 4 10
0 0 9 10
0 1 9 10
0 14 9 10
0 19 9 10
0 14 10 10
0 17 10 10
0 2 11 10
0 1 12 10
0 5 12 10
0 10 12 10
0 16 12 10
0 10 13 10
0 14 14 10
0 9 26 10
0 9 27 10
1 0 4 10
1 11 4 10
1 15 4 10
1 0 9 10
1 1 9 10
1 14 9 10
1 19 9 10
1 14 10 10
1 17 10 10
1 2 11 10
1 1 12 10
1 5 12 10
1 10 12 10
1 16 12 10
1 10 13 10
1 14 14 10
1 9 26 10
1 9 27 10
6 0 4 10
6 11 4 10
6 15 4 10
6 0 9 10
6 1 9 10
6 14 9 10
6 19 9 10
6 14 10 10
6 17 10 10
6 2 11 10
6 1 12 10
6 5 12 10
6 10 12 10
6 16 12 10
6 10 13 10
6 14 14 10
6 9 26 10
6 9 27 10
7 0 4 10
7 11 4 10
7 15 4 10
7 0 9 10
7 1 9 10
7 14 9 10
7 19 9 10
7 14 10 10
7 17 10 10
7 2 11 10
7 1 12 10
7 5 12 10
7 10 12 10
7 16 12 10
7 10 13 10
7 14 14 10
7 9 26 10
7 9 27 10
2 0 8 11
2 1 8 11
2 14 8 11
2 19 8 11
2 14 9 11
2 17 9 11
2 2 10 11
2 1 11 11
2 5 11 11
2 10 11 11
2 16 11 11
2 10 12 11
2 14 13 11
2 9 25 11
2 9 26 11
14 0 8 11
14 1 8 11
14 14 8 11
14 19 8 11
14 14 9 11
14 17 9 11
14 2 10 11
14 1 11 11
14 5 11 11
14 10 11 11
14 16 11 11
14 10 12 11
14 14 13 11
14 43 16 11
14 9 25 11
14 9 26 11
19 0 8 11
19 1 8 11
19 14 8 11
19 19 8 11
19 14 9 11
19 17 9 11
19 2 10 11
19 1 11 11
19 5 11 11
19 10 11 11
19 16 11 11
19 10 12 11
19 14 13 11
19 43 16 11
19 9 25 11
19 9 26 11
494 496 7 11
494 496 10 11
494 517 28 11
575 600 11 11
575 570 12 11
575 559 14 11
575 557 16 11
575 545 18 11
575 551 20 11
0 0 7 12
0 1 7 12
0 14 7 12
0 19 7 12
0 14 8 12
0 17 8 12
0 2 9 12
0 1 10 12
0 5 10 12
0 10 10 12
0 16 10 12
0 10 11 12
0 14 12 12
0 9 24 12
0 9 25 12
4 0 7 12
4 1 7 12
4 14 7 12
4 19 7 12
4 14 8 12
4 17 8 12
4 2 9 12
4 1 10 12
4 5 10 12
4 10 10 12
4 16 10 12
4 10 11 12
4 14 12 12
4 9 24 12
4 9 25 12
14 0 7 12
14 1 7 12
14 14 7 12
14 19 7 12
14 14 8 12
14 17 8 12
14 2 9 12
14 1 10 12
14 5 10 12
14 10 10 12
14 16 10 12
14 10 11 12
14 14 12 12
14 43 15 12
14 9 24 12
14 9 25 12
18 0 7 12
18 1 7 12
18 14 7 12
18 19 7 12
18 14 8 12
18 17 8 12
18 2 9 12
18 1 10 12
18 5 10 12
18 10 10 12
18 16 10 12
18 10 11 12
18 14 12 12
18 43 15 12
18 9 24 12
18 9 25 12
41 14 7 12
41 19 7 12
41 14 8 12
41 17 8 12
41 66 9 12
41 16 10 12
41 14 12 12
41 43 15 12
41 66 32 12
78 72 5 12
78 66 9 12
78 96 14 12
78 96 23 12
78 74 25 12
78 77 27 12
78 66 32 12
430 445 24 12
430 440 25 12
430 445 26 12
960 978 4 12
960 979 6 12
960 979 8 12
960 950 12 12
960 949 18 12
960 961 23 12
960 959 25 12
960 959 28 12
960 958 31 12
5 0 6 13
5 1 6 13
5 14 6 13
5 19 6 13
5 14 7 13
5 17 7 13
5 2 8 13
5 1 9 13
5 5 9 13
5 10 9 13
5 16 9 13
5 10 10 13
5 14 11 13
5 9 23 13
5 9 24 13
18 0 6 13
18 1 6 13
18 14 6 13
18 19 6 13
18 14 7 13
18 17 7 13
18 2 8 13
18 1 9 13
18 5 9 13
18 10 9 13
18 16 9 13
18 10 10 13
18 14 11 13
18 43 14 13
18 9 23 13
18 9 24 13
960 979 5 13
960 979 7 13
960 950 11 13
960 949 17 13
960 961 22 13
960 959 24 13
960 959 27 13
960 958 30 13
0 0 5 14
0 1 5 14
0 14 5 14
0 19 5 14
0 14 6 14
0 17 6 14
0 2 7 14
0 1 8 14
0 5 8 14
0 10 8 14
0 16 8 14
0 10 9 14
0 14 10 14
0 9 22 14
0 9 23 14
11 0 5 14
11 1 5 14
11 14 5 14
11 19 5 14
11 14 6 14
11 17 6 14
11 2 7 14
11 1 8 14
11 5 8 14
11 10 8 14
11 16 8 14
11 10 9 14
11 14 10 14
11 9 22 14
11 9 23 14
15 0 5 14
15 1 5 14
15 14 5 14
15 19 5 14
15 14 6 14
15 17 6 14
15 2 7 14
15 1 8 14
15 5 8 14
15 10 8 14
15 16 8 14
15 10 9 14
15 14 10 14
15 43 13 14
15 9 22 14
15 9 23 14
39 14 5 14
39 19 5 14
39 14 6 14
39 17 6 14
39 66 7 14
39 10 8 14
39 16 8 14
39 10 9 14
39 14 10 14
39 43 13 14
39 9 22 14
39 9 23 14
39 66 30 14
187 204 9 14
187 168 12 14
187 191 13 14
425 445 22 14
425 440 23 14
425 445 24 14
548 570 9 14
548 559 11 14
548 544 12 14
548 557 13 14
548 545 15 14
548 551 17 14
979 979 5 15
979 1005 6 15
979 950 9 15
979 995 13 15
979 949 15 15
979 995 18 15
979 997 19 15
979 961 20 15
979 959 22 15
979 959 25 15
979 958 28 15
978 979 4 16
978 1005 5 16
978 950 8 16
978 995 12 16
978 949 14 16
978 995 17 16
978 997 18 16
978 961 19 16
978 959 21 16
978 959 24 16
978 958 27 16
72 66 4 17
72 96 9 17
72 43 10 17
72 96 18 17
72 74 20 17
72 77 22 17
72 66 27 17
496 517 21 18
979 950 6 18
979 995 10 18
979 949 12 18
979 995 15 18
979 997 16 18
979 961 17 18
979 959 19 18
979 959 22 18
979 958 25 18
0 10 4 19
0 14 5 19
0 9 17 19
0 9 18 19
1 10 4 19
1 14 5 19
1 9 17 19
1 9 18 19
14 10 4 19
14 14 5 19
14 43 8 19
14 9 17 19
14 9 18 19
19 10 4 19
19 14 5 19
19 43 8 19
19 9 17 19
19 9 18 19
14 14 4 20
14 43 7 20
14 9 16 20
14 9 17 20
17 14 4 20
17 43 7 20
17 9 16 20
17 9 17 20
979 950 4 20
979 995 8 20
979 949 10 20
979 995 13 20
979 997 14 20
979 961 15 20
979 959 17 20
979 959 20 20
979 958 23 20
2 9 15 21
2 9 16 21
66 43 6 21
66 74 16 21
66 77 18 21
66 66 23 21
496 517 18 21
1005 995 7 21
1005 995 12 21
1005 997 13 21
1005 1023 17 21
1 9 14 22
1 9 15 22
5 9 14 22
5 9 15 22
10 9 14 22
10 9 15 22
16 43 5 22
16 9 14 22
16 9 15 22
254 256 10 22
254 253 15 22
254 252 16 22
254 252 18 22
254 251 19 22
256 256 10 22
256 253 15 22
256 252 16 22
256 252 18 22
256 251 19 22
10 9 13 23
10 9 14 23
204 191 4 23
259 256 9 23
259 253 14 23
259 252 15 23
259 252 17 23
259 251 18 23
570 557 4 23
570 545 6 23
570 551 8 23
14 9 12 24
14 9 13 24
950 949 6 24
950 961 11 24
950 959 13 24
950 959 16 24
950 958 19 24
559 545 4 25
559 551 6 25
96 96 9 26
96 74 11 26
96 77 13 26
96 66 18 26
168 139 6 26
322 326 5 26
544 551 5 26
544 517 13 26
43 66 17 27
122 139 5 27
122 96 8 27
557 551 4 27
995 995 5 28
995 997 6 28
995 1023 10 28
545 517 10 29
949 961 5 30
949 959 7 30
949 959 10 30
949 958 13 30
256 253 5 32
256 252 6 32
256 252 8 32
256 251 9 32
811 783 4 32
995 1023 5 33
997 1023 4 34
96 77 4 35
96 66 9 35
961 959 5 35
961 958 8 35
783 770 8 36
74 66 7 37
253 251 4 37
959 958 6 37
77 66 5 39
