396 401 11 0
678 683 11 0
504 513 15 1
504 505 24 1
504 514 24 1
504 521 25 1
520 513 15 1
520 505 24 1
520 514 24 1
520 521 25 1
288 306 17 2
98 85 15 3
98 97 16 3
98 90 28 3
98 115 29 3
207 200 16 3
319 327 13 3
319 306 16 3
319 329 17 3
319 310 26 3
595 609 25 3
595 607 29 3
47 31 16 4
47 65 16 4
47 36 26 4
47 42 29 4
66 85 14 4
66 65 16 4
66 72 25 4
194 200 15 4
506 513 12 4
506 505 21 4
506 514 21 4
506 521 22 4
646 644 16 4
166 169 17 5
166 167 20 5
166 162 21 5
166 151 22 5
552 567 12 5
552 544 19 5
552 544 22 5
552 566 25 5
9 8 10 6
9 15 12 6
9 11 13 6
9 7 21 6
9 4 23 6
9 12 23 6
9 19 23 6
9 0 25 6
9 1 25 6
9 3 25 6
97 85 12 6
97 97 13 6
97 90 25 6
97 115 26 6
148 128 10 6
148 142 17 6
148 167 19 6
148 162 20 6
148 151 21 6
148 133 24 6
148 128 27 6
480 483 24 6
516 513 10 6
516 505 19 6
516 514 19 6
516 521 20 6
277 267 10 7
277 266 24 7
277 259 25 7
277 265 26 7
525 544 17 7
525 505 18 7
525 514 18 7
525 521 19 7
525 544 20 7
13 15 10 8
13 11 11 8
13 31 12 8
13 7 19 8
13 4 21 8
13 12 21 8
13 19 21 8
13 0 23 8
13 1 23 8
13 3 23 8
29 15 10 8
29 11 11 8
29 31 12 8
29 12 21 8
29 19 21 8
29 36 22 8
29 42 25 8
29 34 27 8
32 15 10 8
32 31 12 8
32 12 21 8
32 19 21 8
32 36 22 8
32 42 25 8
32 34 27 8
84 85 10 8
84 97 11 8
84 65 12 8
84 72 21 8
84 90 23 8
84 67 27 8
223 221 29 8
492 505 17 8
492 483 22 8
763 753 14 8
37 31 11 9
37 19 20 9
37 36 21 9
37 42 24 9
37 34 26 9
144 142 14 9
144 162 17 9
144 151 18 9
144 124 21 9
144 133 21 9
144 128 24 9
144 127 26 9
312 306 10 9
312 329 11 9
312 310 20 9
517 505 16 9
517 514 16 9
517 521 17 9
48 31 10 10
48 65 10 10
48 36 20 10
48 42 23 10
48 34 25 10
48 67 25 10
125 142 13 10
125 124 20 10
125 133 20 10
125 115 22 10
125 128 23 10
125 127 25 10
131 142 13 10
131 124 20 10
131 133 20 10
131 115 22 10
131 128 23 10
131 127 25 10
511 505 15 10
511 514 15 10
511 521 16 10
88 72 18 11
88 90 20 11
232 221 26 11
683 700 20 11
683 665 24 11
683 693 26 11
683 698 27 11
0 7 15 12
0 4 17 12
0 12 17 12
0 19 17 12
0 0 19 12
0 1 19 12
0 3 19 12
14 7 15 12
14 4 17 12
14 12 17 12
14 19 17 12
14 0 19 12
14 1 19 12
14 3 19 12
16 7 15 12
16 4 17 12
16 12 17 12
16 19 17 12
16 0 19 12
16 1 19 12
16 3 19 12
16 34 23 12
41 36 18 12
41 42 21 12
41 34 23 12
467 483 18 12
467 480 27 12
621 609 16 12
621 607 20 12
621 602 21 12
8 7 11 16
8 4 13 16
8 12 13 16
8 19 13 16
8 0 15 16
8 1 15 16
8 3 15 16
128 124 14 16
128 133 14 16
128 115 16 16
128 128 17 16
128 127 19 16
128 112 28 16
327 310 13 16
513 521 10 16
267 266 14 17
267 259 15 17
267 265 16 17
267 256 20 17
267 273 27 17
567 566 13 17
15 4 11 18
15 12 11 18
15 19 11 18
15 0 13 18
15 1 13 18
15 3 13 18
15 34 17 18
85 72 11 18
85 90 13 18
85 67 17 18
85 73 24 18
11 4 10 19
11 12 10 19
11 19 10 19
11 0 12 19
11 1 12 19
11 3 12 19
97 90 12 19
97 115 13 19
97 112 25 19
200 183 17 19
200 219 23 19
200 193 25 19
306 310 10 19
31 36 10 20
31 42 13 20
31 34 15 20
65 67 15 20
65 73 22 20
644 653 14 20
341 353 26 21
341 355 28 21
341 331 29 21
723 714 15 21
723 715 24 21
723 725 27 21
723 733 28 21
169 183 14 22
169 158 25 22
367 353 25 22
367 355 27 22
753 744 25 22
753 733 27 22
142 128 10 23
142 127 12 23
142 158 24 23
142 132 26 23
142 129 27 23
730 714 13 23
730 715 22 23
730 744 24 23
730 725 25 23
730 733 26 23
351 353 23 24
351 355 25 24
351 331 26 24
544 534 26 24
167 183 11 25
167 158 22 25
162 158 21 26
369 353 21 26
369 355 23 26
521 534 24 26
151 158 20 27
151 132 22 27
544 534 23 27
72 73 13 29
124 112 14 30
124 132 19 30
124 129 20 30
133 132 19 30
133 129 20 30
90 73 11 31
266 273 13 31
700 682 11 31
700 715 14 31
115 112 12 32
115 132 17 32
115 129 18 32
259 273 12 32
128 112 11 33
128 132 16 33
128 129 17 33
265 273 11 33
421 423 11 34
653 669 10 34
127 132 14 35
127 129 15 35
437 423 10 35
714 725 12 36
714 733 13 36
