306 298 13 12
306 297 14 12
306 296 15 12
306 304 23 12
306 295 26 12
736 742 11 12
736 742 12 12
736 741 15 12
736 728 20 12
736 748 21 12
736 742 25 12
736 741 26 12
736 741 29 12
77 68 10 13
77 68 11 13
77 69 12 13
77 74 13 13
77 68 14 13
77 77 17 13
77 68 24 13
77 66 25 13
77 68 27 13
77 67 28 13
162 162 19 13
162 171 22 13
162 166 29 13
413 404 10 13
413 405 11 13
413 414 19 13
413 406 28 13
724 742 10 13
724 742 11 13
724 741 14 13
724 728 19 13
724 742 24 13
724 741 25 13
724 741 28 13
34 34 17 15
98 98 17 15
162 162 17 15
162 171 20 15
162 166 27 15
414 414 17 15
414 406 26 15
728 741 12 15
728 728 17 15
728 742 22 15
728 741 23 15
728 741 26 15
747 759 10 16
747 741 11 16
747 765 12 16
747 766 13 16
747 766 14 16
747 728 16 16
747 748 17 16
747 759 18 16
747 761 19 16
747 761 20 16
747 742 21 16
747 741 22 16
747 759 23 16
747 766 24 16
747 741 25 16
747 757 28 16
747 749 29 16
135 135 17 17
135 127 21 17
759 741 10 17
759 765 11 17
759 766 12 17
759 766 13 17
759 748 16 17
759 759 17 17
759 761 18 17
759 761 19 17
759 742 20 17
759 741 21 17
759 759 22 17
759 766 23 17
759 741 24 17
759 757 27 17
759 749 28 17
39 34 14 18
84 77 12 18
84 98 14 18
84 68 19 18
84 66 20 18
84 68 22 18
84 67 23 18
171 162 14 18
171 171 17 18
171 166 24 18
171 183 29 18
761 765 10 18
761 766 11 18
761 766 12 18
761 748 15 18
761 759 16 18
761 761 17 18
761 761 18 18
761 742 19 18
761 741 20 18
761 759 21 18
761 766 22 18
761 741 23 18
761 757 26 18
761 749 27 18
761 766 29 18
702 698 24 19
62 77 10 20
62 68 17 20
62 66 18 20
62 68 20 20
62 67 21 20
68 77 10 20
68 68 17 20
68 66 18 20
68 68 20 20
68 67 21 20
405 414 12 20
405 406 21 20
742 728 12 20
742 748 13 20
742 759 14 20
742 761 15 20
742 761 16 20
742 742 17 20
742 741 18 20
742 759 19 20
742 741 21 20
742 757 24 20
742 749 25 20
62 68 16 21
62 66 17 21
62 68 19 21
62 67 20 21
67 68 16 21
67 66 17 21
67 68 19 21
67 67 20 21
127 135 13 21
127 127 17 21
404 414 11 21
404 406 20 21
740 728 11 21
740 748 12 21
740 759 13 21
740 742 16 21
740 741 17 21
740 759 18 21
740 741 20 21
740 757 23 21
740 749 24 21
68 68 15 22
68 66 16 22
68 68 18 22
68 67 19 22
759 748 11 22
759 759 12 22
759 761 13 22
759 761 14 22
759 742 15 22
759 741 16 22
759 759 17 22
759 766 18 22
759 741 19 22
759 757 22 22
759 749 23 22
759 766 25 22
759 766 29 22
68 68 14 23
68 66 15 23
68 68 17 23
68 67 18 23
68 62 29 23
68 83 29 23
404 406 18 23
742 748 10 23
742 759 11 23
742 761 12 23
742 761 13 23
742 742 14 23
742 741 15 23
742 759 16 23
742 741 18 23
742 757 21 23
742 749 22 23
68 68 13 24
68 66 14 24
68 68 16 24
68 67 17 24
68 62 28 24
68 83 28 24
405 406 17 24
742 759 10 24
742 761 11 24
742 761 12 24
742 742 13 24
742 741 14 24
742 759 15 24
742 741 17 24
742 757 20 24
742 749 21 24
69 68 12 25
69 66 13 25
69 68 15 25
69 67 16 25
69 62 27 25
69 83 27 25
69 68 29 25
298 304 10 25
298 295 13 25
298 296 19 25
298 300 25 25
757 761 10 25
757 761 11 25
757 742 12 25
757 741 13 25
757 759 14 25
757 766 15 25
757 741 16 25
757 757 19 25
757 749 20 25
757 766 22 25
757 766 26 25
74 68 11 26
74 66 12 26
74 68 14 26
74 67 15 26
74 62 26 26
74 83 26 26
74 68 28 26
74 62 29 26
74 68 29 26
297 295 12 26
297 296 18 26
297 300 24 26
759 761 10 26
759 742 11 26
759 741 12 26
759 759 13 26
759 766 14 26
759 741 15 26
759 757 18 26
759 749 19 26
759 766 21 26
759 766 25 26
68 68 10 27
68 66 11 27
68 68 13 27
68 67 14 27
68 62 25 27
68 83 25 27
68 68 27 27
68 62 28 27
68 68 28 27
184 166 15 27
184 183 20 27
184 165 27 27
296 295 11 27
296 296 17 27
296 300 23 27
741 742 10 27
741 741 11 27
741 759 12 27
741 741 14 27
741 757 17 27
741 749 18 27
741 759 29 27
765 759 11 28
765 766 12 28
765 757 16 28
765 749 17 28
765 766 19 28
765 766 23 28
765 759 28 28
766 759 10 29
766 766 11 29
766 757 15 29
766 749 16 29
766 766 18 29
766 766 22 29
766 759 27 29
77 68 10 30
77 67 11 30
77 62 22 30
77 83 22 30
77 68 24 30
77 62 25 30
77 68 25 30
502 510 12 30
766 766 10 30
766 757 14 30
766 749 15 30
766 766 17 30
766 766 21 30
766 759 26 30
34 24 23 32
98 83 20 32
98 102 24 32
162 166 10 32
162 165 22 32
414 395 28 32
483 495 29 33
748 757 11 33
748 749 12 33
748 766 14 33
748 766 18 33
748 759 23 33
333 336 11 34
759 757 10 34
759 749 11 34
759 766 13 34
759 766 17 34
759 759 22 34
759 747 29 34
171 183 12 35
171 165 19 35
171 180 27 35
304 300 15 35
761 749 10 35
761 766 12 35
761 766 16 35
761 759 21 35
761 747 28 35
761 766 11 36
761 766 15 36
761 759 20 36
761 747 27 36
68 62 15 37
68 83 15 37
68 68 17 37
68 62 18 37
68 68 18 37
68 81 25 37
742 759 19 37
742 747 26 37
66 62 14 38
66 83 14 38
66 68 16 38
66 62 17 38
66 68 17 38
66 81 24 38
127 113 27 38
127 135 27 38
127 121 28 38
127 131 28 38
295 300 12 38
295 298 27 38
741 759 18 38
741 747 25 38
759 766 12 39
759 759 17 39
759 747 24 39
759 766 29 39
68 62 12 40
68 83 12 40
68 68 14 40
68 62 15 40
68 68 15 40
68 81 22 40
766 766 11 40
766 759 16 40
766 747 23 40
766 766 28 40
67 62 11 41
67 83 11 41
67 68 13 41
67 62 14 41
67 68 14 41
67 81 21 41
406 392 17 41
406 395 19 41
741 759 15 41
741 747 22 41
166 165 12 42
166 180 20 42
510 518 18 42
510 495 20 42
681 677 10 42
681 676 12 42
681 666 13 42
681 691 17 42
681 685 19 42
681 665 25 42
681 661 29 42
698 691 16 43
698 685 18 43
296 298 21 44
296 301 24 44
757 759 12 44
757 747 19 44
757 766 24 44
757 766 26 44
757 742 28 44
757 742 29 44
336 329 19 45
749 759 11 45
749 747 18 45
749 766 23 45
749 766 25 45
749 742 27 45
749 742 28 45
183 180 15 47
183 180 27 47
766 747 16 47
766 766 21 47
766 766 23 47
300 298 15 50
300 301 18 50
666 685 11 50
666 665 17 50
666 661 21 50
666 684 24 50
766 747 12 51
766 766 17 51
766 766 19 51
766 767 26 51
766 757 29 51
62 81 10 52
62 69 24 52
62 67 26 52
83 81 10 52
83 97 15 52
83 101 16 52
83 69 24 52
83 67 26 52
677 665 15 52
677 661 19 52
677 684 22 52
68 69 22 54
68 67 24 54
165 180 20 54
676 665 13 54
676 661 17 54
676 684 20 54
1 13 11 55
1 15 11 55
6 13 11 55
6 15 11 55
7 13 11 55
7 15 11 55
7 26 21 55
7 26 25 55
24 13 11 55
24 15 11 55
24 41 11 55
24 26 21 55
24 26 25 55
62 69 21 55
62 67 23 55
68 69 21 55
68 67 23 55
666 665 12 55
666 661 16 55
666 684 19 55
102 121 10 56
102 97 11 56
102 101 12 56
102 103 24 56
759 766 12 56
759 766 14 56
759 742 16 56
759 742 17 56
759 767 21 56
759 757 24 56
392 379 11 58
392 392 13 58
457 442 17 59
691 684 15 59
395 392 11 60
518 523 16 60
518 507 18 60
518 524 18 60
518 529 24 60
685 684 13 61
685 684 28 61
685 677 29 61
81 69 14 62
81 67 16 62
81 78 25 62
81 69 27 62
180 180 12 62
495 507 16 62
495 486 22 62
747 742 10 63
747 757 17 63
747 754 23 63
747 761 25 63
747 741 29 63
329 329 21 64
329 337 28 64
539 523 12 64
539 524 14 64
539 529 20 64
539 539 21 64
113 103 15 65
113 121 21 65
113 104 23 65
135 121 21 65
538 523 11 65
538 524 13 65
538 529 19 65
538 539 20 65
13 26 10 66
13 26 14 66
13 0 20 66
13 1 20 66
13 6 20 66
13 14 20 66
13 30 20 66
13 26 23 66
13 23 24 66
15 26 10 66
15 26 14 66
15 0 20 66
15 1 20 66
15 6 20 66
15 14 20 66
15 30 20 66
15 26 23 66
15 23 24 66
15 33 24 66
41 26 10 66
41 26 14 66
41 30 20 66
41 41 20 66
41 26 23 66
41 39 23 66
41 23 24 66
41 33 24 66
121 103 14 66
121 121 20 66
121 104 22 66
131 121 20 66
539 523 10 66
539 524 12 66
539 529 18 66
539 539 19 66
97 103 13 67
97 78 20 67
97 104 21 67
665 684 22 67
665 677 23 67
101 103 12 68
101 104 20 68
101 114 29 68
766 757 12 68
766 754 18 68
766 761 20 68
766 747 29 68
379 396 24 69
487 486 14 70
766 757 10 70
766 754 16 70
766 761 18 70
766 747 27 70
766 749 29 70
392 396 22 71
392 406 24 71
661 677 19 71
742 754 14 72
742 761 16 72
742 741 20 72
742 741 23 72
742 745 24 72
742 747 25 72
742 749 27 72
742 757 28 72
742 755 29 72
742 754 13 73
742 761 15 73
742 741 19 73
742 741 22 73
742 745 23 73
742 747 24 73
742 749 26 73
742 757 27 73
742 755 28 73
742 761 29 73
180 182 21 74
180 165 27 74
684 684 15 74
684 677 16 74
684 690 19 74
26 6 10 76
26 14 10 76
26 30 10 76
26 41 10 76
26 26 13 76
26 39 13 76
26 23 14 76
26 33 14 76
26 7 20 76
26 15 20 76
26 10 21 76
26 14 24 76
26 27 24 76
26 34 24 76
26 6 25 76
26 9 25 76
26 15 25 76
26 6 26 76
26 10 26 76
26 6 27 76
26 7 27 76
69 78 11 76
69 69 13 76
69 71 19 76
69 79 24 76
69 60 25 76
69 63 25 76
442 444 18 76
767 761 11 77
767 747 20 77
767 749 22 77
767 757 23 77
767 755 24 77
767 761 25 77
767 766 26 77
67 69 11 78
67 71 17 78
67 79 22 78
67 60 23 78
67 63 23 78
524 532 28 78
26 23 10 80
26 33 10 80
26 7 16 80
26 15 16 80
26 10 17 80
26 14 20 80
26 27 20 80
26 34 20 80
26 6 21 80
26 9 21 80
26 15 21 80
26 6 22 80
26 10 22 80
26 6 23 80
26 7 23 80
26 17 28 80
103 114 17 80
103 113 18 80
103 101 23 80
103 102 24 80
103 101 28 80
757 741 12 80
757 741 15 80
757 745 16 80
757 747 17 80
757 749 19 80
757 757 20 80
757 755 21 80
757 761 22 80
757 766 23 80
757 741 29 80
201 182 11 84
201 192 20 84
201 183 24 84
486 504 26 84
486 486 29 84
529 532 22 84
529 519 24 84
529 533 29 84
216 214 29 85
329 314 29 85
539 532 21 85
539 519 23 85
539 533 28 85
539 533 29 85
0 0 10 86
0 1 10 86
0 5 10 86
0 7 10 86
0 15 10 86
0 10 11 86
0 14 14 86
0 6 15 86
0 9 15 86
0 15 15 86
0 6 16 86
0 10 16 86
0 6 17 86
0 7 17 86
0 17 22 86
1 0 10 86
1 1 10 86
1 5 10 86
1 7 10 86
1 15 10 86
1 10 11 86
1 14 14 86
1 6 15 86
1 9 15 86
1 15 15 86
1 6 16 86
1 10 16 86
1 6 17 86
1 7 17 86
1 17 22 86
6 0 10 86
6 1 10 86
6 5 10 86
6 7 10 86
6 15 10 86
6 10 11 86
6 14 14 86
6 6 15 86
6 9 15 86
6 15 15 86
6 6 16 86
6 10 16 86
6 6 17 86
6 7 17 86
6 17 22 86
14 0 10 86
14 1 10 86
14 5 10 86
14 7 10 86
14 15 10 86
14 10 11 86
14 14 14 86
14 27 14 86
14 6 15 86
14 9 15 86
14 15 15 86
14 6 16 86
14 10 16 86
14 6 17 86
14 7 17 86
14 17 22 86
30 15 10 86
30 10 11 86
30 14 14 86
30 27 14 86
30 34 14 86
30 15 15 86
30 10 16 86
30 17 22 86
41 27 14 86
41 34 14 86
41 60 15 86
121 114 11 86
121 127 11 86
121 113 12 86
121 101 17 86
121 102 18 86
121 101 22 86
121 121 28 86
754 745 10 86
754 747 11 86
754 749 13 86
754 757 14 86
754 755 15 86
754 761 16 86
754 766 17 86
754 741 23 86
754 741 24 86
754 756 26 86
78 79 13 87
78 60 14 87
78 63 14 87
78 67 22 87
78 70 23 87
78 68 25 87
104 113 10 88
104 101 15 88
104 102 16 88
104 101 20 88
104 121 26 88
761 749 11 88
761 757 12 88
761 755 13 88
761 761 14 88
761 766 15 88
761 741 21 88
761 741 22 88
761 756 24 88
26 14 11 89
26 27 11 89
26 34 11 89
26 6 12 89
26 9 12 89
26 15 12 89
26 6 13 89
26 10 13 89
26 6 14 89
26 7 14 89
26 17 19 89
39 27 11 89
39 34 11 89
69 79 11 89
69 60 12 89
69 63 12 89
69 67 20 89
69 70 21 89
69 68 23 89
684 671 16 89
684 690 18 89
684 665 28 89
23 14 10 90
23 27 10 90
23 34 10 90
23 6 11 90
23 9 11 90
23 15 11 90
23 6 12 90
23 10 12 90
23 6 13 90
23 7 13 90
23 17 18 90
23 24 29 90
33 14 10 90
33 27 10 90
33 34 10 90
33 15 11 90
33 17 18 90
33 24 29 90
677 671 15 90
677 690 17 90
677 665 27 90
741 741 17 92
741 741 18 92
741 756 20 92
396 392 13 93
396 394 24 93
690 671 12 93
690 690 14 93
444 435 14 94
71 67 14 95
71 70 15 95
71 68 17 95
71 89 28 95
182 179 12 95
182 183 13 95
182 201 25 95
182 191 26 95
406 392 11 95
406 423 16 95
406 394 22 95
741 741 14 95
741 741 15 95
741 756 17 95
0 17 12 96
0 0 27 96
0 6 27 96
0 7 27 96
1 17 12 96
1 0 27 96
1 6 27 96
1 7 27 96
5 17 12 96
5 24 23 96
5 24 24 96
5 0 27 96
5 6 27 96
5 7 27 96
7 17 12 96
7 24 23 96
7 24 24 96
7 0 27 96
7 6 27 96
7 7 27 96
7 25 27 96
15 17 12 96
15 24 23 96
15 24 24 96
15 0 27 96
15 6 27 96
15 7 27 96
15 25 27 96
15 34 27 96
745 741 13 96
745 741 14 96
745 756 16 96
745 761 23 96
10 17 11 97
10 24 22 97
10 24 23 97
10 0 26 97
10 6 26 97
10 7 26 97
10 25 26 97
114 101 11 97
114 121 17 97
114 112 22 97
114 121 23 97
127 121 17 97
127 112 22 97
127 121 23 97
747 741 12 97
747 741 13 97
747 756 15 97
747 761 22 97
113 101 10 98
113 121 16 98
113 112 21 98
113 121 22 98
749 741 10 99
749 741 11 99
749 756 13 99
749 761 20 99
14 24 19 100
14 24 20 100
14 0 23 100
14 6 23 100
14 7 23 100
14 25 23 100
27 24 19 100
27 24 20 100
27 7 23 100
27 25 23 100
27 34 23 100
34 24 19 100
34 24 20 100
34 25 23 100
34 34 23 100
79 70 10 100
79 68 12 100
79 89 23 100
79 73 29 100
757 741 10 100
757 756 12 100
757 761 19 100
6 24 18 101
6 24 19 101
6 0 22 101
6 6 22 101
6 7 22 101
6 25 22 101
9 24 18 101
9 24 19 101
9 0 22 101
9 6 22 101
9 7 22 101
9 25 22 101
15 24 18 101
15 24 19 101
15 0 22 101
15 6 22 101
15 7 22 101
15 25 22 101
15 34 22 101
60 68 11 101
60 73 28 101
63 68 11 101
63 73 28 101
165 160 18 101
165 166 26 101
755 756 11 101
755 761 18 101
6 24 17 102
6 24 18 102
6 0 21 102
6 6 21 102
6 7 21 102
6 25 21 102
10 24 17 102
10 24 18 102
10 0 21 102
10 6 21 102
10 7 21 102
10 25 21 102
761 756 10 102
761 761 17 102
6 24 16 103
6 24 17 103
6 0 20 103
6 6 20 103
6 7 20 103
6 25 20 103
7 24 16 103
7 24 17 103
7 0 20 103
7 6 20 103
7 7 20 103
7 25 20 103
101 112 16 103
101 89 20 103
101 98 28 103
766 761 16 103
102 121 10 104
102 112 15 104
102 121 16 104
102 89 19 104
102 98 27 104
102 95 29 104
192 201 16 104
192 191 17 104
671 665 12 105
671 676 18 105
392 394 11 106
532 548 12 106
179 160 12 107
179 191 14 107
179 166 20 107
690 676 16 107
17 24 11 108
17 24 12 108
17 0 15 108
17 6 15 108
17 7 15 108
17 25 15 108
17 34 15 108
17 6 27 108
17 10 27 108
17 0 28 108
17 2 28 108
17 6 28 108
17 7 28 108
101 112 11 108
101 89 15 108
101 98 23 108
101 95 25 108
101 87 29 108
183 201 12 108
183 191 13 108
183 166 19 108
183 181 29 108
519 506 20 108
67 73 20 109
741 724 19 109
741 727 22 109
741 736 23 109
741 726 24 109
70 89 13 110
70 73 19 110
70 87 27 110
70 89 28 110
504 506 18 110
741 724 18 110
741 727 21 110
741 736 22 110
741 726 23 110
68 73 17 112
68 87 25 112
68 60 28 112
68 67 28 112
756 736 20 112
756 759 29 112
214 224 20 114
314 306 16 114
394 376 20 117
394 376 21 117
394 405 27 117
665 649 17 117
665 646 18 117
665 665 19 117
665 684 25 117
548 561 19 118
548 565 20 118
24 6 16 119
24 10 16 119
24 6 17 119
24 7 17 119
24 10 23 119
112 98 12 119
112 95 14 119
112 97 23 119
160 162 25 119
160 177 26 119
298 286 10 119
298 306 11 119
298 308 27 119
761 759 22 119
761 759 26 119
761 754 27 119
761 748 28 119
24 6 15 120
24 10 15 120
24 6 16 120
24 7 16 120
24 10 22 120
201 181 17 120
201 183 18 120
201 188 26 120
191 181 16 121
191 183 17 121
191 177 24 121
191 188 25 121
0 6 12 123
0 10 12 123
0 0 13 123
0 2 13 123
0 6 13 123
0 7 13 123
0 10 19 123
6 6 12 123
6 10 12 123
6 0 13 123
6 2 13 123
6 6 13 123
6 7 13 123
6 10 19 123
7 6 12 123
7 10 12 123
7 0 13 123
7 2 13 123
7 6 13 123
7 7 13 123
7 10 19 123
25 6 12 123
25 10 12 123
25 6 13 123
25 7 13 123
25 10 19 123
89 95 10 123
89 87 14 123
89 89 15 123
89 97 19 123
89 70 21 123
676 665 13 123
676 684 19 123
166 181 10 127
166 183 11 127
166 162 17 127
166 177 18 127
464 478 29 127
724 740 15 128
73 60 11 129
73 67 11 129
73 70 15 129
73 67 16 129
73 67 17 129
595 609 27 129
306 308 16 130
306 321 23 130
578 560 25 130
98 97 11 131
98 113 25 131
727 740 12 131
727 741 29 131
736 740 11 132
736 754 14 132
736 748 15 132
736 741 28 132
95 113 23 133
726 740 10 133
726 741 27 133
224 216 19 134
649 665 24 134
6 11 22 135
6 15 22 135
6 25 23 135
10 11 22 135
10 15 22 135
10 25 23 135
646 665 23 135
0 11 21 136
0 15 21 136
2 11 21 136
2 15 21 136
6 11 21 136
6 15 21 136
6 25 22 136
7 11 21 136
7 15 21 136
7 25 22 136
665 665 22 136
87 67 23 137
87 70 26 137
181 199 15 137
181 192 19 137
376 392 15 137
376 375 18 137
561 560 18 137
89 70 25 138
183 199 14 138
183 192 18 138
376 392 14 138
376 375 17 138
376 377 29 138
565 560 17 138
565 581 27 138
60 67 20 140
60 70 23 140
67 67 20 140
67 70 23 140
759 741 19 141
759 766 21 141
759 758 28 141
10 11 15 142
10 15 15 142
10 25 16 142
10 28 29 142
97 113 14 142
97 88 27 142
684 685 15 142
684 665 16 142
684 701 19 142
684 698 28 142
740 741 17 143
740 758 26 143
70 67 16 144
70 70 19 144
70 88 25 144
697 685 13 144
697 701 17 144
697 698 26 144
67 67 15 145
67 70 18 145
177 192 11 145
177 191 27 145
759 741 15 145
759 766 17 145
759 758 24 145
759 745 29 145
67 67 14 146
67 70 17 146
188 192 10 146
188 191 26 146
188 207 29 146
308 300 17 146
308 292 18 146
308 300 26 146
308 317 29 146
754 741 14 146
754 766 16 146
754 758 23 146
754 745 28 146
425 425 27 147
748 741 13 147
748 766 15 147
748 758 22 147
748 745 27 147
199 191 20 152
199 207 23 152
392 377 15 152
392 405 26 152
216 232 13 153
216 207 22 153
321 317 22 153
321 317 28 153
321 310 29 153
532 546 15 153
532 513 23 153
532 546 14 154
532 513 22 154
375 377 12 155
560 546 13 155
560 569 17 155
30 35 12 156
30 28 15 156
30 33 15 156
192 191 16 156
192 207 19 156
609 611 25 156
11 28 14 157
15 28 14 157
15 33 14 157
685 698 13 157
685 684 22 157
685 690 23 157
25 35 10 158
25 28 13 158
25 33 13 158
39 35 10 158
39 28 13 158
39 33 13 158
39 57 22 158
665 684 21 158
665 654 24 158
665 648 27 158
665 649 29 158
67 69 16 160
67 69 17 160
67 70 18 160
67 65 19 160
67 57 20 160
67 67 20 160
741 745 14 160
741 741 17 160
741 741 18 160
701 684 18 161
701 690 19 161
278 266 14 162
278 267 23 162
278 296 27 162
70 69 13 163
70 69 14 163
70 70 15 163
70 65 16 163
70 57 17 163
70 67 17 163
245 247 18 163
245 248 20 163
245 247 22 163
245 254 24 163
245 256 24 163
245 244 25 163
300 317 12 163
300 317 18 163
300 310 19 163
300 296 26 163
300 317 29 163
597 611 18 163
597 604 26 163
292 310 18 164
292 296 25 164
232 247 15 166
232 248 17 166
232 220 18 166
232 247 19 166
232 244 22 166
377 396 29 167
35 39 24 168
35 24 26 168
35 31 26 168
136 135 24 168
269 267 17 168
269 254 19 168
269 256 19 168
269 266 26 168
88 69 25 169
88 74 27 169
243 247 12 169
243 248 14 169
243 247 16 169
243 254 18 169
243 256 18 169
243 244 19 169
278 267 16 169
278 296 20 169
278 266 25 169
758 747 23 169
758 751 25 169
758 755 26 169
758 763 27 169
758 757 28 169
758 766 29 169
698 690 10 170
28 39 21 171
28 14 23 171
28 24 23 171
28 31 23 171
28 10 24 171
33 39 21 171
33 14 23 171
33 24 23 171
33 31 23 171
191 201 24 172
300 310 10 172
300 296 17 172
300 317 20 172
425 433 19 174
425 406 28 174
745 747 18 174
745 751 20 174
745 755 21 174
745 763 22 174
745 757 23 174
207 201 21 175
207 207 29 175
317 330 11 175
317 324 13 175
317 317 17 175
644 648 10 175
644 643 11 175
644 649 12 175
644 643 13 175
644 637 18 175
69 69 18 176
69 59 19 176
69 63 19 176
69 74 20 176
69 64 29 176
266 254 11 176
266 256 11 176
266 266 18 176
266 247 24 176
513 510 23 176
513 507 24 176
513 508 25 176
513 512 25 176
69 69 17 177
69 59 18 177
69 63 18 177
69 74 19 177
69 64 28 177
741 747 15 177
741 751 17 177
741 755 18 177
741 757 20 177
741 741 27 177
741 741 28 177
741 741 29 177
70 69 16 178
70 59 17 178
70 63 17 178
70 74 18 178
70 64 27 178
405 396 18 178
405 406 24 178
405 406 26 178
405 406 28 178
741 747 14 178
741 751 16 178
741 755 17 178
741 757 19 178
741 741 26 178
741 741 27 178
741 741 28 178
741 741 29 178
65 69 15 179
65 59 16 179
65 63 16 179
65 74 17 179
65 64 26 179
684 680 21 179
57 39 12 180
57 69 14 180
57 59 15 180
57 63 15 180
57 74 16 180
57 64 25 180
57 51 29 180
67 69 14 180
67 59 15 180
67 63 15 180
67 74 16 180
67 64 25 180
67 51 29 180
690 680 20 180
247 266 13 181
247 247 19 181
247 248 28 181
317 317 11 181
310 317 10 182
654 637 11 182
248 266 11 183
248 247 17 183
248 248 26 183
641 637 10 183
220 201 12 184
220 207 20 184
247 247 15 185
247 248 24 185
267 247 15 185
267 248 24 185
330 333 29 186
254 247 13 187
254 248 22 187
256 247 13 187
256 248 22 187
244 247 12 188
244 248 21 188
244 257 29 188
324 333 27 188
324 313 28 188
643 641 29 188
296 313 27 189
604 613 26 189
604 620 27 189
39 51 17 192
135 126 17 192
317 333 23 192
317 313 24 192
317 324 28 192
317 326 29 192
747 765 10 192
747 741 12 192
747 741 13 192
747 741 14 192
747 741 15 192
747 741 18 192
747 741 19 192
747 741 20 192
433 434 14 193
637 620 23 193
637 641 24 193
637 641 25 193
637 646 26 193
637 645 27 193
69 64 11 194
69 51 15 194
69 69 16 194
69 69 19 194
166 183 12 194
266 248 15 194
266 257 23 194
266 257 25 194
751 741 10 194
751 741 11 194
751 741 12 194
751 741 13 194
751 741 16 194
751 741 17 194
751 741 18 194
59 64 10 195
59 51 14 195
59 69 15 195
59 69 18 195
63 64 10 195
63 51 14 195
63 69 15 195
63 69 18 195
755 741 10 195
755 741 11 195
755 741 12 195
755 741 15 195
755 741 16 195
755 741 17 195
74 69 14 196
74 69 17 196
201 183 10 196
201 220 22 196
201 217 23 196
396 406 10 196
396 406 12 196
396 406 14 196
396 405 15 196
396 405 16 196
757 741 10 197
757 741 13 197
757 741 14 197
757 741 15 197
757 749 29 197
766 749 28 198
766 747 29 198
510 504 10 199
510 518 10 199
766 749 27 199
766 747 28 199
766 747 29 199
247 257 17 200
247 257 19 200
247 234 22 200
247 248 26 200
680 687 13 200
680 677 14 200
512 531 29 201
406 405 10 202
765 749 24 202
765 747 25 202
765 747 26 202
765 762 27 202
767 749 23 203
767 747 24 203
767 747 25 203
767 762 26 203
207 220 14 204
207 217 15 204
207 204 24 204
207 207 26 204
406 413 29 204
741 728 21 204
741 749 22 204
741 747 23 204
741 747 24 204
741 742 27 204
741 744 28 204
64 81 21 205
741 728 20 205
741 749 21 205
741 747 22 205
741 747 23 205
741 742 26 205
741 744 27 205
741 741 29 205
183 183 26 206
406 413 27 206
406 413 28 206
406 404 29 206
741 728 19 206
741 749 20 206
741 747 21 206
741 747 22 206
741 742 25 206
741 744 26 206
741 741 28 206
434 435 23 207
741 728 18 207
741 749 19 207
741 747 20 207
741 747 21 207
741 742 24 207
741 744 25 207
741 741 27 207
406 413 25 208
406 413 26 208
406 404 27 208
406 404 28 208
406 399 29 208
518 531 22 208
518 518 25 208
51 37 17 209
126 121 19 209
126 126 26 209
126 127 26 209
248 257 10 209
248 234 13 209
248 248 17 209
504 518 24 209
518 531 21 209
518 518 24 209
69 81 16 210
69 65 29 210
406 413 23 210
406 413 24 210
406 404 25 210
406 404 26 210
406 399 27 210
406 406 28 210
741 728 15 210
741 749 16 210
741 747 17 210
741 747 18 210
741 742 21 210
741 744 22 210
741 741 24 210
405 413 22 211
405 413 23 211
405 404 24 211
405 404 25 211
405 399 26 211
405 406 27 211
405 406 29 211
741 728 14 211
741 749 15 211
741 747 16 211
741 747 17 211
741 742 20 211
741 744 21 211
741 741 23 211
405 413 21 212
405 413 22 212
405 404 23 212
405 404 24 212
405 399 25 212
405 406 26 212
405 406 28 212
741 728 13 212
741 749 14 212
741 747 15 212
741 747 16 212
741 742 19 212
741 744 20 212
741 741 22 212
69 81 13 213
69 65 26 213
69 70 27 213
69 70 29 213
687 686 29 213
677 686 28 214
613 625 20 215
613 629 21 215
613 625 22 215
613 601 23 215
313 298 10 216
313 306 11 216
313 306 12 216
313 296 15 216
313 299 16 216
620 625 19 216
620 629 20 216
620 625 21 216
620 601 22 216
641 625 18 217
641 629 19 217
641 625 20 217
220 204 10 218
220 207 12 218
220 207 28 218
641 625 17 218
641 629 18 218
641 625 19 218
217 207 11 219
217 207 27 219
217 221 29 219
646 629 17 219
324 336 26 220
645 625 15 220
645 629 16 220
645 625 17 220
326 336 25 221
603 601 17 221
603 599 25 221
603 601 27 221
234 221 26 222
354 336 24 222
603 601 16 222
603 599 24 222
603 601 26 222
638 625 12 223
638 629 13 223
638 625 14 223
728 742 18 225
728 742 19 225
728 742 20 225
728 741 24 225
728 746 25 225
728 714 27 225
728 728 29 225
37 26 21 226
37 30 29 226
37 39 29 226
81 65 13 226
81 70 14 226
81 70 16 226
81 69 17 226
81 69 18 226
81 69 19 226
81 68 21 226
81 69 22 226
81 61 23 226
81 66 23 226
81 77 26 226
81 89 29 226
298 286 21 226
298 298 22 226
298 298 24 226
749 767 15 226
749 742 17 226
749 742 18 226
749 742 19 226
749 741 23 226
749 746 24 226
306 286 20 227
306 298 21 227
306 298 23 227
747 742 16 227
747 742 17 227
747 742 18 227
747 741 22 227
747 746 23 227
747 728 27 227
747 765 29 227
14 26 19 228
14 0 27 228
14 1 27 228
14 5 27 228
14 8 27 228
14 30 27 228
18 26 19 228
18 0 27 228
18 1 27 228
18 5 27 228
18 8 27 228
18 30 27 228
121 106 18 228
121 127 27 228
121 124 28 228
204 207 18 228
204 221 20 228
204 198 29 228
306 286 19 228
306 298 20 228
306 298 22 228
306 295 29 228
747 742 15 228
747 742 16 228
747 742 17 228
747 741 21 228
747 746 22 228
747 728 26 228
747 765 28 228
10 26 18 229
10 0 26 229
10 1 26 229
10 5 26 229
10 8 26 229
15 26 18 229
15 0 26 229
15 1 26 229
15 5 26 229
15 8 26 229
15 30 26 229
762 767 12 229
762 742 14 229
762 742 15 229
762 742 16 229
762 746 21 229
762 765 27 229
762 742 29 229
207 207 16 230
207 221 18 230
207 198 27 230
531 518 10 230
296 286 16 231
296 298 17 231
296 298 19 231
296 295 26 231
742 742 12 231
742 742 13 231
742 742 14 231
742 741 18 231
742 746 19 231
742 728 23 231
742 742 27 231
742 757 29 231
183 198 25 232
183 166 27 232
299 286 15 232
299 298 16 232
299 298 18 232
299 295 25 232
744 742 11 232
744 742 12 232
744 742 13 232
744 741 17 232
744 746 18 232
744 728 22 232
744 742 26 232
744 757 28 232
744 759 29 232
413 404 10 233
413 405 11 233
413 406 16 233
413 405 10 234
413 406 15 234
413 396 29 234
741 742 10 234
741 742 11 234
741 741 15 234
741 746 16 234
741 728 20 234
741 742 24 234
741 757 26 234
741 759 27 234
741 742 28 234
741 742 29 234
126 106 11 235
126 127 20 235
126 124 21 235
127 127 20 235
127 124 21 235
404 406 14 235
404 396 28 235
404 406 13 236
404 396 27 236
404 396 29 236
399 406 12 237
399 396 26 237
399 396 28 237
399 406 29 237
406 406 11 238
406 396 25 238
406 396 27 238
406 406 28 238
601 601 10 238
65 61 10 239
65 66 10 239
65 77 13 239
65 67 18 239
65 60 21 239
65 69 26 239
65 70 27 239
180 162 17 239
180 198 18 239
180 166 20 239
70 77 12 240
70 89 15 240
70 67 17 240
70 60 20 240
70 69 25 240
70 70 26 240
406 396 23 240
406 396 25 240
406 406 26 240
518 520 25 240
518 529 26 240
767 765 15 241
767 757 19 241
767 759 20 241
767 766 23 241
70 77 10 242
70 89 13 242
70 67 15 242
70 60 18 242
70 69 23 242
70 70 24 242
406 396 21 242
406 396 23 242
406 406 24 242
686 666 15 242
686 679 17 242
69 67 14 243
69 60 17 243
69 69 22 243
69 70 23 243
404 396 20 243
404 396 22 243
404 406 23 243
742 728 11 243
742 742 15 243
742 757 17 243
742 759 18 243
742 742 19 243
742 742 20 243
742 745 25 243
69 67 13 244
69 60 16 244
69 69 21 244
69 70 22 244
405 396 19 244
405 396 21 244
405 406 22 244
405 392 29 244
742 728 10 244
742 742 14 244
742 757 16 244
742 759 17 244
742 742 18 244
742 742 19 244
742 745 24 244
742 759 29 244
69 67 12 245
69 60 15 245
69 69 20 245
69 70 21 245
742 742 13 245
742 757 15 245
742 759 16 245
742 742 17 245
742 742 18 245
742 745 23 245
742 759 28 245
106 124 10 246
106 105 13 246
106 98 24 246
106 118 25 246
106 106 26 246
207 198 11 246
336 316 22 246
336 324 23 246
26 26 12 247
26 24 13 247
26 14 24 247
68 67 10 247
68 60 13 247
68 69 18 247
68 70 19 247
153 166 12 247
153 135 20 247
153 135 23 247
153 135 26 247
286 295 10 247
580 563 27 247
69 60 12 248
69 69 17 248
69 70 18 248
298 316 20 248
61 60 11 249
61 69 16 249
61 70 17 249
66 60 11 249
66 69 16 249
66 70 17 249
406 396 14 249
406 396 16 249
406 406 17 249
406 392 24 249
406 396 27 249
741 757 11 249
741 759 12 249
741 742 13 249
741 742 14 249
741 745 19 249
741 759 24 249
741 749 28 249
298 316 18 250
746 757 10 250
746 759 11 250
746 742 12 250
746 742 13 250
746 745 18 250
746 759 23 250
746 749 27 250
77 69 13 252
77 70 14 252
77 69 28 252
77 70 29 252
728 745 14 254
0 14 16 255
1 14 16 255
5 14 16 255
8 14 16 255
30 14 16 255
89 69 10 255
89 70 11 255
89 98 15 255
89 106 17 255
89 69 25 255
89 70 26 255
127 128 11 255
127 126 12 255
127 135 12 255
127 135 15 255
127 118 16 255
127 135 18 255
662 665 21 255
124 128 10 256
124 126 11 256
124 135 11 256
124 135 14 256
124 118 15 256
124 106 16 256
124 135 17 256
162 179 22 256
765 745 12 256
765 759 17 256
765 766 19 256
765 749 21 256
765 767 26 256
765 745 29 256
67 69 23 257
67 70 24 257
67 67 26 257
67 69 28 257
198 179 21 257
295 307 23 257
666 665 19 257
666 685 21 257
742 745 10 258
742 759 15 258
742 749 19 258
742 745 27 258
26 14 12 259
105 98 11 259
105 118 12 259
105 106 13 259
166 179 19 259
679 665 17 259
679 685 19 259
679 691 20 259
24 14 11 260
60 69 20 260
60 70 21 260
60 67 23 260
60 69 25 260
757 759 13 260
757 766 15 260
757 749 17 260
757 767 22 260
757 745 25 260
759 759 12 261
759 766 14 261
759 749 16 261
759 767 21 261
759 745 24 261
759 760 29 261
742 759 11 262
742 749 15 262
742 745 23 262
742 760 28 262
742 751 29 262
396 392 10 263
396 396 13 263
742 759 10 263
742 749 14 263
742 745 22 263
742 760 27 263
742 751 28 263
742 754 29 263
457 469 25 264
766 766 11 264
766 749 13 264
766 767 18 264
766 760 26 264
766 751 27 264
766 754 28 264
766 767 29 264
69 69 15 265
69 70 16 265
69 67 18 265
69 69 20 265
69 54 27 265
69 64 27 265
69 60 29 265
69 81 29 265
396 396 11 265
520 523 15 265
520 524 16 265
520 508 18 265
520 523 18 265
70 69 14 266
70 70 15 266
70 67 17 266
70 69 19 266
70 54 26 266
70 64 26 266
70 60 28 266
70 81 28 266
128 126 23 266
406 396 10 266
406 425 24 266
529 523 14 266
529 524 15 266
529 523 17 266
126 126 22 267
135 126 22 267
316 307 12 268
316 313 29 268
745 745 17 268
745 760 22 268
745 751 23 268
745 754 24 268
745 742 29 268
324 307 11 269
324 313 28 269
538 523 11 269
538 524 12 269
538 523 14 269
98 96 23 270
98 81 24 270
135 126 19 270
489 508 13 270
489 469 19 270
489 490 28 270
489 484 29 270
14 5 20 271
14 24 20 271
14 29 23 271
14 24 24 271
118 126 18 271
538 524 10 271
538 523 12 271
538 530 28 271
106 96 21 272
532 523 11 272
532 530 27 272
135 126 16 273
135 150 28 273
135 147 29 273
392 406 27 273
759 745 12 273
759 760 17 273
759 751 18 273
759 754 19 273
759 767 20 273
759 742 24 273
759 767 25 273
490 490 23 275
490 484 24 275
766 760 15 275
766 751 16 275
766 754 17 275
766 767 18 275
766 767 23 275
396 406 24 276
665 680 18 276
749 760 13 277
749 751 14 277
749 754 15 277
749 767 16 277
749 742 20 277
749 767 21 277
749 730 27 277
749 761 28 277
179 189 11 278
179 162 26 278
179 179 29 278
685 680 16 278
691 680 15 279
691 709 22 279
69 54 12 280
69 64 12 280
69 60 14 280
69 81 14 280
69 69 17 280
69 70 18 280
69 70 20 280
69 77 24 280
69 50 26 280
69 64 26 280
307 313 17 280
307 304 28 280
523 530 19 280
70 54 11 281
70 64 11 281
70 60 13 281
70 81 13 281
70 69 16 281
70 70 17 281
70 70 19 281
70 77 23 281
70 50 25 281
70 64 25 281
362 368 29 281
524 530 18 281
767 754 10 282
767 767 11 282
767 767 16 282
767 761 23 282
767 766 25 282
767 762 26 282
767 761 28 282
767 764 29 282
67 60 11 283
67 81 11 283
67 69 14 283
67 70 15 283
67 70 17 283
67 77 21 283
67 50 23 283
67 64 23 283
508 490 15 283
508 523 29 283
523 530 16 283
523 523 29 283
69 69 12 285
69 70 13 285
69 70 15 285
69 77 19 285
69 50 21 285
69 64 21 285
69 70 29 285
745 742 12 285
745 730 19 285
745 761 20 285
745 762 23 285
745 761 25 285
745 764 26 285
745 742 29 285
713 709 15 286
713 711 16 286
713 730 18 286
713 710 29 286
126 106 19 289
189 201 14 289
189 179 18 289
189 206 20 289
189 179 23 289
469 484 10 289
469 487 16 289
207 201 13 290
207 206 19 290
207 223 29 290
425 406 10 290
425 405 24 290
425 405 27 290
760 761 15 290
760 766 17 290
760 762 18 290
760 761 20 290
760 764 21 290
760 742 24 290
760 741 27 290
5 0 10 291
5 2 10 291
5 3 10 291
5 14 10 291
5 24 10 291
5 6 11 291
5 7 11 291
5 10 14 291
5 15 14 291
5 0 15 291
5 2 15 291
5 6 15 291
5 7 15 291
24 14 10 291
24 24 10 291
24 34 10 291
24 6 11 291
24 7 11 291
24 28 11 291
24 10 14 291
24 15 14 291
24 6 15 291
24 7 15 291
751 761 14 291
751 766 16 291
751 762 17 291
751 761 19 291
751 764 20 291
751 742 23 291
751 741 26 291
54 50 14 292
54 64 14 292
54 70 22 292
54 72 23 292
54 67 25 292
64 77 12 292
64 50 14 292
64 64 14 292
64 70 22 292
64 72 23 292
64 67 25 292
754 761 13 292
754 766 15 292
754 762 16 292
754 761 18 292
754 764 19 292
754 742 22 292
754 741 25 292
96 77 11 293
96 106 15 293
96 105 19 293
767 761 12 293
767 766 14 293
767 762 15 293
767 761 17 293
767 764 18 293
29 10 11 294
29 15 11 294
60 77 10 294
60 50 12 294
60 64 12 294
60 70 20 294
60 72 21 294
60 67 23 294
81 77 10 294
81 64 12 294
81 70 20 294
81 72 21 294
81 67 23 294
24 10 10 295
24 15 10 295
24 6 11 295
24 7 11 295
69 70 17 297
69 72 18 297
69 67 20 297
69 84 28 297
313 304 11 297
313 331 22 297
313 298 27 297
742 761 13 297
742 742 17 297
742 741 20 297
742 761 27 297
70 70 16 298
70 72 17 298
70 67 19 298
70 84 27 298
70 73 29 298
490 504 20 298
490 483 27 298
767 762 10 298
767 761 12 298
767 764 13 298
767 761 26 298
484 467 23 299
484 483 26 299
530 523 13 299
530 532 14 299
530 539 20 299
530 538 24 299
70 70 14 300
70 72 15 300
70 67 17 300
70 84 25 300
70 73 27 300
70 68 28 300
406 405 14 300
406 395 16 300
406 405 17 300
603 609 16 300
0 14 26 301
0 16 26 301
0 6 27 301
0 14 27 301
2 14 26 301
2 16 26 301
2 6 27 301
2 14 27 301
3 14 26 301
3 16 26 301
3 6 27 301
3 14 27 301
14 30 24 301
14 14 26 301
14 16 26 301
14 6 27 301
14 14 27 301
14 27 27 301
24 30 24 301
24 39 24 301
24 14 26 301
24 16 26 301
24 6 27 301
24 14 27 301
24 27 27 301
24 35 27 301
34 30 24 301
34 39 24 301
34 14 26 301
34 16 26 301
34 14 27 301
34 27 27 301
34 35 27 301
150 166 26 301
709 710 14 301
6 14 25 302
6 16 25 302
6 6 26 302
6 14 26 302
7 14 25 302
7 16 25 302
7 6 26 302
7 14 26 302
28 30 23 302
28 39 23 302
28 14 25 302
28 16 25 302
28 14 26 302
28 27 26 302
28 35 26 302
147 166 25 302
711 710 13 302
201 194 20 303
201 191 21 303
201 195 22 303
77 70 10 304
77 72 11 304
77 67 13 304
77 84 21 304
77 73 23 304
77 68 24 304
77 67 28 304
162 166 23 304
162 162 28 304
730 742 10 304
730 710 11 304
730 741 13 304
10 14 22 305
10 16 22 305
10 6 23 305
10 14 23 305
10 27 23 305
15 30 20 305
15 14 22 305
15 16 22 305
15 6 23 305
15 14 23 305
15 27 23 305
487 504 13 305
487 467 17 305
487 483 20 305
487 505 27 305
487 486 29 305
761 741 12 305
761 761 19 305
761 758 28 305
0 14 21 306
0 16 21 306
0 6 22 306
0 14 22 306
2 14 21 306
2 16 21 306
2 6 22 306
2 14 22 306
6 14 21 306
6 16 21 306
6 6 22 306
6 14 22 306
7 14 21 306
7 16 21 306
7 6 22 306
7 14 22 306
50 67 11 306
50 30 19 306
50 39 19 306
50 35 22 306
50 68 22 306
50 67 26 306
64 67 11 306
64 73 21 306
64 68 22 306
64 67 26 306
649 644 12 306
649 645 16 306
649 665 22 306
179 194 16 307
179 191 17 307
179 195 18 307
179 166 20 307
179 162 25 307
766 761 17 307
766 758 26 307
106 123 11 308
106 125 26 308
304 298 16 308
762 761 16 308
762 758 25 308
206 223 10 309
206 194 14 309
206 191 15 309
206 195 16 309
761 761 14 310
761 758 23 310
764 761 13 311
764 758 22 311
764 758 29 311
179 194 11 312
179 191 12 312
179 195 13 312
179 166 15 312
179 162 20 312
179 162 27 312
523 538 11 312
523 505 20 312
532 538 10 313
70 84 11 314
70 73 13 314
70 68 14 314
70 67 18 314
70 68 28 314
70 68 29 314
742 761 10 314
742 758 19 314
742 722 20 314
742 758 26 314
742 760 27 314
742 761 28 314
742 742 29 314
72 84 10 315
72 73 12 315
72 68 13 315
72 67 17 315
72 68 27 315
72 68 28 315
710 722 19 315
609 621 16 316
609 601 20 316
609 601 21 316
67 73 10 317
67 68 11 317
67 67 15 317
67 68 25 317
67 68 26 317
741 758 16 317
741 722 17 317
741 758 23 317
741 760 24 317
741 742 26 317
741 757 29 317
504 505 14 318
504 486 16 318
504 508 29 318
123 125 15 319
223 227 16 319
539 553 20 319
467 486 12 322
467 450 13 322
467 478 14 322
467 475 15 322
467 458 16 322
467 452 17 322
467 477 18 322
467 458 29 322
194 183 26 323
538 553 16 323
538 539 28 323
538 534 29 323
191 183 25 324
761 758 16 324
761 760 17 324
761 761 18 324
761 742 19 324
761 767 20 324
761 757 22 324
761 741 25 324
761 763 26 324
30 14 20 325
30 15 20 325
30 39 20 325
39 39 20 325
84 68 17 325
84 68 18 325
84 67 24 325
195 183 24 325
483 478 11 325
483 475 12 325
483 477 15 325
564 567 13 325
564 553 14 325
564 545 29 325
14 14 18 327
14 15 18 327
16 14 18 327
16 15 18 327
73 68 15 327
73 68 16 327
73 67 22 327
166 162 12 327
166 183 22 327
677 672 18 327
677 677 20 327
677 688 21 327
6 14 17 328
6 15 17 328
14 14 17 328
14 15 17 328
27 14 17 328
27 15 17 328
27 39 17 328
35 15 17 328
35 39 17 328
68 68 14 328
68 68 15 328
68 67 21 328
665 672 17 328
665 677 19 328
67 68 10 332
67 68 11 332
67 67 17 332
505 508 15 332
758 742 10 333
758 767 11 333
758 757 13 333
758 741 16 333
758 763 17 333
758 747 22 333
758 751 23 333
758 750 24 333
758 766 25 333
758 757 26 333
758 762 27 333
125 126 17 334
125 127 17 334
722 741 15 334
722 714 29 334
450 458 16 335
450 457 26 335
478 458 15 336
475 458 14 337
475 457 24 337
458 458 13 338
458 457 23 338
452 458 12 339
452 457 22 339
553 539 12 339
553 534 13 339
553 545 15 339
477 458 11 340
477 457 21 340
758 763 10 340
758 747 15 340
758 751 16 340
758 750 17 340
758 766 18 340
758 757 19 340
758 762 20 340
758 741 24 340
758 741 25 340
758 765 28 340
760 747 14 341
760 751 15 341
760 750 16 341
760 766 17 341
760 757 18 341
760 762 19 341
760 741 23 341
760 741 24 341
760 765 27 341
68 67 20 342
68 67 23 342
68 70 24 342
68 67 25 342
761 747 13 342
761 751 14 342
761 750 15 342
761 766 16 342
761 757 17 342
761 762 18 342
761 741 22 342
761 741 23 342
761 765 26 342
761 747 29 342
68 67 19 343
68 67 22 343
68 70 23 343
68 67 24 343
742 747 12 343
742 751 13 343
742 750 14 343
742 757 16 343
742 741 21 343
742 741 22 343
742 747 28 343
767 747 11 344
767 751 12 344
767 750 13 344
767 766 14 344
767 757 15 344
767 762 16 344
767 765 24 344
767 747 27 344
14 0 14 345
14 1 14 345
14 30 21 345
14 0 24 345
14 6 24 345
14 26 24 345
14 7 25 345
15 0 14 345
15 1 14 345
15 30 21 345
15 0 24 345
15 6 24 345
15 26 24 345
15 7 25 345
39 30 21 345
39 38 21 345
39 26 24 345
672 685 17 345
672 666 24 345
757 751 10 346
757 750 11 346
757 766 12 346
757 757 13 346
757 762 14 346
757 741 18 346
757 741 19 346
757 765 22 346
757 747 25 346
508 497 25 347
677 695 14 347
677 685 15 347
677 666 22 347
688 695 13 348
688 685 14 348
688 704 19 348
67 67 13 349
67 67 16 349
67 70 17 349
67 67 18 349
183 184 17 349
406 406 15 349
406 424 26 349
406 421 28 349
741 757 10 349
741 741 15 349
741 741 16 349
741 747 22 349
763 762 10 350
763 765 18 350
763 747 21 350
458 457 10 351
458 439 23 351
458 464 25 351
458 477 28 351
539 533 24 351
325 320 19 352
325 337 21 352
534 533 23 352
387 406 10 354
387 405 29 354
545 533 21 354
747 741 10 355
747 765 13 355
747 747 16 355
747 740 24 355
747 741 28 355
336 320 15 356
336 337 17 356
751 765 12 356
751 747 15 356
751 740 23 356
751 741 27 356
97 97 21 357
97 101 22 357
193 183 26 357
750 765 11 357
750 747 14 357
750 740 22 357
750 741 26 357
766 765 10 358
766 747 13 358
0 0 10 359
0 6 10 359
0 7 11 359
1 0 10 359
1 6 10 359
1 7 11 359
304 320 12 359
304 285 19 359
757 747 12 359
757 740 20 359
757 741 24 359
762 747 11 360
457 439 13 361
457 464 15 361
457 450 20 361
695 685 21 361
67 69 19 362
67 66 20 362
67 69 22 362
67 68 23 362
67 69 26 362
685 685 20 362
406 424 11 364
406 421 13 364
406 405 19 364
406 396 24 364
741 740 15 364
741 741 19 364
67 69 16 365
67 66 17 365
67 69 19 365
67 68 20 365
67 69 23 365
741 740 14 365
741 741 18 365
70 69 15 366
70 66 16 366
70 69 18 366
70 68 19 366
70 69 22 366
184 183 17 366
295 285 12 366
295 314 25 366
295 297 28 366
67 69 14 367
67 66 15 367
67 69 17 367
67 68 18 367
67 69 21 367
269 285 11 367
269 256 23 367
269 257 25 367
704 685 15 367
279 285 10 368
279 297 26 368
765 752 29 368
666 650 12 369
666 685 13 369
666 657 18 369
666 646 23 369
7 6 29 370
7 26 29 370
320 324 15 371
320 336 16 371
320 325 18 371
320 314 20 371
320 328 22 371
320 306 25 371
747 741 12 371
747 752 26 371
747 749 27 371
747 766 28 371
613 611 14 372
613 603 21 372
337 324 13 373
337 336 14 373
337 325 16 373
337 328 20 373
603 611 13 373
603 603 20 373
439 430 10 374
439 457 24 374
645 642 10 374
645 657 13 374
645 641 14 374
645 641 15 374
645 644 16 374
645 637 17 374
645 646 18 374
645 638 20 374
464 457 22 376
590 603 17 376
285 297 16 378
285 267 21 378
595 603 15 378
232 220 10 379
232 247 11 379
232 244 13 379
232 221 14 379
232 213 15 379
477 457 19 379
740 752 18 379
740 749 19 379
740 757 23 379
69 61 18 381
69 63 18 381
69 76 20 381
69 69 23 381
450 457 17 381
650 637 10 381
650 646 11 381
650 638 13 381
650 665 19 381
66 61 17 382
66 63 17 382
66 76 19 382
66 69 22 382
685 665 18 382
685 677 23 382
685 676 27 382
685 696 28 382
183 180 16 383
405 396 18 383
405 396 26 383
405 422 27 383
405 406 28 383
741 752 14 383
741 749 15 383
741 757 19 383
69 61 15 384
69 63 15 384
69 76 17 384
69 69 20 384
430 422 26 384
642 638 10 384
68 61 14 385
68 63 14 385
68 76 16 385
68 69 19 385
248 267 13 386
324 306 10 386
657 665 13 387
657 676 22 387
69 61 11 388
69 63 11 388
69 76 13 388
69 69 16 388
69 70 27 388
69 67 29 388
396 396 13 388
396 396 21 388
396 406 23 388
396 406 25 388
396 406 27 388
396 406 29 388
314 315 29 391
637 636 29 391
257 266 29 392
646 636 28 392
646 656 29 392
221 216 29 393
328 315 27 393
603 588 21 393
213 216 28 394
213 220 29 394
297 315 26 394
297 305 28 394
638 636 26 394
638 656 27 394
638 641 28 394
638 641 29 394
306 315 24 396
306 305 26 396
306 308 28 396
306 321 29 396
752 766 10 397
752 766 11 397
752 761 14 397
752 741 18 397
752 741 20 397
752 765 27 397
457 466 14 398
457 473 16 398
749 766 10 398
749 761 13 398
749 741 17 398
749 741 19 398
749 765 26 398
61 70 16 399
61 67 18 399
61 67 20 399
63 70 16 399
63 67 18 399
63 67 20 399
63 81 27 399
267 266 22 399
267 254 25 399
766 761 12 399
766 765 25 399
665 666 18 400
665 656 21 400
665 645 25 400
76 70 14 401
76 67 16 401
76 67 18 401
76 81 25 401
396 406 10 401
396 406 12 401
396 406 14 401
396 406 16 401
396 376 26 401
765 761 10 401
765 765 23 401
757 741 13 402
757 741 15 402
757 765 22 402
757 748 29 402
766 765 21 403
766 748 28 403
69 70 11 404
69 67 13 404
69 67 15 404
69 81 22 404
69 75 27 404
504 510 12 404
504 513 12 404
511 510 12 404
511 513 12 404
506 510 11 405
506 513 11 405
677 666 13 405
508 510 10 406
508 513 10 406
710 727 24 406
766 765 17 407
766 748 24 407
766 766 26 407
766 761 27 407
766 765 16 408
766 748 23 408
766 766 25 408
766 761 26 408
396 376 18 409
396 405 29 409
676 656 12 409
422 434 25 410
422 405 28 410
422 404 29 410
406 405 27 411
406 404 28 411
406 414 29 411
761 765 13 411
761 748 20 411
761 766 22 411
761 761 23 411
537 539 20 412
537 537 23 412
537 518 26 412
406 405 25 413
406 404 26 413
406 414 27 413
406 401 28 413
518 537 22 413
518 518 25 413
588 596 12 414
588 604 13 414
70 81 11 415
70 75 16 415
70 83 19 415
70 69 20 415
70 74 21 415
70 66 29 415
406 405 23 415
406 404 24 415
406 414 25 415
406 401 26 415
406 406 28 415
741 727 15 415
741 748 16 415
741 735 21 415
741 738 22 415
510 518 22 416
513 518 22 416
67 75 14 417
67 83 17 417
67 69 18 417
67 74 19 417
67 66 27 417
67 67 28 417
406 405 21 417
406 404 22 417
406 414 23 417
406 401 24 417
406 406 26 417
406 406 28 417
741 727 13 417
741 748 14 417
741 735 19 417
741 738 20 417
67 75 12 419
67 83 15 419
67 69 16 419
67 74 17 419
67 66 25 419
67 67 26 419
67 48 29 419
425 442 13 419
425 434 16 419
425 405 19 419
425 414 21 419
425 406 24 419
425 406 26 419
425 406 28 419
539 539 13 419
539 537 16 419
315 320 13 420
315 296 16 420
315 296 17 420
636 626 19 420
636 631 20 420
636 628 21 420
216 201 11 422
305 320 11 422
305 296 14 422
305 296 15 422
305 287 24 422
641 626 17 422
641 631 18 422
641 628 19 422
220 201 10 423
641 626 16 423
641 631 17 423
641 628 18 423
254 262 28 424
308 296 12 424
308 296 13 424
765 761 10 424
765 766 18 424
765 765 26 424
645 626 14 425
645 631 15 425
645 628 16 425
645 645 29 425
81 74 10 426
81 66 18 426
81 67 19 426
81 69 23 426
81 68 26 426
325 336 29 426
596 588 19 426
596 601 22 426
596 601 23 426
231 249 27 427
376 394 26 427
604 588 18 427
604 601 21 427
604 601 22 427
604 620 28 427
135 144 17 428
135 149 18 428
135 140 19 428
135 121 28 428
638 626 11 428
638 631 12 428
638 628 13 428
638 645 26 428
638 620 27 428
638 640 28 428
727 708 14 430
727 741 17 430
75 66 13 431
75 67 14 431
75 69 18 431
75 60 19 431
75 68 21 431
75 61 27 431
336 336 24 431
748 766 11 431
748 741 16 431
748 765 19 431
748 759 28 431
442 450 10 432
6 1 12 433
6 6 13 433
6 7 13 433
6 10 18 433
6 8 21 433
6 14 22 433
6 2 24 433
6 14 25 433
6 16 25 433
11 1 12 433
11 29 12 433
11 6 13 433
11 7 13 433
11 30 15 433
11 10 18 433
11 8 21 433
11 30 21 433
11 14 22 433
11 26 23 433
11 2 24 433
11 14 25 433
11 16 25 433
117 121 23 433
117 126 25 433
117 128 25 433
201 190 18 433
201 192 19 433
201 207 23 433
201 196 29 433
320 336 22 433
320 311 28 433
766 765 17 433
766 759 26 433
6 1 11 434
6 6 12 434
6 7 12 434
6 10 17 434
6 8 20 434
6 14 21 434
6 2 23 434
6 14 24 434
6 16 24 434
7 1 11 434
7 6 12 434
7 7 12 434
7 10 17 434
7 8 20 434
7 14 21 434
7 26 22 434
7 2 23 434
7 14 24 434
7 16 24 434
83 66 10 434
83 67 11 434
83 69 15 434
83 68 18 434
83 95 28 434
761 741 13 434
761 765 16 434
761 759 25 434
761 766 29 434
37 29 10 435
37 38 10 435
37 30 13 435
37 48 13 435
37 30 19 435
37 40 19 435
37 26 21 435
37 40 21 435
69 67 10 435
69 69 14 435
69 60 15 435
69 68 17 435
69 61 23 435
537 523 29 435
74 69 13 436
74 60 14 436
74 68 16 436
74 61 22 436
184 190 15 436
184 192 16 436
184 196 26 436
296 287 10 436
296 298 20 436
296 311 25 436
296 299 26 436
296 278 28 436
296 303 29 436
735 741 11 436
735 729 29 436
180 190 14 437
180 192 15 437
180 196 25 437
296 298 19 437
296 311 24 437
296 299 25 437
296 278 27 437
296 303 28 437
738 741 10 437
738 729 28 437
738 728 29 437
405 406 11 438
405 394 15 438
405 395 21 438
518 512 14 438
518 523 26 438
404 406 10 439
404 394 14 439
404 395 20 439
626 645 15 439
626 620 16 439
626 640 17 439
626 644 19 439
626 637 21 439
626 640 22 439
414 394 13 440
414 395 19 440
631 645 14 440
631 620 15 440
631 640 16 440
631 644 18 440
631 637 20 440
631 640 21 440
401 394 12 441
401 395 18 441
628 645 13 441
628 620 14 441
628 640 15 441
628 644 17 441
628 637 19 441
628 640 20 441
766 759 17 442
766 766 21 442
406 394 10 443
406 395 16 443
66 61 14 444
66 60 23 444
66 63 23 444
708 699 23 444
708 707 26 444
708 690 29 444
1 14 10 445
1 2 12 445
1 14 13 445
1 16 13 445
1 14 23 445
29 14 10 445
29 26 11 445
29 40 11 445
29 14 13 445
29 16 13 445
29 28 22 445
29 14 23 445
29 30 23 445
29 33 23 445
38 26 11 445
38 40 11 445
38 28 22 445
38 30 23 445
38 33 23 445
67 61 13 445
67 60 22 445
67 63 22 445
144 126 13 445
144 128 13 445
144 162 26 445
144 144 27 445
406 395 14 445
588 600 12 445
588 603 23 445
588 578 26 445
588 578 27 445
6 2 11 446
6 14 12 446
6 16 12 446
6 14 22 446
7 26 10 446
7 2 11 446
7 14 12 446
7 16 12 446
7 14 22 446
149 162 25 446
149 144 26 446
149 158 29 446
287 298 10 446
287 299 16 446
287 278 18 446
287 303 19 446
287 284 25 446
571 578 25 446
571 578 26 446
571 551 29 446
140 126 11 447
140 128 11 447
140 144 25 447
140 158 28 447
406 395 12 447
741 759 12 447
741 729 18 447
741 728 19 447
30 14 10 448
30 16 10 448
30 28 19 448
30 14 20 448
30 30 20 448
30 33 20 448
48 61 10 448
48 28 19 448
48 60 19 448
48 63 19 448
48 30 20 448
48 33 20 448
48 60 27 448
601 603 20 448
69 60 18 449
69 63 18 449
69 60 26 449
69 79 26 449
406 395 10 449
601 603 19 449
60 60 17 450
60 63 17 450
60 60 25 450
60 79 25 450
765 766 13 450
765 762 24 450
765 765 26 450
765 756 27 450
10 28 16 451
10 14 17 451
190 196 11 451
190 189 17 451
190 179 18 451
190 207 19 451
190 201 23 451
190 190 26 451
689 699 16 451
689 707 19 451
689 690 22 451
68 60 15 452
68 63 15 452
68 60 23 452
68 79 23 452
68 68 29 452
192 196 10 452
192 189 16 452
192 179 17 452
192 207 18 452
192 201 22 452
192 190 25 452
262 278 12 452
262 260 17 452
262 248 21 452
512 523 12 452
512 523 17 452
701 699 14 453
701 707 17 453
701 690 20 453
701 697 29 453
8 14 14 454
8 24 27 454
30 28 13 454
30 14 14 454
30 30 14 454
30 33 14 454
30 24 27 454
30 28 28 454
40 28 13 454
40 30 14 454
40 33 14 454
40 24 27 454
40 28 28 454
249 260 15 454
249 248 19 454
249 266 29 454
14 28 12 455
14 14 13 455
14 30 13 455
14 33 13 455
14 24 26 455
14 28 27 455
336 334 24 455
336 354 27 455
620 603 13 455
26 28 11 456
26 14 12 456
26 30 12 456
26 33 12 456
26 24 25 456
26 28 26 456
40 28 11 456
40 30 12 456
40 33 12 456
40 24 25 456
40 28 26 456
121 105 12 456
121 101 20 456
207 189 12 456
207 207 14 456
207 201 18 456
207 190 21 456
298 284 15 456
2 14 11 457
600 603 11 457
600 598 28 457
14 14 10 458
14 30 10 458
14 33 10 458
14 24 23 458
14 28 24 458
16 14 10 458
16 30 10 458
16 33 10 458
16 24 23 458
16 28 24 458
61 60 17 458
61 79 17 458
61 68 23 458
61 66 27 458
61 69 28 458
126 144 14 458
128 144 14 458
261 260 11 458
261 248 15 458
261 266 25 458
395 395 26 459
759 762 15 459
759 765 17 459
759 756 18 459
759 741 22 459
759 742 25 459
478 464 13 460
478 466 27 460
478 470 28 460
478 471 29 460
95 79 13 462
95 101 14 462
95 105 28 462
196 201 12 462
196 190 15 462
196 181 21 462
196 206 27 462
653 641 29 462
766 762 11 463
766 765 13 463
766 756 14 463
278 266 19 464
278 269 26 464
523 540 15 464
523 534 16 464
523 516 19 464
729 741 16 465
729 742 19 465
729 724 24 465
728 741 15 466
728 742 18 466
728 724 23 466
28 24 14 467
28 28 15 467
60 68 14 467
60 66 18 467
60 69 19 467
60 75 28 467
63 68 14 467
63 66 18 467
63 69 19 467
63 75 28 467
699 697 15 467
699 690 20 467
14 24 13 468
14 28 14 468
30 24 13 468
30 28 14 468
33 24 13 468
33 28 14 468
105 105 22 468
189 181 15 468
189 206 21 468
603 598 17 468
603 607 20 468
603 602 22 468
603 606 24 468
603 601 25 468
603 603 27 468
179 162 12 469
179 181 14 469
260 266 14 469
260 269 21 469
260 248 26 469
260 269 26 469
260 248 27 469
260 279 27 469
523 540 10 469
523 534 11 469
523 516 14 469
207 206 19 470
207 224 28 470
207 221 29 470
707 697 12 470
707 690 17 470
707 724 19 470
707 723 29 470
162 162 10 471
162 181 12 471
284 266 12 471
284 269 19 471
284 269 24 471
284 279 25 471
578 568 15 471
578 565 25 471
457 466 15 472
457 470 16 472
457 471 17 472
457 471 21 472
457 475 26 472
457 451 28 472
578 568 14 472
578 565 24 472
248 266 10 473
248 248 22 473
248 248 23 473
464 466 14 473
464 470 15 473
464 471 16 473
464 483 18 473
464 483 19 473
464 471 20 473
464 475 25 473
464 451 27 473
690 690 14 473
201 206 15 474
762 742 10 474
762 766 23 474
60 66 10 475
60 69 11 475
60 75 20 475
60 76 24 475
60 43 26 475
79 66 10 475
79 69 11 475
79 75 20 475
79 76 24 475
158 162 27 475
158 165 28 475
551 568 11 475
551 565 21 475
101 105 14 476
101 84 29 476
765 766 21 476
190 206 12 477
756 766 20 477
756 737 28 477
334 330 15 479
334 346 20 479
422 423 22 480
422 406 25 480
422 406 29 480
24 25 20 481
24 43 20 481
24 13 21 481
24 28 21 481
24 37 21 481
24 38 22 481
24 6 25 481
24 24 29 481
24 31 29 481
68 75 14 481
68 76 18 481
68 84 24 481
68 85 27 481
162 162 21 481
162 165 22 481
741 723 18 481
741 734 19 481
741 724 21 481
741 726 22 481
741 737 24 481
741 740 28 481
28 25 19 482
28 43 19 482
28 13 20 482
28 28 20 482
28 37 20 482
28 38 21 482
28 24 28 482
28 31 28 482
28 11 29 482
28 16 29 482
28 41 29 482
354 346 17 482
697 703 22 482
697 711 24 482
697 716 25 482
697 710 28 482
697 712 29 482
181 162 19 483
181 165 20 483
266 248 12 483
266 269 12 483
266 248 13 483
266 279 13 483
742 723 15 484
742 734 16 484
742 724 18 484
742 726 19 484
742 737 21 484
742 740 25 484
742 725 28 484
66 75 10 485
66 76 14 485
66 84 20 485
66 85 23 485
66 68 26 485
395 376 16 485
395 393 18 485
395 406 20 485
395 406 24 485
598 603 10 485
598 600 13 485
598 580 28 485
69 76 13 486
69 84 19 486
69 85 22 486
69 88 23 486
69 68 25 486
69 69 29 486
425 423 16 486
425 406 19 486
425 406 23 486
568 565 10 486
568 580 27 486
466 475 11 487
466 451 13 487
466 466 19 487
466 462 20 487
466 483 28 487
690 703 17 487
470 475 10 488
470 451 12 488
470 489 16 488
470 466 18 488
470 462 19 488
470 483 27 488
607 600 10 488
206 221 10 489
206 206 19 489
206 207 27 489
471 451 11 489
471 489 15 489
471 466 17 489
471 462 18 489
471 490 19 489
471 483 26 489
724 723 10 489
724 734 11 489
724 724 13 489
724 726 14 489
724 737 16 489
724 711 17 489
724 716 18 489
724 740 20 489
724 710 21 489
724 712 22 489
724 725 23 489
724 714 25 489
724 715 26 489
105 85 18 490
105 88 19 490
269 259 23 490
602 586 27 490
602 596 29 490
483 489 13 491
483 466 15 491
483 490 17 491
483 483 24 491
641 656 10 491
641 628 17 491
483 489 12 492
483 466 14 492
483 490 16 492
483 483 23 492
606 586 25 492
606 596 27 492
606 598 29 492
471 489 11 493
471 466 13 493
471 462 14 493
471 490 15 493
471 483 22 493
471 479 29 493
601 586 24 493
601 596 26 493
601 584 27 493
601 598 28 493
330 336 23 494
643 628 14 494
75 84 10 495
75 85 13 495
75 88 14 495
75 68 16 495
75 69 20 495
75 68 22 495
75 70 23 495
75 67 24 495
248 243 17 495
248 259 18 495
248 232 20 495
248 231 27 495
248 248 28 495
248 248 29 495
269 259 18 495
603 586 22 495
603 596 24 495
603 584 25 495
603 598 26 495
603 609 28 495
248 243 16 496
248 259 17 496
248 232 19 496
248 231 26 496
248 248 27 496
248 248 28 496
279 259 17 496
279 298 27 496
565 580 17 496
565 569 22 496
565 584 24 496
308 298 26 497
224 206 10 498
224 243 14 498
224 232 17 498
224 207 18 498
224 231 24 498
475 490 10 498
475 483 17 498
475 479 24 498
600 580 15 498
600 586 19 498
600 596 21 498
600 584 22 498
600 598 23 498
600 609 25 498
600 601 27 498
600 601 28 498
76 88 10 499
76 68 12 499
76 69 16 499
76 68 18 499
76 70 19 499
76 67 20 499
221 232 16 499
221 207 17 499
221 231 23 499
346 365 13 499
346 336 18 499
723 740 10 499
723 710 11 499
723 712 12 499
723 725 13 499
723 714 15 499
723 715 16 499
723 723 23 499
734 725 12 500
734 714 14 500
734 715 15 500
734 723 22 500
25 11 10 501
25 16 10 501
25 41 10 501
25 24 13 501
43 41 10 501
43 24 13 501
376 365 11 501
376 393 25 501
376 367 27 501
656 648 23 501
656 649 28 501
13 24 12 502
28 24 12 502
37 24 12 502
162 181 15 502
423 405 17 502
724 725 10 502
724 714 12 502
724 715 13 502
724 723 20 502
38 24 11 503
165 181 14 503
393 405 16 503
393 398 21 503
393 393 23 503
726 714 11 503
726 715 12 503
726 723 19 503
726 710 29 503
489 483 11 504
489 479 18 504
703 714 10 504
703 715 11 504
703 710 28 504
84 69 10 505
84 68 12 505
84 70 13 505
84 67 14 505
84 75 24 505
406 405 14 505
406 398 19 505
406 393 21 505
737 723 17 505
737 734 28 505
737 733 29 505
466 479 16 506
711 723 16 506
711 710 26 506
711 724 29 506
462 479 15 507
716 723 15 507
716 710 25 507
716 734 26 507
716 733 27 507
716 724 28 507
85 70 10 508
85 67 11 508
85 75 21 508
85 67 27 508
85 68 28 508
85 103 29 508
490 479 14 508
628 609 15 508
628 643 29 508
88 75 20 509
88 68 27 509
88 103 28 509
88 74 29 509
406 405 10 509
406 398 15 509
406 393 17 509
740 723 13 509
740 734 24 509
740 733 25 509
740 724 26 509
24 30 25 510
24 34 25 510
24 25 26 510
24 41 26 510
24 14 27 510
24 26 27 510
24 41 27 510
24 26 28 510
24 41 28 510
24 30 29 510
31 30 25 510
31 34 25 510
31 25 26 510
31 41 26 510
31 14 27 510
31 26 27 510
31 41 27 510
31 26 28 510
31 41 28 510
31 30 29 510
710 723 12 510
710 710 22 510
710 724 25 510
710 690 28 510
710 705 29 510
11 30 24 511
11 0 25 511
11 1 25 511
11 3 25 511
11 25 25 511
11 14 26 511
11 26 26 511
11 26 27 511
11 30 28 511
16 30 24 511
16 34 24 511
16 0 25 511
16 1 25 511
16 3 25 511
16 25 25 511
16 14 26 511
16 26 26 511
16 26 27 511
16 30 28 511
41 30 24 511
41 34 24 511
41 25 25 511
41 41 25 511
41 26 26 511
41 41 26 511
41 26 27 511
41 41 27 511
41 30 28 511
68 75 18 511
68 67 24 511
68 68 25 511
68 74 27 511
712 723 11 511
712 710 21 511
712 724 24 511
712 705 28 511
243 231 10 512
243 248 11 512
243 248 12 512
243 244 15 512
243 251 17 512
243 248 18 512
243 248 23 512
243 255 23 512
365 367 16 512
365 347 19 512
725 723 10 512
725 710 20 512
725 734 21 512
725 733 22 512
725 724 23 512
725 705 27 512
259 248 10 513
259 248 11 513
259 244 14 513
259 251 16 513
259 248 17 513
259 248 22 513
259 255 22 513
580 598 15 513
580 598 17 513
580 598 18 513
24 30 21 514
24 34 21 514
24 25 22 514
24 41 22 514
24 14 23 514
24 26 23 514
24 41 23 514
24 26 24 514
24 41 24 514
24 30 25 514
714 710 18 514
714 733 20 514
714 724 21 514
714 705 25 514
69 75 14 515
69 67 20 515
69 68 21 515
69 74 23 515
69 70 26 515
69 66 27 515
69 70 28 515
69 69 29 515
232 244 12 515
232 251 14 515
232 248 15 515
232 248 20 515
715 710 17 515
715 734 18 515
715 733 19 515
715 724 20 515
715 705 24 515
207 201 23 516
68 75 12 517
68 67 18 517
68 68 19 517
68 74 21 517
68 70 24 517
68 66 25 517
68 70 26 517
68 69 27 517
68 68 29 517
336 347 14 517
586 598 11 517
586 598 13 517
586 598 14 517
70 75 11 518
70 67 17 518
70 68 18 518
70 74 20 518
70 70 23 518
70 66 24 518
70 70 25 518
70 69 26 518
70 68 28 518
67 75 10 519
67 67 16 519
67 68 17 519
67 74 19 519
67 70 22 519
67 66 23 519
67 70 24 519
67 69 25 519
67 68 27 519
405 406 24 519
405 396 27 519
405 422 28 519
596 598 11 519
596 598 12 519
584 598 10 520
584 598 11 520
598 598 10 521
231 248 13 522
479 461 18 522
479 461 20 522
479 465 26 522
479 469 29 522
723 710 10 522
723 734 11 522
723 733 12 522
723 724 13 522
723 705 17 522
723 740 21 522
723 738 24 522
248 248 12 523
248 255 12 523
248 267 21 523
298 296 10 523
248 248 11 524
248 255 11 524
248 267 20 524
398 406 19 524
398 396 22 524
648 660 12 524
648 643 13 524
393 406 17 526
393 396 20 526
393 392 28 526
393 396 29 526
766 766 13 527
766 766 17 527
766 763 18 527
766 764 20 527
766 754 21 527
766 766 22 527
766 759 24 527
766 766 25 527
598 587 28 528
75 70 12 529
75 66 13 529
75 70 14 529
75 69 15 529
75 68 17 529
75 69 21 529
75 73 22 529
75 70 23 529
75 67 24 529
75 68 25 529
75 69 26 529
251 267 15 529
298 308 27 529
298 288 28 529
298 296 29 529
248 267 14 530
311 308 26 530
311 296 28 530
598 587 26 530
598 603 28 530
598 587 25 531
598 603 27 531
283 267 12 532
283 288 25 532
283 296 26 532
710 727 28 532
135 121 25 533
296 308 23 533
296 288 24 533
296 296 25 533
734 740 10 533
734 738 13 533
734 741 21 533
734 743 22 533
734 727 27 533
733 738 12 534
733 741 20 534
733 743 21 534
733 727 26 534
67 68 11 535
67 69 15 535
67 73 16 535
67 70 17 535
67 67 18 535
67 68 19 535
67 69 20 535
248 229 25 535
248 228 26 535
724 738 11 535
724 741 19 535
724 743 20 535
724 727 25 535
68 68 10 536
68 69 14 536
68 73 15 536
68 70 16 536
68 67 17 536
68 68 18 536
68 69 19 536
660 641 23 536
660 653 28 536
660 640 29 536
103 121 21 537
103 113 28 537
643 641 22 537
643 653 27 537
643 640 28 537
74 69 12 538
74 73 13 538
74 70 14 538
74 67 15 538
74 68 16 538
74 69 17 538
74 86 29 538
690 685 15 538
103 121 19 539
103 113 26 539
103 86 28 539
201 207 15 539
201 207 17 539
705 685 14 539
461 469 11 540
766 759 11 540
766 766 12 540
70 73 10 541
70 70 11 541
70 67 12 541
70 68 13 541
70 69 14 541
70 86 26 541
70 59 27 541
70 68 27 541
505 507 11 541
505 504 12 541
684 685 12 541
66 70 10 542
66 67 11 542
66 68 12 542
66 69 13 542
66 59 26 542
66 68 26 542
66 85 29 542
685 685 11 542
70 67 10 543
70 68 11 543
70 69 12 543
70 86 24 543
70 59 25 543
70 68 25 543
70 85 28 543
406 392 11 543
406 396 12 543
406 396 16 543
406 395 18 543
406 396 21 543
740 741 11 543
740 743 12 543
740 727 17 543
740 726 23 543
740 728 24 543
740 736 26 543
740 725 27 543
69 68 10 544
69 69 11 544
69 86 23 544
69 59 24 544
69 68 24 544
69 85 27 544
766 766 27 544
763 743 10 545
763 766 26 545
68 86 21 546
68 59 22 546
68 68 22 546
68 85 25 546
68 73 28 546
68 68 29 546
396 396 13 546
396 395 15 546
396 396 18 546
738 727 14 546
738 726 20 546
738 728 21 546
738 736 23 546
738 725 24 546
764 766 24 547
465 483 20 548
465 466 26 548
465 462 28 548
754 736 21 548
754 766 23 548
766 766 22 549
766 766 29 549
69 86 17 550
69 59 18 550
69 68 18 550
69 85 21 550
69 73 24 550
69 68 25 550
508 500 25 550
513 500 25 550
73 86 16 551
73 59 17 551
73 68 17 551
73 85 20 551
73 73 23 551
73 68 24 551
73 92 28 551
73 88 29 551
469 483 17 551
469 466 23 551
469 462 25 551
469 471 29 551
759 766 20 551
759 766 27 551
70 86 15 552
70 59 16 552
70 68 16 552
70 85 19 552
70 73 22 552
70 68 23 552
70 88 28 552
507 500 23 552
766 766 19 552
766 766 26 552
67 86 14 553
67 59 15 553
67 68 15 553
67 85 18 553
67 73 21 553
67 68 22 553
504 500 22 553
68 86 13 554
68 59 14 554
68 68 14 554
68 85 17 554
68 73 20 554
68 68 21 554
68 84 29 554
207 207 16 554
207 224 18 554
392 396 10 554
741 726 12 554
741 728 13 554
741 736 15 554
741 725 16 554
741 726 22 554
741 741 29 554
69 86 12 555
69 59 13 555
69 68 13 555
69 85 16 555
69 73 19 555
69 68 20 555
69 88 25 555
69 84 28 555
69 69 29 555
162 145 27 555
743 726 11 555
743 728 12 555
743 736 14 555
743 725 15 555
743 726 21 555
743 741 28 555
743 737 29 555
207 207 14 556
207 224 16 556
207 219 29 556
587 594 12 556
587 577 21 556
288 278 20 557
571 577 20 557
121 135 16 558
121 103 18 558
121 111 23 558
121 140 25 558
296 278 19 558
603 594 10 558
396 406 27 559
396 391 29 559
641 655 28 559
229 224 12 560
229 235 20 560
229 233 21 560
229 237 24 560
229 219 25 560
727 725 10 560
727 710 13 560
727 709 14 560
727 710 15 560
727 726 16 560
727 741 23 560
727 737 24 560
727 741 26 560
727 710 29 560
228 224 11 561
228 235 19 561
228 233 20 561
228 237 23 561
228 219 24 561
395 406 25 561
395 391 27 561
321 324 29 562
327 346 10 563
327 324 28 563
396 406 22 564
396 391 24 564
653 655 23 564
113 103 11 565
113 111 16 565
113 96 20 565
640 655 22 565
640 622 26 565
640 642 29 565
336 324 25 566
336 351 27 566
336 347 28 566
336 344 29 566
726 726 10 566
726 741 17 566
726 737 18 566
726 741 20 566
726 710 23 566
726 735 26 566
86 92 12 567
86 88 13 567
86 84 16 567
86 69 17 567
86 96 18 567
86 84 24 567
86 69 25 567
346 351 26 567
346 347 27 567
346 344 28 567
728 741 16 567
728 737 17 567
728 741 19 567
728 710 22 567
728 735 25 567
728 708 29 567
59 41 11 568
59 69 16 568
59 40 23 568
59 60 24 568
59 69 24 568
68 84 15 568
68 69 16 568
68 84 23 568
68 60 24 568
68 69 24 568
483 471 12 568
483 483 13 568
483 486 16 568
483 475 17 568
594 602 25 568
2 14 21 569
2 19 21 569
3 14 21 569
3 19 21 569
14 26 10 569
14 14 21 569
14 19 21 569
14 31 21 569
14 24 27 569
27 26 10 569
27 41 10 569
27 14 21 569
27 19 21 569
27 31 21 569
27 40 22 569
27 24 27 569
40 26 10 569
40 41 10 569
40 31 21 569
40 40 22 569
40 24 27 569
736 741 14 569
736 737 15 569
736 741 17 569
736 735 23 569
25 14 20 570
25 19 20 570
25 31 20 570
25 40 21 570
25 24 26 570
43 31 20 570
43 40 21 570
43 60 22 570
43 24 26 570
207 219 15 570
207 189 20 570
207 213 29 570
725 741 13 570
725 737 14 570
725 741 16 570
725 710 19 570
725 735 22 570
725 708 26 570
85 84 12 571
85 69 13 571
85 96 14 571
85 84 20 571
85 69 21 571
85 68 29 571
766 766 24 571
224 237 12 572
224 219 13 572
224 213 27 572
352 351 21 572
352 347 22 572
352 344 23 572
346 351 20 573
346 347 21 573
346 344 22 573
346 327 24 573
346 335 29 573
710 710 16 573
710 708 23 573
710 723 27 573
710 726 28 573
710 724 29 573
6 14 16 574
6 19 16 574
6 24 22 574
6 6 29 574
6 7 29 574
6 25 29 574
26 14 16 574
26 19 16 574
26 31 16 574
26 40 17 574
26 24 22 574
26 30 27 574
26 40 27 574
26 6 29 574
26 7 29 574
26 25 29 574
26 41 29 574
39 19 16 574
39 31 16 574
39 40 17 574
39 24 22 574
39 30 27 574
39 40 27 574
39 25 29 574
39 41 29 574
73 69 10 574
73 84 17 574
73 60 18 574
73 69 18 574
73 62 26 574
73 68 26 574
73 60 28 574
73 69 28 574
135 134 14 574
466 475 11 574
709 710 15 574
709 708 22 574
709 723 26 574
709 726 27 574
709 724 28 574
709 717 29 574
0 14 15 575
0 19 15 575
0 6 28 575
0 7 28 575
0 10 29 575
1 14 15 575
1 19 15 575
1 6 28 575
1 7 28 575
1 10 29 575
10 14 15 575
10 19 15 575
10 24 21 575
10 6 28 575
10 7 28 575
10 25 28 575
10 10 29 575
68 84 16 575
68 60 17 575
68 69 17 575
68 62 25 575
68 68 25 575
68 60 27 575
68 69 27 575
141 134 13 575
500 518 15 575
710 710 14 575
710 708 21 575
710 723 25 575
710 726 26 575
710 724 27 575
710 717 28 575
710 721 29 575
103 84 15 576
103 98 29 576
726 741 10 576
726 710 13 576
726 735 16 576
726 708 20 576
726 723 24 576
726 726 25 576
726 724 26 576
726 717 27 576
726 721 28 576
726 728 29 576
766 766 17 578
26 14 11 579
26 19 11 579
26 31 11 579
26 40 12 579
26 24 17 579
26 30 22 579
26 40 22 579
26 6 24 579
26 7 24 579
26 25 24 579
26 41 24 579
26 10 25 579
26 36 26 579
26 28 28 579
26 10 29 579
41 31 11 579
41 40 12 579
41 60 13 579
41 24 17 579
41 30 22 579
41 40 22 579
41 60 23 579
41 25 24 579
41 41 24 579
41 36 26 579
41 28 28 579
41 59 28 579
92 84 12 579
92 98 26 579
88 84 11 580
88 69 12 580
88 68 20 580
88 69 22 580
88 98 25 580
88 69 27 580
235 248 11 580
235 247 13 580
235 247 18 580
235 223 25 580
471 465 27 580
111 98 24 581
233 248 10 581
233 247 12 581
233 247 17 581
233 213 18 581
233 223 24 581
483 465 26 581
483 501 28 581
145 144 25 582
145 150 26 582
425 430 26 582
84 68 17 583
84 69 19 583
84 98 22 583
84 69 24 583
84 67 29 583
140 144 24 583
140 150 25 583
140 150 29 583
423 430 25 583
741 723 17 583
741 726 18 583
741 724 19 583
741 721 21 583
741 728 22 583
741 740 24 583
69 62 16 584
69 68 16 584
69 60 18 584
69 69 18 584
69 59 23 584
69 69 23 584
69 58 28 584
69 67 28 584
237 247 14 584
237 223 21 584
237 235 27 584
486 501 25 584
486 504 26 584
486 467 27 584
737 723 16 584
737 726 17 584
737 724 18 584
737 717 19 584
737 721 20 584
737 728 21 584
737 740 23 584
96 98 20 585
96 97 28 585
219 213 14 585
219 223 20 585
219 235 26 585
475 465 22 585
475 467 26 585
741 723 14 586
741 726 15 586
741 724 16 586
741 721 18 586
741 728 19 586
741 740 21 586
655 673 11 587
655 638 12 587
134 144 19 588
134 150 20 588
134 150 24 588
710 723 11 589
710 726 12 589
710 724 13 589
710 717 14 589
710 721 15 589
710 728 16 589
14 30 11 590
14 6 13 590
14 7 13 590
14 25 13 590
14 10 14 590
14 28 17 590
14 5 18 590
14 10 18 590
14 14 23 590
14 30 23 590
19 30 11 590
19 6 13 590
19 7 13 590
19 25 13 590
19 10 14 590
19 36 15 590
19 28 17 590
19 5 18 590
19 10 18 590
19 14 23 590
19 30 23 590
31 30 11 590
31 40 11 590
31 25 13 590
31 41 13 590
31 36 15 590
31 28 17 590
31 14 23 590
31 30 23 590
31 41 23 590
189 172 25 590
518 501 19 590
518 504 20 590
40 30 10 591
40 40 10 591
40 25 12 591
40 41 12 591
40 36 14 591
40 28 16 591
40 59 16 591
40 58 21 591
40 30 22 591
40 41 22 591
40 30 29 591
40 41 29 591
84 69 11 591
84 98 14 591
84 69 16 591
84 67 21 591
84 97 22 591
84 67 23 591
84 69 24 591
84 69 29 591
248 235 20 591
248 263 25 591
324 335 11 591
324 337 15 591
622 641 26 591
622 609 28 591
60 60 10 592
60 69 10 592
60 41 11 592
60 59 15 592
60 69 15 592
60 58 20 592
60 67 20 592
60 41 21 592
60 67 22 592
60 69 23 592
60 41 28 592
60 69 28 592
60 70 29 592
69 60 10 592
69 69 10 592
69 59 15 592
69 69 15 592
69 58 20 592
69 67 20 592
69 67 22 592
69 69 23 592
69 69 28 592
69 70 29 592
735 724 10 592
735 717 11 592
735 721 12 592
735 728 13 592
735 740 15 592
247 235 18 593
247 263 23 593
351 337 13 593
351 350 25 593
602 582 22 593
602 609 26 593
347 337 12 594
347 350 24 594
642 641 23 594
344 337 11 595
344 350 23 595
766 765 17 595
766 767 18 595
766 765 19 595
24 28 11 596
24 5 12 596
24 10 12 596
24 14 17 596
24 30 17 596
24 41 17 596
24 10 24 596
24 30 24 596
24 41 24 596
24 14 26 596
24 16 26 596
24 34 26 596
24 14 27 596
165 150 12 596
165 150 16 596
165 158 17 596
165 172 19 596
165 162 27 596
325 337 10 596
708 690 27 596
537 555 19 597
537 548 24 597
247 235 13 598
247 263 18 598
247 235 26 598
247 248 27 598
673 677 11 598
673 690 25 598
638 641 18 599
638 642 28 599
638 642 29 599
62 58 12 600
62 67 12 600
62 67 14 600
62 69 15 600
62 69 20 600
62 70 21 600
62 67 22 600
68 58 12 600
68 67 12 600
68 67 14 600
68 69 15 600
68 69 20 600
68 70 21 600
68 67 22 600
723 725 29 600
30 14 12 601
30 30 12 601
30 41 12 601
30 10 19 601
30 30 19 601
30 41 19 601
30 14 21 601
30 16 21 601
30 34 21 601
30 14 22 601
40 58 11 601
40 30 12 601
40 41 12 601
40 30 19 601
40 41 19 601
40 34 21 601
726 725 28 601
60 58 10 602
60 67 10 602
60 41 11 602
60 67 12 602
60 69 13 602
60 41 18 602
60 69 18 602
60 70 19 602
60 67 20 602
69 58 10 602
69 67 10 602
69 67 12 602
69 69 13 602
69 69 18 602
69 70 19 602
69 67 20 602
335 350 16 602
335 336 28 602
335 328 29 602
724 725 27 602
6 14 10 603
6 10 17 603
6 14 19 603
6 16 19 603
6 14 20 603
7 14 10 603
7 10 17 603
7 14 19 603
7 16 19 603
7 14 20 603
25 14 10 603
25 30 10 603
25 41 10 603
25 10 17 603
25 30 17 603
25 41 17 603
25 14 19 603
25 16 19 603
25 34 19 603
25 14 20 603
41 30 10 603
41 41 10 603
41 30 17 603
41 41 17 603
41 34 19 603
717 725 26 603
10 10 16 604
10 14 18 604
10 16 18 604
10 14 19 604
721 725 25 604
36 30 15 605
36 41 15 605
36 16 17 605
36 34 17 605
223 235 19 605
728 725 24 605
337 350 12 606
337 336 24 606
337 328 25 606
337 325 26 606
337 346 28 606
28 10 13 607
28 30 13 607
28 41 13 607
28 14 15 607
28 16 15 607
28 34 15 607
28 14 16 607
59 41 13 607
59 69 13 607
59 70 14 607
59 67 15 607
69 69 13 607
69 70 14 607
69 67 15 607
144 162 16 607
465 472 12 607
465 484 17 607
465 484 26 607
740 725 22 607
740 726 29 607
5 10 12 608
5 14 14 608
5 16 14 608
5 14 15 608
10 10 12 608
10 14 14 608
10 16 14 608
10 14 15 608
150 162 15 608
501 504 12 609
501 484 15 609
501 484 24 609
677 690 14 609
504 504 11 610
504 484 14 610
504 484 23 610
235 235 13 611
235 248 14 611
235 248 18 611
235 243 22 611
235 244 24 611
467 484 13 611
467 484 22 611
467 450 29 611
58 67 10 612
58 43 29 612
67 67 10 612
67 85 29 612
150 162 11 612
451 450 28 612
765 766 25 612
765 766 27 612
14 14 10 613
14 14 25 613
14 21 25 613
14 6 26 613
14 10 26 613
14 15 26 613
14 33 26 613
14 26 27 613
14 33 27 613
14 27 29 613
30 14 10 613
30 14 25 613
30 21 25 613
30 10 26 613
30 15 26 613
30 33 26 613
30 26 27 613
30 33 27 613
30 43 28 613
30 27 29 613
41 21 25 613
41 33 26 613
41 26 27 613
41 33 27 613
41 43 28 613
41 27 29 613
97 85 28 613
158 162 10 613
297 301 12 613
297 285 13 613
297 302 22 613
767 766 24 613
767 766 26 613
67 85 27 614
67 69 28 614
765 766 23 614
765 766 25 614
69 85 26 615
69 69 27 615
172 179 29 615
582 567 16 615
582 596 17 615
263 267 12 616
263 248 13 616
263 268 13 616
263 243 17 616
263 244 19 616
555 567 15 616
423 406 29 617
641 642 10 617
641 642 11 617
350 336 12 618
350 346 16 618
350 335 18 618
472 484 14 619
472 461 26 619
609 607 11 619
609 596 13 619
609 607 14 619
10 14 18 620
10 21 18 620
10 6 19 620
10 10 19 620
10 15 19 620
10 26 20 620
10 27 22 620
30 14 18 620
30 21 18 620
30 10 19 620
30 15 19 620
30 33 19 620
30 26 20 620
30 33 20 620
30 43 21 620
30 27 22 620
41 21 18 620
41 33 19 620
41 26 20 620
41 33 20 620
41 43 21 620
41 27 22 620
69 85 21 620
69 69 22 620
69 67 27 620
69 61 28 620
69 67 28 620
69 61 29 620
69 68 29 620
572 567 11 620
70 85 20 621
70 69 21 621
70 67 26 621
70 61 27 621
70 67 27 621
70 61 28 621
70 68 28 621
70 70 29 621
504 484 12 621
504 504 21 621
504 502 22 621
504 501 23 621
548 567 10 621
14 14 16 622
14 21 16 622
14 6 17 622
14 10 17 622
14 15 17 622
14 33 17 622
14 26 18 622
14 33 18 622
14 27 20 622
16 14 16 622
16 21 16 622
16 6 17 622
16 10 17 622
16 15 17 622
16 33 17 622
16 26 18 622
16 33 18 622
16 27 20 622
34 14 16 622
34 21 16 622
34 15 17 622
34 33 17 622
34 26 18 622
34 33 18 622
34 43 19 622
34 27 20 622
67 85 19 622
67 69 20 622
67 67 25 622
67 61 26 622
67 67 26 622
67 61 27 622
67 68 27 622
67 70 28 622
67 67 29 622
14 14 15 623
14 21 15 623
14 6 16 623
14 10 16 623
14 15 16 623
14 33 16 623
14 26 17 623
14 33 17 623
14 27 19 623
162 179 21 623
690 706 18 623
235 244 11 624
235 249 28 624
484 502 19 624
484 501 20 624
248 244 10 625
248 249 27 625
301 302 10 625
396 406 19 627
396 405 20 627
396 405 21 627
396 406 23 627
396 404 25 627
396 396 26 627
396 406 27 627
396 406 29 627
267 249 24 628
248 249 23 629
268 249 23 629
725 706 12 629
725 741 13 629
725 740 14 629
725 741 15 629
725 742 16 629
725 742 19 629
725 736 20 629
725 741 21 629
725 741 23 629
725 741 25 629
725 738 29 629
336 317 29 630
607 616 29 630
328 317 28 631
325 317 27 632
243 249 19 633
243 247 26 633
484 502 10 633
484 501 11 633
607 616 26 633
244 249 17 635
244 247 24 635
244 248 28 635
244 258 28 635
302 317 24 635
302 304 25 635
335 317 23 636
335 324 28 636
335 320 29 636
726 742 12 636
726 736 13 636
726 741 14 636
726 741 16 636
726 741 18 636
726 738 22 636
766 766 10 637
766 765 14 637
766 759 16 637
766 766 18 637
766 766 19 637
766 763 20 637
206 220 24 638
206 221 26 638
206 221 27 638
725 742 10 638
725 736 11 638
725 741 12 638
725 741 14 638
725 741 16 638
725 738 20 638
766 765 12 639
766 759 14 639
766 766 16 639
766 766 17 639
766 763 18 639
43 61 11 641
85 67 10 641
85 67 11 641
85 70 13 641
85 67 14 641
85 67 15 641
85 69 16 641
69 61 10 642
69 67 10 642
69 70 12 642
69 67 13 642
69 67 14 642
69 69 15 642
741 741 10 642
741 759 11 642
741 741 12 642
741 738 16 642
741 748 28 642
740 759 10 643
740 741 11 643
740 738 15 643
740 748 27 643
179 184 10 644
741 741 10 644
741 738 14 644
741 748 26 644
741 758 29 644
742 738 13 645
742 748 25 645
742 758 28 645
406 406 10 646
406 396 11 646
406 395 15 646
764 766 10 646
764 763 11 646
764 748 24 646
764 758 27 646
764 767 28 646
67 69 10 647
67 60 25 647
67 69 25 647
405 396 10 647
405 395 14 647
766 763 10 647
766 748 23 647
766 758 26 647
766 767 27 647
61 60 24 648
61 69 24 648
67 60 24 648
67 69 24 648
405 395 13 648
742 738 10 648
742 748 22 648
742 758 25 648
61 60 23 649
61 69 23 649
68 60 23 649
68 69 23 649
736 748 21 649
736 718 27 649
70 60 22 650
70 69 22 650
406 395 11 650
741 748 20 650
741 758 23 650
67 60 21 651
67 69 21 651
765 748 19 651
765 758 22 651
765 767 23 651
61 60 20 652
61 69 20 652
67 60 20 652
67 69 20 652
249 266 10 652
249 248 11 652
249 258 11 652
249 248 15 652
249 261 15 652
249 248 20 652
249 257 20 652
741 748 18 652
741 758 21 652
741 725 28 652
741 737 29 652
396 396 29 653
759 748 17 653
759 758 20 653
759 767 21 653
70 60 18 654
70 69 18 654
406 396 28 654
741 748 16 654
741 758 19 654
741 725 26 654
741 737 27 654
67 60 17 655
67 69 17 655
766 748 15 655
766 758 18 655
766 767 19 655
67 60 16 656
67 69 16 656
406 396 26 656
766 748 14 656
766 758 17 656
766 767 18 656
766 766 29 656
69 60 15 657
69 69 15 657
396 396 25 657
763 748 13 657
763 758 16 657
763 767 17 657
763 766 28 657
738 748 12 658
738 718 18 658
738 725 22 658
738 737 23 658
738 720 26 658
738 723 28 658
247 248 13 659
247 257 13 659
317 306 10 659
317 334 11 659
304 285 15 660
649 661 18 660
395 396 21 661
266 248 10 662
266 257 10 662
266 285 13 662
320 324 29 665
317 324 28 666
317 325 29 666
248 251 26 667
248 255 26 667
261 251 26 667
261 255 26 667
654 661 11 667
654 641 28 667
654 642 29 667
306 324 25 669
306 325 26 669
334 324 24 670
334 325 25 670
334 326 26 670
334 333 28 670
334 317 29 670
748 737 11 670
748 766 15 670
748 766 17 670
748 766 20 670
533 549 22 671
533 538 23 671
533 534 27 671
28 33 10 672
28 37 19 672
60 69 15 672
69 69 15 672
248 251 21 672
248 255 21 672
248 250 25 672
248 247 26 672
248 248 27 672
248 246 28 672
248 248 29 672
248 257 29 672
257 251 21 672
257 255 21 672
257 250 25 672
257 269 25 672
257 247 26 672
257 248 27 672
257 246 28 672
257 248 29 672
257 257 29 672
699 717 10 672
699 704 11 672
758 766 12 673
758 766 14 673
758 766 17 673
758 765 29 673
767 766 11 674
767 766 13 674
767 766 16 674
767 765 28 674
285 269 22 675
718 723 10 676
718 722 12 676
718 725 15 676
504 507 10 677
690 695 29 677
661 641 17 678
661 642 18 678
661 642 19 678
661 653 23 678
661 641 27 678
707 725 12 679
707 695 27 679
707 724 29 679
725 725 11 680
725 724 28 680
737 725 10 681
737 754 23 681
737 724 27 681
33 26 24 682
33 26 25 682
717 724 26 682
717 702 27 682
717 703 28 682
704 695 23 683
704 702 26 683
704 703 27 683
720 724 24 684
720 702 25 684
720 703 26 684
720 703 29 684
766 765 17 685
766 754 19 685
766 757 22 685
766 766 26 685
723 724 22 686
723 703 24 686
723 703 27 686
723 704 28 686
723 708 29 686
69 60 19 687
69 69 20 687
133 135 17 687
507 489 25 687
766 765 15 687
766 754 17 687
766 757 20 687
766 766 24 687
766 765 29 687
722 724 20 688
722 702 21 688
722 703 22 688
722 703 25 688
722 704 26 688
722 708 27 688
722 725 29 688
766 765 12 690
766 754 14 690
766 757 17 690
766 766 21 690
766 765 26 690
766 766 29 690
37 26 15 691
37 26 16 691
396 396 25 691
725 724 17 691
725 708 24 691
725 725 26 691
725 708 27 691
251 248 13 693
251 257 13 693
255 248 13 693
255 257 13 693
549 552 28 693
324 313 10 694
538 552 27 694
641 641 10 695
247 254 29 698
247 255 29 698
534 552 23 698
248 254 28 699
248 255 28 699
248 248 29 699
640 655 28 699
246 254 27 700
246 255 27 700
246 248 28 700
324 324 29 700
248 254 26 701
248 255 26 701
248 248 27 701
257 254 26 701
257 255 26 701
257 248 27 701
653 655 26 701
653 641 28 701
653 642 29 701
765 765 14 702
765 766 17 702
765 765 18 702
765 749 20 702
765 764 22 702
135 135 17 704
135 135 21 704
313 324 25 704
313 327 26 704
313 324 28 704
313 321 29 704
754 765 12 704
754 766 15 704
754 765 16 704
754 749 18 704
754 764 20 704
435 450 23 705
641 655 22 705
641 641 24 705
641 642 25 705
641 643 26 705
641 641 28 705
641 646 29 705
60 69 15 706
248 254 21 706
248 255 21 706
248 248 22 706
248 247 25 706
248 247 26 706
248 248 28 706
248 247 29 706
248 259 29 706
257 254 21 706
257 255 21 706
257 248 22 706
257 247 25 706
257 247 26 706
257 248 28 706
257 247 29 706
257 259 29 706
695 708 12 706
69 69 14 707
757 766 12 707
757 765 13 707
757 749 15 707
757 764 17 707
757 744 29 707
724 708 10 708
724 725 17 708
703 716 29 710
766 749 11 711
766 764 13 711
766 766 27 711
489 493 13 712
703 716 26 713
703 703 27 713
704 716 25 714
704 703 26 714
704 695 29 714
708 725 10 715
708 716 24 715
708 703 25 715
708 727 27 715
708 695 28 715
708 697 29 715
765 766 22 716
765 757 25 716
725 744 19 717
725 716 22 717
725 727 25 717
725 742 28 717
708 716 21 718
708 703 22 718
708 727 24 718
708 695 25 718
708 697 26 718
708 703 29 718
766 766 19 719
766 757 22 719
492 504 25 720
492 495 26 720
765 766 18 720
765 757 21 720
765 767 29 720
69 63 19 721
552 534 11 721
749 744 14 722
749 766 16 722
749 757 19 722
749 742 23 722
749 767 27 722
764 744 12 724
764 766 14 724
764 757 17 724
764 767 25 724
493 504 20 725
493 495 21 725
725 744 11 725
725 716 14 725
725 727 17 725
725 742 20 725
725 716 23 725
725 716 25 725
725 720 27 725
725 722 28 725
254 248 13 727
254 257 13 727
255 248 13 727
255 257 13 727
655 672 19 727
248 248 12 728
248 257 12 728
450 444 11 728
450 464 28 728
450 469 29 728
247 251 29 732
321 340 29 733
248 251 27 734
248 238 28 734
248 248 29 734
336 340 28 734
646 643 29 734
247 251 26 735
247 238 27 735
247 248 28 735
259 251 26 735
259 270 26 735
259 248 28 735
259 271 28 735
653 672 11 735
653 643 28 735
653 641 29 735
744 749 18 736
744 725 20 736
744 724 21 736
744 731 25 736
766 767 11 738
766 749 16 738
716 716 11 739
716 720 13 739
716 722 14 739
716 704 16 739
716 725 17 739
716 724 18 739
716 731 22 739
248 251 21 740
248 238 22 740
248 248 23 740
248 247 26 740
248 248 28 740
248 258 28 740
248 251 29 740
248 257 29 740
257 251 21 740
257 270 21 740
257 238 22 740
257 248 23 740
257 271 23 740
257 247 26 740
257 248 28 740
257 258 28 740
257 251 29 740
257 257 29 740
703 716 10 740
703 720 12 740
703 722 13 740
703 704 15 740
757 749 13 741
727 720 10 742
727 722 11 742
727 725 14 742
727 724 15 742
727 731 19 742
695 704 12 743
697 704 11 744
742 725 11 745
742 724 12 745
742 731 16 745
742 725 27 745
742 754 29 745
672 653 23 746
716 731 13 748
716 725 24 748
716 726 28 748
767 754 25 749
767 757 26 749
716 731 11 750
716 725 22 750
716 726 26 750
716 704 28 750
720 725 20 752
720 726 24 752
720 704 26 752
722 725 19 753
722 726 23 753
722 704 25 753
749 754 20 754
749 757 21 754
749 742 25 754
749 757 27 754
704 704 23 755
464 444 20 756
725 725 16 756
725 726 20 756
725 742 23 756
724 725 15 757
724 726 19 757
724 704 21 757
724 742 22 757
251 248 13 761
251 256 13 761
270 256 13 761
731 725 11 761
731 726 15 761
731 742 18 761
238 248 12 762
238 256 12 762
544 526 20 762
248 248 11 763
248 256 11 763
271 256 11 763
643 637 10 763
533 520 14 766
533 526 16 766
