497 495 17 0
497 482 20 0
614 613 6 0
614 615 17 0
407 404 1 1
548 552 1 1
548 555 2 1
548 553 3 1
548 530 6 1
548 532 7 1
548 534 8 1
548 545 12 1
548 553 13 1
548 555 15 1
548 556 18 1
254 254 7 2
254 258 11 2
254 254 12 2
552 555 1 2
552 553 2 2
552 532 6 2
552 534 7 2
552 545 11 2
552 553 12 2
552 555 14 2
552 556 17 2
179 179 1 3
179 185 2 3
179 185 7 3
319 329 1 3
319 319 2 3
319 319 12 3
319 320 13 3
319 320 18 3
555 553 1 3
555 545 10 3
555 553 11 3
555 555 13 3
555 556 16 3
103 99 7 4
103 111 9 4
103 110 10 4
179 185 1 4
179 185 6 4
329 319 1 4
329 319 11 4
329 320 12 4
329 320 17 4
553 534 5 4
553 545 9 4
553 553 10 4
553 555 12 4
553 556 15 4
185 185 5 5
319 319 10 5
319 320 11 5
319 320 16 5
653 670 20 5
613 615 11 6
613 616 16 6
219 224 1 7
378 378 7 7
530 532 1 7
530 534 2 7
530 545 6 7
530 525 16 7
530 532 20 7
532 534 1 8
532 545 5 8
532 525 15 8
532 532 19 8
532 519 20 8
254 258 4 9
254 254 5 9
254 255 16 9
297 298 1 9
297 298 9 9
297 298 10 9
297 314 17 9
534 545 4 9
534 553 5 9
534 525 14 9
534 532 18 9
534 519 19 9
534 551 20 9
185 170 19 10
298 298 8 10
298 298 9 10
298 314 16 10
694 703 1 10
694 675 5 10
694 694 8 10
694 693 10 10
694 674 11 10
694 677 14 10
694 688 16 10
29 18 2 11
99 111 2 11
99 110 3 11
353 349 17 11
703 694 7 11
703 693 9 11
703 688 15 11
703 694 20 11
111 110 1 13
258 254 1 13
258 255 12 13
258 254 19 13
545 553 1 13
545 555 3 13
545 556 6 13
545 525 10 13
545 532 14 13
545 551 16 13
545 536 17 13
545 551 19 13
110 99 20 14
254 255 11 14
254 254 18 14
553 555 2 14
553 556 5 14
553 551 15 14
553 536 16 14
553 551 18 14
319 320 1 15
319 320 6 15
319 314 11 15
319 329 12 15
319 320 18 15
675 694 3 15
675 693 5 15
675 674 6 15
675 677 9 15
675 670 10 15
675 688 11 15
675 694 16 15
320 320 5 16
320 314 10 16
320 329 11 16
320 320 17 16
555 556 3 16
555 551 13 16
555 536 14 16
555 551 16 16
495 482 3 17
495 498 5 17
615 616 5 17
615 610 18 17
615 615 19 17
298 298 1 18
298 314 8 18
298 298 14 18
298 292 16 18
694 693 2 18
694 674 3 18
694 677 6 18
694 688 8 18
694 694 13 18
694 703 16 18
694 692 19 18
298 314 7 19
298 298 13 19
298 292 15 19
556 551 10 19
556 536 11 19
556 551 13 19
556 544 19 19
482 498 2 20
482 490 20 20
693 674 1 20
693 677 4 20
693 688 6 20
693 694 11 20
693 703 14 20
693 692 17 20
144 144 15 21
320 314 5 21
320 329 6 21
320 320 12 21
674 677 3 21
674 670 4 21
674 688 5 21
674 692 16 21
498 490 18 22
616 610 13 22
616 615 14 22
616 608 17 22
404 401 6 23
525 532 4 23
525 519 5 23
525 536 7 23
525 544 15 23
677 670 1 24
677 688 2 24
677 694 7 24
677 692 13 24
677 694 17 24
677 675 18 24
255 254 7 25
255 250 10 25
255 259 11 25
255 260 13 25
670 688 1 25
670 675 17 25
314 329 1 26
314 298 6 26
314 320 7 26
314 298 15 26
314 298 17 26
314 329 19 26
688 694 5 26
688 703 8 26
688 692 11 26
688 694 15 26
688 675 16 26
688 704 20 26
329 320 6 27
329 329 18 27
532 519 1 27
532 551 2 27
532 536 3 27
532 551 5 27
532 544 11 27
532 548 20 27
349 358 7 28
349 329 17 28
519 536 2 28
170 185 4 29
170 158 14 29
170 182 15 29
170 180 16 29
170 153 17 29
170 177 20 29
401 405 18 29
551 536 1 29
551 551 3 29
551 544 9 29
551 548 18 29
551 552 19 29
449 453 1 30
449 455 9 30
536 551 2 30
536 544 8 30
536 548 17 30
536 552 18 30
453 455 8 31
694 703 3 31
694 692 6 31
694 694 10 31
694 675 11 31
694 704 15 31
254 250 3 32
254 259 4 32
254 260 6 32
254 259 14 32
254 254 15 32
254 254 16 32
298 292 2 32
298 298 9 32
298 298 11 32
298 293 12 32
551 544 6 32
551 548 15 32
551 552 16 32
185 182 11 33
185 180 12 33
185 177 16 33
320 329 12 33
320 319 16 33
586 582 16 33
586 582 17 33
586 586 19 33
99 89 4 34
99 103 13 34
99 103 14 34
292 298 7 34
292 298 9 34
292 293 10 34
703 692 3 34
703 694 7 34
703 704 12 34
250 259 1 35
250 260 3 35
250 259 11 35
250 254 12 35
250 254 13 35
250 253 20 35
358 349 16 35
610 615 1 35
610 608 4 35
610 615 8 35
610 629 10 35
610 613 20 35
18 17 6 36
144 158 7 36
144 153 10 36
259 260 2 36
259 259 10 36
259 254 11 36
259 254 12 36
259 253 19 36
615 608 3 36
615 615 7 36
615 629 9 36
615 613 19 36
615 609 20 36
378 378 5 37
378 378 13 37
692 694 4 37
692 675 5 37
692 704 9 37
89 103 9 38
89 103 10 38
89 99 19 38
260 259 8 38
260 254 9 38
260 254 10 38
260 253 17 38
544 548 9 38
544 552 10 38
544 536 15 38
544 536 16 38
455 453 15 39
455 453 17 39
608 615 4 39
608 613 16 39
608 609 17 39
608 615 20 39
490 497 8 40
490 495 13 40
729 714 18 40
57 42 9 41
298 298 2 41
298 293 3 41
298 298 14 41
298 292 16 41
694 675 1 41
694 704 5 41
694 703 19 41
17 18 17 42
17 18 20 42
378 378 8 42
378 378 18 42
158 153 3 43
158 177 6 43
298 293 1 43
298 298 12 43
298 292 14 43
615 629 2 43
615 613 12 43
615 609 13 43
615 615 16 43
182 180 1 44
182 177 5 44
182 185 12 44
293 298 11 44
293 292 13 44
293 298 20 44
180 177 4 45
180 185 11 45
329 319 4 45
629 613 10 45
629 609 11 45
629 615 14 45
629 610 19 45
153 133 20 46
259 254 1 46
259 254 2 46
259 253 9 46
259 259 13 46
259 258 15 46
259 259 20 46
704 714 12 46
704 703 14 46
704 693 20 46
103 103 1 47
103 99 10 47
254 254 1 47
254 253 8 47
254 259 12 47
254 258 14 47
254 259 19 47
405 406 16 47
548 552 1 47
548 536 6 47
548 536 7 47
103 99 9 48
254 253 7 48
254 259 11 48
254 258 13 48
254 259 18 48
497 495 5 48
497 497 14 48
497 516 15 48
552 536 5 48
552 536 6 48
177 185 7 49
177 180 19 49
319 329 18 49
319 329 19 49
582 582 1 49
582 586 3 49
582 586 8 49
378 378 10 50
582 586 2 50
582 586 7 50
349 329 16 51
349 329 17 51
519 536 2 51
519 536 3 51
519 525 10 51
519 516 12 51
586 586 5 52
495 497 9 53
495 497 17 53
495 496 19 53
536 536 1 53
536 525 8 53
536 516 10 53
453 453 2 54
453 451 20 54
536 525 7 54
536 516 9 54
536 519 20 54
253 259 4 55
253 258 6 55
253 259 11 55
253 255 16 55
298 292 2 55
298 298 9 55
298 297 10 55
613 609 1 55
613 615 4 55
613 610 9 55
613 629 13 55
613 629 18 55
185 180 12 56
185 179 17 56
453 451 18 56
609 615 3 56
609 610 8 56
292 298 7 57
292 297 8 57
714 703 2 58
714 732 4 58
714 707 17 58
18 18 3 59
18 30 20 59
18 33 20 59
259 258 2 59
259 259 7 59
259 255 12 59
615 610 5 59
615 629 9 59
615 629 14 59
378 377 16 60
703 693 6 60
703 707 15 60
258 259 5 61
258 255 10 61
525 516 2 61
525 519 13 61
525 537 15 61
525 536 16 61
525 534 17 61
18 30 17 62
18 33 17 62
18 18 20 62
497 516 1 62
497 497 8 62
497 496 10 62
516 497 7 63
516 496 9 63
516 519 11 63
516 534 15 63
516 533 20 63
298 297 1 64
298 298 14 64
298 298 15 64
298 292 16 64
610 629 4 64
610 629 9 64
610 614 16 64
610 613 17 64
610 615 18 64
297 298 13 65
297 298 14 65
297 292 15 65
675 693 1 65
675 675 4 65
675 671 5 65
675 676 6 65
675 673 7 65
133 139 5 66
133 145 16 66
133 141 17 66
259 255 5 66
259 259 16 66
693 675 3 66
693 676 5 66
693 673 6 66
693 707 9 66
329 329 1 67
329 329 6 67
762 754 18 67
180 179 5 68
180 185 9 68
180 185 11 68
329 329 5 68
629 629 5 68
629 614 12 68
629 613 13 68
629 615 14 68
675 671 1 69
675 676 2 69
675 673 3 69
675 694 18 69
675 675 19 69
675 693 20 69
497 496 2 70
497 511 16 70
671 676 1 70
671 673 2 70
671 675 18 70
139 145 11 71
139 141 12 71
255 259 11 71
676 673 1 71
676 694 16 71
676 675 17 71
676 693 18 71
496 511 14 72
673 675 16 72
179 185 4 73
179 185 6 73
179 180 18 73
329 330 18 73
629 614 7 73
629 613 8 73
629 615 9 73
629 611 18 73
58 56 4 74
74 56 4 74
451 453 3 74
451 435 10 74
519 537 2 74
519 536 3 74
519 534 4 74
519 533 9 74
519 532 10 74
519 511 12 74
707 694 12 75
707 693 14 75
707 697 18 75
377 378 7 76
377 382 17 76
537 536 1 76
537 534 2 76
537 533 7 76
537 532 8 76
185 185 2 77
185 180 14 77
185 182 18 77
185 179 19 77
185 193 20 77
453 435 7 77
536 534 1 77
536 533 6 77
536 532 7 77
536 519 20 77
56 54 18 78
298 298 1 78
298 292 2 78
298 298 9 78
298 297 10 78
298 298 11 78
534 533 5 78
534 532 6 78
534 519 19 78
30 18 3 79
33 18 3 79
185 180 12 79
185 182 16 79
185 179 17 79
185 193 18 79
298 292 1 79
298 298 8 79
298 297 9 79
298 298 10 79
586 587 13 79
586 585 16 79
586 587 17 79
99 81 17 80
292 298 7 80
292 297 8 80
292 298 9 80
614 613 1 80
614 615 2 80
614 611 11 80
614 616 14 80
613 615 1 81
613 611 10 81
613 616 13 81
145 141 1 82
259 254 12 82
259 255 12 82
259 253 19 82
615 611 9 82
615 616 12 82
378 397 3 83
378 382 10 83
378 389 16 83
533 532 1 83
533 519 14 83
533 536 16 83
533 546 17 83
533 552 18 83
532 519 13 84
532 536 15 84
532 546 16 84
404 397 1 85
404 389 14 85
397 382 7 86
397 389 13 86
397 378 19 86
511 519 11 86
298 297 1 87
298 298 2 87
298 298 14 87
298 297 15 87
298 292 16 87
298 313 19 87
694 675 1 87
694 693 2 87
694 697 6 87
694 701 11 87
694 703 20 87
297 298 1 88
297 298 13 88
297 297 14 88
297 292 15 88
297 313 18 88
675 693 1 88
298 298 12 89
298 297 13 89
298 292 14 89
298 313 17 89
693 697 4 89
693 701 9 89
693 703 18 89
180 182 4 91
180 179 5 91
180 193 6 91
180 181 11 91
180 189 12 91
330 319 4 91
330 329 5 91
330 349 6 91
330 313 15 91
611 616 3 91
611 615 15 91
611 615 17 91
587 585 3 92
587 587 4 92
587 583 10 92
587 587 11 92
587 581 13 92
382 389 6 93
382 378 12 93
697 701 5 93
697 703 14 93
697 694 17 93
254 253 7 94
254 259 13 94
254 254 14 94
255 253 7 94
255 259 13 94
255 254 14 94
616 615 12 94
616 615 14 94
616 629 20 94
182 179 1 95
182 193 2 95
182 181 7 95
182 189 8 95
319 329 1 95
319 313 11 95
319 330 18 95
585 587 1 95
585 583 7 95
585 587 8 95
585 581 10 95
54 52 7 96
179 193 1 96
179 181 6 96
179 189 7 96
329 313 10 96
329 330 17 96
587 583 6 96
587 587 7 96
587 581 9 96
81 99 6 97
81 81 18 97
193 181 5 97
193 189 6 97
349 330 16 97
519 536 2 97
519 519 18 97
519 519 19 97
701 703 9 98
701 694 12 98
389 378 6 99
389 401 15 99
536 546 1 99
536 552 2 99
536 519 16 99
536 519 17 99
546 552 1 100
253 259 6 101
253 254 7 101
298 297 1 101
298 292 2 101
298 313 5 101
298 298 9 101
298 298 11 101
298 298 14 101
298 298 15 101
298 298 16 101
298 298 19 101
181 189 1 102
297 292 1 102
297 313 4 102
297 298 8 102
297 298 10 102
297 298 13 102
297 298 14 102
297 298 15 102
297 298 18 102
297 298 20 102
583 587 1 102
583 581 3 102
583 580 16 102
583 580 17 102
99 81 12 103
292 298 7 103
292 298 9 103
292 298 12 103
292 298 13 103
292 298 14 103
292 298 17 103
292 298 19 103
292 298 20 103
587 581 2 103
587 580 15 103
587 580 16 103
18 30 4 105
18 31 4 105
18 18 12 105
18 18 13 105
581 580 13 105
581 580 14 105
313 298 4 106
313 298 6 106
313 330 7 106
313 298 9 106
313 298 10 106
313 298 11 106
313 298 14 106
313 298 16 106
313 298 17 106
313 298 19 106
313 298 20 106
615 615 2 106
615 629 8 106
615 615 11 106
615 615 14 106
615 615 16 106
615 616 19 106
259 254 1 107
703 694 3 107
703 696 14 107
703 717 17 107
615 629 6 108
615 615 9 108
615 615 12 108
615 615 14 108
615 616 17 108
615 614 19 108
615 616 20 108
30 18 8 109
30 18 9 109
31 18 8 109
31 18 9 109
484 498 2 109
484 479 10 109
734 734 3 109
734 717 15 109
298 298 2 110
298 298 5 110
298 298 6 110
298 298 7 110
298 298 10 110
298 298 12 110
298 298 13 110
298 298 15 110
298 298 16 110
694 675 1 110
694 696 11 110
498 479 8 111
498 505 16 111
298 298 3 112
298 298 4 112
298 298 5 112
298 298 8 112
298 298 10 112
298 298 11 112
298 298 13 112
298 298 14 112
734 717 12 112
330 339 11 113
330 330 15 113
330 329 18 113
629 615 3 114
629 615 6 114
629 615 8 114
629 616 11 114
629 614 13 114
629 616 14 114
629 614 15 114
629 615 17 114
298 298 1 115
298 298 2 115
298 298 5 115
298 298 7 115
298 298 8 115
298 298 10 115
298 298 11 115
298 293 20 115
519 519 1 115
519 537 8 115
519 505 12 115
519 532 18 115
298 298 1 116
298 298 4 116
298 298 6 116
298 298 7 116
298 298 9 116
298 298 10 116
298 293 19 116
519 537 7 116
519 505 11 116
519 532 17 116
18 18 1 117
18 18 14 117
298 298 3 117
298 298 5 117
298 298 6 117
298 298 8 117
298 298 9 117
298 293 18 117
615 615 3 117
615 615 5 117
615 616 8 117
615 614 10 117
615 616 11 117
615 614 12 117
615 615 14 117
615 615 18 117
18 18 13 118
580 580 1 118
580 578 8 118
580 578 7 119
298 298 2 120
298 298 3 120
298 298 5 120
298 298 6 120
298 293 15 120
615 615 2 120
615 616 5 120
615 614 7 120
615 616 8 120
615 614 9 120
615 615 11 120
615 615 15 120
615 619 18 120
696 704 18 121
298 298 1 122
298 298 3 122
298 298 4 122
298 293 13 122
615 616 3 122
615 614 5 122
615 616 6 122
615 614 7 122
615 615 9 122
615 615 13 122
615 619 16 122
298 298 2 123
298 298 3 123
298 293 12 123
537 532 10 123
537 550 17 123
537 551 18 123
537 552 19 123
339 330 4 124
339 329 7 124
339 354 14 124
717 704 15 124
298 298 1 125
298 293 10 125
616 614 2 125
616 616 3 125
616 614 4 125
616 615 6 125
616 615 10 125
616 619 13 125
616 614 18 125
298 293 9 126
614 616 1 127
614 614 2 127
614 615 4 127
614 615 8 127
614 619 11 127
614 614 16 127
330 329 3 128
616 614 1 128
616 615 3 128
616 615 7 128
616 619 10 128
616 614 15 128
614 615 2 129
614 615 6 129
614 619 9 129
614 614 14 129
18 18 9 131
615 615 4 131
615 619 7 131
615 614 12 131
378 378 7 133
378 375 8 133
532 550 7 133
532 551 8 133
615 619 3 135
615 614 8 135
99 99 1 138
619 614 5 138
378 375 1 140
378 378 18 140
550 551 1 140
550 552 2 140
550 548 18 140
375 378 17 141
551 552 1 141
551 548 17 141
552 548 16 142
378 380 8 158
548 552 8 158
404 404 13 187
404 408 14 187
404 401 19 187
554 538 3 187
554 555 13 187
554 537 14 187
554 537 15 187
554 555 16 187
554 534 18 187
554 536 19 187
142 154 12 188
329 318 17 188
614 617 19 188
57 56 1 189
57 60 12 189
57 42 15 189
453 454 1 189
519 538 1 189
519 537 12 189
519 537 13 189
519 534 16 189
519 536 17 189
56 60 11 190
56 42 14 190
538 555 10 190
538 537 11 190
538 537 12 190
538 555 13 190
538 534 15 190
538 536 16 190
538 554 19 190
154 153 9 200
404 408 1 200
404 401 6 200
555 537 1 200
555 537 2 200
555 555 3 200
555 536 6 200
555 554 9 200
555 548 18 200
555 536 20 200
60 42 3 201
60 47 11 201
60 79 11 201
60 67 15 201
60 66 20 201
408 401 5 201
537 537 1 201
537 555 2 201
537 534 4 201
537 536 5 201
537 554 8 201
537 519 12 201
537 531 13 201
537 533 14 201
537 533 15 201
537 548 17 201
537 536 19 201
537 537 20 201
297 298 1 202
297 298 2 202
297 298 15 202
537 555 1 202
537 534 3 202
537 536 4 202
537 554 7 202
537 519 11 202
537 531 12 202
537 533 13 202
537 533 14 202
537 548 16 202
537 536 18 202
537 537 19 202
537 534 20 202
298 298 1 203
298 298 14 203
555 536 3 203
555 554 6 203
555 548 15 203
555 536 17 203
555 537 18 203
555 552 20 203
18 2 14 204
18 6 14 204
18 11 14 204
18 29 14 204
18 33 14 204
18 18 18 204
18 27 20 204
18 35 20 204
42 47 8 204
42 29 14 204
42 33 14 204
42 27 20 204
42 35 20 204
298 298 13 204
318 320 5 205
318 329 6 205
318 298 12 205
534 536 1 205
534 519 8 205
534 531 9 205
534 533 10 205
534 533 11 205
534 548 13 205
534 536 15 205
534 537 16 205
534 534 17 205
534 552 18 205
534 532 19 205
401 403 17 206
536 554 3 206
536 519 7 206
536 531 8 206
536 533 9 206
536 533 10 206
536 548 12 206
536 536 14 206
536 537 15 206
536 534 16 206
536 552 17 206
536 532 18 206
617 629 4 207
617 615 20 207
700 695 17 208
700 694 20 208
153 158 19 209
153 158 20 209
494 512 1 209
494 494 12 209
494 487 15 209
554 548 9 209
554 536 11 209
554 537 12 209
554 534 13 209
554 552 14 209
320 329 1 210
320 329 18 210
512 519 3 210
512 531 4 210
512 494 11 210
329 329 17 211
629 615 16 211
629 614 19 211
47 29 6 212
47 33 6 212
47 66 9 212
47 27 12 212
47 35 12 212
47 40 17 212
79 67 4 212
79 87 6 212
79 66 9 212
79 84 10 212
253 254 9 212
253 259 18 212
253 254 20 212
253 255 20 212
451 454 3 212
451 453 4 212
519 531 1 213
519 533 2 213
519 533 3 213
519 536 7 213
519 537 8 213
519 534 9 213
519 532 11 213
219 217 2 214
219 212 10 214
378 378 8 214
531 533 1 214
531 533 2 214
531 548 4 214
531 536 6 214
531 537 7 214
531 534 8 214
531 532 10 214
454 453 1 215
533 533 1 215
533 548 3 215
533 536 5 215
533 537 6 215
533 534 7 215
533 552 8 215
533 532 9 215
67 66 5 216
67 84 6 216
67 59 19 216
217 212 8 216
533 548 2 216
533 536 4 216
533 537 5 216
533 534 6 216
533 552 7 216
533 532 8 216
298 297 8 217
298 298 9 217
298 298 10 217
675 675 9 217
675 694 11 217
675 675 12 217
2 18 4 218
2 18 9 218
2 1 15 218
6 18 4 218
6 18 9 218
6 1 15 218
11 18 4 218
11 27 6 218
11 18 9 218
11 1 15 218
29 18 4 218
29 27 6 218
29 35 6 218
29 18 9 218
29 40 11 218
33 18 4 218
33 27 6 218
33 35 6 218
33 18 9 218
33 40 11 218
87 84 4 218
548 536 2 218
548 537 3 218
548 534 4 218
548 552 5 218
548 532 6 218
548 554 14 218
548 553 15 218
548 536 19 218
548 533 20 218
536 537 1 220
536 534 2 220
536 552 3 220
536 532 4 220
536 554 12 220
536 553 13 220
536 536 17 220
536 533 18 220
536 534 19 220
66 84 1 221
66 59 14 221
254 259 9 221
254 254 11 221
254 255 11 221
494 487 3 221
494 497 12 221
537 534 1 221
537 552 2 221
537 532 3 221
537 554 11 221
537 553 12 221
537 536 16 221
537 533 17 221
537 534 18 221
18 27 2 222
18 35 2 222
18 18 5 222
18 1 11 222
84 99 20 222
378 378 15 222
534 552 1 222
534 532 2 222
534 553 11 222
534 536 15 222
534 533 16 222
534 534 17 222
403 401 6 223
552 532 1 223
552 554 9 223
552 553 10 223
552 536 14 223
552 533 15 223
552 534 16 223
552 560 19 223
27 18 3 224
27 40 5 224
35 18 3 224
35 40 5 224
487 497 9 224
532 536 13 224
532 533 14 224
532 534 15 224
297 298 1 225
297 298 2 225
297 298 15 225
297 283 17 225
695 675 1 225
695 694 3 225
695 675 4 225
695 704 6 225
298 298 1 226
298 298 14 226
298 283 16 226
675 694 2 226
675 675 3 226
18 1 6 227
18 18 18 227
298 298 13 227
298 283 15 227
615 614 3 227
615 629 7 227
615 618 13 227
615 611 18 227
615 616 19 227
158 158 1 228
158 153 14 228
158 153 16 228
329 329 6 228
329 319 10 228
329 320 11 228
694 675 1 228
694 704 3 228
40 59 6 229
158 153 13 229
158 153 15 229
401 408 18 229
259 254 2 230
259 255 2 230
259 258 15 230
614 629 4 230
614 618 10 230
614 611 15 230
614 616 16 230
614 616 18 230
614 613 19 230
254 258 13 232
255 258 13 232
554 553 1 232
554 536 5 232
554 534 7 232
554 560 10 232
554 554 12 232
554 537 18 232
1 18 12 233
1 18 16 233
553 536 4 233
553 533 5 233
553 534 6 233
553 560 9 233
553 554 11 233
553 537 17 233
179 185 5 234
179 180 18 234
329 319 4 234
329 320 5 234
329 329 17 234
329 313 18 234
329 319 19 234
629 618 6 234
629 611 11 234
629 616 12 234
629 616 14 234
629 613 15 234
587 586 1 235
587 590 8 235
587 584 17 235
586 590 7 236
586 584 16 236
378 378 6 237
378 378 12 237
378 365 17 237
536 533 1 237
536 534 2 237
536 554 7 237
536 537 13 237
536 525 17 237
319 320 1 238
319 329 13 238
319 313 14 238
319 319 15 238
319 319 18 238
319 329 19 238
533 534 1 238
533 537 12 238
533 525 16 238
185 180 13 239
185 178 18 239
320 329 12 239
320 313 13 239
320 319 14 239
320 319 17 239
320 329 18 239
534 537 11 239
534 525 15 239
298 283 2 240
298 298 8 240
298 298 10 240
298 313 12 240
618 611 5 240
618 616 6 240
618 616 8 240
618 613 9 240
153 153 2 242
153 151 12 242
153 152 13 242
283 298 6 242
283 298 8 242
560 554 2 242
378 378 6 243
378 365 11 243
590 584 9 243
153 151 10 244
153 152 11 244
554 537 6 244
18 18 4 245
258 255 13 245
611 616 1 245
611 616 3 245
611 613 4 245
616 616 2 246
616 613 3 246
616 615 20 246
651 669 9 247
298 298 2 248
298 313 4 248
298 314 19 248
616 613 1 248
616 615 18 248
18 18 19 249
378 365 5 249
378 378 17 249
378 378 19 249
613 615 17 249
298 313 2 250
298 314 17 250
537 525 4 250
537 554 17 250
537 528 18 250
537 546 19 250
329 313 1 251
329 319 2 251
329 319 5 251
329 329 6 251
329 314 16 251
734 734 7 251
734 727 19 251
180 178 5 252
313 319 1 252
313 319 4 252
313 329 5 252
313 314 15 252
313 297 19 252
313 298 20 252
319 319 3 253
319 329 4 253
319 314 14 253
703 697 4 253
703 696 18 253
151 152 1 254
151 158 20 254
365 378 12 254
365 378 14 254
525 528 14 254
525 537 19 254
152 158 19 255
152 137 20 255
673 669 1 255
673 675 19 255
319 329 1 256
319 314 11 256
319 319 18 256
319 316 19 256
319 319 20 256
669 675 18 256
178 158 17 257
329 314 10 257
329 319 17 257
329 316 18 257
329 319 19 257
697 696 14 257
697 690 20 257
255 254 9 258
255 255 20 258
734 727 12 258
378 378 2 266
378 378 17 266
615 615 6 266
615 629 9 266
615 615 15 266
254 255 11 267
314 297 4 267
314 298 5 267
314 298 6 267
314 319 7 267
314 316 8 267
314 319 9 267
314 329 13 267
314 298 19 267
554 546 2 267
554 537 6 267
554 552 11 267
554 536 16 267
554 534 18 267
554 571 19 267
18 18 5 268
45 61 11 268
45 42 19 268
378 378 15 268
528 546 1 268
528 537 5 268
528 536 15 268
528 533 16 268
528 534 17 268
546 537 4 269
546 552 9 269
546 536 14 269
546 533 15 269
546 534 16 269
297 298 1 271
297 298 2 271
297 316 4 271
297 298 15 271
696 690 6 271
696 704 9 271
696 694 16 271
696 703 17 271
696 703 19 271
298 298 1 272
298 316 3 272
298 298 14 272
615 629 3 272
615 615 9 272
615 616 17 272
615 616 19 272
18 24 19 273
18 31 19 273
18 8 20 273
218 219 10 273
298 316 2 273
298 298 13 273
537 552 5 273
537 536 10 273
537 533 11 273
537 534 12 273
537 550 20 273
319 316 1 274
319 319 2 274
319 329 6 274
319 318 18 274
675 690 3 274
675 694 13 274
316 319 1 275
316 329 5 275
316 298 11 275
316 318 17 275
316 297 19 275
316 297 20 275
629 615 6 275
629 616 14 275
629 616 16 275
629 644 17 275
629 614 19 275
319 329 4 276
319 318 16 276
592 589 3 276
592 577 6 276
592 583 20 276
690 704 3 277
690 694 10 277
690 703 11 277
690 703 13 277
690 675 18 277
255 254 12 278
552 536 5 278
552 533 6 278
552 534 7 278
552 571 8 278
552 550 15 278
61 73 1 279
61 42 8 279
65 73 1 279
196 185 5 279
458 453 5 279
458 444 6 279
458 456 14 279
589 577 3 279
589 571 7 279
589 583 17 279
329 318 12 280
329 317 17 280
329 320 18 280
704 694 7 280
704 703 8 280
704 703 10 280
615 616 8 281
615 616 10 281
615 614 13 281
615 630 16 281
615 611 17 281
577 571 4 282
577 583 14 282
219 223 14 283
378 378 6 283
378 378 8 283
536 533 1 283
536 534 2 283
536 550 10 283
453 444 1 284
453 456 9 284
533 534 1 284
533 550 9 284
444 432 2 285
444 456 8 285
534 550 8 285
298 297 8 286
298 297 9 286
298 298 10 286
298 317 11 286
571 583 10 286
42 24 5 287
42 31 5 287
694 703 1 287
694 703 3 287
694 675 8 287
703 703 2 288
378 378 2 289
616 616 2 289
616 614 5 289
616 630 8 289
616 611 9 289
616 614 3 291
616 630 6 291
616 611 7 291
24 8 1 292
318 298 4 292
318 317 5 292
318 320 6 292
644 630 5 292
297 297 1 294
297 298 2 294
614 630 3 294
614 611 4 294
297 298 1 295
298 317 1 296
317 320 1 297
630 611 1 297
319 330 17 347
319 329 18 347
319 329 19 347
319 329 20 347
614 615 19 347
614 614 20 347
549 538 14 350
549 557 15 350
549 553 19 350
330 329 1 364
330 329 2 364
330 329 3 364
538 557 1 364
538 553 5 364
3 18 1 365
3 17 2 365
3 18 8 365
3 18 18 365
329 329 1 365
329 329 2 365
557 553 4 365
18 17 1 366
18 18 7 366
18 18 17 366
329 329 1 366
615 614 1 366
615 613 2 366
615 615 4 366
615 615 5 366
615 615 6 366
615 615 13 366
615 613 15 366
615 615 16 366
615 614 17 366
615 614 18 366
615 615 19 366
17 18 6 367
17 18 16 367
614 613 1 367
614 615 3 367
614 615 4 367
614 615 5 367
614 615 12 367
614 613 14 367
614 615 15 367
614 614 16 367
614 614 17 367
614 615 18 367
255 257 1 368
613 615 2 368
613 615 3 368
613 615 4 368
613 615 11 368
613 613 13 368
613 615 14 368
613 614 15 368
613 614 16 368
613 615 17 368
553 533 18 369
553 572 19 369
298 298 1 370
298 298 3 370
298 298 4 370
298 298 12 370
298 298 13 370
298 298 17 370
615 615 1 370
615 615 2 370
615 615 9 370
615 613 11 370
615 615 12 370
615 614 13 370
615 614 14 370
615 615 15 370
615 616 19 370
298 298 2 371
298 298 3 371
298 298 11 371
298 298 12 371
298 298 16 371
298 285 20 371
615 615 1 371
615 615 8 371
615 613 10 371
615 615 11 371
615 614 12 371
615 614 13 371
615 615 14 371
615 616 18 371
59 58 1 372
59 63 1 372
59 39 16 372
59 54 19 372
379 378 3 372
379 378 7 372
379 378 8 372
379 378 12 372
379 378 13 372
615 615 7 372
615 613 9 372
615 615 10 372
615 614 11 372
615 614 12 372
615 615 13 372
615 616 17 372
18 18 10 373
18 14 15 373
58 39 15 373
58 54 18 373
63 54 18 373
298 298 1 373
298 298 9 373
298 298 10 373
298 298 14 373
298 285 18 373
298 298 19 373
298 298 20 373
674 673 20 373
136 139 1 374
136 140 5 374
136 142 6 374
136 143 7 374
136 144 8 374
136 130 19 374
298 298 8 374
298 298 9 374
298 298 13 374
298 285 17 374
298 298 18 374
298 298 19 374
581 584 1 374
581 572 14 374
139 140 4 375
139 142 5 375
139 143 6 375
139 144 7 375
139 130 18 375
378 378 4 375
378 378 5 375
378 378 9 375
378 378 10 375
584 572 13 375
140 142 1 379
140 143 2 379
140 144 3 379
140 130 14 379
378 378 1 379
378 378 5 379
378 378 6 379
615 613 2 379
615 615 3 379
615 614 4 379
615 614 5 379
615 615 6 379
615 616 10 379
142 143 1 380
142 144 2 380
142 130 13 380
378 378 4 380
378 378 5 380
511 493 9 380
511 498 10 380
143 144 1 381
143 130 12 381
490 493 8 381
490 498 9 381
613 615 1 381
613 614 2 381
613 614 3 381
613 615 4 381
613 616 8 381
144 130 11 382
298 298 1 382
298 298 5 382
298 285 9 382
298 298 10 382
298 298 11 382
615 614 1 382
615 614 2 382
615 615 3 382
615 616 7 382
18 14 5 383
298 298 4 383
298 285 8 383
298 298 9 383
298 298 10 383
614 614 1 383
614 615 2 383
614 616 6 383
378 378 1 384
614 615 1 384
614 616 5 384
615 616 4 385
694 676 8 386
217 219 18 387
298 285 4 387
298 298 5 387
298 298 6 387
298 298 20 387
533 532 4 387
533 531 5 387
533 530 18 387
533 530 19 387
39 54 3 388
39 40 6 388
466 454 18 388
572 554 19 388
572 553 20 388
493 498 1 389
493 497 16 389
493 501 20 389
498 497 15 390
498 501 19 390
54 40 3 391
285 298 1 391
285 298 2 391
285 298 16 391
532 531 1 391
532 530 14 391
532 530 15 391
532 544 19 391
532 548 20 391
298 298 1 392
298 298 15 392
531 530 13 392
531 530 14 392
531 544 18 392
531 548 19 392
130 144 14 393
130 144 15 393
130 146 17 393
130 141 19 393
298 298 14 393
673 676 1 393
40 20 16 394
497 501 4 405
530 530 1 405
530 544 5 405
530 548 6 405
530 536 9 405
530 535 10 405
530 537 11 405
254 254 19 406
454 456 8 406
530 544 4 406
530 548 5 406
530 536 8 406
530 535 9 406
530 537 10 406
144 144 1 407
144 146 3 407
144 141 5 407
144 138 20 407
298 297 8 407
298 298 9 407
298 298 10 407
554 553 1 407
554 544 3 407
554 548 4 407
554 555 5 407
554 556 6 407
554 536 7 407
554 535 8 407
554 537 9 407
554 554 10 407
554 550 18 407
554 536 20 407
144 146 2 408
144 141 4 408
144 138 19 408
144 139 20 408
553 544 2 408
553 548 3 408
553 555 4 408
553 556 5 408
553 536 6 408
553 535 7 408
553 537 8 408
553 554 9 408
553 550 17 408
553 536 19 408
553 537 20 408
501 495 18 409
12 18 1 410
20 18 1 410
146 141 2 410
146 138 17 410
146 139 18 410
146 141 20 410
377 378 1 410
377 378 2 410
377 378 15 410
544 548 1 410
544 555 2 410
544 556 3 410
544 536 4 410
544 535 5 410
544 537 6 410
544 554 7 410
544 550 15 410
544 536 17 410
544 537 18 410
544 536 20 410
378 378 1 411
378 378 14 411
548 555 1 411
548 556 2 411
548 536 3 411
548 535 4 411
548 537 5 411
548 554 6 411
548 550 14 411
548 536 16 411
548 537 17 411
548 536 19 411
141 138 15 412
141 139 16 412
141 141 18 412
378 378 13 412
555 556 1 412
555 536 2 412
555 535 3 412
555 537 4 412
555 554 5 412
555 550 13 412
555 536 15 412
555 537 16 412
555 536 18 412
556 536 1 413
556 537 3 413
556 554 4 413
556 550 12 413
556 536 14 413
556 537 15 413
556 536 17 413
536 535 1 414
536 537 2 414
536 554 3 414
536 550 11 414
536 536 13 414
536 537 14 414
536 536 16 414
297 298 1 415
297 298 2 415
535 537 1 415
535 554 2 415
535 550 10 415
535 536 12 415
535 537 13 415
535 536 15 415
298 298 1 416
537 554 1 416
537 550 9 416
537 536 11 416
537 537 12 416
537 536 14 416
554 550 8 417
554 536 10 417
554 537 11 417
554 536 13 417
254 258 3 425
550 536 2 425
550 537 3 425
550 536 5 425
138 139 1 427
138 141 3 427
495 501 4 427
536 537 1 427
536 536 3 427
139 141 2 428
537 536 2 428
139 136 1 515
139 136 2 515
139 136 3 515
139 143 5 515
139 143 13 515
139 143 16 515
139 153 19 515
318 319 1 515
318 318 2 515
318 317 3 515
318 329 7 515
318 319 9 515
318 319 19 515
585 583 1 515
585 580 2 515
136 136 1 516
136 136 2 516
136 143 4 516
136 143 12 516
136 143 15 516
136 153 18 516
319 318 1 516
319 317 2 516
319 329 6 516
319 319 8 516
319 319 18 516
583 580 1 516
136 136 1 517
136 143 3 517
136 143 11 517
136 143 14 517
136 153 17 517
318 317 1 517
318 329 5 517
318 319 7 517
318 319 17 517
318 298 19 517
136 143 2 518
136 143 10 518
136 143 13 518
136 153 16 518
317 329 4 518
317 319 6 518
317 319 16 518
317 298 18 518
317 297 19 518
317 298 20 518
614 616 1 518
143 143 8 520
143 143 11 520
143 153 14 520
255 258 6 520
255 254 7 520
255 255 13 520
554 555 1 520
554 538 5 520
554 534 6 520
554 535 7 520
554 553 8 520
554 552 9 520
554 554 11 520
554 553 12 520
554 553 13 520
554 535 15 520
554 537 16 520
554 537 17 520
554 537 18 520
378 378 2 521
378 377 10 521
378 378 11 521
378 377 14 521
555 538 4 521
555 535 6 521
555 553 7 521
555 552 8 521
555 554 10 521
555 553 11 521
555 553 12 521
555 535 14 521
555 537 15 521
555 537 16 521
555 537 17 521
329 319 2 522
329 319 12 522
329 321 17 522
329 322 18 522
703 718 1 522
18 18 8 523
18 18 9 523
378 377 8 523
378 378 9 523
378 377 12 523
222 219 2 524
222 220 11 524
319 319 10 524
319 321 15 524
319 322 16 524
519 538 1 524
519 534 2 524
519 535 3 524
519 525 10 524
519 535 11 524
519 537 12 524
519 537 13 524
519 537 14 524
519 515 15 524
519 525 18 524
87 99 4 525
87 99 5 525
454 453 2 525
538 534 1 525
538 535 2 525
538 553 3 525
538 552 4 525
538 554 6 525
538 553 7 525
538 553 8 525
538 525 9 525
538 535 10 525
538 537 11 525
538 537 12 525
538 537 13 525
538 525 17 525
538 551 18 525
538 553 19 525
538 554 20 525
219 220 9 526
258 254 1 526
258 255 7 526
258 254 17 526
258 254 18 526
258 255 18 526
258 255 19 526
534 535 1 526
534 553 2 526
534 552 3 526
534 553 6 526
534 553 7 526
534 525 8 526
534 535 9 526
534 537 10 526
534 537 11 526
534 537 12 526
534 515 13 526
534 525 16 526
534 551 17 526
534 553 18 526
254 255 6 527
254 254 16 527
254 254 17 527
254 255 17 527
254 255 18 527
453 455 20 527
535 553 1 527
535 552 2 527
535 554 4 527
535 553 5 527
535 553 6 527
535 525 7 527
535 535 8 527
535 537 9 527
535 537 10 527
535 537 11 527
535 515 12 527
535 525 15 527
535 551 16 527
535 553 17 527
535 554 18 527
535 519 20 527
143 143 3 528
143 153 6 528
143 146 17 528
282 298 8 528
282 297 9 528
282 298 10 528
553 552 1 528
553 554 3 528
553 553 4 528
553 553 5 528
553 535 7 528
553 537 8 528
553 537 9 528
553 537 10 528
553 551 15 528
553 553 16 528
553 554 17 528
99 99 1 529
552 554 2 529
552 553 3 529
552 553 4 529
552 535 6 529
552 537 7 529
552 537 8 529
552 537 9 529
552 551 14 529
552 553 15 529
552 554 16 529
552 534 20 529
18 18 1 531
143 153 3 531
143 146 14 531
377 378 1 531
377 377 4 531
377 378 15 531
554 553 1 531
554 553 2 531
554 535 4 531
554 537 5 531
554 537 6 531
554 537 7 531
554 551 12 531
554 553 13 531
554 554 14 531
554 534 18 531
554 537 19 531
554 537 20 531
378 377 3 532
378 378 14 532
553 553 1 532
553 535 3 532
553 537 4 532
553 537 5 532
553 537 6 532
553 551 11 532
553 553 12 532
553 554 13 532
553 534 17 532
553 537 18 532
553 537 19 532
553 553 20 532
255 254 10 533
255 254 11 533
255 255 11 533
255 255 12 533
255 257 16 533
553 535 2 533
553 537 3 533
553 537 4 533
553 537 5 533
553 551 10 533
553 553 11 533
553 554 12 533
553 534 16 533
553 537 17 533
553 537 18 533
553 553 19 533
553 551 20 533
153 146 11 534
319 321 5 534
319 322 6 534
525 535 1 534
525 537 2 534
525 537 3 534
525 537 4 534
525 515 5 534
525 525 8 534
525 519 13 534
525 534 15 534
525 537 16 534
525 537 17 534
220 225 12 535
220 219 14 535
220 225 16 535
377 378 11 535
535 537 1 535
535 537 2 535
535 537 3 535
535 515 4 535
535 525 7 535
535 551 8 535
535 553 9 535
535 554 10 535
535 519 12 535
535 534 14 535
535 537 15 535
535 537 16 535
535 553 17 535
535 551 18 535
535 553 20 535
298 297 1 536
298 298 2 536
298 298 15 536
537 537 1 536
537 537 2 536
537 525 6 536
537 551 7 536
537 553 8 536
537 554 9 536
537 519 11 536
537 534 13 536
537 537 14 536
537 537 15 536
537 553 16 536
537 551 17 536
537 553 19 536
537 553 20 536
297 298 1 537
297 298 14 537
537 537 1 537
537 525 5 537
537 551 6 537
537 553 7 537
537 554 8 537
537 519 10 537
537 534 12 537
537 537 13 537
537 537 14 537
537 553 15 537
537 551 16 537
537 553 18 537
537 553 19 537
298 298 13 538
537 525 4 538
537 551 5 538
537 553 6 538
537 554 7 538
537 519 9 538
537 534 11 538
537 537 12 538
537 537 13 538
537 553 14 538
537 551 15 538
537 553 17 538
537 553 18 538
537 536 20 538
321 322 1 539
321 322 18 539
515 525 3 539
515 519 8 539
515 534 10 539
322 322 17 540
611 626 1 540
432 448 10 542
525 519 5 542
525 534 7 542
525 537 8 542
525 537 9 542
525 536 16 542
525 537 17 542
525 537 18 542
254 254 1 543
254 255 1 543
254 255 2 543
254 257 6 543
254 258 12 543
254 254 13 543
254 255 13 543
254 258 16 543
406 411 7 543
406 408 15 543
551 553 1 543
551 554 2 543
551 534 6 543
551 537 7 543
551 537 8 543
551 553 9 543
551 551 10 543
551 553 12 543
551 553 13 543
551 536 15 543
551 537 16 543
551 537 17 543
254 255 1 544
254 257 5 544
254 258 11 544
254 254 12 544
254 255 12 544
254 258 15 544
255 255 1 544
255 257 5 544
255 258 11 544
255 254 12 544
255 255 12 544
255 258 15 544
553 554 1 544
553 534 5 544
553 537 6 544
553 537 7 544
553 553 8 544
553 551 9 544
553 553 11 544
553 553 12 544
553 536 14 544
553 537 15 544
553 537 16 544
146 147 10 545
146 147 12 545
146 158 17 545
146 158 20 545
255 257 4 545
255 258 10 545
255 254 11 545
255 255 11 545
255 258 14 545
554 534 4 545
554 537 5 545
554 537 6 545
554 553 7 545
554 551 8 545
554 553 10 545
554 553 11 545
554 536 13 545
554 537 14 545
554 537 15 545
59 56 5 547
59 78 11 547
59 59 13 547
59 72 14 547
59 49 16 547
59 50 17 547
225 219 2 547
225 225 4 547
225 221 11 547
225 224 14 547
455 455 1 547
455 448 5 547
455 452 6 547
519 534 2 547
519 537 3 547
519 537 4 547
519 536 11 547
519 537 12 547
519 537 13 547
455 448 4 548
455 452 5 548
219 225 2 549
219 221 9 549
219 224 12 549
257 258 6 549
257 254 7 549
257 255 7 549
257 258 10 549
534 537 1 549
534 537 2 549
534 553 3 549
534 551 4 549
534 553 6 549
534 553 7 549
534 536 9 549
534 537 10 549
534 537 11 549
411 408 8 550
537 537 1 550
537 553 2 550
537 551 3 550
537 553 5 550
537 553 6 550
537 536 8 550
537 537 9 550
537 537 10 550
84 99 2 551
84 78 7 551
84 72 10 551
225 221 7 551
225 224 10 551
225 230 20 551
298 297 9 551
298 298 10 551
537 553 1 551
537 551 2 551
537 553 4 551
537 553 5 551
537 536 7 551
537 537 8 551
537 537 9 551
56 59 8 552
56 72 9 552
56 49 11 552
56 50 12 552
180 182 16 552
180 183 20 552
448 452 1 552
553 551 1 552
553 553 3 552
553 553 4 552
553 536 6 552
553 537 7 552
553 537 8 552
99 109 2 553
99 110 3 553
551 553 2 553
551 553 3 553
551 536 5 553
551 537 6 553
551 537 7 553
18 18 6 555
109 110 1 555
147 147 2 555
147 158 7 555
147 158 10 555
147 158 11 555
147 158 12 555
147 158 14 555
147 158 15 555
147 158 18 555
147 158 19 555
258 254 1 555
258 255 1 555
258 258 4 555
553 553 1 555
553 536 3 555
553 537 4 555
553 537 5 555
254 258 3 556
255 258 3 556
553 536 2 556
553 537 3 556
553 537 4 556
553 542 20 556
147 158 5 557
147 158 8 557
147 158 9 557
147 158 10 557
147 158 12 557
147 158 13 557
147 158 16 557
147 158 17 557
322 321 5 557
322 320 6 557
322 319 7 557
322 319 8 557
322 319 9 557
322 319 10 557
322 319 11 557
322 319 12 557
322 318 13 557
322 318 14 557
322 318 15 557
322 318 16 557
322 318 17 557
676 675 4 557
676 674 5 557
676 673 9 557
676 673 10 557
676 674 11 557
676 674 12 557
676 674 13 557
676 674 14 557
676 674 15 557
676 674 16 557
676 674 17 557
676 675 18 557
78 59 2 558
78 72 3 558
221 224 3 558
221 230 13 558
536 537 1 558
536 537 2 558
536 542 18 558
536 542 19 558
537 537 1 559
537 542 17 559
537 542 18 559
59 72 1 560
59 49 3 560
59 50 4 560
297 298 1 560
537 542 16 560
537 542 17 560
224 230 10 561
675 674 1 561
675 673 5 561
675 673 6 561
675 674 7 561
675 674 8 561
675 674 9 561
675 674 10 561
675 674 11 561
675 674 12 561
675 674 13 561
675 675 14 561
158 158 3 562
158 158 4 562
158 158 5 562
158 158 7 562
158 158 8 562
158 158 11 562
158 158 12 562
321 320 1 562
321 319 2 562
321 319 3 562
321 319 4 562
321 319 5 562
321 319 6 562
321 319 7 562
321 318 8 562
321 318 9 562
321 318 10 562
321 318 11 562
321 318 12 562
674 673 4 562
674 673 5 562
674 674 6 562
674 674 7 562
674 674 8 562
674 674 9 562
674 674 10 562
674 674 11 562
674 674 12 562
674 675 13 562
49 50 1 563
320 319 1 563
320 319 2 563
320 319 3 563
320 319 4 563
320 319 5 563
320 319 6 563
320 318 7 563
320 318 8 563
320 318 9 563
320 318 10 563
320 318 11 563
319 319 1 564
319 319 2 564
319 319 3 564
319 319 4 564
319 319 5 564
319 318 6 564
319 318 7 564
319 318 8 564
319 318 9 564
319 318 10 564
586 585 1 564
158 158 1 565
158 158 2 565
158 158 4 565
158 158 5 565
158 158 8 565
158 158 9 565
319 319 1 565
319 319 2 565
319 319 3 565
319 319 4 565
319 318 5 565
319 318 6 565
319 318 7 565
319 318 8 565
319 318 9 565
158 158 1 566
158 158 3 566
158 158 4 566
158 158 7 566
158 158 8 566
319 319 1 566
319 319 2 566
319 319 3 566
319 318 4 566
319 318 5 566
319 318 6 566
319 318 7 566
319 318 8 566
673 673 1 566
673 674 2 566
673 674 3 566
673 674 4 566
673 674 5 566
673 674 6 566
673 674 7 566
673 674 8 566
673 675 9 566
158 158 2 567
158 158 3 567
158 158 6 567
158 158 7 567
319 319 1 567
319 319 2 567
319 318 3 567
319 318 4 567
319 318 5 567
319 318 6 567
319 318 7 567
673 674 1 567
673 674 2 567
673 674 3 567
673 674 4 567
673 674 5 567
673 674 6 567
673 674 7 567
673 675 8 567
182 183 4 568
319 319 1 568
319 318 2 568
319 318 3 568
319 318 4 568
319 318 5 568
319 318 6 568
674 674 1 568
674 674 2 568
674 674 3 568
674 674 4 568
674 674 5 568
674 674 6 568
674 675 7 568
158 158 1 569
158 158 4 569
158 158 5 569
319 318 1 569
319 318 2 569
319 318 3 569
319 318 4 569
319 318 5 569
674 674 1 569
674 674 2 569
674 674 3 569
674 674 4 569
674 674 5 569
674 675 6 569
158 158 3 570
158 158 4 570
318 318 1 570
318 318 2 570
318 318 3 570
318 318 4 570
674 674 1 570
674 674 2 570
674 674 3 570
674 674 4 570
674 675 5 570
318 318 1 571
318 318 2 571
318 318 3 571
674 674 1 571
674 674 2 571
674 674 3 571
674 675 4 571
318 318 1 572
318 318 2 572
674 674 1 572
674 674 2 572
674 675 3 572
158 158 1 573
318 318 1 573
674 674 1 573
674 675 2 573
674 675 1 574
354 354 1 575
354 354 2 575
354 354 1 576
542 542 1 576
764 764 1 578
