48 43 3 0
48 25 4 0
48 35 4 0
48 8 6 0
48 34 7 0
48 10 8 0
48 21 8 0
48 44 8 0
48 39 9 0
48 27 10 0
48 34 10 0
48 93 10 0
48 35 11 0
48 65 11 0
48 0 13 0
48 12 13 0
48 15 13 0
48 42 15 0
48 83 15 0
48 6 18 0
48 13 18 0
48 92 18 0
378 381 2 0
378 409 5 0
378 390 6 0
378 367 7 0
378 369 8 0
378 386 9 0
378 384 10 0
378 330 12 0
378 351 13 0
378 383 17 0
515 527 2 0
515 500 4 0
515 508 11 0
515 521 11 0
515 483 15 0
216 212 2 1
216 234 5 1
216 234 8 1
216 174 14 1
216 178 15 1
216 245 16 1
216 200 17 1
216 255 17 1
216 257 20 1
598 627 2 1
598 616 3 1
598 611 9 1
598 601 12 1
598 632 14 1
381 409 3 2
381 390 4 2
381 367 5 2
381 369 6 2
381 386 7 2
381 384 8 2
381 351 11 2
381 428 14 2
381 383 15 2
527 500 2 2
527 508 9 2
527 521 9 2
527 483 13 2
527 491 20 2
43 25 1 3
43 35 1 3
43 8 3 3
43 34 4 3
43 10 5 3
43 21 5 3
43 44 5 3
43 39 6 3
43 27 7 3
43 34 7 3
43 35 8 3
43 65 8 3
43 0 10 3
43 12 10 3
43 15 10 3
43 42 12 3
43 83 12 3
43 6 15 3
43 13 15 3
43 92 15 3
43 9 18 3
43 38 18 3
43 73 18 3
43 23 19 3
43 51 19 3
43 88 19 3
43 68 20 3
212 234 3 3
212 234 6 3
212 174 12 3
212 178 13 3
212 245 14 3
212 200 15 3
212 255 15 3
212 257 18 3
298 330 9 3
298 255 15 3
298 257 18 3
298 269 20 3
627 616 1 3
627 611 7 3
627 601 10 3
627 632 12 3
627 665 19 3
25 8 2 4
25 34 3 4
25 10 4 4
25 21 4 4
25 44 4 4
25 39 5 4
25 27 6 4
25 34 6 4
25 35 7 4
25 65 7 4
25 0 9 4
25 12 9 4
25 15 9 4
25 42 11 4
25 6 14 4
25 13 14 4
25 9 17 4
25 38 17 4
25 73 17 4
25 23 18 4
25 51 18 4
25 68 19 4
35 8 2 4
35 34 3 4
35 10 4 4
35 21 4 4
35 44 4 4
35 39 5 4
35 27 6 4
35 34 6 4
35 35 7 4
35 65 7 4
35 0 9 4
35 12 9 4
35 15 9 4
35 42 11 4
35 83 11 4
35 6 14 4
35 13 14 4
35 9 17 4
35 38 17 4
35 73 17 4
35 23 18 4
35 51 18 4
35 68 19 4
145 123 1 4
145 108 2 4
145 157 3 4
145 146 6 4
145 149 7 4
145 174 11 4
145 178 12 4
145 151 17 4
145 125 20 4
145 130 20 4
500 508 7 4
500 521 7 4
500 483 11 4
500 463 15 4
500 491 18 4
500 543 19 4
616 611 6 4
616 601 9 4
616 632 11 4
616 665 18 4
123 108 1 5
123 157 2 5
123 93 5 5
123 146 5 5
123 149 6 5
123 83 10 5
123 92 13 5
123 73 16 5
123 151 16 5
123 88 17 5
123 125 19 5
123 130 19 5
123 100 20 5
409 390 1 5
409 367 2 5
409 369 3 5
409 386 4 5
409 384 5 5
409 428 11 5
409 383 12 5
748 767 2 5
748 757 3 5
748 734 7 5
748 701 11 5
748 756 12 5
748 717 13 5
8 34 1 6
8 10 2 6
8 21 2 6
8 44 2 6
8 39 3 6
8 27 4 6
8 34 4 6
8 35 5 6
8 0 7 6
8 12 7 6
8 15 7 6
8 42 9 6
8 6 12 6
8 13 12 6
8 9 15 6
8 38 15 6
8 23 16 6
8 51 16 6
108 157 1 6
108 93 4 6
108 146 4 6
108 65 5 6
108 149 5 6
108 83 9 6
108 92 12 6
108 73 15 6
108 151 15 6
108 88 16 6
108 68 17 6
108 125 18 6
108 130 18 6
108 100 19 6
234 234 3 6
234 245 11 6
234 200 12 6
234 255 12 6
234 257 15 6
234 269 17 6
234 256 18 6
234 258 19 6
234 263 20 6
390 367 1 6
390 369 2 6
390 386 3 6
390 384 4 6
390 351 7 6
390 428 10 6
390 383 11 6
690 686 3 6
690 734 6 6
690 701 10 6
690 717 12 6
690 665 16 6
34 10 1 7
34 21 1 7
34 44 1 7
34 39 2 7
34 27 3 7
34 34 3 7
34 35 4 7
34 65 4 7
34 0 6 7
34 12 6 7
34 15 6 7
34 42 8 7
34 83 8 7
34 6 11 7
34 13 11 7
34 9 14 7
34 38 14 7
34 73 14 7
34 23 15 7
34 51 15 7
34 68 16 7
157 146 3 7
157 149 4 7
157 174 8 7
157 178 9 7
157 200 11 7
157 151 14 7
157 125 17 7
157 130 17 7
157 124 20 7
157 127 20 7
367 369 1 7
367 386 2 7
367 384 3 7
367 330 5 7
367 351 6 7
367 383 10 7
367 396 20 7
767 757 1 7
767 734 5 7
767 756 10 7
767 717 11 7
10 39 1 8
10 27 2 8
10 34 2 8
10 35 3 8
10 0 5 8
10 12 5 8
10 15 5 8
10 42 7 8
10 6 10 8
10 13 10 8
10 9 13 8
10 38 13 8
10 23 14 8
10 51 14 8
21 39 1 8
21 27 2 8
21 34 2 8
21 35 3 8
21 65 3 8
21 0 5 8
21 12 5 8
21 15 5 8
21 42 7 8
21 6 10 8
21 13 10 8
21 9 13 8
21 38 13 8
21 23 14 8
21 51 14 8
21 68 15 8
44 39 1 8
44 27 2 8
44 34 2 8
44 93 2 8
44 35 3 8
44 65 3 8
44 0 5 8
44 12 5 8
44 15 5 8
44 42 7 8
44 83 7 8
44 6 10 8
44 13 10 8
44 92 10 8
44 9 13 8
44 38 13 8
44 73 13 8
44 23 14 8
44 51 14 8
44 88 14 8
44 68 15 8
369 386 1 8
369 384 2 8
369 330 4 8
369 351 5 8
369 383 9 8
369 396 19 8
757 734 4 8
757 756 9 8
757 717 10 8
39 27 1 9
39 34 1 9
39 35 2 9
39 65 2 9
39 0 4 9
39 12 4 9
39 15 4 9
39 42 6 9
39 83 6 9
39 6 9 9
39 13 9 9
39 9 12 9
39 38 12 9
39 73 12 9
39 23 13 9
39 51 13 9
39 88 13 9
39 68 14 9
234 245 8 9
234 200 9 9
234 255 9 9
234 257 12 9
234 269 14 9
234 256 15 9
234 258 16 9
234 263 17 9
386 384 1 9
386 351 4 9
386 428 7 9
386 383 8 9
386 396 18 9
386 426 19 9
386 391 20 9
686 734 3 9
686 701 7 9
686 717 9 9
686 665 13 9
27 35 1 10
27 65 1 10
27 0 3 10
27 12 3 10
27 15 3 10
27 42 5 10
27 6 8 10
27 13 8 10
27 9 11 10
27 38 11 10
27 73 11 10
27 23 12 10
27 51 12 10
27 68 13 10
27 7 20 10
34 35 1 10
34 65 1 10
34 0 3 10
34 12 3 10
34 15 3 10
34 42 5 10
34 83 5 10
34 6 8 10
34 13 8 10
34 9 11 10
34 38 11 10
34 73 11 10
34 23 12 10
34 51 12 10
34 68 13 10
34 7 20 10
93 65 1 10
93 83 5 10
93 92 8 10
93 73 11 10
93 51 12 10
93 88 12 10
93 68 13 10
93 125 14 10
93 130 14 10
93 100 15 10
93 124 17 10
93 127 17 10
93 118 19 10
93 128 19 10
93 108 20 10
146 149 1 10
146 174 5 10
146 178 6 10
146 151 11 10
146 125 14 10
146 130 14 10
146 100 15 10
146 124 17 10
146 127 17 10
146 118 19 10
146 128 19 10
146 108 20 10
384 351 3 10
384 428 6 10
384 383 7 10
384 396 17 10
384 426 18 10
384 391 19 10
384 408 20 10
611 601 3 10
611 632 5 10
611 565 14 10
611 562 17 10
35 0 2 11
35 12 2 11
35 15 2 11
35 42 4 11
35 83 4 11
35 6 7 11
35 13 7 11
35 9 10 11
35 38 10 11
35 73 10 11
35 23 11 11
35 51 11 11
35 68 12 11
35 7 19 11
65 15 2 11
65 42 4 11
65 83 4 11
65 92 7 11
65 38 10 11
65 73 10 11
65 23 11 11
65 51 11 11
65 88 11 11
65 68 12 11
65 100 14 11
65 108 19 11
149 174 4 11
149 178 5 11
149 151 10 11
149 125 13 11
149 130 13 11
149 100 14 11
149 124 16 11
149 127 16 11
149 118 18 11
149 128 18 11
149 108 19 11
508 483 4 11
508 463 8 11
508 491 11 11
508 543 12 11
508 541 14 11
508 544 15 11
508 550 17 11
521 483 4 11
521 491 11 11
521 543 12 11
521 565 13 11
521 541 14 11
521 544 15 11
521 562 16 11
521 550 17 11
330 351 1 12
734 701 4 12
734 756 5 12
734 717 6 12
734 747 20 12
0 42 2 13
0 6 5 13
0 13 5 13
0 9 8 13
0 38 8 13
0 23 9 13
0 7 17 13
0 11 19 13
0 26 19 13
0 3 20 13
0 26 20 13
12 42 2 13
12 6 5 13
12 13 5 13
12 9 8 13
12 38 8 13
12 23 9 13
12 51 9 13
12 7 17 13
12 11 19 13
12 26 19 13
12 3 20 13
12 26 20 13
12 58 20 13
15 42 2 13
15 6 5 13
15 13 5 13
15 9 8 13
15 38 8 13
15 23 9 13
15 51 9 13
15 7 17 13
15 11 19 13
15 26 19 13
15 3 20 13
15 26 20 13
15 58 20 13
351 383 4 13
351 396 14 13
351 391 16 13
601 632 2 13
601 565 11 13
601 562 14 13
42 6 3 15
42 13 3 15
42 9 6 15
42 38 6 15
42 73 6 15
42 23 7 15
42 51 7 15
42 88 7 15
42 68 8 15
42 7 15 15
42 11 17 15
42 26 17 15
42 3 18 15
42 26 18 15
42 58 18 15
42 68 18 15
42 0 20 15
42 1 20 15
42 57 20 15
42 63 20 15
83 92 3 15
83 38 6 15
83 73 6 15
83 51 7 15
83 88 7 15
83 68 8 15
83 125 9 15
83 130 9 15
83 100 10 15
83 124 12 15
83 127 12 15
83 118 14 15
83 128 14 15
83 108 15 15
83 58 18 15
83 68 18 15
83 97 19 15
83 57 20 15
83 63 20 15
174 178 1 15
174 200 3 15
174 151 6 15
174 125 9 15
174 130 9 15
174 124 12 15
174 127 12 15
174 128 14 15
174 204 16 15
174 154 18 15
174 208 19 15
174 211 20 15
483 463 4 15
483 491 7 15
483 457 16 15
483 525 19 15
632 665 7 15
632 675 15 15
632 589 20 15
178 200 2 16
178 151 5 16
178 130 8 16
178 128 13 16
178 204 15 16
178 154 17 16
178 208 18 16
178 211 19 16
178 194 20 16
428 383 1 16
428 463 3 16
428 396 11 16
428 426 12 16
428 391 13 16
428 408 14 16
428 457 15 16
428 447 20 16
701 717 2 16
701 665 6 16
701 675 14 16
701 747 16 16
245 200 1 17
245 255 1 17
245 257 4 17
245 269 6 17
245 256 7 17
245 258 8 17
245 263 9 17
245 204 14 17
245 288 16 17
245 208 17 17
245 211 18 17
383 396 10 17
383 426 11 17
383 391 12 17
383 408 13 17
756 717 1 17
756 747 15 17
6 9 3 18
6 38 3 18
6 23 4 18
6 51 4 18
6 7 12 18
6 11 14 18
6 26 14 18
6 3 15 18
6 26 15 18
6 0 17 18
6 1 17 18
6 31 19 18
13 9 3 18
13 38 3 18
13 23 4 18
13 51 4 18
13 7 12 18
13 11 14 18
13 26 14 18
13 3 15 18
13 26 15 18
13 58 15 18
13 0 17 18
13 1 17 18
13 57 17 18
13 31 19 18
92 73 3 18
92 51 4 18
92 88 4 18
92 68 5 18
92 125 6 18
92 130 6 18
92 100 7 18
92 124 9 18
92 127 9 18
92 118 11 18
92 128 11 18
92 108 12 18
92 58 15 18
92 68 15 18
92 97 16 18
92 57 17 18
92 63 17 18
200 151 3 18
200 204 13 18
200 154 15 18
200 208 16 18
200 211 17 18
200 194 18 18
255 257 3 18
255 269 5 18
255 256 6 18
255 258 7 18
255 263 8 18
255 288 15 18
255 208 16 18
255 304 16 18
255 211 17 18
717 675 12 18
717 747 14 18
463 491 3 19
463 426 9 19
463 457 12 19
463 447 17 19
463 490 19 19
9 23 1 21
9 51 1 21
9 7 9 21
9 11 11 21
9 26 11 21
9 3 12 21
9 26 12 21
9 58 12 21
9 0 14 21
9 1 14 21
9 57 14 21
9 31 16 21
9 26 18 21
9 50 18 21
38 23 1 21
38 51 1 21
38 68 2 21
38 7 9 21
38 11 11 21
38 26 11 21
38 3 12 21
38 26 12 21
38 58 12 21
38 68 12 21
38 0 14 21
38 1 14 21
38 57 14 21
38 63 14 21
38 31 16 21
38 26 18 21
38 50 18 21
38 72 18 21
73 23 1 21
73 51 1 21
73 88 1 21
73 68 2 21
73 100 4 21
73 118 8 21
73 108 9 21
73 26 11 21
73 26 12 21
73 58 12 21
73 68 12 21
73 97 13 21
73 57 14 21
73 63 14 21
73 31 16 21
73 26 18 21
73 50 18 21
73 72 18 21
151 125 3 21
151 130 3 21
151 124 6 21
151 127 6 21
151 118 8 21
151 128 8 21
151 108 9 21
151 154 12 21
151 194 15 21
151 137 18 21
151 164 20 21
257 269 2 21
257 256 3 21
257 258 4 21
257 263 5 21
257 288 12 21
257 208 13 21
257 304 13 21
257 211 14 21
257 297 20 21
23 68 1 22
23 7 8 22
23 11 10 22
23 26 10 22
23 3 11 22
23 26 11 22
23 58 11 22
23 68 11 22
23 0 13 22
23 1 13 22
23 57 13 22
23 63 13 22
23 31 15 22
23 26 17 22
23 50 17 22
23 72 17 22
51 68 1 22
51 100 3 22
51 7 8 22
51 11 10 22
51 26 10 22
51 3 11 22
51 26 11 22
51 58 11 22
51 68 11 22
51 97 12 22
51 1 13 22
51 57 13 22
51 63 13 22
51 31 15 22
51 26 17 22
51 50 17 22
51 72 17 22
88 68 1 22
88 125 2 22
88 130 2 22
88 100 3 22
88 124 5 22
88 127 5 22
88 118 7 22
88 128 7 22
88 108 8 22
88 58 11 22
88 68 11 22
88 97 12 22
88 57 13 22
88 63 13 22
88 50 17 22
88 72 17 22
88 137 17 22
491 457 9 22
491 533 11 22
491 525 12 22
491 447 14 22
491 490 16 22
491 536 18 22
491 519 19 22
665 675 8 22
665 638 16 22
665 642 20 22
68 100 2 23
68 108 7 23
68 26 9 23
68 26 10 23
68 58 10 23
68 68 10 23
68 97 11 23
68 57 12 23
68 63 12 23
68 31 14 23
68 26 16 23
68 50 16 23
68 72 16 23
269 256 1 23
269 258 2 23
269 263 3 23
269 288 10 23
269 304 11 23
269 297 18 23
543 565 1 23
543 541 2 23
543 544 3 23
543 562 4 23
543 550 5 23
543 533 10 23
543 525 11 23
543 589 12 23
543 575 13 23
543 574 14 23
543 573 16 23
543 536 17 23
543 519 18 23
543 523 20 23
125 100 1 24
125 124 3 24
125 127 3 24
125 118 5 24
125 128 5 24
125 108 6 24
125 154 9 24
125 97 10 24
125 137 15 24
125 164 17 24
130 100 1 24
130 124 3 24
130 127 3 24
130 118 5 24
130 128 5 24
130 108 6 24
130 154 9 24
130 97 10 24
130 137 15 24
130 164 17 24
256 258 1 24
256 263 2 24
256 288 9 24
256 208 10 24
256 304 10 24
256 211 11 24
256 297 17 24
565 541 1 24
565 544 2 24
565 562 3 24
565 550 4 24
565 533 9 24
565 525 10 24
565 589 11 24
565 575 12 24
565 574 13 24
565 573 15 24
565 536 16 24
565 519 17 24
565 523 19 24
100 124 2 25
100 127 2 25
100 118 4 25
100 128 4 25
100 108 5 25
100 58 8 25
100 68 8 25
100 97 9 25
100 57 10 25
100 63 10 25
100 50 14 25
100 72 14 25
100 137 14 25
258 263 1 25
258 288 8 25
258 208 9 25
258 304 9 25
258 211 10 25
258 297 16 25
541 544 1 25
541 562 2 25
541 550 3 25
541 533 8 25
541 525 9 25
541 589 10 25
541 575 11 25
541 574 12 25
541 573 14 25
541 536 15 25
541 519 16 25
541 523 18 25
263 288 7 26
263 304 8 26
263 297 15 26
544 562 1 26
544 550 2 26
544 533 7 26
544 525 8 26
544 589 9 26
544 575 10 26
544 574 11 26
544 573 13 26
544 536 14 26
544 519 15 26
544 523 17 26
544 580 20 26
124 118 2 27
124 128 2 27
124 108 3 27
124 154 6 27
124 97 7 27
124 137 12 27
124 164 14 27
124 168 20 27
127 118 2 27
127 128 2 27
127 108 3 27
127 154 6 27
127 97 7 27
127 137 12 27
127 164 14 27
127 168 20 27
396 426 1 27
396 391 2 27
396 408 3 27
562 550 1 27
562 533 6 27
562 525 7 27
562 589 8 27
562 575 9 27
562 574 10 27
562 573 12 27
562 536 13 27
562 519 14 27
562 523 16 27
562 602 18 27
562 580 19 27
426 391 1 28
426 408 2 28
426 457 3 28
426 447 8 28
550 533 5 28
550 525 6 28
550 589 7 28
550 575 8 28
550 574 9 28
550 573 11 28
550 536 12 28
550 519 13 28
550 523 15 28
550 580 18 28
550 511 19 28
118 108 1 29
118 68 4 29
118 154 4 29
118 97 5 29
118 72 10 29
118 137 10 29
118 164 12 29
118 68 18 29
118 68 20 29
118 157 20 29
128 108 1 29
128 154 4 29
128 97 5 29
128 137 10 29
128 164 12 29
128 168 18 29
128 157 20 29
391 408 1 29
7 11 2 30
7 26 2 30
7 3 3 30
7 26 3 30
7 0 5 30
7 1 5 30
7 31 7 30
7 26 9 30
7 50 9 30
7 55 17 30
7 45 19 30
108 58 3 30
108 68 3 30
108 154 3 30
108 97 4 30
108 63 5 30
108 72 9 30
108 137 9 30
108 68 17 30
108 68 19 30
108 157 19 30
408 457 1 30
408 447 6 30
675 638 8 30
675 642 12 30
675 718 14 30
675 626 18 30
675 720 20 30
204 154 2 31
204 208 3 31
204 211 4 31
204 194 5 31
204 164 10 31
204 168 16 31
204 157 18 31
204 208 19 31
457 447 5 31
457 490 7 31
457 501 18 31
11 3 1 32
11 26 1 32
11 58 1 32
11 0 3 32
11 1 3 32
11 57 3 32
11 31 5 32
11 26 7 32
11 50 7 32
11 55 15 32
11 45 17 32
26 3 1 32
26 26 1 32
26 58 1 32
26 68 1 32
26 0 3 32
26 1 3 32
26 57 3 32
26 63 3 32
26 31 5 32
26 26 7 32
26 50 7 32
26 72 7 32
26 55 15 32
26 68 15 32
26 45 17 32
26 68 17 32
747 718 12 32
747 720 18 32
3 0 2 33
3 1 2 33
3 31 4 33
3 26 6 33
3 50 6 33
3 45 16 33
26 0 2 33
26 1 2 33
26 57 2 33
26 63 2 33
26 31 4 33
26 26 6 33
26 50 6 33
26 72 6 33
26 55 14 33
26 68 14 33
26 45 16 33
26 68 16 33
58 97 1 33
58 57 2 33
58 63 2 33
58 31 4 33
58 26 6 33
58 50 6 33
58 72 6 33
58 55 14 33
58 68 14 33
58 45 16 33
58 68 16 33
68 97 1 33
68 57 2 33
68 63 2 33
68 31 4 33
68 26 6 33
68 50 6 33
68 72 6 33
68 55 14 33
68 68 14 33
68 45 16 33
68 68 16 33
154 194 3 33
154 137 6 33
154 164 8 33
154 168 14 33
154 157 16 33
154 119 20 33
154 128 20 33
288 304 1 33
288 328 6 33
288 297 8 33
288 292 14 33
288 318 17 33
288 265 20 33
533 525 1 33
533 575 3 33
533 574 4 33
533 490 5 33
533 573 6 33
533 536 7 33
533 519 8 33
533 523 10 33
533 580 13 33
533 511 14 33
533 501 16 33
533 513 16 33
533 558 20 33
97 57 1 34
97 63 1 34
97 50 5 34
97 72 5 34
97 137 5 34
97 55 13 34
97 68 13 34
97 68 15 34
97 119 19 34
97 128 19 34
208 211 1 34
208 194 2 34
208 164 7 34
208 168 13 34
208 208 16 34
304 328 5 34
304 297 7 34
304 339 10 34
304 292 13 34
304 318 16 34
304 265 19 34
525 574 3 34
525 490 4 34
525 573 5 34
525 536 6 34
525 519 7 34
525 523 9 34
525 511 13 34
525 501 15 34
525 513 15 34
525 558 19 34
0 31 2 35
0 26 4 35
0 45 14 35
1 31 2 35
1 26 4 35
1 50 4 35
1 45 14 35
57 31 2 35
57 26 4 35
57 50 4 35
57 72 4 35
57 55 12 35
57 68 12 35
57 45 14 35
57 68 14 35
57 99 20 35
63 31 2 35
63 26 4 35
63 50 4 35
63 72 4 35
63 55 12 35
63 68 12 35
63 45 14 35
63 68 14 35
63 99 20 35
211 194 1 35
211 164 6 35
211 168 12 35
211 208 15 35
211 260 20 35
589 575 1 35
589 574 2 35
589 638 3 35
589 573 4 35
589 602 10 35
589 580 11 35
589 626 13 35
589 599 16 35
589 587 17 35
589 558 18 35
589 556 20 35
194 164 5 36
194 168 11 36
194 157 13 36
194 208 14 36
194 243 20 36
447 490 2 36
575 574 1 36
575 573 3 36
575 536 4 36
575 602 9 36
575 580 10 36
575 599 15 36
575 587 16 36
575 558 17 36
575 556 19 36
575 552 20 36
31 26 2 37
31 50 2 37
31 72 2 37
31 55 10 37
31 68 10 37
31 45 12 37
31 68 12 37
574 573 2 37
574 536 3 37
574 602 8 37
574 580 9 37
574 599 14 37
574 587 15 37
574 558 16 37
574 556 18 37
574 552 19 37
490 536 2 38
490 519 3 38
490 523 5 38
490 511 9 38
490 501 11 38
490 513 11 38
638 642 4 38
638 602 7 38
638 626 10 38
638 599 13 38
26 55 8 39
26 68 8 39
26 45 10 39
26 68 10 39
50 55 8 39
50 68 8 39
50 45 10 39
50 68 10 39
50 99 16 39
50 98 17 39
72 55 8 39
72 68 8 39
72 45 10 39
72 68 10 39
72 119 14 39
72 99 16 39
72 98 17 39
137 164 2 39
137 168 8 39
137 157 10 39
137 119 14 39
137 128 14 39
137 99 16 39
137 141 16 39
137 98 17 39
328 297 2 39
328 339 5 39
328 292 8 39
328 318 11 39
573 536 1 39
573 523 4 39
573 602 6 39
573 580 7 39
573 599 12 39
573 587 13 39
573 558 14 39
573 556 16 39
573 552 17 39
536 519 1 40
536 523 3 40
536 580 6 40
536 511 7 40
536 501 9 40
536 513 9 40
536 558 13 40
536 556 15 40
536 552 16 40
164 168 6 41
164 157 8 41
164 208 9 41
164 119 12 41
164 128 12 41
164 141 14 41
297 339 3 41
297 292 6 41
297 318 9 41
297 265 12 41
297 260 14 41
297 261 15 41
519 523 2 41
519 511 6 41
519 501 8 41
519 513 8 41
519 558 12 41
519 556 14 41
519 552 15 41
642 602 3 42
642 626 6 42
642 599 9 42
642 689 12 42
523 511 4 43
523 501 6 43
523 513 6 43
523 558 10 43
523 556 12 43
523 552 13 43
339 292 3 44
339 318 6 44
718 720 6 44
718 689 10 44
602 580 1 45
602 626 3 45
602 599 6 45
602 587 7 45
602 558 8 45
602 556 10 45
602 552 11 45
580 626 2 46
580 599 5 46
580 587 6 46
580 558 7 46
580 556 9 46
580 552 10 46
55 45 2 47
55 68 2 47
55 99 8 47
55 98 9 47
68 45 2 47
68 68 2 47
68 99 8 47
68 98 9 47
168 157 2 47
168 208 3 47
168 119 6 47
168 128 6 47
168 141 8 47
292 318 3 47
292 265 6 47
292 260 8 47
292 243 9 47
292 261 9 47
511 501 2 47
511 513 2 47
511 558 6 47
511 556 8 47
511 552 9 47
626 599 3 48
626 587 4 48
68 99 6 49
68 98 7 49
157 119 4 49
157 128 4 49
157 141 6 49
513 558 4 49
513 556 6 49
513 552 7 49
208 243 6 50
720 689 4 50
599 587 1 51
599 558 2 51
599 556 4 51
599 552 5 51
587 558 1 52
587 556 3 52
587 552 4 52
119 99 2 53
119 141 2 53
119 98 3 53
128 99 2 53
128 141 2 53
128 98 3 53
265 260 2 53
265 243 3 53
265 261 3 53
558 556 2 53
558 552 3 53
99 98 1 55
141 98 1 55
260 243 1 55
260 261 1 55
556 552 1 55
