519 508 12 0
519 512 12 0
48 34 10 1
48 35 11 1
48 65 11 1
48 42 15 1
48 38 21 1
48 48 22 1
243 245 17 1
243 255 18 1
243 256 24 1
243 258 25 1
378 383 17 1
378 396 27 1
378 391 29 1
515 508 11 1
515 512 11 1
216 200 17 2
598 601 12 2
449 462 17 3
449 457 29 3
527 543 21 3
527 541 23 3
527 544 24 3
43 42 12 4
43 38 18 4
43 23 19 4
43 48 19 4
43 26 27 4
43 26 29 4
212 200 15 4
212 204 28 4
627 632 12 4
26 42 11 5
26 6 14 5
26 13 14 5
26 9 17 5
26 38 17 5
26 23 18 5
26 7 26 5
26 26 26 5
26 12 28 5
26 26 28 5
26 7 29 5
26 26 29 5
145 152 11 5
145 151 17 5
145 125 20 5
145 130 20 5
145 127 23 5
145 128 25 5
145 154 29 5
500 483 11 5
500 491 18 5
616 632 11 5
123 125 19 6
123 130 19 6
123 124 22 6
123 127 22 6
123 118 24 6
123 128 24 6
123 111 25 6
409 428 11 6
409 396 22 6
409 426 23 6
409 391 24 6
409 408 25 6
748 747 27 6
8 6 12 7
8 13 12 7
8 9 15 7
8 23 16 7
8 7 24 7
8 26 24 7
8 12 26 7
8 26 26 7
8 3 27 7
8 7 27 7
8 26 27 7
8 0 29 7
8 1 29 7
108 97 11 7
108 92 12 7
108 88 16 7
108 125 18 7
108 100 19 7
108 124 21 7
108 127 21 7
108 118 23 7
108 111 24 7
108 97 27 7
108 97 28 7
234 245 11 7
390 383 11 7
390 396 21 7
390 391 23 7
390 408 24 7
690 701 10 7
690 674 12 7
690 675 24 7
34 38 14 8
34 23 15 8
34 48 15 8
34 26 23 8
34 26 25 8
34 26 26 8
157 151 14 8
157 154 26 8
367 383 10 8
767 747 25 8
10 6 10 9
10 13 10 9
10 9 13 9
10 23 14 9
10 7 22 9
10 26 22 9
10 12 24 9
10 26 24 9
10 3 25 9
10 7 25 9
10 26 25 9
10 0 27 9
10 1 27 9
21 6 10 9
21 13 10 9
21 9 13 9
21 38 13 9
21 23 14 9
21 7 22 9
21 26 22 9
21 12 24 9
21 26 24 9
21 3 25 9
21 7 25 9
21 26 25 9
21 1 27 9
21 31 29 9
44 38 13 9
44 48 14 9
44 26 22 9
44 26 24 9
44 26 25 9
44 58 25 9
44 57 27 9
44 63 27 9
44 31 29 9
757 747 24 9
39 38 12 10
39 23 13 10
39 48 13 10
39 26 21 10
39 26 23 10
39 26 24 10
39 58 24 10
39 57 26 10
39 31 28 10
386 396 18 10
386 391 20 10
686 675 21 10
27 9 11 11
27 38 11 11
27 23 12 11
27 7 20 11
27 26 20 11
27 12 22 11
27 26 22 11
27 7 23 11
27 26 23 11
27 31 27 11
27 26 29 11
34 38 11 11
34 23 12 11
34 48 12 11
34 26 20 11
34 26 22 11
34 26 23 11
34 31 27 11
34 26 29 11
34 50 29 11
93 73 11 11
93 88 12 11
93 100 15 11
93 111 20 11
93 97 23 11
93 97 24 11
93 97 28 11
93 95 29 11
146 151 11 11
146 130 14 11
146 127 17 11
146 128 19 11
146 154 23 11
146 137 29 11
35 38 10 12
35 23 11 12
35 48 11 12
35 26 19 12
35 26 21 12
35 26 22 12
35 31 26 12
35 26 28 12
35 50 28 12
65 73 10 12
65 48 11 12
65 68 12 12
65 58 22 12
65 57 24 12
65 63 24 12
65 50 28 12
149 151 10 12
149 130 13 12
149 154 22 12
149 137 28 12
508 491 11 12
508 525 23 12
508 490 27 12
512 525 23 12
334 317 24 13
334 328 27 13
734 747 20 13
0 7 17 14
0 12 19 14
0 3 20 14
0 7 20 14
0 0 22 14
0 1 22 14
13 7 17 14
13 26 17 14
13 12 19 14
13 26 19 14
13 3 20 14
13 7 20 14
13 26 20 14
13 0 22 14
13 1 22 14
13 31 24 14
13 26 26 14
15 7 17 14
15 26 17 14
15 12 19 14
15 26 19 14
15 3 20 14
15 7 20 14
15 26 20 14
15 0 22 14
15 1 22 14
15 31 24 14
15 26 26 14
601 589 22 14
42 26 15 16
42 26 17 16
42 26 18 16
42 58 18 16
42 57 20 16
42 31 22 16
42 26 24 16
42 50 24 16
72 58 18 16
72 57 20 16
72 63 20 16
152 154 18 16
152 137 24 16
152 163 26 16
483 490 23 16
632 638 23 16
632 642 27 16
178 194 20 17
178 163 25 17
428 426 12 17
428 408 14 17
701 718 28 17
97 111 13 18
97 97 16 18
97 97 17 18
97 97 21 18
97 95 22 18
383 396 10 18
383 391 12 18
6 7 12 19
6 12 14 19
6 3 15 19
6 7 15 19
6 0 17 19
6 1 17 19
13 7 12 19
13 26 12 19
13 12 14 19
13 26 14 19
13 3 15 19
13 7 15 19
13 26 15 19
13 0 17 19
13 1 17 19
13 31 19 19
13 26 21 19
92 111 12 19
92 97 15 19
92 97 16 19
92 97 20 19
92 95 21 19
200 204 13 19
200 208 16 19
200 211 17 19
200 194 18 19
674 664 11 19
674 675 12 19
462 457 12 20
9 12 11 22
9 26 11 22
9 3 12 22
9 7 12 22
9 26 12 22
9 0 14 22
9 1 14 22
9 26 18 22
38 26 11 22
38 26 12 22
38 57 14 22
38 31 16 22
38 26 18 22
38 50 18 22
38 55 26 22
38 45 28 22
73 58 12 22
73 57 14 22
73 63 14 22
73 55 26 22
73 68 26 22
73 68 28 22
151 154 12 22
151 137 18 22
151 163 20 22
151 168 26 22
151 157 28 22
23 12 10 23
23 26 10 23
23 3 11 23
23 7 11 23
23 26 11 23
23 31 15 23
23 26 17 23
48 58 11 23
48 57 13 23
48 63 13 23
48 31 15 23
48 50 17 23
48 55 25 23
48 45 27 23
88 97 11 23
88 97 12 23
88 97 16 23
88 95 17 23
88 68 25 23
88 68 27 23
88 97 28 23
491 490 16 23
491 501 27 23
68 58 10 24
68 57 12 24
68 63 12 24
68 50 16 24
68 55 24 24
68 68 24 24
68 68 26 24
269 288 10 24
543 533 10 24
543 525 11 24
543 536 17 24
543 523 20 24
125 137 15 25
125 119 29 25
125 128 29 25
130 137 15 25
130 119 29 25
130 128 29 25
256 265 29 25
565 575 12 25
565 574 13 25
565 573 15 25
565 580 22 25
565 558 29 25
100 97 13 26
100 95 14 26
100 97 25 26
100 119 28 26
258 265 28 26
541 536 15 26
541 523 18 26
541 558 28 26
263 265 27 27
263 257 29 27
544 536 14 27
544 558 27 27
544 556 29 27
124 137 12 28
124 119 26 28
124 128 26 28
127 137 12 28
127 119 26 28
127 128 26 28
396 402 29 28
562 574 10 28
562 573 12 28
562 580 19 28
562 558 26 28
562 556 28 28
562 552 29 28
550 536 12 29
550 558 25 29
550 556 27 29
550 552 28 29
118 137 10 30
118 119 24 30
118 128 24 30
118 99 26 30
118 102 27 30
128 137 10 30
128 119 24 30
128 128 24 30
391 402 27 30
26 45 19 31
111 97 20 31
111 119 23 31
111 128 23 31
111 99 25 31
111 102 26 31
408 402 26 31
675 689 24 31
204 210 19 32
26 45 17 33
26 45 16 34
58 55 14 34
58 68 14 34
58 45 16 34
58 68 16 34
97 97 17 34
97 99 22 34
97 102 23 34
154 168 14 34
154 157 16 34
288 292 14 34
533 523 10 34
533 513 16 34
533 552 23 34
97 97 16 35
97 99 21 35
97 102 22 35
208 210 16 35
305 292 13 35
305 318 16 35
525 511 13 35
525 513 15 35
57 55 12 36
57 68 12 36
57 45 14 36
57 68 14 36
63 55 12 36
63 68 12 36
63 45 14 36
63 68 14 36
211 210 15 36
589 602 10 36
589 580 11 36
589 599 16 36
589 587 17 36
194 210 14 37
317 318 14 37
575 580 10 37
575 587 16 37
575 558 17 37
575 556 19 37
31 45 12 38
574 587 15 38
574 558 16 38
574 556 18 38
97 97 12 39
97 99 17 39
97 102 18 39
490 501 11 39
638 626 10 39
26 45 10 40
50 45 10 40
50 68 10 40
95 97 11 40
95 99 16 40
95 102 17 40
137 119 14 40
137 128 14 40
328 318 11 40
573 587 13 40
573 558 14 40
573 556 16 40
536 552 16 41
