75 66 11 1
75 69 12 1
75 78 18 1
75 77 24 1
34 44 14 2
34 28 20 2
34 39 20 2
72 66 10 2
72 69 11 2
72 78 17 2
72 77 23 2
194 175 11 2
295 288 14 2
295 291 17 2
295 285 18 2
295 314 22 2
295 292 25 2
611 615 12 2
611 596 17 2
611 617 18 2
611 620 24 2
507 519 24 3
507 522 25 3
507 523 26 3
507 492 28 3
511 519 24 3
511 522 25 3
511 523 26 3
511 492 28 3
40 44 12 4
40 28 18 4
40 39 18 4
40 29 28 4
40 34 28 4
77 78 15 4
77 77 21 4
170 170 11 4
170 171 12 4
170 156 13 4
170 159 14 4
170 167 16 4
170 156 18 4
170 168 20 4
170 166 22 4
170 156 24 4
170 155 26 4
170 156 27 4
506 519 23 4
506 522 24 4
506 523 25 4
506 492 27 4
295 288 11 5
295 291 14 5
295 285 15 5
295 314 19 5
295 292 22 5
295 283 27 5
295 283 28 5
519 531 10 5
519 535 13 5
519 538 20 5
519 519 22 5
519 522 23 5
519 523 24 5
72 78 13 6
72 77 19 6
294 288 10 6
294 291 13 6
294 285 14 6
294 292 21 6
294 283 26 6
294 283 27 6
518 535 12 6
518 519 21 6
518 522 22 6
518 523 23 6
78 78 12 7
78 77 18 7
155 156 10 7
155 159 11 7
155 167 13 7
155 156 15 7
155 168 17 7
155 166 19 7
155 156 21 7
155 155 23 7
155 156 24 7
155 139 25 7
155 143 26 7
489 492 24 7
74 78 11 8
74 77 17 8
518 535 10 8
518 519 19 8
518 522 20 8
518 523 21 8
67 78 10 9
67 77 16 9
455 441 25 9
536 539 14 9
536 538 16 9
536 519 18 9
536 522 19 9
536 523 20 9
536 549 25 9
69 77 15 10
760 764 20 11
66 77 13 12
508 519 15 12
508 522 16 12
508 523 17 12
508 492 19 12
69 77 12 13
175 168 11 13
175 166 13 13
175 156 15 13
175 155 17 13
175 156 18 13
455 441 21 13
548 539 10 13
548 538 12 13
548 558 17 13
548 549 21 13
459 441 20 14
615 620 12 14
170 166 11 15
170 156 13 15
170 155 15 15
170 156 16 15
266 283 17 15
266 283 18 15
531 538 10 15
531 519 12 15
531 522 13 15
531 523 14 15
531 549 19 15
44 29 16 16
44 34 16 16
44 31 18 16
171 166 10 16
171 156 12 16
171 155 14 16
171 156 15 16
288 292 11 16
288 283 16 16
288 283 17 16
641 638 29 16
156 156 11 17
156 155 13 17
156 156 14 17
156 139 15 17
156 143 16 17
545 558 13 17
545 549 17 17
545 526 29 17
159 156 10 18
159 155 12 18
159 156 13 18
159 139 14 18
159 143 15 18
535 522 10 18
535 523 11 18
535 549 16 18
535 526 28 18
78 74 29 19
291 283 13 19
291 283 14 19
291 279 27 19
596 582 13 19
596 588 16 19
167 155 10 20
167 156 11 20
167 179 29 20
285 283 12 20
285 283 13 20
285 279 26 20
28 29 10 22
28 34 10 22
28 31 12 22
28 19 23 22
28 42 24 22
28 20 26 22
28 33 26 22
28 23 27 22
28 32 27 22
39 29 10 22
39 34 10 22
39 31 12 22
39 19 23 22
39 42 24 22
39 20 26 22
39 33 26 22
39 23 27 22
39 32 27 22
156 139 10 22
156 143 11 22
156 137 26 22
156 155 29 22
320 329 25 23
539 549 11 23
539 526 23 23
539 521 26 23
7 19 21 24
7 0 22 24
7 20 24 24
7 6 25 24
7 7 25 24
7 23 25 24
107 98 11 24
168 179 25 24
168 155 27 24
168 168 29 24
314 329 24 24
650 638 21 24
77 74 23 25
77 77 24 25
77 75 25 25
77 76 29 25
330 329 23 25
330 341 25 25
538 526 21 25
538 521 24 25
538 518 28 25
538 557 29 25
166 179 23 26
166 155 25 26
166 168 27 26
166 172 29 26
620 638 19 26
292 279 19 27
292 285 24 27
519 526 19 27
519 521 22 27
519 514 23 27
519 513 25 27
519 518 26 27
156 137 20 28
156 155 23 28
156 168 25 28
156 172 27 28
156 175 28 28
522 526 18 28
522 521 21 28
522 514 22 28
522 513 24 28
522 518 25 28
522 540 29 28
403 406 29 29
523 526 17 29
523 521 20 29
523 514 21 29
523 513 23 29
523 518 24 29
523 540 28 29
155 137 18 30
155 155 21 30
155 168 23 30
155 172 25 30
155 160 28 30
417 406 28 30
558 569 21 30
558 557 24 30
558 540 27 30
156 137 17 31
156 155 20 31
156 168 22 31
156 172 24 31
156 175 25 31
156 160 27 31
492 483 16 31
492 492 22 31
492 510 29 31
29 19 13 32
29 42 14 32
29 20 16 32
29 33 16 32
29 23 17 32
29 32 17 32
29 24 26 32
29 28 27 32
29 34 27 32
29 40 29 32
34 19 13 32
34 42 14 32
34 20 16 32
34 33 16 32
34 23 17 32
34 32 17 32
34 53 22 32
34 24 26 32
34 28 27 32
34 34 27 32
34 40 29 32
139 137 16 32
139 155 19 32
283 279 14 32
283 263 17 32
283 285 19 32
582 569 19 32
582 566 29 32
143 137 15 33
143 155 18 33
143 160 25 33
283 279 13 33
283 263 16 33
283 285 18 33
571 569 18 33
571 557 21 33
571 566 28 33
571 569 29 33
31 19 11 34
31 42 12 34
31 20 14 34
31 33 14 34
31 23 15 34
31 32 15 34
31 24 24 34
31 28 25 34
31 34 25 34
31 40 27 34
31 34 28 34
132 137 14 34
441 459 18 34
441 454 22 34
441 458 28 34
549 557 20 34
549 540 23 34
549 529 26 34
549 566 27 34
588 569 16 35
588 569 27 35
19 24 13 45
19 28 14 45
19 34 14 45
19 34 17 45
42 24 12 46
42 28 13 46
42 34 13 46
42 40 15 46
42 34 16 46
526 540 11 46
526 515 13 46
526 510 14 46
526 529 14 46
20 24 10 48
20 28 11 48
20 34 11 48
20 34 14 48
33 24 10 48
33 28 11 48
33 34 11 48
33 40 13 48
33 34 14 48
74 72 10 48
74 68 12 48
74 70 13 48
74 76 14 48
329 337 11 48
23 28 10 49
23 34 10 49
23 40 12 49
23 34 13 49
32 28 10 49
32 34 10 49
32 40 12 49
32 34 13 49
77 68 11 49
77 70 12 49
77 76 13 49
263 251 10 49
521 515 10 49
521 510 11 49
521 529 11 49
75 68 10 50
75 70 11 50
75 76 12 50
514 510 10 50
514 529 10 50
569 566 10 51
569 569 11 51
459 458 10 52
