383 385 11 1
383 364 15 1
383 373 19 1
383 383 22 1
383 390 29 1
182 169 14 2
182 199 23 2
182 170 24 2
449 432 20 2
449 433 23 2
517 519 16 2
517 526 17 2
517 532 24 2
517 531 25 2
216 207 16 3
216 199 22 3
438 432 19 3
438 420 21 3
438 433 22 3
691 679 13 3
691 685 25 3
691 671 29 3
30 27 15 4
30 19 21 4
30 20 28 4
43 27 15 4
64 82 15 4
64 81 22 4
218 207 15 4
218 199 21 4
766 758 26 4
28 8 13 5
28 27 14 5
28 9 17 5
28 19 20 5
28 20 27 5
28 8 28 5
31 27 14 5
31 19 20 5
31 20 27 5
77 82 14 5
77 81 21 5
77 91 26 5
77 92 27 5
77 96 29 5
252 267 16 5
252 244 23 5
252 259 23 5
277 267 16 5
277 281 21 5
277 289 22 5
277 259 23 5
726 728 15 5
251 267 15 6
251 244 22 6
251 259 22 6
274 267 15 6
274 281 20 6
274 289 21 6
274 259 22 6
73 82 12 7
73 81 19 7
73 91 24 7
73 92 25 7
271 267 14 7
271 281 19 7
271 289 20 7
271 259 21 7
661 668 10 7
661 671 25 7
661 667 26 7
11 3 10 8
11 8 10 8
11 0 11 8
11 4 11 8
11 27 11 8
11 0 14 8
11 2 14 8
11 9 14 8
11 3 15 8
11 7 15 8
11 5 17 8
11 19 17 8
11 0 18 8
11 3 18 8
11 20 24 8
11 8 25 8
11 15 27 8
11 17 28 8
11 6 29 8
11 7 29 8
11 19 29 8
21 3 10 8
21 8 10 8
21 4 11 8
21 27 11 8
21 2 14 8
21 9 14 8
21 3 15 8
21 7 15 8
21 5 17 8
21 19 17 8
21 3 18 8
21 20 24 8
21 8 25 8
21 15 27 8
21 17 28 8
21 6 29 8
21 7 29 8
21 19 29 8
168 160 15 8
168 170 18 8
168 161 21 8
435 432 14 8
435 420 16 8
435 433 17 8
687 685 20 8
687 671 24 8
687 667 25 8
0 0 10 9
0 4 10 9
0 0 13 9
0 2 13 9
0 9 13 9
0 3 14 9
0 7 14 9
0 5 16 9
0 19 16 9
0 0 17 9
0 3 17 9
0 8 24 9
0 15 26 9
0 17 27 9
0 6 28 9
0 7 28 9
0 19 28 9
114 127 22 9
114 107 24 9
114 96 25 9
114 101 26 9
114 97 27 9
114 114 28 9
128 127 22 9
128 137 23 9
128 137 27 9
128 114 28 9
323 337 10 9
674 685 19 9
674 671 23 9
674 667 24 9
113 127 21 10
113 107 23 10
113 96 24 10
113 101 25 10
113 97 26 10
113 114 27 10
665 671 22 10
665 667 23 10
218 199 14 11
218 226 26 11
424 432 11 11
424 420 13 11
424 433 14 11
632 631 18 11
231 244 16 12
231 226 25 12
231 247 27 12
231 245 28 12
385 383 11 12
385 390 18 12
385 384 26 12
641 631 17 12
631 631 16 13
408 420 10 14
408 390 16 14
557 543 10 14
557 549 11 14
3 5 10 15
3 19 10 15
3 0 11 15
3 3 11 15
3 20 17 15
3 8 18 15
3 15 20 15
3 17 21 15
3 6 22 15
3 7 22 15
3 19 22 15
3 1 26 15
3 5 27 15
3 7 27 15
344 354 16 15
344 346 17 15
344 348 18 15
344 345 19 15
344 356 20 15
344 350 21 15
555 549 10 15
555 558 29 15
169 170 10 16
169 161 13 16
364 354 15 16
364 346 16 16
364 348 17 16
364 345 18 16
364 356 19 16
364 350 20 16
679 685 12 16
679 671 16 16
679 667 17 16
679 673 26 16
679 663 27 16
298 289 10 17
298 288 23 17
298 308 29 17
668 685 11 17
668 671 15 17
668 667 16 17
668 673 25 17
668 663 26 17
668 658 29 17
3 20 14 18
3 8 15 18
3 15 17 18
3 17 18 18
3 6 19 18
3 7 19 18
3 19 19 18
3 1 23 18
3 5 24 18
3 7 24 18
8 20 14 18
8 8 15 18
8 15 17 18
8 17 18 18
8 6 19 18
8 7 19 18
8 19 19 18
8 1 23 18
8 5 24 18
8 7 24 18
359 354 13 18
359 346 14 18
359 348 15 18
359 345 16 18
359 356 17 18
359 350 18 18
519 519 18 18
519 518 19 18
519 514 22 18
519 511 23 18
0 8 14 19
0 15 16 19
0 17 17 19
0 6 18 19
0 7 18 19
0 19 18 19
0 1 22 19
0 5 23 19
0 7 23 19
4 20 13 19
4 8 14 19
4 15 16 19
4 17 17 19
4 6 18 19
4 7 18 19
4 19 18 19
4 1 22 19
4 5 23 19
4 7 23 19
27 20 13 19
27 8 14 19
27 15 16 19
27 17 17 19
27 7 18 19
27 19 18 19
27 36 20 19
27 39 21 19
27 7 23 19
82 91 12 19
82 92 13 19
82 96 15 19
82 101 16 19
82 97 17 19
82 71 19 19
82 78 20 19
82 85 22 19
82 82 23 19
82 93 28 19
207 226 18 19
207 193 19 19
337 354 12 19
337 346 13 19
337 348 14 19
337 345 15 19
337 356 16 19
337 350 17 19
526 519 17 19
526 518 18 19
526 514 21 19
526 511 22 19
373 390 10 20
373 354 11 20
373 356 15 20
373 384 18 20
728 741 19 20
267 258 16 21
267 247 18 21
267 255 18 21
267 275 26 21
0 8 11 22
0 15 13 22
0 17 14 22
0 6 15 22
0 7 15 22
0 19 15 22
0 1 19 22
0 5 20 22
0 7 20 22
2 20 10 22
2 8 11 22
2 15 13 22
2 17 14 22
2 6 15 22
2 7 15 22
2 19 15 22
2 1 19 22
2 5 20 22
2 7 20 22
9 20 10 22
9 8 11 22
9 15 13 22
9 17 14 22
9 6 15 22
9 7 15 22
9 19 15 22
9 1 19 22
9 5 20 22
9 7 20 22
432 423 22 22
571 558 22 22
571 568 26 22
3 8 10 23
3 15 12 23
3 17 13 23
3 6 14 23
3 7 14 23
3 19 14 23
3 1 18 23
3 5 19 23
3 7 19 23
7 8 10 23
7 15 12 23
7 17 13 23
7 6 14 23
7 7 14 23
7 19 14 23
7 1 18 23
7 5 19 23
7 7 19 23
160 148 28 23
383 384 15 23
383 378 29 23
569 558 21 23
569 568 25 23
420 423 20 24
420 408 21 24
543 558 20 24
543 546 27 24
543 529 29 24
5 15 10 25
5 17 11 25
5 6 12 25
5 7 12 25
5 19 12 25
5 1 16 25
5 5 17 25
5 7 17 25
19 15 10 25
19 17 11 25
19 6 12 25
19 7 12 25
19 19 12 25
19 36 14 25
19 1 16 25
19 5 17 25
19 7 17 25
19 30 25 25
19 33 25 25
19 32 26 25
199 193 13 25
199 201 27 25
433 423 19 25
549 558 19 25
549 568 23 25
549 546 26 25
549 529 28 25
0 17 10 26
0 6 11 26
0 7 11 26
0 19 11 26
0 1 15 26
0 5 16 26
0 7 16 26
3 17 10 26
3 6 11 26
3 7 11 26
3 19 11 26
3 1 15 26
3 5 16 26
3 7 16 26
81 97 10 26
81 71 12 26
81 78 13 26
81 85 15 26
81 82 16 26
81 93 21 26
81 70 24 26
81 69 25 26
81 66 28 26
81 63 29 26
281 288 14 26
281 275 21 26
281 273 29 26
532 519 10 26
532 518 11 26
532 514 14 26
532 546 25 26
532 516 26 26
532 529 27 26
289 288 13 27
289 308 19 27
289 275 20 27
289 273 28 27
531 518 10 27
531 514 13 27
531 511 14 27
531 546 24 27
531 516 25 27
531 529 26 27
244 247 11 28
244 255 11 28
244 245 12 28
244 241 25 28
244 225 26 28
244 256 26 28
244 233 27 28
259 247 11 28
259 255 11 28
259 245 12 28
259 275 19 28
259 241 25 28
259 256 26 28
259 273 27 28
685 673 14 28
685 688 29 28
161 148 22 29
390 408 15 30
390 378 22 30
390 383 27 30
758 762 15 30
758 753 17 30
758 760 19 30
91 85 10 31
91 82 11 31
91 93 16 31
91 109 25 31
91 103 29 31
127 134 13 31
127 132 14 31
127 112 15 31
127 129 15 31
127 109 25 31
127 137 27 31
354 368 22 31
354 363 25 31
597 599 23 31
20 5 10 32
20 7 10 32
20 30 18 32
20 33 18 32
20 32 19 32
20 7 25 32
20 7 26 32
20 30 26 32
20 39 26 32
20 36 27 32
20 36 28 32
92 82 10 32
92 93 15 32
92 109 24 32
92 103 28 32
137 134 12 32
137 132 13 32
137 129 14 32
137 148 19 32
137 137 26 32
137 147 27 32
346 363 24 32
671 673 10 32
671 663 11 32
671 658 14 32
671 688 25 32
671 664 28 32
8 7 24 33
8 7 25 33
107 112 13 33
107 93 14 33
107 109 23 33
107 103 27 33
348 363 23 33
667 663 10 33
667 658 13 33
667 664 27 33
96 112 12 34
96 93 13 34
96 109 22 34
96 103 26 34
345 363 22 34
15 30 15 35
15 33 15 35
15 32 16 35
15 7 22 35
15 7 23 35
15 30 23 35
101 112 11 35
101 93 12 35
101 109 21 35
101 103 25 35
356 368 18 35
356 363 21 35
17 30 14 36
17 33 14 36
17 32 15 36
17 7 21 36
17 7 22 36
17 30 22 36
17 36 23 36
17 36 24 36
97 112 10 36
97 93 11 36
97 109 20 36
97 103 24 36
137 129 10 36
137 148 15 36
137 137 22 36
137 147 23 36
350 368 17 36
350 363 20 36
519 516 16 36
519 529 17 36
6 7 20 37
6 7 21 37
7 7 20 37
7 7 21 37
19 30 13 37
19 33 13 37
19 32 14 37
19 7 20 37
19 7 21 37
19 30 21 37
19 36 22 37
19 36 23 37
114 109 19 37
114 103 23 37
226 241 16 37
226 225 17 37
226 233 18 37
226 219 23 37
258 275 10 37
258 241 16 37
258 256 17 37
258 273 18 37
518 516 15 37
518 529 16 37
71 70 12 38
71 69 13 38
71 66 16 38
71 63 17 38
193 201 14 38
384 378 14 38
384 368 15 38
384 383 19 38
36 30 11 39
36 33 11 39
36 32 12 39
36 30 19 39
36 39 19 39
36 36 20 39
36 36 21 39
78 70 11 39
78 69 12 39
78 66 15 39
78 63 16 39
247 241 14 39
247 256 15 39
247 233 16 39
255 241 14 39
255 256 15 39
255 273 16 39
741 760 10 39
39 30 10 40
39 33 10 40
39 32 11 40
39 30 18 40
39 39 18 40
39 36 19 40
39 36 20 40
245 241 13 40
245 225 14 40
245 256 14 40
245 233 15 40
288 273 15 40
514 516 12 40
514 529 13 40
1 7 16 41
1 7 17 41
85 69 10 41
85 66 13 41
85 103 19 41
470 474 10 41
470 478 19 41
511 516 11 41
511 529 12 41
5 7 15 42
5 7 16 42
7 7 15 42
7 7 16 42
82 66 12 42
82 63 13 42
498 516 10 42
498 478 18 42
673 688 15 42
673 664 18 42
663 664 17 43
134 137 14 44
134 147 15 44
558 553 11 44
558 570 12 44
558 569 14 44
132 137 13 45
132 147 14 45
112 109 10 46
112 103 14 46
129 109 10 46
129 137 12 46
129 147 13 46
308 324 13 46
658 664 14 46
93 103 13 47
568 569 10 48
30 36 10 50
33 36 10 50
