63 82 1 0
63 44 9 0
63 63 9 0
63 62 10 0
63 71 10 0
63 55 11 0
63 81 16 0
63 63 19 0
63 66 29 0
63 53 38 0
63 81 41 0
63 77 42 0
63 81 43 0
63 78 49 0
63 43 50 0
63 65 52 0
63 59 55 0
63 64 64 0
63 53 66 0
63 65 66 0
63 81 67 0
274 260 7 0
274 256 8 0
274 258 11 0
274 265 13 0
274 265 14 0
274 278 15 0
274 254 42 0
274 285 42 0
274 271 43 0
274 268 51 0
274 255 64 0
274 290 66 0
274 264 67 0
540 543 8 0
540 546 10 0
540 552 11 0
540 549 17 0
540 555 52 0
82 63 8 1
82 62 9 1
82 71 9 1
82 99 10 1
82 81 15 1
82 84 16 1
82 63 18 1
82 66 28 1
82 90 31 1
82 84 36 1
82 81 40 1
82 77 41 1
82 81 42 1
82 78 48 1
82 65 51 1
82 98 52 1
82 88 54 1
82 64 63 1
82 65 65 1
82 81 66 1
363 354 31 1
363 363 49 1
363 369 70 1
340 354 30 2
340 332 50 2
340 323 53 2
340 330 63 2
340 324 70 2
2 9 7 3
2 0 17 3
2 1 17 3
2 6 26 3
2 13 26 3
2 15 26 3
2 8 33 3
2 6 34 3
2 7 34 3
2 3 46 3
2 7 46 3
2 0 49 3
2 2 57 3
2 11 61 3
2 15 61 3
2 8 62 3
2 1 69 3
666 654 1 3
654 636 5 4
592 592 7 5
592 588 10 5
592 577 11 5
592 573 14 5
592 605 26 5
592 608 27 5
592 572 36 5
592 586 38 5
592 594 44 5
592 594 55 5
592 608 59 5
592 584 61 5
146 129 4 6
146 129 13 6
146 128 14 6
146 151 23 6
146 136 43 6
146 133 44 6
146 127 46 6
146 139 58 6
430 415 3 6
430 438 12 6
430 418 13 6
430 431 16 6
430 432 30 6
430 427 31 6
430 435 32 6
430 433 43 6
430 438 50 6
568 552 5 6
568 577 10 6
568 549 11 6
568 571 12 6
568 573 13 6
568 563 14 6
568 563 16 6
568 572 35 6
568 586 37 6
568 555 46 6
568 584 60 6
260 256 1 7
260 258 4 7
260 265 6 7
260 265 7 7
260 278 8 7
260 253 25 7
260 245 30 7
260 254 35 7
260 245 36 7
260 271 36 7
260 268 44 7
260 245 46 7
260 244 47 7
260 255 57 7
260 253 60 7
260 264 60 7
256 258 3 8
256 265 5 8
256 265 6 8
256 253 24 8
256 245 29 8
256 254 34 8
256 245 35 8
256 271 35 8
256 268 43 8
256 245 45 8
256 244 46 8
256 255 56 8
256 253 59 8
256 264 59 8
543 546 2 8
543 552 3 8
543 549 9 8
543 555 44 8
543 539 64 8
26 9 1 9
26 31 9 9
26 41 11 9
26 6 20 9
26 13 20 9
26 15 20 9
26 37 20 9
26 8 27 9
26 6 28 9
26 7 28 9
26 28 33 9
26 31 33 9
26 7 40 9
26 23 40 9
26 34 40 9
26 22 41 9
26 43 41 9
26 24 43 9
26 32 43 9
26 25 44 9
26 11 55 9
26 15 55 9
26 42 55 9
26 8 56 9
26 25 63 9
44 62 1 9
44 55 2 9
44 31 9 9
44 63 10 9
44 41 11 9
44 37 20 9
44 53 29 9
44 28 33 9
44 31 33 9
44 34 40 9
44 43 41 9
44 24 43 9
44 32 43 9
44 25 44 9
44 59 46 9
44 42 55 9
44 53 57 9
44 25 63 9
63 62 1 9
63 71 1 9
63 55 2 9
63 81 7 9
63 63 10 9
63 66 20 9
63 53 29 9
63 81 32 9
63 77 33 9
63 81 34 9
63 78 40 9
63 43 41 9
63 65 43 9
63 59 46 9
63 64 55 9
63 53 57 9
63 65 57 9
63 81 58 9
200 186 42 9
415 418 10 9
415 431 13 9
415 432 27 9
415 427 28 9
415 433 40 9
9 0 10 10
9 1 10 10
9 6 19 10
9 13 19 10
9 15 19 10
9 8 26 10
9 6 27 10
9 7 27 10
9 28 32 10
9 3 39 10
9 7 39 10
9 23 39 10
9 22 40 10
9 0 42 10
9 24 42 10
9 25 43 10
9 2 50 10
9 11 54 10
9 15 54 10
9 8 55 10
9 1 62 10
9 25 62 10
62 55 1 10
62 81 6 10
62 63 9 10
62 66 19 10
62 53 28 10
62 81 31 10
62 77 32 10
62 81 33 10
62 78 39 10
62 43 40 10
62 65 42 10
62 59 45 10
62 42 54 10
62 64 54 10
62 53 56 10
62 65 56 10
62 81 57 10
71 55 1 10
71 81 6 10
71 84 7 10
71 63 9 10
71 66 19 10
71 90 22 10
71 84 27 10
71 53 28 10
71 81 31 10
71 77 32 10
71 81 33 10
71 78 39 10
71 65 42 10
71 59 45 10
71 88 45 10
71 64 54 10
71 53 56 10
71 65 56 10
71 81 57 10
129 120 8 10
129 129 9 10
129 111 10 10
129 128 10 10
129 114 26 10
129 136 39 10
129 133 40 10
129 118 41 10
129 127 42 10
129 139 54 10
546 552 1 10
546 549 7 10
546 563 10 10
546 563 12 10
546 555 42 10
546 539 62 10
55 63 8 11
55 41 9 11
55 37 18 11
55 66 18 11
55 53 27 11
55 43 39 11
55 65 41 11
55 59 44 11
55 42 53 11
55 64 53 11
55 53 55 11
55 65 55 11
99 81 5 11
99 84 6 11
99 111 9 11
99 90 21 11
99 114 25 11
99 84 26 11
99 81 30 11
99 81 32 11
99 118 40 11
99 98 42 11
99 88 44 11
99 81 56 11
174 170 37 11
174 186 40 11
258 265 2 11
258 265 3 11
258 253 21 11
258 245 26 11
258 254 31 11
258 245 32 11
258 271 32 11
258 268 40 11
258 245 42 11
258 244 43 11
258 255 53 11
258 253 56 11
258 264 56 11
552 549 6 11
552 571 7 11
552 563 9 11
552 563 11 11
552 555 41 11
552 539 61 11
592 588 3 12
592 577 4 12
592 573 7 12
592 605 19 12
592 608 20 12
592 572 29 12
592 586 31 12
592 594 37 12
592 594 48 12
592 608 52 12
592 584 54 12
265 265 1 13
265 278 2 13
265 253 19 13
265 245 24 13
265 254 29 13
265 245 30 13
265 271 30 13
265 268 38 13
265 245 40 13
265 255 51 13
265 253 54 13
265 264 54 13
265 278 1 14
265 253 18 14
265 245 23 14
265 254 28 14
265 245 29 14
265 271 29 14
265 268 37 14
265 245 39 14
265 255 50 14
265 253 53 14
265 264 53 14
278 296 26 15
278 285 27 15
278 271 28 15
278 268 36 15
278 290 51 15
278 264 52 15
588 577 1 15
588 571 3 15
588 573 4 15
588 605 16 15
588 572 26 15
588 586 28 15
588 594 34 15
588 594 45 15
588 584 51 15
81 84 1 16
81 63 3 16
81 66 13 16
81 90 16 16
81 84 21 16
81 81 25 16
81 77 26 16
81 81 27 16
81 78 33 16
81 65 36 16
81 98 37 16
81 88 39 16
81 64 48 16
81 65 50 16
81 81 51 16
577 571 2 16
577 573 3 16
577 563 4 16
577 563 6 16
577 572 25 16
577 586 27 16
577 594 33 16
577 594 44 16
577 584 50 16
84 66 12 17
84 90 15 17
84 84 20 17
84 81 24 17
84 77 25 17
84 81 26 17
84 78 32 17
84 65 35 17
84 98 36 17
84 88 38 17
84 64 47 17
84 65 49 17
84 81 50 17
549 563 3 17
549 563 5 17
549 555 35 17
549 539 55 17
31 41 2 18
31 13 11 18
31 15 11 18
31 37 11 18
31 28 24 18
31 31 24 18
31 23 31 18
31 34 31 18
31 22 32 18
31 43 32 18
31 24 34 18
31 32 34 18
31 25 35 18
31 11 46 18
31 15 46 18
31 42 46 18
31 25 54 18
120 129 1 18
120 111 2 18
120 128 2 18
120 114 18 18
120 136 31 18
120 133 32 18
120 118 33 18
120 127 34 18
120 139 46 18
438 418 1 18
438 431 4 18
438 432 18 18
438 427 19 18
438 435 20 18
438 433 31 18
438 438 38 18
571 573 1 18
571 563 2 18
571 563 4 18
571 572 23 18
571 586 25 18
571 555 34 18
571 584 48 18
63 66 10 19
63 53 19 19
63 81 22 19
63 77 23 19
63 81 24 19
63 78 30 19
63 43 31 19
63 65 33 19
63 59 36 19
63 64 45 19
63 53 47 19
63 65 47 19
63 81 48 19
129 111 1 19
129 128 1 19
129 114 17 19
129 136 30 19
129 133 31 19
129 118 32 19
129 127 33 19
129 139 45 19
418 431 3 19
418 432 17 19
418 427 18 19
418 435 19 19
418 433 30 19
573 563 1 19
573 563 3 19
573 572 22 19
573 586 24 19
573 555 33 19
573 584 47 19
0 6 9 20
0 13 9 20
0 15 9 20
0 8 16 20
0 6 17 20
0 7 17 20
0 3 29 20
0 7 29 20
0 0 32 20
0 2 40 20
0 11 44 20
0 15 44 20
0 8 45 20
0 1 52 20
1 6 9 20
1 13 9 20
1 15 9 20
1 8 16 20
1 6 17 20
1 7 17 20
1 3 29 20
1 7 29 20
1 0 32 20
1 2 40 20
1 11 44 20
1 15 44 20
1 8 45 20
1 1 52 20
41 37 9 20
41 53 18 20
41 28 22 20
41 31 22 20
41 23 29 20
41 34 29 20
41 22 30 20
41 43 30 20
41 24 32 20
41 32 32 20
41 25 33 20
41 59 35 20
41 42 44 20
41 53 46 20
41 25 52 20
111 114 16 20
111 118 31 20
111 127 32 20
111 98 33 20
128 114 16 20
128 136 29 20
128 133 30 20
128 118 31 20
128 127 32 20
128 139 44 20
563 563 2 20
563 572 21 20
563 555 32 20
431 432 14 22
431 427 15 22
431 435 16 22
431 433 27 22
431 438 34 22
563 572 19 22
563 555 30 22
6 8 7 29
6 6 8 29
6 7 8 29
6 3 20 29
6 7 20 29
6 23 20 29
6 22 21 29
6 0 23 29
6 24 23 29
6 25 24 29
6 2 31 29
6 11 35 29
6 15 35 29
6 8 36 29
6 1 43 29
6 25 43 29
13 8 7 29
13 6 8 29
13 7 8 29
13 28 13 29
13 31 13 29
13 3 20 29
13 7 20 29
13 23 20 29
13 22 21 29
13 0 23 29
13 24 23 29
13 32 23 29
13 25 24 29
13 2 31 29
13 11 35 29
13 15 35 29
13 8 36 29
13 1 43 29
13 25 43 29
15 8 7 29
15 6 8 29
15 7 8 29
15 28 13 29
15 31 13 29
15 3 20 29
15 7 20 29
15 23 20 29
15 34 20 29
15 22 21 29
15 0 23 29
15 24 23 29
15 32 23 29
15 25 24 29
15 2 31 29
15 11 35 29
15 15 35 29
15 8 36 29
15 1 43 29
15 25 43 29
37 53 9 29
37 28 13 29
37 31 13 29
37 23 20 29
37 34 20 29
37 22 21 29
37 43 21 29
37 24 23 29
37 32 23 29
37 25 24 29
37 42 35 29
37 53 37 29
37 25 43 29
66 84 8 29
66 53 9 29
66 81 12 29
66 77 13 29
66 81 14 29
66 78 20 29
66 65 23 29
66 59 26 29
66 64 35 29
66 53 37 29
66 65 37 29
66 81 38 29
151 170 19 29
151 136 20 29
151 133 21 29
151 139 35 29
308 296 12 29
308 318 24 29
308 323 26 29
308 290 37 29
308 324 43 29
605 608 1 31
605 586 12 31
605 594 18 31
605 594 29 31
605 608 33 31
90 84 5 32
90 81 9 32
90 77 10 32
90 81 11 32
90 78 17 32
90 98 21 32
90 88 23 32
90 81 35 32
253 245 5 32
253 254 10 32
253 245 11 32
253 271 11 32
253 268 19 32
253 245 21 32
253 244 22 32
253 255 32 32
253 253 35 32
253 264 35 32
354 363 18 32
354 369 39 32
608 594 17 32
608 594 28 32
608 608 32 32
8 6 1 36
8 7 1 36
8 3 13 36
8 7 13 36
8 23 13 36
8 22 14 36
8 0 16 36
8 24 16 36
8 25 17 36
8 2 24 36
8 11 28 36
8 15 28 36
8 8 29 36
8 1 36 36
8 25 36 36
114 133 14 36
114 118 15 36
114 127 16 36
114 98 17 36
221 226 30 36
432 427 1 36
432 435 2 36
432 433 13 36
432 438 20 36
744 741 1 36
744 734 2 36
744 737 3 36
744 734 6 36
744 725 15 36
744 755 17 36
744 735 26 36
744 724 27 36
744 736 29 36
744 759 35 36
6 3 12 37
6 7 12 37
6 23 12 37
6 22 13 37
6 0 15 37
6 24 15 37
6 25 16 37
6 2 23 37
6 11 27 37
6 15 27 37
6 8 28 37
6 1 35 37
6 25 35 37
7 3 12 37
7 7 12 37
7 23 12 37
7 22 13 37
7 0 15 37
7 24 15 37
7 25 16 37
7 2 23 37
7 11 27 37
7 15 27 37
7 8 28 37
7 1 35 37
7 25 35 37
84 81 4 37
84 77 5 37
84 81 6 37
84 78 12 37
84 65 15 37
84 98 16 37
84 88 18 37
84 64 27 37
84 65 29 37
84 81 30 37
245 254 5 37
245 245 6 37
245 245 16 37
245 244 17 37
245 255 27 37
245 226 29 37
245 253 30 37
245 264 30 37
427 435 1 37
427 433 12 37
427 438 19 37
741 734 1 37
741 737 2 37
741 734 5 37
741 723 11 37
741 725 14 37
741 755 16 37
741 735 25 37
741 724 26 37
741 736 28 37
741 759 34 37
53 34 11 38
53 43 12 38
53 65 14 38
53 59 17 38
53 42 26 38
53 64 26 38
53 53 28 38
53 65 28 38
435 433 11 38
435 438 18 38
734 737 1 38
734 734 4 38
734 723 10 38
734 725 13 38
734 735 24 38
734 724 25 38
734 736 27 38
737 734 3 39
737 723 9 39
737 725 12 39
737 755 14 39
737 735 23 39
737 724 24 39
737 736 26 39
81 77 1 41
81 81 2 41
81 78 8 41
81 65 11 41
81 98 12 41
81 88 14 41
81 64 23 41
81 65 25 41
81 81 26 41
296 285 1 41
296 290 25 41
572 586 2 41
572 555 11 41
572 584 25 41
28 23 7 42
28 34 7 42
28 22 8 42
28 43 8 42
28 24 10 42
28 32 10 42
28 25 11 42
28 11 22 42
28 15 22 42
28 42 22 42
28 8 23 42
28 25 30 42
31 23 7 42
31 34 7 42
31 22 8 42
31 43 8 42
31 24 10 42
31 32 10 42
31 25 11 42
31 11 22 42
31 15 22 42
31 42 22 42
31 25 30 42
77 81 1 42
77 78 7 42
77 65 10 42
77 59 13 42
77 88 13 42
77 64 22 42
77 65 24 42
77 81 25 42
254 245 1 42
254 271 1 42
254 268 9 42
254 245 11 42
254 244 12 42
254 255 22 42
254 253 25 42
254 264 25 42
285 271 1 42
285 268 9 42
285 290 24 42
734 723 6 42
734 725 9 42
734 735 20 42
734 724 21 42
734 736 23 42
81 78 6 43
81 65 9 43
81 98 10 43
81 88 12 43
81 64 21 43
81 65 23 43
81 81 24 43
245 245 10 43
245 244 11 43
245 255 21 43
245 226 23 43
245 253 24 43
245 264 24 43
271 268 8 43
271 255 21 43
271 290 23 43
271 253 24 43
271 264 24 43
586 594 6 43
586 594 17 43
586 584 23 43
170 186 3 48
723 725 3 48
723 735 14 48
723 724 15 48
723 736 17 48
3 22 1 49
3 0 3 49
3 2 11 49
3 11 15 49
3 15 15 49
3 8 16 49
3 1 23 49
7 22 1 49
7 0 3 49
7 24 3 49
7 25 4 49
7 2 11 49
7 11 15 49
7 15 15 49
7 8 16 49
7 1 23 49
7 25 23 49
23 22 1 49
23 24 3 49
23 32 3 49
23 25 4 49
23 11 15 49
23 15 15 49
23 42 15 49
23 8 16 49
23 25 23 49
34 22 1 49
34 43 1 49
34 24 3 49
34 32 3 49
34 25 4 49
34 15 15 49
34 42 15 49
34 53 17 49
34 25 23 49
78 65 3 49
78 59 6 49
78 88 6 49
78 64 15 49
78 65 17 49
78 81 18 49
136 133 1 49
136 118 2 49
136 127 3 49
136 139 15 49
433 438 7 49
594 594 11 49
594 608 15 49
594 584 17 49
22 24 2 50
22 32 2 50
22 25 3 50
22 2 10 50
22 11 14 50
22 15 14 50
22 8 15 50
22 25 22 50
43 24 2 50
43 32 2 50
43 25 3 50
43 59 5 50
43 42 14 50
43 53 16 50
43 25 22 50
133 118 1 50
133 127 2 50
133 139 14 50
363 369 21 50
118 127 1 51
118 98 2 51
268 255 13 51
268 253 16 51
268 264 16 51
725 735 11 51
725 724 12 51
725 736 14 51
0 2 8 52
0 11 12 52
0 15 12 52
0 8 13 52
0 1 20 52
24 25 1 52
24 11 12 52
24 15 12 52
24 42 12 52
24 8 13 52
24 25 20 52
32 25 1 52
32 15 12 52
32 42 12 52
32 25 20 52
65 59 3 52
65 64 12 52
65 53 14 52
65 65 14 52
65 81 15 52
127 139 12 52
332 318 1 52
332 323 3 52
332 330 13 52
332 324 20 52
555 539 20 52
25 11 11 53
25 15 11 53
25 42 11 53
25 8 12 53
25 25 19 53
98 88 2 53
98 81 14 53
245 244 1 53
245 255 11 53
245 226 13 53
245 253 14 53
245 264 14 53
318 323 2 53
318 330 12 53
318 324 19 53
755 735 9 53
755 736 12 53
755 759 18 53
244 255 10 54
244 226 12 54
244 253 13 54
59 42 9 55
59 64 9 55
59 53 11 55
59 65 11 55
88 81 12 55
323 330 10 55
323 324 17 55
2 11 4 60
2 15 4 60
2 8 5 60
2 1 12 60
594 608 4 60
594 584 6 60
735 724 1 62
735 736 3 62
724 736 2 63
11 8 1 64
11 1 8 64
11 25 8 64
15 8 1 64
15 1 8 64
15 25 8 64
42 53 2 64
42 25 8 64
64 53 2 64
64 65 2 64
64 81 3 64
255 253 3 64
255 264 3 64
8 1 7 65
8 25 7 65
330 324 7 65
65 81 1 66
