152 163 8 0
152 143 22 0
317 297 9 0
763 763 1 0
763 762 3 0
763 764 5 0
763 763 6 0
763 763 7 0
763 763 9 0
763 747 19 0
763 747 20 0
763 747 21 0
763 753 32 0
763 752 34 0
763 745 35 0
763 746 37 0
763 747 38 0
763 748 39 0
763 746 40 0
763 746 41 0
763 746 43 0
763 745 44 0
763 746 45 0
244 244 8 1
244 227 42 1
244 256 49 1
485 492 2 1
485 500 3 1
485 495 10 1
763 762 2 1
763 764 4 1
763 763 5 1
763 763 6 1
763 763 8 1
763 747 18 1
763 747 19 1
763 747 20 1
763 753 31 1
763 752 33 1
763 745 34 1
763 746 36 1
763 747 37 1
763 748 38 1
763 746 39 1
763 746 40 1
763 746 42 1
763 745 43 1
763 746 44 1
50 50 6 2
50 60 8 2
50 56 9 2
50 59 17 2
50 63 17 2
50 37 20 2
50 36 21 2
50 49 23 2
50 53 24 2
50 53 25 2
50 49 26 2
50 53 28 2
50 54 29 2
50 53 30 2
50 49 31 2
50 51 32 2
50 49 33 2
50 38 40 2
397 413 6 2
397 383 10 2
397 414 20 2
397 408 40 2
397 408 42 2
397 409 44 2
691 674 8 2
691 678 10 2
691 690 11 2
691 688 13 2
691 686 14 2
691 674 23 2
691 675 44 2
492 500 1 3
492 495 8 3
492 511 47 3
762 764 2 3
762 763 3 3
762 763 4 3
762 763 6 3
762 747 16 3
762 747 17 3
762 747 18 3
762 753 29 3
762 752 31 3
762 745 32 3
762 746 34 3
762 747 35 3
762 748 36 3
762 746 37 3
762 746 38 3
762 746 40 3
762 745 41 3
762 746 42 3
762 764 49 3
762 746 50 3
500 495 7 4
500 511 46 4
764 763 1 5
764 763 2 5
764 763 4 5
764 747 14 5
764 747 15 5
764 747 16 5
764 753 27 5
764 752 29 5
764 745 30 5
764 746 32 5
764 747 33 5
764 748 34 5
764 746 35 5
764 746 36 5
764 746 38 5
764 745 39 5
764 746 40 5
764 764 47 5
764 746 48 5
764 763 49 5
435 429 1 6
435 431 11 6
435 438 23 6
435 439 24 6
435 432 25 6
435 447 26 6
435 447 27 6
435 448 28 6
435 431 29 6
435 427 30 6
435 427 31 6
435 420 34 6
435 419 35 6
435 417 37 6
435 438 39 6
435 430 50 6
763 763 1 6
763 763 3 6
763 747 13 6
763 747 14 6
763 747 15 6
763 753 26 6
763 752 28 6
763 745 29 6
763 746 31 6
763 747 32 6
763 748 33 6
763 746 34 6
763 746 35 6
763 746 37 6
763 745 38 6
763 746 39 6
763 764 46 6
763 746 47 6
763 763 48 6
429 413 1 7
429 431 10 7
429 414 15 7
429 438 22 7
429 439 23 7
429 432 24 7
429 447 25 7
429 447 26 7
429 448 27 7
429 431 28 7
429 427 29 7
429 427 30 7
429 420 33 7
429 419 34 7
429 417 36 7
429 438 38 7
429 409 39 7
429 430 49 7
429 430 50 7
763 763 2 7
763 747 12 7
763 747 13 7
763 747 14 7
763 753 25 7
763 752 27 7
763 745 28 7
763 746 30 7
763 747 31 7
763 748 32 7
763 746 33 7
763 746 34 7
763 746 36 7
763 745 37 7
763 746 38 7
763 764 45 7
763 746 46 7
763 763 47 7
0 8 4 8
0 0 6 8
0 6 6 8
0 7 6 8
0 0 7 8
0 1 7 8
0 5 7 8
0 9 7 8
0 0 8 8
0 1 8 8
0 4 8 8
0 8 8 8
0 1 9 8
0 5 9 8
0 10 9 8
0 16 9 8
0 1 10 8
0 0 11 8
0 6 11 8
0 7 11 8
0 0 14 8
0 10 14 8
0 9 15 8
0 8 21 8
0 0 22 8
0 1 22 8
0 9 22 8
0 17 22 8
0 12 23 8
0 15 23 8
0 1 25 8
0 1 26 8
0 3 26 8
0 8 26 8
0 3 27 8
0 12 27 8
0 16 27 8
0 1 28 8
0 9 28 8
0 1 29 8
0 3 29 8
0 8 29 8
0 8 30 8
0 8 31 8
0 14 32 8
0 3 34 8
0 11 34 8
0 6 50 8
0 7 50 8
50 60 2 8
50 56 3 8
50 59 11 8
50 63 11 8
50 37 14 8
50 36 15 8
50 49 17 8
50 53 18 8
50 53 19 8
50 49 20 8
50 53 22 8
50 54 23 8
50 53 24 8
50 49 25 8
50 51 26 8
50 49 27 8
50 38 34 8
50 62 49 8
107 105 43 8
107 111 44 8
163 143 14 8
163 143 43 8
163 163 44 8
413 431 9 8
413 414 14 8
413 432 23 8
413 431 27 8
413 427 28 8
413 427 29 8
413 420 32 8
413 419 33 8
413 408 34 8
413 417 35 8
413 408 36 8
413 409 38 8
413 430 48 8
413 430 49 8
244 227 34 9
244 256 41 9
763 747 10 9
763 747 11 9
763 747 12 9
763 753 23 9
763 752 25 9
763 745 26 9
763 746 28 9
763 747 29 9
763 748 30 9
763 746 31 9
763 746 32 9
763 746 34 9
763 745 35 9
763 746 36 9
763 764 43 9
763 746 44 9
763 763 45 9
60 56 1 10
60 59 9 10
60 63 9 10
60 49 15 10
60 53 16 10
60 53 17 10
60 49 18 10
60 53 20 10
60 54 21 10
60 53 22 10
60 49 23 10
60 51 24 10
60 49 25 10
60 73 32 10
60 62 47 10
60 71 47 10
372 383 2 10
372 371 3 10
372 373 8 10
372 355 17 10
372 373 18 10
674 667 1 10
674 678 2 10
674 690 3 10
674 688 5 10
674 686 6 10
674 674 15 10
674 654 17 10
674 675 36 10
56 59 8 11
56 63 8 11
56 37 11 11
56 36 12 11
56 49 14 11
56 53 15 11
56 53 16 11
56 49 17 11
56 53 19 11
56 54 20 11
56 53 21 11
56 49 22 11
56 51 23 11
56 49 24 11
56 38 31 11
56 73 31 11
56 62 46 11
56 71 46 11
495 511 39 11
667 678 1 11
667 686 5 11
667 674 14 11
667 654 16 11
667 653 17 11
667 653 19 11
667 675 35 11
8 0 2 12
8 6 2 12
8 7 2 12
8 0 3 12
8 1 3 12
8 5 3 12
8 9 3 12
8 0 4 12
8 1 4 12
8 4 4 12
8 8 4 12
8 1 5 12
8 5 5 12
8 10 5 12
8 16 5 12
8 1 6 12
8 0 7 12
8 6 7 12
8 7 7 12
8 0 10 12
8 10 10 12
8 9 11 12
8 8 17 12
8 0 18 12
8 1 18 12
8 9 18 12
8 17 18 12
8 12 19 12
8 15 19 12
8 1 21 12
8 1 22 12
8 3 22 12
8 8 22 12
8 3 23 12
8 12 23 12
8 16 23 12
8 1 24 12
8 9 24 12
8 1 25 12
8 3 25 12
8 8 25 12
8 8 26 12
8 8 27 12
8 14 28 12
8 3 30 12
8 11 30 12
8 6 46 12
8 7 46 12
383 371 1 12
383 373 6 12
383 373 16 12
383 389 50 12
678 690 1 12
678 688 3 12
678 686 4 12
678 674 13 12
678 675 34 12
678 693 50 12
28 9 2 13
28 8 3 13
28 10 4 13
28 16 4 13
28 28 6 13
28 10 9 13
28 28 9 13
28 37 9 13
28 9 10 13
28 36 10 13
28 8 16 13
28 9 17 13
28 17 17 13
28 12 18 13
28 15 18 13
28 8 21 13
28 12 22 13
28 16 22 13
28 9 23 13
28 8 24 13
28 8 25 13
28 8 26 13
28 14 27 13
28 11 29 13
28 28 29 13
28 38 29 13
371 373 5 13
371 355 14 13
371 373 15 13
371 353 48 13
371 389 49 13
690 688 2 13
690 686 3 13
690 674 12 13
690 675 33 13
690 693 49 13
0 0 1 14
0 1 1 14
0 5 1 14
0 9 1 14
0 0 2 14
0 1 2 14
0 4 2 14
0 8 2 14
0 1 3 14
0 5 3 14
0 10 3 14
0 16 3 14
0 1 4 14
0 0 5 14
0 6 5 14
0 7 5 14
0 0 8 14
0 10 8 14
0 9 9 14
0 8 15 14
0 0 16 14
0 1 16 14
0 9 16 14
0 17 16 14
0 12 17 14
0 15 17 14
0 1 19 14
0 1 20 14
0 3 20 14
0 8 20 14
0 3 21 14
0 12 21 14
0 16 21 14
0 1 22 14
0 9 22 14
0 1 23 14
0 3 23 14
0 8 23 14
0 8 24 14
0 8 25 14
0 14 26 14
0 3 28 14
0 11 28 14
0 6 44 14
0 7 44 14
0 7 49 14
0 6 50 14
6 0 1 14
6 1 1 14
6 5 1 14
6 9 1 14
6 0 2 14
6 1 2 14
6 4 2 14
6 8 2 14
6 1 3 14
6 5 3 14
6 10 3 14
6 16 3 14
6 1 4 14
6 0 5 14
6 6 5 14
6 7 5 14
6 0 8 14
6 10 8 14
6 9 9 14
6 8 15 14
6 0 16 14
6 1 16 14
6 9 16 14
6 17 16 14
6 12 17 14
6 15 17 14
6 1 19 14
6 1 20 14
6 3 20 14
6 8 20 14
6 3 21 14
6 12 21 14
6 16 21 14
6 1 22 14
6 9 22 14
6 1 23 14
6 3 23 14
6 8 23 14
6 8 24 14
6 8 25 14
6 14 26 14
6 3 28 14
6 11 28 14
6 6 44 14
6 7 44 14
6 7 49 14
6 6 50 14
7 0 1 14
7 1 1 14
7 5 1 14
7 9 1 14
7 0 2 14
7 1 2 14
7 4 2 14
7 8 2 14
7 1 3 14
7 5 3 14
7 10 3 14
7 16 3 14
7 1 4 14
7 0 5 14
7 6 5 14
7 7 5 14
7 0 8 14
7 10 8 14
7 9 9 14
7 8 15 14
7 0 16 14
7 1 16 14
7 9 16 14
7 17 16 14
7 12 17 14
7 15 17 14
7 1 19 14
7 1 20 14
7 3 20 14
7 8 20 14
7 3 21 14
7 12 21 14
7 16 21 14
7 1 22 14
7 9 22 14
7 1 23 14
7 3 23 14
7 8 23 14
7 8 24 14
7 8 25 14
7 14 26 14
7 3 28 14
7 11 28 14
7 6 44 14
7 7 44 14
7 7 49 14
7 6 50 14
0 0 1 15
0 1 1 15
0 4 1 15
0 8 1 15
0 1 2 15
0 5 2 15
0 10 2 15
0 16 2 15
0 1 3 15
0 0 4 15
0 6 4 15
0 7 4 15
0 0 7 15
0 10 7 15
0 9 8 15
0 8 14 15
0 0 15 15
0 1 15 15
0 9 15 15
0 17 15 15
0 12 16 15
0 15 16 15
0 1 18 15
0 1 19 15
0 3 19 15
0 8 19 15
0 3 20 15
0 12 20 15
0 16 20 15
0 1 21 15
0 9 21 15
0 1 22 15
0 3 22 15
0 8 22 15
0 8 23 15
0 8 24 15
0 14 25 15
0 3 27 15
0 11 27 15
0 6 43 15
0 7 43 15
0 7 48 15
0 6 49 15
1 0 1 15
1 1 1 15
1 4 1 15
1 8 1 15
1 1 2 15
1 5 2 15
1 10 2 15
1 16 2 15
1 1 3 15
1 0 4 15
1 6 4 15
1 7 4 15
1 0 7 15
1 10 7 15
1 9 8 15
1 8 14 15
1 0 15 15
1 1 15 15
1 9 15 15
1 17 15 15
1 12 16 15
1 15 16 15
1 1 18 15
1 1 19 15
1 3 19 15
1 8 19 15
1 3 20 15
1 12 20 15
1 16 20 15
1 1 21 15
1 9 21 15
1 1 22 15
1 3 22 15
1 8 22 15
1 8 23 15
1 8 24 15
1 14 25 15
1 3 27 15
1 11 27 15
1 6 43 15
1 7 43 15
1 7 48 15
1 6 49 15
5 0 1 15
5 1 1 15
5 4 1 15
5 8 1 15
5 1 2 15
5 5 2 15
5 10 2 15
5 16 2 15
5 1 3 15
5 0 4 15
5 6 4 15
5 7 4 15
5 0 7 15
5 10 7 15
5 9 8 15
5 8 14 15
5 0 15 15
5 1 15 15
5 9 15 15
5 17 15 15
5 12 16 15
5 15 16 15
5 1 18 15
5 1 19 15
5 3 19 15
5 8 19 15
5 3 20 15
5 12 20 15
5 16 20 15
5 1 21 15
5 9 21 15
5 1 22 15
5 3 22 15
5 8 22 15
5 8 23 15
5 8 24 15
5 14 25 15
5 3 27 15
5 11 27 15
5 6 43 15
5 7 43 15
5 7 48 15
5 6 49 15
9 0 1 15
9 1 1 15
9 4 1 15
9 8 1 15
9 1 2 15
9 5 2 15
9 10 2 15
9 16 2 15
9 1 3 15
9 0 4 15
9 6 4 15
9 7 4 15
9 28 4 15
9 0 7 15
9 10 7 15
9 28 7 15
9 9 8 15
9 8 14 15
9 0 15 15
9 1 15 15
9 9 15 15
9 17 15 15
9 12 16 15
9 15 16 15
9 1 18 15
9 1 19 15
9 3 19 15
9 8 19 15
9 3 20 15
9 12 20 15
9 16 20 15
9 1 21 15
9 9 21 15
9 1 22 15
9 3 22 15
9 8 22 15
9 8 23 15
9 8 24 15
9 14 25 15
9 3 27 15
9 11 27 15
9 28 27 15
9 6 43 15
9 7 43 15
9 7 48 15
9 6 49 15
688 686 1 15
688 674 10 15
688 675 31 15
688 693 47 15
0 1 1 16
0 5 1 16
0 10 1 16
0 16 1 16
0 1 2 16
0 0 3 16
0 6 3 16
0 7 3 16
0 0 6 16
0 10 6 16
0 9 7 16
0 8 13 16
0 0 14 16
0 1 14 16
0 9 14 16
0 17 14 16
0 12 15 16
0 15 15 16
0 1 17 16
0 1 18 16
0 3 18 16
0 8 18 16
0 3 19 16
0 12 19 16
0 16 19 16
0 1 20 16
0 9 20 16
0 1 21 16
0 3 21 16
0 8 21 16
0 8 22 16
0 8 23 16
0 14 24 16
0 3 26 16
0 11 26 16
0 6 42 16
0 7 42 16
0 7 47 16
0 6 48 16
1 1 1 16
1 5 1 16
1 10 1 16
1 16 1 16
1 1 2 16
1 0 3 16
1 6 3 16
1 7 3 16
1 0 6 16
1 10 6 16
1 9 7 16
1 8 13 16
1 0 14 16
1 1 14 16
1 9 14 16
1 17 14 16
1 12 15 16
1 15 15 16
1 1 17 16
1 1 18 16
1 3 18 16
1 8 18 16
1 3 19 16
1 12 19 16
1 16 19 16
1 1 20 16
1 9 20 16
1 1 21 16
1 3 21 16
1 8 21 16
1 8 22 16
1 8 23 16
1 14 24 16
1 3 26 16
1 11 26 16
1 6 42 16
1 7 42 16
1 7 47 16
1 6 48 16
4 1 1 16
4 5 1 16
4 10 1 16
4 16 1 16
4 1 2 16
4 0 3 16
4 6 3 16
4 7 3 16
4 0 6 16
4 10 6 16
4 9 7 16
4 8 13 16
4 0 14 16
4 1 14 16
4 9 14 16
4 17 14 16
4 12 15 16
4 15 15 16
4 1 17 16
4 1 18 16
4 3 18 16
4 8 18 16
4 3 19 16
4 12 19 16
4 16 19 16
4 1 20 16
4 9 20 16
4 1 21 16
4 3 21 16
4 8 21 16
4 8 22 16
4 8 23 16
4 14 24 16
4 3 26 16
4 11 26 16
4 6 42 16
4 7 42 16
4 7 47 16
4 6 48 16
8 1 1 16
8 5 1 16
8 10 1 16
8 16 1 16
8 1 2 16
8 0 3 16
8 6 3 16
8 7 3 16
8 0 6 16
8 10 6 16
8 9 7 16
8 8 13 16
8 0 14 16
8 1 14 16
8 9 14 16
8 17 14 16
8 12 15 16
8 15 15 16
8 1 17 16
8 1 18 16
8 3 18 16
8 8 18 16
8 3 19 16
8 12 19 16
8 16 19 16
8 1 20 16
8 9 20 16
8 1 21 16
8 3 21 16
8 8 21 16
8 8 22 16
8 8 23 16
8 14 24 16
8 3 26 16
8 11 26 16
8 6 42 16
8 7 42 16
8 7 47 16
8 6 48 16
686 674 9 16
686 675 30 16
686 693 46 16
1 1 1 17
1 0 2 17
1 6 2 17
1 7 2 17
1 0 5 17
1 10 5 17
1 9 6 17
1 8 12 17
1 0 13 17
1 1 13 17
1 9 13 17
1 17 13 17
1 12 14 17
1 15 14 17
1 1 16 17
1 1 17 17
1 3 17 17
1 8 17 17
1 3 18 17
1 12 18 17
1 16 18 17
1 1 19 17
1 9 19 17
1 1 20 17
1 3 20 17
1 8 20 17
1 8 21 17
1 8 22 17
1 14 23 17
1 3 25 17
1 11 25 17
1 6 41 17
1 7 41 17
1 7 46 17
1 6 47 17
1 12 50 17
1 15 50 17
5 1 1 17
5 0 2 17
5 6 2 17
5 7 2 17
5 0 5 17
5 10 5 17
5 9 6 17
5 8 12 17
5 0 13 17
5 1 13 17
5 9 13 17
5 17 13 17
5 12 14 17
5 15 14 17
5 1 16 17
5 1 17 17
5 3 17 17
5 8 17 17
5 3 18 17
5 12 18 17
5 16 18 17
5 1 19 17
5 9 19 17
5 1 20 17
5 3 20 17
5 8 20 17
5 8 21 17
5 8 22 17
5 14 23 17
5 3 25 17
5 11 25 17
5 6 41 17
5 7 41 17
5 7 46 17
5 6 47 17
5 12 50 17
5 15 50 17
10 1 1 17
10 0 2 17
10 6 2 17
10 7 2 17
10 28 2 17
10 0 5 17
10 10 5 17
10 28 5 17
10 9 6 17
10 8 12 17
10 0 13 17
10 1 13 17
10 9 13 17
10 17 13 17
10 12 14 17
10 15 14 17
10 1 16 17
10 1 17 17
10 3 17 17
10 8 17 17
10 3 18 17
10 12 18 17
10 16 18 17
10 1 19 17
10 9 19 17
10 1 20 17
10 3 20 17
10 8 20 17
10 8 21 17
10 8 22 17
10 14 23 17
10 3 25 17
10 11 25 17
10 28 25 17
10 6 41 17
10 7 41 17
10 7 46 17
10 6 47 17
10 12 50 17
10 15 50 17
16 1 1 17
16 0 2 17
16 6 2 17
16 7 2 17
16 28 2 17
16 0 5 17
16 10 5 17
16 28 5 17
16 9 6 17
16 8 12 17
16 0 13 17
16 1 13 17
16 9 13 17
16 17 13 17
16 12 14 17
16 15 14 17
16 1 16 17
16 1 17 17
16 3 17 17
16 8 17 17
16 3 18 17
16 12 18 17
16 16 18 17
16 1 19 17
16 9 19 17
16 1 20 17
16 3 20 17
16 8 20 17
16 8 21 17
16 8 22 17
16 14 23 17
16 3 25 17
16 11 25 17
16 28 25 17
16 6 41 17
16 7 41 17
16 7 46 17
16 6 47 17
16 12 50 17
16 15 50 17
431 414 5 17
431 438 12 17
431 439 13 17
431 432 14 17
431 447 15 17
431 447 16 17
431 448 17 17
431 431 18 17
431 427 19 17
431 427 20 17
431 420 23 17
431 419 24 17
431 417 26 17
431 438 28 17
431 430 39 17
431 430 40 17
431 430 42 17
431 429 46 17
431 430 47 17
431 432 49 17
431 430 50 17
720 719 1 17
720 734 6 17
720 735 7 17
720 734 9 17
720 733 12 17
720 733 14 17
720 713 31 17
720 712 32 17
720 731 38 17
720 720 39 17
720 720 40 17
720 716 41 17
720 721 42 17
1 0 1 18
1 6 1 18
1 7 1 18
1 0 4 18
1 10 4 18
1 9 5 18
1 8 11 18
1 0 12 18
1 1 12 18
1 9 12 18
1 17 12 18
1 12 13 18
1 15 13 18
1 1 15 18
1 1 16 18
1 3 16 18
1 8 16 18
1 3 17 18
1 12 17 18
1 16 17 18
1 1 18 18
1 9 18 18
1 1 19 18
1 3 19 18
1 8 19 18
1 8 20 18
1 8 21 18
1 14 22 18
1 3 24 18
1 11 24 18
1 6 40 18
1 7 40 18
1 7 45 18
1 6 46 18
1 12 49 18
1 15 49 18
373 355 9 18
373 373 10 18
373 353 43 18
373 389 44 18
719 734 5 18
719 735 6 18
719 734 8 18
719 733 11 18
719 733 13 18
719 713 30 18
719 712 31 18
719 731 37 18
719 720 38 18
719 720 39 18
719 716 40 18
719 721 41 18
0 0 3 19
0 10 3 19
0 9 4 19
0 8 10 19
0 0 11 19
0 1 11 19
0 9 11 19
0 17 11 19
0 12 12 19
0 15 12 19
0 1 14 19
0 1 15 19
0 3 15 19
0 8 15 19
0 3 16 19
0 12 16 19
0 16 16 19
0 1 17 19
0 9 17 19
0 1 18 19
0 3 18 19
0 8 18 19
0 8 19 19
0 8 20 19
0 14 21 19
0 3 23 19
0 11 23 19
0 6 39 19
0 7 39 19
0 7 44 19
0 6 45 19
0 12 48 19
0 15 48 19
6 0 3 19
6 10 3 19
6 9 4 19
6 8 10 19
6 0 11 19
6 1 11 19
6 9 11 19
6 17 11 19
6 12 12 19
6 15 12 19
6 1 14 19
6 1 15 19
6 3 15 19
6 8 15 19
6 3 16 19
6 12 16 19
6 16 16 19
6 1 17 19
6 9 17 19
6 1 18 19
6 3 18 19
6 8 18 19
6 8 19 19
6 8 20 19
6 14 21 19
6 3 23 19
6 11 23 19
6 6 39 19
6 7 39 19
6 7 44 19
6 6 45 19
6 12 48 19
6 15 48 19
7 0 3 19
7 10 3 19
7 9 4 19
7 8 10 19
7 0 11 19
7 1 11 19
7 9 11 19
7 17 11 19
7 12 12 19
7 15 12 19
7 1 14 19
7 1 15 19
7 3 15 19
7 8 15 19
7 3 16 19
7 12 16 19
7 16 16 19
7 1 17 19
7 9 17 19
7 1 18 19
7 3 18 19
7 8 18 19
7 8 19 19
7 8 20 19
7 14 21 19
7 3 23 19
7 11 23 19
7 6 39 19
7 7 39 19
7 7 44 19
7 6 45 19
7 12 48 19
7 15 48 19
28 10 3 19
28 28 3 19
28 37 3 19
28 9 4 19
28 36 4 19
28 8 10 19
28 9 11 19
28 17 11 19
28 12 12 19
28 15 12 19
28 8 15 19
28 12 16 19
28 16 16 19
28 9 17 19
28 8 18 19
28 8 19 19
28 8 20 19
28 14 21 19
28 11 23 19
28 28 23 19
28 38 23 19
28 12 48 19
28 15 48 19
28 28 49 19
59 49 6 19
59 53 7 19
59 53 8 19
59 49 9 19
59 53 11 19
59 54 12 19
59 53 13 19
59 49 14 19
59 51 15 19
59 49 16 19
59 73 23 19
59 62 38 19
59 71 38 19
59 54 47 19
59 55 48 19
63 49 6 19
63 53 7 19
63 53 8 19
63 49 9 19
63 53 11 19
63 54 12 19
63 53 13 19
63 49 14 19
63 51 15 19
63 49 16 19
63 73 23 19
63 62 38 19
63 71 38 19
63 54 47 19
63 55 48 19
342 355 8 19
342 334 39 19
342 353 42 19
747 747 1 19
747 747 2 19
747 734 4 19
747 735 5 19
747 734 7 19
747 733 10 19
747 733 12 19
747 753 13 19
747 752 15 19
747 745 16 19
747 746 18 19
747 747 19 19
747 748 20 19
747 746 21 19
747 746 22 19
747 746 24 19
747 745 25 19
747 746 26 19
747 764 33 19
747 746 34 19
747 763 35 19
747 731 36 19
747 765 46 19
747 747 1 20
747 734 3 20
747 735 4 20
747 734 6 20
747 733 9 20
747 733 11 20
747 753 12 20
747 752 14 20
747 745 15 20
747 746 17 20
747 747 18 20
747 748 19 20
747 746 20 20
747 746 21 20
747 746 23 20
747 745 24 20
747 746 25 20
747 764 32 20
747 746 33 20
747 763 34 20
747 731 35 20
747 765 45 20
747 734 2 21
747 735 3 21
747 734 5 21
747 733 8 21
747 733 10 21
747 753 11 21
747 752 13 21
747 745 14 21
747 746 16 21
747 747 17 21
747 748 18 21
747 746 19 21
747 746 20 21
747 746 22 21
747 745 23 21
747 746 24 21
747 764 31 21
747 746 32 21
747 763 33 21
747 731 34 21
747 765 44 21
0 9 1 22
0 8 7 22
0 0 8 22
0 1 8 22
0 9 8 22
0 17 8 22
0 12 9 22
0 15 9 22
0 1 11 22
0 1 12 22
0 3 12 22
0 8 12 22
0 3 13 22
0 12 13 22
0 16 13 22
0 1 14 22
0 9 14 22
0 1 15 22
0 3 15 22
0 8 15 22
0 8 16 22
0 8 17 22
0 14 18 22
0 3 20 22
0 11 20 22
0 6 36 22
0 7 36 22
0 7 41 22
0 6 42 22
0 12 45 22
0 15 45 22
0 18 50 22
10 9 1 22
10 8 7 22
10 0 8 22
10 1 8 22
10 9 8 22
10 17 8 22
10 12 9 22
10 15 9 22
10 1 11 22
10 1 12 22
10 3 12 22
10 8 12 22
10 3 13 22
10 12 13 22
10 16 13 22
10 1 14 22
10 9 14 22
10 1 15 22
10 3 15 22
10 8 15 22
10 8 16 22
10 8 17 22
10 14 18 22
10 3 20 22
10 11 20 22
10 28 20 22
10 6 36 22
10 7 36 22
10 7 41 22
10 6 42 22
10 12 45 22
10 15 45 22
10 28 46 22
10 18 50 22
28 9 1 22
28 36 1 22
28 8 7 22
28 9 8 22
28 17 8 22
28 12 9 22
28 15 9 22
28 8 12 22
28 12 13 22
28 16 13 22
28 9 14 22
28 8 15 22
28 8 16 22
28 8 17 22
28 14 18 22
28 11 20 22
28 28 20 22
28 38 20 22
28 12 45 22
28 15 45 22
28 28 46 22
28 18 50 22
37 36 1 22
37 49 3 22
37 53 4 22
37 53 5 22
37 49 6 22
37 17 8 22
37 53 8 22
37 54 9 22
37 53 10 22
37 49 11 22
37 51 12 22
37 49 13 22
37 28 20 22
37 38 20 22
37 54 44 22
37 55 45 22
37 28 46 22
37 56 48 22
37 49 49 22
37 18 50 22
37 55 50 22
143 127 20 22
143 143 29 22
414 432 9 22
414 431 13 22
414 427 14 22
414 427 15 22
414 420 18 22
414 419 19 22
414 408 20 22
414 417 21 22
414 408 22 22
414 409 24 22
414 430 34 22
414 430 35 22
414 430 37 22
414 429 41 22
414 430 42 22
414 432 44 22
414 430 45 22
414 430 50 22
629 635 14 22
629 623 20 22
629 646 29 22
629 619 45 22
629 615 46 22
9 8 6 23
9 0 7 23
9 1 7 23
9 9 7 23
9 17 7 23
9 12 8 23
9 15 8 23
9 1 10 23
9 1 11 23
9 3 11 23
9 8 11 23
9 3 12 23
9 12 12 23
9 16 12 23
9 1 13 23
9 9 13 23
9 1 14 23
9 3 14 23
9 8 14 23
9 8 15 23
9 8 16 23
9 14 17 23
9 3 19 23
9 11 19 23
9 28 19 23
9 6 35 23
9 7 35 23
9 7 40 23
9 6 41 23
9 12 44 23
9 15 44 23
9 28 45 23
9 18 49 23
36 49 2 23
36 53 3 23
36 53 4 23
36 49 5 23
36 17 7 23
36 53 7 23
36 54 8 23
36 53 9 23
36 49 10 23
36 51 11 23
36 16 12 23
36 49 12 23
36 28 19 23
36 38 19 23
36 54 43 23
36 55 44 23
36 28 45 23
36 49 48 23
36 18 49 23
36 55 49 23
734 735 1 23
734 734 3 23
734 733 6 23
734 733 8 23
734 753 9 23
734 752 11 23
734 745 12 23
734 746 14 23
734 747 15 23
734 748 16 23
734 746 17 23
734 746 18 23
734 746 20 23
734 745 21 23
734 746 22 23
734 746 30 23
734 731 32 23
734 720 33 23
734 720 34 23
734 716 35 23
734 721 36 23
734 733 49 23
734 732 50 23
735 734 2 24
735 733 5 24
735 733 7 24
735 753 8 24
735 752 10 24
735 745 11 24
735 746 13 24
735 747 14 24
735 748 15 24
735 746 16 24
735 746 17 24
735 746 19 24
735 745 20 24
735 746 21 24
735 746 29 24
735 731 31 24
735 720 32 24
735 720 33 24
735 716 34 24
735 721 35 24
735 733 48 24
735 732 49 24
49 53 1 25
49 53 2 25
49 49 3 25
49 53 5 25
49 54 6 25
49 53 7 25
49 49 8 25
49 51 9 25
49 49 10 25
49 38 17 25
49 62 32 25
49 54 41 25
49 55 42 25
49 56 45 25
49 63 45 25
49 49 46 25
49 55 47 25
674 654 2 25
674 675 21 25
674 693 37 25
53 53 1 26
53 49 2 26
53 53 4 26
53 54 5 26
53 53 6 26
53 49 7 26
53 51 8 26
53 49 9 26
53 38 16 26
53 62 31 26
53 71 31 26
53 54 40 26
53 55 41 26
53 56 44 26
53 63 44 26
53 49 45 26
53 55 46 26
734 733 3 26
734 733 5 26
734 753 6 26
734 752 8 26
734 745 9 26
734 746 11 26
734 747 12 26
734 748 13 26
734 746 14 26
734 746 15 26
734 746 17 26
734 745 18 26
734 746 19 26
734 746 27 26
734 731 29 26
734 720 30 26
734 720 31 26
734 716 32 26
734 721 33 26
734 733 46 26
734 732 47 26
53 49 1 27
53 53 3 27
53 54 4 27
53 53 5 27
53 49 6 27
53 51 7 27
53 49 8 27
53 38 15 27
53 62 30 27
53 71 30 27
53 54 39 27
53 55 40 27
53 56 43 27
53 63 43 27
53 49 44 27
53 55 45 27
355 373 1 27
355 353 34 27
355 349 46 27
654 653 1 27
654 653 3 27
654 635 9 27
654 646 24 27
49 53 2 28
49 54 3 28
49 53 4 28
49 49 5 28
49 51 6 28
49 49 7 28
49 38 14 28
49 62 29 28
49 54 38 28
49 55 39 28
49 56 42 28
49 63 42 28
49 49 43 28
49 55 44 28
373 353 33 28
373 389 34 28
653 653 2 28
653 635 8 28
653 646 23 28
8 0 1 29
8 1 1 29
8 9 1 29
8 17 1 29
8 12 2 29
8 15 2 29
8 1 4 29
8 1 5 29
8 3 5 29
8 8 5 29
8 3 6 29
8 12 6 29
8 16 6 29
8 1 7 29
8 9 7 29
8 1 8 29
8 3 8 29
8 8 8 29
8 8 9 29
8 8 10 29
8 14 11 29
8 3 13 29
8 11 13 29
8 6 29 29
8 7 29 29
8 7 34 29
8 6 35 29
8 12 38 29
8 15 38 29
8 18 43 29
221 227 14 29
438 439 1 29
438 432 2 29
438 447 3 29
438 447 4 29
438 448 5 29
438 431 6 29
438 427 7 29
438 427 8 29
438 420 11 29
438 419 12 29
438 438 16 29
438 430 27 29
438 430 28 29
438 430 30 29
438 429 34 29
438 430 35 29
438 432 37 29
438 430 38 29
438 430 43 29
733 733 2 29
733 752 5 29
733 745 6 29
733 746 8 29
733 747 9 29
733 748 10 29
733 746 11 29
733 746 12 29
733 746 14 29
733 745 15 29
733 746 16 29
733 713 19 29
733 746 24 29
733 731 26 29
733 720 27 29
733 720 28 29
733 716 29 29
733 721 30 29
733 733 43 29
733 732 44 29
0 12 1 30
0 15 1 30
0 1 3 30
0 1 4 30
0 3 4 30
0 8 4 30
0 3 5 30
0 12 5 30
0 16 5 30
0 1 6 30
0 9 6 30
0 1 7 30
0 3 7 30
0 8 7 30
0 8 8 30
0 8 9 30
0 14 10 30
0 3 12 30
0 11 12 30
0 6 28 30
0 7 28 30
0 7 33 30
0 6 34 30
0 12 37 30
0 15 37 30
0 18 42 30
1 12 1 30
1 15 1 30
1 1 3 30
1 1 4 30
1 3 4 30
1 8 4 30
1 3 5 30
1 12 5 30
1 16 5 30
1 1 6 30
1 9 6 30
1 1 7 30
1 3 7 30
1 8 7 30
1 8 8 30
1 8 9 30
1 14 10 30
1 3 12 30
1 11 12 30
1 6 28 30
1 7 28 30
1 7 33 30
1 6 34 30
1 12 37 30
1 15 37 30
1 18 42 30
9 12 1 30
9 15 1 30
9 1 3 30
9 1 4 30
9 3 4 30
9 8 4 30
9 3 5 30
9 12 5 30
9 16 5 30
9 1 6 30
9 9 6 30
9 1 7 30
9 3 7 30
9 8 7 30
9 8 8 30
9 8 9 30
9 14 10 30
9 3 12 30
9 11 12 30
9 28 12 30
9 6 28 30
9 7 28 30
9 7 33 30
9 6 34 30
9 12 37 30
9 15 37 30
9 28 38 30
9 18 42 30
17 12 1 30
17 15 1 30
17 1 3 30
17 1 4 30
17 3 4 30
17 8 4 30
17 3 5 30
17 12 5 30
17 16 5 30
17 1 6 30
17 9 6 30
17 1 7 30
17 3 7 30
17 8 7 30
17 8 8 30
17 8 9 30
17 14 10 30
17 3 12 30
17 11 12 30
17 28 12 30
17 6 28 30
17 7 28 30
17 7 33 30
17 6 34 30
17 12 37 30
17 15 37 30
17 28 38 30
17 18 42 30
53 54 1 30
53 53 2 30
53 49 3 30
53 51 4 30
53 49 5 30
53 38 12 30
53 62 27 30
53 71 27 30
53 54 36 30
53 55 37 30
53 56 40 30
53 63 40 30
53 49 41 30
53 55 42 30
439 432 1 30
439 447 2 30
439 447 3 30
439 448 4 30
439 431 5 30
439 427 6 30
439 427 7 30
439 420 10 30
439 419 11 30
439 438 15 30
439 430 26 30
439 430 27 30
439 430 29 30
439 429 33 30
439 430 34 30
439 432 36 30
439 430 37 30
439 430 42 30
653 635 6 30
653 646 21 30
653 659 49 30
12 1 2 31
12 1 3 31
12 3 3 31
12 8 3 31
12 3 4 31
12 12 4 31
12 16 4 31
12 1 5 31
12 9 5 31
12 1 6 31
12 3 6 31
12 8 6 31
12 8 7 31
12 8 8 31
12 14 9 31
12 3 11 31
12 11 11 31
12 28 11 31
12 6 27 31
12 7 27 31
12 7 32 31
12 6 33 31
12 12 36 31
12 15 36 31
12 28 37 31
12 18 41 31
15 1 2 31
15 1 3 31
15 3 3 31
15 8 3 31
15 3 4 31
15 12 4 31
15 16 4 31
15 1 5 31
15 9 5 31
15 1 6 31
15 3 6 31
15 8 6 31
15 8 7 31
15 8 8 31
15 14 9 31
15 3 11 31
15 11 11 31
15 28 11 31
15 6 27 31
15 7 27 31
15 7 32 31
15 6 33 31
15 12 36 31
15 15 36 31
15 28 37 31
15 18 41 31
54 53 1 31
54 49 2 31
54 51 3 31
54 49 4 31
54 38 11 31
54 73 11 31
54 62 26 31
54 71 26 31
54 54 35 31
54 55 36 31
54 56 39 31
54 63 39 31
54 49 40 31
54 55 41 31
432 447 1 31
432 447 2 31
432 448 3 31
432 431 4 31
432 427 5 31
432 427 6 31
432 420 9 31
432 419 10 31
432 417 12 31
432 438 14 31
432 430 25 31
432 430 26 31
432 430 28 31
432 429 32 31
432 430 33 31
432 432 35 31
432 430 36 31
432 430 41 31
733 752 3 31
733 745 4 31
733 746 6 31
733 747 7 31
733 748 8 31
733 746 9 31
733 746 10 31
733 746 12 31
733 745 13 31
733 746 14 31
733 713 17 31
733 746 22 31
733 731 24 31
733 720 25 31
733 720 26 31
733 716 27 31
733 721 28 31
733 733 41 31
733 732 42 31
53 49 1 32
53 51 2 32
53 49 3 32
53 38 10 32
53 62 25 32
53 71 25 32
53 54 34 32
53 55 35 32
53 56 38 32
53 63 38 32
53 49 39 32
53 55 40 32
53 60 50 32
447 447 1 32
447 448 2 32
447 431 3 32
447 427 4 32
447 427 5 32
447 438 13 32
447 430 24 32
447 430 25 32
447 430 27 32
447 429 31 32
447 430 32 32
447 432 34 32
447 430 35 32
447 430 40 32
753 752 2 32
753 745 3 32
753 746 5 32
753 747 6 32
753 748 7 32
753 746 8 32
753 746 9 32
753 746 11 32
753 745 12 32
753 746 13 32
753 764 20 32
753 746 21 32
753 763 22 32
753 767 31 32
753 765 33 32
753 733 40 32
753 761 50 32
1 1 1 33
1 3 1 33
1 8 1 33
1 3 2 33
1 12 2 33
1 16 2 33
1 1 3 33
1 9 3 33
1 1 4 33
1 3 4 33
1 8 4 33
1 8 5 33
1 8 6 33
1 14 7 33
1 3 9 33
1 11 9 33
1 6 25 33
1 7 25 33
1 7 30 33
1 6 31 33
1 12 34 33
1 15 34 33
1 18 39 33
49 51 1 33
49 49 2 33
49 38 9 33
49 62 24 33
49 54 33 33
49 55 34 33
49 56 37 33
49 63 37 33
49 49 38 33
49 55 39 33
49 60 49 33
49 55 50 33
447 448 1 33
447 431 2 33
447 427 3 33
447 427 4 33
447 438 12 33
447 430 23 33
447 430 24 33
447 430 26 33
447 429 30 33
447 430 31 33
447 432 33 33
447 430 34 33
447 430 39 33
1 3 1 34
1 12 1 34
1 16 1 34
1 1 2 34
1 9 2 34
1 1 3 34
1 3 3 34
1 8 3 34
1 8 4 34
1 8 5 34
1 14 6 34
1 3 8 34
1 11 8 34
1 6 24 34
1 7 24 34
1 7 29 34
1 6 30 34
1 12 33 34
1 15 33 34
1 18 38 34
3 3 1 34
3 12 1 34
3 16 1 34
3 1 2 34
3 9 2 34
3 1 3 34
3 3 3 34
3 8 3 34
3 8 4 34
3 8 5 34
3 14 6 34
3 3 8 34
3 11 8 34
3 6 24 34
3 7 24 34
3 7 29 34
3 6 30 34
3 12 33 34
3 15 33 34
3 18 38 34
8 3 1 34
8 12 1 34
8 16 1 34
8 1 2 34
8 9 2 34
8 1 3 34
8 3 3 34
8 8 3 34
8 8 4 34
8 8 5 34
8 14 6 34
8 3 8 34
8 11 8 34
8 6 24 34
8 7 24 34
8 7 29 34
8 6 30 34
8 12 33 34
8 15 33 34
8 18 38 34
51 49 1 34
51 38 8 34
51 62 23 34
51 54 32 34
51 55 33 34
51 56 36 34
51 63 36 34
51 49 37 34
51 55 38 34
51 60 48 34
51 55 49 34
448 431 1 34
448 438 11 34
448 430 22 34
448 430 23 34
448 430 25 34
448 429 29 34
448 430 30 34
448 432 32 34
448 430 33 34
448 430 38 34
752 745 1 34
752 746 3 34
752 747 4 34
752 748 5 34
752 746 6 34
752 746 7 34
752 746 9 34
752 745 10 34
752 746 11 34
752 764 18 34
752 746 19 34
752 763 20 34
752 767 29 34
752 765 31 34
752 733 38 34
752 732 39 34
752 761 48 34
3 1 1 35
3 9 1 35
3 1 2 35
3 3 2 35
3 8 2 35
3 8 3 35
3 8 4 35
3 14 5 35
3 3 7 35
3 11 7 35
3 6 23 35
3 7 23 35
3 7 28 35
3 6 29 35
3 12 32 35
3 15 32 35
3 18 37 35
12 1 1 35
12 9 1 35
12 1 2 35
12 3 2 35
12 8 2 35
12 8 3 35
12 8 4 35
12 14 5 35
12 3 7 35
12 11 7 35
12 28 7 35
12 6 23 35
12 7 23 35
12 7 28 35
12 6 29 35
12 12 32 35
12 15 32 35
12 28 33 35
12 18 37 35
16 1 1 35
16 9 1 35
16 1 2 35
16 3 2 35
16 8 2 35
16 8 3 35
16 8 4 35
16 14 5 35
16 3 7 35
16 11 7 35
16 28 7 35
16 6 23 35
16 7 23 35
16 7 28 35
16 6 29 35
16 12 32 35
16 15 32 35
16 28 33 35
16 18 37 35
49 38 7 35
49 62 22 35
49 54 31 35
49 55 32 35
49 56 35 35
49 63 35 35
49 49 36 35
49 55 37 35
49 60 47 35
49 55 48 35
431 427 1 35
431 427 2 35
431 420 5 35
431 419 6 35
431 417 8 35
431 438 10 35
431 430 21 35
431 430 22 35
431 430 24 35
431 429 28 35
431 430 29 35
431 432 31 35
431 430 32 35
431 430 37 35
745 746 2 35
745 747 3 35
745 748 4 35
745 746 5 35
745 746 6 35
745 746 8 35
745 745 9 35
745 746 10 35
745 764 17 35
745 746 18 35
745 763 19 35
745 731 20 35
745 733 37 35
745 732 38 35
745 761 47 35
1 1 1 36
1 3 1 36
1 8 1 36
1 8 2 36
1 8 3 36
1 14 4 36
1 3 6 36
1 11 6 36
1 6 22 36
1 7 22 36
1 7 27 36
1 6 28 36
1 12 31 36
1 15 31 36
1 18 36 36
9 1 1 36
9 3 1 36
9 8 1 36
9 8 2 36
9 8 3 36
9 14 4 36
9 3 6 36
9 11 6 36
9 28 6 36
9 6 22 36
9 7 22 36
9 7 27 36
9 6 28 36
9 12 31 36
9 15 31 36
9 28 32 36
9 18 36 36
190 195 1 36
190 186 14 36
190 189 20 36
190 196 21 36
190 189 22 36
190 189 23 36
190 188 24 36
190 188 25 36
190 188 27 36
190 188 28 36
190 189 29 36
190 188 30 36
190 188 31 36
190 188 33 36
190 174 43 36
427 427 1 36
427 420 4 36
427 419 5 36
427 408 6 36
427 417 7 36
427 408 8 36
427 438 9 36
427 409 10 36
427 430 20 36
427 430 21 36
427 430 23 36
427 429 27 36
427 430 28 36
427 432 30 36
427 430 31 36
427 430 36 36
635 623 6 36
635 646 15 36
635 619 31 36
635 615 32 36
1 8 1 37
1 8 2 37
1 14 3 37
1 3 5 37
1 11 5 37
1 6 21 37
1 7 21 37
1 7 26 37
1 6 27 37
1 12 30 37
1 15 30 37
1 18 35 37
3 8 1 37
3 8 2 37
3 14 3 37
3 3 5 37
3 11 5 37
3 6 21 37
3 7 21 37
3 7 26 37
3 6 27 37
3 12 30 37
3 15 30 37
3 18 35 37
8 8 1 37
8 8 2 37
8 14 3 37
8 3 5 37
8 11 5 37
8 6 21 37
8 7 21 37
8 7 26 37
8 6 27 37
8 12 30 37
8 15 30 37
8 18 35 37
195 186 13 37
195 189 19 37
195 196 20 37
195 189 21 37
195 189 22 37
195 188 23 37
195 188 24 37
195 188 26 37
195 188 27 37
195 189 28 37
195 188 29 37
195 188 30 37
195 188 32 37
427 420 3 37
427 419 4 37
427 408 5 37
427 417 6 37
427 408 7 37
427 438 8 37
427 409 9 37
427 430 19 37
427 430 20 37
427 430 22 37
427 429 26 37
427 430 27 37
427 432 29 37
427 430 30 37
427 430 35 37
746 747 1 37
746 748 2 37
746 746 3 37
746 746 4 37
746 746 6 37
746 745 7 37
746 746 8 37
746 764 15 37
746 746 16 37
746 763 17 37
746 731 18 37
746 765 28 37
746 733 35 37
746 732 36 37
746 761 45 37
8 8 1 38
8 14 2 38
8 3 4 38
8 11 4 38
8 6 20 38
8 7 20 38
8 7 25 38
8 6 26 38
8 12 29 38
8 15 29 38
8 18 34 38
747 748 1 38
747 746 2 38
747 746 3 38
747 746 5 38
747 745 6 38
747 746 7 38
747 764 14 38
747 746 15 38
747 763 16 38
747 731 17 38
747 765 27 38
747 733 34 38
747 732 35 38
747 761 44 38
8 14 1 39
8 3 3 39
8 11 3 39
8 6 19 39
8 7 19 39
8 7 24 39
8 6 25 39
8 12 28 39
8 15 28 39
8 18 33 39
748 746 1 39
748 746 2 39
748 746 4 39
748 745 5 39
748 746 6 39
748 764 13 39
748 746 14 39
748 763 15 39
748 731 16 39
748 767 24 39
748 765 26 39
748 733 33 39
748 732 34 39
748 761 43 39
14 3 2 40
14 11 2 40
14 28 2 40
14 6 18 40
14 7 18 40
14 7 23 40
14 6 24 40
14 12 27 40
14 15 27 40
14 28 28 40
14 18 32 40
420 419 1 40
420 408 2 40
420 417 3 40
420 408 4 40
420 438 5 40
420 409 6 40
420 430 16 40
420 430 17 40
420 430 19 40
420 429 23 40
420 430 24 40
420 432 26 40
420 430 27 40
420 430 32 40
746 746 1 40
746 746 3 40
746 745 4 40
746 746 5 40
746 764 12 40
746 746 13 40
746 763 14 40
746 731 15 40
746 765 25 40
746 733 32 40
746 732 33 40
746 761 42 40
419 408 1 41
419 417 2 41
419 408 3 41
419 438 4 41
419 409 5 41
419 430 15 41
419 430 16 41
419 430 18 41
419 429 22 41
419 430 23 41
419 432 25 41
419 430 26 41
419 430 31 41
746 746 2 41
746 745 3 41
746 746 4 41
746 764 11 41
746 746 12 41
746 763 13 41
746 731 14 41
746 765 24 41
746 733 31 41
746 732 32 41
746 761 41 41
3 6 16 42
3 7 16 42
3 7 21 42
3 6 22 42
3 12 25 42
3 15 25 42
3 18 30 42
11 6 16 42
11 7 16 42
11 7 21 42
11 6 22 42
11 12 25 42
11 15 25 42
11 28 26 42
11 18 30 42
28 12 25 42
28 15 25 42
28 28 26 42
28 18 30 42
38 54 24 42
38 55 25 42
38 28 26 42
38 56 28 42
38 49 29 42
38 18 30 42
38 55 30 42
38 55 41 42
73 62 15 42
73 71 15 42
73 54 24 42
73 55 25 42
73 56 28 42
73 63 28 42
73 55 30 42
73 60 40 42
73 55 41 42
127 143 9 42
127 111 10 42
127 141 36 42
408 417 1 42
408 408 2 42
408 409 4 42
408 389 20 42
623 619 25 42
623 615 26 42
417 408 1 43
417 409 3 43
417 430 13 43
417 430 14 43
417 430 16 43
417 429 20 43
417 430 21 43
417 432 23 43
417 430 24 43
417 430 29 43
746 745 1 43
746 746 2 43
746 764 9 43
746 746 10 43
746 763 11 43
746 731 12 43
746 765 22 43
746 733 29 43
746 732 30 43
746 761 39 43
408 409 2 44
408 389 18 44
745 746 1 44
745 764 8 44
745 746 9 44
745 763 10 44
745 731 11 44
745 733 28 44
745 732 29 44
745 761 38 44
438 430 11 45
438 430 12 45
438 430 14 45
438 429 18 45
438 430 19 45
438 432 21 45
438 430 22 45
438 430 27 45
746 764 7 45
746 746 8 45
746 763 9 45
746 731 10 45
746 765 20 45
746 733 27 45
746 732 28 45
746 761 37 45
409 389 16 46
675 693 16 46
675 659 33 46
572 581 13 47
572 582 22 47
572 579 23 47
572 578 24 47
572 585 31 47
713 712 1 48
713 731 7 48
713 720 8 48
713 720 9 48
713 716 10 48
713 721 11 48
713 693 14 48
713 732 25 48
712 731 6 49
712 720 7 49
712 720 8 49
712 716 9 49
712 721 10 49
712 693 13 49
186 189 6 50
186 196 7 50
186 189 8 50
186 189 9 50
186 188 10 50
186 188 11 50
186 188 13 50
186 188 14 50
186 189 15 50
186 188 16 50
186 188 17 50
186 188 19 50
186 174 29 50
256 272 28 50
511 515 11 50
105 111 1 51
143 141 27 51
646 659 28 51
163 174 27 52
764 746 1 52
764 763 2 52
764 767 11 52
764 765 13 52
764 761 30 52
746 763 1 53
746 731 2 53
746 765 12 53
746 733 19 53
746 732 20 53
746 761 29 53
763 767 9 54
763 765 11 54
763 761 28 54
731 720 1 55
731 720 2 55
731 716 3 55
731 721 4 55
731 733 17 55
731 732 18 55
189 196 1 56
189 189 2 56
189 189 3 56
189 188 4 56
189 188 5 56
189 188 7 56
189 188 8 56
189 189 9 56
189 188 10 56
189 188 11 56
189 188 13 56
189 174 23 56
430 430 1 56
430 430 3 56
430 429 7 56
430 430 8 56
430 432 10 56
430 430 11 56
430 430 16 56
720 720 1 56
720 716 2 56
720 721 3 56
720 733 16 56
720 732 17 56
62 54 9 57
62 55 10 57
62 56 13 57
62 63 13 57
62 49 14 57
62 55 15 57
62 60 25 57
62 55 26 57
71 54 9 57
71 55 10 57
71 56 13 57
71 63 13 57
71 55 15 57
71 60 25 57
71 55 26 57
196 189 1 57
196 189 2 57
196 188 3 57
196 188 4 57
196 188 6 57
196 188 7 57
196 189 8 57
196 188 9 57
196 188 10 57
196 188 12 57
430 430 2 57
430 429 6 57
430 430 7 57
430 432 9 57
430 430 10 57
430 430 15 57
720 716 1 57
720 721 2 57
720 733 15 57
720 732 16 57
6 7 5 58
6 6 6 58
6 12 9 58
6 15 9 58
6 18 14 58
7 7 5 58
7 6 6 58
7 12 9 58
7 15 9 58
7 18 14 58
189 189 1 58
189 188 2 58
189 188 3 58
189 188 5 58
189 188 6 58
189 189 7 58
189 188 8 58
189 188 9 58
189 188 11 58
189 174 21 58
334 353 3 58
334 349 15 58
334 340 24 58
716 721 1 58
716 733 14 58
716 732 15 58
189 188 1 59
189 188 2 59
189 188 4 59
189 188 5 59
189 189 6 59
189 188 7 59
189 188 8 59
189 188 10 59
189 174 20 59
430 429 4 59
430 430 5 59
430 432 7 59
430 430 8 59
430 430 13 59
721 733 13 59
721 732 14 59
188 188 1 60
188 188 3 60
188 188 4 60
188 189 5 60
188 188 6 60
188 188 7 60
188 188 9 60
188 174 19 60
581 582 9 60
581 579 10 60
581 578 11 60
581 585 18 60
188 188 2 61
188 188 3 61
188 189 4 61
188 188 5 61
188 188 6 61
188 188 8 61
188 174 18 61
353 349 12 61
353 372 18 61
353 340 21 61
353 359 22 61
389 372 17 62
7 6 1 63
7 12 4 63
7 15 4 63
7 18 9 63
188 188 1 63
188 189 2 63
188 188 3 63
188 188 4 63
188 188 6 63
188 174 16 63
429 430 1 63
429 432 3 63
429 430 4 63
429 430 9 63
767 765 2 63
767 761 19 63
6 12 3 64
6 15 3 64
6 18 8 64
188 189 1 64
188 188 2 64
188 188 3 64
188 188 5 64
188 174 15 64
430 432 2 64
430 430 3 64
430 430 8 64
189 188 1 65
189 188 2 65
189 188 4 65
189 174 14 65
765 761 17 65
54 55 1 66
54 56 4 66
54 63 4 66
54 49 5 66
54 55 6 66
54 60 16 66
54 55 17 66
188 188 1 66
188 188 3 66
188 174 13 66
432 430 1 66
432 430 6 66
12 28 1 67
12 18 5 67
15 28 1 67
15 18 5 67
55 56 3 67
55 63 3 67
55 49 4 67
55 55 5 67
55 60 15 67
55 55 16 67
188 188 2 67
188 174 12 67
430 430 5 67
619 615 1 67
28 18 4 68
188 174 10 69
582 579 1 69
582 578 2 69
582 585 9 69
56 49 1 70
56 55 2 70
56 60 12 70
56 55 13 70
63 49 1 70
63 55 2 70
63 60 12 70
63 55 13 70
579 578 1 70
579 585 8 70
49 55 1 71
49 60 11 71
49 55 12 71
578 585 7 71
55 60 10 72
55 55 11 72
733 732 1 72
349 340 9 73
349 359 10 73
372 359 4 79
60 55 1 82
340 359 1 82
