23 42 8 43 255 25 18 58 71 20 31 19 3 66 16 116 52 107 20 46 58 63 34 27 21 34 12 88 43 83 34 14 30 110 81 50 25 24 70 110 7 32 0 
37 31 34 118 255 48 20 54 44 18 135 2 7 200 45 180 85 115 22 47 90 39 51 47 43 63 10 132 49 88 63 20 66 100 104 29 22 18 67 142 8 24 0 
13 35 34 89 242 90 12 56 55 56 44 31 19 160 26 255 34 45 64 33 37 36 30 64 14 46 25 98 35 91 40 20 28 114 57 67 17 4 66 107 22 54 0 
30 62 53 60 161 45 39 60 54 39 120 40 10 255 50 226 138 28 26 42 23 106 22 77 99 103 23 69 27 71 51 28 20 111 81 109 3 31 80 54 61 39 0 
51 24 19 255 25 24 40 70 30 21 48 22 19 99 2 57 89 50 50 57 23 39 84 141 55 53 69 26 21 52 94 30 27 119 86 63 75 49 61 113 18 68 0 
43 9 10 255 38 53 60 48 3 16 85 16 13 81 26 10 68 47 31 3 30 44 55 176 54 35 38 14 93 20 94 12 15 78 76 6 25 62 57 152 76 57 0 
123 30 7 255 98 22 56 60 45 27 44 30 24 44 28 144 57 45 28 22 116 81 42 58 99 92 75 66 41 90 76 20 29 112 61 71 30 111 53 78 138 94 0 
154 58 74 225 255 54 151 107 26 214 22 92 29 142 39 189 102 75 50 46 248 151 61 154 20 189 143 112 104 214 124 42 35 196 206 66 42 155 102 77 231 142 0 
58 96 31 114 149 60 82 39 46 72 69 33 4 104 16 108 77 83 23 40 87 177 66 147 84 70 48 77 50 255 51 23 40 101 230 82 26 45 76 243 161 103 0 
24 44 16 64 124 31 63 23 13 16 71 18 8 108 18 125 54 130 19 28 95 101 15 84 76 3 18 29 44 88 10 12 9 61 132 49 20 27 32 255 22 28 0 
21 20 5 170 90 49 31 24 30 4 96 42 25 157 16 128 44 146 21 12 84 23 37 29 48 20 5 58 30 54 35 11 15 43 205 22 19 48 60 255 53 40 0 
34 52 8 104 59 37 38 26 28 11 147 50 25 214 17 75 43 147 20 14 115 78 69 53 62 59 26 76 51 17 6 20 10 25 165 59 22 26 40 255 52 32 0 
18 21 32 25 25 26 44 19 18 5 106 35 25 255 26 79 42 105 12 30 123 88 62 128 53 34 15 59 53 48 19 24 41 12 114 51 23 30 33 181 32 25 0 
47 5 27 84 35 46 23 13 23 13 127 10 15 255 26 124 26 117 55 39 192 31 54 27 52 81 15 16 81 22 46 19 32 66 134 35 43 12 41 121 22 11 0 
37 47 43 102 70 56 18 6 19 8 128 34 15 242 31 108 10 79 57 29 255 118 71 58 48 23 15 28 76 11 130 9 29 37 72 11 36 24 76 53 24 91 0 
41 118 149 255 104 96 40 6 17 19 158 32 17 175 35 81 14 137 59 38 61 39 117 23 75 16 9 51 55 59 60 16 8 210 111 117 38 33 115 33 65 95 0 
58 10 237 36 180 122 12 3 15 5 255 14 19 120 23 18 18 95 16 20 91 84 80 58 25 103 14 27 36 12 88 9 33 87 88 87 46 14 64 7 8 120 0 
37 17 43 38 65 35 14 2 4 9 255 17 45 107 11 27 12 83 57 11 57 105 24 37 5 15 11 4 21 19 101 8 36 248 36 15 24 26 93 8 52 48 0 
12 11 9 27 46 18 5 3 3 2 255 19 22 21 5 9 14 62 17 3 20 76 13 25 20 16 4 2 13 11 151 2 28 14 8 23 5 20 31 13 4 20 0 
72 28 25 23 41 15 6 4 4 5 120 17 4 27 7 17 2 24 76 7 51 41 11 10 36 14 9 11 5 14 255 10 65 44 18 41 5 19 73 15 22 3 0 
40 53 25 45 37 7 10 1 6 9 101 13 56 22 5 10 10 66 255 9 51 28 14 11 17 25 18 21 6 22 239 29 23 46 34 47 18 17 142 10 32 40 0 
14 10 21 38 19 26 17 6 8 11 255 47 90 38 2 38 42 81 182 10 142 31 18 32 16 61 20 26 11 24 215 22 26 136 11 29 26 18 227 25 36 29 0 
6 26 5 59 9 46 14 8 9 19 39 48 53 57 5 33 10 5 189 15 57 33 7 52 34 61 21 6 21 22 113 9 64 107 16 54 26 27 255 49 15 29 0 
46 14 17 70 31 28 22 21 15 3 135 49 54 41 9 43 70 69 154 10 95 6 3 43 24 47 12 21 24 16 76 18 41 35 31 114 56 46 255 40 46 73 0 
9 27 23 181 81 28 41 25 22 15 194 17 33 107 13 56 31 94 191 5 130 60 36 63 31 9 3 60 25 21 88 38 76 88 50 105 62 57 255 37 51 27 0 
11 23 27 181 138 31 104 19 47 55 65 44 54 164 3 93 22 156 197 45 116 48 45 88 39 32 75 72 14 65 65 42 51 177 74 179 92 55 255 141 38 51 0 
42 47 47 73 221 58 22 62 23 34 224 56 53 187 19 167 47 241 254 106 143 42 45 52 58 20 41 77 33 48 78 53 51 213 102 234 146 134 255 59 98 59 0 
18 86 50 250 245 107 38 41 61 59 143 48 107 111 26 242 99 138 187 77 94 189 62 29 11 43 153 107 17 50 105 32 123 255 102 227 137 78 99 68 93 122 0 
37 8 22 178 120 45 15 31 26 31 142 53 41 127 37 255 13 111 90 49 159 41 41 20 9 47 62 67 18 28 48 21 34 87 103 121 96 9 98 28 39 76 0 
7 19 14 140 37 39 12 14 57 14 55 38 22 97 13 255 28 48 37 60 98 42 24 35 15 34 18 43 12 37 49 17 33 43 13 17 128 37 52 24 44 18 0 
23 13 21 197 37 47 16 41 65 22 110 86 17 113 27 255 56 59 66 89 92 73 27 45 34 45 31 119 25 27 24 30 41 31 50 79 238 49 56 47 47 68 0 
23 16 8 106 31 47 17 21 56 20 54 59 16 21 17 42 45 39 42 48 101 64 35 78 19 42 29 89 24 34 54 22 43 41 89 85 255 117 44 36 66 22 0 
16 18 9 255 30 39 12 58 35 68 138 99 12 41 12 222 122 33 43 174 39 37 35 44 27 38 55 75 35 47 41 10 58 39 88 60 215 34 61 40 37 11 0 
28 9 4 191 21 34 5 93 29 31 92 23 6 32 30 186 93 50 34 57 52 17 3 30 13 21 41 45 39 103 34 3 49 11 48 50 255 46 109 68 19 30 0 
4 10 5 134 45 15 20 125 142 4 82 17 14 65 31 114 10 147 11 72 71 34 9 22 14 11 11 255 77 53 60 13 50 34 51 95 189 126 62 51 17 16 0 
9 17 4 146 66 34 20 44 148 8 6 51 11 66 20 255 23 49 32 67 76 43 13 35 25 102 27 81 14 101 15 15 42 51 78 87 95 132 98 5 30 10 0 
6 18 7 129 44 14 22 255 216 21 80 36 10 47 42 215 16 30 36 172 36 28 35 35 12 27 3 183 88 105 29 31 41 70 72 83 70 172 15 106 31 19 0 
29 7 23 154 59 64 31 59 119 51 138 83 37 117 71 117 48 36 91 159 102 97 74 54 40 80 56 237 69 237 87 24 35 172 37 168 135 255 29 172 21 48 0 
17 28 16 152 52 43 51 158 36 50 43 64 30 43 76 144 76 47 38 53 79 65 71 123 28 26 67 128 67 187 79 14 12 168 158 16 195 255 56 164 42 46 0 
5 13 15 146 40 5 65 96 43 39 36 51 14 48 28 40 45 29 44 82 255 118 8 107 14 17 68 55 31 79 24 19 12 89 115 69 84 44 15 37 69 7 0 
6 45 9 104 93 50 32 74 19 12 30 56 28 69 22 61 53 44 48 89 238 123 20 119 34 54 137 53 34 118 40 10 53 106 139 255 70 61 62 169 60 21 0 
9 23 9 255 117 14 11 38 43 14 67 100 25 68 43 42 42 10 42 80 176 63 43 213 40 27 38 64 20 105 40 14 59 74 48 155 189 25 47 69 44 15 0 
29 59 1 201 118 33 11 84 38 15 78 105 39 156 41 239 163 46 70 16 90 170 65 41 143 42 31 115 33 211 30 13 70 43 85 50 255 92 52 108 101 26 0 
30 83 7 17 50 37 31 69 28 66 33 21 26 87 42 38 40 76 50 32 97 255 74 107 163 47 60 64 25 17 140 29 30 51 38 18 81 105 32 89 100 72 0 
17 124 19 248 230 113 23 67 139 22 179 31 25 116 34 122 38 48 52 21 233 81 95 249 101 255 48 29 63 55 32 69 71 90 71 149 78 134 77 35 20 79 0 
2 46 10 115 117 27 22 23 74 9 44 17 9 23 67 5 10 28 24 71 79 28 58 255 8 37 31 5 43 30 120 16 7 28 104 13 5 91 30 93 18 7 0 
2 23 55 113 29 12 5 62 56 18 49 18 7 42 26 38 11 25 52 9 3 31 34 255 25 36 29 14 105 31 143 14 6 43 44 20 27 138 24 126 13 20 0 
16 39 34 154 195 30 69 73 68 106 95 21 26 56 33 6 41 68 116 60 38 87 105 150 43 48 119 55 102 194 130 13 29 69 147 54 159 255 33 245 31 62 0 
6 20 8 15 151 35 3 124 80 30 127 47 23 63 29 24 17 50 23 41 175 38 78 134 49 56 48 54 37 147 64 6 45 95 120 65 69 48 55 255 8 13 0 
13 33 14 149 222 56 80 70 40 42 43 119 45 65 21 209 65 81 112 38 133 69 73 206 253 119 107 26 79 124 50 45 26 89 142 159 226 101 255 122 36 90 0 
9 15 7 2 57 33 64 169 38 6 24 31 11 24 12 85 25 26 97 100 40 50 18 60 25 26 74 26 35 69 29 2 9 37 102 114 112 22 255 43 79 24 0 
8 39 12 49 125 14 11 255 20 1 69 66 21 41 39 32 33 47 108 121 38 22 30 16 79 88 61 40 56 82 62 9 53 24 125 219 78 30 185 88 167 38 0 
4 19 19 127 201 76 35 124 58 12 79 25 21 15 26 88 5 35 33 62 79 91 12 132 113 255 15 27 22 33 83 20 39 19 41 166 37 9 69 72 30 24 0 
25 48 35 17 195 91 34 55 62 13 159 42 29 113 17 24 46 30 50 76 153 28 12 254 140 130 31 6 24 199 52 32 44 56 64 255 105 60 96 34 18 28 0 
96 92 24 159 131 109 34 99 101 16 41 137 40 91 8 100 50 29 53 91 109 19 27 159 66 96 39 91 72 117 206 80 39 58 105 255 52 34 61 77 87 41 0 
11 31 6 28 83 38 7 88 45 1 33 58 46 153 20 25 27 46 36 51 117 104 12 109 6 32 40 47 29 94 44 35 3 72 65 255 9 21 59 62 67 69 0 
59 47 16 62 70 54 15 36 35 23 63 96 27 49 12 106 33 17 39 54 88 44 15 141 47 23 5 12 8 25 78 23 33 124 80 255 7 10 42 81 67 31 0 
29 5 12 84 91 38 13 48 10 35 157 51 48 111 34 107 43 84 53 60 151 40 28 59 17 32 40 25 8 94 66 118 79 135 40 255 11 16 40 15 31 50 0 
15 31 4 22 64 47 13 12 19 46 66 25 24 27 9 70 31 80 12 47 79 58 18 57 37 21 5 53 27 146 50 32 47 251 53 255 8 42 22 68 12 63 0 
12 26 3 89 52 71 14 15 12 23 45 97 14 45 25 66 1 43 21 42 18 15 29 87 49 156 16 10 25 216 99 40 94 255 41 158 11 30 29 21 26 60 0 
14 21 41 15 124 123 15 19 22 52 108 235 97 88 10 85 48 59 18 67 5 14 28 143 88 255 14 15 11 81 60 122 249 216 128 195 16 17 35 11 30 29 0 
17 10 11 28 20 21 30 10 0 20 110 217 129 54 14 49 13 67 12 37 25 4 4 103 41 46 25 5 18 54 79 255 224 68 75 97 6 24 27 71 30 43 0 
123 34 7 73 58 39 12 23 31 16 86 159 91 57 22 23 29 166 18 23 123 32 4 120 13 49 21 4 35 72 159 148 255 159 96 117 22 66 41 69 45 68 0 
60 9 12 26 65 22 6 14 12 10 81 85 23 147 20 79 26 110 38 22 73 20 23 25 34 54 15 5 24 66 255 40 67 84 48 115 14 39 49 22 22 37 0 
60 14 17 110 69 50 34 29 40 16 229 54 17 254 28 16 37 73 111 18 147 34 39 157 18 25 34 42 25 41 255 62 80 253 30 121 37 10 95 44 8 69 0 
56 24 14 68 100 61 70 35 21 46 47 35 81 35 34 188 17 228 106 141 108 66 73 210 26 68 169 76 58 25 168 74 90 255 22 175 17 10 95 46 23 104 0 
24 16 15 56 78 53 42 24 40 45 46 70 48 255 20 75 34 136 55 63 148 37 49 110 14 73 107 47 62 9 62 28 115 147 56 89 23 28 131 110 20 63 0 
44 21 12 107 66 41 18 18 14 18 93 99 11 43 19 76 25 122 114 39 86 28 30 160 57 67 36 16 54 40 41 32 76 255 118 182 102 29 52 46 31 33 0 
9 8 11 110 56 5 10 27 19 23 130 66 42 171 4 156 29 204 72 36 47 26 33 255 20 41 30 34 38 44 66 61 121 193 99 97 39 44 107 51 60 27 0 
59 24 10 64 51 48 16 25 11 20 46 115 30 206 20 95 143 255 56 33 147 38 52 190 45 22 47 53 10 16 117 127 232 97 76 23 104 21 130 57 136 46 0 
58 13 13 26 26 30 10 11 15 7 37 75 229 30 61 1 10 255 35 24 77 61 39 95 48 14 13 24 20 13 35 14 135 8 115 74 29 19 38 10 77 28 0 
6 6 4 11 27 16 6 8 9 2 4 52 101 110 10 19 11 134 11 16 18 20 24 52 11 9 16 17 14 5 18 5 90 255 16 82 7 10 34 15 31 13 0 
7 23 11 63 35 26 38 17 4 8 21 70 87 173 15 49 10 48 255 53 14 24 51 86 80 34 42 32 20 17 25 10 88 94 74 41 9 8 66 63 50 57 0 
7 25 12 26 40 101 10 19 20 3 13 71 193 112 12 49 27 41 255 14 14 31 34 64 40 17 17 30 7 32 11 8 140 37 81 177 17 15 46 25 28 3 0 
1 83 49 65 164 48 7 9 46 21 52 217 125 35 19 106 20 198 67 55 119 80 106 255 30 70 21 70 35 41 32 14 118 29 44 71 29 19 168 45 26 25 0 
18 58 131 220 152 210 7 17 95 8 122 162 31 95 9 67 9 101 115 54 76 111 181 192 116 255 21 78 47 16 29 16 36 91 44 76 31 72 145 50 41 14 0 
5 18 224 109 45 97 7 4 21 14 23 27 16 36 8 5 10 35 33 28 26 59 255 78 28 196 24 43 7 8 5 7 35 26 36 68 13 15 78 17 33 4 0 
48 106 38 35 127 41 21 32 74 9 34 18 28 75 15 40 32 85 47 48 122 247 136 255 65 15 11 76 25 7 33 16 61 62 85 47 63 5 132 34 76 109 0 
9 32 7 16 121 48 3 24 133 21 42 49 36 129 28 146 21 68 111 88 67 69 79 255 14 35 13 113 72 29 40 25 28 46 130 185 81 44 57 40 82 30 0 
19 29 9 30 162 67 25 39 232 21 114 53 57 158 27 228 123 43 128 56 117 39 55 185 35 48 35 140 54 46 109 28 39 29 98 95 31 53 255 75 16 42 0 
12 28 11 31 125 39 6 27 162 10 76 121 53 207 20 254 85 43 115 135 190 85 77 160 28 21 30 125 49 27 88 70 11 72 101 196 27 104 255 78 28 9 0 
3 20 4 21 54 18 11 12 35 9 143 24 14 98 19 255 66 32 56 219 128 46 48 137 16 30 42 77 36 40 19 19 10 61 81 115 48 92 156 46 12 5 0 
7 28 16 57 56 31 37 29 46 34 133 34 9 179 11 190 63 26 172 255 32 23 35 85 8 22 24 96 105 150 9 8 29 219 137 133 119 56 136 153 25 56 0 
3 4 4 27 40 16 18 28 27 36 140 35 19 181 13 54 56 26 66 255 76 64 11 83 4 25 57 64 105 126 30 13 28 208 77 52 72 91 132 97 28 49 0 
6 12 3 28 0 13 8 56 50 13 121 9 9 122 11 51 27 83 85 56 87 42 6 95 24 5 14 61 97 54 30 4 3 255 16 13 94 76 94 44 62 46 0 
27 37 62 56 12 2 136 64 142 52 214 35 22 65 27 111 24 55 77 193 194 23 31 255 55 34 242 61 71 84 167 17 37 174 56 91 87 170 120 196 15 14 0 
4 38 31 36 25 26 122 95 147 46 107 21 10 79 14 55 21 36 104 71 54 36 26 96 52 44 248 89 102 137 200 6 35 108 36 62 185 225 56 255 20 23 0 
2 7 18 43 24 12 61 21 86 24 85 6 3 18 10 28 35 13 34 71 52 26 10 170 53 38 71 26 29 69 62 6 26 86 68 77 102 98 22 255 28 17 0 
2 5 4 16 27 9 16 4 12 43 18 5 6 24 3 71 85 3 11 40 8 8 11 20 72 51 7 54 12 7 46 1 22 64 19 51 255 52 16 56 5 10 0 
10 10 4 60 112 36 60 4 102 67 88 34 28 22 16 75 58 30 45 74 153 31 36 66 255 104 29 144 29 41 125 13 59 129 66 25 133 180 37 11 22 45 0 
5 7 3 6 58 51 37 5 19 21 73 22 18 33 15 36 24 42 16 46 110 55 20 32 109 89 18 125 12 41 12 14 62 59 100 66 255 87 14 89 24 26 0 
25 20 15 78 109 43 50 2 133 12 49 75 19 54 27 92 39 20 65 54 38 48 21 84 110 161 9 175 37 47 88 27 69 113 117 84 255 150 45 108 27 66 0 
26 16 4 48 48 24 22 8 36 6 45 41 5 5 15 46 8 23 7 39 35 8 3 43 35 2 4 76 15 29 17 10 15 74 18 101 255 39 10 35 11 49 0 
11 12 7 28 54 24 36 9 48 21 51 10 12 28 9 53 15 7 32 30 31 20 3 26 13 38 38 75 19 18 39 5 51 68 8 78 255 55 17 97 16 9 0 
13 13 6 52 22 30 35 6 73 51 34 18 10 46 8 33 22 20 28 46 37 72 33 54 48 28 36 96 20 40 76 13 34 125 48 23 255 38 29 100 15 42 0 
7 2 8 50 9 34 30 5 136 64 24 22 9 77 24 68 24 25 29 38 43 13 41 37 32 27 48 37 20 255 53 6 47 142 62 14 66 21 44 24 11 4 0 
50 65 18 56 59 69 67 22 249 26 119 104 33 64 46 154 68 45 16 93 92 51 73 58 49 90 22 57 13 175 78 33 5 190 63 255 232 107 83 96 21 4 0 
21 14 8 41 54 112 26 11 83 6 22 33 28 50 9 185 161 33 31 37 38 12 59 74 23 233 33 55 14 71 59 15 24 63 80 233 255 49 46 35 29 46 0 
111 194 13 183 171 97 48 42 255 11 66 62 77 45 61 148 106 50 65 93 242 100 102 57 72 134 66 115 30 96 52 35 95 186 154 232 67 63 68 143 49 192 0 
31 158 16 176 153 44 23 29 96 24 44 24 30 40 67 37 55 40 18 102 64 60 90 255 32 17 9 24 40 29 83 20 21 131 165 127 45 66 55 56 20 25 0 
36 65 23 82 235 46 31 16 255 22 83 127 73 35 58 81 72 39 36 67 64 3 88 111 87 32 15 42 41 56 135 23 41 210 168 78 65 56 50 95 14 69 0 
8 45 11 26 133 31 16 22 255 7 28 57 26 47 33 61 39 33 5 21 1 13 37 41 29 0 16 18 14 30 16 6 38 118 48 51 5 62 23 36 18 28 0 
6 20 11 66 77 17 18 16 255 7 21 61 29 21 11 22 21 25 14 24 64 8 10 29 33 10 15 11 14 40 40 11 27 147 60 31 12 21 26 38 18 21 0 
5 12 10 18 89 12 14 12 255 4 18 40 13 36 8 24 14 22 9 17 15 6 2 22 9 6 13 8 15 12 50 13 61 44 30 16 8 3 21 33 8 12 0 
9 11 41 19 33 19 10 59 255 7 15 11 10 17 29 16 7 32 17 77 20 4 12 13 10 10 10 14 22 32 55 31 119 30 41 41 13 31 35 33 2 48 0 
46 8 54 71 85 52 58 139 109 11 50 62 61 28 115 81 59 68 33 81 51 6 65 23 3 33 68 5 31 86 116 87 240 195 53 42 98 80 81 234 9 255 0 
34 5 55 28 29 17 36 118 143 8 27 113 88 38 46 27 48 25 7 35 38 9 65 18 15 53 39 2 12 39 108 207 255 196 27 16 28 43 29 154 16 84 0 
128 7 14 38 119 19 47 163 255 24 155 46 46 53 19 32 30 38 24 43 31 10 42 17 37 8 13 6 12 87 128 43 84 133 43 8 47 40 31 41 13 53 0 
132 11 57 17 17 32 37 122 112 54 172 31 50 33 6 25 36 60 29 39 49 11 35 30 34 6 16 14 11 166 81 23 128 255 55 44 8 11 25 41 25 17 0 
23 23 4 78 254 155 33 239 86 114 22 40 104 53 19 47 16 56 23 40 16 20 30 63 231 255 22 19 6 162 58 23 130 159 56 34 27 43 23 48 56 40 0 
3 18 24 113 99 90 35 78 54 26 53 56 138 38 29 79 58 88 1 75 129 60 39 163 29 109 16 2 5 28 157 24 255 131 91 151 14 32 91 99 122 84 0 
102 27 31 54 168 80 53 149 255 42 91 41 18 73 79 6 84 74 15 105 58 60 18 81 115 43 8 31 13 57 153 26 212 252 162 116 4 61 54 98 117 61 0 
72 47 31 83 119 60 23 49 45 22 24 74 56 19 5 76 60 39 55 93 75 52 33 78 44 55 12 45 14 102 106 32 255 220 90 40 29 79 77 99 72 49 0 
26 16 13 70 137 67 43 58 40 23 47 74 53 45 36 88 60 28 41 64 18 52 38 78 53 43 33 50 19 52 118 20 154 255 78 97 31 41 15 42 26 50 0 
6 30 21 90 147 97 48 55 165 11 130 255 60 44 34 179 54 67 70 64 59 65 43 101 21 56 55 29 20 13 203 46 240 212 98 193 118 91 102 57 33 65 0 
9 8 13 99 77 47 28 8 29 23 106 210 32 33 19 58 38 38 13 36 74 41 30 42 71 25 15 20 14 8 79 255 80 79 45 140 31 16 15 41 13 30 0 
13 14 6 45 92 87 22 37 72 15 116 168 71 14 35 67 69 9 51 88 25 68 37 113 81 116 26 74 37 15 116 179 114 114 100 255 26 42 133 47 42 133 0 
4 16 5 39 37 114 11 4 58 11 9 86 31 32 19 100 60 34 82 42 35 30 12 38 86 173 10 38 20 32 74 18 56 57 56 255 42 39 86 39 33 29 0 
8 10 11 66 31 47 17 4 13 4 16 48 35 7 12 97 21 32 89 28 43 23 5 50 23 94 8 22 17 17 51 7 25 30 50 255 29 17 104 26 75 23 0 
24 38 14 76 61 36 24 19 41 26 39 173 133 27 16 153 31 38 59 62 45 91 4 111 60 63 11 55 31 63 103 23 93 78 87 255 13 93 107 64 44 20 0 
20 46 7 255 51 192 45 9 43 63 43 188 236 50 29 160 66 148 21 73 96 98 29 50 73 231 36 114 21 136 36 33 20 92 133 122 54 96 126 56 52 75 0 
63 12 6 38 30 40 23 14 30 56 17 11 255 34 9 39 22 56 21 26 34 59 32 13 9 78 12 31 19 97 54 13 43 40 27 188 32 26 81 31 12 23 0 
24 49 15 109 69 92 52 27 6 40 49 137 241 136 28 167 32 82 52 72 168 73 79 191 32 72 35 29 29 118 52 37 130 84 98 255 53 146 175 79 44 60 0 
6 40 3 79 19 19 22 7 35 10 15 44 191 18 4 54 19 28 20 23 64 33 15 66 7 31 10 13 10 17 39 11 16 19 42 255 30 39 33 52 14 2 0 
76 100 13 124 77 64 9 12 17 13 12 89 208 100 39 50 21 119 58 74 15 53 34 184 91 52 33 38 30 39 35 11 126 189 54 255 66 113 31 135 7 41 0 
32 75 10 184 70 57 16 7 12 38 22 120 117 45 55 73 6 64 255 98 39 21 43 61 12 134 66 28 76 106 93 16 103 143 136 196 69 98 14 163 15 46 0 
14 71 3 115 57 25 11 11 29 12 57 150 157 20 11 55 7 25 97 26 28 37 4 41 61 19 25 25 42 107 70 9 126 75 29 255 61 69 15 172 22 49 0 
11 50 5 128 74 40 5 4 59 68 128 233 63 63 12 30 3 112 26 35 15 8 10 87 139 3 16 27 21 20 83 67 86 93 59 255 135 25 18 154 15 22 0 
67 22 6 34 99 73 50 18 24 24 76 255 134 2 11 51 13 22 100 40 101 45 34 164 66 57 39 58 34 54 112 27 51 122 53 229 196 43 33 89 21 27 0 
18 25 9 22 129 79 11 19 31 11 140 223 40 11 23 54 41 42 39 27 16 12 15 100 108 24 24 89 75 86 117 23 101 131 50 255 121 86 46 61 22 50 0 
24 59 15 78 150 62 26 43 63 17 78 225 94 85 28 125 46 48 57 32 176 60 3 118 31 27 18 32 96 37 114 18 43 143 77 255 102 179 74 83 7 49 0 
19 14 13 66 119 58 22 34 65 11 73 72 78 28 7 255 33 72 22 25 83 57 18 69 49 59 2 14 66 32 74 17 36 88 95 7 112 137 42 18 33 27 0 
10 23 12 59 162 93 36 24 75 2 96 65 82 60 40 191 140 47 46 201 108 79 30 145 27 56 27 156 116 52 48 28 15 62 128 148 255 179 59 54 39 34 0 
24 22 13 29 36 61 22 30 34 42 62 98 34 19 14 56 16 26 21 255 79 38 24 63 77 136 29 148 120 83 28 9 23 28 61 109 139 80 128 28 4 18 0 
14 10 13 101 30 10 36 48 29 37 11 36 8 12 12 20 8 72 16 65 38 17 9 37 12 14 32 118 255 39 17 3 13 33 48 24 55 100 97 43 15 8 0 
104 22 134 255 115 75 35 205 95 6 4 17 20 15 49 84 20 15 16 144 143 33 66 112 29 147 59 113 107 114 3 7 30 66 195 49 219 156 63 67 51 71 0 
33 9 85 79 20 13 15 19 11 18 16 29 20 17 9 24 8 2 10 32 73 27 53 35 10 43 2 79 41 3 21 7 32 4 82 9 255 82 21 18 30 24 0 
54 8 32 3 34 22 10 5 20 20 25 9 24 12 7 20 14 3 13 16 30 6 9 14 10 21 4 15 57 20 25 11 29 33 37 8 255 37 26 40 32 14 0 
15 2 12 33 26 10 7 2 8 4 14 12 11 9 13 8 7 6 4 8 60 4 4 28 5 6 6 14 18 14 15 9 11 19 45 7 255 12 11 9 12 18 0 
6 5 10 28 53 34 19 8 29 24 37 16 22 29 27 40 19 5 13 19 54 17 23 33 17 18 11 14 14 37 38 29 22 67 50 24 255 13 12 36 13 30 0 
7 17 30 62 80 48 22 9 49 26 36 27 25 22 39 53 19 4 19 37 59 5 21 8 20 31 11 21 50 39 18 37 30 96 26 17 255 9 33 62 24 32 0 
12 28 18 148 90 36 27 5 51 34 24 53 43 48 26 22 22 22 16 32 23 20 18 52 56 49 10 48 70 32 65 22 19 140 49 23 255 18 43 58 24 46 0 
110 120 35 227 160 68 49 7 101 36 70 120 94 36 71 95 65 48 43 65 220 83 32 99 65 35 37 98 93 111 52 34 7 255 107 28 150 12 69 78 56 90 0 
254 58 35 58 115 82 29 12 71 22 53 78 69 65 44 80 57 38 49 58 73 33 30 95 59 74 28 48 39 56 75 27 28 255 88 73 102 41 53 22 26 120 0 
50 18 19 123 161 90 186 15 109 35 149 49 99 94 43 92 82 34 51 51 204 51 46 94 59 67 71 54 56 100 92 56 36 255 125 46 78 36 59 101 44 150 0 
13 32 28 129 148 91 143 31 112 80 120 31 81 48 63 86 97 23 63 160 91 42 56 16 62 39 131 72 52 67 48 49 36 255 143 101 69 22 90 208 56 93 0 
57 34 49 99 190 84 58 30 93 255 95 33 100 90 48 121 75 28 68 83 69 47 69 69 56 56 57 30 60 173 156 80 12 230 198 100 18 39 72 152 4 102 0 
94 56 94 138 217 123 74 19 140 64 94 39 91 25 71 119 88 32 33 89 86 69 72 114 59 49 34 31 65 241 34 56 44 255 202 67 53 85 55 175 51 102 0 
126 82 132 214 235 118 65 35 118 105 255 132 119 137 88 152 96 75 101 108 167 90 58 61 82 56 26 65 73 194 170 96 22 233 186 67 90 121 97 157 60 150 0 
193 27 188 151 112 45 30 8 29 36 255 99 83 94 41 63 55 21 16 37 129 68 18 7 41 27 17 11 19 81 102 82 64 232 132 28 29 75 32 35 22 98 0 
75 26 47 83 31 22 10 6 50 15 136 81 105 103 20 48 13 25 61 15 47 22 8 48 13 19 2 15 7 25 75 69 43 255 65 42 29 38 42 49 39 41 0 
53 2 19 24 23 15 10 4 18 9 134 62 17 121 32 45 25 17 55 15 36 19 5 35 6 16 3 7 10 21 28 29 35 255 48 36 18 39 38 14 47 16 0 
188 57 67 42 60 29 21 7 60 24 198 81 10 106 7 69 33 11 46 36 82 20 35 255 18 15 9 9 32 57 18 10 68 92 115 48 17 55 26 18 58 45 0 
63 33 101 255 116 89 37 32 150 51 138 233 60 78 78 27 59 33 90 74 43 53 49 110 105 35 20 13 57 131 30 21 60 204 85 34 9 36 85 49 75 41 0 
44 56 15 79 220 67 56 30 255 42 93 129 60 110 53 145 38 63 63 121 10 71 114 93 78 16 26 30 29 101 66 14 51 73 129 8 53 27 84 94 37 79 0 
39 50 10 255 145 78 54 38 30 32 98 208 69 86 16 61 44 59 51 48 78 78 99 74 64 21 18 35 59 71 94 15 117 133 101 71 19 42 63 25 38 44 0 
76 45 36 189 207 114 54 43 255 66 127 77 81 100 26 142 42 66 30 76 118 173 86 143 42 39 20 27 74 68 16 17 136 114 99 76 40 76 66 73 53 90 0 
35 25 21 104 255 125 58 33 147 69 163 206 83 125 34 168 85 76 111 120 157 47 58 135 72 72 16 19 72 136 152 26 112 243 124 66 51 85 91 38 59 64 0 
21 40 29 33 200 93 40 22 233 139 127 255 69 54 35 127 23 67 41 80 28 62 24 9 43 17 18 48 25 70 13 22 82 161 137 74 66 23 81 58 73 101 0 
13 18 11 255 118 72 45 16 101 142 136 154 63 25 11 105 45 63 60 65 29 26 28 40 35 16 10 20 46 223 61 11 47 111 91 137 21 36 25 17 44 40 0 
21 24 13 113 136 71 19 20 255 35 140 226 56 109 13 69 56 69 19 66 23 80 42 19 42 12 12 16 48 115 80 15 85 127 73 8 22 39 68 40 13 57 0 
20 35 36 255 208 101 57 35 182 57 146 194 74 40 24 92 65 110 65 62 69 167 52 85 53 14 5 47 35 56 116 61 99 142 89 135 12 45 82 22 46 58 0 
19 15 33 170 142 112 45 158 221 27 206 129 47 147 22 75 99 150 89 65 148 255 60 114 50 21 29 49 11 82 89 84 124 123 123 97 34 18 88 49 50 32 0 
11 29 17 52 57 22 8 136 221 14 52 153 30 25 4 123 24 60 20 25 94 255 27 65 24 6 5 11 20 38 24 12 69 52 42 41 14 17 22 19 18 18 0 
9 8 7 32 14 4 9 72 255 6 12 43 10 6 14 22 10 24 15 16 42 68 5 22 14 10 11 5 9 10 20 5 13 14 6 23 18 20 3 48 7 12 0 
19 7 82 34 47 10 14 122 255 14 33 29 10 21 6 14 13 45 5 38 43 22 44 112 37 34 21 8 39 19 58 3 30 19 20 34 23 66 6 59 12 17 0 
10 11 52 22 35 27 25 255 121 56 34 42 34 31 32 75 34 145 23 52 140 149 31 39 143 43 47 23 27 41 46 6 45 59 51 72 163 78 16 77 39 15 0 
2 19 17 39 32 30 17 239 255 8 56 69 21 38 16 46 15 146 15 33 110 114 6 39 75 48 8 19 35 23 18 1 41 54 30 101 86 25 10 61 13 14 0 
5 10 13 44 16 15 12 152 255 11 26 133 24 20 6 54 43 151 12 27 143 79 13 18 43 30 2 22 29 9 23 6 73 51 18 60 31 28 13 53 15 13 0 
6 10 10 51 60 30 13 78 100 12 58 131 49 19 12 47 32 255 9 32 120 138 23 15 17 35 11 33 13 11 10 7 33 35 39 39 7 20 13 63 18 21 0 
9 20 6 80 61 19 15 58 107 36 72 168 44 57 20 16 37 255 30 36 100 166 5 35 13 5 5 45 9 50 49 7 100 51 27 55 29 19 8 25 14 17 0 
11 23 5 57 80 39 13 27 153 26 155 202 77 42 23 40 36 255 41 45 68 116 3 57 32 4 5 33 25 24 57 2 74 107 92 38 42 21 8 53 20 15 0 
5 21 7 87 127 105 28 32 76 54 77 93 86 140 16 13 40 255 16 62 106 19 33 88 33 162 21 66 47 76 112 45 46 76 100 11 51 44 32 133 34 21 0 
5 26 2 72 93 18 25 15 84 15 255 173 91 31 17 46 41 179 41 50 63 47 28 37 20 22 10 65 45 23 164 91 133 110 74 6 17 5 54 49 12 25 0 
3 30 5 29 78 17 61 21 19 4 26 227 161 13 19 23 14 255 37 89 44 26 16 27 5 15 114 31 22 24 29 23 3 99 21 14 43 19 38 100 21 12 0 
5 12 1 24 31 7 16 3 32 2 53 255 65 53 14 14 10 65 35 15 15 7 0 27 7 6 6 12 2 8 21 4 54 65 22 13 10 10 14 23 13 11 0 
3 9 1 22 27 16 8 3 4 2 118 255 73 14 0 4 10 161 27 22 20 12 5 12 18 3 2 12 9 8 12 7 102 103 38 7 11 13 16 25 4 14 0 
3 8 1 27 18 27 7 4 21 3 117 148 156 154 20 15 12 110 101 27 25 6 10 5 24 7 2 14 12 12 6 3 95 255 48 16 14 7 10 21 7 19 0 
7 17 0 9 13 40 3 6 7 1 43 46 29 237 5 17 5 115 146 15 17 9 10 6 23 4 1 5 6 8 6 2 98 255 23 24 14 10 7 13 8 7 0 
31 60 6 19 15 27 7 60 29 7 15 78 166 19 1 60 13 255 218 41 27 16 19 12 17 26 14 9 25 2 6 8 113 110 30 35 11 17 14 5 3 26 0 
2 17 3 58 57 80 11 34 73 6 84 16 112 149 0 217 30 255 64 106 72 25 30 16 55 86 11 13 40 22 13 13 225 119 30 58 47 28 14 38 8 33 0 
4 17 3 10 38 22 4 66 118 4 16 44 13 6 20 255 14 79 67 63 35 26 17 9 15 19 6 20 30 9 10 6 26 67 4 23 63 26 12 36 12 16 0 
5 13 4 38 31 19 6 14 124 5 38 88 28 46 9 255 4 57 35 67 0 10 8 5 13 5 8 48 19 11 24 8 69 41 11 18 115 15 18 30 8 13 0 
9 5 1 35 38 13 6 35 85 21 38 97 28 11 13 190 7 45 17 255 52 29 2 4 9 13 4 39 41 34 18 6 60 36 20 1 93 7 7 28 5 14 0 
41 1 13 18 28 7 18 144 110 32 10 11 17 16 67 255 20 19 27 18 69 36 4 9 9 7 5 133 140 53 29 6 29 15 63 39 98 32 96 21 5 7 0 
83 20 18 19 61 19 12 199 136 25 41 57 24 37 55 255 17 10 27 119 141 80 5 5 14 13 5 145 85 16 36 4 86 35 97 75 165 94 50 65 12 20 0 
56 5 4 9 46 18 4 50 10 2 8 53 11 11 54 54 17 7 23 44 67 20 6 8 4 7 4 57 16 16 43 4 18 14 9 30 255 45 20 44 5 16 0 
20 2 2 3 45 19 3 12 26 6 10 33 4 20 22 45 11 4 14 21 41 4 5 6 12 17 0 34 15 10 30 8 32 10 16 29 255 14 20 26 9 11 0 
11 17 5 20 73 60 14 28 49 9 51 26 35 9 33 37 22 2 51 63 255 3 20 4 39 80 10 146 69 18 63 16 128 36 37 81 243 68 48 140 17 28 0 
6 22 15 18 43 38 23 31 43 28 45 255 138 53 24 123 41 10 69 63 242 15 1 22 26 34 11 119 51 39 40 31 104 49 21 65 173 16 54 25 22 37 0 
43 41 12 51 46 60 24 22 42 17 43 255 39 6 37 48 63 78 61 66 137 12 18 54 35 40 11 64 66 38 74 37 174 63 71 51 138 71 65 50 24 63 0 
127 109 16 204 75 91 55 30 74 32 73 84 144 91 30 116 77 73 60 105 222 34 76 166 55 117 18 53 98 96 124 84 169 59 48 49 219 82 136 255 33 166 0 
21 22 42 115 85 57 33 29 4 30 72 238 65 75 72 131 114 202 96 93 198 15 70 111 45 61 17 20 89 44 86 55 255 70 158 89 145 42 121 237 27 25 0 
31 11 56 71 106 43 10 33 62 21 74 82 144 83 41 75 37 59 36 45 50 19 47 44 41 42 15 29 75 75 32 52 255 83 72 62 38 44 105 98 21 38 0 
71 25 126 142 124 68 28 23 31 17 44 230 92 32 17 29 24 125 42 17 68 15 9 11 44 91 24 26 61 51 255 162 243 152 77 41 69 211 104 41 18 52 0 
55 1 138 26 109 41 34 22 30 13 33 76 172 49 18 43 11 99 16 21 14 14 14 14 24 21 16 18 56 139 255 168 209 118 78 51 46 207 88 33 23 29 0 
24 18 101 116 179 71 25 32 13 29 52 10 115 101 30 79 20 74 104 35 157 18 16 29 47 39 17 36 93 255 211 84 101 183 55 57 78 238 36 66 50 67 0 
8 41 35 255 160 99 41 45 60 35 38 60 125 46 43 71 26 39 67 38 64 6 37 45 51 43 12 32 112 129 115 56 193 80 83 44 45 49 51 134 51 87 0 
56 39 17 255 154 57 49 32 19 24 70 45 104 84 30 114 22 34 50 40 212 47 49 41 36 40 18 5 96 57 64 30 165 155 66 166 18 168 73 100 57 45 0 
12 33 36 132 206 94 71 46 32 44 57 187 101 122 54 68 49 25 107 72 255 101 92 101 56 77 25 74 110 105 38 45 200 40 137 245 87 120 106 103 58 101 0 
37 129 44 208 181 80 33 39 15 41 62 178 78 55 61 40 27 21 93 64 255 130 56 40 63 73 15 92 77 124 73 50 162 89 116 209 122 148 119 196 48 98 0 
18 229 44 251 122 102 72 50 23 38 92 124 78 102 66 200 107 33 108 34 81 91 30 125 67 86 29 40 66 138 55 33 61 82 115 255 47 221 36 58 72 105 0 
35 120 14 53 126 91 44 40 35 24 74 60 53 15 49 69 65 30 61 29 220 50 20 91 23 113 9 14 55 89 41 36 33 35 113 70 57 75 35 255 38 79 0 
22 44 10 87 43 65 31 15 10 17 22 42 24 41 27 72 28 14 29 33 24 110 18 90 55 20 9 14 22 32 41 15 46 37 36 242 19 68 37 255 17 46 0 
58 198 23 255 56 17 118 11 95 54 38 8 14 33 21 27 22 41 60 63 150 93 76 226 49 35 74 25 101 106 159 19 27 48 163 154 40 138 33 60 54 26 0 
26 105 6 123 45 23 26 6 52 38 42 30 11 3 3 39 4 12 39 48 66 21 20 90 77 36 34 2 72 44 65 10 18 32 74 255 24 49 21 118 30 4 0 
7 31 7 100 52 56 15 6 31 12 46 22 16 26 4 20 7 7 34 28 28 13 18 28 49 38 14 8 39 19 61 6 28 27 100 255 17 48 18 68 30 11 0 
10 50 7 53 76 38 11 12 9 5 36 1 20 12 11 47 19 4 33 35 21 62 29 52 33 31 4 12 25 27 38 9 24 31 101 255 35 47 27 37 23 12 0 
15 83 11 36 148 80 34 21 48 26 75 38 45 75 18 64 43 6 48 52 17 147 25 76 54 13 18 21 22 106 97 16 102 99 58 255 22 18 41 39 55 29 0 
28 22 17 153 202 255 44 27 52 128 64 80 57 77 21 19 49 17 76 42 79 16 61 20 45 203 29 53 54 171 152 17 110 97 73 188 21 51 122 36 65 64 0 
24 13 9 103 131 80 11 16 60 24 10 8 54 26 2 67 63 27 78 48 89 51 79 103 38 221 15 52 44 56 62 18 38 159 137 155 26 104 255 61 54 50 0 
111 20 20 107 136 93 55 11 58 44 168 127 87 70 58 140 96 28 105 104 255 104 127 45 94 163 15 22 77 46 112 36 146 204 183 191 29 121 164 78 91 38 0 
15 116 38 111 81 43 64 22 79 60 255 107 80 35 12 7 88 26 157 94 95 18 104 119 65 68 17 84 72 75 79 42 176 241 111 83 36 93 51 53 52 111 0 
11 67 42 92 37 116 63 45 50 50 255 28 96 57 41 106 123 20 91 126 115 10 69 68 78 136 47 154 41 85 97 23 124 230 169 131 92 31 40 91 75 120 0 
11 39 11 81 39 39 32 23 7 26 58 99 56 50 26 42 21 33 76 151 15 10 17 86 38 32 255 37 1 39 72 25 95 54 91 206 36 81 49 190 102 53 0 
12 39 14 49 65 9 49 35 39 24 169 98 40 35 11 41 12 35 101 33 114 7 38 34 16 37 34 21 21 57 22 29 59 95 137 101 48 64 54 255 85 66 0 
4 18 12 39 60 21 47 23 16 24 186 49 34 71 11 11 36 29 95 15 23 29 37 30 18 16 22 25 8 43 109 8 83 115 134 138 69 66 81 255 53 176 0 
9 16 18 31 45 30 24 14 22 13 197 46 20 124 25 23 67 30 193 7 105 7 32 26 11 40 4 11 7 18 101 44 65 255 85 98 126 48 173 128 125 158 0 
37 76 52 15 61 16 11 13 25 21 227 20 32 224 87 21 93 6 226 43 190 67 41 12 7 14 8 23 11 12 75 21 39 255 71 109 127 55 220 93 99 191 0 
12 21 40 165 242 95 102 85 111 92 137 133 127 135 63 42 105 48 204 106 222 65 105 109 36 101 50 106 109 84 117 21 255 207 72 247 127 172 223 163 106 251 0 
2 26 16 44 91 41 15 43 27 59 63 30 46 120 29 54 37 21 36 39 95 15 30 37 28 20 11 14 35 24 50 13 79 75 92 37 19 82 58 32 48 255 0 
4 19 20 24 61 18 44 106 83 173 89 30 61 33 14 32 40 54 82 42 163 19 22 29 19 25 20 54 11 53 34 12 94 75 117 33 28 51 49 40 37 255 0 
12 16 20 62 105 25 68 255 209 133 23 75 76 173 27 11 48 86 65 107 51 26 54 10 57 33 13 99 11 178 26 24 142 91 38 37 33 149 66 69 26 212 0 
4 18 11 38 39 15 22 122 255 15 41 34 36 8 21 33 24 42 42 43 94 8 52 12 18 25 17 32 11 36 10 8 43 31 17 14 6 40 19 38 3 46 0 
15 7 70 19 91 36 74 84 255 15 13 23 22 6 25 16 13 36 8 135 7 12 79 8 17 56 139 11 32 20 22 4 29 6 17 25 2 34 10 73 9 21 0 
10 17 21 32 61 25 5 225 255 20 12 35 36 74 21 30 19 59 53 10 45 18 66 31 9 45 47 26 10 26 35 1 38 25 30 19 19 18 32 26 14 14 0 
8 50 12 69 19 13 27 255 200 22 30 47 90 8 57 30 45 83 76 38 43 18 74 23 10 44 33 60 9 39 17 6 53 51 24 20 41 81 40 18 15 20 0 
7 37 13 33 50 10 37 190 176 20 46 70 147 255 104 22 23 91 63 55 45 27 58 35 18 27 30 87 35 39 76 13 77 80 35 38 24 64 51 15 22 24 0 
6 26 21 67 43 18 52 159 149 20 87 44 251 255 216 47 35 135 190 44 106 29 57 32 26 41 20 58 28 63 120 25 64 93 9 58 31 54 52 55 14 29 0 
10 35 6 46 46 17 34 65 98 19 41 6 255 129 176 34 16 144 138 42 77 11 33 95 7 20 10 94 26 56 47 15 65 145 55 35 11 7 43 22 35 27 0 
7 62 5 44 40 30 28 51 20 10 32 8 216 144 70 17 7 147 161 34 54 10 16 38 13 10 5 48 17 25 10 3 42 255 43 29 1 31 17 5 17 7 0 
34 72 13 91 36 90 26 68 65 9 19 9 183 120 152 36 6 141 255 29 82 16 59 158 33 23 4 27 25 25 23 8 59 96 40 49 1 20 31 18 15 28 0 
32 144 7 194 144 33 75 101 191 31 16 31 109 149 29 35 19 68 255 67 124 21 51 145 42 45 13 113 67 75 20 15 115 79 50 50 9 65 88 64 32 30 0 
8 38 8 197 52 37 59 104 175 45 15 19 124 53 25 128 16 62 89 158 70 12 44 92 19 18 9 255 61 37 53 10 76 33 42 41 13 112 104 72 20 16 0 
37 10 5 49 28 19 23 255 183 32 30 47 51 37 76 122 6 22 20 146 38 7 19 9 7 13 40 245 129 54 17 11 23 8 94 43 41 99 95 39 3 4 0 
23 2 3 22 25 15 44 44 91 6 17 48 18 14 81 78 10 17 19 41 30 9 14 13 13 6 10 255 57 32 26 7 53 25 31 19 86 58 4 27 8 8 0 
12 26 5 21 37 20 49 31 18 8 25 71 50 10 38 57 5 21 38 17 35 9 16 38 14 15 12 255 25 48 45 17 43 30 26 19 53 9 3 25 3 9 0 
8 51 10 54 64 36 76 44 41 19 83 74 75 41 52 72 41 49 41 27 56 33 23 56 24 32 13 255 51 77 111 21 74 91 14 92 65 101 18 34 13 24 0 
33 51 17 46 92 50 52 60 8 17 44 70 49 71 39 61 18 9 73 15 31 61 18 108 40 17 9 83 43 11 171 61 132 255 21 103 45 254 220 28 25 54 0 
23 5 21 20 22 7 25 26 17 6 48 195 138 59 32 13 14 26 138 1 9 2 10 43 23 78 10 41 16 189 255 140 135 255 17 53 16 255 255 2 13 4 0 
11 22 9 29 27 19 43 27 12 6 9 68 51 16 6 6 13 26 113 0 41 4 9 44 7 17 11 36 18 198 95 32 59 44 23 93 22 246 255 7 8 17 0 
7 6 1 40 32 25 57 11 33 10 25 54 20 13 15 15 12 4 5 7 8 20 10 31 8 21 3 52 27 85 40 19 81 255 14 139 23 60 255 38 15 8 0 
4 21 1 19 37 28 49 12 41 8 26 43 5 4 37 34 25 21 44 10 89 26 5 47 8 8 7 37 27 88 56 6 88 85 20 149 40 131 255 71 14 9 0 
17 31 2 58 37 24 26 8 53 11 44 8 10 16 27 36 30 34 33 18 41 31 4 85 16 29 12 69 15 28 34 14 38 82 28 231 18 166 255 97 31 17 0 
74 103 20 191 42 34 92 47 188 79 149 25 7 19 95 25 13 81 27 120 183 169 38 255 35 12 72 30 222 146 201 7 80 169 77 86 14 175 122 108 61 59 0 
36 61 9 113 42 45 10 22 92 33 113 12 9 5 33 16 11 21 49 42 103 255 18 6 40 33 25 17 62 166 122 7 108 156 145 157 17 132 101 149 31 23 0 
0 49 18 18 47 32 55 28 43 31 79 22 9 31 35 25 16 25 34 26 133 149 13 58 17 171 29 87 75 37 104 3 255 164 114 13 20 90 92 93 27 34 0 
16 59 14 61 23 91 43 25 24 36 37 6 4 12 9 18 5 29 9 24 98 46 7 61 23 88 22 130 86 56 45 11 255 244 61 18 25 77 185 55 10 26 0 
4 57 10 32 15 36 75 32 42 26 59 36 13 70 7 20 15 33 52 23 119 25 25 28 20 56 33 171 82 88 26 10 255 175 116 121 30 121 15 92 30 42 0 
13 10 20 98 61 56 141 58 66 39 91 63 20 139 19 101 17 59 42 28 26 61 44 56 31 46 75 73 61 105 111 15 117 147 42 236 43 16 132 53 117 255 0 
8 12 6 31 40 26 84 22 24 19 22 17 43 95 53 146 44 51 187 62 18 23 17 70 14 25 40 27 33 50 46 12 37 134 98 30 90 59 255 41 125 189 0 
97 43 32 31 102 57 137 64 45 44 25 55 53 198 25 158 45 25 255 37 113 38 9 56 31 61 68 99 72 105 6 27 129 101 77 19 33 88 111 98 109 153 0 
38 41 16 27 104 48 117 50 56 40 32 20 29 42 10 55 34 38 36 42 124 26 43 50 30 63 100 75 77 25 57 5 111 60 26 26 32 83 31 66 70 255 0 
18 35 59 17 152 90 248 91 44 70 72 46 22 255 16 71 24 69 67 60 156 4 116 117 41 95 160 14 106 64 25 34 53 76 47 21 64 41 56 108 72 243 0 
20 23 96 44 181 128 95 59 132 117 69 27 34 197 69 13 36 28 9 39 89 22 46 18 27 184 255 116 229 10 112 20 41 35 38 42 19 16 24 36 94 21 0 
28 10 44 74 139 34 255 24 74 94 172 85 49 175 30 72 99 79 111 40 203 52 81 98 52 52 236 177 126 50 110 18 70 101 19 54 50 37 48 65 164 29 0 
