81 71 12 42 67 22 69 175 31 38 87 47 160 64 15 99 41 70 160 99 181 12 7 108 64 68 74 59 83 47 64 98 45 34 20 44 150 25 95 68 29 6 255 0 
130 41 35 55 38 63 87 255 54 37 36 68 99 9 57 85 33 40 48 95 88 103 38 102 16 58 42 19 68 34 53 17 26 19 10 215 63 106 9 41 31 183 92 0 
84 14 26 133 79 75 88 72 130 67 62 21 26 54 255 89 64 41 7 54 106 76 84 118 34 57 143 90 35 16 71 64 55 81 28 172 101 69 58 96 36 105 2 0 
67 48 155 255 33 68 88 181 97 193 67 220 141 37 213 158 41 125 72 145 183 115 202 210 95 42 24 88 59 10 119 151 158 74 66 71 77 87 32 181 71 130 221 0 
106 35 16 44 19 24 31 127 63 21 45 167 69 50 54 93 16 43 72 51 117 81 102 97 43 29 19 40 34 15 58 96 112 226 28 84 93 29 41 65 44 62 255 0 
35 20 21 8 24 13 33 50 16 29 39 54 39 16 9 9 23 8 5 34 11 14 11 49 21 22 7 32 10 14 18 28 44 38 6 19 38 16 17 20 8 12 255 0 
64 54 44 50 11 25 27 109 11 103 55 28 55 30 52 1 11 37 35 80 23 56 88 49 94 61 29 48 10 40 49 96 14 91 36 153 20 39 25 19 26 19 255 0 
103 39 71 10 48 46 62 82 36 5 37 40 26 47 47 52 23 28 53 63 17 47 18 80 44 41 34 52 46 10 20 18 77 101 8 214 160 14 30 45 28 15 255 0 
111 71 135 52 75 38 114 82 61 97 111 68 25 113 111 28 42 45 55 136 122 43 37 102 109 167 27 116 66 27 43 48 145 255 98 103 115 72 38 28 66 95 176 0 
80 145 103 212 177 98 101 97 30 100 114 36 21 52 82 243 85 85 80 26 37 115 50 51 101 204 125 154 175 51 25 9 209 147 58 255 57 81 48 24 230 115 157 0 
67 255 101 102 93 164 69 56 56 155 55 17 9 44 35 119 137 105 102 158 29 43 74 42 136 145 45 97 133 170 113 58 22 98 81 184 41 35 22 25 161 241 51 0 
13 45 84 103 117 64 58 111 35 103 118 9 16 85 85 67 31 95 103 76 53 57 89 23 187 255 55 83 72 103 44 49 241 40 23 81 67 8 91 90 54 172 93 0 
82 96 71 48 92 72 103 57 15 140 44 29 9 134 39 92 38 16 52 96 10 85 88 64 147 255 43 124 60 12 79 64 132 37 109 156 110 83 35 71 104 103 21 0 
59 39 243 192 192 167 255 168 96 47 57 79 156 219 28 218 91 92 78 110 186 173 224 91 200 198 83 245 196 78 129 46 66 131 246 236 85 147 188 66 227 65 64 0 
99 37 159 98 90 133 68 48 54 104 97 48 78 38 40 124 27 30 36 95 76 37 120 85 20 227 116 37 98 20 15 108 171 68 91 51 141 222 17 255 116 42 59 0 
33 34 80 255 8 108 49 40 48 12 32 43 53 87 86 85 54 64 44 14 81 64 44 79 21 90 78 55 50 14 25 34 101 16 29 131 53 163 54 118 17 33 39 0 
51 12 141 124 75 31 31 16 1 107 29 12 14 70 31 255 47 33 38 17 35 35 23 54 22 136 59 174 80 44 21 15 176 24 14 44 22 170 102 79 17 71 19 0 
53 29 255 202 32 83 42 72 43 223 56 28 43 95 102 175 58 99 71 128 72 122 19 50 42 87 128 111 37 52 103 49 115 34 82 107 56 95 76 61 81 60 92 0 
39 90 156 88 206 98 88 113 46 57 24 72 14 136 207 181 28 13 15 23 121 35 117 67 17 135 29 121 16 28 46 16 201 61 11 57 22 109 255 19 80 35 23 0 
37 94 69 255 57 76 21 60 11 107 62 57 45 69 35 27 148 57 30 21 164 138 39 43 34 109 116 93 146 36 33 19 76 39 28 83 51 96 61 97 148 24 21 0 
103 100 81 93 93 140 116 156 239 99 204 80 69 16 20 83 33 11 95 40 185 146 255 140 48 33 51 157 161 42 40 84 52 36 18 84 122 72 106 120 101 117 110 0 
94 21 21 43 102 115 158 101 124 118 104 111 83 59 51 22 94 139 37 131 255 17 173 50 3 111 40 108 101 54 28 35 142 118 88 121 244 63 114 57 106 94 101 0 
76 49 96 110 25 47 31 38 11 57 63 29 74 24 29 22 71 109 85 103 66 78 43 71 39 179 24 93 163 40 47 25 55 39 83 95 11 29 66 89 255 28 74 0 
38 37 76 28 38 28 110 108 255 156 135 133 184 68 33 90 81 185 119 83 124 35 200 117 20 107 26 46 55 58 29 55 63 95 123 156 64 101 87 40 146 168 103 0 
91 81 72 26 94 47 131 41 118 47 80 109 74 59 67 39 37 122 103 73 13 23 79 39 26 60 46 81 41 33 30 6 51 44 136 105 58 71 255 27 112 118 106 0 
63 56 140 180 217 68 74 85 64 120 161 44 101 13 63 197 88 245 78 250 164 21 250 105 24 64 108 107 16 83 48 59 121 76 132 197 99 161 255 174 133 237 97 0 
29 54 50 48 93 39 71 103 41 16 34 8 19 35 115 24 42 104 69 95 57 37 55 77 15 96 79 90 64 25 53 29 69 31 59 255 8 12 168 75 27 69 62 0 
27 20 12 76 41 36 15 43 26 17 21 18 12 6 42 36 28 48 46 41 49 12 53 47 58 29 28 44 53 32 49 24 53 14 10 75 4 20 255 42 43 81 46 0 
44 28 45 216 21 53 25 34 33 18 28 46 15 48 82 27 55 156 86 54 120 26 98 42 15 21 84 50 27 60 63 56 59 9 77 151 47 17 255 79 149 99 55 0 
71 23 38 72 45 37 115 7 19 37 43 83 29 18 90 55 72 100 15 67 68 22 33 38 14 58 27 49 53 75 41 43 62 25 102 161 48 55 199 43 167 255 86 0 
76 7 18 29 70 77 73 46 61 71 60 77 28 55 109 23 21 93 111 109 25 37 28 17 38 41 39 53 14 79 44 65 56 21 92 255 24 29 25 26 149 18 101 0 
105 65 38 89 68 91 8 76 81 50 32 58 17 15 54 69 47 79 114 113 63 47 58 35 50 4 38 42 89 103 29 24 17 1 109 255 88 15 95 20 174 230 103 0 
255 80 24 199 5 91 51 44 126 82 58 151 47 77 130 80 25 29 103 82 13 103 133 54 79 93 76 74 63 188 84 68 105 38 125 207 89 34 123 41 120 243 41 0 
143 88 67 59 117 235 222 90 74 76 11 48 10 57 123 17 99 112 166 35 70 92 43 66 77 50 76 76 163 36 60 75 14 74 104 207 34 52 111 13 139 255 57 0 
134 8 70 61 225 34 180 133 26 42 8 153 16 41 171 154 11 148 59 34 37 23 58 31 36 25 48 50 102 145 25 22 36 7 113 74 48 55 22 29 255 87 89 0 
87 22 62 40 255 85 242 50 13 85 35 129 58 28 46 14 6 89 70 63 46 71 64 59 10 45 78 128 98 71 38 59 18 31 98 209 91 18 93 53 154 253 29 0 
25 18 32 103 255 74 227 131 9 40 31 109 25 7 26 30 22 15 25 48 10 15 25 37 28 60 57 27 16 24 11 11 14 10 49 48 60 32 11 22 117 51 28 0 
53 6 30 38 247 26 166 255 37 33 38 158 17 13 89 61 23 37 35 46 22 39 79 29 27 23 45 50 67 170 34 13 8 7 45 28 63 38 36 31 76 17 25 0 
4 13 34 46 43 30 73 255 35 22 11 81 14 7 13 37 16 6 45 19 12 22 96 49 19 49 19 38 15 66 32 5 23 10 62 121 18 17 31 4 49 33 5 0 
61 10 27 129 108 119 178 173 44 96 40 175 16 51 28 37 41 38 135 54 12 63 255 44 27 181 82 75 106 171 54 37 32 24 51 176 153 11 73 109 116 79 65 0 
162 50 30 132 49 241 168 134 31 67 64 180 36 71 30 59 73 68 174 114 37 28 172 132 4 133 31 34 149 55 69 37 6 31 26 255 110 15 21 118 93 36 35 0 
28 48 14 72 37 45 99 62 72 156 69 74 61 45 9 33 32 26 59 43 14 61 138 17 48 25 26 44 177 51 9 11 47 37 97 255 190 56 24 17 160 105 47 0 
29 16 17 14 35 111 31 8 45 45 17 51 24 23 18 3 51 31 24 8 36 43 35 44 42 34 9 57 24 19 35 42 41 14 51 255 58 24 37 22 40 56 23 0 
29 37 23 78 30 87 63 34 46 126 72 144 55 55 49 49 36 31 21 40 49 62 26 49 42 24 39 89 36 42 32 31 66 19 72 255 80 20 12 37 49 70 29 0 
30 22 34 61 47 29 30 65 37 63 52 103 54 103 35 41 30 27 52 36 6 95 99 209 13 55 19 32 43 52 11 13 1 10 64 255 164 18 80 86 48 47 31 0 
52 50 71 100 37 26 53 112 64 157 64 83 128 56 37 46 24 150 104 40 8 59 61 166 43 140 56 15 71 20 49 98 74 21 159 255 213 110 18 127 55 144 35 0 
106 60 66 48 30 20 88 90 30 25 70 49 190 65 25 38 79 127 95 33 30 69 113 233 52 104 9 28 107 87 77 27 50 12 141 255 52 58 94 130 59 87 36 0 
114 23 23 34 29 52 15 32 32 7 26 76 170 57 9 16 18 87 25 35 38 75 118 75 23 87 13 16 56 10 13 42 26 18 16 255 89 5 45 72 92 51 36 0 
255 44 15 31 16 77 27 60 59 97 54 110 153 23 42 18 53 88 56 32 31 86 62 176 51 132 23 10 92 58 5 14 71 20 24 224 137 40 48 98 41 7 28 0 
140 28 16 19 9 9 54 52 21 6 25 31 99 7 48 43 46 41 32 35 35 33 127 176 50 121 19 47 60 39 1 17 25 10 51 255 42 17 54 88 53 97 37 0 
92 32 39 84 24 26 44 51 81 50 41 79 56 28 25 70 68 46 18 9 15 79 79 255 35 71 71 43 107 23 17 52 53 5 95 249 77 48 99 120 41 54 35 0 
44 11 46 58 51 39 76 28 20 49 25 26 15 42 22 5 32 41 37 17 15 81 140 255 16 72 40 33 21 25 19 22 30 23 51 81 47 72 88 116 107 64 28 0 
114 5 28 246 222 72 121 133 58 159 32 36 95 18 50 132 188 74 37 17 77 255 243 54 38 236 125 77 163 35 28 84 46 35 61 75 59 175 219 96 217 224 41 0 
152 55 38 78 113 173 179 76 73 90 64 22 85 51 132 53 208 59 92 111 36 137 249 225 74 232 123 143 140 144 54 68 44 71 236 255 158 62 206 147 163 73 45 0 
93 37 45 86 140 103 211 41 72 150 57 162 29 69 30 72 59 134 56 108 181 41 120 170 43 197 63 36 63 28 93 64 90 21 91 28 122 18 90 255 176 188 52 0 
15 42 21 183 28 32 77 29 27 48 43 9 14 11 19 21 63 93 21 57 38 26 145 104 59 140 22 34 58 34 45 63 24 16 112 49 15 26 38 174 255 79 19 0 
109 19 71 127 62 54 157 64 17 163 159 147 47 71 23 56 211 161 98 252 179 74 179 153 82 212 27 70 54 14 48 103 59 0 98 23 108 79 125 223 255 145 242 0 
205 53 9 183 15 73 178 107 134 255 243 177 115 175 37 23 160 138 145 33 164 86 158 130 81 128 64 57 58 66 48 125 143 133 132 234 182 43 72 57 188 248 69 0 
100 16 57 105 84 19 170 43 50 106 113 110 19 69 35 18 73 78 100 133 136 75 188 15 23 68 57 34 141 66 42 218 47 47 40 44 91 47 59 29 87 255 76 0 
85 45 82 108 91 46 102 61 49 62 19 174 47 86 13 255 59 54 59 45 39 125 116 56 51 43 21 160 134 42 54 121 135 10 14 45 22 9 30 110 47 4 112 0 
245 56 48 64 237 88 36 255 45 71 53 36 7 94 54 210 172 46 114 87 46 40 132 176 96 42 37 109 225 47 69 216 228 99 80 197 132 34 88 151 51 110 193 0 
44 30 12 30 27 11 37 36 40 11 47 38 84 60 1 32 82 80 125 62 81 57 124 126 26 51 32 23 69 33 23 126 47 26 62 255 60 7 53 54 27 39 152 0 
99 59 28 73 54 23 9 19 25 73 72 165 44 27 7 71 65 108 100 31 39 84 255 128 33 98 39 19 29 83 3 84 23 73 19 81 34 22 25 54 47 11 111 0 
229 27 46 73 89 115 36 126 15 48 31 205 61 29 14 85 72 105 148 139 75 98 237 43 40 80 60 76 145 255 37 81 98 42 195 73 59 49 81 28 143 83 183 0 
110 23 28 30 82 102 64 60 67 97 97 255 53 100 28 61 13 182 48 73 93 81 134 60 57 105 36 30 41 74 43 75 93 66 188 15 111 40 64 32 42 32 98 0 
18 20 24 80 64 102 89 49 17 36 74 186 37 50 3 44 94 100 25 42 59 73 255 24 46 190 36 22 41 158 44 11 29 25 56 34 10 36 29 37 64 67 21 0 
46 37 27 38 56 94 93 36 20 44 56 115 27 55 98 54 65 71 84 40 62 67 90 43 23 255 46 34 143 155 41 1 52 22 123 56 23 49 7 40 71 66 50 0 
26 64 68 14 180 42 255 22 41 109 34 63 38 137 79 45 177 77 140 121 83 106 247 43 29 119 56 128 38 94 73 74 15 44 251 73 33 251 82 98 121 167 69 0 
26 111 51 133 137 111 56 23 42 83 8 66 15 147 137 73 98 24 42 57 75 90 62 31 55 151 124 92 255 22 56 19 13 46 224 59 60 82 106 28 94 41 46 0 
35 56 60 110 47 103 60 30 30 160 115 97 21 53 43 36 98 138 60 255 86 22 226 58 51 138 125 60 94 44 89 53 22 36 142 84 15 94 180 96 176 52 34 0 
76 68 65 162 127 88 46 84 67 70 186 114 57 71 58 181 165 211 104 57 119 137 255 76 86 58 70 80 63 202 86 63 13 47 107 132 84 48 78 18 60 110 26 0 
24 44 59 150 90 120 84 106 72 139 106 23 55 82 48 158 47 255 95 111 125 81 241 68 27 73 60 72 128 168 60 64 43 41 66 27 54 111 103 5 37 128 50 0 
27 46 31 77 67 70 110 55 37 123 57 30 10 48 72 48 159 177 95 80 38 83 255 56 34 83 48 44 102 133 41 17 14 39 101 40 34 42 58 79 150 109 4 0 
28 28 16 76 56 72 111 39 27 75 43 5 10 79 47 24 90 63 40 90 20 87 103 35 20 73 35 25 31 97 17 11 4 19 28 16 50 42 15 40 255 118 16 0 
32 14 34 55 122 72 96 86 43 106 29 26 10 33 63 67 255 78 47 250 24 70 89 56 1 53 94 95 19 51 130 22 20 41 53 23 130 144 26 55 108 72 15 0 
19 21 59 22 110 108 139 63 18 42 41 56 49 41 38 81 182 46 26 171 7 127 97 74 98 75 70 33 20 34 73 10 19 15 29 27 68 154 53 26 255 100 18 0 
31 29 55 74 58 125 63 55 22 44 47 36 30 21 149 55 109 68 41 255 37 113 136 79 44 65 91 86 9 41 62 25 19 18 73 85 12 33 53 54 101 80 92 0 
17 93 59 61 52 53 173 37 57 5 49 59 42 50 120 106 96 67 83 255 54 98 100 65 24 113 82 29 52 26 39 22 35 20 41 70 44 97 27 36 66 56 102 0 
100 99 46 63 165 109 149 38 140 96 45 106 18 42 98 140 72 255 131 213 49 95 116 41 80 61 94 37 132 80 74 68 43 46 28 92 21 85 65 83 134 36 36 0 
62 30 34 120 114 81 217 58 13 64 132 76 9 3 50 136 46 255 55 138 45 67 142 101 76 72 91 60 49 118 60 102 41 53 32 83 34 53 33 45 53 40 11 0 
37 25 17 129 134 35 94 43 14 74 46 8 21 26 55 140 101 255 32 43 24 33 96 104 7 59 13 52 55 69 49 29 22 10 50 72 53 21 21 74 88 31 22 0 
21 4 74 75 146 112 255 54 26 46 56 28 5 47 144 190 61 230 61 42 22 47 76 67 16 69 57 33 84 180 49 22 16 8 31 77 37 47 65 44 48 38 65 0 
13 24 75 33 57 32 93 30 10 32 40 19 10 39 226 112 41 159 69 40 21 21 95 66 7 65 60 93 40 255 9 38 4 16 38 56 6 36 19 29 35 74 28 0 
7 16 81 143 117 59 223 31 20 20 44 22 9 81 246 219 43 255 36 25 11 24 120 52 6 150 97 109 125 105 16 21 15 2 21 26 26 157 28 29 56 46 12 0 
14 26 151 92 255 149 233 48 19 34 19 70 35 40 56 100 14 24 30 57 5 17 81 65 11 53 60 91 202 191 15 28 17 11 57 30 16 46 43 90 63 40 28 0 
27 29 160 152 235 171 211 60 25 53 41 38 16 36 85 170 27 30 18 18 6 103 49 73 32 62 76 214 108 255 52 15 5 11 68 10 22 27 34 79 1 105 76 0 
76 4 135 157 61 26 255 72 14 30 38 10 28 27 126 150 33 28 36 37 12 31 44 21 22 80 19 240 54 20 10 20 21 8 23 28 25 24 19 17 13 30 22 0 
32 27 129 108 58 60 157 190 5 37 73 51 42 30 102 255 78 78 47 76 99 45 80 44 46 46 76 169 22 102 90 23 51 35 72 20 33 41 27 82 85 49 53 0 
54 17 20 103 33 72 36 16 41 47 60 22 42 22 14 255 14 80 36 34 56 49 66 42 25 31 29 40 54 53 22 82 28 7 46 68 12 8 19 44 8 59 5 0 
86 110 128 93 45 159 107 83 139 160 147 148 123 123 49 254 126 71 71 109 21 166 163 78 82 105 132 255 140 126 83 98 114 115 19 244 24 229 104 66 163 188 82 0 
82 46 116 182 136 81 8 76 88 41 35 51 87 41 50 255 33 76 54 65 51 191 178 102 64 106 87 55 10 146 21 84 68 90 79 114 86 252 209 66 37 46 43 0 
40 29 33 58 16 26 52 8 78 18 88 55 58 42 51 149 20 83 5 89 50 100 79 76 27 91 92 54 50 105 47 33 18 58 11 87 32 255 205 68 118 49 22 0 
19 63 78 98 20 18 64 26 89 35 85 30 10 83 58 59 36 43 32 62 77 53 47 43 59 63 46 59 19 71 31 60 106 47 40 57 55 255 183 104 96 28 23 0 
23 30 20 6 35 9 43 11 26 15 44 64 62 29 29 54 22 20 30 31 13 29 42 79 46 38 31 21 39 38 11 10 38 26 31 7 59 255 80 53 35 61 5 0 
34 61 5 62 89 81 80 108 116 53 144 136 91 130 26 39 32 56 46 51 53 162 55 61 44 35 53 1 44 44 35 162 87 38 57 84 43 255 74 79 180 242 82 0 
53 49 34 14 20 60 43 63 255 68 97 57 36 14 58 11 21 17 28 60 34 56 72 130 64 47 23 6 39 56 25 63 24 78 16 77 40 139 10 59 92 171 11 0 
27 60 40 21 31 37 34 45 255 32 119 82 12 13 98 42 5 25 12 69 15 101 123 21 13 69 25 30 14 23 19 68 44 103 65 46 73 178 43 42 237 116 19 0 
61 6 21 8 23 62 48 25 103 25 11 47 13 11 11 10 3 79 13 27 22 33 59 31 26 27 25 16 29 10 39 24 15 22 30 17 10 137 39 21 255 88 8 0 
108 108 32 72 40 55 46 26 124 73 107 39 44 31 48 67 8 53 48 17 148 53 73 88 48 123 42 31 28 111 29 150 138 164 61 52 37 104 69 21 255 154 9 0 
82 11 107 173 46 71 52 67 86 64 194 255 76 23 125 12 45 145 68 123 162 217 169 87 81 205 115 68 76 80 28 116 63 147 140 95 46 94 18 98 146 45 79 0 
29 85 191 48 151 9 53 17 99 27 106 183 56 89 69 165 31 50 70 68 91 255 83 120 67 122 136 177 63 36 55 60 83 210 35 52 93 151 79 81 48 11 70 0 
92 93 88 60 15 39 14 55 20 55 87 100 26 62 67 145 44 50 76 67 66 163 38 22 26 96 106 131 63 32 41 59 71 255 49 17 77 36 5 112 97 99 22 0 
25 108 115 61 237 137 107 44 72 142 138 145 34 43 69 147 160 59 101 135 99 211 82 138 105 64 41 255 23 129 82 105 139 235 56 134 110 38 76 88 221 75 76 0 
32 82 146 135 125 104 212 42 35 114 158 98 45 72 42 52 60 147 67 103 14 248 200 118 48 91 26 255 175 96 67 66 99 78 50 48 53 114 82 161 231 99 47 0 
85 68 205 172 72 142 139 70 102 148 224 135 96 75 160 239 34 123 255 69 147 73 238 15 59 150 156 119 105 145 8 102 161 40 88 41 45 154 44 107 218 129 156 0 
93 57 74 40 65 140 74 61 43 87 123 86 81 33 30 154 11 43 116 131 85 22 170 109 41 63 46 255 42 70 64 46 84 18 27 66 95 107 36 183 21 126 114 0 
61 20 53 95 11 43 87 40 61 36 255 68 27 51 31 71 25 118 60 69 11 77 196 58 34 61 120 124 72 39 36 54 42 48 68 15 28 72 124 71 122 78 75 0 
77 48 121 140 30 139 104 147 167 41 242 122 97 73 19 61 61 122 98 255 35 103 190 19 22 43 68 77 13 12 56 236 157 50 9 137 88 156 67 120 170 42 76 0 
25 68 143 84 63 49 121 127 55 82 131 125 119 27 46 80 50 36 140 204 18 43 115 144 48 213 32 135 118 63 56 86 65 59 44 122 16 101 18 227 89 255 90 0 
34 69 20 104 41 42 139 25 30 19 71 59 38 75 94 100 29 146 111 87 41 39 122 57 52 117 157 255 126 63 93 37 56 10 32 76 27 65 6 143 143 54 93 0 
61 66 66 129 97 172 170 142 14 50 251 220 95 144 185 143 83 84 205 172 10 159 135 69 84 61 139 237 55 40 79 57 114 72 64 201 67 103 173 241 66 255 68 0 
93 75 44 222 56 138 137 48 53 99 51 113 25 17 104 118 169 82 228 83 190 136 174 104 41 58 159 46 66 14 37 209 194 180 169 204 84 79 64 255 96 194 138 0 
18 42 83 74 51 51 22 62 30 43 17 51 3 36 6 42 24 30 79 95 174 42 86 80 34 51 56 16 37 10 25 55 60 88 5 26 42 18 58 255 64 100 22 0 
9 30 56 116 39 32 60 50 26 35 143 56 33 41 82 17 52 65 79 68 42 37 31 64 44 34 54 132 33 2 8 35 47 92 26 33 49 26 52 255 71 66 51 0 
49 25 28 5 29 18 88 43 32 69 78 11 8 18 39 9 42 30 109 42 20 104 46 59 18 25 30 15 40 16 56 112 68 76 65 18 57 22 36 255 85 182 53 0 
65 17 26 37 28 19 96 66 44 43 62 93 8 28 18 29 39 27 30 70 10 121 33 103 49 16 27 10 9 49 43 99 135 64 9 8 24 18 10 255 11 57 23 0 
40 50 9 9 15 70 5 51 6 37 28 25 41 21 16 18 19 103 42 65 42 134 17 40 38 35 14 10 23 64 54 83 156 255 48 62 18 20 14 106 61 24 42 0 
25 38 68 30 56 119 38 23 23 62 32 47 53 7 59 82 39 173 23 54 39 70 32 134 27 29 29 26 91 110 44 67 30 44 73 110 28 24 27 46 255 28 48 0 
38 17 86 58 2 73 23 22 17 54 81 25 11 28 39 64 37 95 8 31 49 93 42 88 22 55 42 57 133 75 46 73 52 46 62 125 255 34 27 117 205 28 80 0 
63 36 54 97 106 80 80 15 20 179 33 30 36 56 20 98 142 138 21 110 44 241 37 195 5 118 40 80 140 74 94 190 38 255 231 134 51 53 76 48 126 98 108 0 
100 120 113 75 96 84 64 42 54 255 45 74 72 98 45 113 65 181 47 143 75 178 126 133 26 167 66 101 73 92 119 97 119 95 107 112 28 35 39 136 66 71 168 0 
13 44 55 46 46 83 64 41 31 79 15 19 12 35 32 66 58 97 33 120 29 206 110 91 5 48 44 52 52 18 28 70 53 60 255 10 19 25 41 10 104 27 26 0 
31 79 100 54 31 99 79 66 56 108 101 20 28 63 20 105 19 68 3 196 70 111 47 145 29 180 98 72 73 25 46 208 30 212 255 62 67 55 29 40 105 119 57 0 
87 8 104 57 26 80 140 114 15 130 76 63 3 61 36 124 39 195 50 143 42 255 29 66 57 104 102 40 69 34 80 192 33 171 228 53 75 64 23 86 100 91 46 0 
84 97 33 15 62 130 105 66 66 90 67 77 23 36 36 102 110 137 57 254 69 105 54 115 66 121 114 70 29 9 73 255 35 202 154 152 61 70 96 32 19 57 67 0 
43 56 39 26 16 35 146 61 58 46 44 43 24 2 13 51 63 126 50 26 59 82 55 112 46 68 86 53 60 37 39 27 46 79 255 106 28 50 15 62 102 12 42 0 
20 40 38 60 153 152 109 124 24 46 36 104 23 36 74 127 21 58 33 29 55 137 29 128 44 106 56 17 36 74 46 73 20 95 255 26 87 52 66 20 86 32 85 0 
74 26 34 29 150 143 255 71 48 30 59 214 41 34 70 74 53 169 56 107 105 71 82 55 48 49 88 63 185 97 103 136 18 123 193 85 37 40 88 45 112 125 19 0 
29 79 26 21 63 108 104 49 48 22 33 180 18 11 89 47 98 86 40 32 121 99 3 83 28 40 89 45 35 36 22 94 43 130 255 40 20 43 80 46 52 84 32 0 
7 50 44 24 69 132 208 46 12 50 102 86 8 63 113 63 104 255 81 70 141 44 138 60 93 34 86 86 3 42 56 121 53 52 193 49 15 35 169 117 29 62 29 0 
61 116 22 150 48 68 254 69 25 63 158 114 82 30 191 149 88 127 80 39 118 99 233 80 70 104 137 85 93 55 121 98 48 234 255 109 98 102 130 67 73 120 114 0 
13 10 23 88 10 93 141 22 36 50 98 70 9 34 53 42 33 102 34 9 255 84 78 34 27 68 21 51 8 34 45 57 12 45 177 58 29 31 67 37 41 3 40 0 
8 22 78 112 40 112 53 26 35 7 103 48 5 39 89 50 31 39 32 34 255 50 47 44 2 71 42 34 113 63 27 22 18 11 99 43 3 26 29 77 69 40 20 0 
39 19 116 40 97 103 255 16 33 46 97 65 31 14 80 84 55 21 31 60 233 11 61 29 28 91 45 182 105 183 32 46 22 42 100 76 16 18 55 70 28 58 56 0 
32 22 236 139 122 134 158 20 15 19 30 8 6 39 132 167 40 43 21 33 29 40 51 22 7 17 20 193 255 106 13 3 68 44 126 7 28 25 49 16 9 21 36 0 
75 31 231 91 255 116 141 74 39 8 24 40 25 63 214 48 155 9 66 35 231 138 76 28 22 33 24 135 185 180 35 59 78 15 73 55 63 45 11 57 50 72 42 0 
11 47 139 54 142 195 154 24 12 10 6 31 48 92 217 62 40 56 42 71 106 115 108 49 51 133 101 178 255 114 49 53 30 29 110 76 43 53 44 46 75 95 44 0 
14 16 52 19 87 104 35 41 79 19 26 13 15 29 20 40 44 61 25 45 202 34 43 28 25 49 64 42 255 138 29 57 11 34 10 95 52 25 35 61 50 107 19 0 
81 12 68 52 100 138 207 160 82 81 84 27 30 100 222 185 54 50 112 34 196 31 240 44 92 163 135 219 139 77 114 182 92 49 214 255 127 103 153 96 138 225 82 0 
27 68 41 255 70 142 97 29 83 15 128 65 30 178 90 42 90 121 61 43 206 86 99 147 27 63 112 38 152 19 89 115 11 14 38 115 48 43 39 63 129 142 33 0 
42 54 57 255 77 208 42 60 84 96 59 118 119 69 196 139 65 28 44 54 170 51 163 242 36 72 184 13 127 189 51 97 69 16 143 92 42 114 25 47 116 208 140 0 
59 46 68 72 31 108 50 46 36 44 74 200 164 128 158 116 27 153 87 47 179 43 109 43 31 200 211 101 112 85 129 179 39 28 37 60 78 36 29 61 255 105 65 0 
199 31 19 107 224 81 48 105 132 64 92 19 129 69 150 131 53 39 76 123 102 17 63 255 55 106 155 118 35 130 83 44 52 45 58 248 195 138 63 152 12 88 48 0 
27 27 19 44 70 28 31 27 113 41 21 23 24 64 40 34 36 48 38 47 14 39 36 185 30 59 45 24 20 44 33 5 11 6 35 255 13 39 43 19 51 47 5 0 
56 42 1 11 113 45 19 17 93 30 112 69 53 16 32 40 38 61 27 8 53 29 71 184 7 55 33 23 44 35 24 36 9 13 52 255 30 29 25 45 52 28 18 0 
210 44 88 75 255 24 38 107 76 73 69 15 44 59 95 81 94 66 25 76 52 15 105 181 38 37 63 25 60 94 111 117 19 30 14 92 32 43 30 23 114 25 21 0 
255 91 107 50 167 64 161 240 79 48 133 32 52 68 158 149 87 166 125 198 54 59 254 144 25 136 137 60 192 191 104 53 21 89 239 226 98 54 53 120 76 134 101 0 
158 75 63 114 44 234 203 65 18 91 59 19 42 72 174 255 156 205 95 83 133 231 66 51 89 95 155 48 176 162 211 91 43 53 216 90 115 97 50 54 49 164 94 0 
204 46 80 90 63 58 40 136 64 76 25 82 77 69 139 67 109 82 48 105 70 255 139 10 85 148 132 47 108 65 102 75 50 82 159 149 145 95 76 96 24 106 46 0 
50 84 62 197 9 54 77 39 4 83 24 101 39 95 168 78 97 116 73 75 60 130 110 13 56 62 74 89 61 97 94 35 55 32 57 98 43 33 255 87 133 15 28 0 
40 52 208 46 255 3 77 87 2 102 35 48 18 40 182 167 20 31 30 50 37 76 110 19 15 141 56 108 119 60 51 51 56 26 46 70 54 220 88 103 27 23 15 0 
66 56 213 148 125 76 14 51 11 109 25 90 17 19 88 255 79 66 14 28 67 73 155 91 29 44 87 140 38 14 55 36 16 22 65 42 12 58 32 133 60 26 52 0 
111 31 108 255 89 67 101 108 36 102 82 68 16 33 120 75 29 42 59 79 10 84 190 60 27 69 130 190 145 31 153 38 44 18 143 118 91 213 197 109 158 91 80 0 
255 21 111 51 68 78 151 106 55 57 141 10 21 51 53 84 47 65 28 136 40 18 53 110 55 113 64 107 170 75 93 102 47 62 81 52 85 129 110 9 73 76 94 0 
134 35 91 178 246 37 4 115 81 42 128 101 62 45 143 145 100 160 130 53 26 66 48 81 41 146 173 98 85 172 138 115 169 28 110 74 227 213 255 94 80 114 119 0 
81 74 63 13 152 108 146 62 68 98 43 55 17 35 75 146 78 114 110 28 95 58 110 118 111 125 137 89 63 124 97 70 109 27 126 72 152 255 194 153 78 167 79 0 
69 49 51 15 46 170 67 73 39 95 54 61 73 82 45 87 47 155 102 77 22 95 71 84 58 54 184 17 93 84 105 57 71 46 159 90 63 255 191 100 144 72 160 0 
105 49 22 61 100 57 147 151 23 175 56 106 99 122 51 159 66 41 65 104 86 107 255 11 63 90 134 152 23 116 75 63 77 16 170 59 32 226 89 57 106 157 221 0 
20 6 25 33 15 70 78 61 17 66 17 23 13 15 31 19 42 13 25 7 13 58 66 14 18 35 36 30 14 37 17 30 16 13 103 34 14 255 59 39 120 178 45 0 
69 57 47 48 59 56 57 40 48 71 65 15 6 12 54 48 32 84 59 29 22 26 105 18 27 14 73 15 43 79 33 26 25 11 75 35 41 255 50 25 174 99 30 0 
71 71 64 59 42 88 153 88 63 199 49 83 24 58 70 56 90 67 106 121 5 39 114 99 38 32 142 53 74 117 121 11 46 24 213 142 32 147 80 91 92 255 77 0 
219 180 138 59 111 7 53 49 113 136 19 251 71 137 166 108 201 140 149 225 132 156 213 136 104 148 207 112 136 130 123 36 47 12 217 63 60 139 51 108 255 185 157 0 
87 89 47 54 19 66 47 83 101 2 114 125 36 76 121 78 85 78 123 131 72 186 137 112 56 106 176 87 43 121 105 70 38 20 255 167 31 100 56 97 234 191 131 0 
139 82 22 45 46 61 85 158 95 125 114 157 52 76 120 86 117 74 105 115 144 142 156 16 91 10 175 104 70 127 83 52 66 84 255 110 133 111 71 93 70 122 106 0 
58 169 30 112 183 65 44 97 32 34 45 216 164 139 125 80 119 73 204 173 92 13 255 64 67 35 157 55 85 91 97 56 74 73 195 6 111 80 61 164 128 211 81 0 
72 18 13 30 68 70 82 123 69 82 61 146 94 62 55 92 112 244 63 100 37 59 97 97 56 64 148 68 172 31 69 21 45 77 255 173 63 32 55 74 46 133 90 0 
26 92 9 84 63 124 10 78 131 37 186 255 117 104 100 51 44 79 116 82 101 61 234 124 20 83 107 44 54 51 86 91 79 80 156 26 132 110 20 131 105 165 61 0 
110 56 40 80 91 28 50 35 37 37 90 34 30 38 173 65 16 11 112 55 27 40 255 86 27 56 114 86 89 54 37 25 43 39 119 46 23 116 76 128 38 87 40 0 
59 42 141 70 15 22 35 72 9 18 47 59 41 43 129 255 30 54 88 89 41 54 184 19 23 46 30 139 46 57 62 37 20 27 120 75 42 48 90 93 45 31 56 0 
133 29 78 11 96 45 150 73 32 17 179 120 47 46 25 99 124 85 216 255 44 81 47 199 82 34 93 69 38 99 74 20 65 66 84 148 9 52 30 97 41 68 127 0 
176 86 57 10 52 60 196 59 38 26 140 114 26 39 41 37 51 44 255 217 221 25 184 184 69 25 78 92 65 52 63 136 37 57 107 219 16 31 48 169 28 7 127 0 
237 89 23 23 33 104 169 41 34 74 129 55 32 51 19 26 46 84 138 30 57 255 91 90 31 49 31 37 31 57 15 70 20 77 119 74 58 2 17 174 56 217 67 0 
214 137 31 31 66 25 101 255 66 38 140 162 47 50 45 58 21 90 89 88 80 102 180 161 27 35 28 40 40 38 91 107 95 115 211 139 43 4 15 94 59 19 192 0 
255 22 3 9 28 11 50 28 32 33 38 43 59 51 5 22 8 50 58 28 84 43 74 22 33 7 21 8 17 11 22 16 14 37 92 75 18 2 2 49 26 23 79 0 
255 32 32 11 29 55 15 34 21 45 118 65 25 18 35 59 17 125 44 47 93 72 35 35 30 36 51 43 2 32 13 60 5 64 128 35 50 16 4 44 42 22 33 0 
179 11 122 58 24 14 104 55 31 54 64 69 60 38 89 132 70 255 74 25 44 54 85 22 47 60 57 85 18 77 24 54 30 40 119 77 27 5 59 56 26 67 47 0 
179 129 59 38 55 119 103 48 32 36 153 79 28 67 64 93 74 255 60 41 110 101 136 17 19 106 78 48 35 146 85 74 37 62 227 101 27 50 24 112 39 10 25 0 
58 28 63 40 86 20 28 61 26 39 48 89 51 49 17 97 106 255 68 75 75 143 49 49 51 23 46 68 66 134 49 62 30 52 36 58 62 37 31 19 32 20 58 0 
28 58 108 75 59 53 69 70 53 17 46 91 29 97 59 92 31 255 120 64 47 74 22 32 24 39 58 50 50 186 45 59 2 37 73 69 103 29 17 28 110 20 82 0 
17 65 108 57 108 66 107 99 12 69 60 88 6 72 70 62 14 255 11 55 57 42 58 35 31 18 79 97 30 189 42 20 31 17 45 172 137 53 56 37 38 47 20 0 
15 25 145 47 61 67 112 56 46 104 45 80 14 93 174 131 81 255 14 56 74 69 162 38 74 50 86 101 59 246 34 10 94 42 76 123 14 84 54 39 33 25 66 0 
37 16 135 178 113 103 112 27 93 53 82 63 44 51 76 192 45 235 38 75 61 35 50 57 33 71 79 98 27 214 41 24 99 95 93 255 122 67 81 17 68 74 3 0 
10 20 94 92 46 53 59 22 9 21 2 6 8 46 30 146 3 101 8 34 14 50 83 46 11 87 23 23 23 128 25 13 29 26 65 255 10 20 32 54 39 53 22 0 
5 9 130 119 23 48 53 4 7 19 36 7 3 20 100 174 33 24 32 25 6 16 58 33 15 102 51 124 18 139 15 13 16 2 56 255 8 45 16 36 32 56 38 0 
3 7 136 120 118 47 90 88 13 19 29 31 16 3 102 214 34 44 29 5 7 10 36 5 19 21 58 255 57 76 32 4 32 21 12 201 20 14 19 47 52 65 18 0 
5 2 105 50 101 25 18 66 9 15 26 21 11 12 136 255 9 39 27 10 26 10 10 23 12 32 37 170 20 24 22 14 23 8 25 129 9 10 36 21 9 26 22 0 
4 1 63 43 35 33 71 30 3 14 12 13 6 31 42 75 11 10 11 12 35 17 30 26 8 45 20 247 15 20 16 5 11 13 27 255 15 8 6 7 20 12 12 0 
19 2 33 48 34 47 93 37 17 8 49 40 20 17 37 255 22 42 9 34 62 14 51 44 19 160 55 159 18 32 21 33 22 17 14 44 35 15 13 11 16 6 2 0 
13 5 9 152 51 78 124 26 35 30 109 54 25 27 87 255 7 112 24 48 53 46 60 220 43 198 50 114 44 39 21 40 30 42 66 201 60 37 17 23 41 5 29 0 
18 18 188 147 56 9 112 87 255 23 94 196 113 40 223 53 50 72 32 52 43 49 66 160 25 171 178 33 43 5 18 18 8 21 95 149 27 72 31 24 24 16 31 0 
16 14 188 156 62 95 91 41 194 25 153 228 13 28 255 118 49 36 61 64 75 82 76 27 34 111 120 55 6 29 44 46 17 32 27 115 19 78 63 0 56 40 47 0 
39 21 90 134 44 33 52 47 241 31 111 255 114 80 156 74 36 87 74 12 101 99 101 196 10 96 148 98 49 19 47 47 52 54 41 159 45 76 55 75 92 28 21 0 
21 8 61 48 12 10 25 19 68 44 55 255 48 43 49 78 36 27 17 50 41 77 35 131 31 139 112 46 13 12 19 3 20 24 51 89 65 13 28 20 38 47 3 0 
23 16 97 55 92 29 107 28 42 8 36 255 31 89 89 161 107 140 43 55 33 89 55 208 36 192 105 126 18 25 24 26 58 27 124 155 37 64 45 36 65 31 71 0 
23 28 97 21 40 54 53 60 27 45 17 56 68 75 96 94 75 93 50 19 56 122 255 195 62 127 65 68 70 31 67 32 21 34 41 102 32 16 14 27 58 20 5 0 
11 22 32 13 23 4 8 19 22 12 13 44 56 45 34 43 18 28 16 38 17 76 101 35 11 255 10 24 11 17 27 10 10 10 19 37 20 24 19 24 24 10 9 0 
16 19 40 7 20 77 108 86 34 38 7 40 38 70 31 56 27 80 60 34 63 53 87 151 19 255 26 44 70 50 85 6 2 5 34 25 16 47 12 19 34 27 14 0 
20 46 65 20 60 18 85 42 18 43 4 80 62 35 23 45 82 65 15 4 37 127 255 104 42 58 45 53 52 48 20 34 6 11 35 53 25 28 19 41 17 56 25 0 
56 62 44 18 73 60 224 18 112 203 32 127 229 100 170 115 74 149 38 112 72 125 180 255 93 195 191 174 96 56 76 50 33 112 37 113 90 95 101 92 34 13 50 0 
50 10 16 5 37 30 37 14 43 115 16 9 21 35 37 64 37 36 16 48 46 255 68 185 48 29 22 22 27 18 14 25 18 17 17 42 37 34 50 49 21 10 14 0 
55 30 63 23 119 119 19 10 57 255 38 41 13 68 11 31 23 81 24 83 39 105 66 138 45 56 32 15 37 46 29 57 26 14 38 210 11 41 42 43 53 31 12 0 
37 22 14 34 36 18 16 22 13 255 38 15 18 57 43 39 35 14 12 84 38 66 42 108 15 24 20 26 41 15 9 37 9 58 9 36 19 3 12 27 17 2 14 0 
38 28 16 41 31 25 69 21 31 54 45 22 11 94 34 47 28 29 28 111 31 255 18 42 31 32 61 36 24 50 33 23 12 51 23 52 63 10 11 11 16 8 47 0 
48 40 20 7 24 68 105 65 84 147 59 71 13 181 73 91 44 179 40 128 136 255 91 117 12 95 103 67 131 41 95 77 24 24 34 71 94 23 54 21 50 95 77 0 
19 90 22 44 88 21 255 192 37 102 112 35 80 225 88 116 57 77 62 199 138 97 40 61 62 157 74 134 29 106 56 51 37 108 38 201 31 32 81 24 42 68 90 0 
40 91 15 64 74 36 146 167 45 34 81 255 198 163 16 97 94 64 61 165 243 114 106 62 76 36 115 74 131 98 52 52 106 23 12 121 141 68 71 72 28 47 77 0 
19 64 22 42 62 48 255 220 26 12 68 80 73 158 62 101 44 32 52 233 168 53 122 41 18 44 129 34 53 51 77 35 243 31 52 19 22 25 64 4 55 99 54 0 
69 38 6 24 152 76 255 99 30 210 73 23 70 208 90 215 97 55 122 233 109 178 64 39 54 113 207 48 120 44 105 108 237 62 0 165 99 109 53 65 77 22 94 0 
25 38 17 76 50 28 55 35 18 72 32 27 40 57 30 25 8 49 13 61 255 184 53 10 51 10 53 68 102 23 30 19 128 65 16 27 52 24 45 42 32 65 52 0 
79 65 33 155 84 83 97 98 255 124 240 64 76 61 31 46 63 71 43 106 210 208 77 96 64 22 66 135 102 27 20 97 73 252 7 55 122 37 43 138 63 82 70 0 
12 37 48 63 52 45 79 15 34 84 235 27 18 34 3 30 52 46 33 103 255 167 99 36 15 36 24 57 54 12 5 18 135 116 49 78 74 54 39 53 86 35 16 0 
44 31 40 48 22 80 78 52 38 133 255 12 19 90 13 65 6 21 24 98 44 180 145 40 27 55 53 20 46 15 31 7 181 227 11 72 92 52 52 37 65 16 25 0 
13 21 32 50 25 34 97 109 111 132 232 40 23 91 48 21 94 74 24 84 33 255 121 19 27 65 101 32 68 28 40 103 76 169 58 98 32 58 50 95 47 34 8 0 
82 30 6 23 47 73 113 122 74 77 54 45 11 60 54 30 46 52 26 73 67 255 98 89 46 71 100 100 52 25 29 116 74 112 63 126 82 76 82 82 89 40 44 0 
32 40 16 50 12 67 84 255 116 82 110 94 17 71 19 58 20 63 9 73 79 10 144 111 35 81 94 52 39 18 32 111 91 64 80 93 109 97 100 37 80 51 76 0 
40 65 35 64 95 93 66 90 143 65 72 92 48 72 34 59 76 138 46 117 43 103 255 120 59 61 138 91 56 48 72 52 50 47 50 139 83 93 70 123 90 15 28 0 
3 71 59 42 33 8 76 100 158 179 160 120 39 61 46 70 127 101 30 77 60 132 167 134 94 55 171 87 44 16 20 87 255 72 16 114 59 38 155 74 21 47 51 0 
9 18 87 255 77 88 69 68 111 235 112 43 24 56 8 226 98 55 22 87 47 55 148 139 61 96 234 178 27 9 20 38 173 14 15 124 60 167 160 67 68 22 18 0 
10 57 185 76 89 131 45 98 241 222 224 112 23 54 114 26 64 67 32 105 177 62 82 255 33 81 44 49 30 12 10 80 83 13 28 231 40 68 122 103 81 15 18 0 
30 10 30 51 62 28 65 29 255 69 167 76 15 60 40 5 67 22 8 107 128 37 85 115 29 10 35 16 5 19 10 92 165 39 60 129 7 81 164 62 21 61 6 0 
9 49 9 49 29 49 83 131 253 98 238 55 27 10 38 11 5 120 18 36 42 68 18 107 17 3 11 10 43 71 16 143 255 40 30 69 53 128 71 44 40 23 64 0 
5 32 15 10 27 118 138 80 243 216 255 33 8 42 56 11 17 46 26 79 44 11 24 46 8 6 34 4 18 41 18 115 67 240 40 50 43 41 62 22 133 27 21 0 
7 25 8 22 29 47 57 14 255 67 161 50 7 39 17 8 28 30 12 21 18 34 16 52 28 13 33 13 9 29 28 69 10 37 53 39 29 7 71 7 112 31 24 0 
8 33 13 44 31 122 200 66 173 64 255 28 38 61 64 17 78 6 38 105 49 136 77 12 42 43 43 38 19 39 29 120 59 67 53 33 0 53 111 85 58 55 42 0 
39 56 23 77 27 90 84 147 204 27 202 99 35 178 17 21 34 30 34 62 55 255 111 31 66 88 36 32 56 21 25 121 58 94 45 12 13 43 29 164 121 39 67 0 
18 22 57 92 163 42 62 96 84 51 249 74 58 123 65 95 113 28 106 77 150 194 85 86 104 97 49 16 38 28 33 184 74 36 52 20 21 132 19 255 75 8 31 0 
11 3 13 30 179 16 157 19 55 34 32 92 72 185 49 30 160 9 59 98 219 186 26 90 95 34 62 28 38 66 5 85 39 76 20 92 18 47 20 255 42 36 102 0 
54 18 3 42 98 30 64 30 32 20 92 63 32 121 11 20 81 21 56 86 255 91 84 66 86 7 31 17 9 65 66 112 64 37 1 114 50 34 2 215 21 62 14 0 
96 135 39 38 189 36 102 82 240 68 232 153 116 113 6 13 54 18 112 111 255 203 125 162 236 53 16 2 39 53 152 82 67 19 103 106 141 76 31 209 56 127 75 0 
37 78 27 77 97 47 50 130 28 35 36 49 49 170 45 31 36 26 54 200 42 255 75 46 82 30 74 16 26 19 42 148 50 132 77 69 131 202 31 50 67 33 93 0 
14 159 65 98 180 46 44 16 54 24 70 37 68 192 57 23 24 64 31 255 56 107 122 62 38 15 137 23 24 31 44 139 63 215 22 70 119 120 93 114 74 27 44 0 
13 154 16 170 87 44 44 105 60 27 170 70 28 178 65 147 55 67 88 163 23 126 181 103 114 78 151 72 70 75 50 255 63 91 103 96 154 193 161 196 81 21 43 0 
22 79 60 129 255 41 56 99 19 65 61 36 35 113 59 162 37 89 44 105 89 82 135 27 101 101 87 86 22 49 38 112 71 69 43 41 178 115 118 101 47 50 66 0 
3 146 51 144 187 35 99 106 23 78 110 102 7 28 89 255 30 44 65 110 45 16 98 48 117 90 229 127 73 37 28 45 113 80 38 68 22 174 195 67 89 67 41 0 
16 82 105 63 205 8 66 235 47 99 255 89 18 216 66 91 73 33 16 39 103 66 95 24 249 179 149 220 84 66 45 5 78 84 76 67 78 52 152 62 112 101 48 0 
12 32 144 255 108 35 29 95 47 32 170 11 48 160 46 130 70 20 33 57 45 22 59 15 76 126 18 186 35 33 31 5 55 66 39 57 203 106 142 85 64 22 50 0 
26 12 150 140 112 23 104 187 154 157 23 188 169 49 20 159 129 49 26 57 181 47 158 20 96 61 255 167 62 40 29 42 66 116 84 35 174 124 83 88 15 35 35 0 
6 5 46 105 96 24 33 64 161 92 94 255 141 41 32 26 63 5 37 69 30 12 68 30 28 52 121 33 30 35 29 41 59 32 3 23 182 62 44 25 11 29 15 0 
7 78 118 164 160 69 97 51 172 91 180 91 65 69 134 43 98 62 133 92 53 77 87 75 69 100 241 95 48 70 56 43 76 82 115 92 255 183 80 81 17 45 20 0 
33 76 45 69 75 132 89 95 42 47 26 106 54 14 255 127 88 154 27 84 117 166 169 51 154 74 164 65 62 19 8 42 85 58 58 67 118 243 72 86 75 61 51 0 
16 58 39 57 18 106 82 65 142 99 36 48 50 29 255 88 23 60 74 102 45 84 72 36 61 56 90 50 77 25 72 16 37 21 18 39 51 174 61 65 38 36 51 0 
18 11 26 31 6 22 29 25 138 90 18 12 5 37 255 25 96 9 17 144 34 68 12 22 52 15 33 34 24 29 47 25 20 24 25 11 55 83 32 35 16 17 31 0 
15 10 20 34 89 52 47 54 255 255 63 34 5 141 112 61 163 3 28 255 21 179 27 17 62 61 60 38 22 29 108 46 22 10 38 13 205 40 48 34 27 7 8 0 
42 23 25 28 26 26 23 112 111 145 41 28 4 27 202 42 75 43 28 255 34 172 69 27 13 76 7 8 14 21 31 22 19 30 25 10 16 48 27 9 26 12 3 0 
47 102 57 99 119 52 36 255 160 110 112 93 45 115 104 93 53 106 198 128 82 138 131 22 158 198 10 45 46 88 117 112 41 12 78 158 121 159 33 29 64 160 101 0 
156 58 28 61 24 60 61 224 115 8 141 80 37 77 46 43 73 79 226 255 178 197 93 92 82 52 22 84 162 83 69 57 19 14 59 101 40 87 53 83 17 143 46 0 
56 22 47 41 19 162 141 240 201 97 148 117 57 16 2 43 9 236 255 185 161 167 79 132 61 43 29 39 116 53 66 96 120 95 102 67 103 107 17 80 102 216 68 0 
180 34 42 35 55 158 137 165 177 155 176 118 90 45 43 3 74 71 82 40 227 6 123 187 172 164 24 30 90 31 98 74 94 33 86 39 143 246 75 89 53 255 68 0 
46 66 21 9 122 56 111 112 124 125 81 116 24 40 50 32 123 71 82 112 68 183 91 128 87 122 16 38 34 33 42 69 51 58 27 80 65 217 78 1 30 255 126 0 
72 44 63 83 113 79 158 56 134 204 47 48 48 51 122 98 106 39 35 89 27 65 151 127 102 113 55 102 58 32 37 57 36 19 17 172 121 132 134 255 77 70 118 0 
18 20 188 255 180 30 42 57 49 102 17 17 35 67 125 131 77 82 28 22 37 30 56 58 62 213 34 217 58 5 12 32 62 23 45 33 27 129 125 86 17 56 18 0 
33 35 84 52 136 31 56 62 54 114 39 21 48 40 118 108 82 7 71 71 51 99 54 255 40 130 11 49 57 47 39 116 41 46 33 56 78 85 57 166 61 73 45 0 
31 12 23 31 91 138 50 143 60 54 30 99 7 63 244 39 31 123 84 87 63 69 41 255 35 30 32 26 70 45 21 100 27 28 73 37 26 48 75 25 60 30 65 0 
19 57 20 16 71 36 54 54 248 29 45 76 25 44 153 21 85 112 60 45 29 33 44 255 52 13 92 27 47 55 35 41 26 14 115 36 37 32 105 60 56 43 67 0 
78 106 22 31 73 30 7 73 27 74 74 82 26 255 5 39 127 36 25 40 38 67 48 26 36 43 44 16 46 31 18 44 13 23 57 82 14 67 25 53 15 38 25 0 
100 198 35 16 139 15 7 95 51 255 179 195 92 222 34 38 209 42 14 167 25 116 56 35 69 48 32 23 34 92 61 69 74 34 45 159 93 111 9 35 3 39 26 0 
