458 423 9 1
458 409 11 1
458 421 18 1
458 429 19 1
458 420 20 1
534 517 1 1
534 532 2 1
534 557 11 1
534 554 12 1
534 520 15 1
534 542 16 1
534 541 17 1
534 571 18 1
534 566 19 1
534 543 20 1
182 223 1 2
182 168 5 2
182 144 8 2
182 169 12 2
182 207 14 2
182 195 18 2
182 147 20 2
375 383 1 2
375 331 5 2
375 423 8 2
375 409 10 2
375 344 11 2
375 336 14 2
375 368 15 2
375 421 17 2
375 420 19 2
517 532 1 2
517 557 10 2
517 554 11 2
517 520 14 2
517 542 15 2
517 541 16 2
517 566 18 2
517 543 19 2
517 527 20 2
62 29 1 3
62 39 1 3
62 63 1 3
62 62 3 3
62 71 3 3
62 21 4 3
62 14 13 3
62 23 13 3
62 19 19 3
77 29 1 3
77 39 1 3
77 63 1 3
77 62 3 3
77 71 3 3
77 113 5 3
77 115 20 3
223 252 1 3
223 271 3 3
223 207 13 3
223 267 15 3
223 195 17 3
383 423 7 3
383 409 9 3
383 344 10 3
383 336 13 3
383 368 14 3
383 421 16 3
383 429 17 3
383 420 18 3
532 557 9 3
532 554 10 3
532 520 13 3
532 542 14 3
532 541 15 3
532 571 16 3
532 566 17 3
532 543 18 3
532 527 19 3
532 531 20 3
29 62 2 4
29 71 2 4
29 11 3 4
29 21 3 4
29 0 4 4
29 5 4 4
29 0 12 4
29 1 12 4
29 3 12 4
29 14 12 4
29 23 12 4
29 2 15 4
29 9 15 4
29 0 16 4
29 6 16 4
29 7 16 4
29 19 18 4
29 5 19 4
39 62 2 4
39 71 2 4
39 11 3 4
39 21 3 4
39 0 4 4
39 5 4 4
39 0 12 4
39 1 12 4
39 3 12 4
39 14 12 4
39 23 12 4
39 2 15 4
39 9 15 4
39 0 16 4
39 6 16 4
39 7 16 4
39 19 18 4
39 5 19 4
63 62 2 4
63 71 2 4
63 21 3 4
63 14 12 4
63 23 12 4
63 19 18 4
252 274 1 4
252 271 2 4
252 298 11 4
252 207 12 4
252 267 14 4
252 281 19 4
252 244 20 4
252 259 20 4
639 660 2 4
639 674 4 4
639 664 5 4
639 633 6 4
639 632 7 4
639 677 10 4
639 668 11 4
274 271 1 5
274 314 3 5
274 321 9 5
274 298 10 5
274 267 13 5
274 281 18 5
274 244 19 5
274 259 19 5
62 21 1 6
62 14 10 6
62 23 10 6
62 19 16 6
71 21 1 6
71 113 2 6
71 23 10 6
71 115 17 6
271 314 2 6
271 298 9 6
271 267 12 6
271 281 17 6
271 244 18 6
271 259 18 6
660 674 2 6
660 664 3 6
660 633 4 6
660 632 5 6
660 677 8 6
660 668 9 6
660 626 19 6
11 0 1 7
11 5 1 7
11 0 9 7
11 1 9 7
11 3 9 7
11 14 9 7
11 23 9 7
11 2 12 7
11 9 12 7
11 0 13 7
11 6 13 7
11 7 13 7
11 19 15 7
11 5 16 7
21 0 1 7
21 5 1 7
21 0 9 7
21 1 9 7
21 3 9 7
21 14 9 7
21 23 9 7
21 2 12 7
21 9 12 7
21 0 13 7
21 6 13 7
21 7 13 7
21 19 15 7
21 5 16 7
168 127 1 7
168 144 3 7
168 169 7 7
168 207 9 7
168 195 13 7
168 147 15 7
168 165 16 7
168 133 18 7
168 130 20 7
331 314 1 7
331 344 6 7
331 321 7 7
331 298 8 7
331 336 9 7
331 368 10 7
331 281 16 7
331 369 20 7
766 758 19 7
0 0 8 8
0 1 8 8
0 3 8 8
0 14 8 8
0 23 8 8
0 2 11 8
0 9 11 8
0 0 12 8
0 6 12 8
0 7 12 8
0 19 14 8
0 5 15 8
0 20 20 8
5 0 8 8
5 1 8 8
5 3 8 8
5 14 8 8
5 23 8 8
5 2 11 8
5 9 11 8
5 0 12 8
5 6 12 8
5 7 12 8
5 19 14 8
5 5 15 8
5 20 20 8
113 144 2 8
113 147 14 8
113 115 15 8
113 133 17 8
113 83 19 8
113 130 19 8
113 92 20 8
127 144 2 8
127 169 6 8
127 147 14 8
127 115 15 8
127 165 15 8
127 133 17 8
127 83 19 8
127 130 19 8
127 92 20 8
314 344 5 8
314 321 6 8
314 298 7 8
314 336 8 8
314 267 10 8
314 281 15 8
314 346 20 8
674 664 1 8
674 633 2 8
674 632 3 8
674 677 6 8
674 668 7 8
674 626 17 8
674 670 20 8
664 633 1 9
664 632 2 9
664 677 5 9
664 668 6 9
664 626 16 9
664 670 19 9
664 663 20 9
144 169 4 10
144 147 12 10
144 115 13 10
144 165 13 10
144 133 15 10
144 130 17 10
144 109 19 10
144 96 20 10
423 409 2 10
423 421 9 10
423 429 10 10
423 420 11 10
423 433 12 10
633 632 1 10
633 677 4 10
633 668 5 10
633 626 15 10
633 597 17 10
633 670 18 10
633 663 19 10
632 677 3 11
632 668 4 11
632 626 14 11
632 597 16 11
632 670 17 11
632 663 18 11
409 368 5 12
409 421 7 12
409 429 8 12
409 420 9 12
409 433 10 12
409 369 15 12
557 554 1 12
557 520 4 12
557 542 5 12
557 541 6 12
557 571 7 12
557 566 8 12
557 543 9 12
557 527 10 12
557 531 11 12
557 597 15 12
557 519 19 12
557 518 20 12
344 321 1 13
344 298 2 13
344 336 3 13
344 368 4 13
344 369 14 13
344 346 15 13
344 348 16 13
344 345 17 13
344 351 18 13
344 349 19 13
344 366 20 13
554 520 3 13
554 542 4 13
554 541 5 13
554 571 6 13
554 566 7 13
554 543 8 13
554 527 9 13
554 531 10 13
554 597 14 13
554 519 18 13
554 518 19 13
169 207 2 14
169 195 6 14
169 147 8 14
169 165 9 14
169 133 11 14
169 130 13 14
169 191 19 14
321 298 1 14
321 336 2 14
321 368 3 14
321 281 9 14
321 369 13 14
321 346 14 14
321 348 15 14
321 345 16 14
321 351 17 14
321 349 18 14
321 366 19 14
677 668 1 14
677 670 14 14
677 663 15 14
298 336 1 15
298 267 3 15
298 281 8 15
298 259 9 15
298 346 13 15
298 345 15 15
298 255 19 15
668 626 10 15
668 670 13 15
668 663 14 15
0 2 3 16
0 9 3 16
0 0 4 16
0 6 4 16
0 7 4 16
0 19 6 16
0 5 7 16
0 20 12 16
0 16 14 16
0 15 15 16
0 6 16 16
0 17 16 16
0 46 18 16
1 2 3 16
1 9 3 16
1 0 4 16
1 6 4 16
1 7 4 16
1 19 6 16
1 5 7 16
1 20 12 16
1 16 14 16
1 15 15 16
1 6 16 16
1 17 16 16
1 46 18 16
3 2 3 16
3 9 3 16
3 0 4 16
3 6 4 16
3 7 4 16
3 19 6 16
3 5 7 16
3 20 12 16
3 16 14 16
3 51 14 16
3 15 15 16
3 6 16 16
3 17 16 16
3 46 18 16
3 51 19 16
14 2 3 16
14 9 3 16
14 0 4 16
14 6 4 16
14 7 4 16
14 19 6 16
14 5 7 16
14 20 12 16
14 16 14 16
14 51 14 16
14 15 15 16
14 6 16 16
14 17 16 16
14 62 17 16
14 46 18 16
14 51 19 16
23 2 3 16
23 9 3 16
23 0 4 16
23 6 4 16
23 7 4 16
23 19 6 16
23 5 7 16
23 20 12 16
23 16 14 16
23 51 14 16
23 15 15 16
23 6 16 16
23 17 16 16
23 62 17 16
23 46 18 16
23 51 19 16
207 195 4 16
207 165 7 16
207 244 8 16
207 226 16 16
207 191 17 16
207 246 18 16
207 255 18 16
207 245 19 16
336 368 1 16
336 369 11 16
336 346 12 16
336 348 13 16
336 345 14 16
336 351 15 16
336 349 16 16
336 366 17 16
520 542 1 16
520 541 2 16
520 566 4 16
520 543 5 16
520 527 6 16
520 531 7 16
520 519 15 16
520 518 16 16
520 511 19 16
520 470 20 16
520 512 20 16
368 369 10 17
368 346 11 17
368 348 12 17
368 345 13 17
368 351 14 17
368 349 15 17
368 366 16 17
542 541 1 17
542 571 2 17
542 566 3 17
542 543 4 17
542 527 5 17
542 531 6 17
542 519 14 17
542 518 15 17
542 511 18 17
542 512 19 17
267 281 5 18
267 244 6 18
267 259 6 18
267 226 14 18
267 246 16 18
267 255 16 18
267 245 17 18
541 571 1 18
541 566 2 18
541 543 3 18
541 527 4 18
541 531 5 18
541 519 13 18
541 518 14 18
541 511 17 18
541 512 18 18
541 547 20 18
2 0 1 19
2 6 1 19
2 7 1 19
2 19 3 19
2 5 4 19
2 20 9 19
2 16 11 19
2 51 11 19
2 15 12 19
2 6 13 19
2 17 13 19
2 46 15 19
2 51 16 19
2 2 18 19
2 5 18 19
9 0 1 19
9 6 1 19
9 7 1 19
9 19 3 19
9 5 4 19
9 20 9 19
9 16 11 19
9 51 11 19
9 15 12 19
9 6 13 19
9 17 13 19
9 46 15 19
9 51 16 19
9 2 18 19
9 5 18 19
421 429 1 19
421 420 2 19
421 433 3 19
421 442 16 19
421 470 17 19
421 406 20 19
571 566 1 19
571 543 2 19
571 527 3 19
571 531 4 19
571 597 8 19
571 547 19 19
0 19 2 20
0 5 3 20
0 20 8 20
0 16 10 20
0 15 11 20
0 6 12 20
0 17 12 20
0 46 14 20
0 2 17 20
0 5 17 20
6 19 2 20
6 5 3 20
6 20 8 20
6 16 10 20
6 51 10 20
6 15 11 20
6 6 12 20
6 17 12 20
6 46 14 20
6 51 15 20
6 2 17 20
6 5 17 20
7 19 2 20
7 5 3 20
7 20 8 20
7 16 10 20
7 51 10 20
7 15 11 20
7 6 12 20
7 17 12 20
7 46 14 20
7 51 15 20
7 2 17 20
7 5 17 20
195 147 2 20
195 165 3 20
195 244 4 20
195 226 12 20
195 191 13 20
195 201 20 20
429 420 1 20
429 433 2 20
429 442 15 20
429 470 16 20
429 473 18 20
429 406 19 20
429 464 20 20
566 543 1 20
566 527 2 20
566 531 3 20
566 597 7 20
566 519 11 20
566 518 12 20
566 547 18 20
420 433 1 21
420 442 14 21
420 406 18 21
420 464 19 21
543 527 1 21
543 531 2 21
543 519 10 21
543 518 11 21
543 511 14 21
543 512 15 21
543 547 17 21
19 5 1 22
19 20 6 22
19 16 8 22
19 51 8 22
19 15 9 22
19 6 10 22
19 17 10 22
19 62 11 22
19 46 12 22
19 51 13 22
19 2 15 22
19 5 15 22
147 115 1 22
147 165 1 22
147 133 3 22
147 130 5 22
147 109 7 22
147 101 9 22
147 98 10 22
147 191 11 22
147 117 13 22
147 132 15 22
147 133 16 22
147 134 17 22
147 132 19 22
433 442 13 22
433 470 14 22
433 473 16 22
433 406 17 22
433 464 18 22
527 531 1 22
527 519 9 22
527 518 10 22
527 511 13 22
527 512 14 22
527 488 15 22
527 547 16 22
527 568 20 22
5 20 5 23
5 16 7 23
5 51 7 23
5 15 8 23
5 6 9 23
5 17 9 23
5 46 11 23
5 51 12 23
5 2 14 23
5 5 14 23
115 133 2 23
115 83 4 23
115 130 4 23
115 92 5 23
115 109 6 23
115 96 7 23
115 101 8 23
115 98 9 23
115 82 10 23
115 78 11 23
115 117 12 23
115 86 13 23
115 132 14 23
115 133 15 23
115 134 16 23
115 93 18 23
115 132 18 23
165 133 2 23
165 130 4 23
165 191 10 23
165 117 12 23
165 132 14 23
165 133 15 23
165 134 16 23
165 201 17 23
165 132 18 23
281 244 1 23
281 259 1 23
281 246 11 23
281 255 11 23
281 245 12 23
281 309 18 23
531 519 8 23
531 518 9 23
531 511 12 23
531 512 13 23
531 488 14 23
531 547 15 23
531 568 19 23
244 226 8 24
244 246 10 24
244 255 10 24
244 245 11 24
244 201 16 24
259 226 8 24
259 246 10 24
259 255 10 24
259 245 11 24
133 83 2 25
133 130 2 25
133 92 3 25
133 109 4 25
133 96 5 25
133 101 6 25
133 98 7 25
133 117 10 25
133 86 11 25
133 132 12 25
133 133 13 25
133 134 14 25
133 93 16 25
133 132 16 25
133 94 20 25
133 143 20 25
626 597 2 25
626 670 3 25
626 663 4 25
626 672 12 25
626 620 19 25
758 741 8 26
758 760 13 26
83 92 1 27
83 109 2 27
83 51 3 27
83 96 3 27
83 101 4 27
83 98 5 27
83 62 6 27
83 82 6 27
83 46 7 27
83 78 7 27
83 51 8 27
83 117 8 27
83 86 9 27
83 132 10 27
83 93 14 27
83 132 14 27
83 33 17 27
83 68 17 27
83 94 18 27
130 92 1 27
130 109 2 27
130 96 3 27
130 101 4 27
130 98 5 27
130 82 6 27
130 117 8 27
130 86 9 27
130 132 10 27
130 133 11 27
130 134 12 27
130 93 14 27
130 132 14 27
130 94 18 27
130 143 18 27
369 346 1 27
369 348 2 27
369 345 3 27
369 351 4 27
369 349 5 27
369 366 6 27
369 406 12 27
597 547 11 27
597 568 15 27
597 620 17 27
20 16 2 28
20 51 2 28
20 15 3 28
20 6 4 28
20 17 4 28
20 62 5 28
20 46 6 28
20 51 7 28
20 2 9 28
20 5 9 28
20 28 16 28
20 33 16 28
20 68 16 28
20 32 17 28
92 109 1 28
92 51 2 28
92 96 2 28
92 101 3 28
92 98 4 28
92 62 5 28
92 82 5 28
92 46 6 28
92 78 6 28
92 51 7 28
92 117 7 28
92 86 8 28
92 132 9 28
92 133 10 28
92 134 11 28
92 93 13 28
92 132 13 28
92 68 16 28
92 94 17 28
346 348 1 28
346 345 2 28
346 351 3 28
346 349 4 28
346 366 5 28
346 309 13 28
670 663 1 28
670 672 9 28
670 620 16 28
109 96 1 29
109 101 2 29
109 98 3 29
109 62 4 29
109 82 4 29
109 78 5 29
109 117 6 29
109 86 7 29
109 132 8 29
109 133 9 29
109 134 10 29
109 93 12 29
109 132 12 29
109 68 15 29
109 94 16 29
109 143 16 29
348 345 1 29
348 351 2 29
348 349 3 29
348 366 4 29
348 309 12 29
663 672 8 29
663 620 15 29
16 15 1 30
16 6 2 30
16 17 2 30
16 62 3 30
16 46 4 30
16 51 5 30
16 2 7 30
16 5 7 30
16 28 14 30
16 33 14 30
16 32 15 30
16 8 20 30
51 15 1 30
51 6 2 30
51 17 2 30
51 98 2 30
51 62 3 30
51 82 3 30
51 46 4 30
51 78 4 30
51 51 5 30
51 86 6 30
51 2 7 30
51 5 7 30
51 93 11 30
51 28 14 30
51 33 14 30
51 68 14 30
51 32 15 30
51 94 15 30
51 8 20 30
96 101 1 30
96 98 2 30
96 62 3 30
96 82 3 30
96 46 4 30
96 78 4 30
96 51 5 30
96 117 5 30
96 86 6 30
96 132 7 30
96 133 8 30
96 134 9 30
96 93 11 30
96 132 11 30
96 68 14 30
96 94 15 30
96 143 15 30
345 351 1 30
345 349 2 30
345 366 3 30
345 309 11 30
15 6 1 31
15 17 1 31
15 62 2 31
15 46 3 31
15 51 4 31
15 2 6 31
15 5 6 31
15 28 13 31
15 33 13 31
15 32 14 31
15 8 19 31
15 30 20 31
15 31 20 31
101 98 1 31
101 62 2 31
101 82 2 31
101 78 3 31
101 51 4 31
101 117 4 31
101 86 5 31
101 132 6 31
101 133 7 31
101 134 8 31
101 93 10 31
101 132 10 31
101 68 13 31
101 94 14 31
101 143 14 31
101 144 20 31
351 349 1 31
351 366 2 31
351 309 10 31
351 326 20 31
519 518 1 31
519 511 4 31
519 470 5 31
519 512 5 31
519 488 6 31
519 473 7 31
519 547 7 31
519 568 11 31
519 513 14 31
519 516 19 31
6 46 2 32
6 51 3 32
6 2 5 32
6 5 5 32
6 28 12 32
6 33 12 32
6 32 13 32
6 8 18 32
6 30 19 32
6 31 19 32
6 38 20 32
17 62 1 32
17 46 2 32
17 51 3 32
17 2 5 32
17 5 5 32
17 28 12 32
17 33 12 32
17 32 13 32
17 8 18 32
17 30 19 32
17 31 19 32
17 38 20 32
98 62 1 32
98 82 1 32
98 78 2 32
98 51 3 32
98 117 3 32
98 86 4 32
98 132 5 32
98 133 6 32
98 134 7 32
98 93 9 32
98 132 9 32
98 68 12 32
98 94 13 32
98 143 13 32
98 144 19 32
98 103 20 32
98 144 20 32
226 191 1 32
226 246 2 32
226 255 2 32
226 245 3 32
226 201 8 32
349 366 1 32
349 309 9 32
349 326 19 32
518 511 3 32
518 470 4 32
518 512 4 32
518 488 5 32
518 473 6 32
518 547 6 32
518 513 13 32
518 516 18 32
518 478 20 32
62 46 1 33
62 78 1 33
62 51 2 33
62 86 3 33
62 93 8 33
62 28 11 33
62 33 11 33
62 68 11 33
62 32 12 33
62 94 12 33
62 30 18 33
62 31 18 33
62 38 19 33
62 103 19 33
62 14 20 33
62 18 20 33
62 36 20 33
62 77 20 33
82 46 1 33
82 78 1 33
82 51 2 33
82 117 2 33
82 86 3 33
82 93 8 33
82 33 11 33
82 68 11 33
82 32 12 33
82 94 12 33
82 38 19 33
82 103 19 33
82 36 20 33
82 77 20 33
191 201 7 33
191 143 12 33
191 144 18 33
191 144 19 33
191 146 20 33
366 406 6 33
366 326 18 33
366 363 20 33
46 51 1 34
46 86 2 34
46 2 3 34
46 5 3 34
46 93 7 34
46 28 10 34
46 33 10 34
46 68 10 34
46 32 11 34
46 94 11 34
46 8 16 34
46 30 17 34
46 31 17 34
46 38 18 34
46 0 19 34
46 1 19 34
46 14 19 34
46 18 19 34
46 36 19 34
46 77 19 34
78 51 1 34
78 117 1 34
78 86 2 34
78 93 7 34
78 28 10 34
78 33 10 34
78 68 10 34
78 32 11 34
78 94 11 34
78 30 17 34
78 31 17 34
78 38 18 34
78 103 18 34
78 36 19 34
78 77 19 34
246 245 1 34
246 201 6 34
255 245 1 34
741 760 5 34
51 86 1 35
51 2 2 35
51 5 2 35
51 93 6 35
51 28 9 35
51 33 9 35
51 68 9 35
51 32 10 35
51 94 10 35
51 8 15 35
51 30 16 35
51 31 16 35
51 38 17 35
51 1 18 35
51 14 18 35
51 18 18 35
51 36 18 35
51 77 18 35
117 86 1 35
117 132 2 35
117 133 3 35
117 134 4 35
117 93 6 35
117 132 6 35
117 68 9 35
117 94 10 35
117 143 10 35
117 144 16 35
117 103 17 35
117 144 17 35
117 77 18 35
117 146 18 35
245 201 5 35
442 470 1 35
442 488 2 35
442 473 3 35
442 406 4 35
442 464 5 35
442 449 9 35
442 435 10 35
442 478 17 35
511 470 1 35
511 512 1 35
511 488 2 35
511 473 3 35
511 547 3 35
511 464 5 35
511 513 10 35
511 516 15 35
511 478 17 35
511 539 18 35
86 132 1 36
86 133 2 36
86 134 3 36
86 93 5 36
86 132 5 36
86 68 8 36
86 94 9 36
86 38 16 36
86 103 16 36
86 36 17 36
86 77 17 36
470 488 1 36
470 473 2 36
470 464 4 36
470 449 8 36
470 435 9 36
470 513 9 36
470 516 14 36
470 478 16 36
512 488 1 36
512 473 2 36
512 547 2 36
512 464 4 36
512 513 9 36
512 516 14 36
512 478 16 36
512 539 17 36
2 28 7 37
2 33 7 37
2 32 8 37
2 8 13 37
2 30 14 37
2 31 14 37
2 38 15 37
2 0 16 37
2 1 16 37
2 14 16 37
2 18 16 37
2 36 16 37
5 28 7 37
5 33 7 37
5 32 8 37
5 8 13 37
5 30 14 37
5 31 14 37
5 38 15 37
5 0 16 37
5 1 16 37
5 14 16 37
5 18 16 37
5 36 16 37
132 133 1 37
132 134 2 37
132 93 4 37
132 132 4 37
132 94 8 37
132 143 8 37
132 144 14 37
132 103 15 37
132 144 15 37
132 146 16 37
488 473 1 37
488 464 3 37
488 449 7 37
488 513 8 37
488 516 13 37
488 478 15 37
672 673 14 37
133 134 1 38
133 93 3 38
133 132 3 38
133 94 7 38
133 143 7 38
133 144 13 38
133 103 14 38
133 144 14 38
133 146 15 38
473 464 2 38
473 449 6 38
473 435 7 38
473 513 7 38
473 516 12 38
473 478 14 38
547 568 4 38
547 513 7 38
547 516 12 38
547 539 15 38
134 93 2 39
134 132 2 39
134 94 6 39
134 143 6 39
134 144 12 39
134 103 13 39
134 144 13 39
134 146 14 39
406 449 5 39
406 435 6 39
406 363 14 39
464 449 4 40
464 435 5 40
464 513 5 40
464 478 12 40
93 68 3 41
93 94 4 41
93 103 11 41
93 77 12 41
132 94 4 41
132 143 4 41
132 144 10 41
132 103 11 41
132 144 11 41
132 146 12 41
309 326 10 41
568 539 11 42
28 32 1 44
28 8 6 44
28 30 7 44
28 31 7 44
28 38 8 44
28 0 9 44
28 1 9 44
28 14 9 44
28 18 9 44
28 36 9 44
28 77 9 44
33 32 1 44
33 8 6 44
33 30 7 44
33 31 7 44
33 38 8 44
33 0 9 44
33 1 9 44
33 14 9 44
33 18 9 44
33 36 9 44
33 77 9 44
68 32 1 44
68 94 1 44
68 30 7 44
68 31 7 44
68 38 8 44
68 103 8 44
68 18 9 44
68 36 9 44
68 77 9 44
449 435 1 44
449 478 8 44
32 8 5 45
32 30 6 45
32 31 6 45
32 38 7 45
32 0 8 45
32 1 8 45
32 14 8 45
32 18 8 45
32 36 8 45
32 77 8 45
94 103 7 45
94 77 8 45
143 144 6 45
143 103 7 45
143 144 7 45
143 146 8 45
435 478 7 45
513 516 5 45
513 478 7 45
513 539 8 45
8 30 1 50
8 31 1 50
8 38 2 50
8 0 3 50
8 1 3 50
8 14 3 50
8 18 3 50
8 36 3 50
516 478 2 50
516 539 3 50
30 38 1 51
30 0 2 51
30 1 2 51
30 14 2 51
30 18 2 51
30 36 2 51
30 77 2 51
31 38 1 51
31 0 2 51
31 1 2 51
31 14 2 51
31 18 2 51
31 36 2 51
31 77 2 51
144 103 1 51
144 144 1 51
144 146 2 51
326 363 2 51
38 0 1 52
38 1 1 52
38 14 1 52
38 18 1 52
38 36 1 52
38 77 1 52
103 77 1 52
103 146 1 52
144 146 1 52
