50 52 8 1
50 63 8 1
50 47 22 1
50 72 37 1
50 29 42 1
50 47 42 1
50 66 42 1
50 60 50 1
50 69 50 1
50 34 51 1
50 64 51 1
105 113 12 1
105 123 13 1
105 128 13 1
105 107 19 1
105 108 22 1
105 118 27 1
105 118 29 1
105 118 30 1
105 113 31 1
105 108 36 1
105 111 44 1
161 144 6 1
161 145 17 1
161 135 22 1
161 177 28 1
161 146 29 1
161 144 30 1
161 143 31 1
161 143 35 1
161 142 38 1
161 142 39 1
161 139 40 1
161 139 41 1
161 145 43 1
161 136 46 1
161 137 50 1
255 231 9 1
255 231 10 1
255 254 11 1
255 231 12 1
255 255 12 1
255 255 13 1
255 229 14 1
255 228 16 1
255 239 18 1
255 255 18 1
255 239 19 1
255 239 21 1
255 254 23 1
255 255 23 1
255 244 25 1
255 255 29 1
255 233 34 1
255 248 36 1
255 225 44 1
255 236 45 1
255 237 48 1
165 144 5 2
165 145 16 2
165 135 21 2
165 177 27 2
165 146 28 2
165 144 29 2
165 143 30 2
165 143 34 2
165 142 37 2
165 142 38 2
165 139 39 2
165 139 40 2
165 145 42 2
165 136 45 2
165 137 49 2
255 231 8 2
255 231 9 2
255 254 10 2
255 231 11 2
255 255 11 2
255 255 12 2
255 229 13 2
255 228 15 2
255 239 17 2
255 255 17 2
255 239 18 2
255 239 20 2
255 254 22 2
255 255 22 2
255 244 24 2
255 255 28 2
255 233 33 2
255 248 35 2
255 225 43 2
255 236 44 2
255 237 47 2
126 144 4 3
126 113 10 3
126 123 11 3
126 128 11 3
126 145 15 3
126 107 17 3
126 108 20 3
126 135 20 3
126 118 25 3
126 118 27 3
126 146 27 3
126 118 28 3
126 144 28 3
126 113 29 3
126 143 29 3
126 143 33 3
126 108 34 3
126 142 36 3
126 142 37 3
126 139 38 3
126 139 39 3
126 145 41 3
126 111 42 3
126 136 44 3
126 137 48 3
254 231 7 3
254 231 8 3
254 254 9 3
254 231 10 3
254 255 10 3
254 255 11 3
254 229 12 3
254 228 14 3
254 239 16 3
254 255 16 3
254 239 17 3
254 239 19 3
254 254 21 3
254 255 21 3
254 244 23 3
254 255 27 3
254 233 32 3
254 248 34 3
254 225 42 3
254 236 43 3
254 237 46 3
254 242 53 3
255 231 7 3
255 231 8 3
255 254 9 3
255 231 10 3
255 255 10 3
255 255 11 3
255 229 12 3
255 228 14 3
255 239 16 3
255 255 16 3
255 239 17 3
255 239 19 3
255 254 21 3
255 255 21 3
255 244 23 3
255 255 27 3
255 233 32 3
255 248 34 3
255 225 42 3
255 236 43 3
255 237 46 3
255 242 53 3
164 145 14 4
164 135 19 4
164 177 25 4
164 146 26 4
164 144 27 4
164 143 28 4
164 143 32 4
164 142 35 4
164 142 36 4
164 139 37 4
164 139 38 4
164 145 40 4
164 136 43 4
164 137 47 4
224 231 4 6
224 231 5 6
224 231 7 6
224 229 9 6
224 220 10 6
224 228 11 6
224 239 13 6
224 239 14 6
224 213 15 6
224 239 16 6
224 220 19 6
224 244 20 6
224 218 22 6
224 233 29 6
224 248 31 6
224 213 32 6
224 210 37 6
224 225 39 6
224 236 40 6
224 237 43 6
224 215 46 6
224 242 50 6
224 239 51 6
224 239 52 6
224 239 53 6
144 123 7 7
144 128 7 7
144 145 11 7
144 135 16 7
144 118 21 7
144 118 23 7
144 146 23 7
144 118 24 7
144 144 24 7
144 143 25 7
144 143 29 7
144 142 32 7
144 142 33 7
144 139 34 7
144 139 35 7
144 145 37 7
144 136 40 7
144 137 44 7
14 9 4 9
14 3 5 9
14 1 6 9
14 3 6 9
14 0 7 9
14 1 7 9
14 3 7 9
14 1 8 9
14 3 8 9
14 1 9 9
14 3 9 9
14 1 10 9
14 0 11 9
14 1 11 9
14 3 11 9
14 9 11 9
14 19 11 9
14 0 13 9
14 2 13 9
14 3 13 9
14 9 21 9
14 18 21 9
14 2 22 9
14 3 22 9
14 2 23 9
14 3 23 9
14 15 25 9
14 0 26 9
14 2 26 9
14 3 26 9
14 1 27 9
14 4 27 9
14 2 28 9
14 9 28 9
14 0 29 9
14 1 29 9
14 2 30 9
14 3 30 9
14 3 31 9
14 0 34 9
14 3 34 9
14 10 34 9
14 29 34 9
14 1 37 9
14 34 43 9
14 23 48 9
14 2 49 9
14 2 50 9
14 18 53 9
18 9 4 9
18 3 5 9
18 1 6 9
18 3 6 9
18 0 7 9
18 1 7 9
18 3 7 9
18 1 8 9
18 3 8 9
18 1 9 9
18 3 9 9
18 1 10 9
18 0 11 9
18 1 11 9
18 3 11 9
18 9 11 9
18 19 11 9
18 0 13 9
18 2 13 9
18 3 13 9
18 47 14 9
18 9 21 9
18 18 21 9
18 2 22 9
18 3 22 9
18 2 23 9
18 3 23 9
18 15 25 9
18 0 26 9
18 2 26 9
18 3 26 9
18 1 27 9
18 4 27 9
18 2 28 9
18 9 28 9
18 0 29 9
18 1 29 9
18 2 30 9
18 3 30 9
18 3 31 9
18 0 34 9
18 3 34 9
18 10 34 9
18 29 34 9
18 47 34 9
18 1 37 9
18 34 43 9
18 23 48 9
18 2 49 9
18 2 50 9
18 18 53 9
52 47 14 9
52 72 29 9
52 29 34 9
52 47 34 9
52 66 34 9
52 60 42 9
52 69 42 9
52 34 43 9
52 64 43 9
52 23 48 9
52 63 48 9
52 64 49 9
63 47 14 9
63 72 29 9
63 47 34 9
63 66 34 9
63 60 42 9
63 69 42 9
63 34 43 9
63 64 43 9
63 63 48 9
63 64 49 9
198 220 7 9
198 213 12 9
198 220 16 9
198 218 19 9
198 177 20 9
198 213 29 9
198 210 34 9
198 225 36 9
198 215 43 9
198 213 51 9
198 223 52 9
198 171 53 9
231 255 4 10
231 229 5 10
231 220 6 10
231 228 7 10
231 239 9 10
231 255 9 10
231 239 10 10
231 213 11 10
231 239 12 10
231 254 14 10
231 255 14 10
231 220 15 10
231 244 16 10
231 218 18 10
231 255 20 10
231 233 25 10
231 248 27 10
231 213 28 10
231 210 33 10
231 225 35 10
231 236 36 10
231 237 39 10
231 215 42 10
231 242 46 10
231 239 47 10
231 239 48 10
231 239 49 10
231 213 50 10
231 223 51 10
231 255 52 10
231 255 53 10
18 1 4 11
18 3 4 11
18 0 5 11
18 1 5 11
18 3 5 11
18 1 6 11
18 3 6 11
18 1 7 11
18 3 7 11
18 1 8 11
18 0 9 11
18 1 9 11
18 3 9 11
18 9 9 11
18 19 9 11
18 0 11 11
18 2 11 11
18 3 11 11
18 47 12 11
18 9 19 11
18 18 19 11
18 2 20 11
18 3 20 11
18 2 21 11
18 3 21 11
18 15 23 11
18 0 24 11
18 2 24 11
18 3 24 11
18 1 25 11
18 4 25 11
18 2 26 11
18 9 26 11
18 0 27 11
18 1 27 11
18 2 28 11
18 3 28 11
18 3 29 11
18 0 32 11
18 3 32 11
18 10 32 11
18 29 32 11
18 47 32 11
18 1 35 11
18 34 41 11
18 23 46 11
18 2 47 11
18 2 48 11
18 18 51 11
18 2 52 11
18 3 52 11
18 9 53 11
231 229 4 11
231 220 5 11
231 228 6 11
231 239 8 11
231 255 8 11
231 239 9 11
231 213 10 11
231 239 11 11
231 254 13 11
231 255 13 11
231 220 14 11
231 244 15 11
231 218 17 11
231 255 19 11
231 233 24 11
231 248 26 11
231 213 27 11
231 210 32 11
231 225 34 11
231 236 35 11
231 237 38 11
231 215 41 11
231 242 45 11
231 239 46 11
231 239 47 11
231 239 48 11
231 213 49 11
231 223 50 11
231 255 51 11
231 255 52 11
231 255 53 11
254 228 5 12
254 239 7 12
254 255 7 12
254 239 8 12
254 239 10 12
254 254 12 12
254 255 12 12
254 244 14 12
254 255 18 12
254 233 23 12
254 248 25 12
254 225 33 12
254 236 34 12
254 237 37 12
254 242 44 12
254 239 45 12
254 239 46 12
254 239 47 12
254 255 50 12
254 255 51 12
254 255 52 12
9 1 4 13
9 3 4 13
9 1 5 13
9 3 5 13
9 1 6 13
9 0 7 13
9 1 7 13
9 3 7 13
9 9 7 13
9 19 7 13
9 0 9 13
9 2 9 13
9 3 9 13
9 9 17 13
9 18 17 13
9 2 18 13
9 3 18 13
9 2 19 13
9 3 19 13
9 15 21 13
9 0 22 13
9 2 22 13
9 3 22 13
9 1 23 13
9 4 23 13
9 2 24 13
9 9 24 13
9 0 25 13
9 1 25 13
9 2 26 13
9 3 26 13
9 3 27 13
9 0 30 13
9 3 30 13
9 10 30 13
9 29 30 13
9 1 33 13
9 34 39 13
9 23 44 13
9 2 45 13
9 2 46 13
9 18 49 13
9 2 50 13
9 3 50 13
9 9 51 13
9 18 53 13
113 107 7 13
113 108 10 13
113 135 10 13
113 118 15 13
113 118 17 13
113 118 18 13
113 113 19 13
113 108 24 13
113 142 26 13
113 142 27 13
113 139 28 13
113 139 29 13
113 111 32 13
113 136 34 13
113 137 38 13
113 110 46 13
113 113 49 13
113 118 53 13
231 228 4 13
231 239 6 13
231 255 6 13
231 239 7 13
231 213 8 13
231 239 9 13
231 254 11 13
231 255 11 13
231 220 12 13
231 244 13 13
231 218 15 13
231 255 17 13
231 233 22 13
231 248 24 13
231 213 25 13
231 210 30 13
231 225 32 13
231 236 33 13
231 237 36 13
231 215 39 13
231 242 43 13
231 239 44 13
231 239 45 13
231 239 46 13
231 213 47 13
231 223 48 13
231 255 49 13
231 255 50 13
231 255 51 13
255 228 4 13
255 239 6 13
255 255 6 13
255 239 7 13
255 239 9 13
255 254 11 13
255 255 11 13
255 244 13 13
255 255 17 13
255 233 22 13
255 248 24 13
255 225 32 13
255 236 33 13
255 237 36 13
255 242 43 13
255 239 44 13
255 239 45 13
255 239 46 13
255 255 49 13
255 255 50 13
255 255 51 13
3 1 4 14
3 3 4 14
3 1 5 14
3 0 6 14
3 1 6 14
3 3 6 14
3 9 6 14
3 19 6 14
3 0 8 14
3 2 8 14
3 3 8 14
3 9 16 14
3 18 16 14
3 2 17 14
3 3 17 14
3 2 18 14
3 3 18 14
3 15 20 14
3 0 21 14
3 2 21 14
3 3 21 14
3 1 22 14
3 4 22 14
3 2 23 14
3 9 23 14
3 0 24 14
3 1 24 14
3 2 25 14
3 3 25 14
3 3 26 14
3 0 29 14
3 3 29 14
3 10 29 14
3 29 29 14
3 1 32 14
3 23 43 14
3 2 44 14
3 2 45 14
3 18 48 14
3 2 49 14
3 3 49 14
3 9 50 14
3 18 52 14
3 18 53 14
123 145 4 14
123 107 6 14
123 108 9 14
123 135 9 14
123 118 14 14
123 118 16 14
123 146 16 14
123 118 17 14
123 144 17 14
123 113 18 14
123 143 18 14
123 143 22 14
123 108 23 14
123 142 25 14
123 142 26 14
123 139 27 14
123 139 28 14
123 145 30 14
123 111 31 14
123 136 33 14
123 137 37 14
123 110 45 14
123 113 48 14
123 143 49 14
123 143 50 14
123 143 51 14
123 118 52 14
123 108 53 14
128 145 4 14
128 107 6 14
128 108 9 14
128 135 9 14
128 118 14 14
128 118 16 14
128 146 16 14
128 118 17 14
128 144 17 14
128 113 18 14
128 143 18 14
128 143 22 14
128 108 23 14
128 142 25 14
128 142 26 14
128 139 27 14
128 139 28 14
128 145 30 14
128 111 31 14
128 136 33 14
128 137 37 14
128 110 45 14
128 113 48 14
128 143 49 14
128 143 50 14
128 143 51 14
128 118 52 14
128 108 53 14
255 239 5 14
255 255 5 14
255 239 6 14
255 239 8 14
255 254 10 14
255 255 10 14
255 244 12 14
255 255 16 14
255 233 21 14
255 248 23 14
255 225 31 14
255 236 32 14
255 237 35 14
255 242 42 14
255 239 43 14
255 239 44 14
255 239 45 14
255 255 48 14
255 255 49 14
255 255 50 14
1 1 4 15
1 0 5 15
1 1 5 15
1 3 5 15
1 9 5 15
1 19 5 15
1 0 7 15
1 2 7 15
1 3 7 15
1 9 15 15
1 18 15 15
1 2 16 15
1 3 16 15
1 2 17 15
1 3 17 15
1 15 19 15
1 0 20 15
1 2 20 15
1 3 20 15
1 1 21 15
1 4 21 15
1 2 22 15
1 9 22 15
1 0 23 15
1 1 23 15
1 2 24 15
1 3 24 15
1 3 25 15
1 0 28 15
1 3 28 15
1 10 28 15
1 29 28 15
1 1 31 15
1 23 42 15
1 2 43 15
1 2 44 15
1 18 47 15
1 2 48 15
1 3 48 15
1 9 49 15
1 18 51 15
1 18 52 15
1 2 53 15
1 3 53 15
3 1 4 15
3 0 5 15
3 1 5 15
3 3 5 15
3 9 5 15
3 19 5 15
3 0 7 15
3 2 7 15
3 3 7 15
3 9 15 15
3 18 15 15
3 2 16 15
3 3 16 15
3 2 17 15
3 3 17 15
3 15 19 15
3 0 20 15
3 2 20 15
3 3 20 15
3 1 21 15
3 4 21 15
3 2 22 15
3 9 22 15
3 0 23 15
3 1 23 15
3 2 24 15
3 3 24 15
3 3 25 15
3 0 28 15
3 3 28 15
3 10 28 15
3 29 28 15
3 1 31 15
3 23 42 15
3 2 43 15
3 2 44 15
3 18 47 15
3 2 48 15
3 3 48 15
3 9 49 15
3 18 51 15
3 18 52 15
3 2 53 15
3 3 53 15
229 239 4 15
229 255 4 15
229 239 5 15
229 213 6 15
229 239 7 15
229 254 9 15
229 255 9 15
229 220 10 15
229 244 11 15
229 218 13 15
229 255 15 15
229 233 20 15
229 248 22 15
229 213 23 15
229 210 28 15
229 225 30 15
229 236 31 15
229 237 34 15
229 215 37 15
229 242 41 15
229 239 42 15
229 239 43 15
229 239 44 15
229 213 45 15
229 223 46 15
229 255 47 15
229 255 48 15
229 255 49 15
229 204 53 15
0 0 4 16
0 1 4 16
0 3 4 16
0 9 4 16
0 19 4 16
0 0 6 16
0 2 6 16
0 3 6 16
0 9 14 16
0 18 14 16
0 2 15 16
0 3 15 16
0 2 16 16
0 3 16 16
0 15 18 16
0 0 19 16
0 2 19 16
0 3 19 16
0 1 20 16
0 4 20 16
0 2 21 16
0 9 21 16
0 0 22 16
0 1 22 16
0 2 23 16
0 3 23 16
0 3 24 16
0 0 27 16
0 3 27 16
0 10 27 16
0 29 27 16
0 1 30 16
0 23 41 16
0 2 42 16
0 2 43 16
0 18 46 16
0 2 47 16
0 3 47 16
0 9 48 16
0 18 50 16
0 18 51 16
0 2 52 16
0 3 52 16
1 0 4 16
1 1 4 16
1 3 4 16
1 9 4 16
1 19 4 16
1 0 6 16
1 2 6 16
1 3 6 16
1 9 14 16
1 18 14 16
1 2 15 16
1 3 15 16
1 2 16 16
1 3 16 16
1 15 18 16
1 0 19 16
1 2 19 16
1 3 19 16
1 1 20 16
1 4 20 16
1 2 21 16
1 9 21 16
1 0 22 16
1 1 22 16
1 2 23 16
1 3 23 16
1 3 24 16
1 0 27 16
1 3 27 16
1 10 27 16
1 29 27 16
1 1 30 16
1 23 41 16
1 2 42 16
1 2 43 16
1 18 46 16
1 2 47 16
1 3 47 16
1 9 48 16
1 18 50 16
1 18 51 16
1 2 52 16
1 3 52 16
3 0 4 16
3 1 4 16
3 3 4 16
3 9 4 16
3 19 4 16
3 0 6 16
3 2 6 16
3 3 6 16
3 9 14 16
3 18 14 16
3 2 15 16
3 3 15 16
3 2 16 16
3 3 16 16
3 15 18 16
3 0 19 16
3 2 19 16
3 3 19 16
3 1 20 16
3 4 20 16
3 2 21 16
3 9 21 16
3 0 22 16
3 1 22 16
3 2 23 16
3 3 23 16
3 3 24 16
3 0 27 16
3 3 27 16
3 10 27 16
3 29 27 16
3 1 30 16
3 23 41 16
3 2 42 16
3 2 43 16
3 18 46 16
3 2 47 16
3 3 47 16
3 9 48 16
3 18 50 16
3 18 51 16
3 2 52 16
3 3 52 16
220 239 4 16
220 213 5 16
220 239 6 16
220 220 9 16
220 244 10 16
220 218 12 16
220 233 19 16
220 248 21 16
220 213 22 16
220 210 27 16
220 225 29 16
220 236 30 16
220 237 33 16
220 215 36 16
220 242 40 16
220 239 41 16
220 239 42 16
220 239 43 16
220 213 44 16
220 223 45 16
220 204 52 16
220 243 53 16
1 0 5 17
1 2 5 17
1 3 5 17
1 9 13 17
1 18 13 17
1 2 14 17
1 3 14 17
1 2 15 17
1 3 15 17
1 15 17 17
1 0 18 17
1 2 18 17
1 3 18 17
1 1 19 17
1 4 19 17
1 2 20 17
1 9 20 17
1 0 21 17
1 1 21 17
1 2 22 17
1 3 22 17
1 3 23 17
1 0 26 17
1 3 26 17
1 10 26 17
1 29 26 17
1 1 29 17
1 23 40 17
1 2 41 17
1 2 42 17
1 18 45 17
1 2 46 17
1 3 46 17
1 9 47 17
1 18 49 17
1 18 50 17
1 2 51 17
1 3 51 17
3 0 5 17
3 2 5 17
3 3 5 17
3 9 13 17
3 18 13 17
3 2 14 17
3 3 14 17
3 2 15 17
3 3 15 17
3 15 17 17
3 0 18 17
3 2 18 17
3 3 18 17
3 1 19 17
3 4 19 17
3 2 20 17
3 9 20 17
3 0 21 17
3 1 21 17
3 2 22 17
3 3 22 17
3 3 23 17
3 0 26 17
3 3 26 17
3 10 26 17
3 29 26 17
3 1 29 17
3 23 40 17
3 2 41 17
3 2 42 17
3 18 45 17
3 2 46 17
3 3 46 17
3 9 47 17
3 18 49 17
3 18 50 17
3 2 51 17
3 3 51 17
228 213 4 17
228 239 5 17
228 254 7 17
228 255 7 17
228 220 8 17
228 244 9 17
228 218 11 17
228 255 13 17
228 233 18 17
228 248 20 17
228 213 21 17
228 210 26 17
228 225 28 17
228 236 29 17
228 237 32 17
228 215 35 17
228 242 39 17
228 239 40 17
228 239 41 17
228 239 42 17
228 213 43 17
228 223 44 17
228 255 45 17
228 255 46 17
228 255 47 17
228 204 51 17
228 243 52 17
1 0 4 18
1 2 4 18
1 3 4 18
1 9 12 18
1 18 12 18
1 2 13 18
1 3 13 18
1 2 14 18
1 3 14 18
1 15 16 18
1 0 17 18
1 2 17 18
1 3 17 18
1 1 18 18
1 4 18 18
1 2 19 18
1 9 19 18
1 0 20 18
1 1 20 18
1 2 21 18
1 3 21 18
1 3 22 18
1 0 25 18
1 3 25 18
1 10 25 18
1 29 25 18
1 1 28 18
1 23 39 18
1 2 40 18
1 2 41 18
1 18 44 18
1 2 45 18
1 3 45 18
1 9 46 18
1 18 48 18
1 18 49 18
1 2 50 18
1 3 50 18
1 16 53 18
3 0 4 18
3 2 4 18
3 3 4 18
3 9 12 18
3 18 12 18
3 2 13 18
3 3 13 18
3 2 14 18
3 3 14 18
3 15 16 18
3 0 17 18
3 2 17 18
3 3 17 18
3 1 18 18
3 4 18 18
3 2 19 18
3 9 19 18
3 0 20 18
3 1 20 18
3 2 21 18
3 3 21 18
3 3 22 18
3 0 25 18
3 3 25 18
3 10 25 18
3 29 25 18
3 1 28 18
3 23 39 18
3 2 40 18
3 2 41 18
3 18 44 18
3 2 45 18
3 3 45 18
3 9 46 18
3 18 48 18
3 18 49 18
3 2 50 18
3 3 50 18
3 16 53 18
145 135 5 18
145 118 10 18
145 118 12 18
145 146 12 18
145 118 13 18
145 144 13 18
145 143 14 18
145 143 18 18
145 142 21 18
145 142 22 18
145 139 23 18
145 139 24 18
145 145 26 18
145 136 29 18
145 137 33 18
145 171 44 18
145 143 45 18
145 143 46 18
145 143 47 18
145 118 48 18
1 9 11 19
1 18 11 19
1 2 12 19
1 3 12 19
1 2 13 19
1 3 13 19
1 15 15 19
1 0 16 19
1 2 16 19
1 3 16 19
1 1 17 19
1 4 17 19
1 2 18 19
1 9 18 19
1 0 19 19
1 1 19 19
1 2 20 19
1 3 20 19
1 3 21 19
1 0 24 19
1 3 24 19
1 10 24 19
1 29 24 19
1 1 27 19
1 23 38 19
1 2 39 19
1 2 40 19
1 18 43 19
1 2 44 19
1 3 44 19
1 9 45 19
1 18 47 19
1 18 48 19
1 2 49 19
1 3 49 19
1 16 52 19
239 254 5 19
239 255 5 19
239 220 6 19
239 244 7 19
239 218 9 19
239 255 11 19
239 233 16 19
239 248 18 19
239 213 19 19
239 210 24 19
239 225 26 19
239 236 27 19
239 237 30 19
239 215 33 19
239 242 37 19
239 239 38 19
239 239 39 19
239 239 40 19
239 213 41 19
239 223 42 19
239 255 43 19
239 255 44 19
239 255 45 19
239 243 50 19
255 254 5 19
255 255 5 19
255 244 7 19
255 255 11 19
255 233 16 19
255 248 18 19
255 225 26 19
255 236 27 19
255 237 30 19
255 242 37 19
255 239 38 19
255 239 39 19
255 239 40 19
255 255 43 19
255 255 44 19
255 255 45 19
255 243 50 19
0 9 10 20
0 18 10 20
0 2 11 20
0 3 11 20
0 2 12 20
0 3 12 20
0 15 14 20
0 0 15 20
0 2 15 20
0 3 15 20
0 1 16 20
0 4 16 20
0 2 17 20
0 9 17 20
0 0 18 20
0 1 18 20
0 2 19 20
0 3 19 20
0 3 20 20
0 0 23 20
0 3 23 20
0 10 23 20
0 29 23 20
0 1 26 20
0 23 37 20
0 2 38 20
0 2 39 20
0 18 42 20
0 2 43 20
0 3 43 20
0 9 44 20
0 18 46 20
0 18 47 20
0 2 48 20
0 3 48 20
0 16 51 20
0 4 53 20
0 7 53 20
0 18 53 20
1 9 10 20
1 18 10 20
1 2 11 20
1 3 11 20
1 2 12 20
1 3 12 20
1 15 14 20
1 0 15 20
1 2 15 20
1 3 15 20
1 1 16 20
1 4 16 20
1 2 17 20
1 9 17 20
1 0 18 20
1 1 18 20
1 2 19 20
1 3 19 20
1 3 20 20
1 0 23 20
1 3 23 20
1 10 23 20
1 29 23 20
1 1 26 20
1 23 37 20
1 2 38 20
1 2 39 20
1 18 42 20
1 2 43 20
1 3 43 20
1 9 44 20
1 18 46 20
1 18 47 20
1 2 48 20
1 3 48 20
1 16 51 20
1 4 53 20
1 7 53 20
1 18 53 20
3 9 10 20
3 18 10 20
3 2 11 20
3 3 11 20
3 2 12 20
3 3 12 20
3 15 14 20
3 0 15 20
3 2 15 20
3 3 15 20
3 1 16 20
3 4 16 20
3 2 17 20
3 9 17 20
3 0 18 20
3 1 18 20
3 2 19 20
3 3 19 20
3 3 20 20
3 0 23 20
3 3 23 20
3 10 23 20
3 29 23 20
3 1 26 20
3 23 37 20
3 2 38 20
3 2 39 20
3 18 42 20
3 2 43 20
3 3 43 20
3 9 44 20
3 18 46 20
3 18 47 20
3 2 48 20
3 3 48 20
3 16 51 20
3 4 53 20
3 7 53 20
3 18 53 20
9 9 10 20
9 18 10 20
9 2 11 20
9 3 11 20
9 2 12 20
9 3 12 20
9 15 14 20
9 0 15 20
9 2 15 20
9 3 15 20
9 1 16 20
9 4 16 20
9 2 17 20
9 9 17 20
9 0 18 20
9 1 18 20
9 2 19 20
9 3 19 20
9 3 20 20
9 0 23 20
9 3 23 20
9 10 23 20
9 29 23 20
9 1 26 20
9 34 32 20
9 23 37 20
9 2 38 20
9 2 39 20
9 18 42 20
9 2 43 20
9 3 43 20
9 9 44 20
9 18 46 20
9 18 47 20
9 2 48 20
9 3 48 20
9 16 51 20
9 4 53 20
9 7 53 20
9 18 53 20
19 9 10 20
19 18 10 20
19 2 11 20
19 3 11 20
19 2 12 20
19 3 12 20
19 15 14 20
19 0 15 20
19 2 15 20
19 3 15 20
19 1 16 20
19 4 16 20
19 2 17 20
19 9 17 20
19 0 18 20
19 1 18 20
19 2 19 20
19 3 19 20
19 3 20 20
19 0 23 20
19 3 23 20
19 10 23 20
19 29 23 20
19 47 23 20
19 1 26 20
19 34 32 20
19 23 37 20
19 2 38 20
19 2 39 20
19 18 42 20
19 2 43 20
19 3 43 20
19 9 44 20
19 18 46 20
19 18 47 20
19 2 48 20
19 3 48 20
19 16 51 20
19 4 53 20
19 7 53 20
19 18 53 20
107 118 8 20
107 118 10 20
107 118 11 20
107 113 12 20
107 108 17 20
107 111 25 20
107 136 27 20
107 110 39 20
107 113 42 20
107 118 46 20
107 108 47 20
239 254 4 20
239 255 4 20
239 220 5 20
239 244 6 20
239 218 8 20
239 255 10 20
239 233 15 20
239 248 17 20
239 213 18 20
239 210 23 20
239 225 25 20
239 236 26 20
239 237 29 20
239 215 32 20
239 242 36 20
239 239 37 20
239 239 38 20
239 239 39 20
239 213 40 20
239 223 41 20
239 255 42 20
239 255 43 20
239 255 44 20
239 243 49 20
239 244 53 20
213 220 4 21
213 218 7 21
213 233 14 21
213 213 17 21
213 210 22 21
213 225 24 21
213 236 25 21
213 237 28 21
213 215 31 21
213 242 35 21
213 239 36 21
213 239 37 21
213 239 38 21
213 213 39 21
213 223 40 21
213 204 47 21
213 193 50 21
0 9 8 22
0 18 8 22
0 2 9 22
0 3 9 22
0 2 10 22
0 3 10 22
0 15 12 22
0 0 13 22
0 2 13 22
0 3 13 22
0 1 14 22
0 4 14 22
0 2 15 22
0 9 15 22
0 0 16 22
0 1 16 22
0 2 17 22
0 3 17 22
0 3 18 22
0 0 21 22
0 3 21 22
0 10 21 22
0 29 21 22
0 1 24 22
0 23 35 22
0 2 36 22
0 2 37 22
0 18 40 22
0 2 41 22
0 3 41 22
0 9 42 22
0 18 44 22
0 18 45 22
0 2 46 22
0 3 46 22
0 16 49 22
0 4 51 22
0 7 51 22
0 18 51 22
2 9 8 22
2 18 8 22
2 2 9 22
2 3 9 22
2 2 10 22
2 3 10 22
2 15 12 22
2 0 13 22
2 2 13 22
2 3 13 22
2 1 14 22
2 4 14 22
2 2 15 22
2 9 15 22
2 0 16 22
2 1 16 22
2 2 17 22
2 3 17 22
2 3 18 22
2 0 21 22
2 3 21 22
2 10 21 22
2 29 21 22
2 1 24 22
2 23 35 22
2 2 36 22
2 2 37 22
2 18 40 22
2 2 41 22
2 3 41 22
2 9 42 22
2 18 44 22
2 18 45 22
2 2 46 22
2 3 46 22
2 16 49 22
2 4 51 22
2 7 51 22
2 18 51 22
3 9 8 22
3 18 8 22
3 2 9 22
3 3 9 22
3 2 10 22
3 3 10 22
3 15 12 22
3 0 13 22
3 2 13 22
3 3 13 22
3 1 14 22
3 4 14 22
3 2 15 22
3 9 15 22
3 0 16 22
3 1 16 22
3 2 17 22
3 3 17 22
3 3 18 22
3 0 21 22
3 3 21 22
3 10 21 22
3 29 21 22
3 1 24 22
3 23 35 22
3 2 36 22
3 2 37 22
3 18 40 22
3 2 41 22
3 3 41 22
3 9 42 22
3 18 44 22
3 18 45 22
3 2 46 22
3 3 46 22
3 16 49 22
3 4 51 22
3 7 51 22
3 18 51 22
239 244 4 22
239 218 6 22
239 255 8 22
239 233 13 22
239 248 15 22
239 213 16 22
239 210 21 22
239 225 23 22
239 236 24 22
239 237 27 22
239 215 30 22
239 242 34 22
239 239 35 22
239 239 36 22
239 239 37 22
239 213 38 22
239 223 39 22
239 255 40 22
239 255 41 22
239 255 42 22
239 243 47 22
239 244 51 22
47 18 7 23
47 72 15 23
47 29 20 23
47 47 20 23
47 66 20 23
47 60 28 23
47 69 28 23
47 34 29 23
47 64 29 23
47 23 34 23
47 63 34 23
47 64 35 23
47 18 39 23
47 18 43 23
47 18 44 23
47 18 50 23
108 118 5 23
108 118 7 23
108 118 8 23
108 113 9 23
108 108 14 23
108 111 22 23
108 136 24 23
108 137 28 23
108 110 36 23
108 113 39 23
108 118 43 23
108 108 44 23
135 118 5 23
135 118 7 23
135 146 7 23
135 118 8 23
135 144 8 23
135 113 9 23
135 143 9 23
135 143 13 23
135 108 14 23
135 142 16 23
135 142 17 23
135 139 18 23
135 139 19 23
135 145 21 23
135 111 22 23
135 136 24 23
135 137 28 23
135 110 36 23
135 113 39 23
135 143 40 23
135 143 41 23
135 143 42 23
135 118 43 23
135 108 44 23
135 143 49 23
135 140 51 23
254 255 6 24
254 233 11 24
254 248 13 24
254 225 21 24
254 236 22 24
254 237 25 24
254 242 32 24
254 239 33 24
254 239 34 24
254 239 35 24
254 255 38 24
254 255 39 24
254 255 40 24
254 243 45 24
254 244 49 24
255 255 6 24
255 233 11 24
255 248 13 24
255 225 21 24
255 236 22 24
255 237 25 24
255 242 32 24
255 239 33 24
255 239 34 24
255 239 35 24
255 255 38 24
255 255 39 24
255 255 40 24
255 243 45 24
255 244 49 24
220 233 10 25
220 248 12 25
220 213 13 25
220 210 18 25
220 225 20 25
220 236 21 25
220 237 24 25
220 215 27 25
220 242 31 25
220 239 32 25
220 239 33 25
220 239 34 25
220 213 35 25
220 223 36 25
220 204 43 25
220 243 44 25
220 193 46 25
220 244 48 25
244 255 4 26
244 233 9 26
244 248 11 26
244 225 19 26
244 236 20 26
244 237 23 26
244 215 26 26
244 242 30 26
244 239 31 26
244 239 32 26
244 239 33 26
244 223 35 26
244 255 36 26
244 255 37 26
244 255 38 26
244 243 43 26
244 244 47 26
244 219 53 26
118 113 4 28
118 143 4 28
118 143 8 28
118 108 9 28
118 142 11 28
118 142 12 28
118 139 13 28
118 139 14 28
118 145 16 28
118 111 17 28
118 136 19 28
118 137 23 28
118 110 31 28
118 113 34 28
118 143 35 28
118 143 36 28
118 143 37 28
118 118 38 28
118 108 39 28
118 143 44 28
118 140 46 28
218 233 7 28
218 213 10 28
218 210 15 28
218 225 17 28
218 236 18 28
218 237 21 28
218 215 24 28
218 242 28 28
218 239 29 28
218 239 30 28
218 239 31 28
218 213 32 28
218 223 33 28
218 204 40 28
218 243 41 28
218 193 43 28
218 244 45 28
218 219 51 28
177 171 33 29
177 178 38 29
177 204 39 29
177 193 42 29
9 15 4 30
9 0 5 30
9 2 5 30
9 3 5 30
9 1 6 30
9 4 6 30
9 2 7 30
9 9 7 30
9 0 8 30
9 1 8 30
9 2 9 30
9 3 9 30
9 3 10 30
9 0 13 30
9 3 13 30
9 10 13 30
9 29 13 30
9 1 16 30
9 34 22 30
9 23 27 30
9 2 28 30
9 2 29 30
9 18 32 30
9 2 33 30
9 3 33 30
9 9 34 30
9 18 36 30
9 18 37 30
9 2 38 30
9 3 38 30
9 16 41 30
9 4 43 30
9 7 43 30
9 18 43 30
18 15 4 30
18 0 5 30
18 2 5 30
18 3 5 30
18 1 6 30
18 4 6 30
18 2 7 30
18 9 7 30
18 0 8 30
18 1 8 30
18 2 9 30
18 3 9 30
18 3 10 30
18 0 13 30
18 3 13 30
18 10 13 30
18 29 13 30
18 47 13 30
18 1 16 30
18 34 22 30
18 23 27 30
18 2 28 30
18 2 29 30
18 18 32 30
18 2 33 30
18 3 33 30
18 9 34 30
18 18 36 30
18 18 37 30
18 2 38 30
18 3 38 30
18 16 41 30
18 4 43 30
18 7 43 30
18 18 43 30
18 47 49 30
118 143 6 30
118 108 7 30
118 142 9 30
118 142 10 30
118 139 11 30
118 139 12 30
118 145 14 30
118 111 15 30
118 136 17 30
118 137 21 30
118 110 29 30
118 113 32 30
118 143 33 30
118 143 34 30
118 143 35 30
118 118 36 30
118 108 37 30
118 143 42 30
118 140 44 30
118 120 53 30
146 143 6 30
146 142 9 30
146 142 10 30
146 139 11 30
146 139 12 30
146 145 14 30
146 136 17 30
146 137 21 30
146 171 32 30
146 143 33 30
146 143 34 30
146 143 35 30
146 118 36 30
146 143 42 30
146 140 44 30
146 120 53 30
255 233 5 30
255 248 7 30
255 225 15 30
255 236 16 30
255 237 19 30
255 242 26 30
255 239 27 30
255 239 28 30
255 239 29 30
255 255 32 30
255 255 33 30
255 255 34 30
255 243 39 30
255 244 43 30
255 255 53 30
2 0 4 31
2 2 4 31
2 3 4 31
2 1 5 31
2 4 5 31
2 2 6 31
2 9 6 31
2 0 7 31
2 1 7 31
2 2 8 31
2 3 8 31
2 3 9 31
2 0 12 31
2 3 12 31
2 10 12 31
2 29 12 31
2 1 15 31
2 23 26 31
2 2 27 31
2 2 28 31
2 18 31 31
2 2 32 31
2 3 32 31
2 9 33 31
2 18 35 31
2 18 36 31
2 2 37 31
2 3 37 31
2 16 40 31
2 4 42 31
2 7 42 31
2 18 42 31
3 0 4 31
3 2 4 31
3 3 4 31
3 1 5 31
3 4 5 31
3 2 6 31
3 9 6 31
3 0 7 31
3 1 7 31
3 2 8 31
3 3 8 31
3 3 9 31
3 0 12 31
3 3 12 31
3 10 12 31
3 29 12 31
3 1 15 31
3 23 26 31
3 2 27 31
3 2 28 31
3 18 31 31
3 2 32 31
3 3 32 31
3 9 33 31
3 18 35 31
3 18 36 31
3 2 37 31
3 3 37 31
3 16 40 31
3 4 42 31
3 7 42 31
3 18 42 31
118 143 5 31
118 108 6 31
118 142 8 31
118 142 9 31
118 139 10 31
118 139 11 31
118 145 13 31
118 111 14 31
118 136 16 31
118 137 20 31
118 110 28 31
118 113 31 31
118 143 32 31
118 143 33 31
118 143 34 31
118 118 35 31
118 108 36 31
118 143 41 31
118 140 43 31
118 120 52 31
144 143 5 31
144 142 8 31
144 142 9 31
144 139 10 31
144 139 11 31
144 145 13 31
144 136 16 31
144 137 20 31
144 171 31 31
144 143 32 31
144 143 33 31
144 143 34 31
144 118 35 31
144 143 41 31
144 140 43 31
144 120 52 31
2 1 4 32
2 4 4 32
2 2 5 32
2 9 5 32
2 0 6 32
2 1 6 32
2 2 7 32
2 3 7 32
2 3 8 32
2 0 11 32
2 3 11 32
2 10 11 32
2 29 11 32
2 1 14 32
2 23 25 32
2 2 26 32
2 2 27 32
2 18 30 32
2 2 31 32
2 3 31 32
2 9 32 32
2 18 34 32
2 18 35 32
2 2 36 32
2 3 36 32
2 16 39 32
2 4 41 32
2 7 41 32
2 18 41 32
3 1 4 32
3 4 4 32
3 2 5 32
3 9 5 32
3 0 6 32
3 1 6 32
3 2 7 32
3 3 7 32
3 3 8 32
3 0 11 32
3 3 11 32
3 10 11 32
3 29 11 32
3 1 14 32
3 23 25 32
3 2 26 32
3 2 27 32
3 18 30 32
3 2 31 32
3 3 31 32
3 9 32 32
3 18 34 32
3 18 35 32
3 2 36 32
3 3 36 32
3 16 39 32
3 4 41 32
3 7 41 32
3 18 41 32
113 108 5 32
113 142 7 32
113 142 8 32
113 139 9 32
113 139 10 32
113 111 13 32
113 136 15 32
113 137 19 32
113 110 27 32
113 113 30 32
113 118 34 32
113 108 35 32
113 140 42 32
113 120 51 32
143 143 4 32
143 142 7 32
143 142 8 32
143 139 9 32
143 139 10 32
143 145 12 32
143 136 15 32
143 137 19 32
143 113 30 32
143 171 30 32
143 143 31 32
143 143 32 32
143 143 33 32
143 118 34 32
143 143 40 32
143 140 42 32
143 120 51 32
15 0 4 34
15 1 4 34
15 2 5 34
15 3 5 34
15 3 6 34
15 0 9 34
15 3 9 34
15 10 9 34
15 29 9 34
15 1 12 34
15 34 18 34
15 23 23 34
15 2 24 34
15 2 25 34
15 18 28 34
15 2 29 34
15 3 29 34
15 9 30 34
15 18 32 34
15 18 33 34
15 2 34 34
15 3 34 34
15 16 37 34
15 4 39 34
15 7 39 34
15 18 39 34
0 2 4 35
0 3 4 35
0 3 5 35
0 0 8 35
0 3 8 35
0 10 8 35
0 29 8 35
0 1 11 35
0 23 22 35
0 2 23 35
0 2 24 35
0 18 27 35
0 2 28 35
0 3 28 35
0 9 29 35
0 18 31 35
0 18 32 35
0 2 33 35
0 3 33 35
0 16 36 35
0 4 38 35
0 7 38 35
0 18 38 35
2 2 4 35
2 3 4 35
2 3 5 35
2 0 8 35
2 3 8 35
2 10 8 35
2 29 8 35
2 1 11 35
2 23 22 35
2 2 23 35
2 2 24 35
2 18 27 35
2 2 28 35
2 3 28 35
2 9 29 35
2 18 31 35
2 18 32 35
2 2 33 35
2 3 33 35
2 16 36 35
2 4 38 35
2 7 38 35
2 18 38 35
3 2 4 35
3 3 4 35
3 3 5 35
3 0 8 35
3 3 8 35
3 10 8 35
3 29 8 35
3 1 11 35
3 23 22 35
3 2 23 35
3 2 24 35
3 18 27 35
3 2 28 35
3 3 28 35
3 9 29 35
3 18 31 35
3 18 32 35
3 2 33 35
3 3 33 35
3 16 36 35
3 4 38 35
3 7 38 35
3 18 38 35
233 210 8 35
233 225 10 35
233 236 11 35
233 237 14 35
233 215 17 35
233 242 21 35
233 239 22 35
233 239 23 35
233 239 24 35
233 213 25 35
233 223 26 35
233 255 27 35
233 255 28 35
233 255 29 35
233 204 33 35
233 243 34 35
233 244 38 35
233 219 44 35
233 255 48 35
1 3 4 36
1 0 7 36
1 3 7 36
1 10 7 36
1 29 7 36
1 1 10 36
1 23 21 36
1 2 22 36
1 2 23 36
1 18 26 36
1 2 27 36
1 3 27 36
1 9 28 36
1 18 30 36
1 18 31 36
1 2 32 36
1 3 32 36
1 16 35 36
1 4 37 36
1 7 37 36
1 18 37 36
4 3 4 36
4 0 7 36
4 3 7 36
4 10 7 36
4 29 7 36
4 1 10 36
4 23 21 36
4 2 22 36
4 2 23 36
4 18 26 36
4 2 27 36
4 3 27 36
4 9 28 36
4 18 30 36
4 18 31 36
4 2 32 36
4 3 32 36
4 16 35 36
4 4 37 36
4 7 37 36
4 18 37 36
143 142 4 36
143 139 5 36
143 139 6 36
143 145 8 36
143 136 11 36
143 137 15 36
143 113 26 36
143 171 26 36
143 143 27 36
143 143 28 36
143 143 29 36
143 118 30 36
143 143 36 36
143 140 38 36
143 120 47 36
2 0 6 37
2 3 6 37
2 10 6 37
2 29 6 37
2 1 9 37
2 23 20 37
2 2 21 37
2 2 22 37
2 18 25 37
2 2 26 37
2 3 26 37
2 9 27 37
2 18 29 37
2 18 30 37
2 2 31 37
2 3 31 37
2 16 34 37
2 4 36 37
2 7 36 37
2 18 36 37
9 0 6 37
9 3 6 37
9 10 6 37
9 29 6 37
9 1 9 37
9 34 15 37
9 23 20 37
9 2 21 37
9 2 22 37
9 18 25 37
9 2 26 37
9 3 26 37
9 9 27 37
9 18 29 37
9 18 30 37
9 2 31 37
9 3 31 37
9 16 34 37
9 4 36 37
9 7 36 37
9 18 36 37
108 111 8 37
108 136 10 37
108 137 14 37
108 110 22 37
108 113 25 37
108 118 29 37
108 108 30 37
108 120 46 37
248 225 8 37
248 236 9 37
248 237 12 37
248 242 19 37
248 239 20 37
248 239 21 37
248 239 22 37
248 223 24 37
248 255 25 37
248 255 26 37
248 255 27 37
248 243 32 37
248 244 36 37
248 219 42 37
248 255 46 37
0 0 5 38
0 3 5 38
0 10 5 38
0 29 5 38
0 1 8 38
0 23 19 38
0 2 20 38
0 2 21 38
0 18 24 38
0 2 25 38
0 3 25 38
0 9 26 38
0 18 28 38
0 18 29 38
0 2 30 38
0 3 30 38
0 16 33 38
0 4 35 38
0 7 35 38
0 18 35 38
1 0 5 38
1 3 5 38
1 10 5 38
1 29 5 38
1 1 8 38
1 23 19 38
1 2 20 38
1 2 21 38
1 18 24 38
1 2 25 38
1 3 25 38
1 9 26 38
1 18 28 38
1 18 29 38
1 2 30 38
1 3 30 38
1 16 33 38
1 4 35 38
1 7 35 38
1 18 35 38
72 47 5 38
72 66 5 38
72 60 13 38
72 69 13 38
72 64 14 38
72 63 19 38
72 64 20 38
72 47 41 38
72 65 41 38
213 210 5 38
213 225 7 38
213 236 8 38
213 237 11 38
213 215 14 38
213 242 18 38
213 239 19 38
213 239 20 38
213 239 21 38
213 213 22 38
213 223 23 38
213 204 30 38
213 193 33 38
213 219 41 38
2 0 4 39
2 3 4 39
2 10 4 39
2 29 4 39
2 1 7 39
2 23 18 39
2 2 19 39
2 2 20 39
2 18 23 39
2 2 24 39
2 3 24 39
2 9 25 39
2 18 27 39
2 18 28 39
2 2 29 39
2 3 29 39
2 16 32 39
2 4 34 39
2 7 34 39
2 18 34 39
3 0 4 39
3 3 4 39
3 10 4 39
3 29 4 39
3 1 7 39
3 23 18 39
3 2 19 39
3 2 20 39
3 18 23 39
3 2 24 39
3 3 24 39
3 9 25 39
3 18 27 39
3 18 28 39
3 2 29 39
3 3 29 39
3 16 32 39
3 4 34 39
3 7 34 39
3 18 34 39
142 145 5 39
142 136 8 39
142 137 12 39
142 113 23 39
142 171 23 39
142 143 24 39
142 143 25 39
142 143 26 39
142 118 27 39
142 143 33 39
142 140 35 39
142 120 44 39
3 1 6 40
3 23 17 40
3 2 18 40
3 2 19 40
3 18 22 40
3 2 23 40
3 3 23 40
3 9 24 40
3 18 26 40
3 18 27 40
3 2 28 40
3 3 28 40
3 16 31 40
3 4 33 40
3 7 33 40
3 18 33 40
142 145 4 40
142 136 7 40
142 137 11 40
142 113 22 40
142 171 22 40
142 143 23 40
142 143 24 40
142 143 25 40
142 118 26 40
142 143 32 40
142 140 34 40
142 120 43 40
139 111 4 41
139 136 6 41
139 137 10 41
139 110 18 41
139 113 21 41
139 143 22 41
139 143 23 41
139 143 24 41
139 118 25 41
139 143 31 41
139 140 33 41
139 120 42 41
139 136 5 42
139 137 9 42
139 110 17 42
139 113 20 42
139 143 21 42
139 143 22 42
139 143 23 42
139 118 24 42
139 143 30 42
139 140 32 42
139 120 41 42
0 23 14 43
0 2 15 43
0 2 16 43
0 18 19 43
0 2 20 43
0 3 20 43
0 9 21 43
0 18 23 43
0 18 24 43
0 2 25 43
0 3 25 43
0 16 28 43
0 4 30 43
0 7 30 43
0 18 30 43
3 23 14 43
3 2 15 43
3 2 16 43
3 18 19 43
3 2 20 43
3 3 20 43
3 9 21 43
3 18 23 43
3 18 24 43
3 2 25 43
3 3 25 43
3 16 28 43
3 4 30 43
3 7 30 43
3 18 30 43
10 34 9 43
10 23 14 43
10 2 15 43
10 2 16 43
10 18 19 43
10 2 20 43
10 3 20 43
10 9 21 43
10 18 23 43
10 18 24 43
10 2 25 43
10 3 25 43
10 16 28 43
10 4 30 43
10 7 30 43
10 18 30 43
29 34 9 43
29 23 14 43
29 2 15 43
29 2 16 43
29 18 19 43
29 2 20 43
29 3 20 43
29 9 21 43
29 18 23 43
29 18 24 43
29 2 25 43
29 3 25 43
29 16 28 43
29 4 30 43
29 7 30 43
29 18 30 43
29 47 36 43
47 60 8 43
47 69 8 43
47 34 9 43
47 64 9 43
47 23 14 43
47 63 14 43
47 64 15 43
47 18 19 43
47 18 23 43
47 18 24 43
47 18 30 43
47 47 36 43
47 65 36 43
66 60 8 43
66 69 8 43
66 64 9 43
66 63 14 43
66 64 15 43
66 47 36 43
66 65 36 43
210 237 6 43
210 215 9 43
210 239 14 43
210 239 15 43
210 239 16 43
210 213 17 43
210 223 18 43
210 204 25 43
210 193 28 43
210 219 36 43
145 137 7 44
145 171 18 44
145 143 19 44
145 143 20 44
145 143 21 44
145 118 22 44
145 143 28 44
145 140 30 44
145 120 39 44
111 137 6 45
111 110 14 45
111 113 17 45
111 118 21 45
111 108 22 45
111 140 29 45
111 120 38 45
225 237 4 45
225 215 7 45
225 242 11 45
225 239 12 45
225 239 13 45
225 239 14 45
225 213 15 45
225 223 16 45
225 204 23 45
225 243 24 45
225 244 28 45
225 219 34 45
1 23 11 46
1 2 12 46
1 2 13 46
1 18 16 46
1 2 17 46
1 3 17 46
1 9 18 46
1 18 20 46
1 18 21 46
1 2 22 46
1 3 22 46
1 16 25 46
1 4 27 46
1 7 27 46
1 18 27 46
236 215 6 46
236 242 10 46
236 239 11 46
236 239 12 46
236 239 13 46
236 213 14 46
236 223 15 46
236 255 16 46
236 255 17 46
236 255 18 46
236 243 23 46
236 244 27 46
236 219 33 46
236 255 37 46
136 137 4 47
136 110 12 47
136 113 15 47
136 143 16 47
136 143 17 47
136 143 18 47
136 118 19 47
136 108 20 47
136 143 25 47
136 140 27 47
136 120 36 47
237 242 7 49
237 239 8 49
237 239 9 49
237 239 10 49
237 213 11 49
237 223 12 49
237 255 13 49
237 255 14 49
237 255 15 49
237 243 20 49
237 244 24 49
237 219 30 49
237 255 34 49
60 63 6 51
60 64 7 51
60 47 28 51
60 65 28 51
69 63 6 51
69 64 7 51
69 47 28 51
69 65 28 51
137 110 8 51
137 113 11 51
137 143 12 51
137 143 13 51
137 143 14 51
137 118 15 51
137 108 16 51
137 143 21 51
137 140 23 51
137 120 32 51
34 23 5 52
34 63 5 52
34 18 10 52
34 9 12 52
34 18 14 52
34 18 15 52
34 16 19 52
34 4 21 52
34 7 21 52
34 18 21 52
34 47 27 52
64 63 5 52
64 64 6 52
64 47 27 52
64 65 27 52
215 242 4 52
215 239 5 52
215 239 6 52
215 239 7 52
215 213 8 52
215 223 9 52
215 204 16 52
215 243 17 52
215 193 19 52
215 244 21 52
215 219 27 52
242 213 4 56
242 223 5 56
242 255 6 56
242 255 7 56
242 255 8 56
242 243 13 56
242 244 17 56
242 219 23 56
242 255 27 56
23 18 5 57
23 2 6 57
23 3 6 57
23 9 7 57
23 18 9 57
23 18 10 57
23 2 11 57
23 3 11 57
23 16 14 57
23 4 16 57
23 7 16 57
23 18 16 57
23 47 22 57
63 47 22 57
63 65 22 57
239 223 4 57
239 255 5 57
239 255 6 57
239 255 7 57
239 243 12 57
239 244 16 57
239 219 22 57
239 255 26 57
2 18 4 58
2 2 5 58
2 3 5 58
2 9 6 58
2 18 8 58
2 18 9 58
2 2 10 58
2 3 10 58
2 16 13 58
2 4 15 58
2 7 15 58
2 18 15 58
64 47 21 58
64 65 21 58
239 255 4 58
239 255 5 58
239 255 6 58
239 243 11 58
239 244 15 58
239 219 21 58
239 255 25 58
2 2 4 59
2 3 4 59
2 9 5 59
2 18 7 59
2 18 8 59
2 2 9 59
2 3 9 59
2 16 12 59
2 4 14 59
2 7 14 59
2 18 14 59
110 118 7 59
110 108 8 59
110 120 24 59
239 255 4 59
239 255 5 59
239 243 10 59
239 244 14 59
239 219 20 59
239 255 24 59
213 204 8 60
213 193 11 60
213 219 19 60
223 204 7 61
223 243 8 61
223 193 10 61
223 244 12 61
223 219 18 61
18 18 4 62
18 18 5 62
18 2 6 62
18 3 6 62
18 16 9 62
18 4 11 62
18 7 11 62
18 18 11 62
18 47 17 62
113 118 4 62
113 108 5 62
113 140 12 62
113 120 21 62
171 178 5 62
171 193 9 62
171 143 10 62
255 243 7 62
255 244 11 62
255 255 21 62
2 18 4 63
2 2 5 63
2 3 5 63
2 16 8 63
2 4 10 63
2 7 10 63
2 18 10 63
3 18 4 63
3 2 5 63
3 3 5 63
3 16 8 63
3 4 10 63
3 7 10 63
3 18 10 63
143 143 9 63
143 140 11 63
143 120 20 63
255 243 6 63
255 244 10 63
255 255 20 63
9 2 4 64
9 3 4 64
9 16 7 64
9 4 9 64
9 7 9 64
9 18 9 64
143 143 8 64
143 140 10 64
143 120 19 64
255 243 5 64
255 244 9 64
255 255 19 64
143 143 7 65
143 140 9 65
143 120 18 65
18 16 5 66
18 4 7 66
18 7 7 66
18 18 7 66
18 47 13 66
118 143 6 66
118 140 8 66
118 120 17 66
18 16 4 67
18 4 6 67
18 7 6 67
18 18 6 67
18 47 12 67
108 120 16 67
178 193 4 67
2 4 5 68
2 7 5 68
2 18 5 68
3 4 5 68
3 7 5 68
3 18 5 68
204 219 11 68
243 244 4 69
243 219 10 69
243 255 14 69
193 219 8 71
143 120 11 72
18 47 6 73
244 219 6 73
244 255 10 73
140 120 9 74
