760 765 1 2
760 765 3 2
760 764 4 2
760 719 8 2
760 718 9 2
760 719 16 2
760 719 17 2
760 735 18 2
760 736 19 2
65 24 6 3
65 56 7 3
65 56 8 3
65 48 11 3
320 322 8 3
320 321 9 3
320 322 10 3
320 323 13 3
320 323 15 3
320 322 16 3
320 321 17 3
320 322 18 3
765 765 2 3
765 764 3 3
765 719 7 3
765 718 8 3
765 719 15 3
765 719 16 3
765 735 17 3
765 736 18 3
500 498 5 4
500 455 6 4
500 499 10 4
500 499 11 4
500 499 13 4
500 497 18 4
500 497 19 4
500 497 20 4
617 616 5 4
765 764 1 5
765 719 5 5
765 718 6 5
765 719 13 5
765 719 14 5
765 735 15 5
765 736 16 5
765 735 19 5
764 719 4 6
764 718 5 6
764 719 12 6
764 719 13 6
764 735 14 6
764 736 15 6
764 735 18 6
764 719 20 6
24 56 1 9
24 56 2 9
24 48 5 9
24 24 16 9
143 145 3 9
143 146 4 9
143 145 5 9
143 145 7 9
143 144 9 9
143 145 10 9
143 145 11 9
143 145 12 9
143 138 13 9
143 139 14 9
143 145 19 9
143 145 20 9
498 455 1 9
498 499 5 9
498 499 6 9
498 499 8 9
498 497 13 9
498 497 14 9
498 497 15 9
498 499 16 9
498 455 17 9
616 616 16 9
56 56 1 10
56 48 4 10
56 24 15 10
455 499 4 10
455 499 5 10
455 499 7 10
455 497 12 10
455 497 13 10
455 497 14 10
455 499 15 10
455 455 16 10
455 499 20 10
719 718 1 10
719 704 2 10
719 704 3 10
719 704 4 10
719 676 5 10
719 675 6 10
719 703 7 10
719 719 8 10
719 719 9 10
719 735 10 10
719 736 11 10
719 675 12 10
719 675 13 10
719 735 14 10
719 719 16 10
719 718 17 10
719 703 18 10
719 703 19 10
719 703 20 10
56 48 3 11
56 24 14 11
322 321 1 11
322 322 2 11
322 323 5 11
322 323 7 11
322 322 8 11
322 321 9 11
322 322 10 11
322 321 16 11
322 322 17 11
322 322 18 11
322 322 20 11
718 704 1 11
718 704 2 11
718 704 3 11
718 676 4 11
718 675 5 11
718 703 6 11
718 719 7 11
718 719 8 11
718 735 9 11
718 736 10 11
718 675 11 11
718 675 12 11
718 735 13 11
718 719 15 11
718 718 16 11
718 703 17 11
718 703 18 11
718 703 19 11
718 676 20 11
145 146 1 12
145 145 2 12
145 145 4 12
145 144 6 12
145 145 7 12
145 145 8 12
145 145 9 12
145 138 10 12
145 139 11 12
145 145 16 12
145 145 17 12
145 145 18 12
321 322 1 12
321 323 4 12
321 323 6 12
321 322 7 12
321 321 8 12
321 322 9 12
321 321 15 12
321 322 16 12
321 322 17 12
321 322 19 12
704 704 1 12
704 704 2 12
704 676 3 12
704 675 4 12
704 703 5 12
704 719 6 12
704 719 7 12
704 735 8 12
704 736 9 12
704 675 10 12
704 675 11 12
704 735 12 12
704 719 14 12
704 718 15 12
704 703 16 12
704 703 17 12
704 703 18 12
704 676 19 12
704 703 20 12
146 145 1 13
146 145 3 13
146 144 5 13
146 145 6 13
146 145 7 13
146 145 8 13
146 138 9 13
146 139 10 13
146 145 15 13
146 145 16 13
146 145 17 13
322 323 3 13
322 323 5 13
322 322 6 13
322 321 7 13
322 322 8 13
322 321 14 13
322 322 15 13
322 322 16 13
322 322 18 13
704 704 1 13
704 676 2 13
704 675 3 13
704 703 4 13
704 719 5 13
704 719 6 13
704 735 7 13
704 736 8 13
704 675 9 13
704 675 10 13
704 735 11 13
704 719 13 13
704 718 14 13
704 703 15 13
704 703 16 13
704 703 17 13
704 676 18 13
704 703 19 13
704 702 20 13
48 24 11 14
145 145 2 14
145 144 4 14
145 145 5 14
145 145 6 14
145 145 7 14
145 138 8 14
145 139 9 14
145 145 14 14
145 145 15 14
145 145 16 14
145 145 20 14
499 499 1 14
499 499 3 14
499 497 8 14
499 497 9 14
499 497 10 14
499 499 11 14
499 455 12 14
499 499 16 14
704 676 1 14
704 675 2 14
704 703 3 14
704 719 4 14
704 719 5 14
704 735 6 14
704 736 7 14
704 675 8 14
704 675 9 14
704 735 10 14
704 719 12 14
704 718 13 14
704 703 14 14
704 703 15 14
704 703 16 14
704 676 17 14
704 703 18 14
704 702 19 14
704 719 20 14
499 499 2 15
499 497 7 15
499 497 8 15
499 497 9 15
499 499 10 15
499 455 11 15
499 499 15 15
676 675 1 15
676 703 2 15
676 719 3 15
676 719 4 15
676 675 7 15
676 675 8 15
676 719 11 15
676 718 12 15
676 703 13 15
676 703 14 15
676 703 15 15
676 676 16 15
676 703 17 15
676 702 18 15
676 719 19 15
676 719 20 15
145 144 2 16
145 145 3 16
145 145 4 16
145 145 5 16
145 138 6 16
145 139 7 16
145 145 12 16
145 145 13 16
145 145 14 16
145 145 18 16
145 145 19 16
145 145 20 16
323 323 2 16
323 322 3 16
323 321 4 16
323 322 5 16
323 321 11 16
323 322 12 16
323 322 13 16
323 322 15 16
323 320 18 16
323 322 19 16
323 322 20 16
675 703 1 16
675 719 2 16
675 719 3 16
675 675 6 16
675 675 7 16
675 719 10 16
675 718 11 16
675 703 12 16
675 703 13 16
675 703 14 16
675 676 15 16
675 703 16 16
675 702 17 16
675 719 18 16
675 719 19 16
499 497 5 17
499 497 6 17
499 497 7 17
499 499 8 17
499 455 9 17
499 499 13 17
703 719 1 17
703 719 2 17
703 735 3 17
703 736 4 17
703 675 5 17
703 675 6 17
703 735 7 17
703 719 9 17
703 718 10 17
703 703 11 17
703 703 12 17
703 703 13 17
703 676 14 17
703 703 15 17
703 702 16 17
703 719 17 17
703 719 18 17
703 735 19 17
703 735 20 17
144 145 1 18
144 145 2 18
144 145 3 18
144 138 4 18
144 139 5 18
144 145 10 18
144 145 11 18
144 145 12 18
144 145 16 18
144 145 17 18
144 145 18 18
144 144 19 18
144 145 20 18
323 322 1 18
323 321 2 18
323 322 3 18
323 321 9 18
323 322 10 18
323 322 11 18
323 322 13 18
323 320 16 18
323 322 17 18
323 322 18 18
323 322 19 18
323 322 20 18
719 719 1 18
719 735 2 18
719 736 3 18
719 675 4 18
719 675 5 18
719 735 6 18
719 719 8 18
719 718 9 18
719 703 10 18
719 703 11 18
719 703 12 18
719 676 13 18
719 703 14 18
719 702 15 18
719 719 16 18
719 719 17 18
719 735 18 18
719 735 19 18
145 145 1 19
145 145 2 19
145 138 3 19
145 139 4 19
145 145 9 19
145 145 10 19
145 145 11 19
145 145 15 19
145 145 16 19
145 145 17 19
145 144 18 19
145 145 19 19
322 321 1 19
322 322 2 19
322 321 8 19
322 322 9 19
322 322 10 19
322 322 12 19
322 320 15 19
322 322 16 19
322 322 17 19
322 322 18 19
322 322 19 19
719 735 1 19
719 736 2 19
719 675 3 19
719 675 4 19
719 735 5 19
719 719 7 19
719 718 8 19
719 703 9 19
719 703 10 19
719 703 11 19
719 676 12 19
719 703 13 19
719 702 14 19
719 719 15 19
719 719 16 19
719 735 17 19
719 735 18 19
145 145 1 20
145 138 2 20
145 139 3 20
145 145 8 20
145 145 9 20
145 145 10 20
145 145 14 20
145 145 15 20
145 145 16 20
145 144 17 20
145 145 18 20
321 322 1 20
321 321 7 20
321 322 8 20
321 322 9 20
321 322 11 20
321 320 14 20
321 322 15 20
321 322 16 20
321 322 17 20
321 322 18 20
735 736 1 20
735 735 4 20
735 719 6 20
735 718 7 20
735 703 8 20
735 703 9 20
735 703 10 20
735 703 12 20
735 702 13 20
735 719 14 20
735 719 15 20
735 735 16 20
735 735 17 20
145 138 1 21
145 139 2 21
145 145 7 21
145 145 8 21
145 145 9 21
145 145 13 21
145 145 14 21
145 145 15 21
145 144 16 21
145 145 17 21
322 321 6 21
322 322 7 21
322 322 8 21
322 322 10 21
322 320 13 21
322 322 14 21
322 322 15 21
322 322 16 21
322 322 17 21
736 735 3 21
736 719 5 21
736 718 6 21
736 703 7 21
736 703 8 21
736 703 9 21
736 703 11 21
736 702 12 21
736 719 13 21
736 719 14 21
736 735 15 21
736 735 16 21
736 733 20 21
138 139 1 22
138 145 6 22
138 145 7 22
138 145 8 22
138 145 12 22
138 145 13 22
138 145 14 22
138 144 15 22
138 145 16 22
497 497 1 22
497 497 2 22
497 499 3 22
497 455 4 22
497 499 8 22
497 499 17 22
497 499 19 22
675 675 1 22
675 719 4 22
675 718 5 22
675 703 6 22
675 703 7 22
675 703 8 22
675 676 9 22
675 703 10 22
675 702 11 22
675 719 12 22
675 719 13 22
675 709 20 22
139 145 5 23
139 145 6 23
139 145 7 23
139 145 11 23
139 145 12 23
139 145 13 23
139 144 14 23
139 145 15 23
139 109 20 23
497 497 1 23
497 499 2 23
497 455 3 23
497 499 7 23
497 499 16 23
497 499 18 23
675 719 3 23
675 718 4 23
675 703 5 23
675 703 6 23
675 703 7 23
675 676 8 23
675 703 9 23
675 702 10 23
675 719 11 23
675 719 12 23
675 709 19 23
497 499 1 24
497 455 2 24
497 499 6 24
497 499 15 24
497 499 17 24
735 719 2 24
735 718 3 24
735 703 4 24
735 703 5 24
735 703 6 24
735 703 8 24
735 702 9 24
735 719 10 24
735 719 11 24
735 735 12 24
735 735 13 24
735 733 17 24
735 709 18 24
499 455 1 25
499 499 5 25
499 499 14 25
499 499 16 25
616 616 13 25
616 616 14 25
455 499 4 26
455 405 7 26
455 499 13 26
455 499 15 26
455 406 17 26
455 406 18 26
455 408 19 26
455 407 20 26
719 718 1 26
719 703 2 26
719 703 3 26
719 703 4 26
719 676 5 26
719 703 6 26
719 702 7 26
719 719 8 26
719 719 9 26
719 735 10 26
719 735 11 26
719 733 15 26
719 709 16 26
321 322 1 27
321 322 2 27
321 322 4 27
321 320 7 27
321 322 8 27
321 322 9 27
321 322 10 27
321 322 11 27
718 703 1 27
718 703 2 27
718 703 3 27
718 676 4 27
718 703 5 27
718 702 6 27
718 719 7 27
718 719 8 27
718 735 9 27
718 735 10 27
718 733 14 27
718 709 15 27
145 145 1 28
145 145 2 28
145 145 6 28
145 145 7 28
145 145 8 28
145 144 9 28
145 145 10 28
145 109 15 28
145 110 16 28
145 113 17 28
145 112 18 28
145 112 19 28
322 322 1 28
322 322 3 28
322 320 6 28
322 322 7 28
322 322 8 28
322 322 9 28
322 322 10 28
703 703 1 28
703 703 2 28
703 676 3 28
703 703 4 28
703 702 5 28
703 719 6 28
703 719 7 28
703 735 8 28
703 735 9 28
703 733 13 28
703 709 14 28
145 145 1 29
145 145 5 29
145 145 6 29
145 145 7 29
145 144 8 29
145 145 9 29
145 109 14 29
145 110 15 29
145 113 16 29
145 112 17 29
145 112 18 29
145 189 20 29
322 322 2 29
322 320 5 29
322 322 6 29
322 322 7 29
322 322 8 29
322 322 9 29
703 703 1 29
703 676 2 29
703 703 3 29
703 702 4 29
703 719 5 29
703 719 6 29
703 735 7 29
703 735 8 29
703 733 12 29
703 709 13 29
145 145 4 30
145 145 5 30
145 145 6 30
145 144 7 30
145 145 8 30
145 109 13 30
145 110 14 30
145 113 15 30
145 112 16 30
145 112 17 30
145 189 19 30
499 499 9 30
499 499 11 30
499 450 18 30
499 453 19 30
499 500 20 30
703 676 1 30
703 703 2 30
703 702 3 30
703 719 4 30
703 719 5 30
703 735 6 30
703 735 7 30
703 733 11 30
703 709 12 30
322 320 3 31
322 322 4 31
322 322 5 31
322 322 6 31
322 322 7 31
322 322 20 31
676 703 1 31
676 702 2 31
676 719 3 31
676 719 4 31
676 709 11 31
703 702 1 32
703 719 2 32
703 719 3 32
703 735 4 32
703 735 5 32
703 733 9 32
703 709 10 32
405 406 10 33
405 406 11 33
405 408 12 33
405 407 13 33
405 408 14 33
405 450 15 33
405 453 16 33
702 719 1 33
702 719 2 33
702 735 3 33
702 735 4 33
702 733 8 33
702 709 9 33
145 145 1 34
145 145 2 34
145 144 3 34
145 145 4 34
145 109 9 34
145 110 10 34
145 113 11 34
145 112 12 34
145 112 13 34
145 189 15 34
145 145 18 34
320 322 1 34
320 322 2 34
320 322 3 34
320 322 4 34
320 322 17 34
320 322 18 34
320 322 19 34
320 322 20 34
719 719 1 34
719 735 2 34
719 735 3 34
719 733 7 34
719 709 8 34
719 753 16 34
719 735 20 34
145 145 1 35
145 144 2 35
145 145 3 35
145 109 8 35
145 110 9 35
145 113 10 35
145 112 11 35
145 112 12 35
145 189 14 35
145 145 17 35
322 322 1 35
322 322 2 35
322 322 3 35
322 322 16 35
322 322 17 35
322 322 18 35
322 322 19 35
719 735 1 35
719 735 2 35
719 733 6 35
719 709 7 35
719 753 15 35
719 735 19 35
145 144 1 36
145 145 2 36
145 109 7 36
145 110 8 36
145 113 9 36
145 112 10 36
145 112 11 36
145 189 13 36
145 145 16 36
322 322 1 36
322 322 2 36
322 322 15 36
322 322 16 36
322 322 17 36
322 322 18 36
735 735 1 36
735 733 5 36
735 709 6 36
735 753 14 36
735 735 18 36
144 145 1 37
144 109 6 37
144 110 7 37
144 113 8 37
144 112 9 37
144 112 10 37
144 189 12 37
144 145 15 37
144 145 20 37
322 322 1 37
322 322 14 37
322 322 15 37
322 322 16 37
322 322 17 37
322 322 20 37
735 733 4 37
735 709 5 37
735 753 13 37
735 735 17 37
145 109 5 38
145 110 6 38
145 113 7 38
145 112 8 38
145 112 9 38
145 189 11 38
145 145 14 38
145 145 19 38
145 145 20 38
322 322 13 38
322 322 14 38
322 322 15 38
322 322 16 38
322 322 19 38
322 322 20 38
616 616 1 38
616 576 10 38
616 587 11 38
616 613 13 38
616 613 14 38
616 615 15 38
616 614 19 38
616 586 20 38
499 499 2 39
499 450 9 39
499 453 10 39
499 500 11 39
499 499 20 39
616 576 9 39
616 587 10 39
616 613 12 39
616 613 13 39
616 615 14 39
616 614 18 39
616 586 19 39
499 450 7 41
499 453 8 41
499 500 9 41
499 499 18 41
733 709 1 41
733 753 9 41
733 735 13 41
733 703 19 41
709 753 8 42
709 735 12 42
709 671 14 42
709 703 18 42
109 110 1 43
109 113 2 43
109 112 3 43
109 112 4 43
109 145 9 43
109 145 14 43
109 63 15 43
109 145 15 43
109 145 17 43
406 406 1 43
406 408 2 43
406 407 3 43
406 408 4 43
406 450 5 43
406 453 6 43
553 554 1 43
553 556 2 43
553 556 3 43
553 554 4 43
553 576 5 43
553 587 6 43
553 586 15 43
553 552 16 43
553 555 18 43
553 554 19 43
110 113 1 44
110 112 2 44
110 112 3 44
110 145 8 44
110 145 13 44
110 63 14 44
110 145 14 44
110 145 16 44
406 408 1 44
406 407 2 44
406 408 3 44
406 450 4 44
406 453 5 44
554 556 1 44
554 556 2 44
554 554 3 44
554 576 4 44
554 587 5 44
554 586 14 44
554 552 15 44
554 555 17 44
554 554 18 44
113 112 1 45
113 112 2 45
113 145 7 45
113 145 12 45
113 63 13 45
113 145 13 45
113 145 15 45
113 145 20 45
408 407 1 45
408 408 2 45
408 450 3 45
408 453 4 45
556 556 1 45
556 554 2 45
556 576 3 45
556 587 4 45
556 586 13 45
556 552 14 45
556 555 16 45
556 554 17 45
112 112 1 46
112 145 6 46
112 145 11 46
112 63 12 46
112 145 12 46
112 145 14 46
112 145 19 46
407 408 1 46
407 450 2 46
407 453 3 46
556 554 1 46
556 576 2 46
556 587 3 46
556 586 12 46
556 552 13 46
556 555 15 46
556 554 16 46
556 585 20 46
112 145 5 47
112 145 10 47
112 63 11 47
112 145 11 47
112 145 13 47
112 145 18 47
408 450 1 47
408 453 2 47
554 576 1 47
554 587 2 47
554 586 11 47
554 552 12 47
554 555 14 47
554 554 15 47
554 585 19 47
450 453 1 48
450 499 11 48
450 497 19 48
576 587 1 48
576 613 3 48
576 613 4 48
576 615 5 48
576 614 9 48
576 586 10 48
576 552 11 48
576 555 13 48
576 554 14 48
576 585 18 48
576 614 19 48
576 614 20 48
58 58 9 49
58 63 9 49
58 48 10 49
58 48 18 49
189 145 3 49
189 145 8 49
189 145 9 49
189 145 11 49
189 145 16 49
189 190 17 49
453 500 1 49
453 499 10 49
453 497 18 49
587 613 2 49
587 613 3 49
587 615 4 49
587 614 8 49
587 586 9 49
587 552 10 49
587 555 12 49
587 554 13 49
587 585 17 49
587 614 18 49
587 614 19 49
500 499 9 50
500 497 17 50
753 735 4 50
753 703 10 50
753 703 13 50
753 720 14 50
753 733 15 50
753 734 19 50
753 735 20 50
322 322 1 51
322 322 2 51
322 322 3 51
322 322 6 51
322 322 7 51
322 321 9 51
322 322 10 51
322 322 11 51
322 321 13 51
322 322 14 51
322 322 15 51
322 322 18 51
613 613 1 51
613 615 2 51
613 614 6 51
613 586 7 51
613 585 15 51
613 614 16 51
613 614 17 51
145 145 5 52
145 145 6 52
145 145 8 52
145 145 13 52
145 190 14 52
322 322 1 52
322 322 2 52
322 322 5 52
322 322 6 52
322 321 8 52
322 322 9 52
322 322 10 52
322 321 12 52
322 322 13 52
322 322 14 52
322 322 17 52
613 615 1 52
613 614 5 52
613 586 6 52
613 585 14 52
613 614 15 52
613 614 16 52
322 322 1 53
322 322 4 53
322 322 5 53
322 321 7 53
322 322 8 53
322 322 9 53
322 321 11 53
322 322 12 53
322 322 13 53
322 322 16 53
322 321 20 53
615 614 4 53
615 586 5 53
615 585 13 53
615 614 14 53
615 614 15 53
322 322 3 54
322 322 4 54
322 321 6 54
322 322 7 54
322 322 8 54
322 321 10 54
322 322 11 54
322 322 12 54
322 322 15 54
322 321 19 54
322 319 20 54
735 703 6 54
735 703 9 54
735 720 10 54
735 733 11 54
735 734 15 54
735 735 16 54
735 735 18 54
671 703 4 56
671 703 7 56
671 720 8 56
671 674 18 56
671 700 19 56
145 145 1 57
145 145 3 57
145 145 8 57
145 190 9 57
145 139 17 57
145 108 19 57
145 145 19 57
145 106 20 57
322 322 1 57
322 321 3 57
322 322 4 57
322 322 5 57
322 321 7 57
322 322 8 57
322 322 9 57
322 322 12 57
322 321 16 57
322 319 17 57
322 322 18 57
322 322 19 57
322 322 20 57
614 586 1 57
614 585 9 57
614 614 10 57
614 614 11 57
58 48 1 58
58 48 9 58
58 85 15 58
58 106 19 58
58 107 20 58
63 48 1 58
63 48 9 58
63 85 15 58
63 108 18 58
63 106 19 58
63 107 20 58
145 145 2 58
145 145 7 58
145 190 8 58
145 139 16 58
145 108 18 58
145 145 18 58
145 106 19 58
145 107 20 58
322 321 2 58
322 322 3 58
322 322 4 58
322 321 6 58
322 322 7 58
322 322 8 58
322 322 11 58
322 321 15 58
322 319 16 58
322 322 17 58
322 322 18 58
322 322 19 58
586 552 1 58
586 555 3 58
586 554 4 58
586 585 8 58
586 614 9 58
586 614 10 58
586 544 15 58
586 554 18 58
586 554 19 58
586 553 20 58
48 48 8 59
48 85 14 59
499 497 8 59
499 544 14 59
552 555 2 59
552 554 3 59
552 585 7 59
552 544 14 59
552 554 17 59
552 554 18 59
552 553 19 59
552 553 20 59
145 145 5 60
145 190 6 60
145 139 14 60
145 108 16 60
145 145 16 60
145 106 17 60
145 107 18 60
321 322 1 60
321 322 2 60
321 321 4 60
321 322 5 60
321 322 6 60
321 322 9 60
321 321 13 60
321 319 14 60
321 322 15 60
321 322 16 60
321 322 17 60
703 703 3 60
703 720 4 60
703 733 5 60
703 734 9 60
703 735 10 60
703 735 12 60
703 674 14 60
703 700 15 60
703 719 20 60
322 322 1 61
322 321 3 61
322 322 4 61
322 322 5 61
322 322 8 61
322 321 12 61
322 319 13 61
322 322 14 61
322 322 15 61
322 322 16 61
322 321 20 61
555 554 1 61
555 585 5 61
555 544 12 61
555 554 15 61
555 554 16 61
555 553 17 61
555 553 18 61
322 321 2 62
322 322 3 62
322 322 4 62
322 322 7 62
322 321 11 62
322 319 12 62
322 322 13 62
322 322 14 62
322 322 15 62
322 321 19 62
554 585 4 62
554 544 11 62
554 554 14 62
554 554 15 62
554 553 16 62
554 553 17 62
703 720 1 63
703 733 2 63
703 734 6 63
703 735 7 63
703 735 9 63
703 674 11 63
703 700 12 63
703 719 17 63
703 700 18 63
321 322 1 64
321 322 2 64
321 322 5 64
321 321 9 64
321 319 10 64
321 322 11 64
321 322 12 64
321 322 13 64
321 321 17 64
720 733 1 64
720 734 5 64
720 735 6 64
720 735 8 64
720 674 10 64
720 700 11 64
720 719 16 64
720 700 17 64
145 190 1 65
145 139 9 65
145 108 11 65
145 145 11 65
145 106 12 65
145 107 13 65
145 143 16 65
145 143 17 65
145 144 19 65
322 322 1 65
322 322 4 65
322 321 8 65
322 319 9 65
322 322 10 65
322 322 11 65
322 322 12 65
322 321 16 65
322 322 20 65
733 734 4 65
733 735 5 65
733 735 7 65
733 700 10 65
733 719 15 65
733 700 16 65
190 145 10 66
190 143 15 66
190 143 16 66
190 144 18 66
322 322 3 66
322 321 7 66
322 319 8 66
322 322 9 66
322 322 10 66
322 322 11 66
322 321 15 66
322 322 19 66
585 614 1 66
585 614 2 66
585 544 7 66
585 554 10 66
585 554 11 66
585 553 12 66
585 553 13 66
585 614 16 66
585 615 17 66
585 615 18 66
585 617 19 66
48 85 6 67
497 544 6 67
497 496 15 67
497 497 16 67
614 614 1 67
614 614 15 67
614 615 16 67
614 615 17 67
614 617 18 67
380 405 10 68
380 406 11 68
380 378 16 68
614 614 14 68
614 615 15 68
614 615 16 68
614 617 17 68
322 321 4 69
322 319 5 69
322 322 6 69
322 322 7 69
322 322 8 69
322 321 12 69
322 322 16 69
734 735 1 69
734 735 3 69
734 700 6 69
734 719 11 69
734 700 12 69
734 719 17 69
734 751 19 69
735 735 2 70
735 700 5 70
735 719 10 70
735 700 11 70
735 719 16 70
735 751 18 70
735 700 3 72
735 719 8 72
735 700 9 72
735 719 14 72
735 751 16 72
85 108 3 73
85 106 4 73
85 107 5 73
321 319 1 73
321 322 2 73
321 322 3 73
321 322 4 73
321 321 8 73
321 322 12 73
321 322 17 73
321 322 20 73
544 554 3 73
544 554 4 73
544 553 5 73
544 553 6 73
544 496 9 73
544 497 10 73
544 506 15 73
544 583 17 73
544 499 19 73
139 108 2 74
139 145 2 74
139 106 3 74
139 107 4 74
139 143 7 74
139 143 8 74
139 144 10 74
139 145 18 74
139 145 19 74
319 322 1 74
319 322 2 74
319 322 3 74
319 321 7 74
319 322 11 74
319 322 16 74
319 322 19 74
674 700 1 74
674 719 6 74
674 700 7 74
674 719 12 74
674 675 17 74
674 673 19 74
674 672 20 74
322 322 1 75
322 322 2 75
322 321 6 75
322 322 10 75
322 322 15 75
322 322 18 75
700 719 5 75
700 700 6 75
700 719 11 75
700 675 16 75
700 673 18 75
700 672 19 75
700 675 20 75
108 106 1 76
108 107 2 76
108 143 5 76
108 143 6 76
108 144 8 76
108 145 16 76
108 145 17 76
145 106 1 76
145 107 2 76
145 143 5 76
145 143 6 76
145 144 8 76
145 145 16 76
145 145 17 76
322 322 1 76
322 321 5 76
322 322 9 76
322 322 14 76
322 322 17 76
554 554 1 76
554 553 2 76
554 553 3 76
554 506 12 76
554 583 14 76
106 107 1 77
106 143 4 77
106 143 5 77
106 144 7 77
106 145 15 77
106 145 16 77
322 321 4 77
322 322 8 77
322 322 13 77
322 322 16 77
554 553 1 77
554 553 2 77
554 506 11 77
554 583 13 77
107 143 3 78
107 143 4 78
107 144 6 78
107 145 14 78
107 145 15 78
107 145 20 78
405 406 1 78
405 378 6 78
405 381 11 78
553 553 1 78
553 506 10 78
553 583 12 78
406 378 5 79
406 381 10 79
553 506 9 79
553 583 11 79
719 700 1 80
719 719 6 80
719 751 8 80
719 675 11 80
719 673 13 80
719 672 14 80
719 675 15 80
719 675 16 80
719 675 17 80
719 675 18 80
719 675 19 80
719 675 20 80
143 143 1 81
143 144 3 81
143 145 11 81
143 145 12 81
143 145 17 81
143 145 19 81
143 144 20 81
321 322 4 81
321 322 9 81
321 322 12 81
321 321 17 81
321 322 18 81
321 322 19 81
321 322 20 81
700 719 5 81
700 675 10 81
700 673 12 81
700 672 13 81
700 675 14 81
700 675 15 81
700 675 16 81
700 675 17 81
700 675 18 81
700 675 19 81
700 675 20 81
143 144 2 82
143 145 10 82
143 145 11 82
143 145 16 82
143 145 18 82
143 144 19 82
496 497 1 82
496 506 6 82
496 499 10 82
496 498 15 82
496 499 20 82
614 615 1 82
614 615 2 82
614 617 3 82
614 613 7 82
614 583 8 82
614 615 10 82
497 506 5 83
497 499 9 83
497 498 14 83
497 499 19 83
497 499 20 83
615 615 1 83
615 617 2 83
615 613 6 83
615 583 7 83
615 615 9 83
615 617 20 83
144 145 8 84
144 145 9 84
144 145 14 84
144 145 16 84
144 144 17 84
378 381 5 84
378 381 20 84
615 617 1 84
615 613 5 84
615 583 6 84
615 615 8 84
615 617 19 84
322 322 5 85
322 322 8 85
322 321 13 85
322 322 14 85
322 322 15 85
322 322 16 85
617 613 4 85
617 583 5 85
617 615 7 85
617 617 18 85
617 606 20 85
719 751 2 86
719 675 5 86
719 673 7 86
719 672 8 86
719 675 9 86
719 675 10 86
719 675 11 86
719 675 12 86
719 675 13 86
719 675 14 86
719 675 15 86
719 734 16 86
719 734 18 86
32 25 12 88
506 499 4 88
506 498 9 88
506 499 14 88
506 499 15 88
506 496 17 88
751 734 14 88
751 734 16 88
751 703 20 88
381 381 15 89
381 380 19 89
381 380 20 89
613 583 1 89
613 615 3 89
613 617 14 89
613 606 16 89
613 587 17 89
322 322 3 90
322 321 8 90
322 322 9 90
322 322 10 90
322 322 11 90
322 322 20 90
583 615 2 90
583 617 13 90
583 606 15 90
583 587 16 90
583 554 19 90
583 554 20 90
675 673 2 91
675 672 3 91
675 675 4 91
675 675 5 91
675 675 6 91
675 675 7 91
675 675 8 91
675 675 9 91
675 675 10 91
675 700 16 91
675 703 17 91
145 145 1 92
145 145 6 92
145 145 8 92
145 144 9 92
145 106 17 92
145 108 18 92
145 107 19 92
499 498 5 92
499 499 10 92
499 499 11 92
499 496 13 92
499 454 14 92
615 617 11 92
615 606 13 92
615 587 14 92
145 145 5 93
145 145 7 93
145 144 8 93
145 106 16 93
145 108 17 93
145 107 18 93
322 321 5 93
322 322 6 93
322 322 7 93
322 322 8 93
322 322 17 93
322 322 18 93
673 672 1 93
673 675 2 93
673 675 3 93
673 675 4 93
673 675 5 93
673 675 6 93
673 675 7 93
673 675 8 93
673 700 14 93
673 703 15 93
673 699 19 93
673 714 20 93
672 675 1 94
672 675 2 94
672 675 3 94
672 675 4 94
672 675 5 94
672 675 6 94
672 675 7 94
672 700 13 94
672 703 14 94
672 699 18 94
672 714 19 94
672 642 20 94
675 675 1 95
675 675 2 95
675 675 3 95
675 675 4 95
675 675 5 95
675 675 6 95
675 700 12 95
675 703 13 95
675 699 17 95
675 714 18 95
675 642 19 95
675 719 20 95
675 675 1 96
675 675 2 96
675 675 3 96
675 675 4 96
675 675 5 96
675 700 11 96
675 703 12 96
675 699 16 96
675 714 17 96
675 642 18 96
675 719 19 96
498 499 5 97
498 499 6 97
498 496 8 97
498 454 9 97
498 499 17 97
675 675 1 97
675 675 2 97
675 675 3 97
675 675 4 97
675 700 10 97
675 703 11 97
675 699 15 97
675 714 16 97
675 642 17 97
675 719 18 97
145 145 2 98
145 144 3 98
145 106 11 98
145 108 12 98
145 107 13 98
321 322 1 98
321 322 2 98
321 322 3 98
321 322 12 98
321 322 13 98
321 322 20 98
675 675 1 98
675 675 2 98
675 675 3 98
675 700 9 98
675 703 10 98
675 699 14 98
675 714 15 98
675 642 16 98
675 719 17 98
675 675 20 98
322 322 1 99
322 322 2 99
322 322 11 99
322 322 12 99
322 322 19 99
322 322 20 99
675 675 1 99
675 675 2 99
675 700 8 99
675 703 9 99
675 699 13 99
675 714 14 99
675 642 15 99
675 719 16 99
675 675 19 99
145 144 1 100
145 106 9 100
145 108 10 100
145 107 11 100
322 322 1 100
322 322 10 100
322 322 11 100
322 322 18 100
322 322 19 100
675 675 1 100
675 700 7 100
675 703 8 100
675 699 12 100
675 714 13 100
675 642 14 100
675 719 15 100
675 675 18 100
675 674 20 100
144 106 8 101
144 108 9 101
144 107 10 101
322 322 9 101
322 322 10 101
322 322 17 101
322 322 18 101
675 700 6 101
675 703 7 101
675 699 11 101
675 714 12 101
675 642 13 101
675 719 14 101
675 675 17 101
675 674 19 101
499 499 1 102
499 496 3 102
499 454 4 102
499 499 12 102
734 734 2 102
734 700 5 102
734 703 6 102
734 699 10 102
734 714 11 102
734 719 13 102
734 731 14 102
734 733 15 102
734 742 19 102
734 714 20 102
499 496 2 103
499 454 3 103
499 499 11 103
617 606 2 103
617 587 3 103
617 642 11 103
381 380 4 104
381 380 5 104
381 380 12 104
381 379 13 104
381 380 17 104
381 403 19 104
734 700 3 104
734 703 4 104
734 699 8 104
734 714 9 104
734 719 11 104
734 731 12 104
734 733 13 104
734 742 17 104
734 714 18 104
496 454 1 105
496 499 9 105
606 587 1 105
606 642 9 105
606 557 18 105
454 499 8 106
454 453 20 106
587 554 3 106
587 554 4 106
587 554 5 106
587 557 17 106
587 554 18 106
587 551 19 106
587 581 20 106
700 703 1 107
700 699 5 107
700 714 6 107
700 719 8 107
700 731 9 107
700 733 10 107
700 675 11 107
700 674 13 107
700 742 14 107
700 714 15 107
380 380 1 108
380 380 8 108
380 379 9 108
380 380 13 108
380 403 15 108
380 408 20 108
703 699 4 108
703 714 5 108
703 719 7 108
703 731 8 108
703 733 9 108
703 675 10 108
703 674 12 108
703 742 13 108
703 714 14 108
106 108 1 109
106 107 2 109
106 112 19 109
380 380 7 109
380 379 8 109
380 380 12 109
380 403 14 109
380 408 19 109
380 405 20 109
554 554 1 109
554 554 2 109
554 557 14 109
554 554 15 109
554 551 16 109
554 581 17 109
554 584 18 109
554 555 19 109
554 553 20 109
108 107 1 110
108 112 18 110
322 322 1 110
322 322 8 110
322 322 9 110
322 322 14 110
322 322 15 110
554 554 1 110
554 557 13 110
554 554 14 110
554 551 15 110
554 581 16 110
554 584 17 110
554 555 18 110
554 553 19 110
107 112 17 111
322 322 7 111
322 322 8 111
322 322 13 111
322 322 14 111
554 557 12 111
554 554 13 111
554 551 14 111
554 581 15 111
554 584 16 111
554 555 17 111
554 553 18 111
699 714 1 112
699 719 3 112
699 731 4 112
699 733 5 112
699 675 6 112
699 674 8 112
699 742 9 112
699 714 10 112
699 730 19 112
699 730 20 112
714 719 2 113
714 731 3 113
714 733 4 113
714 675 5 113
714 674 7 113
714 742 8 113
714 714 9 113
714 730 18 113
714 730 19 113
714 750 20 113
499 453 12 114
499 499 19 114
642 675 4 114
642 674 6 114
642 614 16 114
642 616 20 114
719 731 1 115
719 733 2 115
719 675 3 115
719 674 5 115
719 742 6 115
719 714 7 115
719 730 16 115
719 730 17 115
719 750 18 115
380 379 1 116
380 380 5 116
380 403 7 116
380 408 12 116
380 405 13 116
380 379 18 116
731 733 1 116
731 742 5 116
731 714 6 116
731 730 15 116
731 730 16 116
731 750 17 116
379 380 4 117
379 403 6 117
379 408 11 117
379 405 12 117
379 379 17 117
733 742 4 117
733 714 5 117
733 730 14 117
733 730 15 117
733 750 16 117
733 728 20 117
322 322 1 118
322 322 6 118
322 322 7 118
322 322 14 118
675 674 2 118
675 714 4 118
675 676 18 118
675 675 20 118
322 322 5 119
322 322 6 119
322 322 13 119
674 714 2 120
674 676 16 120
674 675 18 120
674 704 19 120
674 695 20 120
380 403 2 121
380 408 7 121
380 405 8 121
380 379 13 121
742 714 1 121
742 730 10 121
742 730 11 121
742 750 12 121
742 728 16 121
742 704 18 121
742 695 19 121
714 730 9 122
714 730 10 122
714 750 11 122
714 676 14 122
714 728 15 122
714 675 16 122
714 704 17 122
714 695 18 122
403 408 5 123
403 405 6 123
403 379 11 123
403 380 19 123
557 554 1 123
557 551 2 123
557 581 3 123
557 584 4 123
557 555 5 123
557 553 6 123
557 554 18 123
557 554 19 123
557 554 20 123
322 322 1 124
322 322 8 124
322 322 16 124
322 322 17 124
322 316 20 124
554 551 1 124
554 581 2 124
554 584 3 124
554 555 4 124
554 553 5 124
554 554 17 124
554 554 18 124
554 554 19 124
554 581 20 124
322 322 7 125
322 322 15 125
322 322 16 125
322 316 19 125
551 581 1 125
551 584 2 125
551 555 3 125
551 553 4 125
551 554 16 125
551 554 17 125
551 554 18 125
551 581 19 125
551 505 20 125
551 588 20 125
453 408 2 126
453 405 3 126
453 499 7 126
453 500 11 126
453 498 12 126
581 584 1 126
581 555 2 126
581 553 3 126
581 614 4 126
581 616 8 126
581 554 15 126
581 554 16 126
581 554 17 126
581 581 18 126
581 588 19 126
584 555 1 127
584 553 2 127
584 614 3 127
584 616 7 127
584 554 14 127
584 554 15 127
584 554 16 127
584 581 17 127
584 588 18 127
112 144 9 128
112 142 10 128
186 144 9 128
186 142 10 128
408 405 1 128
408 379 6 128
408 380 14 128
408 454 19 128
555 553 1 128
555 554 13 128
555 554 14 128
555 554 15 128
555 581 16 128
555 505 17 128
555 588 17 128
5 1 8 129
5 4 8 129
5 7 8 129
5 37 16 129
405 379 5 129
405 380 13 129
405 454 18 129
553 554 12 129
553 554 13 129
553 554 14 129
553 581 15 129
553 505 16 129
553 588 16 129
614 616 4 130
614 581 14 130
614 588 15 130
730 730 1 131
730 750 2 131
730 728 6 131
730 704 8 131
730 695 9 131
730 734 15 131
730 691 16 131
730 690 17 131
730 693 18 131
730 703 19 131
730 714 20 131
322 322 8 132
322 322 9 132
322 316 12 132
322 322 16 132
322 322 17 132
730 750 1 132
730 728 5 132
730 704 7 132
730 695 8 132
730 734 14 132
730 691 15 132
730 690 16 132
730 693 17 132
730 703 18 132
730 714 19 132
730 758 20 132
499 500 4 133
499 498 5 133
499 505 12 133
499 454 14 133
750 728 4 133
750 704 6 133
750 734 13 133
750 703 17 133
750 714 18 133
750 758 19 133
750 718 20 133
379 380 8 134
616 581 10 134
616 588 11 134
616 586 20 134
676 675 2 136
676 704 3 136
676 695 4 136
676 691 11 136
676 690 12 136
676 693 13 136
676 703 14 136
676 714 15 136
676 718 17 136
676 702 19 136
1 37 8 137
4 37 8 137
7 37 8 137
144 142 1 137
144 145 20 137
500 498 1 137
500 505 8 137
500 454 10 137
500 455 17 137
728 704 2 137
728 695 3 137
728 734 9 137
728 691 10 137
728 690 11 137
728 693 12 137
728 703 13 137
728 714 14 137
728 758 15 137
728 718 16 137
728 702 18 137
142 145 19 138
498 505 7 138
498 454 9 138
498 455 16 138
675 704 1 138
675 695 2 138
675 691 9 138
675 690 10 138
675 693 11 138
675 703 12 138
675 714 13 138
675 718 15 138
675 702 17 138
675 677 19 138
675 671 20 138
704 695 1 139
704 734 7 139
704 691 8 139
704 690 9 139
704 693 10 139
704 703 11 139
704 714 12 139
704 718 14 139
704 702 16 139
704 677 18 139
704 671 19 139
322 322 1 140
322 316 4 140
322 322 8 140
322 322 9 140
322 321 16 140
322 322 17 140
695 734 6 140
695 691 7 140
695 690 8 140
695 693 9 140
695 703 10 140
695 714 11 140
695 718 13 140
695 702 15 140
695 677 17 140
695 671 18 140
695 703 20 140
322 316 3 141
322 322 7 141
322 322 8 141
322 321 15 141
322 322 16 141
554 554 1 141
554 554 2 141
554 581 3 141
554 505 4 141
554 588 4 141
554 586 13 141
380 380 16 142
380 381 18 142
380 381 19 142
554 554 1 142
554 581 2 142
554 505 3 142
554 588 3 142
554 586 12 142
554 581 1 143
554 505 2 143
554 588 2 143
554 586 11 143
316 322 4 144
316 322 5 144
316 321 12 144
316 322 13 144
316 323 18 144
316 322 19 144
316 322 20 144
581 588 1 144
581 586 10 144
581 615 12 144
581 615 15 144
581 555 20 144
505 455 9 145
505 499 14 145
588 586 9 145
588 615 11 145
588 615 14 145
588 555 19 145
734 691 1 146
734 690 2 146
734 693 3 146
734 703 4 146
734 714 5 146
734 758 6 146
734 718 7 146
734 702 9 146
734 703 14 146
734 718 15 146
734 719 16 146
734 704 17 146
454 455 7 147
454 499 12 147
454 498 19 147
691 690 1 147
691 693 2 147
691 703 3 147
691 714 4 147
691 718 6 147
691 702 8 147
691 677 10 147
691 671 11 147
691 703 13 147
691 718 14 147
691 719 15 147
691 704 16 147
691 675 18 147
691 734 20 147
322 322 1 148
322 321 8 148
322 322 9 148
322 323 14 148
322 322 15 148
322 322 16 148
322 322 17 148
690 693 1 148
690 703 2 148
690 714 3 148
690 718 5 148
690 702 7 148
690 677 9 148
690 671 10 148
690 703 12 148
690 718 13 148
690 719 14 148
690 704 15 148
690 675 17 148
690 734 19 148
322 321 7 149
322 322 8 149
322 323 13 149
322 322 14 149
322 322 15 149
322 322 16 149
693 703 1 149
693 714 2 149
693 718 4 149
693 702 6 149
693 677 8 149
693 671 9 149
693 703 11 149
693 718 12 149
693 719 13 149
693 704 14 149
693 675 16 149
693 734 18 149
703 714 1 150
703 718 3 150
703 702 5 150
703 677 7 150
703 671 8 150
703 703 10 150
703 718 11 150
703 719 12 150
703 704 13 150
703 675 15 150
703 734 17 150
714 758 1 151
714 718 2 151
714 702 4 151
714 677 6 151
714 671 7 151
714 703 9 151
714 718 10 151
714 719 11 151
714 704 12 151
714 675 14 151
714 734 16 151
758 718 1 152
758 718 9 152
758 719 10 152
758 734 15 152
718 702 2 153
718 677 4 153
718 671 5 153
718 703 7 153
718 718 8 153
718 719 9 153
718 704 10 153
718 675 12 153
718 734 14 153
455 499 5 154
455 498 12 154
586 615 2 154
586 615 5 154
586 555 10 154
586 616 12 154
586 605 14 154
586 552 15 154
586 537 16 154
586 537 17 154
586 537 18 154
586 537 19 154
586 555 20 154
702 677 2 155
702 671 3 155
702 703 5 155
702 718 6 155
702 719 7 155
702 704 8 155
702 675 10 155
702 734 12 155
321 322 1 156
321 323 6 156
321 322 7 156
321 322 8 156
321 322 9 156
321 321 14 156
321 323 16 156
615 615 3 156
615 616 10 156
615 605 12 156
145 145 5 157
145 145 7 157
145 142 13 157
145 135 14 157
145 139 15 157
145 106 16 157
145 133 16 157
322 323 5 157
322 322 6 157
322 322 7 157
322 322 8 157
322 321 13 157
322 323 15 157
322 322 20 157
677 671 1 157
677 703 3 157
677 718 4 157
677 719 5 157
677 704 6 157
677 675 8 157
380 381 2 158
380 381 3 158
671 703 2 158
671 718 3 158
671 719 4 158
671 704 5 158
671 675 7 158
499 498 7 159
499 537 11 159
499 537 12 159
499 537 13 159
499 537 14 159
499 498 17 159
615 616 7 159
615 605 9 159
615 614 18 159
615 614 19 159
615 584 20 159
381 381 1 160
381 406 19 160
703 718 1 160
703 719 2 160
703 704 3 160
703 675 5 160
703 734 7 160
381 406 18 161
718 719 1 161
718 704 2 161
718 675 4 161
718 734 6 161
145 145 2 162
145 142 8 162
145 135 9 162
145 139 10 162
145 106 11 162
145 133 11 162
323 322 1 162
323 322 2 162
323 322 3 162
323 321 8 162
323 323 10 162
323 322 15 162
323 322 16 162
719 704 1 162
719 675 3 162
719 734 5 162
322 322 1 163
322 322 2 163
322 321 7 163
322 323 9 163
322 322 14 163
322 322 15 163
704 675 2 163
704 734 4 163
145 142 6 164
145 135 7 164
145 139 8 164
145 106 9 164
145 133 9 164
322 322 1 164
322 321 6 164
322 323 8 164
322 322 13 164
322 322 14 164
555 552 5 164
555 537 6 164
555 537 7 164
555 537 8 164
555 537 9 164
555 555 10 164
555 555 11 164
555 555 12 164
555 584 15 164
555 586 16 164
555 555 18 164
555 549 19 164
555 549 20 164
322 321 5 165
322 323 7 165
322 322 12 165
322 322 13 165
498 537 4 166
498 537 5 166
498 537 6 166
498 537 7 166
498 498 10 166
498 454 16 166
498 455 17 166
498 493 19 166
498 494 20 166
616 605 2 166
616 614 11 166
616 614 12 166
616 584 13 166
616 586 14 166
616 617 15 166
605 555 6 168
605 555 7 168
605 555 8 168
605 614 9 168
605 614 10 168
605 584 11 168
605 586 12 168
605 617 13 168
605 555 14 168
605 555 18 168
552 537 1 169
552 537 2 169
552 537 3 169
552 537 4 169
552 555 5 169
552 555 6 169
552 555 7 169
552 584 10 169
552 586 11 169
552 555 13 169
552 549 14 169
552 549 15 169
552 550 16 169
552 555 17 169
552 537 18 169
552 553 19 169
552 554 20 169
142 135 1 170
142 139 2 170
142 106 3 170
142 133 3 170
142 111 16 170
142 106 19 170
142 143 19 170
321 323 2 170
321 322 7 170
321 322 8 170
537 537 1 170
537 537 2 170
537 537 3 170
537 555 4 170
537 555 5 170
537 498 6 170
537 555 6 170
537 584 9 170
537 586 10 170
537 555 12 170
537 549 13 170
537 549 14 170
537 493 15 170
537 550 15 170
537 494 16 170
537 555 16 170
537 537 17 170
537 553 18 170
537 554 19 170
537 584 20 170
57 106 2 171
57 56 9 171
57 57 16 171
57 64 16 171
57 106 18 171
63 106 2 171
63 56 9 171
63 111 15 171
63 57 16 171
63 64 16 171
63 106 18 171
135 139 1 171
135 106 2 171
135 133 2 171
135 111 15 171
135 106 18 171
135 143 18 171
256 255 2 171
256 239 13 171
256 255 13 171
256 257 16 171
256 254 17 171
256 255 17 171
256 255 18 171
537 537 1 171
537 537 2 171
537 555 3 171
537 555 4 171
537 498 5 171
537 555 5 171
537 584 8 171
537 586 9 171
537 555 11 171
537 549 12 171
537 549 13 171
537 493 14 171
537 550 14 171
537 494 15 171
537 555 15 171
537 537 16 171
537 553 17 171
537 554 18 171
537 584 19 171
537 557 20 171
139 106 1 172
139 133 1 172
139 111 14 172
139 106 17 172
139 143 17 172
323 322 5 172
323 322 6 172
537 537 1 172
537 555 2 172
537 555 3 172
537 498 4 172
537 555 4 172
537 584 7 172
537 586 8 172
537 555 10 172
537 549 11 172
537 549 12 172
537 493 13 172
537 550 13 172
537 494 14 172
537 555 14 172
537 537 15 172
537 553 16 172
537 554 17 172
537 584 18 172
537 557 19 172
537 552 20 172
106 56 7 173
106 111 13 173
106 57 14 173
106 64 14 173
106 106 16 173
106 143 16 173
133 111 13 173
133 106 16 173
133 143 16 173
255 239 11 173
255 255 11 173
255 257 14 173
255 254 15 173
255 255 15 173
255 255 16 173
255 254 19 173
537 555 1 173
537 555 2 173
537 498 3 173
537 555 3 173
537 584 6 173
537 586 7 173
537 555 9 173
537 549 10 173
537 549 11 173
537 493 12 173
537 550 12 173
537 494 13 173
537 555 13 173
537 537 14 173
537 553 15 173
537 554 16 173
537 584 17 173
537 557 18 173
537 552 19 173
537 537 20 173
555 555 1 174
555 555 2 174
555 584 5 174
555 586 6 174
555 555 8 174
555 549 9 174
555 549 10 174
555 550 11 174
555 555 12 174
555 537 13 174
555 553 14 174
555 554 15 174
555 584 16 174
555 557 17 174
555 552 18 174
555 537 19 174
555 536 20 174
555 555 1 175
555 584 4 175
555 586 5 175
555 555 7 175
555 549 8 175
555 549 9 175
555 550 10 175
555 555 11 175
555 537 12 175
555 553 13 175
555 554 14 175
555 584 15 175
555 557 16 175
555 552 17 175
555 537 18 175
555 536 19 175
555 586 20 175
498 454 6 176
498 455 7 176
498 493 9 176
498 494 10 176
498 537 11 176
498 537 17 176
498 536 18 176
555 584 3 176
555 586 4 176
555 555 6 176
555 549 7 176
555 549 8 176
555 550 9 176
555 555 10 176
555 537 11 176
555 553 12 176
555 554 13 176
555 584 14 176
555 557 15 176
555 552 16 176
555 537 17 176
555 536 18 176
555 586 19 176
322 322 1 177
322 293 18 177
614 614 1 177
614 584 2 177
614 586 3 177
614 617 4 177
614 584 13 177
614 586 18 177
614 629 20 177
322 293 17 178
614 584 1 178
614 586 2 178
614 617 3 178
614 584 12 178
614 586 17 178
614 629 19 178
614 585 20 178
406 454 3 179
406 455 4 179
406 379 11 179
406 381 12 179
406 380 13 179
406 381 14 179
584 586 1 179
584 617 2 179
584 555 3 179
584 549 4 179
584 549 5 179
584 550 6 179
584 555 7 179
584 537 8 179
584 553 9 179
584 554 10 179
584 584 11 179
584 557 12 179
584 552 13 179
584 537 14 179
584 536 15 179
584 586 16 179
584 629 18 179
584 585 19 179
56 57 7 180
56 64 7 180
586 617 1 180
586 555 2 180
586 549 3 180
586 549 4 180
586 550 5 180
586 555 6 180
586 537 7 180
586 553 8 180
586 554 9 180
586 584 10 180
586 557 11 180
586 552 12 180
586 537 13 180
586 536 14 180
586 586 15 180
586 629 17 180
586 585 18 180
586 616 20 180
617 584 9 181
617 586 14 181
617 629 16 181
617 585 17 181
617 616 19 181
617 615 20 181
454 455 1 182
454 493 3 182
454 494 4 182
555 549 1 182
555 549 2 182
555 550 3 182
555 555 4 182
555 537 5 182
555 553 6 182
555 554 7 182
555 584 8 182
555 557 9 182
555 552 10 182
555 537 11 182
555 536 12 182
555 586 13 182
555 585 16 182
455 493 2 183
455 494 3 183
455 498 20 183
549 549 1 183
549 550 2 183
549 555 3 183
549 537 4 183
549 553 5 183
549 554 6 183
549 584 7 183
549 557 8 183
549 552 9 183
549 537 10 183
549 536 11 183
549 586 12 183
549 585 15 183
549 537 20 183
239 257 3 184
239 254 4 184
239 255 4 184
239 255 5 184
239 254 8 184
239 261 10 184
239 257 17 184
239 254 18 184
239 256 18 184
255 257 3 184
255 254 4 184
255 255 4 184
255 255 5 184
255 254 8 184
255 261 10 184
255 293 11 184
255 257 17 184
255 254 18 184
255 256 18 184
549 550 1 184
549 555 2 184
549 537 3 184
549 553 4 184
549 554 5 184
549 584 6 184
549 557 7 184
549 552 8 184
549 537 9 184
549 536 10 184
549 586 11 184
549 585 14 184
549 537 19 184
549 537 20 184
493 494 1 185
493 537 2 185
493 537 8 185
493 536 9 185
493 498 18 185
493 537 18 185
493 498 19 185
493 537 19 185
550 555 1 185
550 537 2 185
550 553 3 185
550 554 4 185
550 584 5 185
550 557 6 185
550 552 7 185
550 537 8 185
550 536 9 185
550 586 10 185
550 585 13 185
550 537 18 185
550 537 19 185
550 554 20 185
111 64 1 186
111 106 3 186
111 143 3 186
111 120 15 186
111 133 15 186
111 146 18 186
494 537 1 186
494 537 7 186
494 536 8 186
494 498 17 186
494 537 17 186
494 498 18 186
494 537 18 186
555 537 1 186
555 553 2 186
555 554 3 186
555 584 4 186
555 557 5 186
555 552 6 186
555 537 7 186
555 536 8 186
555 586 9 186
555 585 12 186
555 537 17 186
555 537 18 186
555 554 19 186
57 106 2 187
64 106 2 187
257 254 1 187
257 255 1 187
257 255 2 187
257 254 5 187
257 261 7 187
257 293 8 187
257 257 14 187
257 254 15 187
257 256 15 187
257 258 18 187
537 553 1 187
537 554 2 187
537 584 3 187
537 557 4 187
537 552 5 187
537 537 6 187
537 536 7 187
537 586 8 187
537 585 11 187
537 498 16 187
537 537 16 187
537 498 17 187
537 537 17 187
537 554 18 187
537 498 20 187
254 255 1 188
254 254 4 188
254 261 6 188
254 293 7 188
254 257 13 188
254 254 14 188
254 256 14 188
254 258 17 188
255 255 1 188
255 254 4 188
255 261 6 188
255 293 7 188
255 257 13 188
255 254 14 188
255 256 14 188
255 258 17 188
553 554 1 188
553 584 2 188
553 557 3 188
553 552 4 188
553 537 5 188
553 536 6 188
553 586 7 188
553 585 10 188
553 537 15 188
553 537 16 188
553 554 17 188
553 557 20 188
106 120 12 189
106 133 12 189
106 146 15 189
143 120 12 189
143 133 12 189
143 146 15 189
255 254 3 189
255 261 5 189
255 293 6 189
255 257 12 189
255 254 13 189
255 256 13 189
255 258 16 189
554 584 1 189
554 557 2 189
554 552 3 189
554 537 4 189
554 536 5 189
554 586 6 189
554 585 9 189
554 537 14 189
554 537 15 189
554 554 16 189
554 557 19 189
379 381 1 190
379 380 2 190
379 381 3 190
379 388 10 190
584 557 1 190
584 552 2 190
584 537 3 190
584 536 4 190
584 586 5 190
584 629 7 190
584 585 8 190
584 616 10 190
584 615 11 190
584 616 12 190
584 537 13 190
584 537 14 190
584 554 15 190
584 616 16 190
584 616 17 190
584 557 18 190
584 615 20 190
381 380 1 191
381 381 2 191
381 388 9 191
557 552 1 191
557 537 2 191
557 536 3 191
557 586 4 191
557 585 7 191
557 537 12 191
557 537 13 191
557 554 14 191
557 557 17 191
557 574 20 191
254 261 2 192
254 293 3 192
254 257 9 192
254 254 10 192
254 256 10 192
254 258 13 192
380 381 1 192
380 388 8 192
380 378 20 192
552 537 1 192
552 536 2 192
552 586 3 192
552 585 6 192
552 537 11 192
552 537 12 192
552 554 13 192
552 557 16 192
552 574 19 192
552 583 20 192
381 388 7 193
381 378 19 193
537 536 1 193
537 586 2 193
537 585 5 193
537 498 10 193
537 537 10 193
537 498 11 193
537 537 11 193
537 554 12 193
537 498 14 193
537 498 15 193
537 557 15 193
537 574 18 193
537 583 19 193
261 293 1 194
261 257 7 194
261 254 8 194
261 256 8 194
261 258 11 194
536 585 4 194
536 498 9 194
536 537 9 194
536 498 10 194
536 537 10 194
536 554 11 194
536 498 13 194
536 498 14 194
536 557 14 194
536 574 17 194
536 583 18 194
293 257 6 195
293 254 7 195
293 256 7 195
293 258 10 195
586 629 2 195
586 585 3 195
586 616 5 195
586 615 6 195
586 616 7 195
586 537 8 195
586 537 9 195
586 554 10 195
586 616 11 195
586 616 12 195
586 557 13 195
586 615 15 195
586 574 16 195
586 583 17 195
720 674 3 196
720 675 13 196
629 585 1 197
629 674 2 197
629 616 3 197
629 615 4 197
629 616 5 197
629 616 9 197
629 616 10 197
629 675 12 197
629 615 13 197
629 583 15 197
585 616 2 198
585 615 3 198
585 616 4 198
585 537 5 198
585 537 6 198
585 554 7 198
585 616 8 198
585 616 9 198
585 557 10 198
585 615 12 198
585 574 13 198
585 583 14 198
585 551 19 198
585 576 20 198
674 675 10 199
388 378 12 200
388 379 19 200
388 379 20 200
616 615 1 200
616 616 2 200
616 616 6 200
616 616 7 200
616 615 10 200
616 574 11 200
616 583 12 200
616 576 18 200
616 616 20 200
120 146 3 201
133 146 3 201
257 254 1 201
257 256 1 201
257 258 4 201
257 254 16 201
257 255 16 201
615 616 1 201
615 616 5 201
615 616 6 201
615 615 9 201
615 574 10 201
615 583 11 201
615 576 17 201
615 616 19 201
615 633 20 201
254 258 3 202
254 254 15 202
254 255 15 202
256 258 3 202
256 254 15 202
256 255 15 202
616 616 4 202
616 616 5 202
616 615 8 202
616 574 9 202
616 583 10 202
616 576 16 202
616 616 18 202
616 633 19 202
498 498 1 203
498 537 1 203
498 498 4 203
498 498 5 203
498 537 16 203
498 499 20 203
537 498 1 203
537 537 1 203
537 554 2 203
537 498 4 203
537 498 5 203
537 557 5 203
537 574 8 203
537 583 9 203
537 551 14 203
537 576 15 203
537 537 16 203
537 499 20 203
146 101 20 204
146 152 20 204
498 498 3 204
498 498 4 204
498 537 15 204
498 499 19 204
537 554 1 204
537 498 3 204
537 498 4 204
537 557 4 204
537 574 7 204
537 583 8 204
537 551 13 204
537 576 14 204
537 537 15 204
537 499 19 204
537 553 20 204
258 254 12 205
258 255 12 205
258 257 20 205
554 557 3 205
554 574 6 205
554 583 7 205
554 551 12 205
554 576 13 205
554 537 14 205
554 553 19 205
554 554 20 205
616 616 1 206
616 615 4 206
616 574 5 206
616 583 6 206
616 576 12 206
616 616 14 206
616 633 15 206
616 587 20 206
498 498 1 207
498 537 12 207
498 499 16 207
498 493 20 207
616 615 3 207
616 574 4 207
616 583 5 207
616 576 11 207
616 616 13 207
616 633 14 207
616 587 19 207
616 616 20 207
498 537 11 208
498 499 15 208
498 493 19 208
498 493 20 208
557 574 3 208
557 583 4 208
557 551 9 208
557 576 10 208
557 537 11 208
557 553 16 208
557 554 17 208
557 587 18 208
675 633 12 209
675 696 14 209
615 574 1 210
615 583 2 210
615 576 8 210
615 616 10 210
615 633 11 210
615 587 16 210
615 616 17 210
615 614 18 210
615 613 19 210
615 616 20 210
574 583 1 211
574 551 6 211
574 576 7 211
574 537 8 211
574 616 9 211
574 553 13 211
574 554 14 211
574 587 15 211
574 616 16 211
574 614 17 211
574 613 18 211
574 616 19 211
574 615 20 211
378 379 7 212
378 379 8 212
378 404 12 212
378 380 18 212
583 551 5 212
583 576 6 212
583 537 7 212
583 616 8 212
583 553 12 212
583 554 13 212
583 587 14 212
583 616 15 212
583 614 16 212
583 613 17 212
583 616 18 212
583 615 19 212
583 615 20 212
254 257 8 217
255 257 8 217
551 576 1 217
551 537 2 217
551 553 7 217
551 554 8 217
551 587 9 217
551 586 16 217
551 584 17 217
576 537 1 218
576 616 2 218
576 553 6 218
576 554 7 218
576 587 8 218
576 616 9 218
576 614 10 218
576 613 11 218
576 616 12 218
576 615 13 218
576 615 14 218
576 586 15 218
576 584 16 218
576 615 17 218
576 616 18 218
379 379 1 219
379 404 5 219
379 380 11 219
537 499 4 219
537 553 5 219
537 554 6 219
537 493 8 219
537 493 9 219
537 495 10 219
537 499 12 219
537 586 14 219
537 584 15 219
537 498 16 219
537 498 19 219
537 498 20 219
379 404 4 220
379 380 10 220
616 633 1 220
616 587 6 220
616 616 7 220
616 614 8 220
616 613 9 220
616 616 10 220
616 615 11 220
616 615 12 220
616 586 13 220
616 584 14 220
616 615 15 220
616 616 16 220
633 587 5 221
633 616 6 221
633 614 7 221
633 613 8 221
633 616 9 221
633 615 10 221
633 615 11 221
633 586 12 221
633 584 13 221
633 615 14 221
633 616 15 221
633 671 16 221
633 672 17 221
633 671 18 221
633 678 19 221
633 675 20 221
322 322 14 222
322 322 15 222
734 696 1 222
499 493 4 223
499 493 5 223
499 495 6 223
499 499 8 223
499 453 11 223
499 498 12 223
499 498 15 223
499 498 16 223
499 499 17 223
499 453 19 223
499 497 20 223
696 671 14 223
696 672 15 223
696 671 16 223
696 678 17 223
696 675 18 223
696 674 19 223
696 675 20 223
101 107 1 224
101 142 1 224
101 60 2 224
101 143 11 224
152 107 1 224
152 142 1 224
152 143 11 224
404 444 2 224
404 380 6 224
404 453 10 224
404 453 18 224
553 554 1 224
553 587 2 224
553 586 9 224
553 584 10 224
107 60 1 225
107 143 10 225
142 143 10 225
554 587 1 225
554 586 8 225
554 584 9 225
444 493 1 226
444 493 2 226
444 453 8 226
444 453 16 226
587 616 1 226
587 614 2 226
587 613 3 226
587 616 4 226
587 615 5 226
587 615 6 226
587 586 7 226
587 584 8 226
587 615 9 226
587 616 10 226
587 615 19 226
587 616 20 226
493 493 1 227
493 495 2 227
493 499 4 227
493 453 7 227
493 498 8 227
493 498 11 227
493 498 12 227
493 499 13 227
493 453 15 227
493 497 16 227
493 499 19 227
616 614 1 227
616 613 2 227
616 616 3 227
616 615 4 227
616 615 5 227
616 586 6 227
616 584 7 227
616 615 8 227
616 616 9 227
616 615 18 227
616 616 19 227
616 587 20 227
493 495 1 228
493 499 3 228
493 453 6 228
493 498 7 228
493 498 10 228
493 498 11 228
493 499 12 228
493 453 14 228
493 497 15 228
493 499 18 228
493 498 20 228
493 528 20 228
614 613 1 228
614 616 2 228
614 615 3 228
614 615 4 228
614 586 5 228
614 584 6 228
614 615 7 228
614 616 8 228
614 615 17 228
614 616 18 228
614 587 19 228
495 499 2 229
495 453 5 229
495 498 6 229
495 498 9 229
495 498 10 229
495 499 11 229
495 453 13 229
495 497 14 229
495 499 17 229
495 498 19 229
495 528 19 229
613 616 1 229
613 615 2 229
613 615 3 229
613 586 4 229
613 584 5 229
613 615 6 229
613 616 7 229
613 615 16 229
613 616 17 229
613 587 18 229
613 586 20 229
380 377 19 230
616 615 1 230
616 615 2 230
616 586 3 230
616 584 4 230
616 615 5 230
616 616 6 230
616 615 15 230
616 616 16 230
616 587 17 230
616 586 19 230
616 585 20 230
499 453 3 231
499 498 4 231
499 498 7 231
499 498 8 231
499 499 9 231
499 453 11 231
499 497 12 231
499 499 15 231
499 498 17 231
499 528 17 231
615 615 1 231
615 586 2 231
615 584 3 231
615 615 4 231
615 616 5 231
615 615 14 231
615 616 15 231
615 587 16 231
615 586 18 231
615 585 19 231
615 586 1 232
615 584 2 232
615 615 3 232
615 616 4 232
615 615 13 232
615 616 14 232
615 587 15 232
615 586 17 232
615 585 18 232
586 584 1 233
586 615 2 233
586 616 3 233
586 615 12 233
586 616 13 233
586 587 14 233
586 586 16 233
586 585 17 233
586 552 19 233
586 554 20 233
453 498 1 234
453 498 4 234
453 498 5 234
453 499 6 234
453 453 8 234
453 497 9 234
453 499 12 234
453 498 14 234
453 497 18 234
453 497 19 234
453 497 20 234
584 615 1 234
584 616 2 234
584 615 11 234
584 616 12 234
584 587 13 234
584 586 15 234
584 585 16 234
584 552 18 234
584 554 19 234
584 615 20 234
143 142 15 235
143 143 17 235
498 498 3 235
498 498 4 235
498 499 5 235
498 453 7 235
498 497 8 235
498 499 11 235
498 498 13 235
498 528 13 235
498 497 17 235
498 497 18 235
498 497 19 235
498 497 20 235
615 616 1 235
615 615 10 235
615 616 11 235
615 587 12 235
615 586 14 235
615 585 15 235
615 615 19 235
615 588 20 235
322 322 1 236
322 321 8 236
322 322 9 236
322 322 15 236
616 615 9 236
616 616 10 236
616 587 11 236
616 586 13 236
616 585 14 236
616 615 18 236
616 588 19 236
616 615 20 236
322 321 7 237
322 322 8 237
322 322 14 237
671 672 1 237
671 671 2 237
671 678 3 237
671 675 4 237
671 674 5 237
671 675 6 237
671 674 7 237
671 702 14 237
498 498 1 238
498 499 2 238
498 453 4 238
498 497 5 238
498 499 8 238
498 498 10 238
498 528 10 238
498 497 14 238
498 497 15 238
498 497 16 238
498 497 17 238
672 671 1 238
672 678 2 238
672 675 3 238
672 674 4 238
672 675 5 238
672 674 6 238
672 702 13 238
498 499 1 239
498 453 3 239
498 497 4 239
498 499 7 239
498 498 9 239
498 528 9 239
498 497 13 239
498 497 14 239
498 497 15 239
498 497 16 239
498 492 20 239
671 678 1 239
671 675 2 239
671 674 3 239
671 675 4 239
671 674 5 239
671 702 12 239
499 453 2 240
499 497 3 240
499 499 6 240
499 498 8 240
499 528 8 240
499 497 12 240
499 497 13 240
499 497 14 240
499 497 15 240
499 492 19 240
678 675 1 240
678 674 2 240
678 675 3 240
678 674 4 240
678 702 11 240
675 674 1 241
675 675 2 241
675 674 3 241
675 702 10 241
453 497 1 242
453 499 4 242
453 498 6 242
453 497 10 242
453 497 11 242
453 497 12 242
453 497 13 242
453 492 17 242
674 675 1 242
674 674 2 242
674 702 9 242
497 499 3 243
497 498 5 243
497 528 5 243
497 497 9 243
497 497 10 243
497 497 11 243
497 497 12 243
497 492 16 243
675 674 1 243
675 702 8 243
321 322 1 244
321 322 7 244
321 322 19 244
674 702 7 244
322 322 6 245
322 322 18 245
615 616 1 245
615 587 2 245
615 586 4 245
615 585 5 245
615 615 9 245
615 588 10 245
615 615 11 245
615 615 12 245
615 587 13 245
615 613 14 245
615 616 15 245
615 615 16 245
615 615 17 245
615 615 18 245
615 615 19 245
615 581 20 245
499 498 2 246
499 528 2 246
499 497 6 246
499 497 7 246
499 497 8 246
499 497 9 246
499 492 13 246
616 587 1 246
616 586 3 246
616 585 4 246
616 615 8 246
616 588 9 246
616 615 10 246
616 615 11 246
616 587 12 246
616 613 13 246
616 616 14 246
616 615 15 246
616 615 16 246
616 615 17 246
616 615 18 246
616 581 19 246
587 586 2 247
587 585 3 247
587 552 5 247
587 554 6 247
587 615 7 247
587 588 8 247
587 615 9 247
587 615 10 247
587 587 11 247
587 613 12 247
587 616 13 247
587 615 14 247
587 615 15 247
587 615 16 247
587 615 17 247
587 581 18 247
587 553 19 247
587 552 20 247
498 497 4 248
498 497 5 248
498 497 6 248
498 497 7 248
498 492 11 248
528 497 4 248
528 552 4 248
528 497 5 248
528 554 5 248
528 497 6 248
528 497 7 248
528 492 11 248
528 553 18 248
528 552 19 248
528 554 20 248
377 375 9 249
377 379 11 249
377 378 12 249
377 378 13 249
586 585 1 249
586 552 3 249
586 554 4 249
586 615 5 249
586 588 6 249
586 615 7 249
586 615 8 249
586 587 9 249
586 613 10 249
586 616 11 249
586 615 12 249
586 615 13 249
586 615 14 249
586 615 15 249
586 581 16 249
586 553 17 249
586 552 18 249
586 554 19 249
586 554 20 249
142 143 2 250
142 134 8 250
585 552 2 250
585 554 3 250
585 615 4 250
585 588 5 250
585 615 6 250
585 615 7 250
585 587 8 250
585 613 9 250
585 616 10 250
585 615 11 250
585 615 12 250
585 615 13 250
585 615 14 250
585 581 15 250
585 553 16 250
585 552 17 250
585 554 18 250
585 554 19 250
585 616 20 250
322 322 12 251
322 321 17 251
322 321 18 251
143 134 6 252
497 497 1 252
497 497 2 252
497 497 3 252
497 492 7 252
552 554 1 252
552 588 3 252
552 587 6 252
552 581 13 252
552 553 14 252
552 552 15 252
552 554 16 252
552 554 17 252
552 563 19 252
497 497 1 253
497 497 2 253
497 492 6 253
554 588 2 253
554 587 5 253
554 581 12 253
554 553 13 253
554 552 14 253
554 554 15 253
554 554 16 253
554 563 18 253
497 497 1 254
497 492 5 254
497 497 20 254
615 588 1 254
615 615 2 254
615 615 3 254
615 587 4 254
615 613 5 254
615 616 6 254
615 615 7 254
615 615 8 254
615 615 9 254
615 615 10 254
615 581 11 254
615 616 16 254
615 618 20 254
497 492 4 255
497 497 19 255
497 495 20 255
588 615 1 255
588 615 2 255
588 587 3 255
588 613 4 255
588 616 5 255
588 615 6 255
588 615 7 255
588 615 8 255
588 615 9 255
588 581 10 255
588 553 11 255
588 552 12 255
588 554 13 255
588 554 14 255
588 616 15 255
588 563 16 255
588 618 19 255
615 615 1 256
615 587 2 256
615 613 3 256
615 616 4 256
615 615 5 256
615 615 6 256
615 615 7 256
615 615 8 256
615 581 9 256
615 616 14 256
615 618 18 256
615 650 19 256
615 615 20 256
615 587 1 257
615 613 2 257
615 616 3 257
615 615 4 257
615 615 5 257
615 615 6 257
615 615 7 257
615 581 8 257
615 616 13 257
615 618 17 257
615 650 18 257
615 615 19 257
615 615 20 257
12 7 16 258
12 25 16 258
12 36 16 258
12 28 18 258
12 31 18 258
375 379 2 258
375 378 3 258
375 378 4 258
375 379 12 258
375 379 14 258
375 379 15 258
587 613 1 258
587 616 2 258
587 615 3 258
587 615 4 258
587 615 5 258
587 615 6 258
587 581 7 258
587 553 8 258
587 552 9 258
587 554 10 258
587 554 11 258
587 616 12 258
587 563 13 258
587 618 16 258
587 615 18 258
587 615 19 258
587 553 20 258
492 497 15 259
492 495 16 259
492 498 17 259
613 616 1 259
613 615 2 259
613 615 3 259
613 615 4 259
613 615 5 259
613 581 6 259
613 616 11 259
613 563 12 259
613 618 15 259
613 650 16 259
613 615 17 259
613 615 18 259
379 378 1 260
379 378 2 260
379 379 10 260
379 379 12 260
379 379 13 260
379 355 20 260
616 615 1 260
616 615 2 260
616 615 3 260
616 615 4 260
616 581 5 260
616 616 10 260
616 618 14 260
616 650 15 260
616 615 16 260
616 615 17 260
378 378 1 261
378 379 9 261
378 379 11 261
378 379 12 261
378 355 19 261
615 615 1 261
615 615 2 261
615 615 3 261
615 581 4 261
615 616 9 261
615 618 13 261
615 650 14 261
615 615 15 261
615 615 16 261
378 379 8 262
378 379 10 262
378 379 11 262
378 355 18 262
378 405 20 262
615 615 1 262
615 615 2 262
615 581 3 262
615 616 8 262
615 618 12 262
615 650 13 262
615 615 14 262
615 615 15 262
322 321 5 263
322 321 6 263
322 321 14 263
322 355 17 263
615 615 1 263
615 581 2 263
615 616 7 263
615 618 11 263
615 650 12 263
615 615 13 263
615 615 14 263
615 581 1 264
615 616 6 264
615 618 10 264
615 650 11 264
615 615 12 264
615 615 13 264
581 553 1 265
581 552 2 265
581 554 3 265
581 554 4 265
581 616 5 265
581 563 6 265
581 618 9 265
581 615 11 265
581 615 12 265
581 553 13 265
581 553 14 265
581 553 15 265
581 554 16 265
581 553 17 265
553 552 1 266
553 554 2 266
553 554 3 266
553 563 5 266
553 553 12 266
553 553 13 266
553 553 14 266
553 554 15 266
553 553 16 266
552 554 1 267
552 554 2 267
552 563 4 267
552 553 11 267
552 553 12 267
552 553 13 267
552 554 14 267
552 553 15 267
321 321 1 268
321 321 9 268
321 355 12 268
554 554 1 268
554 563 3 268
554 553 10 268
554 553 11 268
554 553 12 268
554 554 13 268
554 553 14 268
321 321 8 269
321 355 11 269
554 563 2 269
554 553 9 269
554 553 10 269
554 553 11 269
554 554 12 269
554 553 13 269
379 379 2 270
379 379 3 270
379 355 10 270
379 405 12 270
616 618 4 270
616 650 5 270
616 615 6 270
616 615 7 270
563 553 7 271
563 553 8 271
563 553 9 271
563 554 10 271
563 553 11 271
379 379 1 272
379 355 8 272
379 405 10 272
703 719 1 272
379 355 7 273
379 405 9 273
7 28 2 274
7 31 2 274
7 38 6 274
25 28 2 274
25 31 2 274
25 38 6 274
36 28 2 274
36 31 2 274
36 38 6 274
497 495 1 274
497 498 2 274
497 499 7 274
618 650 1 274
618 615 2 274
618 615 3 274
495 498 1 275
495 499 6 275
650 615 1 275
650 615 2 275
28 38 4 276
31 38 4 276
498 499 5 276
615 615 1 276
321 355 3 277
615 586 20 277
553 553 1 278
553 553 2 278
553 554 3 278
553 553 4 278
553 586 19 278
553 555 20 278
553 553 1 279
553 554 2 279
553 553 3 279
553 586 18 279
553 555 19 279
553 587 20 279
355 321 19 280
355 321 20 280
553 554 1 280
553 553 2 280
553 586 17 280
553 555 18 280
553 587 19 280
553 587 20 280
499 498 17 281
554 553 1 281
554 586 16 281
554 555 17 281
554 587 18 281
554 587 19 281
405 405 19 282
553 586 15 282
553 555 16 282
553 587 17 282
553 587 18 282
586 555 1 297
586 587 2 297
586 587 3 297
586 537 6 297
586 551 7 297
586 616 8 297
586 557 9 297
586 557 10 297
586 616 11 297
586 554 12 297
498 497 4 298
498 537 5 298
498 498 8 298
555 587 1 298
555 587 2 298
555 537 5 298
555 551 6 298
555 557 8 298
555 557 9 298
555 554 11 298
321 321 1 299
321 321 9 299
587 587 1 299
587 537 4 299
587 551 5 299
587 616 6 299
587 557 7 299
587 557 8 299
587 616 9 299
587 554 10 299
321 321 8 300
587 537 3 300
587 551 4 300
587 616 5 300
587 557 6 300
587 557 7 300
587 616 8 300
587 554 9 300
405 406 3 301
405 380 6 301
672 675 1 301
497 537 1 302
497 498 4 302
57 51 3 303
57 16 6 303
256 258 6 303
537 551 1 303
537 498 3 303
537 557 3 303
537 557 4 303
537 554 6 303
406 380 3 304
551 557 2 304
551 557 3 304
551 554 5 304
616 616 3 305
51 16 3 306
557 557 1 306
557 554 3 306
557 554 2 307
587 587 1 389
587 587 2 389
587 587 1 390
496 496 16 401
496 495 17 401
496 498 18 401
536 555 15 401
536 496 16 401
536 495 17 401
536 498 18 401
555 551 16 416
555 537 20 416
496 495 1 417
496 498 2 417
496 497 9 417
496 498 10 417
496 497 11 417
496 498 12 417
496 498 13 417
496 499 15 417
496 537 19 417
496 451 20 417
615 614 1 417
615 654 2 417
615 654 3 417
615 646 7 417
615 616 8 417
615 613 9 417
615 615 10 417
615 615 11 417
615 615 12 417
615 616 13 417
615 616 14 417
615 616 20 417
495 498 1 418
495 497 8 418
495 498 9 418
495 497 10 418
495 498 11 418
495 498 12 418
495 499 14 418
495 537 18 418
495 451 19 418
614 654 1 418
614 654 2 418
614 646 6 418
614 616 7 418
614 613 8 418
614 615 9 418
614 615 10 418
614 615 11 418
614 616 12 418
614 616 13 418
614 616 19 418
614 617 20 418
498 497 7 419
498 498 8 419
498 497 9 419
498 498 10 419
498 498 11 419
498 499 13 419
498 537 17 419
498 451 18 419
498 497 20 419
654 654 1 419
654 646 5 419
654 616 6 419
654 613 7 419
654 615 8 419
654 615 9 419
654 615 10 419
654 616 11 419
654 616 12 419
654 616 18 419
654 617 19 419
654 616 20 419
654 646 4 420
654 616 5 420
654 613 6 420
654 615 7 420
654 615 8 420
654 615 9 420
654 616 10 420
654 616 11 420
654 616 17 420
654 617 18 420
654 616 19 420
753 752 1 421
753 734 2 421
752 734 1 422
646 616 1 424
646 613 2 424
646 615 3 424
646 615 4 424
646 615 5 424
646 616 6 424
646 616 7 424
646 616 13 424
646 617 14 424
646 616 15 424
646 615 19 424
616 613 1 425
616 615 2 425
616 615 3 425
616 615 4 425
616 616 5 425
616 616 6 425
616 616 12 425
616 617 13 425
616 616 14 425
616 615 18 425
497 498 1 426
497 497 2 426
497 498 3 426
497 498 4 426
497 499 6 426
497 537 10 426
497 451 11 426
497 497 13 426
497 497 15 426
497 497 17 426
613 615 1 426
613 615 2 426
613 615 3 426
613 616 4 426
613 616 5 426
613 616 11 426
613 617 12 426
613 616 13 426
613 615 17 426
498 497 1 427
498 498 2 427
498 498 3 427
498 499 5 427
498 537 9 427
498 451 10 427
498 497 12 427
498 497 14 427
498 497 16 427
615 615 1 427
615 615 2 427
615 616 3 427
615 616 4 427
615 616 10 427
615 617 11 427
615 616 12 427
615 615 16 427
497 498 1 428
497 498 2 428
497 499 4 428
497 537 8 428
497 451 9 428
497 497 11 428
497 497 13 428
497 497 15 428
615 615 1 428
615 616 2 428
615 616 3 428
615 616 9 428
615 617 10 428
615 616 11 428
615 615 15 428
498 498 1 429
498 499 3 429
498 537 7 429
498 451 8 429
498 497 10 429
498 497 12 429
498 497 14 429
615 616 1 429
615 616 2 429
615 616 8 429
615 617 9 429
615 616 10 429
615 615 14 429
26 65 6 430
26 12 10 430
26 74 10 430
498 499 2 430
498 537 6 430
498 451 7 430
498 497 9 430
498 497 11 430
498 497 13 430
616 616 1 430
616 616 7 430
616 617 8 430
616 616 9 430
616 615 13 430
616 616 6 431
616 617 7 431
616 616 8 431
616 615 12 431
499 537 4 432
499 451 5 432
499 497 7 432
499 497 9 432
499 497 11 432
551 537 4 432
551 552 8 432
551 556 9 432
551 554 10 432
65 74 4 436
379 379 4 436
537 497 3 436
537 552 4 436
537 497 5 436
537 556 5 436
537 554 6 436
537 497 7 436
451 497 2 437
451 497 4 437
451 497 6 437
616 617 1 437
616 616 2 437
616 615 6 437
617 616 1 438
617 615 5 438
497 497 2 439
497 497 4 439
616 615 4 439
552 556 1 440
552 554 2 440
497 497 2 441
556 554 1 441
553 587 19 537
553 587 20 537
612 587 18 538
612 587 19 538
498 497 1 556
498 497 2 556
498 497 3 556
498 498 7 556
498 501 8 556
498 500 9 556
498 499 10 556
498 499 11 556
498 498 12 556
498 499 13 556
498 501 14 556
498 499 15 556
498 500 16 556
498 499 17 556
498 498 19 556
498 501 20 556
587 587 1 556
587 615 3 556
497 497 1 557
497 497 2 557
497 498 6 557
497 501 7 557
497 500 8 557
497 499 9 557
497 499 10 557
497 498 11 557
497 499 12 557
497 501 13 557
497 499 14 557
497 500 15 557
497 499 16 557
497 498 18 557
497 501 19 557
497 499 20 557
587 615 2 557
497 497 1 558
497 498 5 558
497 501 6 558
497 500 7 558
497 499 8 558
497 499 9 558
497 498 10 558
497 499 11 558
497 501 12 558
497 499 13 558
497 500 14 558
497 499 15 558
497 498 17 558
497 501 18 558
497 499 19 558
497 499 20 558
675 675 6 558
675 676 7 558
675 676 8 558
675 676 10 558
675 676 12 558
675 676 13 558
675 676 14 558
675 675 15 558
675 675 16 558
675 675 17 558
675 676 18 558
497 498 4 559
497 501 5 559
497 500 6 559
497 499 7 559
497 499 8 559
497 498 9 559
497 499 10 559
497 501 11 559
497 499 12 559
497 500 13 559
497 499 14 559
497 498 16 559
497 501 17 559
497 499 18 559
497 499 19 559
734 734 1 560
734 734 2 560
734 734 3 560
734 735 7 560
734 734 9 560
734 735 17 560
734 735 18 560
734 734 1 561
734 734 2 561
734 735 6 561
734 734 8 561
734 735 16 561
734 735 17 561
734 734 1 562
734 735 5 562
734 734 7 562
734 735 15 562
734 735 16 562
498 501 1 563
498 500 2 563
498 499 3 563
498 499 4 563
498 498 5 563
498 499 6 563
498 501 7 563
498 499 8 563
498 500 9 563
498 499 10 563
498 498 12 563
498 501 13 563
498 499 14 563
498 499 15 563
498 500 17 563
498 499 18 563
734 735 4 563
734 734 6 563
734 735 14 563
734 735 15 563
501 500 1 564
501 499 2 564
501 499 3 564
501 498 4 564
501 499 5 564
501 501 6 564
501 499 7 564
501 500 8 564
501 499 9 564
501 498 11 564
501 501 12 564
501 499 13 564
501 499 14 564
501 500 16 564
501 499 17 564
675 676 1 564
675 676 2 564
675 676 4 564
675 676 6 564
675 676 7 564
675 676 8 564
675 675 9 564
675 675 10 564
675 675 11 564
675 676 12 564
675 675 15 564
675 676 16 564
675 676 17 564
675 676 19 564
675 676 20 564
500 499 1 565
500 499 2 565
500 498 3 565
500 499 4 565
500 501 5 565
500 499 6 565
500 500 7 565
500 499 8 565
500 498 10 565
500 501 11 565
500 499 12 565
500 499 13 565
500 500 15 565
500 499 16 565
676 676 1 565
676 676 3 565
676 676 5 565
676 676 6 565
676 676 7 565
676 675 8 565
676 675 9 565
676 675 10 565
676 676 11 565
676 675 14 565
676 676 15 565
676 676 16 565
676 676 18 565
676 676 19 565
676 676 20 565
499 499 1 566
499 498 2 566
499 499 3 566
499 501 4 566
499 499 5 566
499 500 6 566
499 499 7 566
499 498 9 566
499 501 10 566
499 499 11 566
499 499 12 566
499 500 14 566
499 499 15 566
499 499 20 566
676 676 2 566
676 676 4 566
676 676 5 566
676 676 6 566
676 675 7 566
676 675 8 566
676 675 9 566
676 676 10 566
676 675 13 566
676 676 14 566
676 676 15 566
676 676 17 566
676 676 18 566
676 676 19 566
499 498 1 567
499 499 2 567
499 501 3 567
499 499 4 567
499 500 5 567
499 499 6 567
499 498 8 567
499 501 9 567
499 499 10 567
499 499 11 567
499 500 13 567
499 499 14 567
499 499 19 567
735 734 2 567
735 735 10 567
735 735 11 567
735 734 20 567
498 499 1 568
498 501 2 568
498 499 3 568
498 500 4 568
498 499 5 568
498 498 7 568
498 501 8 568
498 499 9 568
498 499 10 568
498 500 12 568
498 499 13 568
498 499 18 568
676 676 2 568
676 676 3 568
676 676 4 568
676 675 5 568
676 675 6 568
676 675 7 568
676 676 8 568
676 675 11 568
676 676 12 568
676 676 13 568
676 676 15 568
676 676 16 568
676 676 17 568
499 501 1 569
499 499 2 569
499 500 3 569
499 499 4 569
499 498 6 569
499 501 7 569
499 499 8 569
499 499 9 569
499 500 11 569
499 499 12 569
499 499 17 569
734 735 8 569
734 735 9 569
734 734 18 569
734 734 19 569
734 734 20 569
501 499 1 570
501 500 2 570
501 499 3 570
501 498 5 570
501 501 6 570
501 499 7 570
501 499 8 570
501 500 10 570
501 499 11 570
501 499 16 570
676 676 1 570
676 676 2 570
676 675 3 570
676 675 4 570
676 675 5 570
676 676 6 570
676 675 9 570
676 676 10 570
676 676 11 570
676 676 13 570
676 676 14 570
676 676 15 570
676 675 20 570
499 500 1 571
499 499 2 571
499 498 4 571
499 501 5 571
499 499 6 571
499 499 7 571
499 500 9 571
499 499 10 571
499 499 15 571
499 455 20 571
676 676 1 571
676 675 2 571
676 675 3 571
676 675 4 571
676 676 5 571
676 675 8 571
676 676 9 571
676 676 10 571
676 676 12 571
676 676 13 571
676 676 14 571
676 675 19 571
500 499 1 572
500 498 3 572
500 501 4 572
500 499 5 572
500 499 6 572
500 500 8 572
500 499 9 572
500 499 14 572
500 455 19 572
500 500 20 572
676 675 1 572
676 675 2 572
676 675 3 572
676 676 4 572
676 675 7 572
676 676 8 572
676 676 9 572
676 676 11 572
676 676 12 572
676 676 13 572
676 675 18 572
499 498 2 573
499 501 3 573
499 499 4 573
499 499 5 573
499 500 7 573
499 499 8 573
499 499 13 573
499 455 18 573
499 500 19 573
499 498 20 573
675 675 1 573
675 675 2 573
675 676 3 573
675 675 6 573
675 676 7 573
675 676 8 573
675 676 10 573
675 676 11 573
675 676 12 573
675 675 17 573
380 380 5 574
380 380 8 574
380 379 9 574
380 379 10 574
380 379 13 574
380 380 14 574
380 380 15 574
380 380 16 574
675 675 1 574
675 676 2 574
675 675 5 574
675 676 6 574
675 676 7 574
675 676 9 574
675 676 10 574
675 676 11 574
675 675 16 574
675 675 20 574
498 501 1 575
498 499 2 575
498 499 3 575
498 500 5 575
498 499 6 575
498 499 11 575
498 455 16 575
498 500 17 575
498 498 18 575
675 676 1 575
675 675 4 575
675 676 5 575
675 676 6 575
675 676 8 575
675 676 9 575
675 676 10 575
675 675 15 575
675 675 19 575
501 499 1 576
501 499 2 576
501 500 4 576
501 499 5 576
501 499 10 576
501 455 15 576
501 500 16 576
501 498 17 576
501 498 20 576
676 675 3 576
676 676 4 576
676 676 5 576
676 676 7 576
676 676 8 576
676 676 9 576
676 675 14 576
676 675 18 576
676 675 20 576
499 499 1 577
499 500 3 577
499 499 4 577
499 499 9 577
499 455 14 577
499 500 15 577
499 498 16 577
499 498 19 577
499 498 20 577
735 735 1 577
735 734 10 577
735 734 11 577
735 734 12 577
735 752 14 577
735 752 15 577
735 734 16 577
735 751 18 577
499 500 2 578
499 499 3 578
499 499 8 578
499 455 13 578
499 500 14 578
499 498 15 578
499 498 18 578
499 498 19 578
735 734 9 578
735 734 10 578
735 734 11 578
735 752 13 578
735 752 14 578
735 734 15 578
735 751 17 578
380 380 3 579
380 379 4 579
380 379 5 579
380 379 8 579
380 380 9 579
380 380 10 579
380 380 11 579
380 379 16 579
380 380 19 579
380 379 20 579
675 676 1 579
675 676 2 579
675 676 4 579
675 676 5 579
675 676 6 579
675 675 11 579
675 675 15 579
675 675 17 579
675 675 18 579
675 675 19 579
675 653 20 579
183 183 16 580
183 183 18 580
500 499 1 580
500 499 6 580
500 455 11 580
500 500 12 580
500 498 13 580
500 498 16 580
500 498 17 580
676 676 1 580
676 676 3 580
676 676 4 580
676 676 5 580
676 675 10 580
676 675 14 580
676 675 16 580
676 675 17 580
676 675 18 580
676 653 19 580
676 675 20 580
499 499 5 581
499 455 10 581
499 500 11 581
499 498 12 581
499 498 15 581
499 498 16 581
676 676 2 581
676 676 3 581
676 676 4 581
676 675 9 581
676 675 13 581
676 675 15 581
676 675 16 581
676 675 17 581
676 653 18 581
676 675 19 581
380 379 1 582
380 379 2 582
380 379 5 582
380 380 6 582
380 380 7 582
380 380 8 582
380 379 13 582
380 380 16 582
380 379 17 582
380 379 18 582
616 616 4 582
616 653 17 582
379 379 1 583
379 379 4 583
379 380 5 583
379 380 6 583
379 380 7 583
379 379 12 583
379 380 15 583
379 379 16 583
379 379 17 583
379 380 20 583
676 676 1 583
676 676 2 583
676 675 7 583
676 675 11 583
676 675 13 583
676 675 14 583
676 675 15 583
676 653 16 583
676 675 17 583
676 675 20 583
379 379 3 584
379 380 4 584
379 380 5 584
379 380 6 584
379 379 11 584
379 380 14 584
379 379 15 584
379 379 16 584
379 380 19 584
379 407 20 584
676 676 1 584
676 675 6 584
676 675 10 584
676 675 12 584
676 675 13 584
676 675 14 584
676 653 15 584
676 675 16 584
676 675 19 584
676 629 20 584
322 322 9 585
322 321 16 585
322 321 17 585
676 675 5 585
676 675 9 585
676 675 11 585
676 675 12 585
676 675 13 585
676 653 14 585
676 675 15 585
676 675 18 585
676 629 19 585
676 676 20 585
499 455 5 586
499 500 6 586
499 498 7 586
499 498 10 586
499 498 11 586
616 653 13 586
616 629 18 586
379 380 1 587
379 380 2 587
379 380 3 587
379 379 8 587
379 380 11 587
379 379 12 587
379 379 13 587
379 380 16 587
379 407 17 587
379 407 18 587
379 380 19 587
734 734 1 587
734 734 2 587
734 752 4 587
734 752 5 587
734 734 6 587
734 751 8 587
734 735 14 587
734 735 15 587
380 380 1 588
380 380 2 588
380 379 7 588
380 380 10 588
380 379 11 588
380 379 12 588
380 380 15 588
380 407 16 588
380 407 17 588
380 380 18 588
380 380 20 588
734 734 1 588
734 752 3 588
734 752 4 588
734 734 5 588
734 751 7 588
734 735 13 588
734 735 14 588
380 380 1 589
380 379 6 589
380 380 9 589
380 379 10 589
380 379 11 589
380 380 14 589
380 407 15 589
380 407 16 589
380 380 17 589
380 380 19 589
734 752 2 589
734 752 3 589
734 734 4 589
734 751 6 589
734 735 12 589
734 735 13 589
380 379 5 590
380 380 8 590
380 379 9 590
380 379 10 590
380 380 13 590
380 407 14 590
380 407 15 590
380 380 16 590
380 380 18 590
675 675 4 590
675 675 6 590
675 675 7 590
675 675 8 590
675 653 9 590
675 675 10 590
675 675 13 590
675 629 14 590
675 676 15 590
675 676 16 590
675 653 17 590
675 675 18 590
675 676 19 590
455 500 1 591
455 498 2 591
455 498 5 591
455 498 6 591
455 407 13 591
455 407 14 591
455 455 16 591
455 499 19 591
752 752 1 591
752 734 2 591
752 751 4 591
752 735 10 591
752 735 11 591
752 734 19 591
500 498 1 592
500 498 4 592
500 498 5 592
500 455 15 592
500 499 18 592
752 734 1 592
752 751 3 592
752 735 9 592
752 735 10 592
752 734 18 592
498 498 3 593
498 498 4 593
498 455 14 593
498 499 17 593
498 499 20 593
734 751 2 593
734 735 8 593
734 735 9 593
734 734 17 593
322 321 7 594
322 321 8 594
322 321 15 594
675 675 2 594
675 675 3 594
675 675 4 594
675 653 5 594
675 675 6 594
675 675 9 594
675 629 10 594
675 676 11 594
675 676 12 594
675 653 13 594
675 675 14 594
675 676 15 594
675 676 17 594
675 676 18 594
675 676 19 594
675 676 20 594
379 380 3 595
379 379 4 595
379 379 5 595
379 380 8 595
379 407 9 595
379 407 10 595
379 380 11 595
379 380 13 595
379 380 16 595
379 406 17 595
379 380 19 595
751 735 6 595
751 735 7 595
751 734 15 595
183 183 2 596
183 183 8 596
183 143 10 596
183 183 16 596
183 144 18 596
183 143 20 596
498 498 1 596
498 455 11 596
498 499 14 596
498 499 17 596
498 499 19 596
675 675 1 596
675 675 2 596
675 653 3 596
675 675 4 596
675 675 7 596
675 629 8 596
675 676 9 596
675 676 10 596
675 653 11 596
675 675 12 596
675 676 13 596
675 676 15 596
675 676 16 596
675 676 17 596
675 676 18 596
675 653 19 596
498 455 10 597
498 499 13 597
498 499 16 597
498 499 18 597
498 499 20 597
675 675 1 597
675 653 2 597
675 675 3 597
675 675 6 597
675 629 7 597
675 676 8 597
675 676 9 597
675 653 10 597
675 675 11 597
675 676 12 597
675 676 14 597
675 676 15 597
675 676 16 597
675 676 17 597
675 653 18 597
675 675 20 597
183 183 6 598
183 143 8 598
183 183 14 598
183 144 16 598
183 143 18 598
380 379 1 598
380 379 2 598
380 380 5 598
380 407 6 598
380 407 7 598
380 380 8 598
380 380 10 598
380 380 13 598
380 406 14 598
380 380 16 598
675 653 1 598
675 675 2 598
675 675 5 598
675 629 6 598
675 676 7 598
675 676 8 598
675 653 9 598
675 675 10 598
675 676 11 598
675 676 13 598
675 676 14 598
675 676 15 598
675 676 16 598
675 653 17 598
675 675 19 598
675 675 20 598
379 379 1 599
379 380 4 599
379 407 5 599
379 407 6 599
379 380 7 599
379 380 9 599
379 380 12 599
379 406 13 599
379 380 15 599
653 675 1 599
653 675 4 599
653 629 5 599
653 676 6 599
653 676 7 599
653 653 8 599
653 675 9 599
653 676 10 599
653 676 12 599
653 676 13 599
653 676 14 599
653 676 15 599
653 653 16 599
653 675 18 599
653 675 19 599
653 675 20 599
379 380 3 600
379 407 4 600
379 407 5 600
379 380 6 600
379 380 8 600
379 380 11 600
379 406 12 600
379 380 14 600
675 675 3 600
675 629 4 600
675 676 5 600
675 676 6 600
675 653 7 600
675 675 8 600
675 676 9 600
675 676 11 600
675 676 12 600
675 676 13 600
675 676 14 600
675 653 15 600
675 675 17 600
675 675 18 600
675 675 19 600
675 676 20 600
55 56 6 601
55 54 8 601
55 56 14 601
321 321 1 601
321 321 8 601
321 321 15 601
735 735 1 601
735 734 9 601
735 735 15 601
321 321 7 602
321 321 14 602
735 734 8 602
735 735 14 602
380 407 1 603
380 407 2 603
380 380 3 603
380 380 5 603
380 380 8 603
380 406 9 603
380 380 11 603
675 629 1 603
675 676 2 603
675 676 3 603
675 653 4 603
675 675 5 603
675 676 6 603
675 676 8 603
675 676 9 603
675 676 10 603
675 676 11 603
675 653 12 603
675 675 14 603
675 675 15 603
675 675 16 603
675 676 17 603
675 675 18 603
675 676 19 603
675 676 20 603
183 143 2 604
183 183 8 604
183 144 10 604
183 143 12 604
183 144 18 604
183 145 20 604
407 407 1 604
407 380 2 604
407 455 3 604
407 380 4 604
407 380 7 604
407 406 8 604
407 380 10 604
629 676 1 604
629 676 2 604
629 653 3 604
629 675 4 604
629 676 5 604
629 676 7 604
629 676 8 604
629 676 9 604
629 676 10 604
629 653 11 604
629 675 13 604
629 675 14 604
629 675 15 604
629 676 16 604
629 675 17 604
629 676 18 604
629 676 19 604
629 676 20 604
407 380 1 605
407 455 2 605
407 380 3 605
407 380 6 605
407 406 7 605
407 380 9 605
676 676 1 605
676 653 2 605
676 675 3 605
676 676 4 605
676 676 6 605
676 676 7 605
676 676 8 605
676 676 9 605
676 653 10 605
676 675 12 605
676 675 13 605
676 675 14 605
676 676 15 605
676 675 16 605
676 676 17 605
676 676 18 605
676 676 19 605
143 183 6 606
143 144 8 606
143 143 10 606
143 144 16 606
143 145 18 606
380 380 2 606
380 380 5 606
380 406 6 606
380 380 8 606
676 653 1 606
676 675 2 606
676 676 3 606
676 676 5 606
676 676 6 606
676 676 7 606
676 676 8 606
676 653 9 606
676 675 11 606
676 675 12 606
676 675 13 606
676 676 14 606
676 675 15 606
676 676 16 606
676 676 17 606
676 676 18 606
676 676 20 606
56 54 2 607
56 56 8 607
455 499 3 607
455 406 5 607
455 499 6 607
455 499 8 607
455 499 10 607
455 501 11 607
455 499 12 607
455 499 13 607
455 499 14 607
455 498 15 607
455 498 16 607
455 497 17 607
455 498 18 607
455 498 19 607
455 498 20 607
653 675 1 607
653 676 2 607
653 676 4 607
653 676 5 607
653 676 6 607
653 676 7 607
653 653 8 607
653 675 10 607
653 675 11 607
653 675 12 607
653 676 13 607
653 675 14 607
653 676 15 607
653 676 16 607
653 676 17 607
653 676 19 607
653 676 20 607
380 380 3 608
380 406 4 608
380 380 6 608
675 676 1 608
675 676 3 608
675 676 4 608
675 676 5 608
675 676 6 608
675 653 7 608
675 675 9 608
675 675 10 608
675 675 11 608
675 676 12 608
675 675 13 608
675 676 14 608
675 676 15 608
675 676 16 608
675 676 18 608
675 676 19 608
675 676 20 608
54 56 6 609
321 321 7 609
676 676 2 609
676 676 3 609
676 676 4 609
676 676 5 609
676 653 6 609
676 675 8 609
676 675 9 609
676 675 10 609
676 676 11 609
676 675 12 609
676 676 13 609
676 676 14 609
676 676 15 609
676 676 17 609
676 676 18 609
676 676 19 609
676 676 20 609
499 499 3 610
499 499 5 610
499 499 7 610
499 501 8 610
499 499 9 610
499 499 10 610
499 499 11 610
499 498 12 610
499 498 13 610
499 497 14 610
499 498 15 610
499 498 16 610
499 498 17 610
499 497 18 610
499 499 19 610
499 498 20 610
734 735 6 610
734 735 15 610
380 406 1 611
380 380 3 611
676 676 1 611
676 676 2 611
676 676 3 611
676 653 4 611
676 675 6 611
676 675 7 611
676 675 8 611
676 676 9 611
676 675 10 611
676 676 11 611
676 676 12 611
676 676 13 611
676 676 15 611
676 676 16 611
676 676 17 611
676 676 18 611
676 676 19 611
183 144 2 612
183 143 4 612
183 144 10 612
183 145 12 612
183 145 19 612
406 380 2 612
676 676 1 612
676 676 2 612
676 653 3 612
676 675 5 612
676 675 6 612
676 675 7 612
676 676 8 612
676 675 9 612
676 676 10 612
676 676 11 612
676 676 12 612
676 676 14 612
676 676 15 612
676 676 16 612
676 676 17 612
676 676 18 612
499 499 2 613
499 499 4 613
499 501 5 613
499 499 6 613
499 499 7 613
499 499 8 613
499 498 9 613
499 498 10 613
499 497 11 613
499 498 12 613
499 498 13 613
499 498 14 613
499 497 15 613
499 499 16 613
499 498 17 613
499 498 18 613
499 498 19 613
499 498 20 613
676 676 1 613
676 653 2 613
676 675 4 613
676 675 5 613
676 675 6 613
676 676 7 613
676 675 8 613
676 676 9 613
676 676 10 613
676 676 11 613
676 676 13 613
676 676 14 613
676 676 15 613
676 676 16 613
676 676 17 613
676 675 20 613
144 143 2 614
144 144 8 614
144 145 10 614
144 145 17 614
676 653 1 614
676 675 3 614
676 675 4 614
676 675 5 614
676 676 6 614
676 675 7 614
676 676 8 614
676 676 9 614
676 676 10 614
676 676 12 614
676 676 13 614
676 676 14 614
676 676 15 614
676 676 16 614
676 675 19 614
676 675 20 614
499 499 2 615
499 501 3 615
499 499 4 615
499 499 5 615
499 499 6 615
499 498 7 615
499 498 8 615
499 497 9 615
499 498 10 615
499 498 11 615
499 498 12 615
499 497 13 615
499 499 14 615
499 498 15 615
499 498 16 615
499 498 17 615
499 498 18 615
499 498 19 615
653 675 2 615
653 675 3 615
653 675 4 615
653 676 5 615
653 675 6 615
653 676 7 615
653 676 8 615
653 676 9 615
653 676 11 615
653 676 12 615
653 676 13 615
653 676 14 615
653 676 15 615
653 675 18 615
653 675 19 615
653 675 20 615
143 144 6 616
143 145 8 616
143 145 15 616
735 735 9 616
735 734 15 616
735 734 16 616
499 501 1 617
499 499 2 617
499 499 3 617
499 499 4 617
499 498 5 617
499 498 6 617
499 497 7 617
499 498 8 617
499 498 9 617
499 498 10 617
499 497 11 617
499 499 12 617
499 498 13 617
499 498 14 617
499 498 15 617
499 498 16 617
499 498 17 617
675 675 1 617
675 675 2 617
675 676 3 617
675 675 4 617
675 676 5 617
675 676 6 617
675 676 7 617
675 676 9 617
675 676 10 617
675 676 11 617
675 676 12 617
675 676 13 617
675 675 16 617
675 675 17 617
675 675 18 617
501 499 1 618
501 499 2 618
501 499 3 618
501 498 4 618
501 498 5 618
501 497 6 618
501 498 7 618
501 498 8 618
501 498 9 618
501 497 10 618
501 499 11 618
501 498 12 618
501 498 13 618
501 498 14 618
501 498 15 618
501 498 16 618
675 675 1 618
675 676 2 618
675 675 3 618
675 676 4 618
675 676 5 618
675 676 6 618
675 676 8 618
675 676 9 618
675 676 10 618
675 676 11 618
675 676 12 618
675 675 15 618
675 675 16 618
675 675 17 618
499 499 1 619
499 499 2 619
499 498 3 619
499 498 4 619
499 497 5 619
499 498 6 619
499 498 7 619
499 498 8 619
499 497 9 619
499 499 10 619
499 498 11 619
499 498 12 619
499 498 13 619
499 498 14 619
499 498 15 619
675 676 1 619
675 675 2 619
675 676 3 619
675 676 4 619
675 676 5 619
675 676 7 619
675 676 8 619
675 676 9 619
675 676 10 619
675 676 11 619
675 675 14 619
675 675 15 619
675 675 16 619
499 499 1 620
499 498 2 620
499 498 3 620
499 497 4 620
499 498 5 620
499 498 6 620
499 498 7 620
499 497 8 620
499 499 9 620
499 498 10 620
499 498 11 620
499 498 12 620
499 498 13 620
499 498 14 620
676 675 1 620
676 676 2 620
676 676 3 620
676 676 4 620
676 676 6 620
676 676 7 620
676 676 8 620
676 676 9 620
676 676 10 620
676 675 13 620
676 675 14 620
676 675 15 620
499 498 1 621
499 498 2 621
499 497 3 621
499 498 4 621
499 498 5 621
499 498 6 621
499 497 7 621
499 499 8 621
499 498 9 621
499 498 10 621
499 498 11 621
499 498 12 621
499 498 13 621
675 676 1 621
675 676 2 621
675 676 3 621
675 676 5 621
675 676 6 621
675 676 7 621
675 676 8 621
675 676 9 621
675 675 12 621
675 675 13 621
675 675 14 621
144 145 2 622
144 145 9 622
498 498 1 622
498 497 2 622
498 498 3 622
498 498 4 622
498 498 5 622
498 497 6 622
498 499 7 622
498 498 8 622
498 498 9 622
498 498 10 622
498 498 11 622
498 498 12 622
676 676 1 622
676 676 2 622
676 676 4 622
676 676 5 622
676 676 6 622
676 676 7 622
676 676 8 622
676 675 11 622
676 675 12 622
676 675 13 622
498 497 1 623
498 498 2 623
498 498 3 623
498 498 4 623
498 497 5 623
498 499 6 623
498 498 7 623
498 498 8 623
498 498 9 623
498 498 10 623
498 498 11 623
676 676 1 623
676 676 3 623
676 676 4 623
676 676 5 623
676 676 6 623
676 676 7 623
676 675 10 623
676 675 11 623
676 675 12 623
145 145 7 624
497 498 1 624
497 498 2 624
497 498 3 624
497 497 4 624
497 499 5 624
497 498 6 624
497 498 7 624
497 498 8 624
497 498 9 624
497 498 10 624
676 676 2 624
676 676 3 624
676 676 4 624
676 676 5 624
676 676 6 624
676 675 9 624
676 675 10 624
676 675 11 624
498 498 1 625
498 498 2 625
498 497 3 625
498 499 4 625
498 498 5 625
498 498 6 625
498 498 7 625
498 498 8 625
498 498 9 625
735 734 6 625
735 734 7 625
498 498 1 626
498 497 2 626
498 499 3 626
498 498 4 626
498 498 5 626
498 498 6 626
498 498 7 626
498 498 8 626
676 676 1 626
676 676 2 626
676 676 3 626
676 676 4 626
676 675 7 626
676 675 8 626
676 675 9 626
498 497 1 627
498 499 2 627
498 498 3 627
498 498 4 627
498 498 5 627
498 498 6 627
498 498 7 627
676 676 1 627
676 676 2 627
676 676 3 627
676 675 6 627
676 675 7 627
676 675 8 627
497 499 1 628
497 498 2 628
497 498 3 628
497 498 4 628
497 498 5 628
497 498 6 628
676 676 1 628
676 676 2 628
676 675 5 628
676 675 6 628
676 675 7 628
499 498 1 629
499 498 2 629
499 498 3 629
499 498 4 629
499 498 5 629
676 676 1 629
676 675 4 629
676 675 5 629
676 675 6 629
498 498 1 630
498 498 2 630
498 498 3 630
498 498 4 630
676 675 3 630
676 675 4 630
676 675 5 630
498 498 1 631
498 498 2 631
498 498 3 631
734 734 1 631
498 498 1 632
498 498 2 632
498 498 1 633
675 675 1 633
675 675 2 633
675 675 1 634
