13 14 7 1
13 15 7 1
13 25 8 1
13 13 22 1
13 26 22 1
13 10 25 1
13 15 25 1
13 13 27 1
13 0 33 1
13 17 33 1
13 0 34 1
13 10 35 1
13 0 36 1
13 0 37 1
13 0 38 1
13 2 39 1
13 10 39 1
13 27 39 1
13 10 40 1
13 25 40 1
13 2 44 1
13 3 44 1
26 14 7 1
26 15 7 1
26 25 8 1
26 13 22 1
26 26 22 1
26 10 25 1
26 15 25 1
26 51 26 1
26 13 27 1
26 0 33 1
26 17 33 1
26 0 34 1
26 10 35 1
26 0 36 1
26 0 37 1
26 0 38 1
26 2 39 1
26 10 39 1
26 27 39 1
26 48 39 1
26 10 40 1
26 25 40 1
26 2 44 1
26 3 44 1
31 14 7 1
31 15 7 1
31 25 8 1
31 13 22 1
31 26 22 1
31 10 25 1
31 15 25 1
31 51 26 1
31 13 27 1
31 17 33 1
31 10 35 1
31 2 39 1
31 10 39 1
31 27 39 1
31 48 39 1
31 10 40 1
31 25 40 1
31 2 44 1
31 3 44 1
77 75 6 1
77 74 7 1
77 64 25 1
77 51 26 1
77 69 26 1
77 77 30 1
77 79 31 1
77 71 32 1
77 65 33 1
77 48 39 1
77 94 41 1
77 94 42 1
77 94 44 1
77 94 45 1
77 65 47 1
77 90 48 1
77 96 51 1
77 87 52 1
168 168 12 1
168 175 13 1
168 166 22 1
168 159 23 1
168 167 26 1
168 167 27 1
168 155 28 1
168 156 30 1
168 139 46 1
168 194 51 1
168 164 52 1
263 292 7 1
263 279 10 1
263 258 14 1
263 233 16 1
263 264 16 1
263 265 22 1
263 263 29 1
263 291 32 1
263 292 33 1
263 238 40 1
263 233 47 1
263 283 51 1
263 287 52 1
10 14 6 2
10 15 6 2
10 25 7 2
10 13 21 2
10 26 21 2
10 10 24 2
10 15 24 2
10 13 26 2
10 0 32 2
10 17 32 2
10 0 33 2
10 10 34 2
10 0 35 2
10 0 36 2
10 0 37 2
10 2 38 2
10 10 38 2
10 27 38 2
10 10 39 2
10 25 39 2
10 2 43 2
10 3 43 2
27 14 6 2
27 15 6 2
27 25 7 2
27 13 21 2
27 26 21 2
27 10 24 2
27 15 24 2
27 51 25 2
27 13 26 2
27 0 32 2
27 17 32 2
27 0 33 2
27 10 34 2
27 0 35 2
27 0 36 2
27 0 37 2
27 2 38 2
27 10 38 2
27 27 38 2
27 48 38 2
27 10 39 2
27 25 39 2
27 2 43 2
27 3 43 2
31 14 6 2
31 15 6 2
31 25 7 2
31 13 21 2
31 26 21 2
31 10 24 2
31 15 24 2
31 51 25 2
31 13 26 2
31 17 32 2
31 10 34 2
31 2 38 2
31 10 38 2
31 27 38 2
31 48 38 2
31 10 39 2
31 25 39 2
31 2 43 2
31 3 43 2
116 109 7 2
116 107 8 2
116 114 9 2
116 131 9 2
116 124 22 2
116 114 26 2
116 119 38 2
116 94 40 2
116 94 41 2
116 94 43 2
116 94 44 2
116 139 45 2
116 90 47 2
116 96 50 2
116 87 51 2
232 231 6 2
232 232 7 2
232 211 8 2
232 258 13 2
232 233 15 2
232 231 16 2
232 231 20 2
232 211 28 2
232 223 31 2
232 232 34 2
232 232 35 2
232 232 38 2
232 238 39 2
232 233 46 2
232 224 47 2
232 231 48 2
312 292 6 2
312 293 10 2
312 327 14 2
312 309 25 2
312 293 29 2
312 291 31 2
312 292 32 2
312 312 38 2
312 312 39 2
312 312 40 2
312 321 48 2
312 283 50 2
312 287 51 2
511 511 7 2
511 494 8 2
511 487 16 2
511 505 18 2
511 505 19 2
511 498 23 2
511 485 24 2
511 506 27 2
511 511 30 2
511 511 31 2
511 498 33 2
511 511 33 2
511 509 34 2
511 511 34 2
511 498 35 2
511 509 36 2
511 509 37 2
511 511 38 2
511 511 39 2
511 498 41 2
511 498 42 2
511 511 42 2
511 509 43 2
511 511 43 2
511 510 44 2
511 511 44 2
511 506 49 2
25 14 5 3
25 15 5 3
25 25 6 3
25 13 20 3
25 26 20 3
25 10 23 3
25 15 23 3
25 51 24 3
25 13 25 3
25 0 31 3
25 17 31 3
25 0 32 3
25 10 33 3
25 0 34 3
25 0 35 3
25 0 36 3
25 2 37 3
25 10 37 3
25 27 37 3
25 48 37 3
25 10 38 3
25 25 38 3
25 2 42 3
25 3 42 3
31 14 5 3
31 15 5 3
31 25 6 3
31 13 20 3
31 26 20 3
31 10 23 3
31 15 23 3
31 51 24 3
31 13 25 3
31 17 31 3
31 10 33 3
31 2 37 3
31 10 37 3
31 27 37 3
31 48 37 3
31 10 38 3
31 25 38 3
31 2 42 3
31 3 42 3
75 75 4 3
75 74 5 3
75 64 23 3
75 51 24 3
75 69 24 3
75 77 28 3
75 79 29 3
75 71 30 3
75 65 31 3
75 48 37 3
75 94 39 3
75 94 40 3
75 94 42 3
75 94 43 3
75 65 45 3
75 90 46 3
75 96 49 3
75 87 50 3
168 168 10 3
168 175 11 3
168 166 20 3
168 159 21 3
168 167 24 3
168 167 25 3
168 155 26 3
168 156 28 3
168 139 44 3
168 194 49 3
168 164 50 3
312 292 5 3
312 293 9 3
312 327 13 3
312 309 24 3
312 293 28 3
312 291 30 3
312 292 31 3
312 312 37 3
312 312 38 3
312 312 39 3
312 321 47 3
312 283 49 3
312 287 50 3
10 14 4 4
10 15 4 4
10 25 5 4
10 13 19 4
10 26 19 4
10 10 22 4
10 15 22 4
10 13 24 4
10 0 30 4
10 17 30 4
10 0 31 4
10 10 32 4
10 0 33 4
10 0 34 4
10 0 35 4
10 2 36 4
10 10 36 4
10 27 36 4
10 10 37 4
10 25 37 4
10 2 41 4
10 3 41 4
232 231 4 4
232 232 5 4
232 211 6 4
232 258 11 4
232 233 13 4
232 231 14 4
232 231 18 4
232 211 26 4
232 223 29 4
232 232 32 4
232 232 33 4
232 232 36 4
232 238 37 4
232 233 44 4
232 224 45 4
232 231 46 4
232 240 52 4
504 475 5 4
504 511 5 4
504 494 6 4
504 487 14 4
504 505 16 4
504 505 17 4
504 498 21 4
504 485 22 4
504 506 25 4
504 511 28 4
504 511 29 4
504 498 31 4
504 511 31 4
504 509 32 4
504 511 32 4
504 498 33 4
504 509 34 4
504 509 35 4
504 511 36 4
504 511 37 4
504 498 39 4
504 498 40 4
504 511 40 4
504 509 41 4
504 511 41 4
504 510 42 4
504 511 42 4
504 506 47 4
511 511 5 4
511 494 6 4
511 487 14 4
511 505 16 4
511 505 17 4
511 498 21 4
511 485 22 4
511 506 25 4
511 511 28 4
511 511 29 4
511 498 31 4
511 511 31 4
511 509 32 4
511 511 32 4
511 498 33 4
511 509 34 4
511 509 35 4
511 511 36 4
511 511 37 4
511 498 39 4
511 498 40 4
511 511 40 4
511 509 41 4
511 511 41 4
511 510 42 4
511 511 42 4
511 506 47 4
504 475 4 5
504 511 4 5
504 494 5 5
504 487 13 5
504 505 15 5
504 505 16 5
504 498 20 5
504 485 21 5
504 506 24 5
504 511 27 5
504 511 28 5
504 498 30 5
504 511 30 5
504 509 31 5
504 511 31 5
504 498 32 5
504 509 33 5
504 509 34 5
504 511 35 5
504 511 36 5
504 498 38 5
504 498 39 5
504 511 39 5
504 509 40 5
504 511 40 5
504 510 41 5
504 511 41 5
504 506 46 5
477 494 4 6
477 487 12 6
477 505 14 6
477 505 15 6
477 498 19 6
477 485 20 6
477 506 23 6
477 447 26 6
477 498 29 6
477 498 31 6
477 498 37 6
477 498 38 6
477 506 45 6
75 64 19 7
75 51 20 7
75 69 20 7
75 77 24 7
75 79 25 7
75 71 26 7
75 65 27 7
75 48 33 7
75 94 35 7
75 94 36 7
75 94 38 7
75 94 39 7
75 65 41 7
75 90 42 7
75 96 45 7
75 87 46 7
75 90 51 7
476 487 11 7
476 505 13 7
476 505 14 7
476 498 18 7
476 485 19 7
476 447 25 7
476 498 28 7
476 498 30 7
476 498 36 7
476 498 37 7
476 460 53 7
14 13 15 8
14 26 15 8
14 10 18 8
14 15 18 8
14 13 20 8
14 0 26 8
14 17 26 8
14 0 27 8
14 10 28 8
14 0 29 8
14 0 30 8
14 0 31 8
14 2 32 8
14 10 32 8
14 27 32 8
14 10 33 8
14 25 33 8
14 2 37 8
14 3 37 8
14 39 50 8
14 16 51 8
14 33 52 8
15 13 15 8
15 26 15 8
15 10 18 8
15 15 18 8
15 13 20 8
15 0 26 8
15 17 26 8
15 0 27 8
15 10 28 8
15 0 29 8
15 0 30 8
15 0 31 8
15 2 32 8
15 10 32 8
15 27 32 8
15 10 33 8
15 25 33 8
15 2 37 8
15 3 37 8
15 39 50 8
15 16 51 8
15 33 52 8
74 64 18 8
74 51 19 8
74 69 19 8
74 77 23 8
74 79 24 8
74 71 25 8
74 65 26 8
74 48 32 8
74 94 34 8
74 94 35 8
74 94 37 8
74 94 38 8
74 65 40 8
74 90 41 8
74 96 44 8
74 87 45 8
74 90 50 8
74 88 53 8
231 258 7 8
231 233 9 8
231 231 10 8
231 231 14 8
231 211 22 8
231 223 25 8
231 232 28 8
231 232 29 8
231 232 32 8
231 238 33 8
231 233 40 8
231 224 41 8
231 231 42 8
231 240 48 8
231 255 50 8
292 293 4 8
292 264 9 8
292 265 15 8
292 309 19 8
292 263 22 8
292 293 23 8
292 291 25 8
292 292 26 8
292 312 32 8
292 312 33 8
292 312 34 8
292 321 42 8
292 283 44 8
292 287 45 8
292 269 48 8
25 13 14 9
25 26 14 9
25 10 17 9
25 15 17 9
25 51 18 9
25 13 19 9
25 0 25 9
25 17 25 9
25 0 26 9
25 10 27 9
25 0 28 9
25 0 29 9
25 0 30 9
25 2 31 9
25 10 31 9
25 27 31 9
25 48 31 9
25 10 32 9
25 25 32 9
25 2 36 9
25 3 36 9
25 39 49 9
25 16 50 9
25 33 51 9
109 124 15 9
109 114 19 9
109 79 23 9
109 119 31 9
109 94 33 9
109 94 34 9
109 94 36 9
109 94 37 9
109 90 40 9
109 96 43 9
109 87 44 9
109 137 48 9
109 90 49 9
109 88 52 9
109 106 53 9
232 258 6 9
232 233 8 9
232 231 9 9
232 231 13 9
232 211 21 9
232 223 24 9
232 232 27 9
232 232 28 9
232 232 31 9
232 238 32 9
232 233 39 9
232 224 40 9
232 231 41 9
232 240 47 9
232 255 49 9
475 487 9 9
475 498 16 9
475 485 17 9
475 447 23 9
475 498 26 9
475 498 28 9
475 498 34 9
475 498 35 9
475 460 51 9
511 487 9 9
511 505 11 9
511 505 12 9
511 498 16 9
511 485 17 9
511 506 20 9
511 511 23 9
511 511 24 9
511 498 26 9
511 511 26 9
511 509 27 9
511 511 27 9
511 498 28 9
511 509 29 9
511 509 30 9
511 511 31 9
511 511 32 9
511 498 34 9
511 498 35 9
511 511 35 9
511 509 36 9
511 511 36 9
511 510 37 9
511 511 37 9
511 506 42 9
107 124 14 10
107 114 18 10
107 77 21 10
107 79 22 10
107 119 30 10
107 94 32 10
107 94 33 10
107 94 35 10
107 94 36 10
107 90 39 10
107 96 42 10
107 87 43 10
107 90 48 10
107 88 51 10
107 106 52 10
107 127 53 10
211 233 7 10
211 231 8 10
211 231 12 10
211 211 20 10
211 223 23 10
211 232 26 10
211 232 27 10
211 232 30 10
211 238 31 10
211 233 38 10
211 224 39 10
211 231 40 10
211 194 42 10
211 240 46 10
494 487 8 10
494 505 10 10
494 505 11 10
494 498 15 10
494 485 16 10
494 506 19 10
494 511 22 10
494 511 23 10
494 498 25 10
494 511 25 10
494 509 26 10
494 511 26 10
494 498 27 10
494 509 28 10
494 509 29 10
494 511 30 10
494 511 31 10
494 498 33 10
494 498 34 10
494 511 34 10
494 509 35 10
494 511 35 10
494 510 36 10
494 511 36 10
494 506 41 10
494 497 53 10
114 124 13 11
114 114 17 11
114 119 29 11
114 94 31 11
114 94 32 11
114 94 34 11
114 94 35 11
114 139 36 11
114 90 38 11
114 96 41 11
114 87 42 11
114 137 46 11
114 90 47 11
114 88 50 11
114 106 51 11
114 127 52 11
131 124 13 11
131 159 13 11
131 114 17 11
131 155 18 11
131 156 20 11
131 119 29 11
131 139 36 11
131 137 46 11
131 146 47 11
131 106 51 11
131 127 52 11
279 258 4 11
279 264 6 11
279 265 12 11
279 263 19 11
279 293 20 11
279 291 22 11
279 292 23 11
279 283 41 11
279 287 42 11
279 269 45 11
279 255 47 11
279 301 53 11
293 264 5 12
293 265 11 12
293 309 15 12
293 263 18 12
293 293 19 12
293 291 21 12
293 292 22 12
293 312 28 12
293 312 29 12
293 312 30 12
293 321 38 12
293 283 40 12
293 287 41 12
293 269 44 12
293 301 52 12
168 166 10 13
168 159 11 13
168 167 14 13
168 167 15 13
168 155 16 13
168 156 18 13
168 139 34 13
168 194 39 13
168 164 40 13
168 146 45 13
403 420 9 13
403 398 36 13
403 383 49 13
403 390 53 13
175 166 9 14
175 159 10 14
175 167 13 14
175 167 14 14
175 155 15 14
175 156 17 14
175 194 38 14
175 164 39 14
175 146 44 14
175 203 51 14
410 420 8 14
410 398 35 14
410 383 48 14
410 390 52 14
410 394 53 14
258 231 7 15
258 265 8 15
258 263 15 15
258 232 21 15
258 232 22 15
258 232 25 15
258 238 26 15
258 233 33 15
258 231 35 15
258 283 37 15
258 287 38 15
258 240 41 15
258 269 41 15
258 255 43 15
327 309 11 16
327 342 12 16
327 312 24 16
327 312 25 16
327 312 26 16
327 321 34 16
327 345 41 16
327 347 43 16
327 330 45 16
327 301 48 16
327 356 49 16
233 231 5 17
233 211 13 17
233 223 16 17
233 232 19 17
233 232 20 17
233 232 23 17
233 238 24 17
233 233 31 17
233 224 32 17
233 231 33 17
233 240 39 17
233 255 41 17
233 214 47 17
233 203 48 17
264 265 6 17
264 263 13 17
264 293 14 17
264 291 16 17
264 292 17 17
264 238 24 17
264 283 35 17
264 287 36 17
264 240 39 17
264 269 39 17
264 255 41 17
231 231 4 18
231 211 12 18
231 223 15 18
231 232 18 18
231 232 19 18
231 232 22 18
231 238 23 18
231 233 30 18
231 224 31 18
231 231 32 18
231 240 38 18
231 255 40 18
231 214 46 18
231 203 47 18
487 498 7 18
487 485 8 18
487 506 11 18
487 511 14 18
487 511 15 18
487 498 17 18
487 511 17 18
487 509 18 18
487 511 18 18
487 498 19 18
487 509 20 18
487 509 21 18
487 511 22 18
487 511 23 18
487 498 25 18
487 498 26 18
487 511 26 18
487 509 27 18
487 511 27 18
487 510 28 18
487 511 28 18
487 506 33 18
487 460 42 18
487 497 45 18
487 511 48 18
487 497 50 18
487 498 51 18
487 497 52 18
505 498 5 20
505 485 6 20
505 506 9 20
505 511 12 20
505 511 13 20
505 498 15 20
505 511 15 20
505 509 16 20
505 511 16 20
505 498 17 20
505 509 18 20
505 509 19 20
505 511 20 20
505 511 21 20
505 498 23 20
505 498 24 20
505 511 24 20
505 509 25 20
505 511 25 20
505 510 26 20
505 511 26 20
505 506 31 20
505 497 43 20
505 511 46 20
505 497 48 20
505 498 49 20
505 497 50 20
505 498 4 21
505 485 5 21
505 506 8 21
505 511 11 21
505 511 12 21
505 498 14 21
505 511 14 21
505 509 15 21
505 511 15 21
505 498 16 21
505 509 17 21
505 509 18 21
505 511 19 21
505 511 20 21
505 498 22 21
505 498 23 21
505 511 23 21
505 509 24 21
505 511 24 21
505 510 25 21
505 511 25 21
505 506 30 21
505 497 42 21
505 511 45 21
505 497 47 21
505 498 48 21
505 497 49 21
505 483 53 21
231 211 8 22
231 223 11 22
231 232 14 22
231 232 15 22
231 232 18 22
231 238 19 22
231 233 26 22
231 224 27 22
231 231 28 22
231 240 34 22
231 255 36 22
231 214 42 22
231 203 43 22
420 447 10 22
420 441 26 22
420 398 27 22
420 390 44 22
420 394 45 22
13 13 5 23
13 0 11 23
13 17 11 23
13 0 12 23
13 10 13 23
13 0 14 23
13 0 15 23
13 0 16 23
13 2 17 23
13 10 17 23
13 27 17 23
13 10 18 23
13 25 18 23
13 2 22 23
13 3 22 23
13 39 35 23
13 16 36 23
13 33 37 23
13 30 42 23
13 39 42 23
13 10 43 23
13 28 43 23
13 31 43 23
26 51 4 23
26 13 5 23
26 0 11 23
26 17 11 23
26 0 12 23
26 10 13 23
26 0 14 23
26 0 15 23
26 0 16 23
26 2 17 23
26 10 17 23
26 27 17 23
26 48 17 23
26 10 18 23
26 25 18 23
26 2 22 23
26 3 22 23
26 39 35 23
26 16 36 23
26 33 37 23
26 30 42 23
26 39 42 23
26 10 43 23
26 28 43 23
26 31 43 23
166 167 4 23
166 167 5 23
166 155 6 23
166 156 8 23
166 139 24 23
166 194 29 23
166 164 30 23
166 137 34 23
166 146 35 23
166 158 52 23
265 263 7 23
265 293 8 23
265 291 10 23
265 292 11 23
265 238 18 23
265 283 29 23
265 287 30 23
265 240 33 23
265 269 33 23
265 255 35 23
124 114 4 24
124 119 16 24
124 94 18 24
124 94 19 24
124 94 21 24
124 94 22 24
124 139 23 24
124 96 28 24
124 137 33 24
124 146 34 24
124 106 38 24
124 127 39 24
159 167 4 24
159 155 5 24
159 156 7 24
159 139 23 24
159 164 29 24
159 137 33 24
159 146 34 24
159 158 51 24
498 506 4 25
498 511 7 25
498 511 8 25
498 498 10 25
498 511 10 25
498 509 11 25
498 511 11 25
498 498 12 25
498 509 13 25
498 509 14 25
498 511 15 25
498 511 16 25
498 498 18 25
498 498 19 25
498 511 19 25
498 509 20 25
498 511 20 25
498 510 21 25
498 511 21 25
498 506 26 25
498 497 38 25
498 511 41 25
498 497 43 25
498 498 44 25
498 497 45 25
498 483 49 25
498 511 50 25
498 511 51 25
498 469 52 25
498 488 53 25
498 511 53 25
10 0 8 26
10 17 8 26
10 0 9 26
10 10 10 26
10 0 11 26
10 0 12 26
10 0 13 26
10 2 14 26
10 10 14 26
10 27 14 26
10 10 15 26
10 25 15 26
10 2 19 26
10 3 19 26
10 39 32 26
10 16 33 26
10 33 34 26
10 30 39 26
10 39 39 26
10 10 40 26
10 28 40 26
10 31 40 26
10 10 53 26
10 25 53 26
15 0 8 26
15 17 8 26
15 0 9 26
15 10 10 26
15 0 11 26
15 0 12 26
15 0 13 26
15 2 14 26
15 10 14 26
15 27 14 26
15 10 15 26
15 25 15 26
15 2 19 26
15 3 19 26
15 39 32 26
15 16 33 26
15 33 34 26
15 30 39 26
15 39 39 26
15 10 40 26
15 28 40 26
15 31 40 26
15 10 53 26
15 25 53 26
64 77 5 26
64 79 6 26
64 71 7 26
64 65 8 26
64 48 14 26
64 65 22 26
64 90 23 26
64 87 27 26
64 39 32 26
64 90 32 26
64 88 35 26
64 75 37 26
64 39 39 26
64 76 39 26
64 90 44 26
64 90 49 26
64 90 50 26
485 511 6 26
485 511 7 26
485 498 9 26
485 511 9 26
485 509 10 26
485 511 10 26
485 498 11 26
485 509 12 26
485 509 13 26
485 511 14 26
485 511 15 26
485 498 17 26
485 498 18 26
485 511 18 26
485 509 19 26
485 511 19 26
485 510 20 26
485 511 20 26
485 506 25 26
485 460 34 26
485 497 37 26
485 511 40 26
485 497 42 26
485 498 43 26
485 497 44 26
485 483 48 26
485 511 49 26
485 511 50 26
485 469 51 26
485 488 52 26
485 511 52 26
51 77 4 27
51 79 5 27
51 71 6 27
51 65 7 27
51 27 13 27
51 48 13 27
51 25 14 27
51 65 21 27
51 39 31 27
51 33 33 27
51 75 36 27
51 30 38 27
51 39 38 27
51 76 38 27
51 28 39 27
51 31 39 27
51 25 52 27
51 26 53 27
69 77 4 27
69 79 5 27
69 71 6 27
69 65 7 27
69 48 13 27
69 94 15 27
69 94 16 27
69 94 18 27
69 94 19 27
69 65 21 27
69 90 22 27
69 96 25 27
69 87 26 27
69 39 31 27
69 90 31 27
69 88 34 27
69 75 36 27
69 39 38 27
69 76 38 27
69 90 43 27
69 90 48 27
69 90 49 27
167 156 4 27
167 139 20 27
167 194 25 27
167 164 26 27
167 137 30 27
167 146 31 27
167 158 48 27
309 293 4 27
309 291 6 27
309 292 7 27
309 312 13 27
309 312 14 27
309 312 15 27
309 321 23 27
309 283 25 27
309 287 26 27
309 330 34 27
309 301 37 27
309 303 45 27
309 302 46 27
13 0 6 28
13 17 6 28
13 0 7 28
13 10 8 28
13 0 9 28
13 0 10 28
13 0 11 28
13 2 12 28
13 10 12 28
13 27 12 28
13 10 13 28
13 25 13 28
13 2 17 28
13 3 17 28
13 39 30 28
13 16 31 28
13 33 32 28
13 30 37 28
13 39 37 28
13 10 38 28
13 28 38 28
13 31 38 28
13 10 51 28
13 25 51 28
13 26 52 28
114 119 12 28
114 94 14 28
114 94 15 28
114 94 17 28
114 94 18 28
114 139 19 28
114 90 21 28
114 96 24 28
114 87 25 28
114 137 29 28
114 90 30 28
114 88 33 28
114 106 34 28
114 127 35 28
114 90 42 28
114 90 47 28
114 90 48 28
114 125 52 28
114 124 53 28
167 139 19 28
167 194 24 28
167 164 25 28
167 137 29 28
167 146 30 28
167 158 47 28
342 312 12 28
342 312 13 28
342 312 14 28
342 321 22 28
342 345 29 28
342 347 31 28
342 330 33 28
342 356 37 28
342 360 47 28
342 362 48 28
155 139 18 29
155 164 24 29
155 137 28 29
155 146 29 29
155 127 34 29
155 158 46 29
155 125 51 29
155 165 53 29
506 511 4 29
506 498 6 29
506 511 6 29
506 509 7 29
506 511 7 29
506 498 8 29
506 509 9 29
506 509 10 29
506 511 11 29
506 511 12 29
506 498 14 29
506 498 15 29
506 511 15 29
506 509 16 29
506 511 16 29
506 510 17 29
506 511 17 29
506 506 22 29
506 497 34 29
506 511 37 29
506 497 39 29
506 498 40 29
506 497 41 29
506 483 45 29
506 511 46 29
506 511 47 29
506 488 49 29
506 511 49 29
211 232 6 30
211 232 7 30
211 232 10 30
211 238 11 30
211 233 18 30
211 224 19 30
211 231 20 30
211 194 22 30
211 240 26 30
211 214 34 30
211 203 35 30
211 213 50 30
211 213 51 30
263 292 4 30
263 238 11 30
263 233 18 30
263 283 22 30
263 287 23 30
263 240 26 30
263 269 26 30
263 255 28 30
77 48 9 31
77 94 11 31
77 94 12 31
77 94 14 31
77 94 15 31
77 65 17 31
77 90 18 31
77 96 21 31
77 87 22 31
77 90 27 31
77 88 30 31
77 106 31 31
77 75 32 31
77 76 34 31
77 90 39 31
77 90 44 31
77 90 45 31
156 139 16 31
156 164 22 31
156 137 26 31
156 146 27 31
156 127 32 31
156 158 44 31
156 165 51 31
156 168 52 31
293 312 9 31
293 312 10 31
293 312 11 31
293 321 19 31
293 283 21 31
293 287 22 31
293 269 25 31
293 301 33 31
293 303 41 31
293 302 42 31
79 94 10 32
79 94 11 32
79 94 13 32
79 94 14 32
79 65 16 32
79 90 17 32
79 96 20 32
79 87 21 32
79 90 26 32
79 88 29 32
79 106 30 32
79 75 31 32
79 76 33 32
79 90 38 32
79 90 43 32
79 90 44 32
447 441 16 32
447 460 28 32
447 469 45 32
447 443 52 32
511 509 4 32
511 511 4 32
511 498 5 32
511 509 6 32
511 509 7 32
511 511 8 32
511 511 9 32
511 498 11 32
511 498 12 32
511 511 12 32
511 509 13 32
511 511 13 32
511 510 14 32
511 511 14 32
511 506 19 32
511 497 31 32
511 511 34 32
511 497 36 32
511 498 37 32
511 497 38 32
511 483 42 32
511 511 43 32
511 511 44 32
511 488 46 32
511 511 46 32
511 489 53 32
71 48 7 33
71 94 9 33
71 94 10 33
71 94 12 33
71 94 13 33
71 65 15 33
71 90 16 33
71 96 19 33
71 87 20 33
71 90 25 33
71 88 28 33
71 75 30 33
71 76 32 33
71 90 37 33
71 90 42 33
71 90 43 33
223 232 4 33
223 232 7 33
223 238 8 33
223 233 15 33
223 224 16 33
223 231 17 33
223 194 19 33
223 240 23 33
223 214 31 33
223 203 32 33
223 213 47 33
223 213 48 33
223 250 51 33
291 312 7 33
291 312 8 33
291 312 9 33
291 283 19 33
291 287 20 33
291 269 23 33
291 301 31 33
291 303 39 33
291 302 40 33
511 498 4 33
511 509 5 33
511 509 6 33
511 511 7 33
511 511 8 33
511 498 10 33
511 498 11 33
511 511 11 33
511 509 12 33
511 511 12 33
511 510 13 33
511 511 13 33
511 506 18 33
511 497 30 33
511 511 33 33
511 497 35 33
511 498 36 33
511 497 37 33
511 483 41 33
511 511 42 33
511 511 43 33
511 488 45 33
511 511 45 33
511 489 52 33
511 488 53 33
0 0 4 34
0 0 5 34
0 2 6 34
0 10 6 34
0 27 6 34
0 10 7 34
0 25 7 34
0 2 11 34
0 3 11 34
0 16 25 34
0 10 32 34
0 28 32 34
0 10 45 34
0 25 45 34
0 26 46 34
17 0 4 34
17 0 5 34
17 2 6 34
17 10 6 34
17 27 6 34
17 10 7 34
17 25 7 34
17 2 11 34
17 3 11 34
17 39 24 34
17 16 25 34
17 33 26 34
17 30 31 34
17 39 31 34
17 10 32 34
17 28 32 34
17 31 32 34
17 10 45 34
17 25 45 34
17 26 46 34
65 48 6 34
65 94 8 34
65 94 9 34
65 94 11 34
65 94 12 34
65 65 14 34
65 90 15 34
65 87 19 34
65 39 24 34
65 90 24 34
65 88 27 34
65 75 29 34
65 39 31 34
65 76 31 34
65 90 36 34
65 90 41 34
65 90 42 34
292 312 6 34
292 312 7 34
292 312 8 34
292 321 16 34
292 283 18 34
292 287 19 34
292 269 22 34
292 301 30 34
292 303 38 34
292 302 39 34
0 0 4 35
0 2 5 35
0 10 5 35
0 27 5 35
0 10 6 35
0 25 6 35
0 2 10 35
0 3 10 35
0 16 24 35
0 10 31 35
0 28 31 35
0 10 44 35
0 25 44 35
0 26 45 35
498 509 4 35
498 511 5 35
498 511 6 35
498 498 8 35
498 498 9 35
498 511 9 35
498 509 10 35
498 511 10 35
498 510 11 35
498 511 11 35
498 506 16 35
498 497 28 35
498 511 31 35
498 497 33 35
498 498 34 35
498 497 35 35
498 483 39 35
498 511 40 35
498 511 41 35
498 469 42 35
498 488 43 35
498 511 43 35
498 489 50 35
498 488 51 35
498 490 52 35
498 487 53 35
511 509 4 35
511 511 5 35
511 511 6 35
511 498 8 35
511 498 9 35
511 511 9 35
511 509 10 35
511 511 10 35
511 510 11 35
511 511 11 35
511 506 16 35
511 497 28 35
511 511 31 35
511 497 33 35
511 498 34 35
511 497 35 35
511 483 39 35
511 511 40 35
511 511 41 35
511 488 43 35
511 511 43 35
511 489 50 35
511 488 51 35
511 490 52 35
511 487 53 35
10 2 4 36
10 10 4 36
10 27 4 36
10 10 5 36
10 25 5 36
10 2 9 36
10 3 9 36
10 39 22 36
10 16 23 36
10 33 24 36
10 30 29 36
10 39 29 36
10 10 30 36
10 28 30 36
10 31 30 36
10 10 43 36
10 25 43 36
10 26 44 36
232 232 4 36
232 238 5 36
232 233 12 36
232 224 13 36
232 231 14 36
232 240 20 36
232 255 22 36
232 214 28 36
232 203 29 36
232 213 44 36
232 213 45 36
232 250 48 36
232 231 51 36
509 511 4 36
509 511 5 36
509 498 7 36
509 498 8 36
509 511 8 36
509 509 9 36
509 511 9 36
509 510 10 36
509 511 10 36
509 506 15 36
509 497 27 36
509 511 30 36
509 497 32 36
509 498 33 36
509 497 34 36
509 483 38 36
509 511 39 36
509 511 40 36
509 488 42 36
509 511 42 36
509 489 49 36
509 488 50 36
509 490 51 36
509 487 52 36
511 511 4 36
511 511 5 36
511 498 7 36
511 498 8 36
511 511 8 36
511 509 9 36
511 511 9 36
511 510 10 36
511 511 10 36
511 506 15 36
511 497 27 36
511 511 30 36
511 497 32 36
511 498 33 36
511 497 34 36
511 483 38 36
511 511 39 36
511 511 40 36
511 488 42 36
511 511 42 36
511 489 49 36
511 488 50 36
511 490 51 36
511 487 52 36
0 10 4 37
0 25 4 37
0 2 8 37
0 3 8 37
0 16 22 37
0 10 29 37
0 28 29 37
0 10 42 37
0 25 42 37
0 26 43 37
232 238 4 37
232 233 11 37
232 224 12 37
232 231 13 37
232 240 19 37
232 255 21 37
232 214 27 37
232 203 28 37
232 213 43 37
232 213 44 37
232 250 47 37
232 231 50 37
498 511 4 37
498 498 6 37
498 498 7 37
498 511 7 37
498 509 8 37
498 511 8 37
498 510 9 37
498 511 9 37
498 506 14 37
498 497 26 37
498 511 29 37
498 497 31 37
498 498 32 37
498 497 33 37
498 483 37 37
498 511 38 37
498 511 39 37
498 469 40 37
498 488 41 37
498 511 41 37
498 489 48 37
498 488 49 37
498 490 50 37
498 487 51 37
0 2 7 38
0 3 7 38
0 16 21 38
0 10 28 38
0 28 28 38
0 10 41 38
0 25 41 38
0 26 42 38
509 498 5 38
509 498 6 38
509 511 6 38
509 509 7 38
509 511 7 38
509 510 8 38
509 511 8 38
509 506 13 38
509 497 25 38
509 511 28 38
509 497 30 38
509 498 31 38
509 497 32 38
509 483 36 38
509 511 37 38
509 511 38 38
509 488 40 38
509 511 40 38
509 489 47 38
509 488 48 38
509 490 49 38
509 487 50 38
0 2 6 39
0 3 6 39
0 16 20 39
0 10 27 39
0 28 27 39
0 10 40 39
0 25 40 39
0 26 41 39
0 27 53 39
509 498 4 39
509 498 5 39
509 511 5 39
509 509 6 39
509 511 6 39
509 510 7 39
509 511 7 39
509 506 12 39
509 497 24 39
509 511 27 39
509 497 29 39
509 498 30 39
509 497 31 39
509 483 35 39
509 511 36 39
509 511 37 39
509 488 39 39
509 511 39 39
509 489 46 39
509 488 47 39
509 490 48 39
509 487 49 39
509 503 53 39
509 511 53 39
2 2 5 40
2 3 5 40
2 16 19 40
2 30 25 40
2 10 26 40
2 28 26 40
2 31 26 40
2 10 39 40
2 25 39 40
2 26 40 40
2 27 52 40
10 2 5 40
10 3 5 40
10 39 18 40
10 16 19 40
10 33 20 40
10 30 25 40
10 39 25 40
10 10 26 40
10 28 26 40
10 31 26 40
10 10 39 40
10 25 39 40
10 26 40 40
10 27 52 40
27 2 5 40
27 3 5 40
27 39 18 40
27 16 19 40
27 33 20 40
27 30 25 40
27 39 25 40
27 10 26 40
27 28 26 40
27 31 26 40
27 10 39 40
27 25 39 40
27 26 40 40
27 27 52 40
48 65 8 40
48 39 18 40
48 33 20 40
48 75 23 40
48 30 25 40
48 39 25 40
48 76 25 40
48 28 26 40
48 31 26 40
48 25 39 40
48 26 40 40
48 65 49 40
48 64 50 40
48 27 52 40
119 94 5 40
119 94 6 40
119 139 7 40
119 90 9 40
119 96 12 40
119 137 17 40
119 90 18 40
119 146 18 40
119 106 22 40
119 127 23 40
119 90 30 40
119 90 35 40
119 90 36 40
119 125 40 40
119 124 41 40
232 233 8 40
232 224 9 40
232 231 10 40
232 240 16 40
232 255 18 40
232 214 24 40
232 203 25 40
232 213 40 40
232 213 41 40
232 250 44 40
232 231 47 40
232 231 51 40
312 321 10 40
312 283 12 40
312 287 13 40
312 330 21 40
312 301 24 40
312 303 32 40
312 302 33 40
312 334 43 40
511 498 4 40
511 511 4 40
511 509 5 40
511 511 5 40
511 510 6 40
511 511 6 40
511 506 11 40
511 497 23 40
511 511 26 40
511 497 28 40
511 498 29 40
511 497 30 40
511 483 34 40
511 511 35 40
511 511 36 40
511 488 38 40
511 511 38 40
511 489 45 40
511 488 46 40
511 490 47 40
511 487 48 40
511 503 52 40
511 511 52 40
511 497 53 40
511 511 53 40
10 2 4 41
10 3 4 41
10 39 17 41
10 16 18 41
10 33 19 41
10 30 24 41
10 39 24 41
10 10 25 41
10 28 25 41
10 31 25 41
10 10 38 41
10 25 38 41
10 26 39 41
10 27 51 41
25 2 4 41
25 3 4 41
25 39 17 41
25 16 18 41
25 33 19 41
25 30 24 41
25 39 24 41
25 10 25 41
25 28 25 41
25 31 25 41
25 10 38 41
25 25 38 41
25 26 39 41
25 27 51 41
238 233 7 41
238 224 8 41
238 231 9 41
238 240 15 41
238 255 17 41
238 214 23 41
238 213 39 41
238 213 40 41
238 250 43 41
238 231 46 41
238 231 50 41
312 321 9 41
312 283 11 41
312 287 12 41
312 330 20 41
312 301 23 41
312 303 31 41
312 302 32 41
312 334 42 41
511 509 4 41
511 511 4 41
511 510 5 41
511 511 5 41
511 506 10 41
511 497 22 41
511 511 25 41
511 497 27 41
511 498 28 41
511 497 29 41
511 483 33 41
511 511 34 41
511 511 35 41
511 488 37 41
511 511 37 41
511 489 44 41
511 488 45 41
511 490 46 41
511 487 47 41
511 503 51 41
511 511 51 41
511 497 52 41
511 511 52 41
94 94 4 42
94 65 6 42
94 90 7 42
94 96 10 42
94 87 11 42
94 90 16 42
94 88 19 42
94 106 20 42
94 75 21 42
94 76 23 42
94 90 28 42
94 90 33 42
94 90 34 42
94 65 47 42
94 64 48 42
94 64 53 42
312 321 8 42
312 283 10 42
312 287 11 42
312 330 19 42
312 301 22 42
312 303 30 42
312 302 31 42
312 334 41 42
94 65 5 43
94 90 6 43
94 96 9 43
94 87 10 43
94 90 15 43
94 88 18 43
94 106 19 43
94 75 20 43
94 76 22 43
94 90 27 43
94 90 32 43
94 90 33 43
94 65 46 43
94 64 47 43
94 64 52 43
498 506 8 43
498 497 20 43
498 511 23 43
498 497 25 43
498 498 26 43
498 497 27 43
498 483 31 43
498 511 32 43
498 511 33 43
498 469 34 43
498 488 35 43
498 511 35 43
498 489 42 43
498 488 43 43
498 490 44 43
498 487 45 43
498 503 49 43
498 511 49 43
498 497 50 43
498 511 50 43
498 506 7 44
498 497 19 44
498 511 22 44
498 497 24 44
498 498 25 44
498 497 26 44
498 483 30 44
498 511 31 44
498 511 32 44
498 469 33 44
498 488 34 44
498 511 34 44
498 489 41 44
498 488 42 44
498 490 43 44
498 487 44 44
498 503 48 44
498 511 48 44
498 497 49 44
498 511 49 44
511 506 7 44
511 497 19 44
511 511 22 44
511 497 24 44
511 498 25 44
511 497 26 44
511 483 30 44
511 511 31 44
511 511 32 44
511 488 34 44
511 511 34 44
511 489 41 44
511 488 42 44
511 490 43 44
511 487 44 44
511 503 48 44
511 511 48 44
511 497 49 44
511 511 49 44
2 16 14 45
2 30 20 45
2 10 21 45
2 28 21 45
2 31 21 45
2 10 34 45
2 25 34 45
2 26 35 45
2 27 47 45
2 26 53 45
3 16 14 45
3 30 20 45
3 10 21 45
3 28 21 45
3 31 21 45
3 10 34 45
3 25 34 45
3 26 35 45
3 27 47 45
3 32 52 45
3 26 53 45
94 90 4 45
94 96 7 45
94 87 8 45
94 90 13 45
94 88 16 45
94 106 17 45
94 75 18 45
94 76 20 45
94 90 25 45
94 90 30 45
94 90 31 45
94 65 44 45
94 64 45 45
94 64 50 45
94 92 53 45
509 506 6 45
509 497 18 45
509 511 21 45
509 497 23 45
509 498 24 45
509 497 25 45
509 483 29 45
509 511 30 45
509 511 31 45
509 488 33 45
509 511 33 45
509 489 40 45
509 488 41 45
509 490 42 45
509 487 43 45
509 503 47 45
509 511 47 45
509 497 48 45
509 511 48 45
511 506 6 45
511 497 18 45
511 511 21 45
511 497 23 45
511 498 24 45
511 497 25 45
511 483 29 45
511 511 30 45
511 511 31 45
511 488 33 45
511 511 33 45
511 489 40 45
511 488 41 45
511 490 42 45
511 487 43 45
511 503 47 45
511 511 47 45
511 497 48 45
511 511 48 45
94 96 6 46
94 87 7 46
94 90 12 46
94 88 15 46
94 106 16 46
94 75 17 46
94 76 19 46
94 90 24 46
94 90 29 46
94 90 30 46
94 65 43 46
94 64 44 46
94 64 49 46
94 92 52 46
510 506 5 46
510 497 17 46
510 511 20 46
510 497 22 46
510 498 23 46
510 497 24 46
510 483 28 46
510 511 29 46
510 511 30 46
510 488 32 46
510 511 32 46
510 489 39 46
510 488 40 46
510 490 41 46
510 487 42 46
510 503 46 46
510 511 46 46
510 497 47 46
510 511 47 46
511 506 5 46
511 497 17 46
511 511 20 46
511 497 22 46
511 498 23 46
511 497 24 46
511 483 28 46
511 511 29 46
511 511 30 46
511 488 32 46
511 511 32 46
511 489 39 46
511 488 40 46
511 490 41 46
511 487 42 46
511 503 46 46
511 511 46 46
511 497 47 46
511 511 47 46
139 164 6 47
139 137 10 47
139 146 11 47
139 127 16 47
139 158 28 47
139 125 33 47
139 124 34 47
139 165 35 47
139 168 36 47
139 134 52 47
65 87 5 48
65 39 10 48
65 90 10 48
65 88 13 48
65 75 15 48
65 39 17 48
65 76 17 48
65 90 22 48
65 90 27 48
65 90 28 48
65 65 41 48
65 64 42 48
65 64 47 48
65 38 50 48
65 92 50 48
65 49 52 48
65 63 52 48
233 240 8 48
233 255 10 48
233 214 16 48
233 203 17 48
233 213 32 48
233 213 33 48
233 250 36 48
233 231 39 48
233 231 43 48
233 238 53 48
441 460 12 48
441 469 29 48
441 443 36 48
441 443 41 48
441 441 43 48
441 412 47 48
441 417 53 48
90 87 4 49
90 90 9 49
90 88 12 49
90 106 13 49
90 75 14 49
90 76 16 49
90 90 21 49
90 90 26 49
90 90 27 49
90 65 40 49
90 64 41 49
90 64 46 49
90 92 49 49
90 63 51 49
90 95 52 49
90 75 53 49
224 240 7 49
224 214 15 49
224 203 16 49
224 213 31 49
224 213 32 49
224 250 35 49
224 231 38 49
224 231 42 49
224 238 52 49
398 383 13 49
398 390 17 49
398 394 18 49
398 380 30 49
398 390 31 49
398 397 32 49
398 398 33 49
398 404 45 49
398 412 46 49
398 385 48 49
398 391 49 49
398 417 52 49
231 240 6 50
231 255 8 50
231 214 14 50
231 203 15 50
231 213 30 50
231 213 31 50
231 250 34 50
231 231 37 50
231 231 41 50
231 238 51 50
231 239 53 50
321 345 7 50
321 347 9 50
321 330 11 50
321 301 14 50
321 303 22 50
321 302 23 50
321 334 33 50
321 294 49 50
506 497 12 51
506 511 15 51
506 497 17 51
506 498 18 51
506 497 19 51
506 483 23 51
506 511 24 51
506 511 25 51
506 488 27 51
506 511 27 51
506 489 34 51
506 488 35 51
506 490 36 51
506 487 37 51
506 503 41 51
506 511 41 51
506 497 42 51
506 511 42 51
506 506 49 51
506 511 51 51
506 497 53 51
96 90 6 52
96 88 9 52
96 106 10 52
96 75 11 52
96 76 13 52
96 90 18 52
96 90 23 52
96 90 24 52
96 125 28 52
96 124 29 52
96 92 46 52
96 95 49 52
96 75 50 52
194 214 12 52
194 203 13 52
194 213 28 52
194 213 29 52
194 165 30 52
194 168 31 52
194 171 33 52
194 171 34 52
194 171 36 52
194 171 37 52
194 170 40 52
194 171 41 52
194 171 42 52
194 172 43 52
194 171 45 52
283 269 4 52
283 255 6 52
283 301 12 52
283 303 20 52
283 302 21 52
283 294 47 52
87 90 5 53
87 88 8 53
87 106 9 53
87 75 10 53
87 76 12 53
87 90 17 53
87 90 22 53
87 90 23 53
87 65 36 53
87 64 37 53
87 64 42 53
87 92 45 53
87 63 47 53
87 95 48 53
87 75 49 53
87 93 53 53
164 137 4 53
164 146 5 53
164 158 22 53
164 165 29 53
164 168 30 53
164 171 32 53
164 171 33 53
164 171 35 53
164 171 36 53
164 170 39 53
164 171 40 53
164 171 41 53
164 172 42 53
164 171 44 53
164 134 46 53
287 301 11 53
287 303 19 53
287 302 20 53
287 294 46 53
240 214 8 56
240 213 24 56
240 213 25 56
240 250 28 56
240 231 31 56
240 231 35 56
240 238 45 56
240 239 47 56
240 266 53 56
269 250 28 56
269 294 43 56
269 239 47 56
269 266 53 56
137 127 6 57
137 158 18 57
137 125 23 57
137 124 24 57
137 165 25 57
137 134 42 57
345 330 4 57
345 356 8 57
345 360 18 57
345 362 19 57
345 334 26 57
39 30 7 58
39 39 7 58
39 10 8 58
39 28 8 58
39 31 8 58
39 10 21 58
39 25 21 58
39 26 22 58
39 65 31 58
39 64 32 58
39 27 34 58
39 64 37 58
39 32 39 58
39 26 40 58
39 38 40 58
39 49 42 58
39 63 42 58
39 27 43 58
39 25 52 58
90 106 4 58
90 75 5 58
90 76 7 58
90 90 12 58
90 90 17 58
90 90 18 58
90 65 31 58
90 64 32 58
90 64 37 58
90 92 40 58
90 63 42 58
90 95 43 58
90 75 44 58
90 93 48 58
90 94 49 58
90 94 50 58
90 91 52 58
90 93 53 58
146 127 5 58
146 158 17 58
146 125 22 58
146 124 23 58
146 165 24 58
146 168 25 58
146 171 27 58
146 171 28 58
146 171 30 58
146 171 31 58
146 170 34 58
146 171 35 58
146 171 36 58
146 172 37 58
146 171 39 58
146 134 41 58
255 250 26 58
255 231 29 58
255 231 33 58
255 238 43 58
255 239 45 58
255 266 51 58
255 238 52 58
255 282 52 58
255 232 53 58
255 284 53 58
16 30 6 59
16 39 6 59
16 10 7 59
16 28 7 59
16 31 7 59
16 10 20 59
16 25 20 59
16 26 21 59
16 27 33 59
16 32 38 59
16 26 39 59
16 38 39 59
16 27 42 59
16 2 43 59
16 4 43 59
16 0 46 59
16 0 51 59
16 1 51 59
16 3 51 59
16 25 51 59
16 2 52 59
16 3 52 59
16 2 53 59
347 356 6 59
347 360 16 59
347 362 17 59
347 334 24 59
33 30 5 60
33 39 5 60
33 10 6 60
33 28 6 60
33 31 6 60
33 10 19 60
33 25 19 60
33 26 20 60
33 27 32 60
33 32 37 60
33 26 38 60
33 38 38 60
33 49 40 60
33 27 41 60
33 4 42 60
33 3 50 60
33 25 50 60
33 3 51 60
460 483 14 60
460 469 17 60
460 488 18 60
460 443 24 60
460 489 25 60
460 488 26 60
460 487 28 60
460 443 29 60
460 441 31 60
88 76 4 61
88 90 9 61
88 90 14 61
88 90 15 61
88 65 28 61
88 64 29 61
88 64 34 61
88 92 37 61
88 63 39 61
88 95 40 61
88 75 41 61
88 93 45 61
88 94 46 61
88 94 47 61
88 91 49 61
88 93 50 61
88 92 51 61
88 92 52 61
88 94 53 61
330 356 4 61
330 303 11 61
330 302 12 61
330 334 22 61
330 301 46 61
330 300 47 61
106 90 8 62
106 90 13 62
106 90 14 62
106 125 18 62
106 124 19 62
106 92 36 62
106 134 37 62
106 95 39 62
106 93 44 62
106 94 45 62
106 94 46 62
106 91 48 62
106 93 49 62
106 92 50 62
106 92 51 62
106 94 52 62
106 92 53 62
383 390 4 62
383 394 5 62
383 360 13 62
383 362 14 62
383 380 17 62
383 390 18 62
383 397 19 62
383 398 20 62
383 404 32 62
383 412 33 62
383 385 35 62
383 391 36 62
75 90 7 63
75 90 12 63
75 90 13 63
75 65 26 63
75 64 27 63
75 64 32 63
75 92 35 63
75 49 37 63
75 63 37 63
75 95 38 63
75 75 39 63
75 93 43 63
75 94 44 63
75 94 45 63
75 91 47 63
75 93 48 63
75 92 49 63
75 92 50 63
75 94 51 63
75 47 52 63
75 92 52 63
127 125 17 63
127 124 18 63
127 134 36 63
497 497 5 63
497 498 6 63
497 497 7 63
497 483 11 63
497 511 12 63
497 511 13 63
497 469 14 63
497 488 15 63
497 511 15 63
497 489 22 63
497 488 23 63
497 490 24 63
497 487 25 63
497 503 29 63
497 511 29 63
497 497 30 63
497 511 30 63
497 506 37 63
497 511 39 63
497 497 41 63
497 495 42 63
497 497 43 63
497 511 43 63
497 511 47 63
497 497 49 63
497 497 50 63
497 511 50 63
497 498 51 63
497 511 51 63
497 498 52 63
497 498 53 63
214 213 16 64
214 213 17 64
214 231 23 64
214 231 27 64
214 238 37 64
214 239 39 64
214 238 46 64
214 232 47 64
214 191 52 64
214 231 53 64
301 303 8 64
301 302 9 64
301 294 35 64
301 301 43 64
301 300 44 64
301 282 46 64
301 284 47 64
30 10 14 65
30 25 14 65
30 26 15 65
30 27 27 65
30 32 32 65
30 26 33 65
30 38 33 65
30 49 35 65
30 27 36 65
30 2 37 65
30 4 37 65
30 0 40 65
30 0 45 65
30 1 45 65
30 3 45 65
30 25 45 65
30 2 46 65
30 3 46 65
30 2 47 65
30 47 50 65
30 2 51 65
30 3 51 65
30 26 52 65
39 10 14 65
39 25 14 65
39 26 15 65
39 65 24 65
39 64 25 65
39 27 27 65
39 64 30 65
39 32 32 65
39 26 33 65
39 38 33 65
39 49 35 65
39 63 35 65
39 27 36 65
39 25 45 65
39 47 50 65
39 26 52 65
76 90 5 65
76 90 10 65
76 90 11 65
76 65 24 65
76 64 25 65
76 64 30 65
76 92 33 65
76 49 35 65
76 63 35 65
76 95 36 65
76 75 37 65
76 93 41 65
76 94 42 65
76 94 43 65
76 91 45 65
76 93 46 65
76 92 47 65
76 92 48 65
76 94 49 65
76 47 50 65
76 92 50 65
203 213 15 65
203 213 16 65
203 231 22 65
203 231 26 65
203 232 46 65
203 191 51 65
203 231 52 65
356 360 10 65
356 362 11 65
356 380 14 65
356 334 18 65
356 385 32 65
10 10 13 66
10 25 13 66
10 26 14 66
10 27 26 66
10 32 31 66
10 26 32 66
10 38 32 66
10 27 35 66
10 2 36 66
10 4 36 66
10 0 39 66
10 0 44 66
10 1 44 66
10 3 44 66
10 25 44 66
10 2 45 66
10 3 45 66
10 2 46 66
10 2 50 66
10 3 50 66
10 26 51 66
28 10 13 66
28 25 13 66
28 26 14 66
28 27 26 66
28 32 31 66
28 26 32 66
28 38 32 66
28 49 34 66
28 27 35 66
28 2 36 66
28 4 36 66
28 0 39 66
28 0 44 66
28 1 44 66
28 3 44 66
28 25 44 66
28 2 45 66
28 3 45 66
28 2 46 66
28 47 49 66
28 2 50 66
28 3 50 66
28 26 51 66
28 47 53 66
31 10 13 66
31 25 13 66
31 26 14 66
31 27 26 66
31 32 31 66
31 26 32 66
31 38 32 66
31 49 34 66
31 27 35 66
31 2 36 66
31 4 36 66
31 1 44 66
31 3 44 66
31 25 44 66
31 2 45 66
31 3 45 66
31 2 46 66
31 47 49 66
31 2 50 66
31 3 50 66
31 26 51 66
31 47 53 66
390 360 9 66
390 362 10 66
390 380 13 66
390 390 14 66
390 397 15 66
390 398 16 66
390 404 28 66
390 412 29 66
390 385 31 66
390 391 32 66
390 417 35 66
390 398 52 66
511 497 4 66
511 483 8 66
511 511 9 66
511 511 10 66
511 488 12 66
511 511 12 66
511 489 19 66
511 488 20 66
511 490 21 66
511 487 22 66
511 503 26 66
511 511 26 66
511 497 27 66
511 511 27 66
511 506 34 66
511 511 36 66
511 497 38 66
511 495 39 66
511 497 40 66
511 511 40 66
511 511 44 66
511 497 46 66
511 497 47 66
511 511 47 66
511 498 48 66
511 511 48 66
511 498 49 66
511 498 50 66
394 380 12 67
394 390 13 67
394 397 14 67
394 398 15 67
394 404 27 67
394 412 28 67
394 385 30 67
394 391 31 67
394 417 34 67
394 398 51 67
497 483 6 68
497 511 7 68
497 511 8 68
497 469 9 68
497 488 10 68
497 511 10 68
497 489 17 68
497 488 18 68
497 490 19 68
497 487 20 68
497 503 24 68
497 511 24 68
497 497 25 68
497 511 25 68
497 506 32 68
497 511 34 68
497 497 36 68
497 495 37 68
497 497 38 68
497 511 38 68
497 511 42 68
497 497 44 68
497 497 45 68
497 511 45 68
497 498 46 68
497 511 46 68
497 498 47 68
497 498 48 68
498 483 5 69
498 511 6 69
498 511 7 69
498 469 8 69
498 488 9 69
498 511 9 69
498 489 16 69
498 488 17 69
498 490 18 69
498 487 19 69
498 503 23 69
498 511 23 69
498 497 24 69
498 511 24 69
498 506 31 69
498 511 33 69
498 497 35 69
498 495 36 69
498 497 37 69
498 511 37 69
498 511 41 69
498 497 43 69
498 497 44 69
498 511 44 69
498 498 45 69
498 511 45 69
498 498 46 69
498 498 47 69
90 90 5 70
90 90 6 70
90 65 19 70
90 64 20 70
90 64 25 70
90 92 28 70
90 63 30 70
90 95 31 70
90 75 32 70
90 93 36 70
90 94 37 70
90 94 38 70
90 91 40 70
90 93 41 70
90 92 42 70
90 92 43 70
90 94 44 70
90 92 45 70
90 117 49 70
90 116 51 70
90 75 53 70
497 483 4 70
497 511 5 70
497 511 6 70
497 469 7 70
497 488 8 70
497 511 8 70
497 489 15 70
497 488 16 70
497 490 17 70
497 487 18 70
497 503 22 70
497 511 22 70
497 497 23 70
497 511 23 70
497 506 30 70
497 511 32 70
497 497 34 70
497 495 35 70
497 497 36 70
497 511 36 70
497 511 40 70
497 497 42 70
497 497 43 70
497 511 43 70
497 498 44 70
497 511 44 70
497 498 45 70
497 498 46 70
303 294 27 72
303 301 35 72
303 300 36 72
303 282 38 72
303 284 39 72
303 281 47 72
303 304 48 72
302 294 26 73
302 301 34 73
302 300 35 73
302 282 37 73
302 284 38 73
302 281 46 73
302 304 47 73
302 272 48 73
483 488 4 74
483 511 4 74
483 489 11 74
483 488 12 74
483 490 13 74
483 487 14 74
483 503 18 74
483 511 18 74
483 497 19 74
483 511 19 74
483 506 26 74
483 511 28 74
483 497 30 74
483 495 31 74
483 497 32 74
483 511 32 74
483 511 36 74
483 497 38 74
483 497 39 74
483 511 39 74
483 498 40 74
483 511 40 74
483 498 41 74
483 498 42 74
483 486 50 74
483 463 51 74
90 65 14 75
90 64 15 75
90 64 20 75
90 92 23 75
90 63 25 75
90 95 26 75
90 75 27 75
90 93 31 75
90 94 32 75
90 94 33 75
90 91 35 75
90 93 36 75
90 92 37 75
90 92 38 75
90 94 39 75
90 92 40 75
90 117 44 75
90 116 46 75
90 75 48 75
90 75 49 75
90 75 50 75
90 90 52 75
158 165 7 75
158 168 8 75
158 171 10 75
158 171 11 75
158 171 13 75
158 171 14 75
158 170 17 75
158 171 18 75
158 171 19 75
158 172 20 75
158 171 22 75
158 134 24 75
158 157 43 75
158 132 44 75
158 187 47 75
158 153 51 75
360 380 4 75
360 334 8 75
360 385 22 75
360 333 47 75
360 381 48 75
511 489 10 75
511 488 11 75
511 490 12 75
511 487 13 75
511 503 17 75
511 511 17 75
511 497 18 75
511 511 18 75
511 506 25 75
511 511 27 75
511 497 29 75
511 495 30 75
511 497 31 75
511 511 31 75
511 511 35 75
511 497 37 75
511 497 38 75
511 511 38 75
511 498 39 75
511 511 39 75
511 498 40 75
511 498 41 75
511 486 49 75
90 65 13 76
90 64 14 76
90 64 19 76
90 92 22 76
90 63 24 76
90 95 25 76
90 75 26 76
90 93 30 76
90 94 31 76
90 94 32 76
90 91 34 76
90 93 35 76
90 92 36 76
90 92 37 76
90 94 38 76
90 92 39 76
90 117 43 76
90 116 45 76
90 75 47 76
90 75 48 76
90 75 49 76
90 90 51 76
362 390 4 76
362 334 7 76
362 385 21 76
362 391 22 76
362 333 46 76
362 381 47 76
511 489 9 76
511 488 10 76
511 490 11 76
511 487 12 76
511 503 16 76
511 511 16 76
511 497 17 76
511 511 17 76
511 506 24 76
511 511 26 76
511 497 28 76
511 495 29 76
511 497 30 76
511 511 30 76
511 511 34 76
511 497 36 76
511 497 37 76
511 511 37 76
511 498 38 76
511 511 38 76
511 498 39 76
511 498 40 76
511 486 48 76
469 443 7 77
469 489 8 77
469 488 9 77
469 490 10 77
469 487 11 77
469 443 12 77
469 441 14 77
469 497 16 77
469 497 27 77
469 495 28 77
469 497 29 77
469 497 35 77
469 497 36 77
469 498 37 77
469 498 38 77
469 498 39 77
469 486 47 77
469 463 48 77
488 489 7 78
488 488 8 78
488 490 9 78
488 487 10 78
488 503 14 78
488 511 14 78
488 497 15 78
488 511 15 78
488 506 22 78
488 511 24 78
488 497 26 78
488 495 27 78
488 497 28 78
488 511 28 78
488 511 32 78
488 497 34 78
488 497 35 78
488 511 35 78
488 498 36 78
488 511 36 78
488 498 37 78
488 498 38 78
488 486 46 78
488 463 47 78
511 489 7 78
511 488 8 78
511 490 9 78
511 487 10 78
511 503 14 78
511 511 14 78
511 497 15 78
511 511 15 78
511 506 22 78
511 511 24 78
511 497 26 78
511 495 27 78
511 497 28 78
511 511 28 78
511 511 32 78
511 497 34 78
511 497 35 78
511 511 35 78
511 498 36 78
511 511 36 78
511 498 37 78
511 498 38 78
511 486 46 78
10 27 13 79
10 32 18 79
10 26 19 79
10 38 19 79
10 27 22 79
10 2 23 79
10 4 23 79
10 0 26 79
10 0 31 79
10 1 31 79
10 3 31 79
10 25 31 79
10 2 32 79
10 3 32 79
10 2 33 79
10 2 37 79
10 3 37 79
10 26 38 79
10 27 48 79
10 3 49 79
10 8 49 79
10 4 50 79
10 7 50 79
25 27 13 79
25 32 18 79
25 26 19 79
25 38 19 79
25 49 21 79
25 27 22 79
25 2 23 79
25 4 23 79
25 0 26 79
25 0 31 79
25 1 31 79
25 3 31 79
25 25 31 79
25 2 32 79
25 3 32 79
25 2 33 79
25 47 36 79
25 2 37 79
25 3 37 79
25 26 38 79
25 47 40 79
25 42 46 79
25 27 48 79
25 3 49 79
25 8 49 79
25 4 50 79
25 7 50 79
380 404 15 79
380 385 18 79
380 391 19 79
380 398 39 79
380 381 44 79
380 397 47 79
26 27 12 80
26 32 17 80
26 26 18 80
26 38 18 80
26 49 20 80
26 27 21 80
26 2 22 80
26 4 22 80
26 0 25 80
26 0 30 80
26 1 30 80
26 3 30 80
26 25 30 80
26 2 31 80
26 3 31 80
26 2 32 80
26 47 35 80
26 2 36 80
26 3 36 80
26 26 37 80
26 47 39 80
26 42 45 80
26 27 47 80
26 3 48 80
26 8 48 80
26 4 49 80
26 7 49 80
125 134 19 80
125 95 21 80
125 117 39 80
125 132 39 80
125 124 40 80
125 116 41 80
125 153 46 80
213 231 7 80
213 231 11 80
213 238 21 80
213 239 23 80
213 238 30 80
213 232 31 80
213 191 36 80
213 231 37 80
213 212 40 80
213 221 41 80
213 187 42 80
213 200 43 80
213 228 44 80
390 404 14 80
390 412 15 80
390 385 17 80
390 391 18 80
390 417 21 80
390 398 38 80
390 381 43 80
390 397 46 80
390 417 49 80
124 134 18 81
124 95 20 81
124 94 26 81
124 94 27 81
124 94 33 81
124 117 38 81
124 132 38 81
124 124 39 81
124 116 40 81
124 153 45 81
213 231 6 81
213 231 10 81
213 238 20 81
213 239 22 81
213 238 29 81
213 232 30 81
213 191 35 81
213 231 36 81
213 212 39 81
213 221 40 81
213 187 41 81
213 200 42 81
213 228 43 81
397 404 13 81
397 412 14 81
397 385 16 81
397 391 17 81
397 417 20 81
397 426 22 81
397 398 37 81
397 381 42 81
397 397 45 81
397 417 48 81
165 171 4 82
165 171 6 82
165 171 7 82
165 170 10 82
165 171 11 82
165 171 12 82
165 172 13 82
165 171 15 82
165 191 34 82
165 157 36 82
165 187 40 82
165 153 44 82
398 404 12 82
398 412 13 82
398 385 15 82
398 391 16 82
398 417 19 82
398 426 21 82
398 398 36 82
398 381 41 82
398 397 44 82
398 417 47 82
168 171 5 83
168 171 6 83
168 170 9 83
168 171 10 83
168 171 11 83
168 172 12 83
168 171 14 83
168 191 33 83
168 157 35 83
168 187 39 83
168 153 43 83
334 304 37 83
334 333 39 83
250 231 7 84
250 238 17 84
250 239 19 84
250 266 25 84
250 238 26 84
250 232 27 84
250 231 33 84
250 221 37 84
250 272 37 84
250 228 40 84
250 250 43 84
443 443 5 84
443 441 7 84
443 417 17 84
443 428 18 84
443 426 19 84
443 463 41 84
443 431 43 84
443 429 44 84
443 417 45 84
171 171 4 85
171 170 7 85
171 171 8 85
171 171 9 85
171 172 10 85
171 171 12 85
171 191 31 85
171 157 33 85
171 187 37 85
171 200 38 85
171 153 41 85
489 503 7 85
489 511 7 85
489 497 8 85
489 511 8 85
489 506 15 85
489 511 17 85
489 497 19 85
489 495 20 85
489 497 21 85
489 511 21 85
489 511 25 85
489 497 27 85
489 497 28 85
489 511 28 85
489 498 29 85
489 511 29 85
489 498 30 85
489 498 31 85
489 486 39 85
489 463 40 85
171 170 6 86
171 171 7 86
171 171 8 86
171 172 9 86
171 171 11 86
171 191 30 86
171 157 32 86
171 187 36 86
171 200 37 86
171 153 40 86
488 503 6 86
488 511 6 86
488 497 7 86
488 511 7 86
488 506 14 86
488 511 16 86
488 497 18 86
488 495 19 86
488 497 20 86
488 511 20 86
488 511 24 86
488 497 26 86
488 497 27 86
488 511 27 86
488 498 28 86
488 511 28 86
488 498 29 86
488 498 30 86
488 486 38 86
488 463 39 86
231 231 4 87
231 238 14 87
231 239 16 87
231 238 23 87
231 232 24 87
231 231 30 87
231 212 33 87
231 221 34 87
231 228 37 87
231 250 40 87
490 503 5 87
490 511 5 87
490 497 6 87
490 511 6 87
490 506 13 87
490 511 15 87
490 497 17 87
490 495 18 87
490 497 19 87
490 511 19 87
490 511 23 87
490 497 25 87
490 497 26 87
490 511 26 87
490 498 27 87
490 511 27 87
490 498 28 87
490 498 29 87
490 486 37 87
490 463 38 87
171 170 4 88
171 171 5 88
171 171 6 88
171 172 7 88
171 171 9 88
171 191 28 88
171 157 30 88
171 187 34 88
171 200 35 88
171 153 38 88
487 503 4 88
487 511 4 88
487 497 5 88
487 511 5 88
487 506 12 88
487 511 14 88
487 497 16 88
487 495 17 88
487 497 18 88
487 511 18 88
487 511 22 88
487 497 24 88
487 497 25 88
487 511 25 88
487 498 26 88
487 511 26 88
487 498 27 88
487 498 28 88
487 486 36 88
487 463 37 88
65 64 6 89
65 38 9 89
65 92 9 89
65 49 11 89
65 63 11 89
65 75 13 89
65 93 17 89
65 94 18 89
65 94 19 89
65 91 21 89
65 93 22 89
65 92 23 89
65 92 24 89
65 94 25 89
65 47 26 89
65 92 26 89
65 47 30 89
65 75 34 89
65 75 35 89
65 42 36 89
65 75 36 89
65 90 38 89
171 171 4 89
171 171 5 89
171 172 6 89
171 171 8 89
171 191 27 89
171 157 29 89
171 187 33 89
171 200 34 89
171 153 37 89
443 417 12 89
443 428 13 89
443 426 14 89
443 463 36 89
443 431 38 89
443 429 39 89
443 417 40 89
64 64 5 90
64 38 8 90
64 92 8 90
64 49 10 90
64 63 10 90
64 75 12 90
64 93 16 90
64 91 20 90
64 93 21 90
64 92 22 90
64 92 23 90
64 47 25 90
64 92 25 90
64 47 29 90
64 75 33 90
64 75 34 90
64 42 35 90
64 75 35 90
64 90 37 90
231 238 10 91
231 239 12 91
231 238 19 91
231 232 20 91
231 231 26 91
231 212 29 91
231 221 30 91
231 228 33 91
231 250 36 91
441 412 4 91
441 417 10 91
441 428 11 91
441 426 12 91
441 463 34 91
441 431 36 91
441 429 37 91
441 417 38 91
27 32 5 92
27 26 6 92
27 38 6 92
27 49 8 92
27 27 9 92
27 2 10 92
27 4 10 92
27 0 13 92
27 0 18 92
27 1 18 92
27 3 18 92
27 25 18 92
27 2 19 92
27 3 19 92
27 2 20 92
27 47 23 92
27 2 24 92
27 3 24 92
27 26 25 92
27 47 27 92
27 42 33 92
27 27 35 92
27 3 36 92
27 8 36 92
27 4 37 92
27 7 37 92
170 171 5 92
170 191 24 92
170 157 26 92
170 187 30 92
170 153 34 92
503 506 8 92
503 511 10 92
503 497 12 92
503 495 13 92
503 497 14 92
503 511 14 92
503 511 18 92
503 497 20 92
503 497 21 92
503 511 21 92
503 498 22 92
503 511 22 92
503 498 23 92
503 498 24 92
503 486 32 92
511 506 8 92
511 511 10 92
511 497 12 92
511 495 13 92
511 497 14 92
511 511 14 92
511 511 18 92
511 497 20 92
511 497 21 92
511 511 21 92
511 498 22 92
511 511 22 92
511 498 23 92
511 498 24 92
511 486 32 92
171 171 4 93
171 191 23 93
171 157 25 93
171 187 29 93
171 200 30 93
171 153 33 93
497 506 7 93
497 511 9 93
497 497 11 93
497 495 12 93
497 497 13 93
497 511 13 93
497 511 17 93
497 497 19 93
497 497 20 93
497 511 20 93
497 498 21 93
497 511 21 93
497 498 22 93
497 498 23 93
497 486 31 93
511 506 7 93
511 511 9 93
511 497 11 93
511 495 12 93
511 497 13 93
511 511 13 93
511 511 17 93
511 497 19 93
511 497 20 93
511 511 20 93
511 498 21 93
511 511 21 93
511 498 22 93
511 498 23 93
511 486 31 93
171 191 22 94
171 157 24 94
171 187 28 94
171 200 29 94
171 153 32 94
404 391 4 94
404 417 7 94
404 428 8 94
404 426 9 94
404 398 24 94
404 381 29 94
404 397 32 94
404 431 33 94
404 429 34 94
404 417 35 94
64 49 5 95
64 63 5 95
64 75 7 95
64 93 11 95
64 91 15 95
64 93 16 95
64 92 17 95
64 92 18 95
64 47 20 95
64 92 20 95
64 47 24 95
64 75 28 95
64 75 29 95
64 42 30 95
64 75 30 95
64 90 32 95
172 191 21 95
172 157 23 95
172 187 27 95
172 200 28 95
172 153 31 95
412 417 6 95
412 428 7 95
412 426 8 95
412 398 23 95
412 397 31 95
412 431 32 95
412 429 33 95
412 417 34 95
32 27 4 97
32 2 5 97
32 4 5 97
32 3 13 97
32 25 13 97
32 2 14 97
32 3 14 97
32 2 15 97
32 47 18 97
32 2 19 97
32 3 19 97
32 26 20 97
32 47 22 97
32 42 28 97
32 27 30 97
32 3 31 97
32 8 31 97
32 4 32 97
32 7 32 97
171 191 19 97
171 157 21 97
171 187 25 97
171 200 26 97
171 153 29 97
385 398 21 97
385 381 26 97
385 397 29 97
26 2 4 98
26 4 4 98
26 0 7 98
26 0 12 98
26 1 12 98
26 3 12 98
26 25 12 98
26 2 13 98
26 3 13 98
26 2 14 98
26 47 17 98
26 2 18 98
26 3 18 98
26 26 19 98
26 47 21 98
26 42 27 98
26 27 29 98
26 3 30 98
26 8 30 98
26 4 31 98
26 7 31 98
38 25 12 98
38 47 17 98
38 26 19 98
38 47 21 98
38 42 27 98
38 27 29 98
38 8 30 98
92 75 4 98
92 93 8 98
92 94 9 98
92 94 10 98
92 91 12 98
92 93 13 98
92 92 14 98
92 92 15 98
92 94 16 98
92 92 17 98
92 117 21 98
92 116 23 98
92 75 25 98
92 75 26 98
92 75 27 98
92 90 29 98
391 398 20 98
391 381 25 98
391 397 28 98
391 417 31 98
134 157 19 99
134 117 20 99
134 132 20 99
134 124 21 99
134 116 22 99
134 153 27 99
294 301 8 99
294 300 9 99
294 266 10 99
294 282 11 99
294 284 12 99
294 281 20 99
294 304 21 99
294 272 22 99
49 25 10 100
49 47 15 100
49 26 17 100
49 47 19 100
49 75 23 100
49 75 24 100
49 42 25 100
49 75 25 100
49 27 27 100
63 91 10 100
63 92 12 100
63 92 13 100
63 47 15 100
63 92 15 100
63 47 19 100
63 75 23 100
63 75 24 100
63 42 25 100
63 75 25 100
63 90 27 100
506 497 4 100
506 495 5 100
506 497 6 100
506 511 6 100
506 511 10 100
506 497 12 100
506 497 13 100
506 511 13 100
506 498 14 100
506 511 14 100
506 498 15 100
506 498 16 100
506 486 24 100
27 0 4 101
27 0 9 101
27 1 9 101
27 3 9 101
27 25 9 101
27 2 10 101
27 3 10 101
27 2 11 101
27 47 14 101
27 2 15 101
27 3 15 101
27 26 16 101
27 47 18 101
27 42 24 101
27 27 26 101
27 3 27 101
27 8 27 101
27 4 28 101
27 7 28 101
95 93 5 101
95 94 6 101
95 94 7 101
95 91 9 101
95 93 10 101
95 92 11 101
95 92 12 101
95 94 13 101
95 92 14 101
95 117 18 101
95 124 19 101
95 116 20 101
95 75 22 101
95 75 23 101
95 75 24 101
95 90 26 101
238 266 8 101
238 238 9 101
238 232 10 101
238 231 16 101
238 212 19 101
238 221 20 101
238 228 23 101
238 250 26 101
417 398 17 101
417 397 25 101
417 431 26 101
417 429 27 101
417 417 28 101
2 0 8 102
2 1 8 102
2 3 8 102
2 25 8 102
2 2 9 102
2 3 9 102
2 2 10 102
2 2 14 102
2 3 14 102
2 26 15 102
2 27 25 102
2 3 26 102
2 8 26 102
2 4 27 102
2 7 27 102
4 0 8 102
4 1 8 102
4 3 8 102
4 25 8 102
4 2 9 102
4 3 9 102
4 2 10 102
4 2 14 102
4 3 14 102
4 26 15 102
4 27 25 102
4 3 26 102
4 8 26 102
4 4 27 102
4 7 27 102
75 93 4 102
75 94 5 102
75 94 6 102
75 91 8 102
75 93 9 102
75 92 10 102
75 92 11 102
75 94 12 102
75 47 13 102
75 92 13 102
75 47 17 102
75 75 21 102
75 75 22 102
75 75 23 102
75 90 25 102
428 398 16 102
428 431 25 102
428 429 26 102
428 417 27 102
511 497 4 102
511 511 4 102
511 511 8 102
511 497 10 102
511 497 11 102
511 511 11 102
511 498 12 102
511 511 12 102
511 498 13 102
511 498 14 102
511 486 22 102
239 266 6 103
239 238 7 103
239 232 8 103
239 231 14 103
239 212 17 103
239 221 18 103
239 228 21 103
239 250 24 103
426 398 15 103
426 397 23 103
426 431 24 103
426 429 25 103
426 417 26 103
497 511 6 104
497 497 8 104
497 497 9 104
497 511 9 104
497 498 10 104
497 511 10 104
497 498 11 104
497 498 12 104
497 486 20 104
0 0 5 105
0 1 5 105
0 3 5 105
0 25 5 105
0 2 6 105
0 3 6 105
0 2 7 105
0 2 11 105
0 3 11 105
0 26 12 105
0 27 22 105
0 3 23 105
0 8 23 105
0 4 24 105
0 7 24 105
495 511 5 105
495 497 7 105
495 497 8 105
495 511 8 105
495 498 9 105
495 511 9 105
495 498 10 105
495 498 11 105
495 486 19 105
93 91 4 106
93 93 5 106
93 92 6 106
93 92 7 106
93 94 8 106
93 92 9 106
93 117 13 106
93 116 15 106
93 75 17 106
93 75 18 106
93 75 19 106
93 90 21 106
497 511 4 106
497 497 6 106
497 497 7 106
497 511 7 106
497 498 8 106
497 511 8 106
497 498 9 106
497 498 10 106
497 486 18 106
511 511 4 106
511 497 6 106
511 497 7 106
511 511 7 106
511 498 8 106
511 511 8 106
511 498 9 106
511 498 10 106
511 486 18 106
94 93 4 107
94 92 5 107
94 92 6 107
94 94 7 107
94 92 8 107
94 117 12 107
94 116 14 107
94 75 16 107
94 75 17 107
94 75 18 107
94 90 20 107
301 284 4 107
301 281 12 107
301 304 13 107
301 272 14 107
94 92 4 108
94 92 5 108
94 94 6 108
94 92 7 108
94 117 11 108
94 116 13 108
94 75 15 108
94 75 16 108
94 75 17 108
94 90 19 108
300 281 11 108
300 304 12 108
300 272 13 108
266 281 10 109
266 272 12 109
266 250 18 109
0 2 6 110
0 3 6 110
0 26 7 110
0 27 17 110
0 3 18 110
0 8 18 110
0 4 19 110
0 7 19 110
1 2 6 110
1 3 6 110
1 26 7 110
1 27 17 110
1 3 18 110
1 8 18 110
1 4 19 110
1 7 19 110
3 2 6 110
3 3 6 110
3 26 7 110
3 27 17 110
3 3 18 110
3 8 18 110
3 4 19 110
3 7 19 110
25 47 5 110
25 2 6 110
25 3 6 110
25 26 7 110
25 47 9 110
25 42 15 110
25 27 17 110
25 3 18 110
25 8 18 110
25 4 19 110
25 7 19 110
91 94 4 110
91 92 5 110
91 117 9 110
91 116 11 110
91 75 13 110
91 75 14 110
91 75 15 110
91 90 17 110
238 231 7 110
238 212 10 110
238 221 11 110
238 228 14 110
238 250 17 110
282 281 9 110
282 304 10 110
282 272 11 110
511 498 4 110
511 511 4 110
511 498 5 110
511 498 6 110
511 486 14 110
2 2 5 111
2 3 5 111
2 26 6 111
2 27 16 111
2 3 17 111
2 8 17 111
2 4 18 111
2 7 18 111
3 2 5 111
3 3 5 111
3 26 6 111
3 27 16 111
3 3 17 111
3 8 17 111
3 4 18 111
3 7 18 111
93 92 4 111
93 117 8 111
93 116 10 111
93 75 12 111
93 75 13 111
93 75 14 111
93 90 16 111
232 231 6 111
232 212 9 111
232 221 10 111
232 228 13 111
232 250 16 111
284 281 8 111
284 304 9 111
284 272 10 111
2 2 4 112
2 3 4 112
2 26 5 112
2 27 15 112
2 3 16 112
2 8 16 112
2 4 17 112
2 7 17 112
92 117 7 112
92 116 9 112
92 75 11 112
92 75 12 112
92 75 13 112
92 90 15 112
497 498 4 112
497 486 12 112
92 117 6 113
92 116 8 113
92 75 10 113
92 75 11 113
92 75 12 113
92 90 14 113
497 486 11 113
511 486 11 113
94 117 5 114
94 116 7 114
94 75 9 114
94 75 10 114
94 75 11 114
94 90 13 114
498 486 10 114
511 486 10 114
47 47 4 115
47 75 8 115
47 75 9 115
47 42 10 115
47 75 10 115
47 27 12 115
92 117 4 115
92 116 6 115
92 75 8 115
92 75 9 115
92 75 10 115
92 90 12 115
498 486 9 115
2 27 11 116
2 3 12 116
2 8 12 116
2 4 13 116
2 7 13 116
3 27 11 116
3 3 12 116
3 8 12 116
3 4 13 116
3 7 13 116
191 212 4 116
191 187 6 116
191 200 7 116
498 486 8 116
26 42 8 117
26 27 10 117
26 3 11 117
26 8 11 117
26 4 12 117
26 7 12 117
231 221 4 117
231 228 7 117
231 250 10 117
157 153 8 118
398 381 5 118
398 397 8 118
398 417 11 118
47 75 4 119
47 75 5 119
47 42 6 119
47 75 6 119
47 27 8 119
117 90 8 119
132 153 7 119
124 153 6 120
212 228 4 120
116 90 6 121
221 250 6 121
272 250 6 121
75 90 4 123
