172 187 21 0
172 187 22 0
172 171 26 0
172 187 20 1
172 187 21 1
172 171 25 1
209 205 21 2
209 205 22 2
209 205 23 2
209 197 25 2
209 201 26 2
209 201 27 2
209 201 28 2
209 210 33 2
242 247 12 3
242 247 13 3
242 246 14 3
242 252 15 3
242 252 16 3
242 252 17 3
242 246 29 3
242 246 30 3
242 246 31 3
242 246 38 3
75 86 10 4
75 55 14 4
75 57 28 4
75 61 30 4
75 63 30 4
75 61 31 4
75 63 31 4
75 86 34 4
75 80 36 4
75 86 37 4
198 187 17 4
198 187 18 4
198 205 19 4
198 205 20 4
198 205 21 4
198 197 23 4
198 201 24 4
198 201 25 4
198 201 26 4
198 210 31 4
73 55 13 5
73 57 27 5
73 61 29 5
73 63 29 5
73 61 30 5
73 63 30 5
73 86 33 5
73 80 35 5
73 86 36 5
73 89 39 5
198 187 16 5
198 187 17 5
198 205 18 5
198 205 19 5
198 205 20 5
198 197 22 5
198 201 23 5
198 201 24 5
198 201 25 5
198 210 30 5
175 187 15 6
175 187 16 6
175 171 20 6
208 205 16 7
208 205 17 7
208 205 18 7
208 197 20 7
208 201 21 7
208 201 22 7
208 201 23 7
208 210 28 7
208 205 15 8
208 205 16 8
208 205 17 8
208 197 19 8
208 201 20 8
208 201 21 8
208 201 22 8
208 210 27 8
208 223 39 8
246 252 10 9
246 252 11 9
246 246 23 9
246 246 24 9
246 246 25 9
246 246 32 9
86 86 28 10
86 80 30 10
86 86 31 10
86 89 34 10
86 89 35 10
86 89 36 10
207 187 11 10
207 187 12 10
207 205 13 10
207 205 14 10
207 205 15 10
207 197 17 10
207 201 18 10
207 201 19 10
207 201 20 10
207 210 25 10
207 223 37 10
207 221 38 10
207 187 39 10
234 246 21 11
234 246 22 11
234 246 23 11
234 246 30 11
234 223 36 11
234 221 37 11
138 119 15 12
138 145 24 12
138 136 25 12
138 135 26 12
138 135 27 12
138 133 28 12
138 153 30 12
138 119 35 12
37 25 12 13
37 25 13 13
37 43 39 13
86 86 25 13
86 80 27 13
86 86 28 13
86 89 31 13
86 89 32 13
86 89 33 13
86 93 37 13
86 86 38 13
86 86 39 13
135 119 14 13
135 117 15 13
135 117 16 13
135 145 23 13
135 136 24 13
135 135 25 13
135 135 26 13
135 133 27 13
135 153 29 13
135 119 34 13
86 86 24 14
86 80 26 14
86 86 27 14
86 89 30 14
86 89 31 14
86 89 32 14
86 93 36 14
86 86 37 14
86 86 38 14
135 119 13 14
135 117 14 14
135 117 15 14
135 145 22 14
135 136 23 14
135 135 24 14
135 135 25 14
135 133 26 14
135 153 28 14
135 119 33 14
247 246 17 15
247 246 18 15
247 246 19 15
247 246 26 15
247 233 38 15
119 119 11 16
119 117 12 16
119 117 13 16
119 136 21 16
119 135 22 16
119 135 23 16
119 133 24 16
119 119 31 16
247 246 16 16
247 246 17 16
247 246 18 16
247 246 25 16
247 233 37 16
246 246 15 17
246 246 16 17
246 246 17 17
246 246 24 17
246 233 36 17
55 57 14 18
55 61 16 18
55 63 16 18
55 61 17 18
55 63 17 18
55 43 34 18
122 117 10 18
122 117 11 18
122 136 19 18
122 135 20 18
122 135 21 18
122 133 22 18
122 119 29 18
252 246 14 18
252 246 15 18
252 246 16 18
252 246 23 18
252 233 35 18
252 246 13 19
252 246 14 19
252 246 15 19
252 246 22 19
252 233 34 19
252 246 12 20
252 246 13 20
252 246 14 20
252 246 21 20
252 233 33 20
187 187 28 21
187 187 29 21
187 187 30 21
187 187 31 21
187 184 33 21
187 184 34 21
187 185 35 21
187 185 36 21
187 187 37 21
187 187 38 21
187 184 39 21
187 187 27 22
187 187 28 22
187 187 29 22
187 187 30 22
187 184 32 22
187 184 33 22
187 185 34 22
187 185 35 22
187 187 36 22
187 187 37 22
187 184 38 22
205 210 12 23
205 223 24 23
205 221 25 23
205 187 26 23
205 187 27 23
205 187 28 23
205 187 29 23
205 185 33 23
205 185 34 23
205 187 35 23
205 187 36 23
205 210 11 24
205 223 23 24
205 221 24 24
205 187 25 24
205 187 26 24
205 187 27 24
205 187 28 24
205 185 32 24
205 185 33 24
205 187 34 24
205 187 35 24
25 43 27 25
25 38 38 25
25 38 39 25
205 210 10 25
205 223 22 25
205 221 23 25
205 187 24 25
205 187 25 25
205 187 26 25
205 187 27 25
205 185 31 25
205 185 32 25
205 187 33 25
205 187 34 25
25 43 26 26
25 38 37 26
25 38 38 26
171 153 16 26
171 187 23 26
171 187 24 26
171 187 25 26
171 187 26 26
171 184 28 26
171 184 29 26
171 185 30 26
171 185 31 26
171 187 32 26
171 187 33 26
171 184 34 26
119 136 10 27
119 135 11 27
119 135 12 27
119 133 13 27
119 119 20 27
119 138 35 27
119 136 36 27
119 136 37 27
119 135 38 27
197 187 22 27
197 187 23 27
197 187 24 27
197 187 25 27
197 184 27 27
197 184 28 27
197 185 29 27
197 185 30 27
197 187 31 27
197 187 32 27
197 184 33 27
117 135 10 28
117 135 11 28
117 133 12 28
117 119 19 28
117 136 35 28
117 136 36 28
117 135 37 28
201 187 21 28
201 187 22 28
201 187 23 28
201 187 24 28
201 184 26 28
201 184 27 28
201 185 28 28
201 185 29 28
201 187 30 28
201 187 31 28
201 184 32 28
117 135 10 29
117 133 11 29
117 119 18 29
117 136 34 29
117 136 35 29
117 135 36 29
201 187 20 29
201 187 21 29
201 187 22 29
201 187 23 29
201 184 25 29
201 184 26 29
201 185 27 29
201 185 28 29
201 187 29 29
201 187 30 29
201 184 31 29
201 187 19 30
201 187 20 30
201 187 21 30
201 187 22 30
201 184 24 30
201 184 25 30
201 185 26 30
201 185 27 30
201 187 28 30
201 187 29 30
201 184 30 30
57 43 20 32
57 38 31 32
57 38 32 32
246 233 21 32
246 234 29 32
246 246 37 32
246 246 38 32
246 246 39 32
246 233 20 33
246 234 28 33
246 246 36 33
246 246 37 33
246 246 38 33
61 43 18 34
63 43 18 34
246 233 19 34
246 234 27 34
246 246 35 34
246 246 36 34
246 246 37 34
246 247 39 34
61 43 17 35
63 43 17 35
210 223 12 35
210 221 13 35
145 138 26 36
145 136 27 36
145 136 28 36
145 135 29 36
145 152 30 36
145 153 31 36
136 119 10 37
136 138 25 37
136 136 26 37
136 136 27 37
136 135 28 37
136 152 29 37
136 153 30 37
136 116 35 37
86 93 12 38
86 86 13 38
86 86 14 38
86 86 16 38
86 86 17 38
86 87 18 38
86 87 19 38
86 87 20 38
86 87 25 38
86 87 26 38
86 96 31 38
86 96 32 38
86 96 33 38
86 104 36 38
86 67 39 38
135 138 24 38
135 136 25 38
135 136 26 38
135 135 27 38
135 152 28 38
135 153 29 38
135 116 34 38
135 138 23 39
135 136 24 39
135 136 25 39
135 135 26 39
135 152 27 39
135 153 28 39
135 116 33 39
135 120 39 39
80 93 10 40
80 86 11 40
80 86 12 40
80 86 14 40
80 86 15 40
80 87 16 40
80 87 17 40
80 87 18 40
80 87 23 40
80 87 24 40
80 96 29 40
80 96 30 40
80 96 31 40
80 67 37 40
133 138 22 40
133 136 23 40
133 136 24 40
133 135 25 40
133 152 26 40
133 116 32 40
133 113 33 40
133 120 38 40
86 86 10 41
86 86 11 41
86 86 13 41
86 86 14 41
86 87 15 41
86 87 16 41
86 87 17 41
86 87 22 41
86 87 23 41
86 96 28 41
86 96 29 41
86 96 30 41
86 104 33 41
86 67 36 41
86 84 39 41
246 233 12 41
246 234 20 41
246 246 28 41
246 246 29 41
246 246 30 41
246 247 32 41
246 247 33 41
153 138 20 42
153 136 21 42
153 136 22 42
153 135 23 42
153 152 24 42
153 153 25 42
89 86 10 44
89 86 11 44
89 87 12 44
89 87 13 44
89 87 14 44
89 87 19 44
89 87 20 44
89 96 25 44
89 96 26 44
89 96 27 44
89 104 30 44
89 84 36 44
89 86 10 45
89 87 11 45
89 87 12 45
89 87 13 45
89 87 18 45
89 87 19 45
89 96 24 45
89 96 25 45
89 96 26 45
89 104 29 45
89 84 35 45
89 87 10 46
89 87 11 46
89 87 12 46
89 87 17 46
89 87 18 46
89 96 23 46
89 96 24 46
89 96 25 46
89 104 28 46
89 84 34 46
119 138 15 47
119 136 16 47
119 136 17 47
119 135 18 47
119 116 25 47
119 113 26 47
119 104 27 47
119 120 31 47
223 234 14 47
223 207 34 47
223 207 35 47
223 207 36 47
223 207 39 47
221 234 13 48
221 207 33 48
221 207 34 48
221 207 35 48
221 207 38 48
221 207 39 48
187 187 10 49
187 184 11 49
187 185 23 49
187 197 26 49
187 198 27 49
187 198 28 49
187 195 29 49
187 194 30 49
187 194 31 49
187 187 35 49
187 187 36 49
93 87 13 50
93 87 14 50
93 96 19 50
93 96 20 50
93 96 21 50
93 104 24 50
93 84 30 50
187 184 10 50
187 185 22 50
187 197 25 50
187 198 26 50
187 198 27 50
187 195 28 50
187 194 29 50
187 194 30 50
187 187 34 50
187 187 35 50
187 172 39 50
86 87 12 51
86 87 13 51
86 96 18 51
86 96 19 51
86 96 20 51
86 104 23 51
86 67 26 51
86 84 29 51
187 185 21 51
187 197 24 51
187 198 25 51
187 198 26 51
187 195 27 51
187 194 28 51
187 194 29 51
187 187 33 51
187 187 34 51
187 172 38 51
43 38 11 52
43 38 12 52
43 62 35 52
43 62 36 52
43 62 37 52
86 87 11 52
86 87 12 52
86 96 17 52
86 96 18 52
86 96 19 52
86 104 22 52
86 67 25 52
86 84 28 52
187 185 20 52
187 197 23 52
187 198 24 52
187 198 25 52
187 195 26 52
187 194 27 52
187 194 28 52
187 187 32 52
187 187 33 52
187 172 37 52
187 174 39 52
233 246 16 53
233 246 17 53
233 246 18 53
233 247 20 53
233 247 21 53
233 214 37 53
86 87 10 54
86 96 15 54
86 96 16 54
86 96 17 54
86 104 20 54
86 67 23 54
86 84 26 54
184 185 18 54
184 197 21 54
184 198 22 54
184 198 23 54
184 195 24 54
184 194 25 54
184 194 26 54
184 187 30 54
184 187 31 54
184 172 35 54
184 174 37 54
184 172 38 54
86 96 14 55
86 96 15 55
86 96 16 55
86 104 19 55
86 67 22 55
86 84 25 55
184 185 17 55
184 197 20 55
184 198 21 55
184 198 22 55
184 195 23 55
184 194 24 55
184 194 25 55
184 187 29 55
184 187 30 55
184 172 34 55
184 174 36 55
184 172 37 55
87 96 13 56
87 96 14 56
87 96 15 56
87 104 18 56
87 67 21 56
87 84 24 56
185 185 16 56
185 197 19 56
185 198 20 56
185 198 21 56
185 195 22 56
185 194 23 56
185 194 24 56
185 187 28 56
185 187 29 56
185 172 33 56
185 174 35 56
185 172 36 56
87 96 12 57
87 96 13 57
87 96 14 57
87 104 17 57
87 67 20 57
87 84 23 57
185 185 15 57
185 197 18 57
185 198 19 57
185 198 20 57
185 195 21 57
185 194 22 57
185 194 23 57
185 187 27 57
185 187 28 57
185 172 32 57
185 174 34 57
185 172 35 57
185 200 39 57
87 96 11 58
87 96 12 58
87 96 13 58
87 104 16 58
87 67 19 58
87 84 22 58
187 185 14 58
187 197 17 58
187 198 18 58
187 198 19 58
187 195 20 58
187 194 21 58
187 194 22 58
187 187 26 58
187 187 27 58
187 172 31 58
187 174 33 58
187 172 34 58
187 200 38 58
187 197 39 58
187 185 13 59
187 197 16 59
187 198 17 59
187 198 18 59
187 195 19 59
187 194 20 59
187 194 21 59
187 187 25 59
187 187 26 59
187 172 30 59
187 174 32 59
187 172 33 59
187 200 37 59
187 197 38 59
187 197 39 59
184 185 12 60
184 197 15 60
184 198 16 60
184 198 17 60
184 195 18 60
184 194 19 60
184 194 20 60
184 187 24 60
184 187 25 60
184 172 29 60
184 174 31 60
184 172 32 60
184 200 36 60
184 197 37 60
184 197 38 60
234 246 10 61
234 247 12 61
234 247 13 61
234 214 29 61
234 241 32 61
234 240 33 61
234 243 34 61
138 120 16 62
138 119 31 62
38 57 36 63
38 56 37 63
38 55 38 63
87 104 11 63
87 67 14 63
87 84 17 63
87 97 37 63
87 97 38 63
136 120 15 63
136 119 30 63
38 57 35 64
38 56 36 64
38 55 37 64
87 104 10 64
87 67 13 64
87 84 16 64
87 97 36 64
87 97 37 64
136 120 14 64
136 119 29 64
135 120 13 65
135 119 28 65
152 169 39 66
153 172 22 67
153 172 25 67
153 169 38 67
96 84 11 69
96 97 31 69
96 97 32 69
96 107 37 69
246 241 24 69
246 240 25 69
246 243 26 69
246 241 37 69
246 240 38 69
96 84 10 70
96 97 30 70
96 97 31 70
96 107 36 70
246 241 23 70
246 240 24 70
246 243 25 70
246 241 36 70
246 240 37 70
96 97 29 71
96 97 30 71
96 107 35 71
246 241 22 71
246 240 23 71
246 243 24 71
246 241 35 71
246 240 36 71
116 119 21 72
116 97 28 72
116 97 29 72
116 107 34 72
185 187 12 72
185 187 13 72
185 172 17 72
185 174 19 72
185 172 20 72
185 200 24 72
185 197 25 72
185 197 26 72
185 175 32 72
185 169 33 72
185 199 36 72
185 199 37 72
185 199 38 72
185 195 39 72
113 119 20 73
113 97 27 73
113 97 28 73
113 107 33 73
247 241 20 73
247 240 21 73
247 243 22 73
247 241 33 73
247 240 34 73
104 119 19 74
104 97 26 74
104 97 27 74
104 107 32 74
104 87 38 74
104 90 39 74
247 241 19 74
247 240 20 74
247 243 21 74
247 241 32 74
247 240 33 74
197 187 10 75
197 207 11 75
197 207 12 75
197 207 13 75
197 214 15 75
197 200 21 75
197 197 22 75
197 197 23 75
197 207 24 75
197 207 25 75
197 207 26 75
197 210 27 75
197 211 28 75
197 199 33 75
197 199 34 75
197 199 35 75
197 195 36 75
197 186 37 75
197 185 38 75
197 187 39 75
198 207 10 76
198 207 11 76
198 207 12 76
198 214 14 76
198 200 20 76
198 197 21 76
198 197 22 76
198 207 23 76
198 207 24 76
198 207 25 76
198 210 26 76
198 211 27 76
198 199 32 76
198 199 33 76
198 199 34 76
198 195 35 76
198 186 36 76
198 185 37 76
198 187 38 76
67 62 10 77
67 63 10 77
67 62 11 77
67 63 11 77
67 62 12 77
67 61 15 77
67 57 22 77
67 56 23 77
67 55 24 77
67 86 39 77
198 207 10 77
198 207 11 77
198 214 13 77
198 200 19 77
198 197 20 77
198 197 21 77
198 207 22 77
198 207 23 77
198 207 24 77
198 210 25 77
198 211 26 77
198 199 31 77
198 199 32 77
198 199 33 77
198 195 34 77
198 186 35 77
198 185 36 77
198 187 37 77
120 119 15 78
120 107 28 78
120 136 38 78
195 207 10 78
195 214 12 78
195 200 18 78
195 197 19 78
195 197 20 78
195 207 21 78
195 207 22 78
195 207 23 78
195 210 24 78
195 211 25 78
195 175 26 78
195 199 30 78
195 199 31 78
195 199 32 78
195 195 33 78
195 186 34 78
195 185 35 78
195 187 36 78
195 185 39 78
194 174 12 79
194 200 17 79
194 197 18 79
194 197 19 79
194 207 20 79
194 207 21 79
194 207 22 79
194 210 23 79
194 211 24 79
194 175 25 79
194 199 29 79
194 199 30 79
194 199 31 79
194 195 32 79
194 186 33 79
194 185 34 79
194 187 35 79
194 185 38 79
194 184 39 79
84 97 20 80
84 97 21 80
84 87 32 80
84 90 33 80
84 91 34 80
84 86 36 80
84 86 37 80
84 83 38 80
84 83 39 80
194 174 11 80
194 200 16 80
194 197 17 80
194 197 18 80
194 207 19 80
194 207 20 80
194 207 21 80
194 210 22 80
194 211 23 80
194 175 24 80
194 199 28 80
194 199 29 80
194 199 30 80
194 195 31 80
194 186 32 80
194 185 33 80
194 187 34 80
194 185 37 80
194 184 38 80
207 200 15 81
207 197 16 81
207 197 17 81
207 207 18 81
207 207 19 81
207 207 20 81
207 210 21 81
207 211 22 81
207 199 27 81
207 199 28 81
207 199 29 81
207 195 30 81
207 187 33 81
207 187 39 81
207 200 14 82
207 197 15 82
207 197 16 82
207 207 17 82
207 207 18 82
207 207 19 82
207 210 20 82
207 211 21 82
207 199 26 82
207 199 27 82
207 199 28 82
207 195 29 82
207 187 32 82
207 187 38 82
207 200 13 83
207 197 14 83
207 197 15 83
207 207 16 83
207 207 17 83
207 207 18 83
207 210 19 83
207 211 20 83
207 199 25 83
207 199 26 83
207 199 27 83
207 195 28 83
207 187 31 83
207 187 37 83
187 200 12 84
187 197 13 84
187 197 14 84
187 175 20 84
187 169 21 84
187 199 24 84
187 199 25 84
187 199 26 84
187 195 27 84
187 186 28 84
187 185 29 84
187 187 30 84
187 185 33 84
187 184 34 84
187 187 36 84
187 200 11 85
187 197 12 85
187 197 13 85
187 175 19 85
187 169 20 85
187 199 23 85
187 199 24 85
187 199 25 85
187 195 26 85
187 186 27 85
187 185 28 85
187 187 29 85
187 185 32 85
187 184 33 85
187 187 35 85
207 200 10 86
207 197 11 86
207 197 12 86
207 207 13 86
207 207 14 86
207 207 15 86
207 210 16 86
207 211 17 86
207 199 22 86
207 199 23 86
207 199 24 86
207 195 25 86
207 187 28 86
207 187 34 86
62 57 12 87
62 56 13 87
62 55 14 87
63 57 12 87
63 56 13 87
63 55 14 87
207 197 10 87
207 197 11 87
207 207 12 87
207 207 13 87
207 207 14 87
207 210 15 87
207 211 16 87
207 199 21 87
207 199 22 87
207 199 23 87
207 195 24 87
207 187 27 87
207 187 33 87
62 57 11 88
62 56 12 88
62 55 13 88
63 57 11 88
63 56 12 88
63 55 13 88
207 197 10 88
207 207 11 88
207 207 12 88
207 207 13 88
207 210 14 88
207 211 15 88
207 199 20 88
207 199 21 88
207 199 22 88
207 195 23 88
207 187 26 88
207 187 32 88
62 57 10 89
62 56 11 89
62 55 12 89
172 175 15 89
172 169 16 89
172 186 23 89
172 185 24 89
172 187 25 89
172 185 28 89
172 184 29 89
172 187 31 89
214 207 10 90
214 207 11 90
214 210 12 90
214 211 13 90
214 199 18 90
214 199 19 90
214 199 20 90
214 195 21 90
174 175 13 91
174 169 14 91
174 186 21 91
174 185 22 91
174 187 23 91
174 185 26 91
174 184 27 91
174 187 29 91
172 175 12 92
172 169 13 92
172 186 20 92
172 185 21 92
172 187 22 92
172 185 25 92
172 184 26 92
172 187 28 92
119 107 13 93
119 136 23 93
241 241 13 93
241 240 14 93
241 234 26 93
240 241 12 94
240 240 13 94
240 234 25 94
243 241 11 95
243 240 12 95
243 234 24 95
200 199 12 96
200 199 13 96
200 199 14 96
200 195 15 96
200 186 16 96
200 185 17 96
200 187 18 96
200 185 21 96
200 184 22 96
200 187 24 96
197 199 11 97
197 199 12 97
197 199 13 97
197 195 14 97
197 186 15 97
197 185 16 97
197 187 17 97
197 185 20 97
197 184 21 97
197 187 23 97
197 199 10 98
197 199 11 98
197 199 12 98
197 195 13 98
197 186 14 98
197 185 15 98
197 187 16 98
197 185 19 98
197 184 20 98
197 187 22 98
57 40 13 99
57 37 18 99
57 37 19 99
207 199 10 99
207 199 11 99
207 195 12 99
207 187 15 99
207 187 21 99
56 40 12 100
56 37 17 100
56 37 18 100
97 87 12 100
97 90 13 100
97 91 14 100
97 86 16 100
97 86 17 100
97 83 18 100
97 83 19 100
97 83 20 100
207 199 10 100
207 195 11 100
207 187 14 100
207 187 20 100
55 40 11 101
55 37 16 101
55 37 17 101
97 87 11 101
97 90 12 101
97 91 13 101
97 86 15 101
97 86 16 101
97 83 17 101
97 83 18 101
97 83 19 101
207 195 10 101
207 187 13 101
207 187 19 101
175 187 10 104
175 185 13 104
175 184 14 104
175 187 16 104
169 185 12 105
169 184 13 105
169 187 15 105
241 234 13 106
240 234 12 107
199 184 10 108
199 187 12 108
199 187 11 109
199 187 10 110
