20 43 16 0
20 74 16 0
20 8 21 0
20 39 21 0
20 64 22 0
20 1 24 0
20 3 24 0
20 7 24 0
20 20 24 0
20 33 24 0
20 13 25 0
20 9 28 0
20 31 28 0
20 67 28 0
20 62 29 0
20 63 29 0
430 438 10 0
430 478 15 0
430 445 16 0
430 395 24 0
430 489 28 0
430 377 29 0
26 43 15 1
26 74 15 1
26 8 20 1
26 39 20 1
26 64 21 1
26 1 23 1
26 3 23 1
26 7 23 1
26 20 23 1
26 33 23 1
26 13 24 1
26 9 27 1
26 31 27 1
26 67 27 1
26 62 28 1
26 63 28 1
26 83 29 1
431 478 14 1
431 445 15 1
431 395 23 1
431 489 27 1
431 377 28 1
614 639 10 1
614 668 12 1
614 666 13 1
614 664 14 1
614 653 15 1
298 341 10 2
298 240 11 2
298 303 11 2
298 326 12 2
298 248 14 2
298 292 23 2
298 241 28 2
298 261 28 2
614 668 11 2
614 666 12 2
614 664 13 2
614 653 14 2
614 557 29 2
13 43 12 4
13 8 17 4
13 39 17 4
13 64 18 4
13 1 20 4
13 3 20 4
13 7 20 4
13 20 20 4
13 33 20 4
13 13 21 4
13 9 24 4
13 31 24 4
13 67 24 4
13 62 25 4
13 63 25 4
13 27 29 4
13 36 29 4
16 43 12 4
16 74 12 4
16 8 17 4
16 39 17 4
16 64 18 4
16 1 20 4
16 3 20 4
16 7 20 4
16 20 20 4
16 33 20 4
16 13 21 4
16 9 24 4
16 31 24 4
16 67 24 4
16 62 25 4
16 63 25 4
16 27 29 4
16 36 29 4
43 43 12 4
43 74 12 4
43 8 17 4
43 39 17 4
43 64 18 4
43 1 20 4
43 3 20 4
43 7 20 4
43 20 20 4
43 33 20 4
43 90 20 4
43 13 21 4
43 9 24 4
43 31 24 4
43 67 24 4
43 62 25 4
43 63 25 4
43 83 26 4
43 27 29 4
43 36 29 4
108 148 10 4
108 74 12 4
108 64 18 4
108 90 20 4
108 150 20 4
108 128 21 4
108 67 24 4
108 134 24 4
108 62 25 4
108 63 25 4
108 83 26 4
108 121 28 4
131 148 10 4
131 74 12 4
131 90 20 4
131 150 20 4
131 128 21 4
131 134 24 4
131 83 26 4
131 121 28 4
407 445 12 4
407 359 14 4
407 363 16 4
407 395 20 4
407 377 25 4
407 399 27 4
407 436 28 4
607 666 10 4
607 664 11 4
607 653 12 4
607 547 26 4
607 557 27 4
2 43 11 5
2 8 16 5
2 39 16 5
2 1 19 5
2 3 19 5
2 7 19 5
2 20 19 5
2 33 19 5
2 13 20 5
2 9 23 5
2 31 23 5
2 27 28 5
2 36 28 5
2 30 29 5
2 43 29 5
13 43 11 5
13 8 16 5
13 39 16 5
13 64 17 5
13 1 19 5
13 3 19 5
13 7 19 5
13 20 19 5
13 33 19 5
13 13 20 5
13 9 23 5
13 31 23 5
13 67 23 5
13 62 24 5
13 63 24 5
13 27 28 5
13 36 28 5
13 30 29 5
13 43 29 5
15 43 11 5
15 74 11 5
15 8 16 5
15 39 16 5
15 64 17 5
15 1 19 5
15 3 19 5
15 7 19 5
15 20 19 5
15 33 19 5
15 13 20 5
15 9 23 5
15 31 23 5
15 67 23 5
15 62 24 5
15 63 24 5
15 27 28 5
15 36 28 5
15 30 29 5
15 43 29 5
104 74 11 5
104 64 17 5
104 90 19 5
104 150 19 5
104 128 20 5
104 67 23 5
104 134 23 5
104 62 24 5
104 63 24 5
104 83 25 5
104 121 27 5
104 126 29 5
137 90 19 5
137 150 19 5
137 128 20 5
137 134 23 5
137 83 25 5
137 121 27 5
137 126 29 5
481 478 10 5
481 445 11 5
481 521 13 5
481 533 15 5
481 536 16 5
481 538 17 5
481 489 23 5
481 517 23 5
481 537 24 5
481 436 27 5
614 664 10 5
614 653 11 5
614 557 26 5
131 74 10 6
131 90 18 6
131 150 18 6
131 128 19 6
131 134 22 6
131 83 24 6
131 121 26 6
131 126 28 6
630 653 10 6
630 687 17 6
0 8 14 7
0 39 14 7
0 1 17 7
0 3 17 7
0 7 17 7
0 20 17 7
0 33 17 7
0 13 18 7
0 9 21 7
0 31 21 7
0 27 26 7
0 36 26 7
0 30 27 7
0 43 27 7
0 2 29 7
0 20 29 7
0 42 29 7
2 8 14 7
2 39 14 7
2 1 17 7
2 3 17 7
2 7 17 7
2 20 17 7
2 33 17 7
2 13 18 7
2 9 21 7
2 31 21 7
2 27 26 7
2 36 26 7
2 30 27 7
2 43 27 7
2 2 29 7
2 20 29 7
2 42 29 7
9 8 14 7
9 39 14 7
9 64 15 7
9 1 17 7
9 3 17 7
9 7 17 7
9 20 17 7
9 33 17 7
9 13 18 7
9 9 21 7
9 31 21 7
9 67 21 7
9 62 22 7
9 63 22 7
9 27 26 7
9 36 26 7
9 30 27 7
9 43 27 7
9 2 29 7
9 20 29 7
9 42 29 7
157 216 13 7
157 199 14 7
157 150 17 7
157 128 18 7
157 211 20 7
157 134 21 7
157 121 25 7
157 126 27 7
157 136 29 7
294 292 18 7
294 241 23 7
294 261 23 7
294 269 26 7
294 296 27 7
294 298 28 7
766 733 25 7
766 736 27 7
766 733 29 7
8 8 13 8
8 39 13 8
8 64 14 8
8 1 16 8
8 3 16 8
8 7 16 8
8 20 16 8
8 33 16 8
8 13 17 8
8 9 20 8
8 31 20 8
8 67 20 8
8 62 21 8
8 63 21 8
8 27 25 8
8 36 25 8
8 30 26 8
8 43 26 8
8 2 28 8
8 20 28 8
8 42 28 8
8 25 29 8
8 38 29 8
135 90 16 8
135 150 16 8
135 128 17 8
135 134 20 8
135 83 22 8
135 121 24 8
135 126 26 8
135 136 28 8
135 123 29 8
135 137 29 8
363 359 10 8
363 363 12 8
363 395 16 8
363 377 21 8
363 399 23 8
604 544 16 8
604 547 22 8
604 557 23 8
438 395 15 9
438 489 19 9
438 399 22 9
438 436 23 9
438 438 27 9
121 64 12 10
121 90 14 10
121 150 14 10
121 128 15 10
121 67 18 10
121 134 18 10
121 62 19 10
121 63 19 10
121 83 20 10
121 121 22 10
121 126 24 10
121 136 26 10
121 123 27 10
121 137 27 10
121 131 28 10
121 130 29 10
438 395 14 10
438 489 18 10
438 399 21 10
438 436 22 10
438 438 26 10
683 687 13 10
683 733 22 10
683 736 24 10
683 733 26 10
683 733 27 10
104 64 11 11
104 90 13 11
104 150 13 11
104 128 14 11
104 67 17 11
104 134 17 11
104 62 18 11
104 63 18 11
104 83 19 11
104 121 21 11
104 126 23 11
104 136 25 11
104 123 26 11
104 137 26 11
104 131 27 11
104 130 28 11
104 158 29 11
147 199 10 11
147 90 13 11
147 150 13 11
147 128 14 11
147 134 17 11
147 121 21 11
147 126 23 11
147 136 25 11
147 123 26 11
147 137 26 11
147 131 27 11
147 130 28 11
147 158 29 11
326 292 14 11
326 377 18 11
326 269 22 11
326 296 23 11
326 298 24 11
326 353 27 11
326 274 28 11
326 293 29 11
639 687 12 11
639 629 29 11
104 64 10 12
104 90 12 12
104 150 12 12
104 128 13 12
104 67 16 12
104 134 16 12
104 62 17 12
104 63 17 12
104 83 18 12
104 121 20 12
104 126 22 12
104 136 24 12
104 123 25 12
104 137 25 12
104 131 26 12
104 130 27 12
104 158 28 12
104 147 29 12
144 90 12 12
144 150 12 12
144 128 13 12
144 134 16 12
144 121 20 12
144 126 22 12
144 136 24 12
144 123 25 12
144 137 25 12
144 131 26 12
144 130 27 12
144 158 28 12
144 147 29 12
341 395 12 12
341 292 13 12
341 377 17 12
341 399 19 12
341 296 22 12
341 298 23 12
341 353 26 12
341 293 28 12
511 538 10 12
511 544 12 12
511 541 15 12
511 489 16 12
511 517 16 12
511 537 17 12
511 547 18 12
511 557 19 12
109 90 11 13
109 150 11 13
109 128 12 13
109 67 15 13
109 134 15 13
109 62 16 13
109 63 16 13
109 83 17 13
109 121 19 13
109 126 21 13
109 136 23 13
109 123 24 13
109 137 24 13
109 131 25 13
109 130 26 13
109 158 27 13
109 147 28 13
109 81 29 13
240 292 12 13
240 211 14 13
240 218 16 13
240 241 17 13
240 261 17 13
240 269 20 13
240 233 21 13
240 296 21 13
240 298 22 13
240 263 24 13
240 274 26 13
240 293 27 13
303 292 12 13
303 261 17 13
303 269 20 13
303 296 21 13
303 298 22 13
303 263 24 13
303 353 25 13
303 274 26 13
303 293 27 13
668 687 10 13
668 629 27 13
148 90 10 14
148 150 10 14
148 128 11 14
148 134 14 14
148 121 18 14
148 126 20 14
148 136 22 14
148 123 23 14
148 137 23 14
148 131 24 14
148 130 25 14
148 158 26 14
148 147 27 14
148 119 29 14
326 292 11 14
326 377 15 14
326 269 19 14
326 296 20 14
326 298 21 14
326 353 24 14
326 274 25 14
326 293 26 14
326 274 29 14
666 629 26 14
666 708 29 14
478 489 13 15
478 517 13 15
478 537 14 15
478 436 17 15
478 438 21 15
478 438 27 15
664 629 25 15
664 708 28 15
43 9 12 16
43 31 12 16
43 67 12 16
43 62 13 16
43 63 13 16
43 83 14 16
43 27 17 16
43 36 17 16
43 30 18 16
43 43 18 16
43 2 20 16
43 20 20 16
43 42 20 16
43 25 21 16
43 38 21 16
43 81 26 16
43 93 28 16
74 31 12 16
74 67 12 16
74 62 13 16
74 63 13 16
74 83 14 16
74 121 16 16
74 27 17 16
74 36 17 16
74 30 18 16
74 43 18 16
74 126 18 16
74 20 20 16
74 42 20 16
74 25 21 16
74 38 21 16
74 123 21 16
74 131 22 16
74 130 23 16
74 81 26 16
74 119 27 16
74 93 28 16
74 129 28 16
248 211 11 16
248 218 13 16
248 241 14 16
248 261 14 16
248 269 17 16
248 233 18 16
248 296 18 16
248 298 19 16
248 263 21 16
248 274 23 16
248 293 24 16
248 274 27 16
445 489 12 16
445 399 15 16
445 436 16 16
445 438 20 16
445 438 26 16
445 400 28 16
445 404 29 16
653 629 24 16
653 602 26 16
653 708 27 16
359 377 11 18
359 399 13 18
359 353 20 18
359 400 26 18
359 404 27 18
521 489 10 18
521 517 10 18
521 537 11 18
521 547 12 18
521 557 13 18
521 550 26 18
521 553 27 18
695 733 13 19
695 736 15 19
695 733 17 19
695 733 18 19
695 708 24 19
695 719 29 19
216 241 10 20
216 261 10 20
216 269 13 20
216 233 14 20
216 263 17 20
216 274 19 20
216 158 20 20
216 274 23 20
216 179 27 20
216 189 28 20
216 188 29 20
363 399 11 20
363 353 18 20
363 400 24 20
363 404 25 20
363 387 29 20
533 547 10 20
533 557 11 20
533 550 24 20
533 553 25 20
533 519 29 20
8 27 12 21
8 36 12 21
8 30 13 21
8 43 13 21
8 2 15 21
8 20 15 21
8 42 15 21
8 25 16 21
8 38 16 21
8 8 25 21
8 58 27 21
39 27 12 21
39 36 12 21
39 30 13 21
39 43 13 21
39 2 15 21
39 20 15 21
39 42 15 21
39 25 16 21
39 38 16 21
39 81 21 21
39 93 23 21
39 8 25 21
39 58 27 21
199 233 13 21
199 158 19 21
199 147 20 21
199 143 25 21
199 179 26 21
199 189 27 21
199 188 28 21
536 557 10 21
536 550 23 21
536 553 24 21
536 519 28 21
64 121 10 22
64 27 11 22
64 36 11 22
64 30 12 22
64 43 12 22
64 20 14 22
64 42 14 22
64 25 15 22
64 38 15 22
64 123 15 22
64 81 20 22
64 119 21 22
64 93 22 22
64 8 24 22
64 105 24 22
64 58 26 22
223 269 11 22
223 233 12 22
223 263 15 22
223 274 17 22
223 274 21 22
223 179 25 22
223 189 26 22
223 188 27 22
223 218 29 22
538 550 22 22
538 553 23 22
538 519 27 22
687 736 11 23
687 733 13 23
687 733 14 23
687 629 17 23
687 708 20 23
687 719 25 23
687 719 28 23
1 30 10 24
1 43 10 24
1 2 12 24
1 20 12 24
1 42 12 24
1 25 13 24
1 38 13 24
1 8 22 24
1 58 24 24
1 57 28 24
3 30 10 24
3 43 10 24
3 2 12 24
3 20 12 24
3 42 12 24
3 25 13 24
3 38 13 24
3 8 22 24
3 58 24 24
3 57 28 24
7 30 10 24
7 43 10 24
7 2 12 24
7 20 12 24
7 42 12 24
7 25 13 24
7 38 13 24
7 8 22 24
7 58 24 24
7 57 28 24
20 30 10 24
20 43 10 24
20 2 12 24
20 20 12 24
20 42 12 24
20 25 13 24
20 38 13 24
20 8 22 24
20 58 24 24
20 57 28 24
33 30 10 24
33 43 10 24
33 2 12 24
33 20 12 24
33 42 12 24
33 25 13 24
33 38 13 24
33 81 18 24
33 8 22 24
33 58 24 24
33 57 28 24
90 30 10 24
90 43 10 24
90 126 10 24
90 42 12 24
90 136 12 24
90 38 13 24
90 123 13 24
90 137 13 24
90 131 14 24
90 130 15 24
90 147 17 24
90 81 18 24
90 119 19 24
90 93 20 24
90 129 20 24
90 105 22 24
90 143 22 24
90 58 24 24
90 57 28 24
150 126 10 24
150 136 12 24
150 123 13 24
150 137 13 24
150 131 14 24
150 130 15 24
150 158 16 24
150 147 17 24
150 119 19 24
150 93 20 24
150 129 20 24
150 105 22 24
150 143 22 24
150 179 23 24
150 189 24 24
150 188 25 24
150 184 28 24
150 174 29 24
395 438 12 24
395 353 14 24
395 438 18 24
395 400 20 24
395 404 21 24
395 438 22 24
395 387 25 24
544 602 18 24
544 550 20 24
544 553 21 24
544 519 25 24
544 532 28 24
544 534 29 24
13 2 11 25
13 20 11 25
13 42 11 25
13 25 12 25
13 38 12 25
13 8 21 25
13 58 23 25
13 57 27 25
128 136 11 25
128 123 12 25
128 137 12 25
128 131 13 25
128 130 14 25
128 158 15 25
128 147 16 25
128 81 17 25
128 119 18 25
128 93 19 25
128 129 19 25
128 105 21 25
128 143 21 25
128 179 22 25
128 184 27 25
128 174 28 25
292 298 10 25
292 263 12 25
292 274 14 25
292 293 15 25
292 274 18 25
292 286 22 25
292 317 26 25
292 256 27 25
292 255 28 25
211 263 10 27
211 158 13 27
211 179 20 27
211 189 21 27
211 188 22 27
211 218 24 27
211 184 25 27
211 256 25 27
211 174 26 27
211 255 26 27
541 550 17 27
541 553 18 27
541 519 22 27
541 532 25 27
541 534 26 27
9 8 18 28
9 58 20 28
9 57 24 28
31 81 14 28
31 8 18 28
31 58 20 28
31 57 24 28
67 81 14 28
67 119 15 28
67 93 16 28
67 8 18 28
67 105 18 28
67 58 20 28
67 57 24 28
134 131 10 28
134 130 11 28
134 158 12 28
134 147 13 28
134 81 14 28
134 119 15 28
134 93 16 28
134 129 16 28
134 105 18 28
134 143 18 28
134 179 19 28
134 189 20 28
134 188 21 28
134 184 24 28
134 174 25 28
489 438 14 28
489 438 18 28
489 519 21 28
489 532 24 28
489 534 25 28
517 550 16 28
517 553 17 28
517 519 21 28
517 532 24 28
517 534 25 28
62 81 13 29
62 119 14 29
62 93 15 29
62 8 17 29
62 105 17 29
62 58 19 29
62 57 23 29
63 81 13 29
63 119 14 29
63 93 15 29
63 8 17 29
63 105 17 29
63 58 19 29
63 57 23 29
218 274 10 29
218 158 11 29
218 274 14 29
218 179 18 29
218 189 19 29
218 188 20 29
218 218 22 29
218 184 23 29
218 256 23 29
218 174 24 29
218 255 24 29
377 400 15 29
377 404 16 29
377 387 20 29
377 317 22 29
537 550 15 29
537 553 16 29
537 519 20 29
537 532 23 29
537 534 24 29
83 81 12 30
83 119 13 30
83 93 14 30
83 129 14 30
83 105 16 30
83 58 18 30
83 57 22 30
241 293 10 30
241 274 13 30
241 286 17 30
241 189 18 30
241 188 19 30
241 218 21 30
241 184 22 30
241 256 22 30
241 255 23 30
261 293 10 30
261 274 13 30
261 286 17 30
261 218 21 30
261 317 21 30
261 256 22 30
261 255 23 30
547 602 12 30
547 550 14 30
547 553 15 30
547 519 19 30
547 532 22 30
547 534 23 30
399 438 11 31
399 400 13 31
399 404 14 31
399 438 15 31
399 387 18 31
557 602 11 31
557 550 13 31
557 553 14 31
557 519 18 31
557 532 21 31
557 534 22 31
121 81 10 32
121 119 11 32
121 93 12 32
121 129 12 32
121 105 14 32
121 143 14 32
121 179 15 32
121 174 21 32
121 78 29 32
121 153 29 32
436 438 10 32
436 400 12 32
436 404 13 32
436 438 14 32
436 387 17 32
436 403 29 32
733 708 11 32
733 719 16 32
733 719 19 32
733 718 29 32
27 8 13 33
27 58 15 33
27 57 19 33
27 78 28 33
27 28 29 33
27 32 29 33
36 93 11 33
36 8 13 33
36 58 15 33
36 57 19 33
36 78 28 33
36 28 29 33
36 32 29 33
269 274 10 33
269 286 14 33
269 218 18 33
269 317 18 33
269 256 19 33
269 255 20 33
269 259 29 33
30 8 12 34
30 58 14 34
30 57 18 34
30 78 27 34
30 28 28 34
30 32 28 34
43 93 10 34
43 8 12 34
43 58 14 34
43 57 18 34
43 78 27 34
43 28 28 34
43 32 28 34
126 93 10 34
126 129 10 34
126 105 12 34
126 143 12 34
126 179 13 34
126 184 18 34
126 174 19 34
126 78 27 34
126 153 27 34
126 119 28 34
126 139 28 34
126 171 29 34
233 179 13 34
233 286 13 34
233 189 14 34
233 188 15 34
233 218 17 34
233 184 18 34
233 256 18 34
233 174 19 34
233 255 19 34
233 259 28 34
296 286 13 34
296 317 17 34
296 256 18 34
296 255 19 34
296 259 28 34
736 719 14 34
736 719 17 34
736 718 27 34
298 286 12 35
298 317 16 35
298 256 17 35
298 255 18 35
298 259 27 35
2 8 10 36
2 58 12 36
2 57 16 36
2 28 26 36
2 32 26 36
20 8 10 36
20 58 12 36
20 57 16 36
20 78 25 36
20 28 26 36
20 32 26 36
42 8 10 36
42 58 12 36
42 57 16 36
42 78 25 36
42 28 26 36
42 32 26 36
136 105 10 36
136 143 10 36
136 179 11 36
136 189 12 36
136 188 13 36
136 184 16 36
136 174 17 36
136 78 25 36
136 153 25 36
136 119 26 36
136 139 26 36
136 171 27 36
136 123 28 36
136 154 28 36
438 438 10 36
438 387 13 36
438 403 25 36
438 434 27 36
438 474 28 36
438 435 29 36
733 719 12 36
733 719 15 36
733 718 25 36
733 753 28 36
25 58 11 37
25 57 15 37
25 78 24 37
25 28 25 37
25 32 25 37
38 58 11 37
38 57 15 37
38 78 24 37
38 28 25 37
38 32 25 37
123 179 10 37
123 174 16 37
123 78 24 37
123 153 24 37
123 119 25 37
123 139 25 37
123 171 26 37
123 123 27 37
123 154 27 37
137 179 10 37
137 189 11 37
137 188 12 37
137 184 15 37
137 174 16 37
137 78 24 37
137 153 24 37
137 119 25 37
137 139 25 37
137 171 26 37
137 123 27 37
137 154 27 37
263 286 10 37
263 218 14 37
263 317 14 37
263 256 15 37
263 255 16 37
263 259 25 37
263 235 29 37
733 719 11 37
733 719 14 37
733 718 24 37
733 753 27 37
733 733 29 37
131 189 10 38
131 188 11 38
131 184 14 38
131 174 15 38
131 78 23 38
131 153 23 38
131 119 24 38
131 139 24 38
131 171 25 38
131 123 26 38
131 154 26 38
353 387 11 38
353 317 13 38
353 403 23 38
130 188 10 39
130 184 13 39
130 174 14 39
130 78 22 39
130 153 22 39
130 119 23 39
130 139 23 39
130 171 24 39
130 123 25 39
130 154 25 39
274 218 12 39
274 317 12 39
274 256 13 39
274 255 14 39
274 259 23 39
274 235 27 39
158 184 12 40
158 174 13 40
158 153 21 40
158 119 22 40
158 139 22 40
158 171 23 40
158 123 24 40
158 154 24 40
293 317 11 40
293 256 12 40
293 255 13 40
293 259 22 40
293 235 26 40
629 608 22 40
629 605 23 40
629 651 25 40
147 184 11 41
147 174 12 41
147 153 20 41
147 119 21 41
147 139 21 41
147 171 22 41
147 123 23 41
147 154 23 41
81 57 10 42
81 78 19 42
81 28 20 42
81 32 20 42
81 119 20 42
81 139 20 42
81 123 22 42
438 403 19 42
438 434 21 42
438 474 22 42
438 435 23 42
602 608 20 42
602 605 21 42
602 651 23 42
119 174 10 43
119 78 18 43
119 153 18 43
119 119 19 43
119 139 19 43
119 171 20 43
119 123 21 43
119 154 21 43
274 255 10 43
274 259 19 43
274 235 23 43
708 718 18 43
708 753 21 43
708 651 22 43
708 733 23 43
93 78 17 44
93 119 18 44
93 139 18 44
93 123 20 44
129 78 17 44
129 153 17 44
129 119 18 44
129 139 18 44
129 171 19 44
129 123 20 44
129 154 20 44
400 403 17 44
400 434 19 44
400 435 21 44
550 608 18 44
550 605 19 44
404 403 16 45
404 434 18 45
404 435 20 45
553 608 17 45
553 605 18 45
8 28 16 46
8 32 16 46
105 78 15 46
105 153 15 46
105 119 16 46
105 139 16 46
105 123 18 46
105 154 18 46
143 153 15 46
143 119 16 46
143 139 16 46
143 171 17 46
143 123 18 46
143 154 18 46
438 403 15 46
438 434 17 46
438 474 18 46
438 435 19 46
626 608 16 46
626 605 17 46
626 651 19 46
179 153 14 47
179 119 15 47
179 139 15 47
179 171 16 47
179 123 17 47
179 154 17 47
179 235 19 47
286 259 15 47
286 235 19 47
58 78 13 48
58 28 14 48
58 32 14 48
189 153 13 48
189 139 14 48
189 171 15 48
189 154 16 48
189 235 18 48
719 718 13 48
719 753 16 48
719 733 18 48
188 153 12 49
188 139 13 49
188 171 14 49
188 154 15 49
188 235 17 49
387 403 12 49
387 434 14 49
387 435 16 49
519 474 15 49
218 259 11 51
218 171 12 51
218 235 15 51
317 259 11 51
719 718 10 51
719 753 13 51
719 733 15 51
57 28 10 52
57 32 10 52
184 139 10 52
184 171 11 52
184 154 12 52
184 235 14 52
256 259 10 52
256 235 14 52
532 474 12 52
174 171 10 53
174 123 11 53
174 154 11 53
255 235 13 53
534 474 11 53
