198 219 5 0
198 196 11 0
198 193 16 0
198 180 31 0
198 192 32 0
198 175 49 0
198 177 53 0
699 724 20 0
699 717 49 0
129 144 5 1
129 135 6 1
129 149 7 1
129 150 9 1
129 124 14 1
129 140 36 1
129 138 37 1
129 124 45 1
129 114 46 1
129 127 46 1
129 108 50 1
129 136 53 1
678 666 10 1
678 654 47 1
43 39 5 2
43 53 6 2
43 15 7 2
43 45 10 2
43 69 10 2
43 54 11 2
43 19 13 2
43 23 14 2
43 72 16 2
43 66 19 2
43 23 29 2
43 44 31 2
43 49 32 2
43 70 33 2
43 57 34 2
43 70 35 2
43 15 39 2
43 59 41 2
43 19 42 2
43 33 42 2
43 29 45 2
43 49 45 2
43 30 46 2
43 59 50 2
43 63 50 2
219 196 9 2
219 193 14 2
219 192 30 2
219 232 38 2
219 235 40 2
219 235 50 2
499 475 10 2
499 517 13 2
499 492 39 2
499 495 40 2
499 499 46 2
937 930 33 2
937 938 43 2
1023 1006 35 2
54 39 4 3
54 53 5 3
54 45 9 3
54 69 9 3
54 54 10 3
54 72 15 3
54 66 18 3
54 44 30 3
54 49 31 3
54 82 31 3
54 70 32 3
54 57 33 3
54 74 33 3
54 70 34 3
54 79 35 3
54 59 40 3
54 33 41 3
54 29 44 3
54 49 44 3
54 30 45 3
54 76 47 3
54 59 49 3
54 63 49 3
54 79 50 3
54 31 53 3
68 39 4 3
68 53 5 3
68 84 8 3
68 45 9 3
68 69 9 3
68 54 10 3
68 97 13 3
68 72 15 3
68 66 18 3
68 85 28 3
68 44 30 3
68 49 31 3
68 82 31 3
68 70 32 3
68 57 33 3
68 74 33 3
68 70 34 3
68 79 35 3
68 96 38 3
68 59 40 3
68 49 44 3
68 86 45 3
68 76 47 3
68 59 49 3
68 63 49 3
68 79 50 3
68 90 51 3
68 97 53 3
339 330 16 3
339 349 17 3
339 321 19 3
339 346 31 3
339 345 34 3
339 335 36 3
339 368 47 3
339 367 48 3
759 778 15 3
759 763 16 3
759 744 31 3
11 0 5 4
11 1 5 4
11 4 5 4
11 7 5 4
11 15 5 4
11 19 11 4
11 23 12 4
11 10 15 4
11 23 27 4
11 10 31 4
11 15 37 4
11 19 40 4
11 33 40 4
11 29 43 4
11 30 44 4
11 16 52 4
11 31 52 4
56 53 4 4
56 84 7 4
56 45 8 4
56 69 8 4
56 54 9 4
56 72 14 4
56 66 17 4
56 85 27 4
56 44 29 4
56 49 30 4
56 82 30 4
56 70 31 4
56 57 32 4
56 74 32 4
56 70 33 4
56 79 34 4
56 59 39 4
56 33 40 4
56 29 43 4
56 49 43 4
56 30 44 4
56 76 46 4
56 59 48 4
56 63 48 4
56 79 49 4
56 31 52 4
75 53 4 4
75 84 7 4
75 45 8 4
75 69 8 4
75 54 9 4
75 97 12 4
75 72 14 4
75 66 17 4
75 85 27 4
75 49 30 4
75 82 30 4
75 70 31 4
75 57 32 4
75 74 32 4
75 70 33 4
75 79 34 4
75 96 37 4
75 59 39 4
75 98 39 4
75 49 43 4
75 86 44 4
75 76 46 4
75 59 48 4
75 63 48 4
75 79 49 4
75 90 50 4
75 97 52 4
137 149 4 4
137 150 6 4
137 163 10 4
137 124 11 4
137 140 33 4
137 138 34 4
137 160 35 4
137 124 42 4
137 114 43 4
137 127 43 4
137 162 44 4
137 108 47 4
137 136 50 4
137 129 51 4
342 330 15 4
342 349 16 4
342 321 18 4
342 346 30 4
342 345 33 4
342 335 35 4
342 368 46 4
342 367 47 4
342 371 49 4
762 778 14 4
762 763 15 4
762 744 30 4
60 84 6 5
60 45 7 5
60 69 7 5
60 54 8 5
60 72 13 5
60 66 16 5
60 85 26 5
60 44 28 5
60 49 29 5
60 82 29 5
60 70 30 5
60 57 31 5
60 74 31 5
60 70 32 5
60 79 33 5
60 59 38 5
60 33 39 5
60 49 42 5
60 30 43 5
60 86 43 5
60 76 45 5
60 59 47 5
60 63 47 5
60 79 48 5
60 31 51 5
73 84 6 5
73 45 7 5
73 69 7 5
73 54 8 5
73 97 11 5
73 72 13 5
73 66 16 5
73 85 26 5
73 44 28 5
73 49 29 5
73 82 29 5
73 70 30 5
73 57 31 5
73 74 31 5
73 70 32 5
73 79 33 5
73 96 36 5
73 59 38 5
73 98 38 5
73 49 42 5
73 86 43 5
73 76 45 5
73 59 47 5
73 63 47 5
73 79 48 5
73 90 49 5
73 97 51 5
219 196 6 5
219 193 11 5
219 192 27 5
219 232 35 5
219 235 37 5
219 235 47 5
349 330 14 5
349 349 15 5
349 321 17 5
349 346 29 5
349 345 32 5
349 335 34 5
349 368 45 5
349 367 46 5
349 371 48 5
349 376 50 5
545 517 10 5
545 572 11 5
545 542 16 5
545 529 17 5
545 574 26 5
545 533 31 5
545 539 33 5
545 570 42 5
545 538 47 5
73 84 5 6
73 45 6 6
73 69 6 6
73 54 7 6
73 97 10 6
73 72 12 6
73 66 15 6
73 85 25 6
73 44 27 6
73 49 28 6
73 82 28 6
73 70 29 6
73 57 30 6
73 74 30 6
73 70 31 6
73 79 32 6
73 96 35 6
73 59 37 6
73 98 37 6
73 49 41 6
73 86 42 6
73 76 44 6
73 59 46 6
73 63 46 6
73 79 47 6
73 90 48 6
73 97 50 6
144 150 4 6
144 163 8 6
144 124 9 6
144 140 31 6
144 138 32 6
144 160 33 6
144 124 40 6
144 114 41 6
144 127 41 6
144 162 42 6
144 136 48 6
144 129 49 6
340 330 13 6
340 349 14 6
340 321 16 6
340 346 28 6
340 345 31 6
340 335 33 6
340 368 44 6
340 367 45 6
584 572 10 6
584 574 25 6
584 582 26 6
584 586 40 6
584 570 41 6
584 598 45 6
584 588 47 6
39 45 5 7
39 54 6 7
39 19 8 7
39 23 9 7
39 10 12 7
39 66 14 7
39 23 24 7
39 44 26 7
39 49 27 7
39 10 28 7
39 57 29 7
39 15 34 7
39 59 36 7
39 19 37 7
39 33 37 7
39 29 40 7
39 49 40 7
39 30 41 7
39 59 45 7
39 63 45 7
39 16 49 7
39 31 49 7
135 163 7 7
135 124 8 7
135 140 30 7
135 138 31 7
135 160 32 7
135 124 39 7
135 114 40 7
135 127 40 7
135 162 41 7
135 108 44 7
135 136 47 7
135 129 48 7
541 517 8 7
541 542 14 7
541 529 15 7
541 533 29 7
541 539 31 7
541 570 40 7
541 538 45 7
53 45 4 8
53 69 4 8
53 54 5 8
53 23 8 8
53 72 10 8
53 66 13 8
53 23 23 8
53 44 25 8
53 49 26 8
53 82 26 8
53 70 27 8
53 57 28 8
53 74 28 8
53 70 29 8
53 79 30 8
53 59 35 8
53 33 36 8
53 29 39 8
53 49 39 8
53 30 40 8
53 76 42 8
53 59 44 8
53 63 44 8
53 79 45 8
53 31 48 8
149 163 6 8
149 124 7 8
149 140 29 8
149 138 30 8
149 160 31 8
149 124 38 8
149 127 39 8
149 162 40 8
149 175 41 8
149 177 45 8
149 136 46 8
149 129 47 8
269 250 7 8
269 259 7 8
269 267 10 8
269 281 13 8
269 257 24 8
269 273 27 8
269 273 28 8
269 272 30 8
269 261 38 8
269 250 49 8
530 517 7 8
530 542 13 8
530 529 14 8
530 533 28 8
530 539 30 8
530 538 44 8
0 19 6 9
0 23 7 9
0 10 10 9
0 23 22 9
0 10 26 9
0 15 32 9
0 19 35 9
0 29 38 9
0 16 47 9
1 19 6 9
1 23 7 9
1 10 10 9
1 23 22 9
1 10 26 9
1 15 32 9
1 19 35 9
1 29 38 9
1 30 39 9
1 16 47 9
4 19 6 9
4 23 7 9
4 10 10 9
4 23 22 9
4 10 26 9
4 15 32 9
4 19 35 9
4 33 35 9
4 29 38 9
4 30 39 9
4 16 47 9
4 31 47 9
7 19 6 9
7 23 7 9
7 10 10 9
7 23 22 9
7 10 26 9
7 15 32 9
7 19 35 9
7 33 35 9
7 29 38 9
7 30 39 9
7 16 47 9
7 31 47 9
15 19 6 9
15 23 7 9
15 10 10 9
15 23 22 9
15 44 24 9
15 10 26 9
15 15 32 9
15 19 35 9
15 33 35 9
15 29 38 9
15 30 39 9
15 16 47 9
15 31 47 9
988 1006 28 9
988 988 31 9
988 979 32 9
150 163 4 10
150 124 5 10
150 140 27 10
150 138 28 10
150 160 29 10
150 124 36 10
150 127 37 10
150 162 38 10
150 175 39 10
150 177 43 10
150 136 44 10
150 129 45 10
853 833 33 10
84 97 5 11
84 72 7 11
84 66 10 11
84 85 20 11
84 82 23 11
84 70 24 11
84 57 25 11
84 74 25 11
84 70 26 11
84 79 27 11
84 96 30 11
84 59 32 11
84 98 32 11
84 86 37 11
84 76 39 11
84 108 40 11
84 59 41 11
84 63 41 11
84 79 42 11
84 90 43 11
84 97 45 11
196 193 5 11
196 180 20 11
196 192 21 11
196 175 38 11
196 177 42 11
384 368 39 11
384 367 40 11
384 406 41 11
384 371 42 11
384 388 43 11
384 376 44 11
666 645 28 11
666 654 37 11
666 693 45 11
45 23 4 12
45 72 6 12
45 66 9 12
45 23 19 12
45 44 21 12
45 49 22 12
45 70 23 12
45 57 24 12
45 74 24 12
45 70 25 12
45 15 29 12
45 59 31 12
45 19 32 12
45 33 32 12
45 29 35 12
45 49 35 12
45 30 36 12
45 59 40 12
45 63 40 12
45 16 44 12
45 31 44 12
69 97 4 12
69 72 6 12
69 66 9 12
69 85 19 12
69 44 21 12
69 49 22 12
69 82 22 12
69 70 23 12
69 57 24 12
69 74 24 12
69 70 25 12
69 79 26 12
69 96 29 12
69 59 31 12
69 98 31 12
69 49 35 12
69 86 36 12
69 76 38 12
69 59 40 12
69 63 40 12
69 79 41 12
69 90 42 12
69 97 44 12
475 459 19 12
475 492 29 12
475 495 30 12
475 465 31 12
475 465 32 12
475 468 33 12
475 499 36 12
616 619 5 12
616 645 27 12
616 586 34 12
616 625 38 12
616 598 39 12
616 588 41 12
616 615 42 12
616 623 43 12
54 72 5 13
54 66 8 13
54 44 20 13
54 49 21 13
54 82 21 13
54 70 22 13
54 57 23 13
54 74 23 13
54 70 24 13
54 79 25 13
54 59 30 13
54 33 31 13
54 29 34 13
54 49 34 13
54 30 35 13
54 76 37 13
54 59 39 13
54 63 39 13
54 79 40 13
54 31 43 13
400 428 36 13
400 406 39 13
400 371 40 13
400 388 41 13
400 376 42 13
802 778 5 13
802 816 20 13
163 180 17 14
163 192 18 14
163 140 23 14
163 138 24 14
163 160 25 14
163 162 34 14
163 175 35 14
163 177 39 14
163 136 40 14
427 439 26 14
427 428 35 14
427 406 38 14
617 645 25 14
617 625 36 14
617 598 37 14
617 588 39 14
617 615 40 14
617 623 41 14
19 10 4 15
19 23 16 15
19 44 18 15
19 10 20 15
19 15 26 15
19 19 29 15
19 33 29 15
19 29 32 15
19 30 33 15
19 16 41 15
19 31 41 15
124 140 22 15
124 138 23 15
124 96 26 15
124 98 28 15
124 124 31 15
124 114 32 15
124 127 32 15
124 108 36 15
124 136 39 15
124 129 40 15
124 97 41 15
250 257 17 15
250 273 20 15
250 273 21 15
250 272 23 15
250 232 25 15
250 235 27 15
250 261 31 15
250 235 37 15
250 250 42 15
259 281 6 15
259 257 17 15
259 273 20 15
259 273 21 15
259 272 23 15
259 232 25 15
259 235 27 15
259 261 31 15
259 235 37 15
259 250 42 15
517 542 6 15
517 529 7 15
517 533 21 15
517 539 23 15
517 492 26 15
517 495 27 15
517 499 33 15
517 538 37 15
23 23 15 16
23 44 17 16
23 49 18 16
23 10 19 16
23 15 25 16
23 19 28 16
23 33 28 16
23 29 31 16
23 49 31 16
23 30 32 16
23 16 40 16
23 31 40 16
97 85 15 16
97 82 18 16
97 70 19 16
97 74 20 16
97 70 21 16
97 79 22 16
97 96 25 16
97 98 27 16
97 124 30 16
97 114 31 16
97 86 32 16
97 76 34 16
97 108 35 16
97 79 37 16
97 90 38 16
97 97 40 16
193 180 15 16
193 192 16 16
193 175 33 16
193 177 37 16
572 542 5 16
572 574 15 16
572 582 16 16
572 586 30 16
572 570 31 16
572 598 35 16
572 588 37 16
619 645 22 17
619 625 33 17
619 598 34 17
619 615 37 17
619 623 38 17
72 85 13 18
72 44 15 18
72 49 16 18
72 82 16 18
72 70 17 18
72 57 18 18
72 74 18 18
72 70 19 18
72 79 20 18
72 96 23 18
72 59 25 18
72 98 25 18
72 49 29 18
72 86 30 18
72 76 32 18
72 59 34 18
72 63 34 18
72 79 35 18
72 90 36 18
72 97 38 18
267 257 14 18
267 273 17 18
267 273 18 18
267 272 20 18
267 261 28 18
267 250 39 18
10 23 12 19
10 10 16 19
10 15 22 19
10 19 25 19
10 33 25 19
10 29 28 19
10 30 29 19
10 16 37 19
10 31 37 19
330 346 15 19
330 345 18 19
330 335 20 19
763 744 15 19
349 346 14 20
349 345 17 20
349 335 19 20
349 368 30 20
349 367 31 20
349 371 33 20
349 376 35 20
724 744 14 20
724 717 29 20
66 85 10 21
66 44 12 21
66 49 13 21
66 82 13 21
66 70 14 21
66 57 15 21
66 74 15 21
66 70 16 21
66 79 17 21
66 59 22 21
66 49 26 21
66 86 27 21
66 76 29 21
66 59 31 21
66 63 31 21
66 79 32 21
66 90 33 21
281 257 11 21
281 273 14 21
281 273 15 21
281 272 17 21
281 261 25 21
542 533 15 21
542 539 17 21
542 570 26 21
542 538 31 21
321 346 12 22
321 345 15 22
321 335 17 22
529 533 14 22
529 539 16 22
529 499 26 22
529 538 30 22
23 10 4 31
23 15 10 31
23 19 13 31
23 33 13 31
23 29 16 31
23 49 16 31
23 30 17 31
23 16 25 31
23 31 25 31
85 70 4 31
85 57 5 31
85 74 5 31
85 70 6 31
85 79 7 31
85 96 10 31
85 59 12 31
85 98 12 31
85 114 16 31
85 86 17 31
85 76 19 31
85 108 20 31
85 59 21 31
85 63 21 31
85 79 22 31
85 90 23 31
85 97 25 31
180 160 8 31
180 162 17 31
180 175 18 31
180 177 22 31
459 439 9 31
459 465 12 31
459 465 13 31
459 468 14 31
574 586 15 31
574 570 16 31
574 598 20 31
574 588 22 31
192 162 16 32
192 175 17 32
192 177 21 32
257 273 4 32
257 272 6 32
257 232 8 32
257 235 10 32
257 261 14 32
257 235 20 32
257 250 25 32
582 586 14 32
582 570 15 32
582 598 19 32
582 588 21 32
44 70 4 33
44 15 8 33
44 59 10 33
44 19 11 33
44 33 11 33
44 29 14 33
44 49 14 33
44 30 15 33
44 59 19 33
44 63 19 33
44 16 23 33
44 31 23 33
816 833 10 33
49 59 9 34
49 19 10 34
49 33 10 34
49 29 13 34
49 49 13 34
49 30 14 34
49 76 16 34
49 59 18 34
49 63 18 34
49 31 22 34
82 79 4 34
82 96 7 34
82 59 9 34
82 98 9 34
82 86 14 34
82 76 16 34
82 108 17 34
82 59 18 34
82 63 18 34
82 79 19 34
82 90 20 34
82 97 22 34
346 335 5 34
346 368 16 34
346 367 17 34
346 371 19 34
744 717 15 34
10 15 6 35
10 19 9 35
10 33 9 35
10 29 12 35
10 30 13 35
10 16 21 35
10 31 21 35
70 96 6 35
70 59 8 35
70 98 8 35
70 49 12 35
70 86 13 35
70 76 15 35
70 59 17 35
70 63 17 35
70 79 18 35
70 90 19 35
70 97 21 35
273 261 11 35
273 250 22 35
930 938 10 35
57 59 7 36
57 33 8 36
57 29 11 36
57 49 11 36
57 30 12 36
57 86 12 36
57 76 14 36
57 59 16 36
57 63 16 36
57 79 17 36
57 31 20 36
74 96 5 36
74 59 7 36
74 98 7 36
74 49 11 36
74 86 12 36
74 76 14 36
74 59 16 36
74 63 16 36
74 79 17 36
74 90 18 36
74 97 20 36
273 261 10 36
273 250 21 36
533 538 16 36
70 96 4 37
70 59 6 37
70 98 6 37
70 49 10 37
70 86 11 37
70 76 13 37
70 59 15 37
70 63 15 37
70 79 16 37
70 90 17 37
70 97 19 37
140 124 9 37
140 114 10 37
140 127 10 37
140 162 11 37
140 136 17 37
140 129 18 37
345 368 13 37
345 367 14 37
345 371 16 37
1006 979 4 37
79 59 5 38
79 98 5 38
79 49 9 38
79 86 10 38
79 76 12 38
79 108 13 38
79 59 14 38
79 63 14 38
79 79 15 38
79 90 16 38
79 97 18 38
138 124 8 38
138 114 9 38
138 127 9 38
138 162 10 38
138 108 13 38
138 136 16 38
138 129 17 38
272 261 8 38
272 250 19 38
539 538 14 38
160 162 9 39
160 175 10 39
160 177 14 39
160 136 15 39
645 654 9 39
645 625 11 39
645 615 15 39
645 623 16 39
232 261 6 40
232 235 12 40
232 250 17 40
439 465 4 40
439 468 5 40
439 428 9 40
15 29 6 41
15 30 7 41
15 16 15 41
15 31 15 41
96 124 5 41
96 114 6 41
96 86 7 41
96 76 9 41
96 108 10 41
96 79 12 41
96 90 13 41
96 97 15 41
492 468 4 41
492 499 7 41
235 261 4 42
235 235 10 42
235 250 15 42
495 499 6 42
59 29 4 43
59 49 4 43
59 30 5 43
59 86 5 43
59 76 7 43
59 59 9 43
59 63 9 43
59 79 10 43
59 31 13 43
98 114 4 43
98 127 4 43
98 86 5 43
98 76 7 43
98 108 8 43
98 79 10 43
98 90 11 43
98 97 13 43
19 30 4 44
19 16 12 44
19 31 12 44
33 30 4 44
33 59 8 44
33 16 12 44
33 31 12 44
124 108 5 46
124 136 8 46
124 129 9 46
124 97 10 46
261 235 6 46
261 250 11 46
586 598 5 46
586 588 7 46
586 615 8 46
29 16 9 47
29 31 9 47
49 59 5 47
49 63 5 47
49 31 9 47
114 108 4 47
114 90 7 47
114 136 7 47
114 129 8 47
114 97 9 47
127 108 4 47
127 136 7 47
127 129 8 47
127 97 9 47
570 598 4 47
570 588 6 47
30 59 4 48
30 16 8 48
30 31 8 48
86 59 4 48
86 63 4 48
86 79 5 48
86 90 6 48
86 97 8 48
162 177 5 48
162 136 6 48
175 177 4 49
717 693 7 49
76 90 4 50
76 97 6 50
368 388 4 50
368 376 5 50
625 615 4 50
625 623 5 50
108 129 4 51
108 97 5 51
367 376 4 51
598 623 4 51
59 31 4 52
235 250 5 52
