98 57 1 2
98 100 1 2
98 54 8 2
98 94 8 2
98 54 10 2
98 93 12 2
98 120 13 2
98 58 20 2
98 120 20 2
98 139 20 2
249 250 3 2
249 279 3 2
249 216 4 2
249 258 4 2
249 223 12 2
249 279 12 2
249 265 13 2
249 272 14 2
249 279 15 2
249 233 17 2
257 250 3 2
257 279 3 2
257 216 4 2
257 258 4 2
257 223 12 2
257 279 12 2
257 265 13 2
257 272 14 2
257 279 15 2
257 233 17 2
550 589 1 2
550 591 2 2
550 569 9 2
550 576 13 2
550 586 17 2
550 534 19 2
550 532 20 2
57 54 7 3
57 94 7 3
57 54 9 3
57 93 11 3
57 12 19 3
57 20 19 3
57 58 19 3
100 54 7 3
100 94 7 3
100 54 9 3
100 93 11 3
100 120 12 3
100 58 19 3
100 120 19 3
100 139 19 3
589 591 1 3
589 569 8 3
589 636 11 3
589 576 12 3
589 620 13 3
589 586 16 3
589 559 20 3
591 569 7 4
591 636 10 4
591 576 11 4
591 620 12 4
591 586 15 4
591 559 19 4
591 553 20 4
250 216 1 5
250 258 1 5
250 223 9 5
250 279 9 5
250 265 10 5
250 272 11 5
250 279 12 5
250 233 14 5
250 209 18 5
250 266 18 5
279 258 1 5
279 279 9 5
279 265 10 5
279 272 11 5
279 279 12 5
279 233 14 5
279 266 18 5
714 714 1 5
714 705 2 5
714 694 3 5
714 691 4 5
714 676 5 5
714 709 13 5
714 703 20 5
216 223 8 6
216 265 9 6
216 233 13 6
216 209 17 6
258 223 8 6
258 279 8 6
258 265 9 6
258 272 10 6
258 279 11 6
258 233 13 6
258 209 17 6
258 266 17 6
714 705 1 6
714 694 2 6
714 691 3 6
714 676 4 6
714 709 12 6
714 703 19 6
714 706 20 6
405 400 1 7
405 411 2 7
405 388 4 7
405 404 15 7
405 388 17 7
405 417 20 7
705 694 1 7
705 691 2 7
705 676 3 7
705 709 11 7
705 703 18 7
705 706 19 7
400 411 1 8
400 388 3 8
400 404 14 8
400 388 16 8
400 417 19 8
400 363 20 8
694 691 1 8
694 676 2 8
694 653 4 8
694 649 5 8
694 644 9 8
694 709 10 8
694 703 17 8
694 706 18 8
411 388 2 9
411 404 13 9
411 388 15 9
411 417 18 9
411 363 19 9
411 388 20 9
691 676 1 9
691 653 3 9
691 649 4 9
691 644 8 9
691 709 9 9
691 703 16 9
691 706 17 9
54 54 2 10
54 93 4 10
54 12 12 10
54 20 12 10
54 58 12 10
54 57 16 10
54 10 18 10
94 54 2 10
94 93 4 10
94 120 5 10
94 58 12 10
94 120 12 10
94 139 12 10
94 116 14 10
94 57 16 10
94 115 18 10
676 653 2 10
676 649 3 10
676 636 4 10
676 644 7 10
676 709 8 10
676 703 15 10
676 706 16 10
676 678 20 10
388 404 11 11
388 388 13 11
388 417 16 11
388 363 17 11
388 388 18 11
569 576 4 11
569 586 8 11
569 534 10 11
569 532 11 11
569 559 12 11
569 553 13 11
569 573 16 11
569 582 17 11
569 616 18 11
54 93 2 12
54 12 10 12
54 20 10 12
54 58 10 12
54 57 14 12
54 10 16 12
653 649 1 12
653 636 2 12
653 620 4 12
653 644 5 12
653 616 17 12
653 678 18 12
653 685 19 12
649 636 1 13
649 620 3 13
649 644 4 13
649 616 16 13
649 678 17 13
649 685 18 13
649 681 20 13
93 120 1 14
93 58 8 14
93 120 8 14
93 139 8 14
93 116 10 14
93 57 12 14
93 115 14 14
223 265 1 14
223 272 2 14
223 233 5 14
223 209 9 14
223 266 9 14
223 241 13 14
223 212 14 14
223 232 20 14
279 265 1 14
279 272 2 14
279 279 3 14
279 233 5 14
279 266 9 14
279 241 13 14
279 232 20 14
279 305 20 14
636 620 2 14
636 644 3 14
636 586 5 14
636 616 15 14
636 678 16 14
636 685 17 14
636 681 19 14
120 120 7 15
120 139 7 15
120 116 9 15
120 115 13 15
120 144 14 15
120 143 20 15
265 272 1 15
265 279 2 15
265 233 4 15
265 266 8 15
265 241 12 15
265 232 19 15
265 305 19 15
265 274 20 15
576 620 1 15
576 586 4 15
576 534 6 15
576 532 7 15
576 559 8 15
576 553 9 15
576 573 12 15
576 582 13 15
576 616 14 15
576 568 20 15
272 279 1 16
272 233 3 16
272 266 7 16
272 241 11 16
272 232 18 16
272 305 18 16
272 274 19 16
272 250 20 16
620 644 1 16
620 586 3 16
620 573 11 16
620 582 12 16
620 616 13 16
620 648 20 16
279 233 2 17
279 266 6 17
279 241 10 17
279 232 17 17
279 305 17 17
279 274 18 17
279 250 19 17
279 292 20 17
644 616 12 17
644 678 13 17
644 685 14 17
644 681 16 17
644 648 19 17
709 703 7 18
709 706 8 18
709 678 12 18
709 685 13 18
709 681 15 18
709 751 19 18
233 209 4 19
233 266 4 19
233 241 8 19
233 212 9 19
233 232 15 19
233 274 16 19
233 250 17 19
586 559 4 19
586 553 5 19
586 573 8 19
586 582 9 19
586 616 10 19
586 568 16 19
534 532 1 21
534 559 2 21
534 553 3 21
534 573 6 21
534 582 7 21
534 506 9 21
534 521 13 21
534 568 14 21
534 548 20 21
12 57 4 22
12 10 6 22
12 54 14 22
12 58 15 22
20 57 4 22
20 10 6 22
20 54 14 22
20 58 15 22
58 57 4 22
58 10 6 22
58 54 14 22
58 58 15 22
120 116 2 22
120 115 6 22
120 144 7 22
120 143 13 22
139 116 2 22
139 115 6 22
139 144 7 22
139 143 13 22
139 175 18 22
404 388 2 22
404 417 5 22
404 363 6 22
404 388 7 22
404 388 14 22
404 359 17 22
404 404 18 22
404 359 20 22
532 559 1 22
532 553 2 22
532 573 5 22
532 506 8 22
532 521 12 22
532 568 13 22
532 548 19 22
209 241 4 23
209 212 5 23
209 232 11 23
209 250 13 23
209 175 17 23
209 252 18 23
209 250 19 23
209 176 20 23
266 241 4 23
266 232 11 23
266 305 11 23
266 274 12 23
266 250 13 23
266 292 14 23
266 252 18 23
266 250 19 23
559 553 1 23
559 573 4 23
559 582 5 23
559 521 11 23
559 568 12 23
559 606 17 23
559 548 18 23
116 115 4 24
116 144 5 24
116 143 11 24
388 417 3 24
388 363 4 24
388 388 5 24
388 388 12 24
388 359 15 24
388 404 16 24
388 345 17 24
388 359 18 24
388 360 19 24
553 573 3 24
553 582 4 24
553 506 6 24
553 521 10 24
553 568 11 24
553 548 17 24
553 558 20 24
469 469 1 25
469 506 5 25
703 706 1 25
703 678 5 25
703 685 6 25
703 681 8 25
703 751 12 25
703 724 14 25
703 667 18 25
57 10 2 26
57 54 10 26
57 58 11 26
57 55 17 26
469 506 4 26
706 678 4 26
706 685 5 26
706 681 7 26
706 751 11 26
706 724 13 26
706 667 17 26
706 667 20 26
241 212 1 27
241 232 7 27
241 274 8 27
241 250 9 27
241 252 14 27
241 250 15 27
241 238 18 27
241 232 19 27
241 204 20 27
417 388 2 27
417 388 9 27
417 404 13 27
573 582 1 27
573 616 2 27
573 568 8 27
573 606 13 27
573 548 14 27
573 558 17 27
573 594 18 27
10 54 8 28
10 58 9 28
10 55 15 28
115 144 1 28
115 143 7 28
115 120 17 28
212 232 6 28
212 250 8 28
212 175 12 28
212 252 13 28
212 250 14 28
212 176 15 28
212 176 16 28
212 238 17 28
212 232 18 28
212 204 19 28
212 232 20 28
212 256 20 28
363 388 1 28
363 388 8 28
363 359 11 28
363 404 12 28
363 345 13 28
363 359 14 28
363 360 15 28
363 363 17 28
363 323 18 28
582 616 1 28
582 568 7 28
582 606 12 28
582 548 13 28
582 630 14 28
582 558 16 28
582 594 17 28
144 143 6 29
144 175 11 29
144 176 14 29
144 176 15 29
144 120 16 29
388 388 7 29
388 359 10 29
388 404 11 29
388 345 12 29
388 359 13 29
388 360 14 29
388 363 16 29
388 388 20 29
616 568 6 29
616 648 7 29
616 606 11 29
616 630 13 29
616 594 16 29
616 609 20 29
506 521 4 30
506 548 11 30
506 469 17 30
678 685 1 30
678 681 3 30
678 648 6 30
678 724 9 30
678 630 12 30
678 667 13 30
678 667 16 30
678 684 17 30
678 640 20 30
685 681 2 31
685 648 5 31
685 724 8 31
685 667 12 31
685 667 15 31
685 684 16 31
685 730 17 31
685 640 19 31
681 648 3 33
681 724 6 33
681 667 10 33
681 667 13 33
681 684 14 33
681 730 15 33
681 640 17 33
232 274 1 34
232 250 2 34
232 252 7 34
232 250 8 34
232 238 11 34
232 232 12 34
232 204 13 34
232 232 14 34
232 256 14 34
232 233 15 34
305 274 1 34
305 292 3 34
305 345 7 34
305 323 12 34
305 256 14 34
521 568 1 34
521 548 7 34
521 558 10 34
143 175 5 35
143 176 8 35
143 176 9 35
143 120 10 35
274 250 1 35
274 292 2 35
274 252 6 35
274 250 7 35
274 238 10 35
274 232 11 35
274 323 11 35
274 232 13 35
274 256 13 35
274 233 14 35
568 606 5 35
568 548 6 35
568 558 9 35
568 594 10 35
568 609 14 35
54 58 1 36
54 55 7 36
250 292 1 36
250 252 5 36
250 250 6 36
250 238 9 36
250 232 10 36
250 204 11 36
250 232 12 36
250 256 12 36
250 233 13 36
388 359 3 36
388 404 4 36
388 345 5 36
388 359 6 36
388 360 7 36
388 363 9 36
388 388 13 36
648 606 4 36
648 630 6 36
648 667 7 36
648 667 10 36
648 684 11 36
648 609 13 36
648 640 14 36
58 55 6 37
292 252 4 37
292 250 5 37
292 323 9 37
292 256 11 37
751 724 2 37
751 730 11 37
359 404 1 39
359 345 2 39
359 359 3 39
359 360 4 39
359 363 6 39
359 323 7 39
359 388 10 39
724 684 8 39
724 730 9 39
175 176 3 40
175 176 4 40
175 204 7 40
404 359 2 40
404 360 3 40
404 363 5 40
404 388 9 40
606 630 2 40
606 558 4 40
606 594 5 40
606 609 9 40
606 640 10 40
252 250 1 41
252 238 4 41
252 232 5 41
252 204 6 41
252 232 7 41
252 256 7 41
252 233 8 41
345 359 1 41
345 360 2 41
345 363 4 41
345 323 5 41
345 388 8 41
548 558 3 41
548 594 4 41
250 238 3 42
250 232 4 42
250 204 5 42
250 232 6 42
250 256 6 42
250 233 7 42
359 360 1 42
359 363 3 42
359 323 4 42
359 388 7 42
359 405 19 42
630 667 1 42
630 594 3 42
630 667 4 42
630 609 7 42
630 640 8 42
630 609 20 42
55 57 18 43
55 56 20 43
176 176 1 43
176 204 4 43
176 182 18 43
360 363 2 43
360 323 3 43
360 388 6 43
360 405 18 43
667 667 3 43
667 684 4 43
667 640 7 43
667 672 20 43
176 204 3 44
176 182 17 44
558 594 1 44
558 516 20 44
120 93 20 45
120 147 20 45
238 232 1 45
238 204 2 45
238 232 3 45
238 256 3 45
238 233 4 45
363 323 1 45
363 388 4 45
363 405 16 45
363 348 19 45
594 609 4 45
594 640 5 45
594 609 17 45
232 204 1 46
232 232 2 46
232 256 2 46
232 233 3 46
232 182 15 46
323 348 18 46
667 684 1 46
667 640 4 46
667 672 17 46
667 678 19 46
667 693 20 46
204 232 1 47
204 233 2 47
204 182 14 47
469 495 16 47
469 516 17 47
684 730 1 47
684 640 3 47
684 672 16 47
684 678 18 47
684 693 19 47
232 233 1 48
232 182 13 48
256 233 1 48
730 693 18 48
388 405 12 49
388 348 15 49
609 640 1 49
609 609 13 49
640 609 12 50
640 672 13 50
640 678 15 50
57 56 2 61
57 7 4 61
57 15 4 61
57 34 4 61
57 93 4 61
57 93 5 61
57 24 9 61
57 38 9 61
57 68 9 61
57 56 12 61
57 80 12 61
182 147 4 61
182 164 9 61
182 188 12 61
56 7 2 63
56 15 2 63
56 34 2 63
56 93 2 63
56 93 3 63
56 24 7 63
56 38 7 63
56 68 7 63
56 56 10 63
56 80 10 63
495 516 1 63
495 520 7 63
672 678 2 63
672 693 3 63
348 349 9 64
516 520 6 64
516 548 9 64
3 24 5 65
3 38 5 65
7 24 5 65
7 38 5 65
7 56 8 65
15 24 5 65
15 38 5 65
15 56 8 65
34 24 5 65
34 38 5 65
34 68 5 65
34 56 8 65
34 80 8 65
93 93 1 65
93 68 5 65
93 56 8 65
93 80 8 65
147 164 5 65
147 188 8 65
678 693 1 65
93 68 4 66
93 56 7 66
93 80 7 66
24 56 3 70
38 56 3 70
38 80 3 70
68 56 3 70
68 80 3 70
164 188 3 70
520 548 3 70
