241 256 1 0
241 258 5 0
241 248 8 0
241 208 9 0
241 268 9 0
241 259 10 0
241 290 14 0
241 265 18 0
241 265 19 0
241 275 20 0
258 256 1 0
258 258 5 0
258 248 8 0
258 208 9 0
258 268 9 0
258 259 10 0
258 290 14 0
258 265 18 0
258 265 19 0
258 275 20 0
548 544 1 0
548 558 2 0
548 543 3 0
548 556 5 0
548 594 6 0
548 590 7 0
548 568 9 0
548 558 10 0
548 553 12 0
548 570 14 0
548 576 18 0
548 565 20 0
62 100 4 1
62 18 5 1
62 98 5 1
62 25 6 1
62 84 8 1
62 85 12 1
62 58 13 1
62 85 13 1
62 27 15 1
62 33 15 1
62 62 17 1
62 91 17 1
62 30 19 1
62 58 19 1
62 79 20 1
71 100 4 1
71 98 5 1
71 25 6 1
71 84 8 1
71 85 12 1
71 58 13 1
71 85 13 1
71 27 15 1
71 33 15 1
71 114 16 1
71 62 17 1
71 91 17 1
71 30 19 1
71 58 19 1
71 79 20 1
128 100 4 1
128 98 5 1
128 84 8 1
128 85 12 1
128 172 12 1
128 85 13 1
128 114 16 1
128 91 17 1
128 122 19 1
128 128 19 1
128 79 20 1
256 258 4 1
256 248 7 1
256 208 8 1
256 268 8 1
256 259 9 1
256 290 13 1
256 265 17 1
256 265 18 1
256 275 19 1
544 558 1 1
544 543 2 1
544 556 4 1
544 590 6 1
544 568 8 1
544 558 9 1
544 553 11 1
544 570 13 1
544 576 17 1
544 565 19 1
337 290 12 2
558 543 1 2
558 556 3 2
558 594 4 2
558 590 5 2
558 568 7 2
558 558 8 2
558 553 10 2
558 570 12 2
558 576 16 2
558 565 18 2
558 542 20 2
408 405 8 3
408 404 9 3
543 556 2 3
543 590 4 3
543 568 6 3
543 558 7 3
543 553 9 3
543 570 11 3
543 576 15 3
543 565 17 3
543 542 19 3
543 573 20 3
706 716 4 4
706 704 7 4
706 688 9 4
706 670 11 4
706 708 17 4
100 98 1 5
100 84 4 5
100 85 8 5
100 58 9 5
100 85 9 5
100 114 12 5
100 62 13 5
100 91 13 5
100 58 15 5
100 122 15 5
100 128 15 5
100 79 16 5
100 84 18 5
100 108 20 5
100 139 20 5
258 248 3 5
258 208 4 5
258 268 4 5
258 259 5 5
258 290 9 5
258 265 13 5
258 265 14 5
258 275 15 5
258 244 19 5
556 594 1 5
556 590 2 5
556 568 4 5
556 558 5 5
556 553 7 5
556 570 9 5
556 576 13 5
556 565 15 5
556 542 17 5
556 573 18 5
556 572 19 5
556 532 20 5
18 25 1 6
18 58 8 6
18 27 10 6
18 33 10 6
18 62 12 6
18 30 14 6
18 58 14 6
18 34 18 6
18 0 19 6
18 12 19 6
18 15 19 6
18 31 19 6
18 48 20 6
98 84 3 6
98 85 7 6
98 58 8 6
98 85 8 6
98 114 11 6
98 62 12 6
98 91 12 6
98 58 14 6
98 122 14 6
98 128 14 6
98 79 15 6
98 84 17 6
98 108 19 6
98 139 19 6
98 48 20 6
98 112 20 6
465 465 9 6
465 428 19 6
594 590 1 6
594 568 3 6
594 558 4 6
594 553 6 6
594 570 8 6
594 629 10 6
594 637 11 6
594 576 12 6
594 619 13 6
594 565 14 6
594 573 17 6
594 572 18 6
594 559 20 6
25 58 7 7
25 27 9 7
25 33 9 7
25 62 11 7
25 30 13 7
25 58 13 7
25 34 17 7
25 0 18 7
25 12 18 7
25 15 18 7
25 31 18 7
25 48 19 7
590 568 2 7
590 558 3 7
590 553 5 7
590 570 7 7
590 629 9 7
590 637 10 7
590 576 11 7
590 619 12 7
590 565 13 7
590 542 15 7
590 573 16 7
590 572 17 7
590 559 19 7
590 557 20 7
248 208 1 8
248 268 1 8
248 259 2 8
248 290 6 8
248 265 10 8
248 265 11 8
248 275 12 8
248 244 16 8
248 208 18 8
248 221 20 8
716 704 3 8
716 688 5 8
716 670 7 8
716 708 13 8
84 85 4 9
84 58 5 9
84 85 5 9
84 114 8 9
84 62 9 9
84 91 9 9
84 58 11 9
84 122 11 9
84 128 11 9
84 79 12 9
84 84 14 9
84 34 15 9
84 108 16 9
84 48 17 9
84 112 17 9
84 115 18 9
84 57 19 9
84 63 19 9
84 56 20 9
84 64 20 9
208 172 4 9
208 188 7 9
208 188 13 9
208 244 15 9
208 208 17 9
208 221 19 9
268 259 1 9
268 290 5 9
268 265 9 9
268 265 10 9
268 275 11 9
268 244 15 9
268 221 19 9
568 558 1 9
568 553 3 9
568 570 5 9
568 576 9 9
568 565 11 9
568 542 13 9
568 573 14 9
568 572 15 9
568 532 16 9
568 559 17 9
568 557 18 9
568 536 19 9
259 290 4 10
259 265 8 10
259 265 9 10
259 275 10 10
259 244 14 10
259 221 18 10
558 553 2 10
558 570 4 10
558 576 8 10
558 565 10 10
558 542 12 10
558 573 13 10
558 572 14 10
558 532 15 10
558 559 16 10
558 557 17 10
558 536 18 10
405 404 1 11
405 428 14 11
405 412 16 11
405 444 19 11
405 408 20 11
704 688 2 11
704 670 4 11
704 708 10 11
704 702 18 11
704 706 19 11
404 428 13 12
404 412 15 12
404 444 18 12
404 408 19 12
404 387 20 12
553 570 2 12
553 576 6 12
553 565 8 12
553 542 10 12
553 573 11 12
553 572 12 12
553 532 13 12
553 559 14 12
553 557 15 12
553 536 16 12
553 534 19 12
85 58 1 13
85 85 1 13
85 114 4 13
85 62 5 13
85 91 5 13
85 58 7 13
85 122 7 13
85 128 7 13
85 79 8 13
85 84 10 13
85 108 12 13
85 48 13 13
85 112 13 13
85 115 14 13
85 57 15 13
85 63 15 13
85 56 16 13
85 64 16 13
85 114 18 13
85 88 19 13
85 47 20 13
172 188 3 13
172 122 7 13
172 128 7 13
172 188 9 13
172 139 12 13
172 208 13 13
172 147 14 13
172 221 15 13
172 203 19 13
172 187 20 13
688 670 2 13
688 708 8 13
688 702 16 13
688 706 17 13
58 27 2 14
58 33 2 14
58 62 4 14
58 91 4 14
58 30 6 14
58 58 6 14
58 79 7 14
58 84 9 14
58 34 10 14
58 12 11 14
58 15 11 14
58 31 11 14
58 48 12 14
58 57 14 14
58 63 14 14
58 56 15 14
58 64 15 14
58 33 16 14
58 88 18 14
58 25 19 14
58 47 19 14
85 114 3 14
85 62 4 14
85 91 4 14
85 58 6 14
85 122 6 14
85 128 6 14
85 79 7 14
85 84 9 14
85 108 11 14
85 48 12 14
85 112 12 14
85 115 13 14
85 57 14 14
85 63 14 14
85 56 15 14
85 64 15 14
85 114 17 14
85 88 18 14
85 47 19 14
290 265 4 14
290 265 5 14
290 275 6 14
290 244 10 14
290 323 10 14
290 313 19 14
570 576 4 14
570 619 5 14
570 565 6 14
570 542 8 14
570 573 9 14
570 572 10 14
570 532 11 14
570 559 12 14
570 557 13 14
570 536 14 14
570 534 17 14
570 617 19 14
465 428 10 15
465 468 13 15
465 458 14 15
465 444 15 15
465 505 19 15
670 629 1 15
670 637 2 15
670 708 6 15
670 702 14 15
670 706 15 15
670 679 19 15
670 683 20 15
27 62 2 16
27 30 4 16
27 58 4 16
27 34 8 16
27 0 9 16
27 12 9 16
27 15 9 16
27 31 9 16
27 48 10 16
27 57 12 16
27 63 12 16
27 56 13 16
27 64 13 16
27 33 14 16
27 25 17 16
27 47 17 16
27 8 19 16
27 16 19 16
33 62 2 16
33 30 4 16
33 58 4 16
33 79 5 16
33 34 8 16
33 0 9 16
33 12 9 16
33 15 9 16
33 31 9 16
33 48 10 16
33 57 12 16
33 63 12 16
33 56 13 16
33 64 13 16
33 33 14 16
33 25 17 16
33 47 17 16
33 8 19 16
33 16 19 16
188 188 6 16
188 139 9 16
188 208 10 16
188 147 11 16
188 221 12 16
188 203 16 16
188 187 17 16
629 637 1 16
629 619 3 16
629 617 17 16
114 91 1 17
114 122 3 17
114 128 3 17
114 79 4 17
114 84 6 17
114 108 8 17
114 139 8 17
114 112 9 17
114 115 10 17
114 147 10 17
114 64 12 17
114 114 14 17
114 88 15 17
114 149 20 17
637 619 2 17
637 617 16 17
637 679 17 17
637 683 18 17
637 676 20 17
62 30 2 18
62 58 2 18
62 79 3 18
62 84 5 18
62 34 6 18
62 12 7 18
62 15 7 18
62 31 7 18
62 108 7 18
62 48 8 18
62 57 10 18
62 63 10 18
62 56 11 18
62 64 11 18
62 33 12 18
62 88 14 18
62 25 15 18
62 47 15 18
62 16 17 18
62 83 20 18
91 58 2 18
91 122 2 18
91 128 2 18
91 79 3 18
91 84 5 18
91 108 7 18
91 139 7 18
91 48 8 18
91 112 8 18
91 115 9 18
91 57 10 18
91 63 10 18
91 56 11 18
91 64 11 18
91 114 13 18
91 88 14 18
91 47 15 18
91 83 20 18
91 128 20 18
265 265 1 18
265 275 2 18
265 244 6 18
265 221 10 18
265 239 13 18
265 313 15 18
265 270 20 18
576 619 1 18
576 565 2 18
576 542 4 18
576 573 5 18
576 572 6 18
576 532 7 18
576 559 8 18
576 557 9 18
576 536 10 18
576 534 13 18
576 617 15 18
265 275 1 19
265 244 5 19
265 221 9 19
265 239 12 19
265 313 14 19
265 270 19 19
619 573 4 19
619 572 5 19
619 617 14 19
30 79 1 20
30 34 4 20
30 0 5 20
30 12 5 20
30 15 5 20
30 31 5 20
30 48 6 20
30 57 8 20
30 63 8 20
30 56 9 20
30 64 9 20
30 33 10 20
30 25 13 20
30 47 13 20
30 8 15 20
30 16 15 20
30 0 17 20
30 0 20 20
30 1 20 20
30 35 20 20
30 65 20 20
58 79 1 20
58 84 3 20
58 34 4 20
58 12 5 20
58 15 5 20
58 31 5 20
58 48 6 20
58 57 8 20
58 63 8 20
58 56 9 20
58 64 9 20
58 33 10 20
58 88 12 20
58 25 13 20
58 47 13 20
58 8 15 20
58 16 15 20
58 83 18 20
58 35 20 20
58 65 20 20
122 79 1 20
122 84 3 20
122 108 5 20
122 139 5 20
122 112 6 20
122 115 7 20
122 147 7 20
122 114 11 20
122 88 12 20
122 149 17 20
122 83 18 20
122 128 18 20
128 79 1 20
128 84 3 20
128 108 5 20
128 139 5 20
128 112 6 20
128 115 7 20
128 147 7 20
128 114 11 20
128 88 12 20
128 149 17 20
128 83 18 20
128 128 18 20
275 244 4 20
275 323 4 20
275 239 11 20
275 313 13 20
275 270 18 20
275 251 20 20
275 292 20 20
565 542 2 20
565 573 3 20
565 572 4 20
565 532 5 20
565 559 6 20
565 557 7 20
565 536 8 20
565 534 11 20
565 521 18 20
565 614 20 20
79 84 2 21
79 34 3 21
79 31 4 21
79 108 4 21
79 48 5 21
79 112 5 21
79 115 6 21
79 57 7 21
79 63 7 21
79 56 8 21
79 64 8 21
79 33 9 21
79 114 10 21
79 88 11 21
79 47 12 21
79 83 17 21
79 128 17 21
79 35 19 21
79 65 19 21
708 702 8 21
708 706 9 21
708 744 11 21
708 679 13 21
708 683 14 21
708 695 15 21
708 676 16 21
708 744 18 21
188 139 3 22
188 208 4 22
188 147 5 22
188 221 6 22
188 203 10 22
188 187 11 22
188 149 15 22
188 179 20 22
542 573 1 22
542 572 2 22
542 532 3 22
542 559 4 22
542 557 5 22
542 536 6 22
542 534 9 22
542 505 12 22
542 521 16 22
84 34 1 23
84 108 2 23
84 48 3 23
84 112 3 23
84 115 4 23
84 57 5 23
84 63 5 23
84 56 6 23
84 64 6 23
84 114 8 23
84 88 9 23
84 47 10 23
84 83 15 23
84 128 15 23
84 35 17 23
84 65 17 23
573 572 1 23
573 532 2 23
573 559 3 23
573 557 4 23
573 536 5 23
573 534 8 23
573 617 10 23
573 614 17 23
34 0 1 24
34 12 1 24
34 15 1 24
34 31 1 24
34 48 2 24
34 57 4 24
34 63 4 24
34 56 5 24
34 64 5 24
34 33 6 24
34 25 9 24
34 47 9 24
34 8 11 24
34 16 11 24
34 0 13 24
34 83 14 24
34 0 16 24
34 1 16 24
34 35 16 24
34 65 16 24
244 208 2 24
244 221 4 24
244 239 7 24
244 203 8 24
244 270 14 24
244 251 16 24
244 292 16 24
323 313 9 24
323 292 16 24
323 363 19 24
572 532 1 24
572 559 2 24
572 557 3 24
572 536 4 24
572 534 7 24
572 617 9 24
572 614 16 24
0 48 1 25
0 33 5 25
0 25 8 25
0 47 8 25
0 8 10 25
0 16 10 25
0 0 12 25
0 0 15 25
0 1 15 25
0 35 15 25
12 48 1 25
12 57 3 25
12 56 4 25
12 33 5 25
12 25 8 25
12 47 8 25
12 8 10 25
12 16 10 25
12 0 12 25
12 0 15 25
12 1 15 25
12 35 15 25
15 48 1 25
15 57 3 25
15 63 3 25
15 56 4 25
15 64 4 25
15 33 5 25
15 25 8 25
15 47 8 25
15 8 10 25
15 16 10 25
15 0 12 25
15 0 15 25
15 1 15 25
15 35 15 25
31 48 1 25
31 57 3 25
31 63 3 25
31 56 4 25
31 64 4 25
31 33 5 25
31 25 8 25
31 47 8 25
31 8 10 25
31 16 10 25
31 0 12 25
31 0 15 25
31 1 15 25
31 35 15 25
31 65 15 25
108 112 1 25
108 115 2 25
108 147 2 25
108 63 3 25
108 64 4 25
108 114 6 25
108 88 7 25
108 149 12 25
108 83 13 25
108 128 13 25
108 65 15 25
108 84 19 25
139 112 1 25
139 115 2 25
139 147 2 25
139 114 6 25
139 187 8 25
139 149 12 25
139 128 13 25
139 179 17 25
139 174 18 25
428 412 2 25
428 468 3 25
428 458 4 25
428 444 5 25
428 408 6 25
428 387 7 25
428 452 16 25
428 402 17 25
532 559 1 25
532 557 2 25
532 536 3 25
532 534 6 25
532 505 9 25
532 521 13 25
48 57 2 26
48 63 2 26
48 56 3 26
48 64 3 26
48 33 4 26
48 88 6 26
48 25 7 26
48 47 7 26
48 8 9 26
48 16 9 26
48 0 11 26
48 83 12 26
48 0 14 26
48 1 14 26
48 35 14 26
48 65 14 26
48 84 18 26
48 55 20 26
48 88 20 26
112 115 1 26
112 147 1 26
112 63 2 26
112 64 3 26
112 114 5 26
112 88 6 26
112 149 11 26
112 83 12 26
112 128 12 26
112 65 14 26
112 84 18 26
112 88 20 26
208 221 2 26
208 239 5 26
208 203 6 26
208 187 7 26
208 251 14 26
208 179 16 26
208 174 17 26
208 253 19 26
208 256 19 26
208 170 20 26
559 557 1 26
559 536 2 26
559 534 5 26
559 521 12 26
115 114 4 27
115 88 5 27
115 149 10 27
115 83 11 27
115 128 11 27
115 65 13 27
115 84 17 27
115 88 19 27
147 114 4 27
147 187 6 27
147 149 10 27
147 128 11 27
147 179 15 27
147 174 16 27
147 170 19 27
412 458 2 27
412 444 3 27
412 408 4 27
412 387 5 27
412 452 14 27
412 402 15 27
412 363 16 27
412 374 17 27
557 536 1 27
557 534 4 27
557 521 11 27
57 56 1 28
57 64 1 28
57 33 2 28
57 88 4 28
57 25 5 28
57 47 5 28
57 8 7 28
57 16 7 28
57 83 10 28
57 35 12 28
57 65 12 28
57 84 16 28
57 55 18 28
57 88 18 28
57 59 20 28
57 88 20 28
63 56 1 28
63 64 1 28
63 33 2 28
63 88 4 28
63 25 5 28
63 47 5 28
63 16 7 28
63 83 10 28
63 35 12 28
63 65 12 28
63 84 16 28
63 55 18 28
63 88 18 28
63 59 20 28
63 88 20 28
221 239 3 28
221 203 4 28
221 187 5 28
221 270 10 28
221 251 12 28
221 179 14 28
221 174 15 28
221 253 17 28
221 256 17 28
221 236 20 28
468 458 1 28
468 444 2 28
468 505 6 28
468 452 13 28
468 475 18 28
536 534 3 28
536 505 6 28
536 521 10 28
56 33 1 29
56 88 3 29
56 25 4 29
56 47 4 29
56 8 6 29
56 16 6 29
56 83 9 29
56 35 11 29
56 65 11 29
56 84 15 29
56 55 17 29
56 88 17 29
56 59 19 29
56 88 19 29
64 33 1 29
64 88 3 29
64 25 4 29
64 47 4 29
64 16 6 29
64 83 9 29
64 35 11 29
64 65 11 29
64 84 15 29
64 55 17 29
64 88 17 29
64 59 19 29
64 88 19 29
458 444 1 29
458 408 2 29
458 505 5 29
458 452 12 29
458 475 17 29
702 706 1 29
702 744 3 29
702 679 5 29
702 683 6 29
702 695 7 29
702 676 8 29
702 744 10 29
702 665 13 29
702 741 14 29
702 731 15 29
702 736 17 29
702 737 20 29
33 25 3 30
33 47 3 30
33 8 5 30
33 16 5 30
33 0 7 30
33 0 10 30
33 1 10 30
33 35 10 30
33 65 10 30
33 55 16 30
33 59 18 30
33 8 20 30
33 15 20 30
444 408 1 30
444 452 11 30
444 402 12 30
444 475 16 30
444 401 18 30
444 462 20 30
706 744 2 30
706 679 4 30
706 683 5 30
706 695 6 30
706 676 7 30
706 744 9 30
706 665 12 30
706 741 13 30
706 731 14 30
706 736 16 30
706 737 19 30
114 88 1 31
114 149 6 31
114 83 7 31
114 128 7 31
114 65 9 31
114 84 13 31
114 88 15 31
114 88 17 31
114 163 18 31
114 86 19 31
114 92 20 31
239 203 1 31
239 270 7 31
239 251 9 31
239 253 14 31
239 256 14 31
239 236 17 31
239 203 19 31
239 244 20 31
408 387 1 31
408 452 10 31
408 402 11 31
408 363 12 31
408 374 13 31
408 401 17 31
408 396 20 31
534 505 3 31
534 521 7 31
88 47 1 32
88 83 6 32
88 128 6 32
88 65 8 32
88 84 12 32
88 55 14 32
88 88 14 32
88 59 16 32
88 88 16 32
88 86 18 32
88 92 19 32
88 49 20 32
88 86 20 32
203 187 1 32
203 251 8 32
203 179 10 32
203 174 11 32
203 170 14 32
203 236 16 32
203 163 17 32
203 203 18 32
203 244 19 32
203 227 20 32
387 402 10 32
387 363 11 32
387 374 12 32
387 401 16 32
387 339 17 32
387 396 19 32
744 695 4 32
744 744 7 32
744 741 11 32
744 731 12 32
744 736 14 32
744 737 17 32
744 765 18 32
25 8 2 33
25 16 2 33
25 0 4 33
25 0 7 33
25 1 7 33
25 35 7 33
25 65 7 33
25 55 13 33
25 59 15 33
25 8 17 33
25 15 17 33
25 11 19 33
25 49 19 33
47 8 2 33
47 16 2 33
47 0 4 33
47 83 5 33
47 0 7 33
47 1 7 33
47 35 7 33
47 65 7 33
47 84 11 33
47 55 13 33
47 88 13 33
47 59 15 33
47 88 15 33
47 8 17 33
47 15 17 33
47 86 17 33
47 92 18 33
47 11 19 33
47 49 19 33
47 86 19 33
187 149 4 33
187 179 9 33
187 174 10 33
187 170 13 33
187 236 15 33
187 163 16 33
187 203 17 33
187 227 19 33
313 270 5 33
313 292 7 33
313 339 16 33
313 298 19 33
617 614 7 33
617 665 9 33
617 629 12 33
617 631 15 33
617 640 18 33
617 664 19 33
617 650 20 33
505 521 4 34
505 475 12 34
505 462 16 34
505 462 20 34
679 683 1 34
679 695 2 34
679 676 3 34
679 665 8 34
679 629 11 34
679 631 14 34
679 640 17 34
679 664 18 34
679 650 19 34
679 668 20 34
8 0 2 35
8 0 5 35
8 1 5 35
8 35 5 35
8 55 11 35
8 8 15 35
8 15 15 35
8 11 17 35
8 49 17 35
16 0 2 35
16 0 5 35
16 1 5 35
16 35 5 35
16 65 5 35
16 55 11 35
16 59 13 35
16 8 15 35
16 15 15 35
16 11 17 35
16 49 17 35
683 695 1 35
683 676 2 35
683 665 7 35
683 731 9 35
683 640 16 35
683 664 17 35
683 650 18 35
683 668 19 35
683 724 20 35
695 676 1 36
695 744 3 36
695 665 6 36
695 741 7 36
695 731 8 36
695 736 10 36
695 737 13 36
695 664 16 36
695 650 17 36
695 668 18 36
695 724 19 36
0 0 3 37
0 1 3 37
0 35 3 37
0 8 13 37
0 15 13 37
0 11 15 37
0 49 15 37
0 25 19 37
0 28 20 37
149 128 1 37
149 179 5 37
149 174 6 37
149 170 9 37
149 163 12 37
676 665 5 37
676 629 8 37
676 631 11 37
676 640 14 37
676 664 15 37
676 650 16 37
676 668 17 37
676 724 18 37
676 629 19 37
676 656 20 37
83 35 2 38
83 65 2 38
83 84 6 38
83 55 8 38
83 88 8 38
83 59 10 38
83 88 10 38
83 86 12 38
83 92 13 38
83 49 14 38
83 86 14 38
83 84 18 38
83 81 19 38
83 53 20 38
128 174 5 38
128 84 6 38
128 88 8 38
128 170 8 38
128 88 10 38
128 163 11 38
128 86 12 38
128 92 13 38
128 86 14 38
128 84 18 38
128 81 19 38
128 148 20 38
270 251 2 38
270 292 2 38
270 253 7 38
270 256 7 38
270 236 10 38
270 244 13 38
270 227 14 38
270 298 14 38
270 302 20 38
521 475 8 38
521 483 17 38
744 741 4 39
744 731 5 39
744 736 7 39
744 737 10 39
744 765 11 39
744 724 16 39
0 8 10 40
0 15 10 40
0 11 12 40
0 49 12 40
0 25 16 40
0 28 17 40
0 27 18 40
1 8 10 40
1 15 10 40
1 11 12 40
1 49 12 40
1 25 16 40
1 28 17 40
1 27 18 40
35 84 4 40
35 55 6 40
35 59 8 40
35 8 10 40
35 15 10 40
35 11 12 40
35 49 12 40
35 25 16 40
35 84 16 40
35 28 17 40
35 81 17 40
35 27 18 40
35 53 18 40
65 84 4 40
65 55 6 40
65 88 6 40
65 59 8 40
65 88 8 40
65 15 10 40
65 86 10 40
65 92 11 40
65 49 12 40
65 86 12 40
65 25 16 40
65 84 16 40
65 28 17 40
65 81 17 40
65 27 18 40
65 53 18 40
251 253 5 40
251 256 5 40
251 236 8 40
251 203 10 40
251 244 11 40
251 227 12 40
251 298 12 40
251 218 17 40
251 296 19 40
292 253 5 40
292 256 5 40
292 339 9 40
292 244 11 40
292 298 12 40
292 302 18 40
292 296 19 40
292 301 20 40
614 629 5 40
614 631 8 40
614 640 11 40
614 650 13 40
614 629 16 40
614 656 17 40
614 626 18 40
452 402 1 41
452 475 5 41
452 462 9 41
452 439 12 41
452 462 13 41
452 483 14 41
179 174 1 42
179 170 4 42
179 163 7 42
179 203 8 42
179 227 10 42
179 218 15 42
179 148 16 42
179 192 17 42
179 187 18 42
402 363 1 42
402 374 2 42
402 401 6 42
402 396 9 42
402 439 11 42
402 371 14 42
665 629 3 42
665 631 6 42
665 640 9 42
665 664 10 42
665 650 11 42
665 668 12 42
665 629 14 42
665 656 15 42
665 626 16 42
174 170 3 43
174 163 6 43
174 203 7 43
174 218 14 43
174 148 15 43
174 192 16 43
174 187 17 43
363 374 1 43
363 401 5 43
363 339 6 43
363 396 8 43
363 371 13 43
363 347 14 43
741 731 1 43
741 736 3 43
741 737 6 43
741 765 7 43
741 724 12 43
741 742 17 43
84 55 2 44
84 88 2 44
84 59 4 44
84 88 4 44
84 86 6 44
84 92 7 44
84 49 8 44
84 86 8 44
84 84 12 44
84 81 13 44
84 53 14 44
374 401 4 44
374 339 5 44
374 396 7 44
374 371 12 44
374 347 13 44
374 405 20 44
731 736 2 44
731 737 5 44
731 765 6 44
731 724 11 44
731 742 16 44
253 236 3 45
253 203 5 45
253 244 6 45
253 227 7 45
253 298 7 45
253 218 12 45
253 302 13 45
253 296 14 45
253 301 15 45
256 236 3 45
256 244 6 45
256 227 7 45
256 298 7 45
256 218 12 45
256 302 13 45
256 296 14 45
256 301 15 45
629 631 3 45
629 640 6 45
629 664 7 45
629 650 8 45
629 668 9 45
629 629 11 45
629 656 12 45
629 626 13 45
629 631 18 45
629 630 19 45
55 59 2 46
55 88 2 46
55 8 4 46
55 15 4 46
55 86 4 46
55 92 5 46
55 11 6 46
55 49 6 46
55 86 6 46
55 25 10 46
55 84 10 46
55 28 11 46
55 81 11 46
55 27 12 46
55 53 12 46
55 50 19 46
55 64 19 46
88 59 2 46
88 88 2 46
88 86 4 46
88 92 5 46
88 49 6 46
88 86 6 46
88 84 10 46
88 81 11 46
88 53 12 46
88 50 19 46
88 64 19 46
170 163 3 46
170 203 4 46
170 218 11 46
170 148 12 46
170 192 13 46
170 187 14 46
170 181 18 46
475 462 4 46
475 439 7 46
475 462 8 46
475 483 9 46
475 453 19 46
736 737 3 46
736 765 4 46
736 724 9 46
736 742 14 46
59 15 2 48
59 86 2 48
59 92 3 48
59 11 4 48
59 49 4 48
59 86 4 48
59 25 8 48
59 84 8 48
59 28 9 48
59 81 9 48
59 27 10 48
59 53 10 48
59 50 17 48
59 64 17 48
59 44 20 48
88 86 2 48
88 92 3 48
88 49 4 48
88 86 4 48
88 84 8 48
88 81 9 48
88 53 10 48
88 50 17 48
88 64 17 48
88 44 20 48
236 203 2 48
236 244 3 48
236 227 4 48
236 218 9 48
236 192 11 48
236 187 12 48
236 244 20 48
401 396 3 48
401 439 5 48
401 371 8 48
401 405 16 48
631 640 3 48
631 664 4 48
631 650 5 48
631 668 6 48
631 629 8 48
631 656 9 48
631 626 10 48
631 631 15 48
631 630 16 48
631 631 18 48
631 638 20 48
163 203 1 49
163 148 9 49
163 192 10 49
163 187 11 49
163 181 15 49
339 298 3 49
339 371 7 49
339 347 8 49
339 302 9 49
339 296 10 49
339 301 11 49
339 324 18 49
737 765 1 49
737 724 6 49
737 742 11 49
8 11 2 50
8 49 2 50
8 25 6 50
8 28 7 50
8 27 8 50
8 53 8 50
8 50 15 50
8 4 18 50
8 7 18 50
8 44 18 50
15 11 2 50
15 49 2 50
15 25 6 50
15 28 7 50
15 27 8 50
15 53 8 50
15 50 15 50
15 64 15 50
15 4 18 50
15 7 18 50
15 44 18 50
86 92 1 50
86 49 2 50
86 86 2 50
86 84 6 50
86 81 7 50
86 53 8 50
86 50 15 50
86 64 15 50
86 44 18 50
203 244 1 50
203 227 2 50
203 218 7 50
203 192 9 50
203 187 10 50
203 181 14 50
203 244 18 50
462 439 3 50
462 462 4 50
462 483 5 50
462 453 15 50
765 724 5 50
765 742 10 50
92 49 1 51
92 86 1 51
92 84 5 51
92 81 6 51
92 53 7 51
92 50 14 51
92 64 14 51
92 44 17 51
244 227 1 51
244 218 6 51
244 244 17 51
396 439 2 51
396 371 5 51
396 347 6 51
396 405 13 51
640 664 1 51
640 650 2 51
640 668 3 51
640 629 5 51
640 656 6 51
640 626 7 51
640 631 12 51
640 630 13 51
640 631 15 51
640 638 17 51
11 25 4 52
11 28 5 52
11 27 6 52
11 53 6 52
11 50 13 52
11 4 16 52
11 7 16 52
11 44 16 52
11 24 20 52
11 32 20 52
49 25 4 52
49 84 4 52
49 28 5 52
49 81 5 52
49 27 6 52
49 53 6 52
49 50 13 52
49 64 13 52
49 4 16 52
49 7 16 52
49 44 16 52
49 24 20 52
49 32 20 52
49 68 20 52
86 84 4 52
86 81 5 52
86 53 6 52
86 50 13 52
86 64 13 52
86 44 16 52
86 68 20 52
227 218 5 52
227 192 7 52
227 187 8 52
227 181 12 52
227 244 16 52
227 183 20 52
227 258 20 52
298 347 5 52
298 302 6 52
298 296 7 52
298 301 8 52
298 324 15 52
298 258 20 52
664 650 1 52
664 668 2 52
664 629 4 52
664 656 5 52
664 626 6 52
664 631 11 52
664 630 12 52
664 631 14 52
664 638 16 52
664 641 20 52
439 462 1 53
439 483 2 53
439 405 11 53
439 453 12 53
650 668 1 53
650 629 3 53
650 656 4 53
650 626 5 53
650 631 10 53
650 630 11 53
650 631 13 53
650 638 15 53
650 641 19 53
650 657 20 53
462 483 1 54
462 453 11 54
668 629 2 54
668 656 3 54
668 626 4 54
668 631 9 54
668 630 10 54
668 631 12 54
668 638 14 54
668 641 18 54
668 657 19 54
483 528 4 55
483 453 10 55
483 530 10 55
483 514 12 55
483 531 19 55
724 742 5 55
25 28 1 56
25 27 2 56
25 53 2 56
25 50 9 56
25 64 9 56
25 4 12 56
25 7 12 56
25 44 12 56
25 24 16 56
25 32 16 56
25 68 16 56
25 23 17 56
25 42 17 56
25 62 18 56
84 81 1 56
84 53 2 56
84 50 9 56
84 64 9 56
84 44 12 56
84 68 16 56
84 42 17 56
84 106 17 56
84 62 18 56
84 97 18 56
84 88 20 56
371 347 1 56
371 405 8 56
371 324 11 56
629 656 1 56
629 626 2 56
629 631 7 56
629 630 8 56
629 631 10 56
629 638 12 56
629 641 16 56
629 657 17 56
629 633 19 56
629 631 20 56
28 27 1 57
28 53 1 57
28 50 8 57
28 64 8 57
28 4 11 57
28 7 11 57
28 44 11 57
28 24 15 57
28 32 15 57
28 68 15 57
28 23 16 57
28 42 16 57
28 62 17 57
28 56 20 57
81 53 1 57
81 50 8 57
81 64 8 57
81 44 11 57
81 32 15 57
81 68 15 57
81 42 16 57
81 106 16 57
81 62 17 57
81 97 17 57
81 88 19 57
81 56 20 57
81 78 20 57
218 192 2 57
218 187 3 57
218 181 7 57
218 244 11 57
218 183 15 57
218 258 15 57
218 188 16 57
218 255 17 57
218 244 18 57
218 257 18 57
218 236 20 57
347 302 1 57
347 301 3 57
347 324 10 57
347 305 19 57
656 626 1 57
656 631 6 57
656 630 7 57
656 631 9 57
656 638 11 57
656 641 15 57
656 657 16 57
656 633 18 57
656 631 19 57
27 50 7 58
27 64 7 58
27 4 10 58
27 7 10 58
27 44 10 58
27 24 14 58
27 32 14 58
27 68 14 58
27 23 15 58
27 42 15 58
27 62 16 58
27 56 19 58
53 50 7 58
53 64 7 58
53 4 10 58
53 7 10 58
53 44 10 58
53 24 14 58
53 32 14 58
53 68 14 58
53 23 15 58
53 42 15 58
53 62 16 58
53 97 16 58
53 88 18 58
53 56 19 58
53 78 19 58
53 102 20 58
148 192 1 58
148 187 2 58
148 181 6 58
148 183 14 58
148 106 15 58
148 188 15 58
148 102 20 58
302 296 1 58
302 301 2 58
302 324 9 58
302 258 14 58
302 289 15 58
302 255 16 58
302 257 17 58
302 305 18 58
302 254 20 58
302 256 20 58
626 631 5 58
626 630 6 58
626 631 8 58
626 638 10 58
626 641 14 58
626 657 15 58
626 633 17 58
626 631 18 58
626 604 19 58
192 187 1 59
192 181 5 59
192 183 13 59
192 188 14 59
192 236 18 59
192 180 20 59
296 301 1 59
296 324 8 59
296 258 13 59
296 289 14 59
296 255 15 59
296 257 16 59
296 305 17 59
296 254 19 59
296 256 19 59
296 305 20 59
528 530 6 59
528 514 8 59
528 531 15 59
187 181 4 60
187 183 12 60
187 188 13 60
187 236 17 60
187 180 19 60
301 324 7 60
301 258 12 60
301 289 13 60
301 255 14 60
301 257 15 60
301 305 16 60
301 254 18 60
301 256 18 60
301 305 19 60
631 630 1 63
631 631 3 63
631 638 5 63
631 641 9 63
631 657 10 63
631 633 12 63
631 631 13 63
631 604 14 63
631 628 16 63
631 604 17 63
631 661 20 63
181 183 8 64
181 188 9 64
181 180 15 64
181 182 17 64
181 188 18 64
181 224 19 64
181 214 20 64
405 453 1 64
405 363 16 64
405 363 17 64
405 357 18 64
630 631 2 64
630 638 4 64
630 641 8 64
630 657 9 64
630 633 11 64
630 631 12 64
630 604 13 64
630 628 15 64
630 604 16 64
630 661 19 64
50 4 3 65
50 7 3 65
50 44 3 65
50 24 7 65
50 32 7 65
50 68 7 65
50 23 8 65
50 42 8 65
50 62 9 65
50 97 9 65
50 88 11 65
50 56 12 65
50 78 12 65
50 60 16 65
50 58 17 65
50 96 18 65
50 0 19 65
50 2 19 65
50 3 19 65
50 88 19 65
64 44 3 65
64 24 7 65
64 32 7 65
64 68 7 65
64 23 8 65
64 42 8 65
64 106 8 65
64 62 9 65
64 97 9 65
64 88 11 65
64 56 12 65
64 78 12 65
64 102 13 65
64 60 16 65
64 58 17 65
64 111 17 65
64 96 18 65
64 88 19 65
453 474 12 65
453 476 18 65
530 514 2 65
530 531 9 65
631 638 2 66
631 641 6 66
631 657 7 66
631 633 9 66
631 631 10 66
631 604 11 66
631 628 13 66
631 604 14 66
631 661 17 66
324 289 6 67
324 305 9 67
324 305 12 67
324 363 13 67
324 363 14 67
324 357 15 67
324 298 17 67
514 531 7 67
514 474 10 67
514 476 16 67
4 24 4 68
4 32 4 68
4 23 5 68
4 42 5 68
4 0 16 68
4 2 16 68
4 3 16 68
7 24 4 68
7 32 4 68
7 23 5 68
7 42 5 68
7 56 9 68
7 0 16 68
7 2 16 68
7 3 16 68
44 24 4 68
44 32 4 68
44 68 4 68
44 23 5 68
44 42 5 68
44 62 6 68
44 88 8 68
44 56 9 68
44 78 9 68
44 60 13 68
44 58 14 68
44 0 16 68
44 2 16 68
44 3 16 68
44 88 16 68
244 258 4 68
244 289 5 68
244 255 6 68
244 244 7 68
244 257 7 68
244 236 9 68
244 254 10 68
244 256 10 68
244 224 15 68
244 214 16 68
638 641 4 68
638 657 5 68
638 633 7 68
638 631 8 68
638 604 9 68
638 628 11 68
638 604 12 68
638 661 15 68
24 23 1 72
24 42 1 72
24 62 2 72
24 56 5 72
24 60 9 72
24 58 10 72
24 0 12 72
24 2 12 72
24 3 12 72
32 23 1 72
32 42 1 72
32 62 2 72
32 56 5 72
32 78 5 72
32 60 9 72
32 58 10 72
32 0 12 72
32 2 12 72
32 3 12 72
68 23 1 72
68 42 1 72
68 106 1 72
68 62 2 72
68 97 2 72
68 88 4 72
68 56 5 72
68 78 5 72
68 102 6 72
68 60 9 72
68 58 10 72
68 111 10 72
68 96 11 72
68 88 12 72
183 188 1 72
183 180 7 72
183 182 9 72
183 188 10 72
183 224 11 72
183 214 12 72
258 289 1 72
258 255 2 72
258 244 3 72
258 257 3 72
258 305 4 72
258 236 5 72
258 254 6 72
258 256 6 72
258 305 7 72
258 224 11 72
258 214 12 72
258 298 12 72
641 657 1 72
641 633 3 72
641 631 4 72
641 604 5 72
641 628 7 72
641 604 8 72
641 661 11 72
23 62 1 73
23 56 4 73
23 60 8 73
23 58 9 73
23 0 11 73
23 2 11 73
23 3 11 73
42 62 1 73
42 88 3 73
42 56 4 73
42 78 4 73
42 60 8 73
42 58 9 73
42 0 11 73
42 2 11 73
42 3 11 73
42 88 11 73
106 62 1 73
106 97 1 73
106 88 3 73
106 56 4 73
106 78 4 73
106 102 5 73
106 60 8 73
106 58 9 73
106 111 9 73
106 96 10 73
106 88 11 73
188 236 4 73
188 180 6 73
188 182 8 73
188 188 9 73
188 224 10 73
188 214 11 73
289 255 1 73
289 244 2 73
289 257 2 73
289 305 3 73
289 254 5 73
289 256 5 73
289 305 6 73
289 298 11 73
657 633 2 73
657 631 3 73
657 628 6 73
657 661 10 73
62 88 2 74
62 56 3 74
62 78 3 74
62 102 4 74
62 60 7 74
62 58 8 74
62 111 8 74
62 96 9 74
62 88 10 74
97 88 2 74
97 56 3 74
97 78 3 74
97 102 4 74
97 60 7 74
97 58 8 74
97 111 8 74
97 96 9 74
97 88 10 74
255 244 1 74
255 257 1 74
255 236 3 74
255 254 4 74
255 256 4 74
255 224 9 74
255 214 10 74
255 298 10 74
244 236 2 75
244 254 3 75
244 256 3 75
244 224 8 75
244 214 9 75
257 305 1 75
257 236 2 75
257 254 3 75
257 256 3 75
257 305 4 75
257 224 8 75
257 214 9 75
257 298 9 75
633 631 1 75
633 604 2 75
633 628 4 75
633 604 5 75
633 661 8 75
88 56 1 76
88 78 1 76
88 102 2 76
88 60 5 76
88 58 6 76
88 111 6 76
88 96 7 76
88 88 8 76
305 256 2 76
305 305 3 76
305 298 8 76
631 604 1 76
631 628 3 76
631 604 4 76
631 661 7 76
56 102 1 77
56 60 4 77
56 58 5 77
56 96 6 77
56 88 7 77
78 102 1 77
78 60 4 77
78 58 5 77
78 111 5 77
78 96 6 77
78 88 7 77
236 254 1 77
236 256 1 77
236 188 5 77
236 224 6 77
236 214 7 77
474 476 6 77
604 628 2 77
604 604 3 77
102 60 3 78
102 58 4 78
102 111 4 78
102 96 5 78
102 88 6 78
254 224 5 78
254 214 6 78
254 298 6 78
256 305 1 78
256 224 5 78
256 214 6 78
256 298 6 78
180 182 2 79
180 188 3 79
180 224 4 79
180 214 5 79
305 298 5 79
628 604 1 79
628 661 4 79
363 363 1 80
363 357 2 80
60 58 1 81
60 96 2 81
60 88 3 81
182 188 1 81
182 224 2 81
182 214 3 81
363 357 1 81
731 735 1 81
731 766 3 81
58 96 1 82
58 88 2 82
111 96 1 82
111 88 2 82
188 224 1 82
188 214 2 82
735 766 2 82
96 88 1 83
224 214 1 83
