510 481 4 0
510 484 7 0
510 481 11 0
510 519 18 0
510 496 22 0
510 490 25 0
510 514 29 0
510 491 32 0
510 490 52 0
510 552 54 0
510 540 55 0
510 496 56 0
510 490 59 0
510 496 61 0
510 540 67 0
510 515 69 0
838 884 4 0
838 790 17 0
838 838 21 0
838 839 22 0
838 838 23 0
838 885 25 0
838 885 26 0
838 886 27 0
838 883 30 0
838 884 31 0
838 836 38 0
838 835 41 0
838 840 46 0
838 851 47 0
838 887 50 0
838 800 53 0
838 802 56 0
838 884 57 0
838 838 61 0
838 839 62 0
838 886 64 0
838 802 65 0
945 945 4 1
945 943 5 1
945 948 6 1
945 986 7 1
945 948 8 1
945 948 9 1
945 947 10 1
945 945 11 1
945 913 12 1
945 923 14 1
945 965 15 1
945 966 23 1
945 968 27 1
945 943 31 1
945 945 32 1
945 947 33 1
945 946 34 1
945 945 35 1
945 948 36 1
945 946 50 1
762 761 1 2
762 762 12 2
762 790 15 2
762 761 37 2
762 761 38 2
762 761 47 2
762 762 50 2
762 800 51 2
762 802 54 2
762 736 56 2
762 739 57 2
762 737 58 2
762 802 63 2
762 736 64 2
762 761 66 2
762 759 70 2
106 72 5 3
106 101 6 3
106 105 7 3
106 63 15 3
106 109 17 3
106 101 20 3
106 61 22 3
106 111 24 3
106 101 27 3
106 61 29 3
106 101 29 3
106 97 33 3
106 59 35 3
106 100 36 3
106 105 37 3
106 61 46 3
106 103 46 3
106 112 51 3
106 59 58 3
106 102 58 3
761 762 11 3
761 790 14 3
761 761 36 3
761 761 37 3
761 761 46 3
761 762 49 3
761 800 50 3
761 802 53 3
761 736 55 3
761 739 56 3
761 737 57 3
761 802 62 3
761 736 63 3
761 761 65 3
761 759 69 3
761 761 70 3
481 484 3 4
481 481 7 4
481 519 14 4
481 446 15 4
481 496 18 4
481 490 21 4
481 514 25 4
481 491 28 4
481 490 48 4
481 445 50 4
481 452 51 4
481 496 52 4
481 490 55 4
481 496 57 4
481 515 65 4
884 913 9 4
884 923 11 4
884 838 17 4
884 839 18 4
884 838 19 4
884 885 21 4
884 885 22 4
884 886 23 4
884 883 26 4
884 884 27 4
884 836 34 4
884 835 37 4
884 840 42 4
884 851 43 4
884 887 46 4
884 884 53 4
884 838 57 4
884 839 58 4
884 886 60 4
884 884 67 4
884 900 70 4
1023 1023 1 4
1023 1023 2 4
1023 1023 3 4
1023 986 4 4
1023 1023 4 4
1023 1023 5 4
1023 1023 6 4
1023 1023 7 4
1023 1023 8 4
1023 1023 16 4
1023 1023 20 4
1023 1023 21 4
1023 1023 30 4
1023 1023 31 4
1023 1023 32 4
1023 1023 42 4
1023 1023 43 4
1023 1023 44 4
1023 1023 47 4
1023 1023 48 4
1023 1023 57 4
1023 1023 60 4
1023 1023 62 4
1023 1023 63 4
1023 1023 69 4
1023 1023 70 4
945 943 1 5
945 948 2 5
945 986 3 5
945 948 4 5
945 948 5 5
945 947 6 5
945 945 7 5
945 913 8 5
945 923 10 5
945 965 11 5
945 966 19 5
945 968 23 5
945 943 27 5
945 945 28 5
945 947 29 5
945 946 30 5
945 945 31 5
945 948 32 5
945 946 46 5
945 900 69 5
1023 1023 1 5
1023 1023 2 5
1023 986 3 5
1023 1023 3 5
1023 1023 4 5
1023 1023 5 5
1023 1023 6 5
1023 1023 7 5
1023 1023 15 5
1023 1023 19 5
1023 1023 20 5
1023 1023 29 5
1023 1023 30 5
1023 1023 31 5
1023 1023 41 5
1023 1023 42 5
1023 1023 43 5
1023 1023 46 5
1023 1023 47 5
1023 1023 56 5
1023 1023 59 5
1023 1023 61 5
1023 1023 62 5
1023 1023 68 5
1023 1023 69 5
314 358 7 6
314 268 11 6
314 276 12 6
314 279 14 6
314 360 22 6
314 328 24 6
314 281 41 6
314 314 56 6
314 311 67 6
314 309 68 6
943 948 1 6
943 986 2 6
943 948 3 6
943 948 4 6
943 947 5 6
943 945 6 6
943 913 7 6
943 923 9 6
943 965 10 6
943 966 18 6
943 968 22 6
943 943 26 6
943 945 27 6
943 947 28 6
943 946 29 6
943 945 30 6
943 948 31 6
943 946 45 6
943 900 68 6
1023 1023 1 6
1023 986 2 6
1023 1023 2 6
1023 1023 3 6
1023 1023 4 6
1023 1023 5 6
1023 1023 6 6
1023 1023 14 6
1023 1023 18 6
1023 1023 19 6
1023 1023 28 6
1023 1023 29 6
1023 1023 30 6
1023 1023 40 6
1023 1023 41 6
1023 1023 42 6
1023 1023 45 6
1023 1023 46 6
1023 1023 55 6
1023 1023 58 6
1023 1023 60 6
1023 1023 61 6
1023 1023 67 6
1023 1023 68 6
484 481 4 7
484 519 11 7
484 446 12 7
484 496 15 7
484 490 18 7
484 514 22 7
484 491 25 7
484 490 45 7
484 445 47 7
484 452 48 7
484 496 49 7
484 490 52 7
484 496 54 7
484 515 62 7
484 490 69 7
948 986 1 7
948 948 2 7
948 948 3 7
948 947 4 7
948 945 5 7
948 913 6 7
948 923 8 7
948 965 9 7
948 966 17 7
948 968 21 7
948 943 25 7
948 945 26 7
948 947 27 7
948 946 28 7
948 945 29 7
948 948 30 7
948 946 44 7
948 900 67 7
1023 986 1 7
1023 1023 1 7
1023 1023 2 7
1023 1023 3 7
1023 1023 4 7
1023 1023 5 7
1023 1023 13 7
1023 1023 17 7
1023 1023 18 7
1023 1023 27 7
1023 1023 28 7
1023 1023 29 7
1023 1023 39 7
1023 1023 40 7
1023 1023 41 7
1023 1023 44 7
1023 1023 45 7
1023 1023 54 7
1023 1023 57 7
1023 1023 59 7
1023 1023 60 7
1023 1023 66 7
1023 1023 67 7
72 101 1 8
72 105 2 8
72 49 8 8
72 48 10 8
72 63 10 8
72 54 12 8
72 109 12 8
72 42 14 8
72 55 15 8
72 101 15 8
72 61 17 8
72 50 19 8
72 111 19 8
72 101 22 8
72 61 24 8
72 101 24 8
72 97 28 8
72 59 30 8
72 100 31 8
72 105 32 8
72 61 41 8
72 103 41 8
72 112 46 8
72 49 48 8
72 59 53 8
72 102 53 8
986 948 1 8
986 1023 1 8
986 948 2 8
986 1023 2 8
986 947 3 8
986 1023 3 8
986 945 4 8
986 1023 4 8
986 965 8 8
986 1023 12 8
986 966 16 8
986 1023 16 8
986 1023 17 8
986 968 20 8
986 943 24 8
986 945 25 8
986 947 26 8
986 1023 26 8
986 946 27 8
986 1023 27 8
986 945 28 8
986 1023 28 8
986 948 29 8
986 1023 38 8
986 1023 39 8
986 1023 40 8
986 946 43 8
986 1023 43 8
986 1023 44 8
986 1023 53 8
986 1023 56 8
986 1023 58 8
986 1023 59 8
986 1023 65 8
986 1023 66 8
1023 1023 1 8
1023 1023 2 8
1023 1023 3 8
1023 1023 4 8
1023 1023 12 8
1023 1023 16 8
1023 1023 17 8
1023 1023 26 8
1023 1023 27 8
1023 1023 28 8
1023 1023 38 8
1023 1023 39 8
1023 1023 40 8
1023 1023 43 8
1023 1023 44 8
1023 1023 53 8
1023 1023 56 8
1023 1023 58 8
1023 1023 59 8
1023 1023 65 8
1023 1023 66 8
101 105 1 9
101 63 9 9
101 54 11 9
101 109 11 9
101 55 14 9
101 101 14 9
101 61 16 9
101 111 18 9
101 101 21 9
101 61 23 9
101 101 23 9
101 97 27 9
101 59 29 9
101 100 30 9
101 105 31 9
101 61 40 9
101 103 40 9
101 112 45 9
101 59 52 9
101 102 52 9
948 948 1 9
948 947 2 9
948 945 3 9
948 913 4 9
948 923 6 9
948 965 7 9
948 966 15 9
948 968 19 9
948 943 23 9
948 945 24 9
948 947 25 9
948 946 26 9
948 945 27 9
948 948 28 9
948 946 42 9
948 900 65 9
1023 1023 1 9
1023 1023 2 9
1023 1023 3 9
1023 1023 11 9
1023 1023 15 9
1023 1023 16 9
1023 1023 25 9
1023 1023 26 9
1023 1023 27 9
1023 1023 37 9
1023 1023 38 9
1023 1023 39 9
1023 1023 42 9
1023 1023 43 9
1023 1023 52 9
1023 1023 55 9
1023 1023 57 9
1023 1023 58 9
1023 1023 64 9
1023 1023 65 9
105 63 8 10
105 109 10 10
105 55 13 10
105 101 13 10
105 61 15 10
105 111 17 10
105 101 20 10
105 61 22 10
105 101 22 10
105 97 26 10
105 59 28 10
105 100 29 10
105 105 30 10
105 61 39 10
105 103 39 10
105 112 44 10
105 59 51 10
105 102 51 10
396 358 3 10
396 400 4 10
396 412 17 10
396 360 18 10
396 445 44 10
948 947 1 10
948 945 2 10
948 913 3 10
948 923 5 10
948 965 6 10
948 966 14 10
948 968 18 10
948 943 22 10
948 945 23 10
948 947 24 10
948 946 25 10
948 945 26 10
948 948 27 10
948 946 41 10
948 900 64 10
1023 1023 1 10
1023 1023 2 10
1023 1023 10 10
1023 1023 14 10
1023 1023 15 10
1023 1023 24 10
1023 1023 25 10
1023 1023 26 10
1023 1023 36 10
1023 1023 37 10
1023 1023 38 10
1023 1023 41 10
1023 1023 42 10
1023 1023 51 10
1023 1023 54 10
1023 1023 56 10
1023 1023 57 10
1023 1023 63 10
1023 1023 64 10
481 519 7 11
481 446 8 11
481 496 11 11
481 490 14 11
481 514 18 11
481 491 21 11
481 490 41 11
481 445 43 11
481 452 44 11
481 496 45 11
481 490 48 11
481 496 50 11
481 515 58 11
481 490 65 11
947 945 1 11
947 913 2 11
947 923 4 11
947 965 5 11
947 966 13 11
947 968 17 11
947 943 21 11
947 945 22 11
947 947 23 11
947 946 24 11
947 945 25 11
947 948 26 11
947 946 40 11
947 900 63 11
1023 1023 1 11
1023 1023 9 11
1023 1023 13 11
1023 1023 14 11
1023 1023 23 11
1023 1023 24 11
1023 1023 25 11
1023 1023 35 11
1023 1023 36 11
1023 1023 37 11
1023 1023 40 11
1023 1023 41 11
1023 1023 50 11
1023 1023 53 11
1023 1023 55 11
1023 1023 56 11
1023 1023 62 11
1023 1023 63 11
945 913 1 12
945 923 3 12
945 965 4 12
945 966 12 12
945 968 16 12
945 943 20 12
945 945 21 12
945 947 22 12
945 946 23 12
945 945 24 12
945 948 25 12
945 946 39 12
945 900 62 12
1023 1023 8 12
1023 1023 12 12
1023 1023 13 12
1023 1023 22 12
1023 1023 23 12
1023 1023 24 12
1023 1023 34 12
1023 1023 35 12
1023 1023 36 12
1023 1023 39 12
1023 1023 40 12
1023 1023 49 12
1023 1023 52 12
1023 1023 54 12
1023 1023 55 12
1023 1023 61 12
1023 1023 62 12
358 400 1 13
358 360 15 13
358 328 17 13
358 314 49 13
358 311 60 13
358 309 61 13
913 923 2 13
913 885 12 13
913 885 13 13
913 886 14 13
913 883 17 13
913 884 18 13
913 943 19 13
913 945 20 13
913 947 21 13
913 946 22 13
913 945 23 13
913 948 24 13
913 887 37 13
913 946 38 13
913 884 44 13
913 886 51 13
913 884 58 13
913 900 61 13
400 446 5 14
400 412 13 14
400 360 14 14
400 445 40 14
762 790 3 14
762 761 25 14
762 761 26 14
762 761 35 14
762 762 38 14
762 800 39 14
762 802 42 14
762 736 44 14
762 739 45 14
762 737 46 14
762 802 51 14
762 736 52 14
762 761 54 14
762 759 58 14
762 761 59 14
762 799 61 14
762 780 62 14
923 965 1 15
923 966 9 15
923 885 10 15
923 885 11 15
923 886 12 15
923 968 13 15
923 883 15 15
923 884 16 15
923 943 17 15
923 945 18 15
923 947 19 15
923 946 20 15
923 945 21 15
923 948 22 15
923 887 35 15
923 946 36 15
923 884 42 15
923 886 49 15
923 884 56 15
923 900 59 15
49 48 2 16
49 63 2 16
49 54 4 16
49 42 6 16
49 55 7 16
49 61 9 16
49 50 11 16
49 61 16 16
49 97 20 16
49 59 22 16
49 61 33 16
49 49 40 16
49 59 45 16
49 59 69 16
965 966 8 16
965 968 12 16
965 943 16 16
965 945 17 16
965 947 18 16
965 946 19 16
965 945 20 16
965 948 21 16
965 946 35 16
218 171 4 17
218 257 14 17
218 217 38 17
218 171 44 17
218 169 45 17
218 187 69 17
268 276 1 17
268 279 3 17
268 257 14 17
268 281 30 17
268 314 45 17
268 311 56 17
268 309 57 17
268 308 68 17
268 312 69 17
790 838 4 17
790 839 5 17
790 838 6 17
790 836 21 17
790 761 22 17
790 761 23 17
790 835 24 17
790 761 32 17
790 762 35 17
790 800 36 17
790 802 39 17
790 838 44 17
790 839 45 17
790 802 48 17
790 761 51 17
790 759 55 17
790 761 56 17
790 799 58 17
790 780 59 17
48 54 2 18
48 42 4 18
48 55 5 18
48 61 7 18
48 50 9 18
48 61 14 18
48 97 18 18
48 59 20 18
48 61 31 18
48 49 38 18
48 59 43 18
48 59 67 18
48 34 70 18
63 54 2 18
63 109 2 18
63 42 4 18
63 55 5 18
63 101 5 18
63 61 7 18
63 50 9 18
63 111 9 18
63 101 12 18
63 61 14 18
63 101 14 18
63 97 18 18
63 59 20 18
63 100 21 18
63 105 22 18
63 61 31 18
63 103 31 18
63 112 36 18
63 49 38 18
63 59 43 18
63 102 43 18
63 59 67 18
63 34 70 18
166 165 2 18
166 171 3 18
166 161 5 18
166 163 9 18
166 163 14 18
166 161 38 18
166 171 43 18
166 169 44 18
166 164 67 18
166 187 68 18
276 279 2 18
276 257 13 18
276 281 29 18
276 314 44 18
276 311 55 18
276 309 56 18
276 308 67 18
276 312 68 18
276 243 70 18
519 496 4 18
519 490 7 18
519 514 11 18
519 491 14 18
519 490 34 18
519 552 36 18
519 540 37 18
519 496 38 18
519 490 41 18
519 496 43 18
519 540 49 18
519 515 51 18
519 490 58 18
446 490 6 19
446 412 8 19
446 491 13 19
446 490 33 19
446 445 35 19
446 452 36 19
446 490 40 19
446 490 57 19
591 615 1 19
591 574 29 19
591 552 35 19
591 574 68 19
54 42 2 20
54 55 3 20
54 101 3 20
54 61 5 20
54 50 7 20
54 101 10 20
54 61 12 20
54 101 12 20
54 97 16 20
54 59 18 20
54 100 19 20
54 61 29 20
54 103 29 20
54 49 36 20
54 59 41 20
54 102 41 20
54 59 65 20
54 34 68 20
54 24 69 20
109 101 3 20
109 61 5 20
109 111 7 20
109 101 10 20
109 61 12 20
109 101 12 20
109 97 16 20
109 59 18 20
109 100 19 20
109 105 20 20
109 61 29 20
109 103 29 20
109 112 34 20
109 59 41 20
109 102 41 20
109 59 65 20
165 171 1 20
165 161 3 20
165 163 7 20
165 163 12 20
165 161 36 20
165 171 41 20
165 169 42 20
165 164 65 20
165 187 66 20
279 328 10 20
279 257 11 20
279 281 27 20
279 314 42 20
279 311 53 20
279 309 54 20
279 308 65 20
279 312 66 20
279 243 68 20
279 240 70 20
615 574 28 20
615 651 65 20
615 574 67 20
1023 1023 4 20
1023 1023 5 20
1023 1023 14 20
1023 1023 15 20
1023 1023 16 20
1023 1023 26 20
1023 1023 27 20
1023 1023 28 20
1023 1023 31 20
1023 1023 32 20
1023 1023 41 20
1023 1023 44 20
1023 1023 46 20
1023 1023 47 20
1023 1023 53 20
1023 1023 54 20
1023 1023 67 20
1023 1023 68 20
171 161 2 21
171 163 6 21
171 163 11 21
171 217 34 21
171 161 35 21
171 171 40 21
171 169 41 21
171 164 64 21
171 187 65 21
838 839 1 21
838 838 2 21
838 885 4 21
838 885 5 21
838 886 6 21
838 883 9 21
838 884 10 21
838 836 17 21
838 835 20 21
838 840 25 21
838 851 26 21
838 887 29 21
838 800 32 21
838 802 35 21
838 884 36 21
838 838 40 21
838 839 41 21
838 886 43 21
838 802 44 21
838 884 50 21
838 799 54 21
42 55 1 22
42 61 3 22
42 50 5 22
42 61 10 22
42 59 16 22
42 61 27 22
42 49 34 22
42 59 39 22
42 59 63 22
42 34 66 22
42 24 67 22
42 34 69 22
42 73 70 22
496 490 3 22
496 514 7 22
496 491 10 22
496 490 30 22
496 452 33 22
496 540 33 22
496 496 34 22
496 490 37 22
496 496 39 22
496 540 45 22
496 515 47 22
496 490 54 22
839 838 1 22
839 885 3 22
839 885 4 22
839 886 5 22
839 883 8 22
839 884 9 22
839 836 16 22
839 835 19 22
839 840 24 22
839 851 25 22
839 887 28 22
839 800 31 22
839 802 34 22
839 884 35 22
839 838 39 22
839 839 40 22
839 886 42 22
839 802 43 22
839 884 49 22
839 799 53 22
55 61 2 23
55 50 4 23
55 101 7 23
55 61 9 23
55 101 9 23
55 97 13 23
55 59 15 23
55 100 16 23
55 61 26 23
55 103 26 23
55 49 33 23
55 59 38 23
55 102 38 23
55 59 62 23
55 34 65 23
55 24 66 23
55 34 68 23
55 73 69 23
55 87 70 23
101 61 2 23
101 111 4 23
101 101 7 23
101 61 9 23
101 101 9 23
101 97 13 23
101 59 15 23
101 100 16 23
101 105 17 23
101 61 26 23
101 103 26 23
101 112 31 23
101 59 38 23
101 102 38 23
101 59 62 23
101 73 69 23
101 87 70 23
161 111 4 23
161 163 4 23
161 163 9 23
161 112 31 23
161 161 33 23
161 171 38 23
161 169 39 23
161 164 62 23
161 187 63 23
838 885 2 23
838 885 3 23
838 886 4 23
838 883 7 23
838 884 8 23
838 836 15 23
838 835 18 23
838 840 23 23
838 851 24 23
838 887 27 23
838 800 30 23
838 802 33 23
838 884 34 23
838 838 38 23
838 839 39 23
838 886 41 23
838 802 42 23
838 884 48 23
838 799 52 23
966 968 4 24
966 943 8 24
966 945 9 24
966 947 10 24
966 946 11 24
966 945 12 24
966 948 13 24
966 946 27 24
1023 1023 1 24
1023 1023 10 24
1023 1023 11 24
1023 1023 12 24
1023 1023 22 24
1023 1023 23 24
1023 1023 24 24
1023 1023 27 24
1023 1023 28 24
1023 1023 37 24
1023 1023 40 24
1023 1023 42 24
1023 1023 43 24
1023 1023 49 24
1023 1023 50 24
1023 1023 63 24
1023 1023 64 24
1023 1023 67 24
61 50 2 25
61 101 5 25
61 61 7 25
61 101 7 25
61 97 11 25
61 59 13 25
61 100 14 25
61 105 15 25
61 61 24 25
61 103 24 25
61 49 31 25
61 59 36 25
61 102 36 25
61 59 60 25
61 34 63 25
61 24 64 25
61 34 66 25
61 73 67 25
61 87 68 25
61 81 69 25
61 88 70 25
490 514 4 25
490 491 7 25
490 490 27 25
490 445 29 25
490 452 30 25
490 496 31 25
490 490 34 25
490 496 36 25
490 515 44 25
490 490 51 25
885 885 1 25
885 886 2 25
885 883 5 25
885 884 6 25
885 836 13 25
885 835 16 25
885 840 21 25
885 851 22 25
885 887 25 25
885 884 32 25
885 838 36 25
885 839 37 25
885 886 39 25
885 884 46 25
885 900 49 25
885 913 64 25
1023 1023 9 25
1023 1023 10 25
1023 1023 11 25
1023 1023 21 25
1023 1023 22 25
1023 1023 23 25
1023 1023 26 25
1023 1023 27 25
1023 1023 36 25
1023 1023 39 25
1023 1023 41 25
1023 1023 42 25
1023 1023 48 25
1023 1023 49 25
1023 1023 62 25
1023 1023 63 25
1023 1023 66 25
885 886 1 26
885 883 4 26
885 884 5 26
885 836 12 26
885 835 15 26
885 840 20 26
885 851 21 26
885 887 24 26
885 884 31 26
885 838 35 26
885 839 36 26
885 886 38 26
885 884 45 26
885 900 48 26
885 913 63 26
885 885 70 26
50 61 5 27
50 97 9 27
50 59 11 27
50 61 22 27
50 49 29 27
50 59 34 27
50 59 58 27
50 34 61 27
50 24 62 27
50 34 64 27
50 73 65 27
50 87 66 27
50 81 67 27
50 88 68 27
111 101 3 27
111 61 5 27
111 101 5 27
111 97 9 27
111 100 12 27
111 105 13 27
111 61 22 27
111 103 22 27
111 112 27 27
111 102 34 27
111 73 65 27
111 87 66 27
111 81 67 27
111 88 68 27
163 163 5 27
163 161 29 27
163 171 34 27
163 169 35 27
163 164 58 27
163 187 59 27
412 445 27 27
412 452 28 27
412 364 61 27
886 883 3 27
886 884 4 27
886 836 11 27
886 840 19 27
886 851 20 27
886 887 23 27
886 884 30 27
886 838 34 27
886 839 35 27
886 886 37 27
886 884 44 27
886 900 47 27
886 913 62 27
886 885 69 27
360 328 2 28
360 314 34 28
360 311 45 28
360 312 58 28
360 364 60 28
360 357 61 28
360 328 68 28
360 331 69 28
360 335 70 28
968 943 4 28
968 945 5 28
968 947 6 28
968 946 7 28
968 945 8 28
968 948 9 28
968 946 23 28
968 935 70 28
514 491 3 29
514 490 23 29
514 552 25 29
514 540 26 29
514 496 27 29
514 490 30 29
514 496 32 29
514 540 38 29
514 515 40 29
514 490 47 29
514 538 70 29
101 61 2 30
101 101 2 30
101 97 6 30
101 59 8 30
101 100 9 30
101 105 10 30
101 61 19 30
101 103 19 30
101 112 24 30
101 59 31 30
101 102 31 30
101 59 55 30
101 73 62 30
101 87 63 30
101 81 64 30
101 88 65 30
101 61 70 30
328 281 17 30
328 314 32 30
328 311 43 30
328 309 44 30
328 308 55 30
328 312 56 30
328 364 58 30
328 357 59 30
328 282 62 30
328 289 63 30
328 293 64 30
328 292 65 30
328 328 66 30
328 331 67 30
328 335 68 30
328 329 69 30
328 327 70 30
883 884 1 30
883 836 8 30
883 835 11 30
883 840 16 30
883 851 17 30
883 887 20 30
883 884 27 30
883 838 31 30
883 839 32 30
883 886 34 30
883 884 41 30
883 900 44 30
883 913 59 30
883 885 66 30
257 281 16 31
257 217 24 31
257 243 57 31
257 228 58 31
257 240 59 31
257 240 60 31
257 282 61 31
257 289 62 31
257 293 63 31
257 292 64 31
884 836 7 31
884 835 10 31
884 840 15 31
884 851 16 31
884 887 19 31
884 884 26 31
884 838 30 31
884 839 31 31
884 886 33 31
884 884 40 31
884 900 43 31
884 913 58 31
884 885 65 31
884 879 70 31
61 97 4 32
61 59 6 32
61 100 7 32
61 105 8 32
61 61 17 32
61 103 17 32
61 49 24 32
61 59 29 32
61 102 29 32
61 59 53 32
61 34 56 32
61 24 57 32
61 34 59 32
61 73 60 32
61 87 61 32
61 81 62 32
61 88 63 32
61 44 67 32
61 61 68 32
101 97 4 32
101 59 6 32
101 100 7 32
101 105 8 32
101 61 17 32
101 103 17 32
101 112 22 32
101 59 29 32
101 102 29 32
101 59 53 32
101 73 60 32
101 87 61 32
101 81 62 32
101 88 63 32
101 61 68 32
163 161 24 32
163 171 29 32
163 169 30 32
163 164 53 32
163 187 54 32
163 170 68 32
491 490 20 32
491 445 22 32
491 452 23 32
491 540 23 32
491 496 24 32
491 490 27 32
491 496 29 32
491 540 35 32
491 515 37 32
491 490 44 32
491 538 67 32
491 521 68 32
943 945 1 32
943 947 2 32
943 946 3 32
943 945 4 32
943 948 5 32
943 946 19 32
943 900 42 32
943 913 57 32
943 935 66 32
945 947 1 33
945 946 2 33
945 945 3 33
945 948 4 33
945 946 18 33
945 900 41 33
945 913 56 33
945 935 65 33
947 946 1 34
947 945 2 34
947 948 3 34
947 946 17 34
947 900 40 34
947 913 55 34
947 935 64 34
1023 1023 1 34
1023 1023 2 34
1023 1023 12 34
1023 1023 13 34
1023 1023 14 34
1023 1023 17 34
1023 1023 18 34
1023 1023 27 34
1023 1023 30 34
1023 1023 32 34
1023 1023 33 34
1023 1023 39 34
1023 1023 40 34
1023 1023 53 34
1023 1023 54 34
1023 1023 57 34
1023 1023 66 34
1023 1023 68 34
1023 1023 70 34
946 945 1 35
946 948 2 35
946 946 16 35
946 900 39 35
946 913 54 35
946 935 63 35
1023 1023 1 35
1023 1023 11 35
1023 1023 12 35
1023 1023 13 35
1023 1023 16 35
1023 1023 17 35
1023 1023 26 35
1023 1023 29 35
1023 1023 31 35
1023 1023 32 35
1023 1023 38 35
1023 1023 39 35
1023 1023 52 35
1023 1023 53 35
1023 1023 56 35
1023 1023 65 35
1023 1023 67 35
1023 1023 69 35
1023 1023 70 35
97 59 2 36
97 100 3 36
97 105 4 36
97 61 13 36
97 103 13 36
97 112 18 36
97 49 20 36
97 59 25 36
97 102 25 36
97 59 49 36
97 73 56 36
97 87 57 36
97 81 58 36
97 88 59 36
97 61 64 36
945 948 1 36
945 946 15 36
945 900 38 36
945 913 53 36
945 935 62 36
1023 1023 10 36
1023 1023 11 36
1023 1023 12 36
1023 1023 15 36
1023 1023 16 36
1023 1023 25 36
1023 1023 28 36
1023 1023 30 36
1023 1023 31 36
1023 1023 37 36
1023 1023 38 36
1023 1023 51 36
1023 1023 52 36
1023 1023 55 36
1023 1023 64 36
1023 1023 66 36
1023 1023 68 36
1023 1023 69 36
948 946 14 37
948 900 37 37
948 913 52 37
948 935 61 37
59 100 1 38
59 105 2 38
59 61 11 38
59 103 11 38
59 49 18 38
59 59 23 38
59 102 23 38
59 59 47 38
59 34 50 38
59 24 51 38
59 34 53 38
59 73 54 38
59 87 55 38
59 81 56 38
59 88 57 38
59 44 61 38
59 61 62 38
59 27 65 38
59 29 66 38
59 31 67 38
836 835 3 38
836 840 8 38
836 851 9 38
836 800 15 38
836 802 18 38
836 884 19 38
836 838 23 38
836 839 24 38
836 802 27 38
836 884 33 38
836 799 37 38
836 885 58 38
836 879 63 38
836 802 65 38
100 105 1 39
100 61 10 39
100 103 10 39
100 112 15 39
100 59 22 39
100 102 22 39
100 59 46 39
100 73 53 39
100 87 54 39
100 81 55 39
100 88 56 39
100 61 61 39
761 761 1 39
761 761 10 39
761 762 13 39
761 800 14 39
761 802 17 39
761 736 19 39
761 739 20 39
761 737 21 39
761 802 26 39
761 736 27 39
761 761 29 39
761 759 33 39
761 761 34 39
761 799 36 39
761 780 37 39
761 715 56 39
761 736 58 39
761 802 64 39
761 736 66 39
105 61 9 40
105 103 9 40
105 112 14 40
105 59 21 40
105 102 21 40
105 59 45 40
105 73 52 40
105 87 53 40
105 81 54 40
105 88 55 40
105 61 60 40
761 761 9 40
761 762 12 40
761 800 13 40
761 802 16 40
761 736 18 40
761 739 19 40
761 737 20 40
761 802 25 40
761 736 26 40
761 761 28 40
761 759 32 40
761 761 33 40
761 799 35 40
761 780 36 40
761 715 55 40
761 736 57 40
761 802 63 40
761 736 65 40
835 840 5 41
835 851 6 41
835 800 12 41
835 802 15 41
835 884 16 41
835 838 20 41
835 839 21 41
835 802 24 41
835 884 30 41
835 799 34 41
835 879 60 41
835 802 62 41
840 851 1 46
840 887 4 46
840 800 7 46
840 802 10 46
840 884 11 46
840 838 15 46
840 839 16 46
840 886 18 46
840 802 19 46
840 884 25 46
840 799 29 46
840 885 50 46
840 879 55 46
840 802 57 46
840 834 70 46
1023 1023 1 46
1023 1023 2 46
1023 1023 5 46
1023 1023 6 46
1023 1023 15 46
1023 1023 18 46
1023 1023 20 46
1023 1023 21 46
1023 1023 27 46
1023 1023 28 46
1023 1023 41 46
1023 1023 42 46
1023 1023 45 46
1023 1023 54 46
1023 1023 56 46
1023 1023 58 46
1023 1023 59 46
1023 1023 66 46
281 314 15 47
281 311 26 47
281 309 27 47
281 308 38 47
281 312 39 47
281 243 41 47
281 240 43 47
281 240 44 47
281 282 45 47
281 289 46 47
281 293 47 47
281 292 48 47
281 328 49 47
281 329 52 47
281 327 53 47
281 243 57 47
281 261 61 47
281 314 66 47
851 887 3 47
851 802 9 47
851 884 10 47
851 838 14 47
851 839 15 47
851 886 17 47
851 802 18 47
851 884 24 47
851 900 27 47
851 885 49 47
851 879 54 47
851 802 56 47
851 834 69 47
851 828 70 47
1023 1023 1 47
1023 1023 4 47
1023 1023 5 47
1023 1023 14 47
1023 1023 17 47
1023 1023 19 47
1023 1023 20 47
1023 1023 26 47
1023 1023 27 47
1023 1023 40 47
1023 1023 41 47
1023 1023 44 47
1023 1023 53 47
1023 1023 55 47
1023 1023 57 47
1023 1023 58 47
1023 1023 65 47
574 552 6 48
574 540 7 48
574 540 19 48
574 574 39 48
574 538 51 48
574 553 54 48
1023 1023 3 48
1023 1023 4 48
1023 1023 13 48
1023 1023 16 48
1023 1023 18 48
1023 1023 19 48
1023 1023 25 48
1023 1023 26 48
1023 1023 39 48
1023 1023 40 48
1023 1023 43 48
1023 1023 52 48
1023 1023 54 48
1023 1023 56 48
1023 1023 57 48
1023 1023 64 48
61 49 7 49
61 59 12 49
61 102 12 49
61 59 36 49
61 34 39 49
61 24 40 49
61 34 42 49
61 73 43 49
61 87 44 49
61 81 45 49
61 88 46 49
61 44 50 49
61 61 51 49
61 27 54 49
61 29 55 49
61 31 56 49
61 73 64 49
103 112 5 49
103 59 12 49
103 102 12 49
103 59 36 49
103 73 43 49
103 87 44 49
103 81 45 49
103 88 46 49
103 61 51 49
103 73 64 49
103 132 68 49
103 128 69 49
103 123 70 49
103 133 70 49
761 762 3 49
761 800 4 49
761 802 7 49
761 736 9 49
761 739 10 49
761 737 11 49
761 802 16 49
761 736 17 49
761 761 19 49
761 759 23 49
761 761 24 49
761 799 26 49
761 780 27 49
761 715 46 49
761 736 48 49
761 802 54 49
761 736 56 49
761 759 62 49
887 884 7 50
887 838 11 50
887 839 12 50
887 886 14 50
887 884 21 50
887 900 24 50
887 913 39 50
887 885 46 50
887 935 48 50
887 879 51 50
887 910 65 50
946 900 23 51
946 913 38 51
946 935 47 51
946 946 61 51
946 910 64 51
1023 1023 1 51
1023 1023 10 51
1023 1023 13 51
1023 1023 15 51
1023 1023 16 51
1023 1023 22 51
1023 1023 23 51
1023 1023 36 51
1023 1023 37 51
1023 1023 40 51
1023 1023 49 51
1023 1023 51 51
1023 1023 53 51
1023 1023 54 51
1023 1023 61 51
490 445 2 52
490 452 3 52
490 496 4 52
490 490 7 52
490 496 9 52
490 515 17 52
490 490 24 52
490 538 47 52
490 521 48 52
762 800 1 52
762 802 4 52
762 736 6 52
762 739 7 52
762 737 8 52
762 802 13 52
762 736 14 52
762 761 16 52
762 759 20 52
762 761 21 52
762 799 23 52
762 780 24 52
762 715 43 52
762 736 45 52
762 802 51 52
762 736 53 52
762 759 59 52
1023 1023 9 52
1023 1023 12 52
1023 1023 14 52
1023 1023 15 52
1023 1023 21 52
1023 1023 22 52
1023 1023 35 52
1023 1023 36 52
1023 1023 39 52
1023 1023 48 52
1023 1023 50 52
1023 1023 52 52
1023 1023 53 52
1023 1023 60 52
800 802 3 53
800 838 8 53
800 839 9 53
800 802 12 53
800 761 15 53
800 759 19 53
800 761 20 53
800 799 22 53
800 780 23 53
800 802 50 53
800 759 58 53
800 834 63 53
800 828 64 53
800 829 66 53
800 838 69 53
112 161 2 54
112 102 7 54
112 73 38 54
112 87 39 54
112 81 40 54
112 88 41 54
112 73 59 54
112 132 63 54
112 128 64 54
112 123 65 54
112 133 65 54
112 134 66 54
445 452 1 54
445 490 5 54
445 490 22 54
445 430 60 54
445 438 65 54
445 419 67 54
445 429 69 54
445 433 70 54
552 540 1 54
552 540 13 54
552 515 15 54
552 574 33 54
552 538 45 54
552 521 46 54
552 553 48 54
552 575 66 54
552 575 70 54
217 171 6 55
217 169 7 55
217 187 31 55
217 243 33 55
217 228 34 55
217 240 35 55
217 240 36 55
217 170 45 55
217 220 47 55
217 219 48 55
217 243 49 55
217 221 50 55
217 215 51 55
217 261 53 55
217 191 57 55
217 190 58 55
217 194 59 55
217 210 60 55
217 194 67 55
217 190 68 55
217 190 69 55
217 193 70 55
452 496 1 55
452 490 4 55
452 496 6 55
452 490 21 55
452 430 59 55
452 438 64 55
452 419 66 55
452 429 68 55
452 433 69 55
540 496 1 55
540 490 4 55
540 496 6 55
540 540 12 55
540 515 14 55
540 490 21 55
540 574 32 55
540 538 44 55
540 521 45 55
540 553 47 55
540 575 65 55
540 575 69 55
49 59 5 56
49 59 29 56
49 34 32 56
49 24 33 56
49 34 35 56
49 73 36 56
49 87 37 56
49 81 38 56
49 88 39 56
49 44 43 56
49 61 44 56
49 27 47 56
49 29 48 56
49 31 49 56
49 73 57 56
161 171 5 56
161 169 6 56
161 164 29 56
161 187 30 56
161 170 44 56
161 191 56 56
161 190 57 56
161 194 58 56
161 210 59 56
161 132 61 56
161 128 62 56
161 123 63 56
161 133 63 56
161 134 64 56
161 194 66 56
161 190 67 56
161 190 68 56
161 193 69 56
496 490 3 56
496 496 5 56
496 540 11 56
496 515 13 56
496 490 20 56
496 538 43 56
496 521 44 56
802 838 5 56
802 839 6 56
802 802 9 56
802 761 12 56
802 759 16 56
802 761 17 56
802 799 19 56
802 780 20 56
802 802 47 56
802 759 55 56
802 834 60 56
802 828 61 56
802 829 63 56
802 838 66 56
802 761 70 56
884 838 4 57
884 839 5 57
884 886 7 57
884 884 14 57
884 900 17 57
884 913 32 57
884 885 39 57
884 879 44 57
884 910 58 57
884 834 59 57
884 838 65 57
884 886 70 57
736 739 1 58
736 737 2 58
736 687 5 58
736 736 8 58
736 761 10 58
736 759 14 58
736 761 15 58
736 780 18 58
736 690 30 58
736 690 32 58
736 687 33 58
736 710 34 58
736 709 35 58
736 707 36 58
736 715 37 58
736 736 39 58
736 692 46 58
736 736 47 58
736 694 48 58
736 759 53 58
736 761 68 58
490 496 2 59
490 515 10 59
490 490 17 59
490 538 40 59
490 521 41 59
490 469 68 59
490 470 70 59
739 737 1 59
739 736 7 59
739 761 9 59
739 759 13 59
739 761 14 59
739 780 17 59
739 690 29 59
739 690 31 59
739 710 33 59
739 709 34 59
739 707 35 59
739 715 36 59
739 736 38 59
739 692 45 59
739 736 46 59
739 694 47 59
739 759 52 59
739 761 67 59
737 687 3 60
737 736 6 60
737 761 8 60
737 759 12 60
737 761 13 60
737 780 16 60
737 690 28 60
737 690 30 60
737 687 31 60
737 710 32 60
737 709 33 60
737 707 34 60
737 715 35 60
737 736 37 60
737 692 44 60
737 736 45 60
737 694 46 60
737 759 51 60
737 761 66 60
737 690 70 60
59 59 24 61
59 34 27 61
59 24 28 61
59 34 30 61
59 73 31 61
59 87 32 61
59 81 33 61
59 88 34 61
59 44 38 61
59 61 39 61
59 27 42 61
59 29 43 61
59 31 44 61
59 73 52 61
59 20 67 61
59 91 70 61
102 59 24 61
102 73 31 61
102 87 32 61
102 81 33 61
102 88 34 61
102 61 39 61
102 73 52 61
102 132 56 61
102 128 57 61
102 123 58 61
102 133 58 61
102 134 59 61
102 91 70 61
171 169 1 61
171 164 24 61
171 187 25 61
171 170 39 61
171 220 41 61
171 219 42 61
171 215 45 61
171 191 51 61
171 190 52 61
171 194 53 61
171 210 54 61
171 132 56 61
171 128 57 61
171 123 58 61
171 133 58 61
171 134 59 61
171 194 61 61
171 190 62 61
171 190 63 61
171 193 64 61
496 540 6 61
496 515 8 61
496 490 15 61
496 538 38 61
496 521 39 61
496 469 66 61
496 470 68 61
838 839 1 61
838 886 3 61
838 802 4 61
838 884 10 61
838 799 14 61
838 885 35 61
838 879 40 61
838 802 42 61
838 834 55 61
838 828 56 61
838 829 58 61
838 838 61 61
838 886 66 61
838 799 70 61
1023 1023 3 61
1023 1023 5 61
1023 1023 6 61
1023 1023 12 61
1023 1023 13 61
1023 1023 26 61
1023 1023 27 61
1023 1023 30 61
1023 1023 39 61
1023 1023 41 61
1023 1023 43 61
1023 1023 44 61
1023 1023 51 61
169 164 23 62
169 187 24 62
169 170 38 62
169 215 44 62
169 191 50 62
169 190 51 62
169 194 52 62
169 210 53 62
169 132 55 62
169 128 56 62
169 123 57 62
169 133 57 62
169 134 58 62
169 194 60 62
169 190 61 62
169 190 62 62
169 193 63 62
314 311 11 62
314 309 12 62
314 308 23 62
314 312 24 62
314 357 27 62
314 282 30 62
314 289 31 62
314 293 32 62
314 292 33 62
314 328 34 62
314 331 35 62
314 335 36 62
314 329 37 62
314 327 38 62
314 340 39 62
314 314 51 62
314 363 66 62
314 293 70 62
839 886 2 62
839 802 3 62
839 884 9 62
839 799 13 62
839 885 34 62
839 879 39 62
839 802 41 62
839 834 54 62
839 828 55 62
839 829 57 62
839 838 60 62
839 886 65 62
839 799 69 62
839 795 70 62
687 736 3 63
687 651 22 63
687 665 23 63
687 690 25 63
687 690 27 63
687 687 28 63
687 710 29 63
687 709 30 63
687 707 31 63
687 715 32 63
687 736 34 63
687 692 41 63
687 736 42 63
687 694 43 63
687 664 50 63
687 663 51 63
687 661 58 63
687 663 60 63
687 666 62 63
687 690 67 63
886 884 7 64
886 900 10 64
886 913 25 64
886 885 32 64
886 935 34 64
886 879 37 64
886 910 51 64
886 838 58 64
886 886 63 64
886 911 64 64
1023 1023 2 64
1023 1023 3 64
1023 1023 9 64
1023 1023 10 64
1023 1023 23 64
1023 1023 24 64
1023 1023 27 64
1023 1023 36 64
1023 1023 38 64
1023 1023 40 64
1023 1023 41 64
1023 1023 48 64
802 761 3 65
802 759 7 65
802 761 8 65
802 799 10 65
802 780 11 65
802 802 38 65
802 759 46 65
802 834 51 65
802 828 52 65
802 829 54 65
802 838 57 65
802 761 61 65
802 799 66 65
802 795 67 65
736 761 2 66
736 759 6 66
736 761 7 66
736 780 10 66
736 690 22 66
736 690 24 66
736 687 25 66
736 710 26 66
736 709 27 66
736 707 28 66
736 715 29 66
736 736 31 66
736 692 38 66
736 736 39 66
736 694 40 66
736 759 45 66
736 761 60 66
736 690 64 66
736 717 68 66
736 740 69 66
736 739 70 66
1023 1023 1 66
1023 1023 7 66
1023 1023 8 66
1023 1023 21 66
1023 1023 22 66
1023 1023 25 66
1023 1023 34 66
1023 1023 36 66
1023 1023 38 66
1023 1023 39 66
1023 1023 46 66
540 515 2 67
540 490 9 67
540 574 20 67
540 538 32 67
540 521 33 67
540 553 35 67
540 575 53 67
540 575 57 67
540 511 66 67
1023 1023 6 67
1023 1023 7 67
1023 1023 20 67
1023 1023 21 67
1023 1023 24 67
1023 1023 33 67
1023 1023 35 67
1023 1023 37 67
1023 1023 38 67
1023 1023 45 67
761 759 4 68
761 761 5 68
761 799 7 68
761 780 8 68
761 715 27 68
761 736 29 68
761 802 35 68
761 736 37 68
761 759 43 68
761 761 58 68
761 799 63 68
761 795 64 68
761 717 66 68
761 740 67 68
761 739 68 68
761 735 69 68
761 739 70 68
515 490 7 69
515 538 30 69
515 521 31 69
515 553 33 69
515 469 58 69
515 470 60 69
515 511 64 69
884 900 3 71
884 913 18 71
884 885 25 71
884 879 30 71
884 910 44 71
884 834 45 71
884 838 51 71
884 886 56 71
884 911 57 71
884 883 70 71
759 761 1 72
759 799 3 72
759 780 4 72
759 710 20 72
759 709 21 72
759 715 23 72
759 736 25 72
759 802 31 72
759 736 33 72
759 759 39 72
759 761 54 72
759 799 59 72
759 795 60 72
759 717 62 72
759 740 63 72
759 739 64 72
759 735 65 72
759 739 66 72
311 309 1 73
311 308 12 73
311 312 13 73
311 357 16 73
311 282 19 73
311 289 20 73
311 293 21 73
311 292 22 73
311 328 23 73
311 331 24 73
311 335 25 73
311 329 26 73
311 327 27 73
311 340 28 73
311 261 35 73
311 314 40 73
311 293 59 73
311 298 60 73
311 295 61 73
311 333 64 73
311 335 65 73
311 344 66 73
311 360 70 73
761 799 2 73
761 780 3 73
761 715 22 73
761 736 24 73
761 802 30 73
761 736 32 73
761 759 38 73
761 761 53 73
761 799 58 73
761 795 59 73
761 717 61 73
761 740 62 73
761 739 63 73
761 735 64 73
761 739 65 73
1023 1023 1 73
1023 1023 14 73
1023 1023 15 73
1023 1023 18 73
1023 1023 27 73
1023 1023 29 73
1023 1023 31 73
1023 1023 32 73
1023 1023 39 73
309 308 11 74
309 312 12 74
309 357 15 74
309 282 18 74
309 289 19 74
309 293 20 74
309 292 21 74
309 328 22 74
309 331 23 74
309 335 24 74
309 329 25 74
309 327 26 74
309 340 27 74
309 261 34 74
309 314 39 74
309 293 58 74
309 298 59 74
309 295 60 74
309 333 63 74
309 335 64 74
309 344 65 74
900 913 15 74
900 885 22 74
900 935 24 74
900 879 27 74
900 946 38 74
900 910 41 74
900 886 53 74
900 911 54 74
900 946 55 74
900 883 67 74
900 887 68 74
1023 1023 13 74
1023 1023 14 74
1023 1023 17 74
1023 1023 26 74
1023 1023 28 74
1023 1023 30 74
1023 1023 31 74
1023 1023 38 74
799 780 1 75
799 802 28 75
799 759 36 75
799 834 41 75
799 828 42 75
799 829 44 75
799 838 47 75
799 761 51 75
799 799 56 75
799 795 57 75
490 538 23 76
490 521 24 76
490 469 51 76
490 470 53 76
490 511 57 76
490 448 64 76
490 465 65 76
490 453 66 76
490 452 69 76
490 518 69 76
780 736 21 76
780 802 27 76
780 736 29 76
780 759 35 76
780 828 41 76
780 829 43 76
780 761 50 76
780 799 55 76
780 795 56 76
780 740 59 76
780 739 60 76
780 735 61 76
780 739 62 76
780 739 68 76
59 34 3 85
59 24 4 85
59 34 6 85
59 73 7 85
59 87 8 85
59 81 9 85
59 88 10 85
59 44 14 85
59 61 15 85
59 27 18 85
59 29 19 85
59 31 20 85
59 73 28 85
59 20 43 85
59 91 46 85
59 92 48 85
59 84 49 85
59 31 56 85
59 28 57 85
59 27 59 85
59 99 62 85
164 187 1 85
164 170 15 85
164 191 27 85
164 190 28 85
164 194 29 85
164 210 30 85
164 132 32 85
164 128 33 85
164 123 34 85
164 133 34 85
164 134 35 85
164 194 37 85
164 190 38 85
164 190 39 85
164 193 40 85
164 148 53 85
164 121 61 85
164 141 61 85
164 131 62 85
164 135 63 85
164 138 64 85
164 200 66 85
164 192 67 85
164 187 68 85
308 312 1 85
308 357 4 85
308 282 7 85
308 289 8 85
308 293 9 85
308 292 10 85
308 328 11 85
308 331 12 85
308 335 13 85
308 329 14 85
308 327 15 85
308 340 16 85
308 261 23 85
308 314 28 85
308 293 47 85
308 298 48 85
308 295 49 85
308 333 52 85
308 335 53 85
308 344 54 85
308 258 59 85
308 265 61 85
308 313 67 85
651 665 1 85
651 690 3 85
651 690 5 85
651 687 6 85
651 692 19 85
651 694 21 85
651 635 23 85
651 664 28 85
651 663 29 85
651 635 33 85
651 661 36 85
651 663 38 85
651 666 40 85
651 690 45 85
651 621 54 85
651 691 55 85
651 690 58 85
651 669 66 85
651 664 68 85
187 228 3 86
187 170 14 86
187 220 16 86
187 219 17 86
187 221 19 86
187 215 20 86
187 191 26 86
187 190 27 86
187 194 28 86
187 210 29 86
187 194 36 86
187 190 37 86
187 190 38 86
187 193 39 86
187 234 42 86
187 236 43 86
187 148 52 86
187 141 60 86
187 138 63 86
187 200 65 86
187 192 66 86
187 187 67 86
312 357 3 86
312 282 6 86
312 289 7 86
312 293 8 86
312 292 9 86
312 328 10 86
312 331 11 86
312 335 12 86
312 329 13 86
312 327 14 86
312 340 15 86
312 314 27 86
312 293 46 86
312 298 47 86
312 295 48 86
312 333 51 86
312 335 52 86
312 344 53 86
312 360 57 86
312 265 60 86
312 313 66 86
665 690 2 86
665 690 4 86
665 687 5 86
665 710 6 86
665 709 7 86
665 707 8 86
665 692 18 86
665 694 20 86
665 635 22 86
665 664 27 86
665 663 28 86
665 635 32 86
665 661 35 86
665 663 37 86
665 666 39 86
665 690 44 86
665 621 53 86
665 691 54 86
665 690 57 86
665 669 65 86
665 664 67 86
574 538 12 87
574 553 15 87
574 575 33 87
574 575 37 87
574 621 52 87
1023 1023 1 87
1023 1023 4 87
1023 1023 13 87
1023 1023 15 87
1023 1023 17 87
1023 1023 18 87
1023 1023 25 87
34 24 1 88
34 34 3 88
34 73 4 88
34 81 6 88
34 44 11 88
34 61 12 88
34 27 15 88
34 29 16 88
34 31 17 88
34 73 25 88
34 20 40 88
34 31 53 88
34 28 54 88
34 27 56 88
243 228 1 88
243 240 2 88
243 240 3 88
243 282 4 88
243 289 5 88
243 292 7 88
243 220 14 88
243 219 15 88
243 243 16 88
243 221 17 88
243 215 18 88
243 261 20 88
243 194 26 88
243 210 27 88
243 194 34 88
243 193 37 88
243 243 39 88
243 234 40 88
243 236 41 88
243 243 42 88
243 242 54 88
243 241 55 88
243 245 56 88
243 258 56 88
243 265 58 88
243 200 63 88
364 357 1 88
364 328 8 88
364 331 9 88
364 335 10 88
364 329 11 88
364 327 12 88
364 340 13 88
364 314 25 88
364 383 30 88
364 363 40 88
364 333 49 88
364 335 50 88
364 344 51 88
364 360 55 88
364 385 59 88
364 379 60 88
690 690 2 88
690 687 3 88
690 710 4 88
690 709 5 88
690 707 6 88
690 715 7 88
690 736 9 88
690 692 16 88
690 736 17 88
690 694 18 88
690 664 25 88
690 663 26 88
690 661 33 88
690 663 35 88
690 666 37 88
690 690 42 88
690 717 46 88
690 739 48 88
690 735 49 88
690 739 50 88
690 691 52 88
690 690 55 88
690 739 56 88
690 669 63 88
690 664 65 88
1023 1023 3 88
1023 1023 12 88
1023 1023 14 88
1023 1023 16 88
1023 1023 17 88
1023 1023 24 88
24 34 2 89
24 73 3 89
24 44 10 89
24 61 11 89
24 27 14 89
24 29 15 89
24 31 16 89
24 73 24 89
24 20 39 89
24 31 52 89
24 28 53 89
24 27 55 89
228 240 1 89
228 240 2 89
228 220 13 89
228 219 14 89
228 243 15 89
228 221 16 89
228 215 17 89
228 261 19 89
228 191 23 89
228 190 24 89
228 194 25 89
228 210 26 89
228 194 33 89
228 190 34 89
228 190 35 89
228 193 36 89
228 243 38 89
228 234 39 89
228 236 40 89
228 243 41 89
228 242 53 89
228 241 54 89
228 245 55 89
228 258 55 89
228 265 57 89
228 200 62 89
228 192 63 89
228 187 64 89
357 328 7 89
357 331 8 89
357 335 9 89
357 329 10 89
357 327 11 89
357 340 12 89
357 314 24 89
357 383 29 89
357 363 39 89
357 333 48 89
357 335 49 89
357 344 50 89
357 360 54 89
357 385 58 89
357 379 59 89
357 313 63 89
913 885 7 89
913 935 9 89
913 879 12 89
913 946 23 89
913 910 26 89
913 886 38 89
913 911 39 89
913 946 40 89
913 883 52 89
913 887 53 89
913 914 57 89
240 240 1 90
240 282 2 90
240 289 3 90
240 220 12 90
240 219 13 90
240 243 14 90
240 221 15 90
240 215 16 90
240 261 18 90
240 191 22 90
240 190 23 90
240 194 24 90
240 210 25 90
240 194 32 90
240 190 33 90
240 190 34 90
240 193 35 90
240 243 37 90
240 234 38 90
240 236 39 90
240 243 40 90
240 242 52 90
240 241 53 90
240 245 54 90
240 258 54 90
240 265 56 90
240 200 61 90
240 192 62 90
690 687 1 90
690 710 2 90
690 709 3 90
690 707 4 90
690 715 5 90
690 736 7 90
690 692 14 90
690 736 15 90
690 694 16 90
690 664 23 90
690 663 24 90
690 661 31 90
690 663 33 90
690 666 35 90
690 690 40 90
690 717 44 90
690 739 46 90
690 735 47 90
690 739 48 90
690 691 50 90
690 690 53 90
690 739 54 90
690 669 61 90
690 664 63 90
34 73 1 91
34 81 3 91
34 44 8 91
34 61 9 91
34 27 12 91
34 29 13 91
34 31 14 91
34 73 22 91
34 20 37 91
34 31 50 91
34 28 51 91
34 27 53 91
240 282 1 91
240 289 2 91
240 220 11 91
240 219 12 91
240 243 13 91
240 221 14 91
240 215 15 91
240 261 17 91
240 191 21 91
240 190 22 91
240 194 23 91
240 210 24 91
240 194 31 91
240 190 32 91
240 190 33 91
240 193 34 91
240 243 36 91
240 234 37 91
240 236 38 91
240 243 39 91
240 242 51 91
240 241 52 91
240 245 53 91
240 258 53 91
240 265 55 91
240 200 60 91
240 192 61 91
687 710 1 91
687 709 2 91
687 707 3 91
687 715 4 91
687 736 6 91
687 692 13 91
687 736 14 91
687 694 15 91
687 664 22 91
687 663 23 91
687 661 30 91
687 663 32 91
687 666 34 91
687 690 39 91
687 717 43 91
687 735 46 91
687 691 49 91
687 690 52 91
687 669 60 91
687 664 62 91
1023 1023 9 91
1023 1023 11 91
1023 1023 13 91
1023 1023 14 91
1023 1023 21 91
73 87 1 92
73 81 2 92
73 88 3 92
73 44 7 92
73 61 8 92
73 27 11 92
73 29 12 92
73 31 13 92
73 73 21 92
73 91 39 92
73 92 41 92
73 84 42 92
73 31 49 92
73 28 50 92
73 27 52 92
73 121 54 92
73 99 55 92
282 289 1 92
282 293 2 92
282 292 3 92
282 328 4 92
282 331 5 92
282 329 7 92
282 327 8 92
282 243 12 92
282 261 16 92
282 314 21 92
282 243 35 92
282 234 36 92
282 236 37 92
282 243 38 92
282 293 40 92
282 298 41 92
282 295 42 92
282 242 50 92
282 241 51 92
282 245 52 92
282 258 52 92
282 265 54 92
282 313 60 92
710 709 1 92
710 707 2 92
710 715 3 92
710 736 5 92
710 692 12 92
710 736 13 92
710 694 14 92
710 759 19 92
710 664 21 92
710 663 22 92
710 661 29 92
710 663 31 92
710 666 33 92
710 690 38 92
710 717 42 92
710 740 43 92
710 739 44 92
710 735 45 92
710 739 46 92
710 691 48 92
710 690 51 92
710 739 52 92
710 669 59 92
710 664 61 92
87 81 1 93
87 88 2 93
87 44 6 93
87 61 7 93
87 73 20 93
87 132 24 93
87 128 25 93
87 123 26 93
87 133 26 93
87 134 27 93
87 91 38 93
87 92 40 93
87 84 41 93
87 121 53 93
87 99 54 93
87 131 54 93
87 135 55 93
289 293 1 93
289 292 2 93
289 328 3 93
289 331 4 93
289 335 5 93
289 329 6 93
289 327 7 93
289 243 11 93
289 261 15 93
289 314 20 93
289 243 34 93
289 243 37 93
289 293 39 93
289 298 40 93
289 295 41 93
289 333 44 93
289 335 45 93
289 242 49 93
289 241 50 93
289 245 51 93
289 258 51 93
289 265 53 93
289 313 59 93
709 707 1 93
709 715 2 93
709 736 4 93
709 692 11 93
709 736 12 93
709 694 13 93
709 664 20 93
709 663 21 93
709 661 28 93
709 663 30 93
709 666 32 93
709 690 37 93
709 717 41 93
709 740 42 93
709 739 43 93
709 735 44 93
709 739 45 93
709 691 47 93
709 690 50 93
709 739 51 93
709 669 58 93
709 664 60 93
81 88 1 94
81 44 5 94
81 61 6 94
81 31 11 94
81 73 19 94
81 128 24 94
81 123 25 94
81 91 37 94
81 92 39 94
81 84 40 94
81 31 47 94
81 121 52 94
81 99 53 94
293 292 1 94
293 328 2 94
293 331 3 94
293 335 4 94
293 329 5 94
293 327 6 94
293 340 7 94
293 243 10 94
293 261 14 94
293 314 19 94
293 243 33 94
293 243 36 94
293 293 38 94
293 298 39 94
293 295 40 94
293 333 43 94
293 335 44 94
293 245 50 94
293 258 50 94
293 265 52 94
293 313 58 94
707 715 1 94
707 736 3 94
707 692 10 94
707 736 11 94
707 694 12 94
707 664 19 94
707 663 20 94
707 661 27 94
707 663 29 94
707 666 31 94
707 690 36 94
707 717 40 94
707 740 41 94
707 739 42 94
707 735 43 94
707 739 44 94
707 691 46 94
707 690 49 94
707 739 50 94
707 669 57 94
707 664 59 94
88 44 4 95
88 61 5 95
88 73 18 95
88 132 22 95
88 128 23 95
88 123 24 95
88 133 24 95
88 134 25 95
88 91 36 95
88 92 38 95
88 84 39 95
88 121 51 95
88 99 52 95
88 131 52 95
88 135 53 95
292 328 1 95
292 331 2 95
292 335 3 95
292 329 4 95
292 327 5 95
292 340 6 95
292 243 9 95
292 261 13 95
292 314 18 95
292 243 32 95
292 243 35 95
292 293 37 95
292 298 38 95
292 295 39 95
292 333 42 95
292 335 43 95
292 242 47 95
292 245 49 95
292 258 49 95
292 265 51 95
292 313 57 95
715 736 2 95
715 692 9 95
715 736 10 95
715 694 11 95
715 759 16 95
715 666 30 95
715 761 31 95
715 690 35 95
715 717 39 95
715 740 40 95
715 739 41 95
715 735 42 95
715 739 43 95
715 691 45 95
715 690 48 95
715 739 49 95
715 761 55 95
715 669 56 95
328 331 1 96
328 335 2 96
328 329 3 96
328 327 4 96
328 340 5 96
328 314 17 96
328 363 32 96
328 293 36 96
328 298 37 96
328 295 38 96
328 333 41 96
328 335 42 96
328 344 43 96
328 360 47 96
328 313 56 96
885 879 5 96
885 910 19 96
885 838 26 96
885 886 31 96
885 911 32 96
885 883 45 96
885 887 46 96
885 914 50 96
885 838 51 96
885 840 52 96
331 335 1 97
331 329 2 97
331 327 3 97
331 340 4 97
331 314 16 97
331 363 31 97
331 293 35 97
331 298 36 97
331 295 37 97
331 333 40 97
331 335 41 97
331 344 42 97
331 360 46 97
331 379 51 97
331 313 55 97
736 692 7 97
736 736 8 97
736 694 9 97
736 759 14 97
736 761 29 97
736 690 33 97
736 717 37 97
736 740 38 97
736 739 39 97
736 735 40 97
736 739 41 97
736 691 43 97
736 690 46 97
736 739 47 97
736 761 53 97
335 329 1 98
335 327 2 98
335 340 3 98
335 314 15 98
335 383 20 98
335 363 30 98
335 293 34 98
335 298 35 98
335 295 36 98
335 333 39 98
335 335 40 98
335 344 41 98
335 360 45 98
335 379 50 98
335 313 54 98
935 946 14 98
935 910 17 98
935 886 29 98
935 911 30 98
935 946 31 98
935 887 44 98
935 914 48 98
44 61 1 99
44 27 4 99
44 29 5 99
44 31 6 99
44 73 14 99
44 20 29 99
44 91 32 99
44 92 34 99
44 84 35 99
44 31 42 99
44 28 43 99
44 27 45 99
329 327 1 99
329 340 2 99
329 314 14 99
329 363 29 99
329 293 33 99
329 298 34 99
329 295 35 99
329 333 38 99
329 335 39 99
329 344 40 99
329 360 44 99
329 313 53 99
538 521 1 99
538 553 3 99
538 575 21 99
538 575 25 99
538 511 34 99
538 518 46 99
538 516 50 99
538 490 52 99
61 27 3 100
61 29 4 100
61 31 5 100
61 73 13 100
61 20 28 100
61 91 31 100
61 92 33 100
61 84 34 100
61 31 41 100
61 28 42 100
61 27 44 100
61 99 47 100
170 219 3 100
170 215 6 100
170 191 12 100
170 190 13 100
170 194 14 100
170 210 15 100
170 132 17 100
170 128 18 100
170 123 19 100
170 133 19 100
170 134 20 100
170 194 22 100
170 190 23 100
170 190 24 100
170 193 25 100
170 148 38 100
170 121 46 100
170 141 46 100
170 131 47 100
170 135 48 100
170 138 49 100
170 200 51 100
170 192 52 100
170 187 53 100
327 340 1 100
327 314 13 100
327 363 28 100
327 293 32 100
327 298 33 100
327 295 34 100
327 333 37 100
327 335 38 100
327 344 39 100
327 360 43 100
327 313 52 100
521 553 2 100
521 511 33 100
521 518 45 100
521 516 49 100
521 490 51 100
1023 1023 2 100
1023 1023 4 100
1023 1023 5 100
1023 1023 12 100
340 314 12 101
340 383 17 101
340 363 27 101
340 293 31 101
340 298 32 101
340 295 33 101
340 333 36 101
340 335 37 101
340 344 38 101
340 360 42 101
340 385 46 101
340 379 47 101
340 313 51 101
879 910 14 101
879 834 15 101
879 829 18 101
879 838 21 101
879 886 26 101
879 911 27 101
879 883 40 101
879 887 41 101
879 914 45 101
879 838 46 101
879 840 47 101
220 219 1 102
220 243 2 102
220 221 3 102
220 215 4 102
220 261 6 102
220 191 10 102
220 190 11 102
220 194 12 102
220 210 13 102
220 194 20 102
220 190 21 102
220 190 22 102
220 193 23 102
220 243 25 102
220 234 26 102
220 236 27 102
220 243 28 102
220 242 40 102
220 241 41 102
220 245 42 102
220 258 42 102
220 265 44 102
220 200 49 102
220 192 50 102
220 187 51 102
553 575 18 102
553 575 22 102
553 511 31 102
553 518 43 102
553 516 47 102
1023 1023 2 102
1023 1023 3 102
1023 1023 10 102
27 29 1 103
27 31 2 103
27 73 10 103
27 20 25 103
27 31 38 103
27 28 39 103
27 27 41 103
219 243 1 103
219 221 2 103
219 215 3 103
219 261 5 103
219 191 9 103
219 190 10 103
219 194 11 103
219 210 12 103
219 194 19 103
219 190 20 103
219 190 21 103
219 193 22 103
219 243 24 103
219 234 25 103
219 236 26 103
219 243 27 103
219 242 39 103
219 241 40 103
219 245 41 103
219 258 41 103
219 265 43 103
219 200 48 103
219 192 49 103
219 187 50 103
802 759 8 103
802 834 13 103
802 828 14 103
802 829 16 103
802 838 19 103
802 761 23 103
802 799 28 103
802 795 29 103
802 838 44 103
802 840 45 103
802 761 47 103
802 802 49 103
29 31 1 104
29 73 9 104
29 20 24 104
29 31 37 104
29 28 38 104
29 27 40 104
243 221 1 104
243 215 2 104
243 261 4 104
243 194 10 104
243 210 11 104
243 194 18 104
243 193 21 104
243 243 23 104
243 234 24 104
243 236 25 104
243 243 26 104
243 242 38 104
243 241 39 104
243 245 40 104
243 258 40 104
243 265 42 104
243 200 47 104
692 736 1 104
692 694 2 104
692 664 9 104
692 663 10 104
692 661 17 104
692 663 19 104
692 666 21 104
692 690 26 104
692 717 30 104
692 740 31 104
692 739 32 104
692 735 33 104
692 739 34 104
692 691 36 104
692 690 39 104
692 739 40 104
692 669 47 104
692 664 49 104
1023 1023 1 104
1023 1023 8 104
31 73 8 105
31 20 23 105
31 31 36 105
31 28 37 105
31 27 39 105
221 215 1 105
221 261 3 105
221 191 7 105
221 190 8 105
221 194 9 105
221 210 10 105
221 194 17 105
221 190 18 105
221 190 19 105
221 193 20 105
221 243 22 105
221 234 23 105
221 236 24 105
221 243 25 105
221 242 37 105
221 241 38 105
221 245 39 105
221 258 39 105
221 265 41 105
221 200 46 105
221 192 47 105
221 187 48 105
736 694 1 105
736 759 6 105
736 761 21 105
736 690 25 105
736 717 29 105
736 740 30 105
736 739 31 105
736 735 32 105
736 739 33 105
736 691 35 105
736 690 38 105
736 739 39 105
736 761 45 105
1023 1023 7 105
215 261 2 106
215 191 6 106
215 190 7 106
215 194 8 106
215 210 9 106
215 194 16 106
215 190 17 106
215 190 18 106
215 193 19 106
215 243 21 106
215 234 22 106
215 236 23 106
215 243 24 106
215 242 36 106
215 241 37 106
215 245 38 106
215 258 38 106
215 200 45 106
215 192 46 106
215 187 47 106
694 664 7 106
694 663 8 106
694 661 15 106
694 663 17 106
694 666 19 106
694 690 24 106
694 717 28 106
694 740 29 106
694 739 30 106
694 735 31 106
694 739 32 106
694 691 34 106
694 690 37 106
694 739 38 106
694 669 45 106
694 664 47 106
261 243 19 108
261 234 20 108
261 236 21 108
261 243 22 108
261 293 24 108
261 298 25 108
261 295 26 108
261 242 34 108
261 241 35 108
261 245 36 108
261 258 36 108
261 265 38 108
635 664 5 108
635 663 6 108
635 635 10 108
635 661 13 108
635 663 15 108
635 666 17 108
635 621 31 108
635 669 43 108
635 664 45 108
759 761 15 111
759 799 20 111
759 795 21 111
759 717 23 111
759 740 24 111
759 739 25 111
759 735 26 111
759 739 27 111
759 739 33 111
759 761 39 111
759 802 41 111
191 190 1 112
191 194 2 112
191 210 3 112
191 194 10 112
191 190 11 112
191 190 12 112
191 193 13 112
191 234 16 112
191 236 17 112
191 148 26 112
191 141 34 112
191 200 39 112
191 192 40 112
191 187 41 112
946 910 3 112
946 911 16 112
946 946 17 112
946 914 34 112
73 91 18 113
73 92 20 113
73 84 21 113
73 31 28 113
73 28 29 113
73 27 31 113
73 121 33 113
73 99 34 113
190 194 1 113
190 210 2 113
190 194 9 113
190 190 10 113
190 190 11 113
190 193 12 113
190 234 15 113
190 236 16 113
190 148 25 113
190 141 33 113
190 200 38 113
190 192 39 113
190 187 40 113
314 363 15 113
314 293 19 113
314 298 20 113
314 295 21 113
314 333 24 113
314 335 25 113
314 344 26 113
314 360 30 113
314 265 33 113
314 313 39 113
664 663 1 113
664 635 5 113
664 661 8 113
664 663 10 113
664 666 12 113
664 690 17 113
664 621 26 113
664 691 27 113
664 690 30 113
664 669 38 113
664 664 40 113
194 210 1 114
194 194 8 114
194 190 9 114
194 190 10 114
194 193 11 114
194 243 13 114
194 234 14 114
194 236 15 114
194 243 16 114
194 148 24 114
194 242 28 114
194 241 29 114
194 200 37 114
194 192 38 114
194 187 39 114
430 383 4 114
430 438 5 114
430 419 7 114
430 429 9 114
430 433 10 114
430 469 13 114
430 470 15 114
430 439 22 114
430 448 26 114
430 465 27 114
430 453 28 114
430 452 31 114
430 385 33 114
430 451 35 114
663 635 4 114
663 661 7 114
663 663 9 114
663 666 11 114
663 690 16 114
663 621 25 114
663 691 26 114
663 690 29 114
663 669 37 114
663 664 39 114
210 194 7 115
210 190 8 115
210 190 9 115
210 193 10 115
210 243 12 115
210 234 13 115
210 236 14 115
210 243 15 115
210 242 27 115
210 241 28 115
210 245 29 115
210 258 29 115
210 200 36 115
210 192 37 115
210 187 38 115
910 886 12 115
910 911 13 115
910 946 14 115
910 883 26 115
910 887 27 115
910 914 31 115
834 828 1 116
834 829 3 116
834 838 6 116
834 799 15 116
834 795 16 116
834 883 25 116
834 838 31 116
834 840 32 116
834 802 36 116
132 128 1 117
132 123 2 117
132 133 2 117
132 134 3 117
132 91 14 117
132 92 16 117
132 84 17 117
132 148 21 117
132 121 29 117
132 141 29 117
132 99 30 117
132 131 30 117
132 135 31 117
132 138 32 117
828 829 2 117
828 838 5 117
828 799 14 117
828 795 15 117
828 838 30 117
828 840 31 117
828 802 35 117
128 123 1 118
128 133 1 118
128 134 2 118
128 91 13 118
128 92 15 118
128 84 16 118
128 148 20 118
128 121 28 118
128 141 28 118
128 99 29 118
128 131 29 118
128 135 30 118
128 138 31 118
383 419 3 118
383 429 5 118
383 363 10 118
383 333 19 118
383 335 20 118
383 344 21 118
383 360 25 118
383 385 29 118
383 379 30 118
635 661 3 118
635 663 5 118
635 666 7 118
635 621 21 118
635 669 33 118
635 664 35 118
123 134 1 119
123 91 12 119
123 92 14 119
123 84 15 119
123 148 19 119
123 121 27 119
123 141 27 119
123 99 28 119
123 131 28 119
123 135 29 119
123 138 30 119
133 134 1 119
133 91 12 119
133 92 14 119
133 84 15 119
133 148 19 119
133 121 27 119
133 141 27 119
133 99 28 119
133 131 28 119
133 135 29 119
133 138 30 119
438 419 2 119
438 429 4 119
438 433 5 119
438 469 8 119
438 470 10 119
438 439 17 119
438 448 21 119
438 465 22 119
438 453 23 119
438 452 26 119
438 451 30 119
829 838 3 119
829 799 12 119
829 795 13 119
829 838 28 119
829 840 29 119
829 802 33 119
134 91 11 120
134 92 13 120
134 84 14 120
134 148 18 120
134 121 26 120
134 141 26 120
134 99 27 120
134 131 27 120
134 135 28 120
134 138 29 120
575 575 4 120
575 621 19 120
419 429 2 121
419 433 3 121
419 439 15 121
419 448 19 121
419 465 20 121
419 453 21 121
419 452 24 121
419 385 26 121
419 379 27 121
419 451 28 121
661 663 2 121
661 666 4 121
661 690 9 121
661 621 18 121
661 691 19 121
661 690 22 121
661 669 30 121
661 664 32 121
194 190 1 122
194 190 2 122
194 193 3 122
194 243 5 122
194 234 6 122
194 236 7 122
194 243 8 122
194 148 16 122
194 242 20 122
194 241 21 122
194 200 29 122
194 192 30 122
194 187 31 122
838 886 5 122
838 799 9 122
838 795 10 122
838 883 19 122
838 887 20 122
838 838 25 122
838 840 26 122
838 802 30 122
190 190 1 123
190 193 2 123
190 234 5 123
190 236 6 123
190 148 15 123
190 141 23 123
190 200 28 123
190 192 29 123
190 187 30 123
190 191 70 123
429 433 1 123
429 469 4 123
429 470 6 123
429 439 13 123
429 448 17 123
429 465 18 123
429 453 19 123
429 452 22 123
429 385 24 123
429 379 25 123
429 451 26 123
663 666 2 123
663 690 7 123
663 621 16 123
663 691 17 123
663 690 20 123
663 669 28 123
663 664 30 123
663 660 70 123
190 193 1 124
190 234 4 124
190 236 5 124
190 148 14 124
190 141 22 124
190 200 27 124
190 192 28 124
190 187 29 124
190 191 69 124
433 469 3 124
433 470 5 124
433 439 12 124
433 448 16 124
433 465 17 124
433 453 18 124
433 452 21 124
433 385 23 124
433 451 25 124
575 621 15 124
193 234 3 125
193 236 4 125
193 148 13 125
193 242 17 125
193 241 18 125
193 200 26 125
193 192 27 125
193 187 28 125
193 191 68 125
666 690 5 125
666 621 14 125
666 691 15 125
666 690 18 125
666 669 26 125
666 664 28 125
666 660 68 125
666 687 69 125
761 799 5 126
761 795 6 126
761 717 8 126
761 740 9 126
761 739 10 126
761 735 11 126
761 739 12 126
761 739 18 126
761 761 24 126
761 802 26 126
761 802 69 126
761 802 70 126
243 234 1 127
243 236 2 127
243 243 3 127
243 242 15 127
243 241 16 127
243 245 17 127
243 258 17 127
243 265 19 127
243 200 24 127
469 470 2 127
469 511 6 127
469 439 9 127
469 448 13 127
469 465 14 127
469 453 15 127
469 452 18 127
469 518 18 127
469 451 22 127
469 516 22 127
469 490 24 127
886 911 1 127
886 883 14 127
886 887 15 127
886 914 19 127
886 838 20 127
886 840 21 127
20 31 13 128
20 28 14 128
20 27 16 128
234 236 1 128
234 243 2 128
234 242 14 128
234 241 15 128
234 245 16 128
234 258 16 128
234 265 18 128
234 200 23 128
234 192 24 128
234 187 25 128
234 191 65 128
363 333 9 128
363 335 10 128
363 344 11 128
363 360 15 128
363 385 19 128
363 379 20 128
363 313 24 128
911 946 1 128
911 883 13 128
911 887 14 128
911 914 18 128
236 243 1 129
236 242 13 129
236 241 14 129
236 245 15 129
236 258 15 129
236 265 17 129
236 200 22 129
236 192 23 129
236 187 24 129
236 191 64 129
470 511 4 129
470 439 7 129
470 448 11 129
470 465 12 129
470 453 13 129
470 452 16 129
470 518 16 129
470 451 20 129
470 516 20 129
470 490 22 129
946 914 17 129
243 242 12 130
243 241 13 130
243 245 14 130
243 258 14 130
243 265 16 130
243 200 21 130
690 717 4 130
690 739 6 130
690 735 7 130
690 739 8 130
690 691 10 130
690 690 13 130
690 739 14 130
690 669 21 130
690 664 23 130
690 660 63 130
690 687 64 130
91 92 2 131
91 84 3 131
91 121 15 131
91 99 16 131
91 131 16 131
91 135 17 131
91 138 18 131
799 795 1 131
799 838 16 131
799 840 17 131
799 761 19 131
799 802 21 131
799 802 64 131
799 802 65 131
799 803 67 131
799 802 69 131
293 298 1 132
293 295 2 132
293 333 5 132
293 335 6 132
293 245 12 132
293 258 12 132
293 265 14 132
293 313 20 132
795 838 15 132
795 840 16 132
795 761 18 132
795 802 20 132
795 802 63 132
795 802 64 132
795 803 66 132
795 802 68 132
795 802 70 132
92 84 1 133
92 121 13 133
92 141 13 133
92 99 14 133
92 131 14 133
92 135 15 133
92 138 16 133
298 295 1 133
298 333 4 133
298 335 5 133
298 344 6 133
298 258 11 133
298 265 13 133
298 313 19 133
511 465 8 133
511 518 12 133
511 516 16 133
511 490 18 133
84 121 12 134
84 99 13 134
84 131 13 134
295 333 3 134
295 335 4 134
295 344 5 134
295 245 10 134
295 258 10 134
295 265 12 134
295 313 18 134
717 740 1 134
717 739 2 134
717 735 3 134
717 739 4 134
717 691 6 134
717 690 9 134
717 739 10 134
717 761 16 134
717 669 17 134
717 687 60 134
740 739 1 135
740 735 2 135
740 739 3 135
740 691 5 135
740 690 8 135
740 739 9 135
740 761 15 135
439 448 4 136
439 465 5 136
439 453 6 136
439 452 9 136
439 451 13 136
739 735 1 136
739 739 2 136
739 691 4 136
739 690 7 136
739 739 8 136
739 761 14 136
333 335 1 137
333 344 2 137
333 360 6 137
333 379 11 137
333 313 15 137
735 739 1 137
735 691 3 137
735 690 6 137
735 739 7 137
735 761 13 137
735 687 57 137
148 121 8 138
148 141 8 138
148 99 9 138
148 131 9 138
148 135 10 138
148 138 11 138
148 192 14 138
148 187 15 138
148 191 55 138
335 344 1 138
335 360 5 138
335 379 10 138
335 313 14 138
739 691 2 138
739 690 5 138
739 739 6 138
739 761 12 138
344 360 4 139
344 385 8 139
344 379 9 139
344 313 13 139
621 669 12 139
621 664 14 139
621 660 54 139
448 465 1 140
448 453 2 140
448 452 5 140
448 451 9 140
448 490 11 140
691 690 3 140
691 739 4 140
691 669 11 140
691 664 13 140
691 660 53 140
691 687 54 140
31 28 1 141
31 27 3 141
465 453 1 141
465 452 4 141
465 451 8 141
465 490 10 141
883 887 1 141
883 914 5 141
883 838 6 141
883 840 7 141
28 27 2 142
242 241 1 142
242 245 2 142
242 258 2 142
242 265 4 142
242 200 9 142
242 192 10 142
453 452 3 142
453 451 7 142
453 490 9 142
887 914 4 142
887 838 5 142
887 840 6 142
241 245 1 143
241 258 1 143
241 265 3 143
241 200 8 143
241 192 9 143
241 191 50 143
360 385 4 143
360 379 5 143
360 313 9 143
690 739 1 143
690 669 8 143
690 664 10 143
690 660 50 143
690 687 51 143
245 265 2 144
245 200 7 144
258 265 2 144
739 761 6 144
452 451 4 145
452 490 6 145
518 516 4 145
518 490 6 145
121 99 1 146
121 131 1 146
121 135 2 146
121 138 3 146
141 99 1 146
141 131 1 146
141 135 2 146
141 138 3 146
141 187 7 146
265 313 6 146
99 135 1 147
99 138 2 147
131 135 1 147
131 138 2 147
385 379 1 147
838 840 1 147
838 802 5 147
838 802 48 147
838 802 49 147
838 803 51 147
838 802 53 147
838 802 55 147
135 138 1 148
840 802 4 148
840 802 47 148
840 802 48 148
840 803 50 148
840 802 52 148
840 802 54 148
138 187 4 149
451 490 2 149
516 490 2 149
761 802 2 150
761 802 45 150
761 802 46 150
761 803 48 150
761 802 50 150
761 802 52 150
200 192 1 151
200 187 2 151
200 191 42 151
669 664 2 151
669 660 42 151
669 687 43 151
192 187 1 152
192 191 41 152
802 802 43 152
802 802 44 152
802 803 46 152
802 802 48 152
802 802 50 152
187 191 40 153
664 660 40 153
664 687 41 153
660 687 1 193
802 802 1 195
802 803 3 195
802 802 5 195
802 802 7 195
802 803 2 196
802 802 4 196
802 802 6 196
803 802 2 198
803 802 4 198
802 802 2 200
