0 58 31 22 33 19 31 5 11 22 3 12 13 12 86 16 13 46 49 21 11 64 23 44 21 10 2 35 11 8 29 6 18 20 166 162 58 17 8 29 98 255 39 46 178 66 0 
0 24 11 10 10 3 16 12 8 3 2 6 9 8 70 19 21 14 20 20 6 34 27 80 9 8 4 28 7 19 18 12 11 25 124 127 80 17 13 17 68 255 48 75 32 41 0 
0 19 41 8 19 3 5 12 11 12 13 3 9 12 121 34 39 43 25 23 10 38 26 48 6 2 8 2 9 18 13 15 30 35 168 225 69 16 4 28 56 255 71 82 71 50 0 
0 39 23 89 37 27 26 25 5 35 16 6 36 14 231 5 83 44 188 4 16 73 32 48 26 20 15 66 4 56 12 78 56 46 255 135 125 30 17 72 61 118 97 186 100 41 0 
0 17 42 22 59 4 15 5 22 16 13 13 36 11 246 3 13 59 37 13 13 58 7 113 3 5 43 50 7 20 21 41 23 15 78 124 52 16 15 74 43 255 113 35 103 177 0 
0 30 146 23 41 6 6 13 9 22 9 9 26 13 38 23 4 18 10 10 22 59 22 94 6 10 11 3 18 12 27 25 13 16 255 226 41 17 19 34 64 241 96 116 119 120 0 
0 24 74 9 48 20 26 22 26 22 19 14 7 4 255 29 36 44 50 27 29 72 19 83 34 17 29 22 20 16 35 45 23 10 203 75 57 24 15 31 103 138 100 91 161 51 0 
0 16 131 57 69 16 47 16 30 52 15 5 52 25 158 8 35 126 32 9 28 64 10 98 25 12 4 11 5 15 23 14 15 44 134 240 34 5 15 23 112 255 161 82 159 205 0 
0 50 39 71 56 19 23 31 42 12 4 20 9 46 108 10 36 98 65 24 38 107 15 28 42 15 17 39 18 37 27 21 11 66 253 151 24 14 7 23 69 116 210 177 233 255 0 
0 33 88 46 44 18 1 38 67 27 19 11 57 16 170 23 14 80 103 9 23 53 33 75 9 9 17 78 7 49 35 42 42 9 127 83 80 16 17 66 26 213 81 255 112 124 0 
0 37 25 52 25 5 31 32 40 20 19 15 4 3 242 47 34 105 42 9 19 57 36 59 3 16 21 52 6 0 30 43 23 18 114 232 110 24 27 44 84 178 184 255 134 108 0 
1 33 23 36 58 11 34 18 25 7 11 17 3 19 79 18 24 23 45 15 25 65 13 77 14 15 20 3 11 15 22 33 18 25 199 66 78 18 45 44 110 224 255 165 198 72 0 
1 27 32 16 75 6 10 32 11 16 18 9 42 21 122 39 56 141 66 8 25 69 11 174 13 7 22 52 16 15 23 48 10 33 60 227 84 25 33 60 12 119 193 155 255 156 0 
0 26 67 38 51 11 39 29 30 17 24 20 49 24 60 11 20 79 102 7 23 48 22 138 11 22 21 54 13 12 46 45 9 26 148 187 127 17 15 90 54 255 91 169 88 22 0 
0 6 6 33 60 14 11 12 37 23 18 8 36 5 18 29 10 51 42 25 15 71 19 135 11 8 15 45 27 32 24 20 12 19 118 82 133 14 10 71 100 168 193 255 7 54 0 
0 7 56 51 39 12 30 4 47 38 17 23 45 13 190 25 46 44 105 51 21 79 27 151 24 35 7 29 32 38 28 120 7 25 50 109 97 8 12 41 74 170 170 81 255 112 0 
0 13 40 40 11 13 19 11 41 24 8 14 55 5 133 26 5 59 77 10 13 50 7 43 6 12 11 66 30 37 5 77 5 9 15 40 53 20 4 54 46 103 12 255 89 27 0 
1 3 60 63 51 7 26 22 81 32 16 8 33 4 77 52 57 66 100 23 18 58 29 149 22 9 17 71 43 25 5 43 13 9 75 111 69 20 7 42 81 138 63 255 71 125 0 
3 21 16 30 91 10 24 166 130 57 21 43 89 22 98 43 81 94 49 39 22 79 54 168 9 25 28 100 33 73 33 72 21 16 121 255 171 30 7 17 126 120 165 212 50 231 0 
3 24 116 106 78 22 53 117 14 43 48 10 124 16 253 36 41 111 41 35 11 33 40 99 30 55 51 62 3 48 18 75 17 17 139 73 255 25 8 70 51 57 37 110 32 224 0 
1 24 81 45 29 2 11 49 5 15 5 17 11 9 78 22 46 36 35 10 8 23 16 40 21 30 36 14 23 32 15 9 21 5 145 255 154 15 8 31 58 168 132 32 45 195 0 
0 30 34 6 17 9 14 47 15 37 2 21 31 14 83 33 4 63 69 11 2 14 15 83 13 28 10 19 22 42 7 27 18 13 251 185 122 8 4 171 118 78 156 31 86 255 0 
0 38 44 12 25 8 16 66 18 21 13 8 4 5 36 22 9 39 16 10 0 4 12 72 3 8 21 13 15 20 12 33 15 12 153 126 62 6 20 121 81 151 94 160 255 180 0 
1 51 21 2 24 11 22 50 9 10 4 18 24 17 34 21 20 60 29 10 1 3 20 42 7 11 17 23 16 37 18 22 21 15 91 64 57 21 5 22 101 143 123 69 255 114 0 
0 60 64 5 51 17 9 32 7 21 6 20 19 14 38 20 25 63 56 16 9 8 17 22 11 8 36 22 21 60 16 14 10 27 199 81 32 13 44 90 54 85 179 253 88 255 0 
0 52 121 14 65 15 17 25 19 14 0 9 15 15 65 30 8 60 51 17 5 4 29 59 5 14 27 30 15 39 28 3 17 15 255 59 147 21 57 136 20 200 97 28 211 224 0 
0 16 39 3 26 6 11 24 6 8 3 4 20 7 31 1 15 18 14 13 4 0 3 21 6 11 17 7 6 2 13 10 10 11 255 71 72 26 67 66 35 33 21 21 78 84 0 
0 25 78 3 19 0 5 57 8 17 3 12 18 7 15 6 20 39 16 13 4 8 12 42 3 26 27 8 17 19 31 8 8 13 255 246 57 18 137 92 12 157 109 34 108 16 0 
0 15 39 3 5 14 5 71 12 16 9 6 23 5 25 6 6 17 41 8 2 13 11 41 1 22 42 21 1 30 14 27 1 26 255 91 77 14 119 39 8 43 71 47 38 78 0 
0 23 85 11 38 10 31 186 6 16 8 23 23 6 68 38 59 66 51 18 8 20 9 68 6 34 48 36 21 39 23 11 8 43 127 202 165 9 55 110 60 176 123 79 151 255 0 
0 46 83 8 36 8 22 74 7 23 6 14 4 1 46 46 41 54 31 4 2 10 1 51 6 6 27 24 4 36 36 11 8 18 255 156 36 0 59 30 87 101 19 39 82 140 0 
1 106 226 18 50 46 47 136 11 43 10 17 33 16 62 95 82 53 36 30 3 16 29 71 16 21 58 23 25 49 35 34 13 12 230 255 84 58 53 128 91 45 169 179 76 187 0 
0 96 255 10 49 19 33 121 10 16 5 11 3 8 43 24 9 42 35 11 5 2 10 27 4 13 45 47 16 26 19 27 6 27 3 168 11 20 61 23 15 75 101 101 203 82 0 
0 85 255 7 72 25 47 95 9 25 7 8 17 14 156 44 4 45 100 14 3 7 19 41 2 14 21 41 8 18 42 8 16 37 37 51 95 55 28 78 38 106 90 143 106 120 0 
0 63 117 2 15 16 24 87 15 30 4 8 19 9 52 36 11 24 97 4 21 9 8 26 4 14 27 32 15 17 8 15 12 20 151 55 27 13 19 22 15 18 56 255 181 48 0 
0 71 108 1 5 6 22 64 13 28 8 5 14 4 147 21 24 47 82 3 22 7 7 38 4 4 9 28 3 28 15 26 5 24 156 101 56 20 3 62 25 23 71 255 55 42 0 
0 36 38 3 13 13 10 37 4 0 8 6 11 10 110 28 25 44 73 13 10 4 11 37 2 6 17 5 3 10 7 13 7 1 84 89 53 7 36 54 12 20 12 255 75 72 0 
0 34 23 1 10 8 3 20 2 8 3 0 18 6 25 45 17 24 72 5 10 6 8 21 2 3 13 10 3 9 5 12 9 15 36 87 20 18 5 30 12 51 18 255 43 101 0 
0 30 77 4 35 9 10 31 6 33 20 14 7 25 25 202 65 79 142 20 20 14 33 37 13 16 42 18 40 25 22 50 15 36 49 89 79 47 37 76 35 99 141 255 26 73 0 
0 48 104 5 27 13 28 59 4 60 22 12 26 21 79 134 47 136 119 40 4 20 32 72 3 4 44 33 28 7 12 35 2 31 146 255 118 49 46 71 31 147 131 242 56 77 0 
0 28 21 2 3 5 12 17 1 27 4 9 12 2 43 28 14 48 54 5 6 4 17 14 1 2 7 3 10 8 3 17 1 4 48 36 28 9 12 27 6 42 24 255 70 36 0 
0 3 28 2 9 2 10 19 0 27 6 0 16 5 10 13 5 34 17 1 5 4 24 18 1 3 0 10 8 5 1 9 1 8 34 30 37 8 4 4 14 5 15 255 76 30 0 
0 27 36 1 28 4 17 58 4 59 29 26 25 6 103 29 21 32 69 47 7 10 87 16 3 15 7 15 26 23 6 18 5 14 98 84 59 14 18 54 69 93 237 255 69 86 0 
0 12 24 2 17 5 5 47 3 51 15 11 13 7 26 20 15 75 98 13 10 1 52 21 1 10 12 7 11 7 2 31 5 6 22 64 40 3 7 34 42 77 255 55 43 20 0 
0 3 16 3 12 1 1 19 0 18 5 7 3 3 18 34 1 33 67 12 3 4 43 23 1 1 2 9 7 3 6 6 4 2 11 49 8 1 6 6 6 40 255 47 24 29 0 
0 26 50 12 31 6 4 33 6 28 1 12 2 5 127 13 7 41 90 10 14 7 73 47 3 5 8 4 4 17 7 23 4 10 44 250 28 10 2 22 19 23 255 39 11 65 0 
0 23 83 18 35 10 8 42 28 30 14 34 34 13 177 117 23 40 116 18 34 8 255 60 5 15 28 28 19 1 8 35 2 11 70 176 94 7 13 22 15 76 253 85 38 64 0 
0 38 102 9 25 17 11 26 38 23 9 15 23 8 5 47 60 94 36 14 14 10 247 98 5 16 32 19 17 28 17 58 10 19 126 255 151 8 5 34 49 167 209 86 20 73 0 
0 4 79 16 20 5 17 24 31 15 26 22 28 15 87 54 35 81 50 5 12 8 174 89 6 12 17 37 10 23 20 58 9 16 72 255 77 10 9 15 75 67 117 42 124 10 0 
0 13 30 11 45 7 11 17 26 3 14 8 24 4 81 15 35 25 57 23 34 5 30 90 11 13 10 3 3 7 25 28 7 15 158 255 58 10 15 7 28 104 114 25 63 112 0 
0 15 92 11 78 9 18 24 27 5 17 10 46 10 146 33 19 38 64 30 46 11 53 73 7 9 5 28 18 19 26 36 16 25 255 172 93 7 23 45 41 84 217 31 141 87 0 
0 7 34 2 26 4 3 11 6 5 11 5 15 7 96 4 14 27 29 23 21 9 5 37 5 9 4 22 8 3 7 23 9 8 66 255 34 3 11 24 17 39 65 64 29 52 0 
0 23 31 5 38 9 8 4 13 12 4 2 19 6 80 17 13 46 91 23 16 11 17 97 4 8 9 34 12 29 7 28 10 14 58 255 114 6 14 27 23 53 54 16 79 75 0 
0 8 36 3 11 1 2 3 4 4 5 2 9 8 58 5 5 38 46 10 6 11 12 48 1 6 7 11 2 10 3 26 6 12 71 255 43 9 5 35 24 10 42 59 44 64 0 
0 26 73 4 14 5 3 3 14 4 7 10 5 12 56 11 8 27 45 27 5 27 6 79 1 13 23 39 14 45 27 21 8 11 160 161 72 26 18 32 102 59 58 24 255 60 0 
0 23 114 7 34 7 15 18 4 34 18 14 11 10 42 23 69 97 53 45 1 47 28 52 18 14 13 98 26 96 21 41 22 12 255 109 193 58 62 65 133 46 178 45 99 27 0 
0 13 110 17 35 8 8 2 10 26 6 11 19 3 11 17 5 14 9 22 4 40 8 25 4 14 29 99 34 46 14 18 20 0 113 254 130 44 57 137 102 38 123 54 255 37 0 
0 25 35 19 24 5 17 20 20 34 26 5 36 6 43 4 20 73 24 19 3 33 28 76 8 31 10 166 46 73 14 30 18 14 38 255 145 20 43 89 77 66 126 44 132 15 0 
0 10 31 6 30 1 12 9 9 16 4 4 27 5 4 32 9 38 25 17 0 18 19 98 4 50 14 158 121 29 7 43 13 9 110 255 61 14 20 7 38 65 88 25 124 50 0 
0 32 30 10 40 2 6 14 15 30 13 6 11 4 39 4 17 11 8 11 1 21 14 56 0 55 10 120 64 48 8 26 13 12 52 255 241 48 27 44 35 49 40 110 30 17 0 
0 31 31 9 37 4 11 15 23 26 10 0 6 14 19 5 26 21 12 47 2 19 23 30 8 45 33 76 26 28 7 28 17 14 57 59 217 6 26 62 22 111 23 255 42 106 0 
0 7 44 8 23 1 3 37 18 27 27 5 9 8 9 21 18 14 31 18 1 10 16 59 6 16 17 32 22 5 2 12 11 7 40 145 98 2 11 27 21 34 20 255 123 24 0 
0 10 32 10 31 8 28 32 42 50 12 4 59 11 58 13 24 34 18 44 2 10 14 102 21 32 35 62 32 56 5 20 16 13 84 108 255 23 8 34 31 67 61 170 80 8 0 
0 8 27 0 13 5 2 10 12 32 14 2 17 8 41 9 16 24 26 13 2 3 25 29 5 2 40 22 8 15 3 41 8 11 50 255 11 36 16 28 26 43 39 238 113 16 0 
0 8 16 1 16 5 9 22 5 19 5 3 5 2 12 13 2 10 10 9 2 1 1 20 1 15 14 7 5 14 4 6 5 4 36 75 57 26 12 59 7 38 34 255 98 42 0 
0 3 22 1 3 1 1 9 4 12 2 2 3 1 1 9 5 6 10 3 1 2 3 4 1 7 8 7 4 2 2 18 3 5 12 23 35 5 10 25 22 23 22 255 26 26 0 
0 13 60 4 36 4 9 23 7 28 14 4 5 0 4 8 6 11 4 19 3 4 17 29 3 6 6 18 12 21 7 15 7 3 56 77 15 29 23 38 13 33 41 255 29 104 0 
0 8 45 8 54 11 15 29 24 66 8 14 10 7 25 5 21 18 71 34 4 4 45 55 8 7 9 28 12 40 27 13 18 9 94 255 122 13 28 17 49 202 86 29 111 141 0 
0 29 116 35 7 10 19 62 94 144 51 36 125 84 75 39 56 54 74 85 26 9 52 97 8 27 66 48 14 90 37 26 41 18 99 74 72 42 52 156 67 142 162 121 255 159 0 
1 7 42 31 205 5 20 50 67 92 6 13 59 64 127 41 26 153 217 19 13 16 87 91 11 17 51 40 22 19 56 98 29 38 231 255 68 19 29 55 123 56 113 151 199 77 0 
0 4 42 16 107 21 38 21 49 77 6 22 93 30 150 66 31 133 193 34 17 12 71 103 9 22 87 5 17 59 24 53 18 69 172 255 117 19 21 35 11 26 35 73 42 92 0 
0 14 49 12 94 32 46 30 55 94 11 19 116 78 198 73 17 68 116 49 9 15 157 20 8 36 57 32 28 46 46 53 38 49 240 255 80 10 37 95 30 154 96 100 237 186 0 
0 6 35 12 79 2 14 14 26 45 14 28 58 34 230 39 50 110 87 28 13 12 91 101 10 31 29 13 13 101 49 69 28 50 255 217 91 6 26 91 89 194 36 121 63 51 0 
0 0 24 8 31 4 21 44 10 25 10 12 21 13 82 25 69 35 48 6 8 6 22 42 6 2 24 22 13 13 39 26 11 38 62 255 67 6 14 43 55 98 30 37 92 26 0 
0 6 74 8 37 18 14 22 40 32 30 22 2 21 83 34 25 73 45 18 21 4 98 109 0 20 7 28 21 38 30 85 14 29 113 255 94 17 22 22 33 42 26 33 220 42 0 
0 6 82 12 93 43 35 39 38 41 18 40 36 28 59 32 40 32 103 31 22 3 146 107 9 39 13 51 33 91 29 115 20 40 165 100 126 7 21 11 56 118 36 33 255 94 0 
0 8 97 9 44 56 10 31 38 26 39 36 23 32 81 22 58 52 98 24 6 2 74 77 4 11 16 23 14 61 26 27 10 26 157 255 54 18 14 32 62 99 85 44 49 108 0 
1 16 164 9 12 61 18 24 17 72 42 60 143 39 50 87 42 56 70 20 56 13 255 177 8 23 7 30 42 84 19 166 32 75 142 45 201 33 22 46 78 101 50 23 142 210 0 
1 23 119 7 58 35 11 47 17 44 16 48 138 48 36 38 38 66 77 84 39 7 179 112 10 34 75 14 44 57 38 70 64 46 76 216 255 36 19 49 69 25 30 89 221 143 0 
0 32 72 10 66 96 17 52 7 13 28 24 64 70 75 54 69 101 113 22 56 8 127 157 14 43 157 47 36 90 38 102 34 76 147 255 95 41 21 80 32 80 111 13 125 132 0 
0 7 71 3 21 9 10 14 15 6 7 12 28 21 17 17 51 17 66 3 26 3 47 25 6 27 29 47 14 59 29 48 26 48 122 255 60 19 18 23 27 30 56 9 138 107 0 
0 8 29 5 27 55 14 37 24 7 8 15 28 20 28 14 18 23 54 0 22 2 62 104 6 25 17 59 23 54 46 36 15 30 109 65 77 37 14 68 9 32 36 11 157 255 0 
0 35 102 6 47 87 16 40 38 28 23 26 33 10 112 46 42 55 48 19 44 3 47 80 16 54 51 7 37 56 72 34 72 34 135 178 89 42 46 46 28 91 44 2 255 138 0 
0 26 143 10 45 36 8 22 46 34 27 11 26 15 146 70 16 57 127 18 42 5 74 114 4 23 38 11 50 3 30 12 19 27 126 255 76 31 61 16 41 55 35 9 222 39 0 
0 30 33 3 40 62 9 49 17 10 13 6 20 11 112 9 18 17 120 24 19 2 50 50 9 19 48 46 50 16 13 39 14 23 14 255 135 4 21 28 25 84 42 28 56 19 0 
0 85 84 5 89 201 42 106 25 39 53 9 50 41 255 29 40 37 175 47 27 13 158 122 6 73 67 59 51 77 86 119 11 75 106 221 209 24 39 9 48 85 59 83 167 91 0 
0 152 99 13 58 252 45 82 32 92 89 41 62 57 123 185 47 62 168 38 62 16 255 85 21 42 172 141 71 174 115 36 32 125 156 212 150 38 97 136 76 101 185 230 135 172 0 
0 37 9 9 69 255 18 33 15 54 171 46 58 36 24 158 22 42 117 12 20 5 124 79 20 53 97 52 65 73 30 101 4 68 6 210 170 40 33 30 33 67 73 226 172 65 0 
0 18 16 4 86 141 10 10 26 93 255 29 9 35 33 93 21 21 51 34 4 12 144 75 6 98 34 84 75 43 25 85 23 45 16 94 79 12 24 8 8 47 4 129 178 133 0 
0 23 31 4 36 59 14 13 16 72 254 65 45 45 133 37 18 30 109 6 10 4 255 46 3 48 44 13 98 51 32 84 14 25 100 35 124 32 34 60 37 60 53 234 91 31 0 
0 32 28 10 14 52 18 15 5 92 153 132 10 10 46 36 45 41 54 14 15 5 255 24 2 48 40 55 49 49 17 17 12 9 135 160 64 17 25 61 43 42 33 91 127 28 0 
0 19 17 4 7 41 1 13 24 85 224 61 18 4 52 96 58 39 66 28 4 2 255 26 7 26 61 54 8 18 34 57 23 26 56 33 66 21 7 37 20 25 60 45 103 75 0 
0 24 55 14 52 50 33 45 10 190 255 87 75 16 135 96 37 15 128 24 12 0 203 146 7 72 64 101 19 31 23 71 45 70 169 228 62 32 28 49 53 8 20 148 227 107 0 
0 40 36 10 58 39 16 33 32 163 175 173 27 17 7 41 48 38 65 24 19 1 255 53 14 24 15 48 19 21 30 30 39 28 119 199 61 17 9 34 4 57 57 70 127 29 0 
0 13 32 5 44 15 15 31 29 64 50 161 15 12 76 35 40 7 87 26 7 4 255 71 16 30 16 74 11 17 23 25 16 25 99 119 3 12 18 27 11 22 55 55 112 49 0 
0 28 43 8 36 15 14 69 36 72 87 152 14 12 100 53 49 33 100 51 22 1 183 128 4 48 17 32 5 48 36 43 54 1 133 255 81 18 12 12 42 44 61 15 209 115 0 
0 18 38 4 86 22 16 221 15 36 12 91 28 24 79 26 61 43 15 67 12 2 89 91 9 57 39 14 24 54 36 18 29 62 251 219 30 6 14 41 7 16 47 76 255 123 0 
0 13 43 5 64 43 10 82 25 58 69 50 54 33 248 24 31 76 40 52 25 4 64 213 15 106 23 52 29 49 2 78 50 40 255 233 143 6 18 68 85 83 118 79 113 128 0 
0 3 39 0 16 14 6 18 7 36 12 22 4 13 134 24 41 71 35 30 11 2 27 76 20 44 34 50 29 80 42 89 39 36 143 192 47 12 19 28 26 78 35 19 255 105 0 
0 10 45 17 21 6 4 38 31 17 45 28 44 21 120 19 28 77 56 18 13 4 93 31 14 82 8 31 13 168 24 66 15 26 71 255 99 11 17 88 30 57 26 69 29 63 0 
0 7 24 4 30 12 7 25 45 48 30 23 28 13 41 58 5 33 56 35 4 5 26 66 5 67 34 10 39 39 19 20 13 55 5 255 61 6 24 8 27 71 61 30 124 26 0 
0 9 19 17 47 3 5 15 36 11 8 23 32 21 82 38 10 86 48 34 1 5 79 50 8 91 8 38 20 16 21 22 4 45 110 255 53 8 16 39 23 89 46 30 87 92 0 
0 4 42 9 58 22 19 27 55 11 25 25 28 16 36 58 20 65 220 29 2 5 88 189 9 79 49 54 27 102 31 90 20 37 127 117 67 8 11 50 32 111 127 37 255 98 0 
0 13 14 8 4 7 23 46 28 17 32 35 63 24 74 65 14 122 37 57 2 4 63 173 10 34 21 23 26 32 17 34 16 31 78 255 82 8 2 21 10 79 109 5 85 78 0 
0 3 23 7 46 7 5 22 18 3 40 39 41 6 17 48 28 100 22 32 7 3 54 130 13 26 31 27 9 37 19 34 24 12 43 255 93 9 7 30 39 50 63 20 139 51 0 
0 12 65 8 23 6 23 13 17 19 19 43 13 31 71 63 47 90 55 7 12 7 71 88 9 41 33 50 22 45 10 46 19 14 61 255 89 6 7 16 92 18 46 14 223 43 0 
0 3 12 10 12 5 5 10 13 6 17 10 12 10 7 4 22 33 28 8 4 3 31 44 5 20 21 23 3 34 6 15 3 4 62 255 41 4 2 11 52 4 38 6 59 37 0 
0 3 41 17 23 10 14 34 17 22 29 6 6 23 31 40 55 62 72 45 5 7 37 102 18 18 11 13 14 125 8 26 8 4 92 255 29 0 8 6 105 42 69 15 50 14 0 
0 3 52 14 7 26 8 47 8 12 48 15 5 9 51 17 28 77 117 45 2 9 19 97 10 33 22 14 9 64 5 53 8 9 118 255 23 1 5 29 172 43 41 18 80 75 0 
0 5 56 19 42 18 14 15 25 9 13 17 33 20 52 22 74 72 124 45 9 15 34 45 5 20 66 34 28 26 16 63 14 20 144 255 103 6 8 44 122 5 59 25 179 90 0 
0 12 54 46 49 22 34 25 35 33 20 32 73 40 125 28 104 68 204 94 5 22 89 158 19 8 76 70 11 76 17 149 20 22 203 101 162 13 8 100 168 99 76 136 255 76 0 
1 3 15 71 45 16 26 10 57 32 29 23 33 34 52 83 97 86 180 54 10 34 114 168 19 29 80 57 55 46 21 122 22 16 88 143 45 16 18 57 159 122 96 255 203 253 0 
1 4 27 63 33 24 9 6 23 14 54 12 16 26 55 74 39 91 97 23 2 29 91 118 43 41 92 20 74 87 59 111 7 20 53 255 38 22 24 55 121 81 47 127 120 99 0 
0 4 48 45 22 18 29 13 17 18 39 29 10 13 37 41 43 14 130 42 4 20 59 91 5 16 56 64 22 114 43 33 41 42 44 255 42 24 25 31 85 42 25 153 96 37 0 
0 19 60 53 5 15 88 22 61 41 61 56 32 25 48 69 34 114 30 27 8 46 162 124 59 83 204 102 78 141 106 127 43 106 127 148 126 39 112 12 255 177 74 175 130 137 0 
0 11 17 64 59 5 44 27 70 47 44 57 31 27 13 39 20 44 106 23 10 31 148 156 37 59 64 111 93 44 50 98 31 21 246 100 73 11 53 97 255 77 87 59 28 116 0 
0 5 22 15 76 10 16 24 49 24 32 48 28 3 48 30 21 44 33 23 6 25 26 63 25 38 57 59 46 144 62 80 26 13 119 150 155 13 65 92 255 8 27 21 80 40 0 
0 9 46 14 57 10 10 15 44 31 70 16 29 16 35 25 26 59 39 11 4 25 61 144 11 47 93 55 87 54 18 14 28 14 108 92 157 40 72 127 255 19 27 121 89 78 0 
0 11 41 9 52 25 43 8 52 43 54 15 48 19 66 51 59 100 69 38 5 27 68 154 30 76 103 125 92 207 55 56 27 77 168 115 77 53 76 91 255 90 90 39 137 88 0 
0 5 21 11 62 21 6 36 24 26 44 67 48 9 76 16 21 137 165 75 1 16 71 98 36 210 71 115 30 36 55 186 21 30 104 255 173 48 27 76 209 30 58 131 63 137 0 
0 10 41 32 53 12 29 27 23 25 35 93 18 17 102 27 83 116 255 56 5 8 84 47 22 108 184 71 45 92 44 54 20 42 141 161 113 49 44 63 114 42 60 67 58 146 0 
2 17 120 54 23 42 77 17 31 34 33 155 19 6 126 52 103 207 130 62 13 18 197 76 49 173 38 159 38 88 29 255 61 107 106 152 173 56 48 57 191 124 117 231 168 211 0 
1 18 82 17 42 6 49 34 40 11 31 47 30 34 97 63 108 34 255 93 5 13 83 223 11 60 23 37 3 17 19 130 35 26 84 248 117 38 22 40 123 88 16 29 205 133 0 
4 23 87 18 147 74 60 62 94 11 64 75 130 28 255 76 186 32 198 183 1 30 197 129 45 102 69 165 60 152 37 227 66 23 151 74 192 43 23 118 197 85 45 198 142 196 0 
2 16 72 31 76 38 17 22 10 14 32 11 34 24 255 90 9 60 78 48 8 3 163 211 19 14 58 53 16 18 3 92 33 24 76 111 79 3 7 44 44 29 20 79 197 76 0 
3 11 79 15 59 92 31 29 31 19 39 11 69 35 91 121 139 65 250 84 12 8 107 180 15 18 91 47 19 38 23 197 19 18 98 114 240 5 7 107 43 36 31 54 255 200 0 
2 17 89 1 89 127 44 19 32 25 34 15 104 58 200 82 98 69 135 81 15 18 159 104 18 35 164 62 33 10 28 202 13 7 107 191 157 11 16 100 85 65 56 59 255 159 0 
1 5 22 6 32 57 17 1 23 5 34 3 25 16 85 20 30 23 132 43 5 9 61 71 18 21 49 27 14 18 15 55 13 20 16 255 64 5 8 52 4 33 16 101 118 91 0 
2 2 73 6 43 184 18 8 29 17 48 17 53 8 49 88 9 108 183 154 0 12 145 119 14 40 51 73 31 70 27 146 23 39 117 255 61 19 7 57 77 41 54 104 144 88 0 
2 21 5 3 49 67 5 19 19 8 15 5 50 7 146 59 29 23 11 16 13 5 120 136 16 39 39 21 13 26 52 46 24 68 28 255 91 12 2 43 29 68 32 62 23 104 0 
1 5 4 21 42 11 3 21 10 4 31 9 19 16 65 35 62 27 66 31 17 5 66 45 16 33 36 26 68 52 26 52 31 59 60 255 41 29 5 65 68 59 39 113 123 76 0 
1 10 157 24 4 58 35 29 12 6 17 46 18 21 50 26 69 48 91 29 14 9 79 25 3 28 15 64 65 114 20 52 36 18 47 255 113 54 34 123 24 56 48 83 95 131 0 
3 34 206 18 62 104 77 59 28 37 5 56 43 26 186 51 28 42 255 50 24 10 91 195 47 75 115 185 59 82 23 28 31 15 152 243 63 124 69 139 141 89 89 157 58 199 0 
2 57 203 9 79 139 52 38 22 12 62 21 13 12 63 56 36 69 184 15 20 5 97 255 5 59 165 80 70 62 40 25 18 17 56 111 120 84 87 110 11 48 39 93 53 146 0 
1 73 103 5 42 240 79 105 26 30 29 15 20 27 227 53 55 26 74 7 41 17 119 54 39 139 78 156 135 13 15 80 9 23 38 213 227 66 47 31 40 46 130 255 74 119 0 
1 37 124 5 54 156 100 27 35 21 28 44 29 13 255 156 8 41 49 14 37 14 109 133 19 62 57 113 95 11 13 19 12 22 17 70 218 13 47 52 15 46 55 217 124 89 0 
0 54 24 0 17 101 65 12 22 27 49 31 32 7 209 191 27 32 111 9 9 12 78 69 12 93 34 107 23 26 10 42 14 7 17 130 112 28 10 46 10 11 20 255 38 20 0 
0 33 37 3 25 85 42 37 11 16 37 57 20 8 100 154 51 52 188 32 10 11 133 81 17 55 62 57 69 52 21 63 8 3 50 86 121 8 17 34 27 11 32 255 19 65 0 
0 18 49 2 20 36 18 15 0 29 40 57 26 4 45 72 22 55 37 30 6 4 84 77 7 34 21 30 25 39 26 36 1 8 21 41 102 16 17 37 14 6 15 255 38 38 0 
0 45 105 12 10 33 47 31 11 98 80 132 24 6 255 64 61 37 101 9 22 12 177 72 39 35 26 21 5 33 40 33 23 28 72 81 90 41 32 49 15 27 31 126 82 126 0 
0 51 62 12 7 18 27 15 9 63 23 100 28 6 200 29 30 51 136 19 10 4 255 33 39 23 33 33 6 13 74 22 13 47 35 137 160 13 11 4 43 7 9 103 17 91 0 
0 21 62 5 5 11 0 3 4 57 17 44 4 10 61 2 22 56 51 16 4 2 255 36 31 11 11 34 21 13 47 29 26 18 61 58 35 9 6 17 28 30 28 39 46 5 0 
0 23 91 4 19 16 12 6 8 52 23 31 5 9 255 25 24 49 45 14 8 5 203 30 45 10 5 23 4 9 49 22 12 8 100 48 43 5 5 11 79 33 19 106 20 22 0 
0 17 53 8 11 7 9 8 3 27 23 26 8 8 255 2 16 56 28 8 12 3 119 65 49 3 1 19 17 17 34 39 25 11 109 61 36 8 4 15 130 63 69 68 63 16 0 
0 4 50 7 18 13 14 3 3 6 17 12 15 14 255 4 27 84 58 17 8 4 20 56 46 14 7 8 9 13 16 75 20 23 145 74 24 7 4 17 23 30 18 39 23 15 0 
0 4 67 0 51 4 34 8 8 24 19 38 12 12 255 27 27 115 30 32 6 5 17 22 63 12 18 8 18 3 39 130 29 44 224 31 165 2 3 9 58 24 23 58 25 22 0 
0 4 66 8 3 14 26 12 3 26 34 4 20 12 255 25 29 22 69 34 7 0 17 72 75 14 31 23 26 11 23 142 14 66 98 122 93 5 5 31 17 50 40 41 88 41 0 
0 7 109 13 41 28 1 13 9 57 46 19 15 18 255 29 31 69 57 72 9 7 60 161 85 27 55 28 19 77 29 119 20 7 58 158 111 11 4 47 63 77 23 91 39 83 0 
0 3 156 23 49 3 31 9 14 66 41 14 47 9 255 14 32 92 58 22 9 6 40 82 79 18 27 17 21 40 33 48 19 25 76 173 200 5 5 59 34 25 18 61 115 28 0 
0 4 51 21 33 14 20 7 8 9 23 6 13 7 39 24 7 39 51 13 9 4 18 78 55 16 49 38 19 45 22 19 5 17 9 255 84 3 8 64 29 47 12 43 87 43 0 
1 7 131 37 65 22 41 18 60 9 39 19 34 66 111 79 7 82 148 85 19 11 47 155 135 38 59 40 35 28 6 44 8 41 179 255 205 9 14 10 76 28 19 56 190 130 0 
0 6 99 21 30 18 35 13 23 14 32 3 11 19 66 92 37 216 41 22 9 0 15 130 97 54 44 65 44 36 28 60 9 41 60 241 255 1 2 56 13 31 22 40 147 50 0 
0 9 139 25 34 21 8 19 23 25 55 32 51 37 119 100 41 255 112 31 6 4 35 219 85 56 23 63 26 36 54 135 13 30 91 98 97 6 6 62 2 11 25 125 202 209 0 
1 10 59 21 36 6 16 12 19 12 18 4 35 18 42 63 47 131 140 26 4 4 28 88 53 41 36 50 23 19 42 95 6 29 35 255 240 16 7 24 83 48 7 50 47 57 0 
0 5 88 8 36 2 15 18 22 11 16 11 22 11 56 18 51 31 57 19 2 1 39 52 45 8 36 18 24 52 57 14 37 22 70 255 61 12 15 16 17 16 29 45 54 46 0 
0 8 102 10 56 11 8 19 9 9 11 23 31 23 56 34 100 14 59 23 0 2 31 65 56 18 91 71 53 40 67 33 54 23 162 255 100 37 47 53 64 71 55 77 196 82 0 
0 6 34 13 41 10 13 16 37 11 16 15 27 31 50 26 173 20 47 37 3 1 10 77 58 48 12 97 38 23 52 52 19 93 126 157 255 62 46 37 40 84 107 60 119 48 0 
0 1 27 4 28 8 0 13 17 6 19 2 19 10 35 17 59 17 77 23 1 1 4 93 33 32 35 39 6 20 6 58 31 13 27 255 102 26 22 8 26 51 65 33 61 68 0 
0 3 52 16 26 7 4 14 4 1 16 29 32 14 91 36 53 35 152 50 3 1 24 173 47 58 71 62 25 61 6 129 39 30 255 209 230 60 30 92 48 68 24 54 129 144 0 
0 3 17 1 31 6 10 12 22 10 12 13 5 7 37 22 129 76 35 20 2 1 15 71 37 60 59 17 22 58 29 36 24 10 145 255 78 3 14 16 38 43 63 60 55 91 0 
1 2 25 16 52 23 29 45 65 31 8 26 26 24 21 79 95 90 156 34 4 3 5 255 118 64 123 22 123 180 30 58 80 46 87 232 106 31 28 64 107 120 106 243 224 213 0 
1 5 33 7 53 23 14 19 28 10 35 23 39 15 111 28 111 39 154 62 3 2 17 255 68 31 170 11 35 60 110 113 49 23 107 45 118 36 15 24 92 11 47 81 152 146 0 
1 8 39 6 77 13 51 11 43 15 25 3 32 19 77 30 34 19 77 60 4 4 22 255 33 14 49 11 55 57 66 41 47 33 91 123 114 32 18 18 87 37 112 78 136 173 0 
2 10 32 9 80 9 52 73 21 26 41 20 78 14 108 47 85 17 86 89 6 2 51 180 81 48 97 76 32 56 40 178 28 22 109 255 175 24 9 63 95 24 199 96 56 57 0 
2 9 51 11 57 6 7 44 5 17 47 8 23 27 7 119 16 63 72 9 2 8 41 123 103 11 51 41 51 31 27 98 10 45 111 135 81 18 5 76 255 25 160 70 209 89 0 
2 5 36 9 26 11 26 63 19 7 22 10 22 20 19 46 28 73 86 24 1 6 61 219 36 7 17 120 31 10 41 57 32 19 44 255 86 13 11 93 250 88 19 9 99 55 0 
0 5 25 1 10 5 13 33 9 12 10 11 11 22 49 66 35 14 103 17 5 6 22 60 26 10 38 27 10 17 8 16 13 9 19 255 53 7 1 57 161 82 55 25 75 51 0 
2 11 61 11 65 3 28 47 29 3 22 24 51 26 94 155 85 17 101 43 12 15 29 65 81 36 55 46 40 11 24 93 21 12 94 88 68 6 8 20 255 173 100 59 46 141 0 
1 8 32 10 19 9 17 25 6 8 16 12 29 14 23 41 29 46 21 21 5 12 21 30 36 39 30 34 8 25 26 56 2 12 98 255 50 7 4 42 114 70 11 23 87 63 0 
3 4 37 12 70 13 21 25 21 13 23 3 51 3 137 123 43 34 89 32 3 26 99 100 74 60 25 30 28 22 23 27 37 24 36 255 219 5 3 47 116 128 30 56 106 90 0 
3 6 44 14 46 6 17 17 17 7 14 7 50 7 50 52 32 58 31 28 5 28 173 128 59 17 34 61 19 8 30 20 34 13 55 255 91 7 0 53 254 78 71 40 15 18 0 
3 6 28 11 22 10 29 8 13 12 37 5 18 24 91 18 10 26 105 22 6 20 228 88 52 13 52 42 11 49 18 121 20 14 62 255 139 14 3 35 213 138 39 22 48 57 0 
2 7 5 3 29 10 31 11 10 1 12 5 14 9 50 21 16 35 63 8 5 14 179 88 28 18 30 42 10 50 11 35 8 4 62 255 150 0 1 28 155 53 36 20 165 114 0 
3 5 16 4 26 7 41 17 3 7 4 5 30 1 78 20 25 14 42 18 4 18 173 57 15 20 14 24 10 12 9 58 6 8 49 91 19 9 1 19 135 50 4 14 255 44 0 
7 3 45 7 74 15 30 17 12 14 31 12 67 22 138 17 33 92 102 24 3 35 233 119 51 115 17 63 16 35 35 116 40 20 67 154 204 14 2 50 255 217 53 22 58 122 0 
4 8 19 1 28 11 29 4 5 8 20 7 27 14 188 28 39 81 25 17 1 20 116 96 18 48 24 51 13 12 22 31 23 7 32 255 140 0 5 34 112 75 50 15 65 75 0 
3 2 13 1 22 31 16 6 8 9 11 5 33 2 95 34 21 30 72 14 3 7 83 50 22 12 43 14 1 13 18 54 11 20 33 255 60 5 1 50 70 26 13 18 72 50 0 
5 1 9 2 42 59 13 15 11 9 4 4 4 4 255 50 20 22 83 46 5 9 121 56 40 12 58 9 10 17 23 46 8 24 64 152 104 10 6 7 74 18 16 8 41 119 0 
8 16 91 6 52 92 21 50 20 40 10 15 15 15 204 95 132 14 123 44 12 33 186 73 57 60 73 33 8 12 40 177 10 30 50 203 163 15 4 42 37 48 15 19 255 163 0 
14 5 255 1 114 77 9 67 19 61 13 12 77 29 203 10 35 120 94 22 8 48 141 127 102 53 37 87 53 8 129 110 35 29 169 133 39 16 38 49 149 88 47 23 241 226 0 
11 27 228 5 86 104 26 20 18 47 9 4 123 34 150 48 5 32 17 52 7 17 94 52 25 30 32 72 25 17 80 29 34 17 62 60 50 26 20 60 77 66 66 16 227 255 0 
9 39 255 6 48 65 25 39 16 30 8 1 47 31 59 55 22 35 46 25 11 6 57 40 45 21 21 15 13 29 89 30 22 21 88 41 129 23 26 51 65 103 47 38 113 73 0 
9 14 255 6 78 71 36 86 12 49 26 15 18 66 28 17 26 27 7 3 8 30 23 28 8 23 118 49 21 70 43 21 19 35 129 251 56 43 38 81 33 30 66 66 162 185 0 
6 34 225 1 70 38 20 119 7 45 13 6 21 34 255 36 51 51 70 17 13 25 45 46 26 35 114 108 24 69 31 48 33 20 72 95 105 25 75 48 32 69 33 51 89 94 0 
6 54 120 3 95 123 36 29 22 45 13 18 42 47 255 144 50 47 39 55 40 24 31 41 29 23 84 54 24 40 14 51 16 18 128 151 76 38 9 46 27 104 42 142 80 69 0 
9 66 156 3 111 255 37 230 12 57 78 53 32 33 175 197 13 147 69 26 45 44 66 84 34 54 156 76 210 95 93 45 65 39 126 84 171 7 8 72 19 91 87 254 61 49 0 
7 67 115 5 79 61 27 89 15 87 127 92 117 74 255 113 59 86 95 63 16 31 84 123 25 33 134 110 166 57 106 145 38 90 43 155 105 48 40 100 103 77 54 242 127 124 0 
6 51 117 4 43 130 49 95 6 138 125 153 139 42 135 33 68 77 55 55 24 38 88 68 61 32 28 48 65 69 81 26 44 44 137 63 119 42 51 38 77 42 52 255 120 179 0 
8 37 112 7 52 55 34 155 27 204 106 179 43 119 255 124 132 96 103 38 33 48 162 80 30 36 34 58 53 11 92 76 27 22 194 68 131 31 48 111 25 23 47 61 28 111 0 
5 24 102 23 120 56 32 239 22 110 52 81 88 32 255 50 65 144 69 45 28 28 147 22 82 40 71 54 26 38 56 35 43 49 100 116 148 14 27 49 57 66 20 28 146 19 0 
4 51 78 22 182 68 29 255 22 66 30 43 106 40 135 21 60 67 42 36 30 28 62 67 70 27 53 7 37 9 51 61 37 30 226 66 151 12 19 20 57 60 28 19 74 103 0 
5 12 22 37 164 57 16 136 19 41 40 15 50 23 198 37 49 74 152 65 13 14 25 87 29 33 44 19 45 58 42 30 13 32 255 141 165 6 22 25 9 42 29 18 87 21 0 
4 3 11 37 37 27 18 137 11 54 59 25 164 53 43 36 46 130 79 10 11 13 30 149 56 73 11 15 50 44 58 36 18 28 255 94 58 13 21 81 43 27 10 38 27 70 0 
7 27 136 64 112 34 12 227 69 26 46 36 222 95 127 58 54 85 187 99 18 33 23 206 111 23 176 47 70 96 83 178 23 32 152 122 124 22 35 255 82 6 12 56 145 167 0 
5 21 35 94 37 12 17 80 76 25 59 32 227 33 83 24 54 165 107 5 4 10 3 143 28 74 33 29 30 96 22 149 7 54 115 194 255 9 11 58 52 10 35 52 96 112 0 
4 2 105 46 7 17 26 50 67 17 27 25 255 21 56 30 100 81 126 32 2 18 9 12 10 18 45 10 30 32 17 29 5 38 9 148 101 12 9 7 42 11 43 13 174 156 0 
7 9 127 115 67 21 47 97 147 25 43 65 70 81 67 69 221 63 255 44 7 21 22 98 57 119 50 53 52 73 40 27 14 51 89 173 79 16 39 149 65 42 47 37 127 251 0 
6 8 97 255 92 30 26 88 70 40 39 93 25 148 127 30 93 27 120 52 10 18 18 35 27 40 67 9 38 44 106 127 39 38 143 203 155 11 15 67 35 7 57 66 55 58 0 
4 21 255 248 21 10 37 58 73 22 31 152 109 9 101 57 82 70 97 87 15 20 20 206 52 50 108 29 57 86 21 138 46 155 178 162 133 89 62 123 95 30 64 48 155 120 0 
0 2 55 255 37 7 7 29 14 9 10 19 27 18 22 8 13 29 5 11 5 1 3 69 4 50 33 12 4 19 50 36 31 26 109 100 120 48 41 63 30 31 31 26 21 42 0 
1 2 41 255 43 2 4 36 2 4 4 111 18 13 21 12 23 29 37 17 4 2 8 75 6 32 27 13 18 64 10 27 23 17 134 39 76 19 38 31 17 23 26 37 23 74 0 
3 10 111 187 62 22 33 212 5 17 51 80 65 50 58 220 16 93 88 41 6 7 17 161 12 97 60 100 38 92 90 176 46 47 255 74 108 74 83 153 54 30 92 44 184 50 0 
2 12 55 255 40 19 25 183 19 2 13 61 44 20 39 110 23 64 53 52 6 6 11 83 19 31 20 5 56 56 72 120 35 24 99 112 149 48 54 131 66 11 64 26 80 17 0 
4 27 92 146 41 26 19 90 42 22 54 255 40 25 154 75 109 21 114 75 5 7 20 55 32 32 71 39 27 43 56 109 77 7 130 177 55 71 43 176 37 11 26 110 15 194 0 
2 23 194 55 54 15 15 9 19 7 83 32 4 14 103 45 37 2 21 73 8 11 14 255 38 58 26 35 13 67 17 29 25 4 81 91 65 33 5 30 36 35 5 54 57 78 0 
4 22 107 67 33 37 60 21 57 20 149 28 10 14 180 24 35 30 18 255 12 16 33 162 36 15 27 91 31 137 205 34 22 37 85 81 65 18 40 10 40 58 20 112 106 52 0 
4 18 157 32 33 9 148 32 49 11 138 39 31 20 107 16 29 24 84 117 12 5 20 144 53 34 76 96 13 87 46 50 15 28 84 255 48 13 30 48 34 42 14 72 175 146 0 
3 17 255 32 28 27 127 18 26 7 112 10 32 19 41 17 28 32 76 51 11 9 13 96 9 78 70 58 36 34 31 8 35 15 77 20 96 52 14 59 42 96 13 73 103 60 0 
1 2 255 6 10 0 54 11 25 3 139 16 13 9 64 9 28 11 42 13 3 8 11 123 14 96 72 84 16 98 15 18 23 10 12 133 46 53 44 31 53 49 14 42 49 21 0 
2 5 255 8 19 9 34 28 46 22 67 9 60 20 127 16 14 57 120 16 7 3 23 74 14 129 100 24 66 76 9 28 23 16 62 216 127 24 72 5 50 39 27 48 56 5 0 
0 7 134 0 8 0 15 11 15 7 8 9 21 11 39 12 12 21 102 8 3 2 8 44 12 34 43 71 66 72 18 16 12 8 10 255 84 22 40 63 11 11 9 23 23 41 0 
0 16 255 13 29 22 41 26 13 57 20 11 36 13 105 3 40 31 44 13 7 12 11 64 27 32 169 76 53 48 24 28 41 34 97 158 73 12 45 37 56 10 15 54 100 29 0 
0 17 255 7 16 11 34 39 3 166 43 24 64 17 132 28 66 62 60 15 5 11 6 133 7 31 101 17 19 112 84 108 51 56 143 125 43 16 22 40 48 48 93 94 76 109 0 
1 11 204 5 28 12 11 72 16 124 14 37 56 17 86 21 32 87 149 46 4 6 28 200 23 11 45 4 21 62 208 80 69 72 255 45 73 0 12 16 8 78 60 145 91 148 0 
3 18 209 5 52 36 23 68 70 25 77 255 25 26 109 16 68 54 181 18 13 14 26 76 34 35 30 10 19 60 34 91 71 94 129 80 17 4 10 99 97 222 112 70 239 84 0 
3 17 113 9 62 5 40 60 35 144 17 64 63 26 97 17 54 96 69 50 14 16 27 128 42 20 65 18 15 69 64 105 119 90 171 56 129 11 16 56 104 85 113 255 136 94 0 
4 36 134 8 56 33 90 20 151 93 4 65 20 60 47 28 70 29 81 86 35 4 54 244 25 49 57 36 12 140 104 85 53 52 255 191 66 7 20 11 34 32 62 125 134 125 0 
4 49 115 3 19 26 111 42 173 81 78 30 25 25 79 35 46 73 107 126 28 20 55 219 54 35 64 59 27 155 58 116 122 55 255 189 85 16 1 60 22 33 17 139 195 113 0 
3 10 43 11 15 20 255 7 180 27 29 4 40 20 11 176 45 12 68 69 7 14 46 213 23 27 59 60 22 90 31 13 105 36 123 230 50 9 4 67 16 45 40 61 82 108 0 
5 24 24 5 86 24 23 39 21 20 38 6 1 32 24 111 97 63 102 58 16 12 67 117 51 92 135 121 88 129 95 41 99 96 111 255 94 100 44 103 52 111 217 116 244 89 0 
1 10 9 2 11 11 12 16 35 7 16 8 18 9 52 22 38 16 6 33 11 7 26 70 10 22 33 50 55 62 38 30 70 17 144 255 21 50 13 19 31 41 20 31 79 83 0 
6 27 22 12 32 22 48 99 104 4 48 15 18 42 68 54 27 51 57 121 42 25 102 68 30 58 255 181 60 124 17 53 97 32 149 178 145 34 22 81 64 109 234 153 214 154 0 
6 24 33 15 38 20 30 204 33 9 6 7 41 22 57 70 44 35 20 77 23 33 51 110 51 81 92 133 86 151 35 59 101 83 110 255 79 66 6 105 43 87 182 152 46 171 0 
7 18 69 15 38 23 13 255 14 10 16 7 10 15 25 36 17 53 10 112 27 43 95 135 54 41 65 74 34 23 22 21 49 37 35 104 25 40 9 34 141 68 136 56 34 110 0 
5 14 6 10 28 17 17 217 10 10 16 6 37 14 47 35 43 36 62 42 13 28 90 183 11 34 25 44 9 26 48 26 17 21 41 70 48 8 4 26 167 95 255 49 13 123 0 
6 6 1 7 19 27 47 97 41 5 17 5 59 16 138 42 37 57 89 35 24 75 109 255 11 10 32 9 6 49 76 60 23 19 44 96 66 8 15 40 209 209 185 41 61 130 0 
7 18 23 9 6 8 34 86 21 9 8 20 14 9 91 48 22 53 18 37 28 99 83 88 7 18 20 8 1 54 23 14 7 23 21 47 53 3 18 36 201 255 212 48 140 26 0 
10 14 51 6 39 19 103 74 24 13 13 11 23 22 116 28 45 36 59 31 26 171 143 134 5 34 13 41 6 80 67 60 18 26 25 53 18 3 2 36 207 255 89 128 84 39 0 
11 22 45 8 58 29 146 47 18 2 9 36 45 14 135 27 56 32 54 35 47 202 159 171 4 20 13 52 8 42 19 30 39 49 53 69 61 7 18 44 160 57 255 77 181 79 0 
12 4 89 0 37 14 32 46 3 10 23 2 15 20 66 76 14 100 39 13 10 135 172 77 5 56 6 20 8 33 40 58 20 18 26 92 45 8 16 8 73 142 255 68 120 62 0 
21 21 45 21 65 53 248 47 29 20 16 8 52 19 53 66 81 33 121 35 29 146 185 130 18 48 40 34 19 43 62 46 28 28 7 224 33 1 37 20 128 255 143 154 37 76 0 
16 89 158 25 75 120 118 5 14 29 16 7 41 21 44 55 96 112 107 23 48 68 19 125 11 44 28 18 23 9 119 45 40 20 52 205 100 5 14 61 82 219 255 158 129 209 0 
20 33 170 17 104 214 77 109 39 40 25 32 86 22 192 103 117 101 177 35 45 178 110 201 9 29 65 44 31 27 74 98 34 29 58 80 84 8 25 121 82 255 75 126 211 68 0 
8 36 255 20 50 108 46 123 10 12 28 3 41 6 168 27 55 130 45 17 63 88 66 142 1 35 10 18 18 18 5 23 4 17 45 47 10 6 15 20 46 102 46 73 78 70 0 
6 22 110 78 23 202 55 255 3 19 52 29 157 8 58 144 147 163 56 14 89 50 35 76 14 5 29 23 15 25 6 13 32 47 16 28 33 1 10 20 35 54 39 185 29 18 0 
3 62 26 82 23 69 89 39 3 51 38 118 168 4 127 120 94 255 11 13 24 42 65 69 7 40 16 7 13 17 6 18 23 24 56 59 15 3 5 8 17 66 45 91 27 46 0 
7 34 52 184 69 24 212 118 13 123 95 134 94 34 55 255 42 66 72 12 180 11 218 152 35 56 12 13 29 46 25 70 39 38 58 70 91 0 18 46 80 214 63 32 87 59 0 
4 25 58 156 58 26 23 24 7 47 35 84 40 19 159 209 80 164 93 17 127 67 93 68 23 8 12 16 21 71 50 45 14 41 81 43 30 4 18 45 31 255 49 53 43 62 0 
3 11 57 145 255 15 183 45 21 79 71 26 138 14 212 195 88 221 15 37 152 58 26 67 48 20 24 20 25 59 56 27 9 71 44 47 103 2 21 26 45 128 23 50 152 45 0 
2 30 67 77 81 69 61 15 48 65 40 99 235 22 255 80 118 127 50 68 68 81 71 192 52 40 88 57 69 72 38 153 27 87 90 144 242 10 50 191 74 71 77 114 200 101 0 
1 31 23 29 62 43 31 34 11 38 58 52 84 9 89 43 53 67 9 54 26 21 29 138 9 75 41 30 23 62 255 37 22 59 38 143 79 2 32 48 55 25 109 144 162 149 0 
1 17 23 39 73 30 64 21 6 41 40 45 30 4 21 7 27 88 60 56 21 41 12 122 10 149 11 43 26 41 126 7 12 70 26 81 29 1 24 42 49 27 93 255 107 119 0 
3 22 9 54 43 39 36 40 12 43 66 68 47 5 41 32 31 134 70 47 5 21 25 71 19 129 27 26 65 111 251 50 22 66 47 194 50 0 19 21 27 74 115 69 96 255 0 
5 5 28 45 37 76 127 25 15 55 83 53 36 8 50 77 80 120 48 7 7 66 42 113 45 85 39 76 37 45 117 123 8 95 152 213 255 9 32 60 58 113 173 110 133 189 0 
5 38 57 35 55 84 58 21 26 62 34 21 10 23 72 19 87 161 30 80 28 43 24 108 35 127 33 156 60 91 157 137 27 33 24 53 202 10 29 65 57 108 36 190 255 155 0 
3 55 93 72 77 43 88 34 71 50 77 31 22 26 58 39 28 188 141 18 26 38 24 70 25 209 53 138 49 255 185 21 12 63 56 101 162 12 55 73 88 149 36 17 180 146 0 
4 6 95 34 36 40 67 17 47 8 48 20 91 8 62 106 8 129 51 69 28 13 32 81 42 220 21 112 54 167 39 61 18 80 67 181 148 9 32 47 55 63 38 105 255 85 0 
4 17 118 40 43 39 111 31 36 64 72 12 64 22 109 157 73 73 253 21 38 26 79 139 16 144 19 148 60 113 40 124 61 87 150 104 255 7 39 31 97 48 48 119 73 20 0 
1 42 77 24 43 41 33 15 35 65 38 25 48 16 134 105 70 27 251 38 20 15 44 157 40 49 33 89 39 12 20 54 46 72 86 126 114 6 21 30 72 26 61 70 255 130 0 
0 13 54 14 67 28 60 71 65 102 45 4 50 42 139 8 59 103 60 62 10 9 13 118 36 25 75 35 31 74 20 90 38 21 45 63 51 1 20 99 65 34 45 49 186 255 0 
0 58 154 22 93 44 164 70 11 72 19 11 59 48 160 222 42 157 109 153 37 53 40 21 82 45 60 169 68 101 65 77 88 50 41 31 164 7 17 36 145 40 7 83 174 255 0 
0 28 94 20 22 14 51 30 47 4 42 2 49 20 106 92 17 44 83 64 17 16 7 122 32 41 19 73 23 5 28 81 42 36 12 83 26 5 23 9 37 42 30 21 255 57 0 
0 40 84 14 36 35 13 34 21 7 49 9 20 21 79 85 19 43 30 49 10 16 12 41 58 74 15 88 25 23 25 42 26 38 25 11 25 2 27 6 92 83 14 18 46 255 0 
1 16 138 34 67 16 66 54 21 38 51 10 33 56 109 164 29 78 73 56 31 7 8 90 71 69 63 73 59 66 27 19 47 69 43 222 58 8 44 28 85 95 26 40 186 255 0 
2 67 67 41 53 107 46 80 35 35 28 11 63 47 109 112 24 200 97 73 45 2 43 255 65 41 33 159 90 87 69 93 67 197 78 60 163 7 12 83 150 102 35 170 98 59 0 
0 13 10 3 28 27 29 16 20 17 4 36 20 10 23 52 21 44 35 13 6 4 12 89 17 3 7 18 30 18 255 27 22 202 23 36 42 1 6 29 83 66 27 125 18 8 0 
