426 430 10 3
426 430 11 3
426 431 12 3
426 429 13 3
426 430 14 3
426 429 15 3
426 429 16 3
426 429 17 3
426 429 18 3
426 427 20 3
426 428 21 3
426 430 22 3
426 429 23 3
426 430 24 3
426 429 25 3
426 428 27 3
426 430 28 3
426 429 29 3
823 821 19 4
976 980 10 8
976 980 11 8
976 980 14 8
976 957 16 8
976 959 22 8
976 959 23 8
976 980 24 8
193 193 10 9
193 184 11 9
193 185 12 9
193 195 16 9
193 193 17 9
193 193 22 9
193 193 23 9
193 193 24 9
193 193 25 9
508 510 29 9
959 957 15 9
959 959 21 9
959 959 22 9
959 945 28 9
1023 1005 27 9
430 429 10 10
430 429 11 10
430 427 13 10
430 428 14 10
430 430 15 10
430 429 16 10
430 430 17 10
430 429 18 10
430 428 20 10
430 430 21 10
430 429 22 10
430 429 23 10
430 429 24 10
957 957 14 10
957 938 15 10
957 938 16 10
957 937 19 10
957 959 20 10
957 959 21 10
957 945 27 10
144 145 28 11
144 151 29 11
939 957 13 11
939 938 14 11
939 938 15 11
939 937 18 11
939 945 26 11
193 195 13 12
193 193 14 12
193 193 19 12
193 193 20 12
193 193 21 12
193 193 22 12
429 427 11 12
429 428 12 12
429 430 13 12
429 429 14 12
429 430 15 12
429 429 16 12
429 428 18 12
429 430 19 12
429 429 20 12
429 429 21 12
429 429 22 12
939 957 12 12
939 938 13 12
939 938 14 12
939 937 17 12
939 945 25 12
193 195 12 13
193 193 13 13
193 193 18 13
193 193 19 13
193 193 20 13
193 193 21 13
430 427 10 13
430 428 11 13
430 430 12 13
430 429 13 13
430 430 14 13
430 429 15 13
430 428 17 13
430 430 18 13
430 429 19 13
430 429 20 13
430 429 21 13
939 957 11 13
939 938 12 13
939 938 13 13
939 937 16 13
939 945 24 13
194 195 11 14
194 193 12 14
194 193 17 14
194 193 18 14
194 193 19 14
194 193 20 14
430 428 10 14
430 430 11 14
430 429 12 14
430 430 13 14
430 429 14 14
430 428 16 14
430 430 17 14
430 429 18 14
430 429 19 14
430 429 20 14
902 901 14 14
902 902 19 14
902 901 21 14
194 195 10 15
194 193 11 15
194 193 16 15
194 193 17 15
194 193 18 15
194 193 19 15
431 430 10 15
431 429 11 15
431 430 12 15
431 429 13 15
431 428 15 15
431 430 16 15
431 429 17 15
431 429 18 15
431 429 19 15
431 429 29 15
939 938 10 15
939 938 11 15
939 937 14 15
939 945 22 15
939 941 28 15
429 429 10 16
429 430 11 16
429 429 12 16
429 428 14 16
429 430 15 16
429 429 16 16
429 429 17 16
429 429 18 16
429 429 28 16
429 430 29 16
938 938 10 16
938 937 13 16
938 945 21 16
938 941 27 16
194 193 14 17
194 193 15 17
194 193 16 17
194 193 17 17
430 430 10 17
430 429 11 17
430 428 13 17
430 430 14 17
430 429 15 17
430 429 16 17
430 429 17 17
430 429 27 17
430 430 28 17
430 429 29 17
959 959 13 17
959 959 14 17
959 945 20 17
959 941 26 17
959 959 28 17
191 193 13 18
191 193 14 18
191 193 15 18
191 193 16 18
191 193 29 18
429 429 10 18
429 428 12 18
429 430 13 18
429 429 14 18
429 429 15 18
429 429 16 18
429 429 26 18
429 430 27 18
429 429 28 18
429 429 29 18
980 980 14 18
193 193 12 19
193 193 13 19
193 193 14 19
193 193 15 19
193 193 28 19
429 428 11 19
429 430 12 19
429 429 13 19
429 429 14 19
429 429 15 19
429 429 25 19
429 430 26 19
429 429 27 19
429 429 28 19
429 429 29 19
980 980 13 19
980 998 29 19
184 193 11 20
184 193 12 20
184 193 13 20
184 193 14 20
184 193 27 20
429 428 10 20
429 430 11 20
429 429 12 20
429 429 13 20
429 429 14 20
429 429 24 20
429 430 25 20
429 429 26 20
429 429 27 20
429 429 28 20
901 902 13 20
901 901 15 20
901 902 29 20
185 193 10 21
185 193 11 21
185 193 12 21
185 193 13 21
185 193 26 21
429 430 10 21
429 429 11 21
429 429 12 21
429 429 13 21
429 429 23 21
429 430 24 21
429 429 25 21
429 429 26 21
429 429 27 21
429 429 29 21
901 902 12 21
901 901 14 21
901 902 28 21
901 895 29 21
980 980 10 22
980 998 26 22
427 429 10 23
427 429 11 23
427 429 21 23
427 430 22 23
427 429 23 23
427 429 24 23
427 429 25 23
427 429 27 23
427 429 28 23
427 429 29 23
821 822 11 23
821 814 23 23
821 816 24 23
821 820 28 23
821 827 29 23
428 429 10 24
428 429 20 24
428 430 21 24
428 429 22 24
428 429 23 24
428 429 24 24
428 429 26 24
428 429 27 24
428 429 28 24
957 945 13 24
957 941 19 24
957 959 21 24
195 193 22 25
195 193 26 25
430 429 19 25
430 430 20 25
430 429 21 25
430 429 22 25
430 429 23 25
430 429 25 25
430 429 26 25
430 429 27 25
430 429 29 25
938 945 12 25
938 941 18 25
938 937 29 25
193 193 21 26
193 193 25 26
429 429 18 26
429 430 19 26
429 429 20 26
429 429 21 26
429 429 22 26
429 429 24 26
429 429 25 26
429 429 26 26
429 429 28 26
429 430 29 26
938 945 11 26
938 941 17 26
938 937 28 26
430 429 17 27
430 430 18 27
430 429 19 27
430 429 20 27
430 429 21 27
430 429 23 27
430 429 24 27
430 429 25 27
430 429 27 27
430 430 28 27
429 429 16 28
429 430 17 28
429 429 18 28
429 429 19 28
429 429 20 28
429 429 22 28
429 429 23 28
429 429 24 28
429 429 26 28
429 430 27 28
429 429 29 28
901 902 21 28
901 895 22 28
937 941 14 29
937 937 25 29
937 937 27 29
428 429 14 30
428 430 15 30
428 429 16 30
428 429 17 30
428 429 18 30
428 429 20 30
428 429 21 30
428 429 22 30
428 429 24 30
428 430 25 30
428 429 27 30
428 429 28 30
428 429 29 30
959 941 13 30
959 959 15 30
193 193 16 31
193 193 20 31
193 190 26 31
193 193 27 31
430 429 13 31
430 430 14 31
430 429 15 31
430 429 16 31
430 429 17 31
430 429 19 31
430 429 20 31
430 429 21 31
430 429 23 31
430 430 24 31
430 429 26 31
430 429 27 31
430 429 28 31
959 941 12 31
959 959 14 31
193 193 15 32
193 193 19 32
193 190 25 32
193 193 26 32
429 429 12 32
429 430 13 32
429 429 14 32
429 429 15 32
429 429 16 32
429 429 18 32
429 429 19 32
429 429 20 32
429 429 22 32
429 430 23 32
429 429 25 32
429 429 26 32
429 429 27 32
429 429 29 32
980 998 16 32
980 978 29 32
193 193 14 33
193 193 18 33
193 190 24 33
193 193 25 33
429 429 11 33
429 430 12 33
429 429 13 33
429 429 14 33
429 429 15 33
429 429 17 33
429 429 18 33
429 429 19 33
429 429 21 33
429 430 22 33
429 429 24 33
429 429 25 33
429 429 26 33
429 429 28 33
902 902 16 33
902 895 17 33
193 193 13 34
193 193 17 34
193 190 23 34
193 193 24 34
429 429 10 34
429 430 11 34
429 429 12 34
429 429 13 34
429 429 14 34
429 429 16 34
429 429 17 34
429 429 18 34
429 429 20 34
429 430 21 34
429 429 23 34
429 429 24 34
429 429 25 34
429 429 27 34
822 814 12 34
822 816 13 34
822 820 17 34
822 827 18 34
822 819 25 34
822 815 26 34
901 902 14 35
901 895 15 35
1005 998 12 36
945 937 17 37
945 937 19 37
945 933 29 37
782 782 19 38
145 142 29 39
151 142 28 40
151 143 29 40
348 364 20 40
150 142 27 41
150 143 28 41
348 364 19 41
150 142 26 42
150 143 27 42
347 364 18 42
941 937 11 43
941 937 13 43
941 933 23 43
941 936 28 43
429 429 10 44
429 430 11 44
429 429 13 44
429 429 14 44
429 429 15 44
429 429 17 44
429 430 20 44
429 425 21 44
429 429 22 44
429 429 23 44
429 429 24 44
429 429 28 44
429 429 29 44
605 603 14 44
430 430 10 45
430 429 12 45
430 429 13 45
430 429 14 45
430 429 16 45
430 430 19 45
430 425 20 45
430 429 21 45
430 429 22 45
430 429 23 45
430 429 27 45
430 429 28 45
959 978 16 45
959 978 19 45
429 429 11 46
429 429 12 46
429 429 13 46
429 429 15 46
429 430 18 46
429 425 19 46
429 429 20 46
429 429 21 46
429 429 22 46
429 429 26 46
429 429 27 46
429 429 29 46
814 819 13 46
814 815 14 46
814 821 27 46
193 190 10 47
193 193 11 47
193 186 18 47
193 191 25 47
429 429 10 47
429 429 11 47
429 429 12 47
429 429 14 47
429 430 17 47
429 425 18 47
429 429 19 47
429 429 20 47
429 429 21 47
429 429 25 47
429 429 26 47
429 429 28 47
816 819 12 47
816 815 13 47
816 821 26 47
429 429 10 48
429 429 11 48
429 429 13 48
429 430 16 48
429 425 17 48
429 429 18 48
429 429 19 48
429 429 20 48
429 429 24 48
429 429 25 48
429 429 27 48
998 978 13 48
998 978 16 48
429 429 11 50
429 430 14 50
429 425 15 50
429 429 16 50
429 429 17 50
429 429 18 50
429 429 22 50
429 429 23 50
429 429 25 50
48 43 27 51
193 186 14 51
193 191 21 51
429 429 10 51
429 430 13 51
429 425 14 51
429 429 15 51
429 429 16 51
429 429 17 51
429 429 21 51
429 429 22 51
429 429 24 51
429 428 29 51
820 821 22 51
820 820 27 51
429 430 12 52
429 425 13 52
429 429 14 52
429 429 15 52
429 429 16 52
429 429 20 52
429 429 21 52
429 429 23 52
429 428 28 52
827 821 21 52
827 820 26 52
827 821 29 52
737 739 14 53
737 739 15 53
737 739 16 53
737 737 17 53
737 751 19 53
429 430 10 54
429 425 11 54
429 429 12 54
429 429 13 54
429 429 14 54
429 429 18 54
429 429 19 54
429 429 21 54
429 428 26 54
429 430 28 54
429 430 29 54
937 933 12 54
937 936 17 54
937 955 25 54
430 425 10 55
430 429 11 55
430 429 12 55
430 429 13 55
430 429 17 55
430 429 18 55
430 429 20 55
430 428 25 55
430 430 27 55
430 430 28 55
430 430 29 55
739 739 12 55
739 739 13 55
739 739 14 55
739 737 15 55
739 751 17 55
937 933 10 56
937 936 15 56
937 955 23 56
190 191 15 57
190 193 25 57
429 429 10 57
429 429 11 57
429 429 15 57
429 429 16 57
429 429 18 57
429 428 23 57
429 430 25 57
429 430 26 57
429 430 27 57
782 779 23 57
193 191 14 58
193 193 24 58
193 193 29 58
429 429 10 58
429 429 14 58
429 429 15 58
429 429 17 58
429 428 22 58
429 430 24 58
429 430 25 58
429 430 26 58
429 430 29 58
429 429 13 59
429 429 14 59
429 429 16 59
429 428 21 59
429 430 23 59
429 430 24 59
429 430 25 59
429 430 28 59
429 429 29 59
819 821 14 59
819 820 19 59
819 821 22 59
364 347 14 60
815 821 13 60
815 820 18 60
815 821 21 60
429 429 11 61
429 429 12 61
429 429 14 61
429 428 19 61
429 430 21 61
429 430 22 61
429 430 23 61
429 430 26 61
429 429 27 61
429 429 28 61
429 430 29 61
978 959 15 61
665 661 12 62
665 665 13 62
665 665 28 62
665 665 29 62
430 429 11 64
430 428 16 64
430 430 18 64
430 430 19 64
430 430 20 64
430 430 23 64
430 429 24 64
430 429 25 64
430 430 26 64
978 959 12 64
186 193 17 65
186 193 22 65
186 192 23 65
186 192 24 65
425 429 10 65
425 428 15 65
425 430 17 65
425 430 18 65
425 430 19 65
425 430 22 65
425 429 23 65
425 429 24 65
425 430 25 65
425 428 29 65
660 665 10 65
660 665 25 65
660 665 26 65
660 663 28 65
429 428 14 66
429 430 16 66
429 430 17 66
429 430 18 66
429 430 21 66
429 429 22 66
429 429 23 66
429 430 24 66
429 428 28 66
429 428 13 67
429 430 15 67
429 430 16 67
429 430 17 67
429 430 20 67
429 429 21 67
429 429 22 67
429 430 23 67
429 428 27 67
739 737 29 67
142 145 28 68
142 144 29 68
429 428 12 68
429 430 14 68
429 430 15 68
429 430 16 68
429 430 19 68
429 429 20 68
429 429 21 68
429 430 22 68
429 428 26 68
429 430 29 68
739 737 28 68
143 145 27 69
143 144 28 69
143 143 29 69
739 737 27 69
739 739 29 69
737 737 26 70
737 739 28 70
936 931 28 71
191 193 10 72
191 193 15 72
191 192 16 72
191 192 17 72
429 430 10 72
429 430 11 72
429 430 12 72
429 430 15 72
429 429 16 72
429 429 17 72
429 430 18 72
429 428 22 72
429 430 25 72
429 429 26 72
751 737 24 72
751 739 26 72
429 430 10 73
429 430 11 73
429 430 14 73
429 429 15 73
429 429 16 73
429 430 17 73
429 428 21 73
429 430 24 73
429 429 25 73
821 818 19 73
821 821 22 73
661 665 16 74
661 665 17 74
661 663 19 74
429 430 12 75
429 429 13 75
429 429 14 75
429 430 15 75
429 428 19 75
429 430 22 75
429 429 23 75
429 429 29 75
665 665 15 75
665 665 16 75
665 663 18 75
665 665 29 75
959 959 24 76
959 974 26 76
959 975 27 76
43 34 10 78
820 818 14 78
820 821 17 78
955 959 21 79
955 974 23 79
955 961 28 79
428 430 10 80
428 428 14 80
428 430 17 80
428 429 18 80
428 429 24 80
428 429 25 80
779 782 14 80
779 766 28 80
821 818 11 81
821 821 14 81
193 193 22 82
193 193 28 82
193 191 29 82
430 428 12 82
430 430 15 82
430 429 16 82
430 429 22 82
430 429 23 82
430 429 28 82
856 856 19 82
430 428 11 83
430 430 14 83
430 429 15 83
430 429 21 83
430 429 22 83
430 429 27 83
896 899 23 83
1023 1023 18 83
1023 1023 19 83
1023 1023 22 83
1023 1023 23 83
430 428 10 84
430 430 13 84
430 429 14 84
430 429 20 84
430 429 21 84
430 429 26 84
900 918 21 84
900 899 22 84
901 918 20 85
901 899 21 85
900 918 19 86
900 899 20 86
193 193 17 87
193 193 23 87
193 191 24 87
430 430 10 87
430 429 11 87
430 429 17 87
430 429 18 87
430 429 23 87
901 918 18 87
901 899 19 87
192 193 16 88
192 193 22 88
192 191 23 88
429 429 10 88
429 429 16 88
429 429 17 88
429 429 22 88
429 429 29 88
900 918 17 88
900 899 18 88
192 193 15 89
192 193 21 89
192 191 22 89
429 429 15 89
429 429 16 89
429 429 21 89
429 429 28 89
900 918 16 89
900 899 17 89
430 429 14 90
430 429 15 90
430 429 20 90
430 429 27 90
665 665 14 90
508 507 12 91
508 507 16 91
508 506 27 91
665 665 13 91
508 507 11 92
508 507 15 92
508 506 26 92
818 821 26 92
818 819 28 92
663 665 11 93
663 665 28 93
428 429 10 94
428 429 11 94
428 429 16 94
428 429 23 94
428 431 27 94
428 430 28 94
782 766 14 94
782 780 20 94
821 821 23 95
821 819 25 95
145 152 16 96
507 507 11 96
507 506 22 96
507 506 29 96
737 739 13 96
737 734 15 96
737 739 28 96
737 739 29 96
144 152 15 97
430 429 13 97
430 429 20 97
430 431 24 97
430 430 25 97
430 429 27 97
541 540 13 97
541 542 16 97
143 152 14 98
429 429 12 98
429 429 19 98
429 431 23 98
429 430 24 98
429 429 26 98
429 420 29 98
739 739 11 98
739 734 13 98
739 739 26 98
739 739 27 98
931 939 23 99
931 926 24 99
931 949 27 99
959 960 12 100
959 974 15 100
959 974 16 100
959 978 17 100
959 939 22 100
959 949 26 100
1023 1023 13 101
1023 1023 16 101
1023 1023 19 101
1023 1023 23 101
974 960 10 102
974 974 13 102
974 974 14 102
974 978 15 102
1023 1023 12 102
1023 1023 15 102
1023 1023 18 102
1023 1023 22 102
507 506 15 103
507 506 22 103
975 974 12 103
975 974 13 103
975 978 14 103
193 191 17 104
429 429 13 104
429 431 17 104
429 430 18 104
429 429 20 104
429 420 23 104
429 427 25 104
429 430 26 104
429 429 27 104
665 665 17 104
429 429 12 105
429 431 16 105
429 430 17 105
429 429 19 105
429 420 22 105
429 427 24 105
429 430 25 105
429 429 26 105
918 926 18 105
918 925 24 105
918 922 25 105
918 924 26 105
918 935 27 105
1023 1023 12 105
1023 1023 15 105
1023 1023 19 105
1023 1023 29 105
1023 1023 11 106
1023 1023 14 106
1023 1023 18 106
1023 1023 28 106
507 506 11 107
507 506 18 107
961 978 10 107
961 949 19 107
961 952 26 107
766 775 19 108
766 783 27 108
766 783 28 108
739 739 15 109
739 739 16 109
193 191 11 110
429 431 11 110
429 430 12 110
429 429 14 110
429 420 17 110
429 427 19 110
429 430 20 110
429 429 21 110
429 428 27 110
429 429 28 110
191 191 10 111
734 739 13 111
734 739 14 111
960 949 14 112
960 952 21 112
780 775 13 114
780 783 21 114
780 783 22 114
1023 1023 10 114
1023 1023 20 114
1023 1023 24 114
1023 1023 25 114
1023 1023 27 114
429 420 10 117
429 427 12 117
429 430 13 117
429 429 14 117
429 428 20 117
429 429 21 117
429 429 23 117
429 429 26 117
429 429 27 117
429 429 28 117
1023 1023 17 117
1023 1023 21 117
1023 1023 22 117
1023 1023 24 117
1023 1023 28 117
506 507 21 118
506 508 23 118
821 821 10 118
821 830 16 118
821 820 19 118
819 830 14 120
819 820 17 120
819 807 28 120
1023 1023 14 120
1023 1023 18 120
1023 1023 19 120
1023 1023 21 120
1023 1023 25 120
191 193 24 121
191 189 29 121
431 429 10 121
431 428 16 121
431 429 17 121
431 429 19 121
431 429 22 121
431 429 23 121
431 429 24 121
665 666 22 121
665 665 25 121
430 428 15 122
430 429 16 122
430 429 18 122
430 429 21 122
430 429 22 122
430 429 23 122
430 430 29 122
939 935 10 122
939 952 11 122
939 938 18 122
939 937 19 122
926 938 17 123
926 937 18 123
429 428 13 124
429 429 14 124
429 429 16 124
429 429 19 124
429 429 20 124
429 429 21 124
429 430 27 124
739 739 25 124
1023 1023 10 124
1023 1023 14 124
1023 1023 15 124
1023 1023 17 124
1023 1023 21 124
506 507 14 125
506 508 16 125
739 739 24 125
949 938 14 126
949 937 15 126
420 428 10 127
420 429 11 127
420 429 13 127
420 429 16 127
420 429 17 127
420 429 18 127
420 430 24 127
420 429 29 127
821 807 20 128
821 820 29 128
427 429 11 129
427 429 14 129
427 429 15 129
427 429 16 129
427 430 22 129
427 429 27 129
925 938 11 129
925 937 12 129
430 429 10 130
430 429 13 130
430 429 14 130
430 429 15 130
430 430 21 130
430 429 26 130
922 938 10 130
922 937 11 130
429 429 12 131
429 429 13 131
429 429 14 131
429 430 20 131
429 429 25 131
924 937 10 131
830 820 23 134
830 819 25 134
1023 1023 11 134
1023 1023 25 134
783 778 23 135
783 778 22 136
428 430 14 137
428 429 19 137
820 807 11 137
820 820 20 137
820 819 22 137
429 430 13 138
429 429 18 138
1023 1023 21 138
507 506 19 139
507 506 28 139
507 505 29 139
1023 1023 20 139
429 430 11 140
429 429 16 140
508 506 17 141
508 506 26 141
508 505 27 141
1023 1023 18 141
429 429 13 143
429 424 28 143
666 660 10 143
666 665 12 143
666 664 13 143
666 658 20 143
666 657 22 143
666 664 24 143
666 664 25 143
666 664 26 143
429 429 12 144
429 424 27 144
543 530 18 144
543 539 22 144
429 429 11 145
429 424 26 145
1023 1023 14 145
1023 1023 29 145
665 664 10 146
665 658 17 146
665 657 19 146
665 664 21 146
665 664 22 146
665 664 23 146
807 819 11 148
123 142 17 149
739 740 11 149
739 740 21 149
76 77 14 150
189 178 27 150
297 315 12 150
297 314 15 150
604 606 11 150
604 606 14 150
604 603 21 150
604 602 22 150
604 606 28 150
181 178 26 151
430 424 20 151
660 658 12 151
660 657 14 151
660 664 16 151
660 664 17 151
660 664 18 151
660 658 26 151
660 664 28 151
178 178 25 152
340 343 12 152
340 340 14 152
340 346 18 152
340 337 25 152
340 341 26 152
340 344 28 152
540 530 10 152
540 539 14 152
540 541 28 152
660 658 10 153
660 657 12 153
660 664 14 153
660 664 15 153
660 664 16 153
660 658 24 153
660 664 26 153
660 664 28 153
660 665 29 153
665 657 10 155
665 664 12 155
665 664 13 155
665 664 14 155
665 658 22 155
665 664 24 155
665 664 26 155
665 665 27 155
429 424 15 156
664 664 11 156
664 664 12 156
664 664 13 156
664 658 21 156
664 664 23 156
664 664 25 156
664 665 26 156
820 836 16 157
820 821 27 157
506 505 10 158
506 507 18 158
506 514 18 158
506 506 24 158
778 780 16 158
819 836 14 159
819 821 25 159
1023 1023 15 159
740 740 10 160
606 603 10 161
606 602 11 161
606 606 17 161
606 602 22 161
530 514 14 162
530 541 18 162
530 541 23 162
658 658 14 163
658 664 16 163
658 664 18 163
658 665 19 163
343 337 13 164
343 341 14 164
343 344 16 164
606 606 14 164
606 602 19 164
657 658 12 165
657 664 14 165
657 664 16 165
657 665 17 165
340 337 11 166
340 341 12 166
340 344 14 166
539 541 14 166
539 541 19 166
506 506 15 167
506 506 26 167
664 658 10 167
664 664 12 167
664 664 14 167
664 665 15 167
664 666 28 167
664 666 29 167
505 506 14 168
505 506 25 168
505 507 29 168
664 664 11 168
664 664 13 168
664 665 14 168
664 666 27 168
664 666 28 168
664 664 10 169
664 664 12 169
664 665 13 169
664 666 26 169
664 666 27 169
346 344 10 170
346 343 28 170
424 429 24 171
603 602 12 171
602 602 11 172
836 821 11 173
836 820 20 173
836 844 21 173
836 822 29 173
780 785 25 174
507 506 17 176
507 507 21 176
507 504 24 176
507 505 25 176
507 507 26 176
507 507 27 176
514 506 17 176
514 507 21 176
514 504 24 176
514 505 25 176
514 507 26 176
514 507 27 176
178 193 22 177
337 343 21 177
337 349 29 177
658 666 18 177
658 666 19 177
658 658 23 177
658 660 24 177
658 663 29 177
341 343 20 178
341 349 28 178
664 666 16 179
664 666 17 179
664 658 21 179
664 660 22 179
664 663 27 179
664 664 28 179
664 664 29 179
344 343 18 180
344 349 26 180
541 535 17 180
541 540 18 180
664 666 14 181
664 666 15 181
664 658 19 181
664 660 20 181
664 663 25 181
664 664 26 181
664 664 27 181
664 665 28 181
506 506 11 182
506 507 15 182
506 504 18 182
506 505 19 182
506 507 20 182
506 507 21 182
506 507 25 182
665 666 13 182
665 666 14 182
665 658 18 182
665 660 19 182
665 663 24 182
665 664 25 182
665 664 26 182
665 665 27 182
821 822 18 184
821 820 19 184
821 820 20 184
192 193 14 185
541 535 12 185
541 540 13 185
506 507 10 193
506 507 14 193
506 501 25 193
506 511 25 193
820 820 10 193
820 820 11 193
429 429 13 195
429 430 17 195
429 429 19 195
429 429 20 195
666 663 11 195
666 664 12 195
666 664 13 195
666 665 14 195
666 665 20 195
666 665 21 195
666 663 28 195
666 664 29 195
666 663 10 196
666 664 11 196
666 664 12 196
666 665 13 196
666 665 19 196
666 665 20 196
666 663 27 196
666 664 28 196
507 507 10 197
507 501 21 197
507 511 21 197
507 507 29 197
785 783 18 199
785 782 20 199
785 780 26 199
504 501 18 200
504 511 18 200
504 507 26 200
504 501 27 200
504 515 27 200
504 505 28 200
504 505 29 200
658 665 15 200
658 665 16 200
658 663 23 200
658 664 24 200
658 656 26 200
658 662 28 200
505 501 17 201
505 511 17 201
505 507 25 201
505 501 26 201
505 515 26 201
505 505 27 201
505 505 28 201
505 504 29 201
660 665 14 201
660 665 15 201
660 663 22 201
660 664 23 201
660 656 25 201
660 662 27 201
507 501 16 202
507 511 16 202
507 507 24 202
507 501 25 202
507 515 25 202
507 505 26 202
507 505 27 202
507 504 28 202
822 820 27 202
822 821 28 202
822 821 29 202
507 501 15 203
507 511 15 203
507 507 23 203
507 501 24 203
507 515 24 203
507 505 25 203
507 505 26 203
507 504 27 203
820 820 26 203
820 821 27 203
820 821 28 203
820 821 29 203
820 820 25 204
820 821 26 204
820 821 27 204
820 821 28 204
778 783 12 205
778 782 14 205
778 780 20 205
778 775 28 205
349 341 28 206
663 665 10 206
663 663 17 206
663 664 18 206
663 656 20 206
663 662 22 206
507 501 11 207
507 511 11 207
507 507 19 207
507 501 20 207
507 515 20 207
507 505 21 207
507 505 22 207
507 504 23 207
664 663 16 207
664 664 17 207
664 656 19 207
664 662 21 207
1023 1023 10 207
1023 1023 11 207
1023 1023 18 207
1023 1023 20 207
1023 1023 24 207
1023 1023 25 207
1023 1023 28 207
1023 1023 29 207
429 429 23 208
429 428 27 208
429 429 28 208
664 663 15 208
664 664 16 208
664 656 18 208
664 662 20 208
1023 1023 10 208
1023 1023 17 208
1023 1023 19 208
1023 1023 23 208
1023 1023 24 208
1023 1023 27 208
1023 1023 28 208
665 663 14 209
665 664 15 209
665 656 17 209
665 662 19 209
1023 1023 16 209
1023 1023 18 209
1023 1023 22 209
1023 1023 23 209
1023 1023 26 209
1023 1023 27 209
1023 1023 15 210
1023 1023 17 210
1023 1023 21 210
1023 1023 22 210
1023 1023 25 210
1023 1023 26 210
1023 1023 29 210
901 900 29 211
1023 1023 14 211
1023 1023 16 211
1023 1023 20 211
1023 1023 21 211
1023 1023 24 211
1023 1023 25 211
1023 1023 28 211
430 429 19 212
430 428 23 212
430 429 24 212
900 900 28 212
900 900 27 213
429 429 17 214
429 428 21 214
429 429 22 214
429 429 29 214
899 900 26 214
429 429 16 215
429 428 20 215
429 429 21 215
429 429 28 215
665 656 11 215
665 662 13 215
665 661 26 215
665 663 27 215
665 656 10 216
665 662 12 216
665 661 25 216
665 663 26 216
783 775 16 217
1023 1023 10 217
1023 1023 14 217
1023 1023 15 217
1023 1023 18 217
1023 1023 19 217
1023 1023 22 217
501 505 10 218
501 505 11 218
501 504 12 218
501 506 19 218
501 506 21 218
501 504 22 218
511 505 10 218
511 505 11 218
511 504 12 218
511 506 19 218
511 506 21 218
511 504 22 218
1023 1023 13 218
1023 1023 14 218
1023 1023 17 218
1023 1023 18 218
1023 1023 21 218
782 775 14 219
741 739 15 220
741 739 16 220
741 751 18 220
741 737 24 220
741 738 25 220
663 661 18 223
663 663 19 223
664 661 17 224
664 663 18 224
1023 1023 10 225
1023 1023 11 225
1023 1023 14 225
507 506 11 226
507 506 13 226
507 504 14 226
656 661 15 226
656 663 16 226
16 32 13 227
52 32 13 227
52 47 14 227
52 42 15 227
501 506 10 227
501 506 12 227
501 504 13 227
515 506 10 227
515 506 12 227
515 504 13 227
1023 1023 12 227
505 506 11 228
505 504 12 228
662 661 13 228
662 663 14 228
505 506 10 229
505 504 11 229
820 821 10 229
820 819 14 229
504 504 10 230
821 819 13 230
429 429 12 231
821 819 12 231
821 819 11 232
739 738 10 235
1023 1023 29 235
1023 1023 28 236
821 821 29 239
1023 1023 25 239
1023 1023 28 239
661 664 28 241
663 664 27 242
819 821 25 243
592 583 21 365
660 664 10 366
660 663 19 366
660 663 21 366
665 663 18 367
665 663 20 367
664 663 11 374
664 663 13 374
663 663 10 375
663 663 12 375
664 663 11 376
663 667 18 488
663 665 21 488
663 665 22 488
663 665 23 488
662 667 17 489
662 665 20 489
662 665 21 489
662 665 22 489
821 821 24 490
1023 1023 10 490
1023 1023 11 490
1023 1023 14 490
1023 1023 16 490
1023 1023 17 490
1023 1023 18 490
1023 1023 21 490
1023 1023 24 490
1023 1023 28 490
978 977 24 491
978 977 25 491
978 980 28 491
977 977 23 492
977 977 24 492
977 980 27 492
1023 1023 12 492
1023 1023 14 492
1023 1023 15 492
1023 1023 16 492
1023 1023 19 492
1023 1023 22 492
1023 1023 26 492
1023 1023 29 492
978 977 22 493
978 977 23 493
978 980 26 493
1023 1023 11 493
1023 1023 13 493
1023 1023 14 493
1023 1023 15 493
1023 1023 18 493
1023 1023 21 493
1023 1023 25 493
1023 1023 28 493
978 977 21 494
978 977 22 494
978 980 25 494
901 901 10 495
901 900 12 495
901 901 13 495
901 901 17 495
901 902 18 495
901 901 22 495
901 900 25 495
901 901 26 495
901 900 27 495
901 900 28 495
901 900 29 495
901 900 11 496
901 901 12 496
901 901 16 496
901 902 17 496
901 901 21 496
901 900 24 496
901 901 25 496
901 900 26 496
901 900 27 496
901 900 28 496
980 977 18 497
980 977 19 497
980 980 22 497
1023 1023 10 497
1023 1023 11 497
1023 1023 14 497
1023 1023 17 497
1023 1023 21 497
1023 1023 24 497
1023 1023 28 497
901 901 10 498
901 901 14 498
901 902 15 498
901 901 19 498
901 900 22 498
901 901 23 498
901 900 24 498
901 900 25 498
901 900 26 498
901 900 28 498
429 429 14 499
429 429 20 499
429 428 21 499
429 429 27 499
429 429 28 499
979 977 16 499
979 977 17 499
979 980 20 499
979 980 28 499
506 507 10 500
506 506 11 500
506 507 12 500
506 506 14 500
506 507 15 500
506 507 16 500
506 507 17 500
506 506 18 500
506 506 21 500
506 505 22 500
506 507 23 500
506 507 24 500
506 506 25 500
506 507 28 500
901 901 12 500
901 902 13 500
901 901 17 500
901 900 20 500
901 901 21 500
901 900 22 500
901 900 23 500
901 900 24 500
901 900 26 500
901 901 28 500
901 900 29 500
1023 1023 11 500
1023 1023 14 500
1023 1023 18 500
1023 1023 21 500
1023 1023 25 500
1023 1023 28 500
1023 1023 29 500
429 429 12 501
429 429 18 501
429 428 19 501
429 429 25 501
429 429 26 501
900 901 11 501
900 902 12 501
900 901 16 501
900 900 19 501
900 901 20 501
900 900 21 501
900 900 22 501
900 900 23 501
900 900 25 501
900 901 27 501
900 900 28 501
900 901 29 501
1023 1023 10 501
1023 1023 13 501
1023 1023 17 501
1023 1023 20 501
1023 1023 24 501
1023 1023 27 501
1023 1023 28 501
900 901 10 502
900 902 11 502
900 901 15 502
900 900 18 502
900 901 19 502
900 900 20 502
900 900 21 502
900 900 22 502
900 900 24 502
900 901 26 502
900 900 27 502
900 901 28 502
900 901 29 502
194 191 14 503
194 191 21 503
194 192 23 503
507 506 11 503
507 507 12 503
507 507 13 503
507 507 14 503
507 506 15 503
507 506 18 503
507 505 19 503
507 507 20 503
507 507 21 503
507 506 22 503
507 507 25 503
507 507 28 503
507 507 29 503
900 902 10 503
900 901 14 503
900 900 17 503
900 901 18 503
900 900 19 503
900 900 20 503
900 900 21 503
900 900 23 503
900 901 25 503
900 900 26 503
900 901 27 503
900 901 28 503
507 506 10 504
507 507 11 504
507 507 12 504
507 507 13 504
507 506 14 504
507 506 17 504
507 505 18 504
507 507 19 504
507 507 20 504
507 506 21 504
507 507 24 504
507 507 27 504
507 507 28 504
900 901 13 504
900 900 16 504
900 901 17 504
900 900 18 504
900 900 19 504
900 900 20 504
900 900 22 504
900 901 24 504
900 900 25 504
900 901 26 504
900 901 27 504
900 900 29 504
1023 1023 10 504
1023 1023 14 504
1023 1023 17 504
1023 1023 21 504
1023 1023 24 504
1023 1023 25 504
1023 1023 28 504
429 429 14 505
429 428 15 505
429 429 21 505
429 429 22 505
429 429 28 505
429 429 29 505
901 901 12 505
901 900 15 505
901 901 16 505
901 900 17 505
901 900 18 505
901 900 19 505
901 900 21 505
901 901 23 505
901 900 24 505
901 901 25 505
901 901 26 505
901 900 28 505
428 429 13 506
428 428 14 506
428 429 20 506
428 429 21 506
428 429 27 506
428 429 28 506
667 665 28 506
1023 1023 12 506
1023 1023 15 506
1023 1023 19 506
1023 1023 22 506
1023 1023 23 506
1023 1023 26 506
1023 1023 29 506
506 507 10 507
506 506 11 507
506 506 14 507
506 505 15 507
506 507 16 507
506 507 17 507
506 506 18 507
506 507 21 507
506 507 24 507
506 507 25 507
506 507 28 507
506 506 29 507
900 901 10 507
900 900 13 507
900 901 14 507
900 900 15 507
900 900 16 507
900 900 17 507
900 900 19 507
900 901 21 507
900 900 22 507
900 901 23 507
900 901 24 507
900 900 26 507
900 901 28 507
900 901 29 507
1023 1023 11 507
1023 1023 14 507
1023 1023 18 507
1023 1023 21 507
1023 1023 22 507
1023 1023 25 507
1023 1023 28 507
195 191 16 508
195 192 18 508
195 191 27 508
506 506 10 508
506 506 13 508
506 505 14 508
506 507 15 508
506 507 16 508
506 506 17 508
506 507 20 508
506 507 23 508
506 507 24 508
506 507 27 508
506 506 28 508
901 900 12 508
901 901 13 508
901 900 14 508
901 900 15 508
901 900 16 508
901 900 18 508
901 901 20 508
901 900 21 508
901 901 22 508
901 901 23 508
901 900 25 508
901 901 27 508
901 901 28 508
901 901 29 508
1023 1023 10 508
1023 1023 13 508
1023 1023 17 508
1023 1023 20 508
1023 1023 21 508
1023 1023 24 508
1023 1023 27 508
244 244 20 509
244 244 21 509
244 244 22 509
244 244 27 509
507 506 12 509
507 505 13 509
507 507 14 509
507 507 15 509
507 506 16 509
507 507 19 509
507 507 22 509
507 507 23 509
507 507 26 509
507 506 27 509
507 507 29 509
665 665 25 509
507 506 11 510
507 505 12 510
507 507 13 510
507 507 14 510
507 506 15 510
507 507 18 510
507 507 21 510
507 507 22 510
507 507 25 510
507 506 26 510
507 507 28 510
507 506 29 510
665 665 24 510
506 506 10 511
506 505 11 511
506 507 12 511
506 507 13 511
506 506 14 511
506 507 17 511
506 507 20 511
506 507 21 511
506 507 24 511
506 506 25 511
506 507 27 511
506 506 28 511
665 665 23 511
1023 1023 10 511
1023 1023 14 511
1023 1023 17 511
1023 1023 18 511
1023 1023 21 511
1023 1023 24 511
1023 1023 28 511
507 505 10 512
507 507 11 512
507 507 12 512
507 506 13 512
507 507 16 512
507 507 19 512
507 507 20 512
507 507 23 512
507 506 24 512
507 507 26 512
507 506 27 512
507 506 29 512
901 900 10 512
901 900 11 512
901 900 12 512
901 900 14 512
901 901 16 512
901 900 17 512
901 901 18 512
901 901 19 512
901 900 21 512
901 901 23 512
901 901 24 512
901 901 25 512
901 902 26 512
901 900 28 512
901 900 29 512
429 429 13 513
429 429 14 513
429 429 20 513
429 429 21 513
429 429 27 513
902 900 10 513
902 900 11 513
902 900 13 513
902 901 15 513
902 900 16 513
902 901 17 513
902 901 18 513
902 900 20 513
902 901 22 513
902 901 23 513
902 901 24 513
902 902 25 513
902 900 27 513
902 900 28 513
902 900 29 513
506 507 10 514
506 506 11 514
506 507 14 514
506 507 17 514
506 507 18 514
506 507 21 514
506 506 22 514
506 507 24 514
506 506 25 514
506 506 27 514
506 507 28 514
1023 1023 11 514
1023 1023 14 514
1023 1023 15 514
1023 1023 18 514
1023 1023 21 514
1023 1023 25 514
507 506 10 515
507 507 13 515
507 507 16 515
507 507 17 515
507 507 20 515
507 506 21 515
507 507 23 515
507 506 24 515
507 506 26 515
507 507 27 515
977 980 12 515
977 980 24 515
507 507 12 516
507 507 15 516
507 507 16 516
507 507 19 516
507 506 20 516
507 507 22 516
507 506 23 516
507 506 25 516
507 507 26 516
977 980 11 516
977 980 23 516
191 191 18 517
191 192 21 517
191 192 23 517
191 192 28 517
507 507 11 517
507 507 14 517
507 507 15 517
507 507 18 517
507 506 19 517
507 507 21 517
507 506 22 517
507 506 24 517
507 507 25 517
901 901 11 517
901 900 12 517
901 901 13 517
901 901 14 517
901 900 16 517
901 901 18 517
901 901 19 517
901 901 20 517
901 902 21 517
901 900 23 517
901 900 24 517
901 900 25 517
901 901 26 517
901 900 27 517
901 901 28 517
901 901 29 517
74 75 14 518
74 72 16 518
74 74 21 518
506 507 10 518
506 507 13 518
506 507 14 518
506 507 17 518
506 506 18 518
506 507 20 518
506 506 21 518
506 506 23 518
506 507 24 518
1023 1023 10 518
1023 1023 11 518
1023 1023 14 518
1023 1023 17 518
1023 1023 21 518
429 429 14 519
429 429 15 519
429 429 21 519
980 980 20 519
980 980 28 519
980 980 29 519
428 429 13 520
428 429 14 520
428 429 20 520
900 901 10 520
900 901 11 520
900 900 13 520
900 901 15 520
900 901 16 520
900 901 17 520
900 902 18 520
900 900 20 520
900 900 21 520
900 900 22 520
900 901 23 520
900 900 24 520
900 901 25 520
900 901 26 520
900 901 29 520
506 507 10 521
506 507 11 521
506 507 14 521
506 506 15 521
506 507 17 521
506 506 18 521
506 506 20 521
506 507 21 521
901 901 10 521
901 900 12 521
901 901 14 521
901 901 15 521
901 901 16 521
901 902 17 521
901 900 19 521
901 900 20 521
901 900 21 521
901 901 22 521
901 900 23 521
901 901 24 521
901 901 25 521
901 901 28 521
901 901 29 521
1023 1023 11 521
1023 1023 14 521
1023 1023 18 521
505 507 10 522
505 507 13 522
505 506 14 522
505 507 16 522
505 506 17 522
505 506 19 522
505 507 20 522
900 900 11 522
900 901 13 522
900 901 14 522
900 901 15 522
900 902 16 522
900 900 18 522
900 900 19 522
900 900 20 522
900 901 21 522
900 900 22 522
900 901 23 522
900 901 24 522
900 901 27 522
900 901 28 522
900 902 29 522
507 507 12 523
507 506 13 523
507 507 15 523
507 506 16 523
507 506 18 523
507 507 19 523
900 900 10 523
900 901 12 523
900 901 13 523
900 901 14 523
900 902 15 523
900 900 17 523
900 900 18 523
900 900 19 523
900 901 20 523
900 900 21 523
900 901 22 523
900 901 23 523
900 901 26 523
900 901 27 523
900 902 28 523
900 902 29 523
191 191 11 524
191 192 14 524
191 192 16 524
191 192 21 524
191 192 24 524
191 195 25 524
191 193 29 524
507 507 11 524
507 506 12 524
507 507 14 524
507 506 15 524
507 506 17 524
507 507 18 524
900 901 11 524
900 901 12 524
900 901 13 524
900 902 14 524
900 900 16 524
900 900 17 524
900 900 18 524
900 901 19 524
900 900 20 524
900 901 21 524
900 901 22 524
900 901 25 524
900 901 26 524
900 902 27 524
900 902 28 524
506 507 10 525
506 506 11 525
506 507 13 525
506 506 14 525
506 506 16 525
506 507 17 525
1023 1023 10 525
1023 1023 14 525
192 192 12 526
192 192 14 526
192 192 19 526
192 192 22 526
192 195 23 526
192 193 27 526
429 429 14 526
900 901 10 526
900 901 11 526
900 902 12 526
900 900 14 526
900 900 15 526
900 900 16 526
900 901 17 526
900 900 18 526
900 901 19 526
900 901 20 526
900 901 23 526
900 901 24 526
900 902 25 526
900 902 26 526
900 901 28 526
900 901 29 526
73 74 12 527
429 429 13 527
980 980 12 527
980 980 20 527
980 980 21 527
980 980 26 527
507 507 10 528
507 506 11 528
507 506 13 528
507 507 14 528
901 902 10 528
901 900 12 528
901 900 13 528
901 900 14 528
901 901 15 528
901 900 16 528
901 901 17 528
901 901 18 528
901 901 21 528
901 901 22 528
901 902 23 528
901 902 24 528
901 901 26 528
901 901 27 528
1023 1023 11 528
900 900 11 529
900 900 12 529
900 900 13 529
900 901 14 529
900 900 15 529
900 901 16 529
900 901 17 529
900 901 20 529
900 901 21 529
900 902 22 529
900 902 23 529
900 901 25 529
900 901 26 529
1023 1023 10 529
901 900 10 530
901 900 11 530
901 900 12 530
901 901 13 530
901 900 14 530
901 901 15 530
901 901 16 530
901 901 19 530
901 901 20 530
901 902 21 530
901 902 22 530
901 901 24 530
901 901 25 530
507 506 10 531
507 507 11 531
901 900 10 531
901 900 11 531
901 901 12 531
901 900 13 531
901 901 14 531
901 901 15 531
901 901 18 531
901 901 19 531
901 902 20 531
901 902 21 531
901 901 23 531
901 901 24 531
507 507 10 532
900 901 10 533
900 900 11 533
900 901 12 533
900 901 13 533
900 901 16 533
900 901 17 533
900 902 18 533
900 902 19 533
900 901 21 533
900 901 22 533
665 665 22 534
191 192 10 535
191 192 13 535
191 195 14 535
191 193 18 535
901 901 10 535
901 901 11 535
901 901 14 535
901 901 15 535
901 902 16 535
901 902 17 535
901 901 19 535
901 901 20 535
901 901 10 536
901 901 13 536
901 901 14 536
901 902 15 536
901 902 16 536
901 901 18 536
901 901 19 536
901 901 12 537
901 901 13 537
901 902 14 537
901 902 15 537
901 901 17 537
901 901 18 537
192 192 10 538
192 195 11 538
192 193 15 538
902 901 11 538
902 901 12 538
902 902 13 538
902 902 14 538
902 901 16 538
902 901 17 538
980 980 14 539
192 193 13 540
900 901 10 540
900 902 11 540
900 902 12 540
900 901 14 540
900 901 15 540
900 902 10 541
900 902 11 541
900 901 13 541
900 901 14 541
900 902 10 542
900 901 12 542
900 901 13 542
901 901 11 543
901 901 12 543
900 901 10 544
900 901 11 544
901 901 10 545
