32 43 10 0
32 8 12 0
32 55 14 0
32 4 16 0
32 61 16 0
32 9 17 0
32 4 18 0
32 7 18 0
32 30 18 0
32 47 18 0
32 23 19 0
32 32 19 0
32 26 20 0
32 44 20 0
32 45 26 0
32 6 28 0
32 2 29 0
32 3 29 0
32 40 29 0
32 38 31 0
32 21 33 0
32 61 33 0
32 17 35 0
32 36 35 0
32 48 36 0
32 36 41 0
32 49 44 0
260 243 12 0
260 287 13 0
260 263 14 0
260 261 15 0
260 269 16 0
260 239 19 0
260 246 20 0
260 257 22 0
260 256 24 0
260 284 25 0
260 270 26 0
260 255 29 0
260 254 35 0
260 268 49 0
511 500 12 0
511 498 28 0
143 136 12 1
143 119 13 1
143 163 14 1
143 139 15 1
143 153 17 1
143 172 20 1
143 171 21 1
143 154 28 1
143 138 29 1
143 133 30 1
143 129 31 1
143 127 35 1
143 133 37 1
143 116 41 1
143 164 47 1
143 165 48 1
143 166 49 1
302 311 10 1
302 287 12 1
302 305 16 1
302 321 18 1
302 284 24 1
302 298 31 1
196 202 12 2
196 172 19 2
196 171 20 2
196 194 40 2
196 212 42 2
196 177 45 2
196 166 48 2
299 287 11 2
299 269 14 2
299 305 15 2
299 321 17 2
299 284 23 2
299 270 24 2
299 298 30 2
28 55 11 3
28 4 13 3
28 9 14 3
28 1 15 3
28 4 15 3
28 7 15 3
28 30 15 3
28 47 15 3
28 23 16 3
28 32 16 3
28 26 17 3
28 44 17 3
28 45 23 3
28 6 25 3
28 2 26 3
28 3 26 3
28 40 26 3
28 0 28 3
28 38 28 3
28 21 30 3
28 17 32 3
28 36 32 3
28 48 33 3
28 36 38 3
28 49 41 3
31 55 11 3
31 4 13 3
31 9 14 3
31 1 15 3
31 4 15 3
31 7 15 3
31 30 15 3
31 47 15 3
31 23 16 3
31 32 16 3
31 26 17 3
31 44 17 3
31 45 23 3
31 6 25 3
31 2 26 3
31 3 26 3
31 40 26 3
31 38 28 3
31 21 30 3
31 17 32 3
31 36 32 3
31 48 33 3
31 36 38 3
31 49 41 3
103 119 11 3
103 82 13 3
103 99 15 3
103 81 18 3
103 84 21 3
103 103 26 3
103 129 29 3
103 109 33 3
103 127 33 3
103 112 38 3
103 116 39 3
103 96 40 3
103 79 44 3
103 107 45 3
199 202 11 3
199 172 18 3
199 171 19 3
199 226 36 3
199 194 39 3
199 212 41 3
199 177 44 3
322 305 14 3
322 321 16 3
322 350 27 3
322 298 29 3
322 332 32 3
322 343 35 3
322 344 39 3
322 335 40 3
164 163 11 4
164 139 12 4
164 153 14 4
164 172 17 4
164 171 18 4
164 154 25 4
164 138 26 4
164 177 43 4
164 164 44 4
164 165 45 4
164 166 46 4
466 478 35 4
466 461 44 4
72 65 10 5
72 61 11 5
72 82 11 5
72 47 13 5
72 99 13 5
72 44 15 5
72 81 16 5
72 66 17 5
72 84 19 5
72 45 21 5
72 69 21 5
72 68 25 5
72 61 28 5
72 63 30 5
72 48 31 5
72 96 38 5
72 49 39 5
72 79 42 5
72 70 44 5
72 64 45 5
198 172 16 5
198 171 17 5
198 226 34 5
198 194 37 5
198 212 39 5
198 177 42 5
259 261 10 5
259 269 11 5
259 239 14 5
259 246 15 5
259 257 17 5
259 256 19 5
259 284 20 5
259 270 21 5
259 255 24 5
259 254 30 5
259 268 44 5
96 82 10 6
96 99 12 6
96 81 15 6
96 66 16 6
96 84 18 6
96 69 20 6
96 103 23 6
96 68 24 6
96 109 30 6
96 112 35 6
96 116 36 6
96 96 37 6
96 79 41 6
96 107 42 6
96 70 43 6
191 172 15 6
191 171 16 6
191 194 36 6
191 212 38 6
191 177 41 6
191 164 42 6
191 165 43 6
191 166 44 6
459 430 21 6
459 478 33 6
459 461 42 6
5 9 10 7
5 1 11 7
5 4 11 7
5 7 11 7
5 30 11 7
5 23 12 7
5 32 12 7
5 26 13 7
5 6 21 7
5 2 22 7
5 3 22 7
5 0 24 7
5 21 26 7
5 17 28 7
15 9 10 7
15 1 11 7
15 4 11 7
15 7 11 7
15 30 11 7
15 23 12 7
15 32 12 7
15 26 13 7
15 44 13 7
15 6 21 7
15 2 22 7
15 3 22 7
15 40 22 7
15 0 24 7
15 38 24 7
15 21 26 7
15 17 28 7
15 36 28 7
15 36 34 7
104 99 11 7
104 81 14 7
104 84 17 7
104 103 22 7
104 133 24 7
104 129 25 7
104 109 29 7
104 127 29 7
104 133 31 7
104 112 34 7
104 116 35 7
104 96 36 7
104 79 40 7
104 107 41 7
245 239 12 7
245 246 13 7
245 257 15 7
245 256 17 7
245 270 19 7
245 255 22 7
245 254 28 7
245 226 32 7
245 268 42 7
262 239 12 7
262 246 13 7
262 257 15 7
262 256 17 7
262 284 18 7
262 270 19 7
262 255 22 7
262 254 28 7
262 268 42 7
511 498 21 7
506 498 20 8
506 478 31 8
18 23 10 9
18 32 10 9
18 26 11 9
18 44 11 9
18 45 17 9
18 6 19 9
18 2 20 9
18 3 20 9
18 40 20 9
18 0 22 9
18 38 22 9
18 21 24 9
18 17 26 9
18 36 26 9
18 36 32 9
62 32 10 9
62 44 11 9
62 81 12 9
62 66 13 9
62 84 15 9
62 45 17 9
62 69 17 9
62 40 20 9
62 68 21 9
62 38 22 9
62 61 24 9
62 36 26 9
62 63 26 9
62 48 27 9
62 36 32 9
62 49 35 9
62 79 38 9
62 70 40 9
62 64 41 9
67 44 11 9
67 81 12 9
67 66 13 9
67 84 15 9
67 45 17 9
67 69 17 9
67 40 20 9
67 68 21 9
67 38 22 9
67 61 24 9
67 63 26 9
67 48 27 9
67 96 34 9
67 49 35 9
67 79 38 9
67 70 40 9
67 64 41 9
169 172 12 9
169 171 13 9
169 154 20 9
169 194 33 9
169 177 38 9
169 164 39 9
169 165 40 9
169 166 41 9
407 430 18 9
407 395 22 9
407 384 24 9
407 423 25 9
407 416 27 9
407 427 28 9
407 393 31 9
407 397 32 9
407 409 35 9
407 399 36 9
407 377 37 9
43 26 10 10
43 44 10 10
43 66 12 10
43 45 16 10
43 69 16 10
43 40 19 10
43 68 20 10
43 38 21 10
43 21 23 10
43 61 23 10
43 17 25 10
43 36 25 10
43 63 25 10
43 48 26 10
43 36 31 10
43 49 34 10
43 70 39 10
43 64 40 10
102 81 11 10
102 84 14 10
102 103 19 10
102 129 22 10
102 109 26 10
102 127 26 10
102 112 31 10
102 116 32 10
102 96 33 10
102 79 37 10
102 107 38 10
341 362 10 10
341 363 13 10
341 350 20 10
341 332 25 10
341 343 28 10
341 344 32 10
341 335 33 10
341 368 40 10
217 226 28 11
217 194 31 11
217 212 33 11
311 284 14 11
311 298 21 11
311 332 24 11
311 335 32 11
0 6 16 12
0 2 17 12
0 3 17 12
0 0 19 12
0 21 21 12
0 17 23 12
8 6 16 12
8 2 17 12
8 3 17 12
8 0 19 12
8 21 21 12
8 17 23 12
8 36 23 12
8 36 29 12
243 257 10 12
243 256 12 12
243 270 14 12
243 255 17 12
243 254 23 12
243 226 27 12
243 268 37 12
500 498 16 12
500 478 27 12
136 154 16 13
136 138 17 13
136 133 18 13
136 129 19 13
136 109 23 13
136 127 23 13
136 133 25 13
136 112 28 13
136 116 29 13
136 107 35 13
136 164 35 13
136 165 36 13
287 284 12 13
287 270 13 13
287 298 19 13
287 268 36 13
55 84 10 14
55 45 12 14
55 69 12 14
55 40 15 14
55 68 16 14
55 38 17 14
55 61 19 14
55 36 21 14
55 63 21 14
55 48 22 14
55 36 27 14
55 49 30 14
55 79 33 14
55 70 35 14
55 64 36 14
119 103 15 14
119 138 16 14
119 133 17 14
119 129 18 14
119 109 22 14
119 127 22 14
119 133 24 14
119 112 27 14
119 116 28 14
119 96 29 14
119 107 34 14
202 226 25 14
202 194 28 14
202 212 30 14
202 177 33 14
263 256 10 14
263 284 11 14
263 270 12 14
263 255 15 14
263 254 21 14
263 268 35 14
65 45 11 15
65 69 11 15
65 40 14 15
65 68 15 15
65 38 16 15
65 61 18 15
65 36 20 15
65 63 20 15
65 48 21 15
65 36 26 15
65 49 29 15
65 79 32 15
65 70 34 15
65 64 35 15
163 154 14 15
163 138 15 15
163 133 16 15
163 133 23 15
163 177 32 15
163 164 33 15
163 165 34 15
163 166 35 15
261 284 10 15
261 270 11 15
261 255 14 15
261 254 20 15
261 268 34 15
4 6 12 16
4 2 13 16
4 3 13 16
4 0 15 16
4 21 17 16
4 17 19 16
61 45 10 16
61 69 10 16
61 40 13 16
61 68 14 16
61 38 15 16
61 61 17 16
61 36 19 16
61 63 19 16
61 48 20 16
61 36 25 16
61 49 28 16
61 79 31 16
61 70 33 16
61 64 34 16
82 69 10 16
82 103 13 16
82 68 14 16
82 61 17 16
82 63 19 16
82 109 20 16
82 96 27 16
82 79 31 16
82 107 32 16
82 70 33 16
82 64 34 16
139 154 13 16
139 138 14 16
139 133 15 16
139 129 16 16
139 109 20 16
139 127 20 16
139 133 22 16
139 112 25 16
139 116 26 16
139 164 32 16
139 165 33 16
139 166 34 16
269 270 10 16
269 255 13 16
269 298 16 16
269 254 19 16
269 268 33 16
9 6 11 17
9 2 12 17
9 3 12 17
9 0 14 17
9 38 14 17
9 21 16 17
9 17 18 17
9 36 18 17
9 36 24 17
305 298 15 17
305 332 18 17
1 6 10 18
1 2 11 18
1 3 11 18
1 0 13 18
1 21 15 18
1 17 17 18
4 6 10 18
4 2 11 18
4 3 11 18
4 0 13 18
4 21 15 18
4 17 17 18
7 6 10 18
7 2 11 18
7 3 11 18
7 0 13 18
7 21 15 18
7 17 17 18
7 36 17 18
7 36 23 18
30 6 10 18
30 2 11 18
30 3 11 18
30 40 11 18
30 0 13 18
30 38 13 18
30 21 15 18
30 17 17 18
30 36 17 18
30 48 18 18
30 36 23 18
30 49 26 18
47 40 11 18
47 68 12 18
47 38 13 18
47 21 15 18
47 61 15 18
47 17 17 18
47 36 17 18
47 63 17 18
47 48 18 18
47 36 23 18
47 49 26 18
47 70 31 18
47 64 32 18
99 103 11 18
99 109 18 18
99 127 18 18
99 112 23 18
99 116 24 18
99 96 25 18
99 79 29 18
99 107 30 18
99 70 31 18
153 154 11 18
153 138 12 18
153 133 13 18
153 129 14 18
153 127 18 18
153 133 20 18
153 177 29 18
153 164 30 18
153 165 31 18
153 166 32 18
23 2 10 19
23 3 10 19
23 40 10 19
23 0 12 19
23 38 12 19
23 21 14 19
23 17 16 19
23 36 16 19
23 48 17 19
23 36 22 19
23 49 25 19
32 2 10 19
32 3 10 19
32 40 10 19
32 38 12 19
32 21 14 19
32 61 14 19
32 17 16 19
32 36 16 19
32 48 17 19
32 36 22 19
32 49 25 19
239 255 10 19
239 254 16 19
239 226 20 19
239 212 25 19
239 268 30 19
321 350 11 19
321 298 13 19
321 332 16 19
321 343 19 19
321 344 23 19
321 335 24 19
26 0 11 20
26 38 11 20
26 21 13 20
26 17 15 20
26 36 15 20
26 48 16 20
26 36 21 20
26 49 24 20
44 68 10 20
44 38 11 20
44 21 13 20
44 61 13 20
44 17 15 20
44 36 15 20
44 63 15 20
44 48 16 20
44 36 21 20
44 49 24 20
44 70 29 20
44 64 30 20
246 254 15 20
246 226 19 20
246 268 29 20
362 350 10 20
362 384 13 20
362 332 15 20
362 343 18 20
362 344 22 20
362 335 23 20
362 377 26 20
362 371 27 20
362 368 30 20
81 61 12 21
81 63 14 21
81 109 15 21
81 96 22 21
81 79 26 21
81 107 27 21
81 70 28 21
81 64 29 21
172 194 21 21
172 177 26 21
172 164 27 21
172 165 28 21
172 166 29 21
374 395 10 21
374 384 12 21
374 393 19 21
374 397 20 21
374 344 21 21
374 399 24 21
374 377 25 21
374 371 26 21
374 368 29 21
66 61 11 22
66 36 13 22
66 63 13 22
66 48 14 22
66 36 19 22
66 49 22 22
66 79 25 22
66 70 27 22
66 64 28 22
171 194 20 22
171 177 25 22
171 164 26 22
171 165 27 22
171 166 28 22
257 254 13 22
257 268 27 22
363 384 10 23
363 343 15 23
363 344 19 23
363 335 20 23
363 377 23 23
363 371 24 23
363 368 27 23
84 63 11 24
84 109 12 24
84 112 17 24
84 96 19 24
84 79 23 24
84 107 24 24
84 70 25 24
84 64 26 24
256 254 11 24
256 226 15 24
256 268 25 24
284 254 10 25
284 268 24 25
45 48 10 26
45 36 15 26
45 49 18 26
45 70 23 26
45 64 24 26
69 48 10 26
69 96 17 26
69 49 18 26
69 79 21 26
69 70 23 26
69 64 24 26
270 268 23 26
430 427 10 27
430 409 17 27
498 478 11 28
40 36 12 29
40 49 15 29
40 64 21 29
103 112 12 29
103 116 13 29
103 96 14 29
103 79 18 29
103 107 19 29
154 177 18 29
154 164 19 29
154 165 20 29
154 166 21 29
255 226 10 29
255 268 20 29
68 96 13 30
68 49 14 30
68 79 17 30
68 70 19 30
68 64 20 30
138 112 11 30
138 116 12 30
138 164 18 30
138 165 19 30
138 166 20 30
350 344 12 30
350 335 13 30
350 377 16 30
350 371 17 30
350 368 20 30
38 36 10 31
38 49 13 31
38 64 19 31
133 112 10 31
133 116 11 31
133 107 17 31
395 397 10 31
395 409 13 31
395 399 14 31
395 377 15 31
395 371 16 31
395 368 19 31
129 116 10 32
129 107 16 32
298 268 17 32
21 49 11 33
61 49 11 33
61 79 14 33
61 70 16 33
61 64 17 33
384 409 11 33
384 399 12 33
384 377 13 33
384 371 14 33
384 368 17 33
423 409 10 34
423 399 11 34
36 64 15 35
63 79 12 35
63 70 14 35
63 64 15 35
254 268 14 35
48 70 13 36
48 64 14 36
109 79 11 36
109 107 12 36
127 107 12 36
133 107 10 38
343 368 12 38
393 368 10 40
