323 323 7 1
323 316 11 1
323 324 31 1
323 340 46 1
323 336 47 1
323 324 48 1
323 319 53 1
166 180 13 2
166 180 16 2
166 179 22 2
166 169 30 2
451 449 20 2
565 562 15 2
565 550 21 2
565 551 22 2
565 580 37 2
565 551 42 2
565 550 43 2
565 559 44 2
565 554 45 2
565 579 51 2
166 180 12 3
166 180 15 3
166 179 21 3
166 169 29 3
415 408 20 3
415 405 30 3
565 562 14 3
565 550 20 3
565 551 21 3
565 580 36 3
565 551 41 3
565 550 42 3
565 559 43 3
565 554 44 3
565 579 50 3
432 449 18 4
619 608 7 4
619 627 8 4
619 608 12 4
619 603 14 4
619 627 18 4
619 617 25 4
619 618 26 4
619 625 29 4
619 613 30 4
619 627 39 4
619 638 50 4
432 449 17 5
528 508 12 5
528 516 21 5
528 528 22 5
528 522 26 5
528 508 30 5
528 512 30 5
430 449 16 6
522 508 11 6
522 516 20 6
522 528 21 6
522 522 25 6
522 508 29 6
522 512 29 6
430 449 15 7
522 508 10 7
522 516 19 7
522 528 20 7
522 522 24 7
522 508 28 7
522 512 28 7
323 324 24 8
323 340 39 8
323 336 40 8
323 324 41 8
323 319 46 8
323 325 52 8
614 608 8 8
614 603 10 8
614 627 14 8
614 617 21 8
614 618 22 8
614 625 25 8
614 613 26 8
614 594 30 8
614 627 35 8
614 614 52 8
61 49 21 10
61 71 39 10
61 42 43 10
61 42 44 10
61 45 49 10
29 38 22 11
29 22 23 11
29 31 23 11
29 9 39 11
29 42 42 11
29 42 43 11
29 10 48 11
29 23 48 11
29 45 48 11
29 9 53 11
29 21 53 11
29 36 53 11
29 9 54 11
29 27 54 11
31 49 20 11
31 38 22 11
31 22 23 11
31 31 23 11
31 42 42 11
31 42 43 11
31 23 48 11
31 45 48 11
31 21 53 11
31 36 53 11
31 27 54 11
202 190 5 11
202 190 6 11
202 211 28 11
380 394 7 11
380 370 13 11
380 363 30 11
380 381 32 11
380 394 42 11
380 368 48 11
608 608 5 11
608 603 7 11
608 627 11 11
608 617 18 11
608 618 19 11
608 591 21 11
608 625 22 11
608 613 23 11
608 594 27 11
608 590 29 11
608 593 30 11
608 627 32 11
608 614 49 11
316 324 20 12
316 324 37 12
316 319 42 12
316 325 48 12
316 325 52 12
316 307 53 12
316 308 54 12
627 627 10 12
627 639 16 12
627 617 17 12
627 618 18 12
627 625 21 12
627 613 22 12
627 627 31 12
627 638 42 12
627 638 47 12
627 614 48 12
627 635 52 12
627 634 53 12
627 634 54 12
180 179 9 15
180 169 17 15
180 166 50 15
190 179 8 16
608 627 6 16
608 617 13 16
608 618 14 16
608 591 16 16
608 625 17 16
608 613 18 16
608 594 22 16
608 590 24 16
608 593 25 16
608 627 27 16
608 614 44 16
190 179 7 17
508 516 9 17
508 522 14 17
508 508 18 17
508 512 18 17
562 550 6 17
562 551 7 17
562 580 22 17
562 551 27 17
562 550 28 17
562 559 29 17
562 554 30 17
562 579 36 17
562 571 53 17
180 179 6 18
180 169 14 18
180 166 47 18
394 408 5 18
394 405 15 18
394 381 25 18
394 394 35 18
603 617 11 18
603 618 12 18
603 591 14 18
603 613 16 18
603 594 20 18
603 590 22 18
603 593 23 18
603 614 42 18
627 639 6 22
627 617 7 22
627 618 8 22
627 625 11 22
627 613 12 22
627 627 21 22
627 638 32 22
627 638 37 22
627 614 38 22
627 635 42 22
627 634 43 22
627 634 44 22
627 628 45 22
627 629 46 22
627 639 52 22
242 248 6 23
242 249 7 23
242 248 25 23
242 248 31 23
408 405 10 23
408 394 30 23
408 394 52 23
550 551 21 23
550 550 22 23
550 559 23 23
550 554 24 23
550 550 52 23
550 555 53 23
179 169 8 24
179 166 41 24
370 363 17 24
370 381 19 24
370 355 20 24
370 368 35 24
551 551 20 24
551 550 21 24
551 559 22 24
551 554 23 24
551 550 51 24
551 555 52 24
551 550 54 24
516 522 5 26
516 508 9 26
516 512 9 26
516 508 53 26
250 248 21 27
250 248 27 27
528 508 8 27
528 512 8 27
528 508 52 27
528 539 54 27
639 625 5 28
639 627 15 28
639 638 26 28
639 638 31 28
639 635 36 28
639 634 37 28
639 634 38 28
639 628 39 28
639 629 40 28
639 639 46 28
248 248 19 29
248 248 25 29
617 613 5 29
617 627 14 29
617 614 31 29
617 635 35 29
617 634 36 29
617 634 37 29
617 628 38 29
617 629 39 29
249 248 18 30
249 248 24 30
618 627 13 30
618 614 30 30
618 635 34 30
618 634 35 30
618 634 36 30
618 628 37 30
618 629 38 30
49 42 22 31
49 42 23 31
49 45 28 31
49 36 33 31
49 54 34 31
49 57 43 31
49 34 44 31
522 508 48 31
522 539 50 31
522 510 52 31
522 513 52 31
169 166 33 32
169 176 47 32
324 340 15 32
324 336 16 32
324 324 17 32
324 319 22 32
324 325 28 32
324 325 32 32
324 307 33 32
324 308 34 32
324 317 42 32
324 321 48 32
591 594 6 32
591 580 7 32
591 590 8 32
591 593 9 32
591 579 21 32
591 571 38 32
591 580 45 32
38 42 20 33
38 42 21 33
38 23 26 33
38 45 26 33
38 21 31 33
38 36 31 33
38 27 32 33
38 54 32 33
38 57 41 33
38 34 42 33
38 23 44 33
38 22 45 33
38 27 52 33
38 30 53 33
38 31 53 33
38 54 54 33
405 394 20 33
405 394 42 33
625 627 10 33
625 638 21 33
625 638 26 33
625 614 27 33
625 635 31 33
625 634 32 33
625 634 33 33
625 628 34 33
625 629 35 33
625 639 41 33
625 627 52 33
625 635 54 33
22 6 16 34
22 9 16 34
22 6 20 34
22 8 20 34
22 10 25 34
22 23 25 34
22 2 30 34
22 3 30 34
22 9 30 34
22 21 30 34
22 36 30 34
22 9 31 34
22 27 31 34
22 4 41 34
22 34 41 34
22 6 42 34
22 7 42 34
22 23 43 34
22 22 44 34
22 27 51 34
22 30 52 34
22 31 52 34
31 42 19 34
31 42 20 34
31 23 25 34
31 45 25 34
31 21 30 34
31 36 30 34
31 27 31 34
31 34 41 34
31 23 43 34
31 22 44 34
31 27 51 34
31 30 52 34
31 31 52 34
122 133 9 34
122 124 10 34
122 133 10 34
122 105 11 34
122 103 12 34
122 122 19 34
122 131 19 34
122 103 25 34
122 133 25 34
122 132 26 34
122 106 35 34
122 131 35 34
122 131 40 34
122 121 41 34
122 123 42 34
122 133 42 34
122 124 43 34
122 132 46 34
122 121 52 34
122 133 52 34
122 132 53 34
132 133 9 34
132 124 10 34
132 133 10 34
132 122 19 34
132 131 19 34
132 133 25 34
132 132 26 34
132 131 35 34
132 131 40 34
132 121 41 34
132 123 42 34
132 133 42 34
132 124 43 34
132 132 46 34
132 121 52 34
132 133 52 34
132 132 53 34
613 593 7 34
613 627 9 34
613 614 26 34
613 628 33 34
613 629 34 34
613 627 51 34
121 133 8 35
121 124 9 35
121 133 9 35
121 105 10 35
121 103 11 35
121 122 18 35
121 131 18 35
121 103 24 35
121 133 24 35
121 132 25 35
121 106 34 35
121 131 34 35
121 131 39 35
121 121 40 35
121 123 41 35
121 133 41 35
121 124 42 35
121 132 45 35
121 121 51 35
121 133 51 35
121 132 52 35
508 508 44 35
508 510 48 35
508 513 48 35
508 508 51 35
508 511 51 35
512 508 44 35
512 510 48 35
512 513 48 35
512 508 51 35
512 511 51 35
594 579 15 38
594 580 39 38
81 88 9 39
81 71 10 39
81 81 25 39
81 78 41 39
81 79 42 39
81 80 46 39
81 61 49 39
81 63 49 39
580 579 14 39
580 571 31 39
580 580 38 39
580 562 40 39
346 346 5 40
346 345 6 40
346 340 7 40
346 336 8 40
590 579 13 40
590 571 30 40
590 580 37 40
363 345 5 41
363 368 18 41
363 381 52 41
593 579 12 41
593 580 36 41
133 122 10 43
133 131 10 43
133 133 16 43
133 132 17 43
133 131 26 43
133 131 31 43
133 121 32 43
133 123 33 43
133 133 33 43
133 124 34 43
133 132 37 43
133 121 43 43
133 133 43 43
133 132 44 43
381 394 10 43
381 368 16 43
381 394 32 43
381 381 50 43
381 387 53 43
627 638 11 43
627 638 16 43
627 614 17 43
627 635 21 43
627 634 22 43
627 634 23 43
627 628 24 43
627 629 25 43
627 639 31 43
627 627 42 43
627 635 44 43
627 622 49 43
627 614 50 43
627 624 52 43
124 122 9 44
124 131 9 44
124 133 15 44
124 132 16 44
124 106 25 44
124 131 25 44
124 131 30 44
124 121 31 44
124 123 32 44
124 133 32 44
124 124 33 44
124 132 36 44
124 121 42 44
124 133 42 44
124 132 43 44
133 122 9 44
133 131 9 44
133 133 15 44
133 132 16 44
133 131 25 44
133 131 30 44
133 121 31 44
133 123 32 44
133 133 32 44
133 124 33 44
133 132 36 44
133 121 42 44
133 133 42 44
133 132 43 44
355 368 15 44
551 550 31 44
551 555 32 44
551 550 34 44
551 562 35 44
551 550 36 44
551 539 37 44
551 549 38 44
105 122 8 45
105 103 14 45
105 106 24 45
105 121 30 45
105 123 31 45
105 124 32 45
105 121 41 45
550 550 30 45
550 555 31 45
550 550 33 45
550 562 34 45
550 550 35 45
550 539 36 45
550 549 37 45
103 122 7 46
103 103 13 46
103 106 23 46
103 121 29 46
103 121 40 46
345 325 14 46
345 325 18 46
559 571 24 46
559 550 29 46
559 555 30 46
559 550 32 46
559 562 33 46
559 550 34 46
559 539 35 46
559 549 36 46
340 325 13 47
340 325 17 47
340 321 33 47
554 571 23 47
554 550 28 47
554 555 29 47
554 550 31 47
554 562 32 47
554 550 33 47
554 539 34 47
554 549 35 47
88 103 11 48
88 81 16 48
88 106 21 48
88 78 32 48
88 79 33 48
88 80 37 48
88 76 53 48
248 248 6 48
336 319 6 48
336 325 12 48
336 325 16 48
336 317 26 48
336 321 32 48
71 81 15 49
71 54 16 49
71 57 25 49
71 78 31 49
71 79 32 49
71 80 36 49
71 54 38 49
71 61 39 49
71 63 39 49
71 58 40 49
71 76 52 49
324 319 5 49
324 325 11 49
324 325 15 49
324 307 16 49
324 308 17 49
324 317 25 49
324 321 31 49
6 10 9 50
6 23 9 50
6 2 14 50
6 3 14 50
6 9 14 50
6 21 14 50
6 0 15 50
6 1 15 50
6 9 15 50
6 0 25 50
6 1 25 50
6 4 25 50
6 6 26 50
6 7 26 50
6 23 27 50
6 22 28 50
6 0 51 50
6 1 51 50
6 5 51 50
6 7 51 50
6 11 52 50
6 15 52 50
9 10 9 50
9 23 9 50
9 2 14 50
9 3 14 50
9 9 14 50
9 21 14 50
9 0 15 50
9 1 15 50
9 9 15 50
9 27 15 50
9 0 25 50
9 1 25 50
9 4 25 50
9 6 26 50
9 7 26 50
9 23 27 50
9 22 28 50
9 27 35 50
9 0 51 50
9 1 51 50
9 5 51 50
9 7 51 50
9 28 51 50
9 11 52 50
9 15 52 50
42 23 6 53
42 45 6 53
42 36 11 53
42 27 12 53
42 54 12 53
42 57 21 53
42 34 22 53
42 23 24 53
42 22 25 53
42 27 32 53
42 30 33 53
42 31 33 53
42 54 34 53
42 61 35 53
42 58 36 53
42 28 48 53
42 33 49 53
42 27 53 53
122 103 6 53
122 133 6 53
122 132 7 53
122 106 16 53
122 131 16 53
122 131 21 53
122 121 22 53
122 123 23 53
122 133 23 53
122 124 24 53
122 132 27 53
122 121 33 53
122 133 33 53
122 132 34 53
122 132 53 53
131 133 6 53
131 132 7 53
131 131 16 53
131 131 21 53
131 121 22 53
131 123 23 53
131 133 23 53
131 124 24 53
131 132 27 53
131 121 33 53
131 133 33 53
131 132 34 53
131 132 53 53
394 394 22 53
394 381 40 53
394 387 43 53
394 412 54 53
579 571 17 53
579 580 24 53
579 562 26 53
579 559 53 53
6 10 5 54
6 23 5 54
6 2 10 54
6 3 10 54
6 9 10 54
6 21 10 54
6 0 11 54
6 1 11 54
6 9 11 54
6 0 21 54
6 1 21 54
6 4 21 54
6 6 22 54
6 7 22 54
6 23 23 54
6 22 24 54
6 0 47 54
6 1 47 54
6 5 47 54
6 7 47 54
6 11 48 54
6 15 48 54
8 10 5 54
8 23 5 54
8 2 10 54
8 3 10 54
8 9 10 54
8 21 10 54
8 0 11 54
8 1 11 54
8 9 11 54
8 27 11 54
8 0 21 54
8 1 21 54
8 4 21 54
8 6 22 54
8 7 22 54
8 23 23 54
8 22 24 54
8 27 31 54
8 0 47 54
8 1 47 54
8 5 47 54
8 7 47 54
8 11 48 54
8 15 48 54
8 27 52 54
42 23 5 54
42 45 5 54
42 36 10 54
42 27 11 54
42 54 11 54
42 57 20 54
42 34 21 54
42 23 23 54
42 22 24 54
42 27 31 54
42 30 32 54
42 31 32 54
42 54 33 54
42 61 34 54
42 58 35 54
42 28 47 54
42 33 48 54
42 27 52 54
319 325 6 54
319 325 10 54
319 307 11 54
319 308 12 54
319 317 20 54
319 321 26 54
319 302 45 54
638 638 5 54
638 635 10 54
638 634 11 54
638 634 12 54
638 628 13 54
638 629 14 54
638 639 20 54
638 627 31 54
638 635 33 54
638 622 38 54
638 624 41 54
638 626 51 54
638 638 54 54
10 2 5 59
10 3 5 59
10 9 5 59
10 21 5 59
10 0 6 59
10 1 6 59
10 9 6 59
10 27 6 59
10 0 16 59
10 1 16 59
10 4 16 59
10 6 17 59
10 7 17 59
10 23 18 59
10 22 19 59
10 27 26 59
10 0 42 59
10 1 42 59
10 5 42 59
10 7 42 59
10 28 42 59
10 11 43 59
10 15 43 59
10 27 47 59
10 0 50 59
10 2 50 59
10 6 50 59
10 7 50 59
23 3 5 59
23 9 5 59
23 21 5 59
23 36 5 59
23 9 6 59
23 27 6 59
23 4 16 59
23 34 16 59
23 6 17 59
23 7 17 59
23 23 18 59
23 22 19 59
23 27 26 59
23 30 27 59
23 31 27 59
23 5 42 59
23 7 42 59
23 28 42 59
23 11 43 59
23 15 43 59
23 33 43 59
23 27 47 59
23 6 50 59
23 7 50 59
23 32 51 59
45 36 5 59
45 27 6 59
45 54 6 59
45 57 15 59
45 34 16 59
45 27 26 59
45 30 27 59
45 31 27 59
45 54 28 59
45 61 29 59
45 63 29 59
45 58 30 59
45 28 42 59
45 33 43 59
45 27 47 59
45 32 51 59
103 106 10 59
103 121 16 59
103 121 27 59
133 131 10 59
133 131 15 59
133 121 16 59
133 123 17 59
133 133 17 59
133 124 18 59
133 132 21 59
133 121 27 59
133 133 27 59
133 132 28 59
133 132 47 59
368 381 34 59
368 387 37 59
368 371 49 59
638 635 5 59
638 634 6 59
638 634 7 59
638 628 8 59
638 629 9 59
638 639 15 59
638 627 26 59
638 635 28 59
638 622 33 59
638 624 36 59
638 626 46 59
638 638 49 59
638 639 50 59
132 131 9 60
132 131 14 60
132 121 15 60
132 123 16 60
132 133 16 60
132 124 17 60
132 132 20 60
132 121 26 60
132 133 26 60
132 132 27 60
132 132 46 60
325 307 5 60
325 308 6 60
325 317 14 60
325 321 20 60
614 628 7 60
614 629 8 60
614 627 25 60
614 622 32 60
614 614 33 60
614 624 35 60
614 608 42 60
614 626 45 60
614 615 53 60
614 613 54 60
2 0 11 64
2 1 11 64
2 4 11 64
2 6 12 64
2 7 12 64
2 0 37 64
2 1 37 64
2 5 37 64
2 7 37 64
2 11 38 64
2 15 38 64
2 0 45 64
2 2 45 64
2 6 45 64
2 7 45 64
3 0 11 64
3 1 11 64
3 4 11 64
3 6 12 64
3 7 12 64
3 22 14 64
3 0 37 64
3 1 37 64
3 5 37 64
3 7 37 64
3 11 38 64
3 15 38 64
3 0 45 64
3 2 45 64
3 6 45 64
3 7 45 64
9 0 11 64
9 1 11 64
9 4 11 64
9 6 12 64
9 7 12 64
9 23 13 64
9 22 14 64
9 27 21 64
9 0 37 64
9 1 37 64
9 5 37 64
9 7 37 64
9 28 37 64
9 11 38 64
9 15 38 64
9 27 42 64
9 0 45 64
9 2 45 64
9 6 45 64
9 7 45 64
21 1 11 64
21 4 11 64
21 34 11 64
21 6 12 64
21 7 12 64
21 23 13 64
21 22 14 64
21 27 21 64
21 30 22 64
21 31 22 64
21 1 37 64
21 5 37 64
21 7 37 64
21 28 37 64
21 11 38 64
21 15 38 64
21 33 38 64
21 27 42 64
21 2 45 64
21 6 45 64
21 7 45 64
21 32 46 64
21 30 50 64
21 34 50 64
36 34 11 64
36 23 13 64
36 22 14 64
36 27 21 64
36 30 22 64
36 31 22 64
36 54 23 64
36 28 37 64
36 33 38 64
36 27 42 64
36 32 46 64
36 30 50 64
36 34 50 64
81 78 16 64
81 79 17 64
81 80 21 64
81 61 24 64
81 63 24 64
81 76 37 64
81 81 42 64
81 71 53 64
325 317 10 64
325 321 16 64
325 325 52 64
325 317 53 64
635 639 10 64
635 627 21 64
635 635 23 64
635 622 28 64
635 624 31 64
635 626 41 64
635 638 44 64
635 639 45 64
635 615 49 64
0 0 10 65
0 1 10 65
0 4 10 65
0 6 11 65
0 7 11 65
0 0 36 65
0 1 36 65
0 5 36 65
0 7 36 65
0 11 37 65
0 15 37 65
0 0 44 65
0 2 44 65
0 6 44 65
0 7 44 65
1 0 10 65
1 1 10 65
1 4 10 65
1 6 11 65
1 7 11 65
1 0 36 65
1 1 36 65
1 5 36 65
1 7 36 65
1 11 37 65
1 15 37 65
1 0 44 65
1 2 44 65
1 6 44 65
1 7 44 65
9 0 10 65
9 1 10 65
9 4 10 65
9 6 11 65
9 7 11 65
9 23 12 65
9 22 13 65
9 27 20 65
9 0 36 65
9 1 36 65
9 5 36 65
9 7 36 65
9 28 36 65
9 11 37 65
9 15 37 65
9 27 41 65
9 0 44 65
9 2 44 65
9 6 44 65
9 7 44 65
27 34 10 65
27 7 11 65
27 23 12 65
27 22 13 65
27 27 20 65
27 30 21 65
27 31 21 65
27 7 36 65
27 28 36 65
27 11 37 65
27 15 37 65
27 33 37 65
27 27 41 65
27 7 44 65
27 32 45 65
27 30 49 65
27 34 49 65
54 57 9 65
54 34 10 65
54 54 22 65
54 61 23 65
54 63 23 65
54 58 24 65
54 34 49 65
54 58 50 65
54 71 52 65
166 176 14 65
166 175 31 65
166 169 36 65
166 172 42 65
166 180 43 65
166 169 49 65
166 147 53 65
307 317 9 65
307 321 15 65
307 296 30 65
307 295 32 65
307 293 33 65
307 302 34 65
307 325 51 65
307 317 52 65
307 324 54 65
634 639 9 65
634 627 20 65
634 635 22 65
634 622 27 65
634 614 28 65
634 624 30 65
634 626 40 65
634 638 43 65
634 639 44 65
634 615 48 65
308 317 8 66
308 321 14 66
308 296 29 66
308 295 31 66
308 293 32 66
308 302 33 66
308 325 50 66
308 317 51 66
308 324 53 66
634 639 8 66
634 627 19 66
634 635 21 66
634 622 26 66
634 614 27 66
634 624 29 66
634 626 39 66
634 638 42 66
634 639 43 66
634 615 47 66
628 639 7 67
628 627 18 67
628 635 20 67
628 622 25 67
628 614 26 67
628 624 28 67
628 608 35 67
628 626 38 67
628 638 41 67
628 639 42 67
628 615 46 67
628 613 47 67
629 639 6 68
629 627 17 68
629 635 19 68
629 622 24 68
629 614 25 68
629 624 27 68
629 626 37 68
629 638 40 68
629 639 41 68
629 615 45 68
629 613 46 68
106 121 6 69
106 123 7 69
106 124 8 69
106 121 17 69
131 131 5 69
131 121 6 69
131 123 7 69
131 133 7 69
131 124 8 69
131 132 11 69
131 121 17 69
131 133 17 69
131 132 18 69
131 132 37 69
131 147 49 69
131 132 50 69
571 555 6 70
571 580 7 70
571 562 9 70
571 559 36 70
571 555 42 70
571 578 52 70
571 590 54 70
57 54 13 74
57 61 14 74
57 63 14 74
57 58 15 74
57 76 27 74
57 58 41 74
57 71 43 74
131 132 6 74
131 121 12 74
131 133 12 74
131 132 13 74
131 132 32 74
131 147 44 74
131 132 45 74
131 131 53 74
317 321 6 74
317 302 25 74
317 325 42 74
317 317 43 74
317 324 45 74
317 317 52 74
317 321 54 74
639 627 11 74
639 635 13 74
639 622 18 74
639 624 21 74
639 626 31 74
639 638 34 74
639 639 35 74
639 636 52 74
639 638 53 74
0 0 26 75
0 1 26 75
0 5 26 75
0 7 26 75
0 11 27 75
0 15 27 75
0 0 34 75
0 2 34 75
0 6 34 75
0 7 34 75
1 0 26 75
1 1 26 75
1 5 26 75
1 7 26 75
1 11 27 75
1 15 27 75
1 0 34 75
1 2 34 75
1 6 34 75
1 7 34 75
4 0 26 75
4 1 26 75
4 5 26 75
4 7 26 75
4 11 27 75
4 15 27 75
4 0 34 75
4 2 34 75
4 6 34 75
4 7 34 75
34 27 10 75
34 30 11 75
34 31 11 75
34 28 26 75
34 15 27 75
34 33 27 75
34 27 31 75
34 32 35 75
34 30 39 75
34 34 39 75
121 132 5 75
121 121 11 75
121 133 11 75
121 132 12 75
121 132 31 75
121 132 44 75
121 131 52 75
121 123 54 75
394 381 18 75
394 387 21 75
394 412 32 75
394 408 34 75
550 550 5 75
550 539 6 75
550 549 7 75
550 559 31 75
550 555 37 75
550 550 41 75
550 551 54 75
6 0 25 76
6 1 25 76
6 5 25 76
6 7 25 76
6 11 26 76
6 15 26 76
6 0 33 76
6 2 33 76
6 6 33 76
6 7 33 76
7 0 25 76
7 1 25 76
7 5 25 76
7 7 25 76
7 11 26 76
7 15 26 76
7 0 33 76
7 2 33 76
7 6 33 76
7 7 33 76
123 121 10 76
123 133 10 76
123 132 11 76
123 132 30 76
123 132 43 76
123 131 51 76
123 123 53 76
133 121 10 76
133 133 10 76
133 132 11 76
133 132 30 76
133 147 42 76
133 132 43 76
133 131 51 76
133 123 53 76
555 539 5 76
555 549 6 76
555 559 30 76
555 555 36 76
555 550 40 76
555 551 53 76
23 27 8 77
23 30 9 77
23 31 9 77
23 5 24 77
23 7 24 77
23 28 24 77
23 11 25 77
23 15 25 77
23 33 25 77
23 27 29 77
23 6 32 77
23 7 32 77
23 32 33 77
23 30 37 77
23 34 37 77
124 121 9 77
124 133 9 77
124 132 10 77
124 132 29 77
124 132 42 77
124 131 50 77
124 123 52 77
580 594 44 77
580 578 45 77
580 592 46 77
580 590 47 77
22 27 7 78
22 30 8 78
22 31 8 78
22 5 23 78
22 7 23 78
22 28 23 78
22 11 24 78
22 15 24 78
22 33 24 78
22 27 28 78
22 2 31 78
22 6 31 78
22 7 31 78
22 32 32 78
22 30 36 78
22 34 36 78
550 559 28 78
550 555 34 78
550 550 38 78
550 551 51 78
176 175 17 79
176 186 19 79
176 169 22 79
176 172 28 79
176 180 29 79
176 169 35 79
508 508 7 79
508 511 7 79
508 514 12 79
508 502 22 79
508 527 36 79
562 559 27 79
562 555 33 79
562 550 37 79
562 578 43 79
562 551 50 79
78 80 5 80
78 61 8 80
78 63 8 80
78 58 9 80
78 76 21 80
78 81 26 80
78 58 35 80
78 71 37 80
78 80 48 80
78 88 52 80
78 87 53 80
78 81 54 80
132 121 6 80
132 133 6 80
132 132 7 80
132 132 26 80
132 147 38 80
132 132 39 80
132 131 47 80
132 123 49 80
321 302 19 80
321 325 36 80
321 317 37 80
321 324 39 80
321 317 46 80
321 321 48 80
321 339 50 80
321 339 52 80
321 334 53 80
550 559 26 80
550 555 32 80
550 550 36 80
550 551 49 80
79 61 7 81
79 63 7 81
79 76 20 81
79 81 25 81
79 71 36 81
79 80 47 81
79 88 51 81
79 87 52 81
79 81 53 81
539 555 31 81
539 527 34 81
539 550 35 81
539 529 36 81
539 551 48 81
549 559 24 82
549 555 30 82
549 550 34 82
549 529 35 82
549 551 47 82
510 514 8 83
510 502 18 83
510 527 32 83
510 529 34 83
513 514 8 83
513 502 18 83
513 527 32 83
513 529 34 83
27 7 16 85
27 28 16 85
27 11 17 85
27 15 17 85
27 33 17 85
27 27 21 85
27 7 24 85
27 32 25 85
27 30 29 85
27 34 29 85
27 7 48 85
80 76 16 85
80 81 21 85
80 71 32 85
80 80 43 85
80 88 47 85
80 87 48 85
80 81 49 85
627 622 7 85
627 614 8 85
627 624 10 85
627 608 17 85
627 626 20 85
627 638 23 85
627 639 24 85
627 615 28 85
627 613 29 85
627 636 41 85
627 638 42 85
627 638 47 85
30 28 15 86
30 11 16 86
30 15 16 86
30 33 16 86
30 27 20 86
30 32 24 86
30 30 28 86
30 34 28 86
31 28 15 86
31 11 16 86
31 15 16 86
31 33 16 86
31 27 20 86
31 32 24 86
31 30 28 86
31 34 28 86
121 132 20 86
121 132 33 86
121 131 41 86
121 123 43 86
121 102 45 86
121 104 51 86
121 103 52 86
133 132 20 86
133 147 32 86
133 132 33 86
133 131 41 86
133 123 43 86
508 514 5 86
508 502 15 86
508 527 29 86
511 514 5 86
511 502 15 86
511 527 29 86
511 529 31 86
54 34 27 87
54 58 28 87
54 71 30 87
54 57 51 87
132 132 19 87
132 147 31 87
132 132 32 87
132 131 40 87
132 123 42 87
426 412 20 87
426 408 22 87
426 416 23 87
426 425 24 87
426 414 35 87
635 622 5 87
635 624 8 87
635 626 18 87
635 638 21 87
635 639 22 87
635 615 26 87
635 636 39 87
635 638 40 87
635 638 45 87
61 76 13 88
61 58 27 88
61 71 29 88
61 80 40 88
61 57 50 88
63 76 13 88
63 81 18 88
63 58 27 88
63 71 29 88
63 80 40 88
63 81 46 88
63 57 50 88
436 416 22 88
436 425 23 88
58 76 12 89
58 58 26 89
58 71 28 89
58 57 49 89
514 502 10 91
514 527 24 91
514 529 26 91
622 608 10 92
622 626 13 92
622 638 16 92
622 639 17 92
622 615 21 92
622 613 22 92
622 636 34 92
622 638 35 92
622 638 40 92
381 371 15 93
381 370 25 93
381 370 34 93
381 381 49 93
381 381 50 93
614 608 9 93
614 626 12 93
614 615 20 93
614 613 21 93
614 594 28 93
614 627 54 93
279 268 43 94
296 305 43 95
624 608 7 95
624 626 10 95
624 638 13 95
624 639 14 95
624 615 18 95
624 613 19 95
624 636 31 95
624 638 32 95
624 638 37 95
624 627 52 95
175 169 5 96
175 172 11 96
175 180 12 96
175 169 18 96
175 188 41 96
175 182 42 96
175 170 46 96
175 169 47 96
175 166 48 96
387 371 12 96
387 370 22 96
387 370 31 96
387 381 46 96
387 381 47 96
295 305 41 97
186 172 9 98
186 180 10 98
186 169 16 98
186 204 24 98
186 204 30 98
186 188 39 98
186 182 40 98
186 170 44 98
186 169 45 98
186 166 46 98
293 305 40 98
302 317 18 99
302 317 27 99
302 321 29 99
302 305 39 99
0 0 8 101
0 2 8 101
0 6 8 101
0 7 8 101
0 6 32 101
0 7 32 101
0 11 42 101
0 8 46 101
0 0 47 101
0 2 47 101
0 3 47 101
0 7 47 101
0 6 48 101
0 7 48 101
0 0 52 101
0 7 52 101
0 6 53 101
0 8 53 101
1 0 8 101
1 2 8 101
1 6 8 101
1 7 8 101
1 6 32 101
1 7 32 101
1 11 42 101
1 8 46 101
1 0 47 101
1 2 47 101
1 3 47 101
1 7 47 101
1 20 47 101
1 6 48 101
1 7 48 101
1 0 52 101
1 7 52 101
1 6 53 101
1 8 53 101
5 0 8 101
5 2 8 101
5 6 8 101
5 7 8 101
5 6 32 101
5 7 32 101
5 11 42 101
5 8 46 101
5 0 47 101
5 2 47 101
5 3 47 101
5 7 47 101
5 20 47 101
5 6 48 101
5 7 48 101
5 24 48 101
5 0 52 101
5 7 52 101
5 6 53 101
5 8 53 101
7 0 8 101
7 2 8 101
7 6 8 101
7 7 8 101
7 6 32 101
7 7 32 101
7 11 42 101
7 8 46 101
7 0 47 101
7 2 47 101
7 3 47 101
7 7 47 101
7 20 47 101
7 6 48 101
7 7 48 101
7 24 48 101
7 0 52 101
7 7 52 101
7 6 53 101
7 8 53 101
28 27 5 101
28 32 9 101
28 30 13 101
28 34 13 101
28 11 42 101
28 28 42 101
28 8 46 101
28 34 46 101
28 20 47 101
28 43 47 101
28 24 48 101
28 8 53 101
76 81 5 101
76 58 14 101
76 71 16 101
76 80 27 101
76 88 31 101
76 87 32 101
76 81 33 101
76 57 37 101
76 83 42 101
76 57 52 101
169 172 6 101
169 180 7 101
169 169 13 101
169 188 36 101
169 182 37 101
169 170 41 101
169 169 42 101
169 166 43 101
11 0 7 102
11 2 7 102
11 6 7 102
11 7 7 102
11 30 12 102
11 6 31 102
11 7 31 102
11 11 41 102
11 28 41 102
11 8 45 102
11 0 46 102
11 2 46 102
11 3 46 102
11 7 46 102
11 20 46 102
11 6 47 102
11 7 47 102
11 24 47 102
11 0 51 102
11 7 51 102
11 6 52 102
11 8 52 102
15 0 7 102
15 2 7 102
15 6 7 102
15 7 7 102
15 32 8 102
15 30 12 102
15 34 12 102
15 6 31 102
15 7 31 102
15 11 41 102
15 28 41 102
15 8 45 102
15 34 45 102
15 0 46 102
15 2 46 102
15 3 46 102
15 7 46 102
15 20 46 102
15 6 47 102
15 7 47 102
15 24 47 102
15 0 51 102
15 7 51 102
15 6 52 102
15 8 52 102
33 32 8 102
33 30 12 102
33 34 12 102
33 28 41 102
33 34 45 102
33 20 46 102
33 43 46 102
33 24 47 102
608 615 11 102
608 613 12 102
608 594 19 102
608 592 21 102
608 590 22 102
608 627 45 102
626 615 8 105
626 613 9 105
626 636 21 105
626 638 22 105
626 638 27 105
626 627 42 105
27 30 8 106
27 34 8 106
27 7 27 106
27 11 37 106
27 28 37 106
27 8 41 106
27 34 41 106
27 7 42 106
27 20 42 106
27 43 42 106
27 7 43 106
27 24 43 106
27 7 47 106
27 8 48 106
27 45 52 106
27 30 53 106
27 31 53 106
81 71 11 106
81 80 22 106
81 88 26 106
81 87 27 106
81 81 28 106
81 83 37 106
132 147 12 106
132 132 13 106
132 131 21 106
132 123 23 106
132 123 36 106
132 126 47 106
132 127 47 106
132 126 52 106
132 122 53 106
559 555 6 106
559 550 10 106
559 578 16 106
559 551 23 106
559 563 31 106
559 562 52 106
172 169 7 107
172 188 30 107
172 182 31 107
172 170 35 107
172 169 36 107
172 166 37 107
412 414 15 107
412 402 52 107
180 169 6 108
180 188 29 108
180 182 30 108
180 170 34 108
180 169 35 108
180 166 36 108
180 194 50 108
371 370 10 108
371 357 15 108
371 355 16 108
371 370 19 108
371 381 34 108
371 381 35 108
371 381 50 108
638 636 18 108
638 638 19 108
638 638 24 108
638 627 39 108
0 6 24 109
0 7 24 109
0 11 34 109
0 8 38 109
0 0 39 109
0 2 39 109
0 3 39 109
0 7 39 109
0 6 40 109
0 7 40 109
0 0 44 109
0 7 44 109
0 6 45 109
0 8 45 109
2 6 24 109
2 7 24 109
2 11 34 109
2 8 38 109
2 0 39 109
2 2 39 109
2 3 39 109
2 7 39 109
2 20 39 109
2 6 40 109
2 7 40 109
2 0 44 109
2 7 44 109
2 6 45 109
2 8 45 109
6 6 24 109
6 7 24 109
6 11 34 109
6 8 38 109
6 0 39 109
6 2 39 109
6 3 39 109
6 7 39 109
6 20 39 109
6 6 40 109
6 7 40 109
6 24 40 109
6 0 44 109
6 7 44 109
6 6 45 109
6 8 45 109
7 6 24 109
7 7 24 109
7 11 34 109
7 8 38 109
7 0 39 109
7 2 39 109
7 3 39 109
7 7 39 109
7 20 39 109
7 6 40 109
7 7 40 109
7 24 40 109
7 0 44 109
7 7 44 109
7 6 45 109
7 8 45 109
408 414 13 109
408 402 50 109
408 410 54 109
639 636 17 109
639 638 18 109
639 638 23 109
639 627 38 109
32 28 33 110
32 34 37 110
32 20 38 110
32 43 38 110
32 24 39 110
32 45 48 110
32 30 49 110
32 31 49 110
32 22 54 110
32 35 54 110
416 414 12 110
416 402 49 110
416 410 53 110
416 403 54 110
247 252 6 111
247 247 36 111
247 247 37 111
247 263 42 111
425 414 11 111
425 410 52 111
555 551 17 112
555 563 25 112
555 562 46 112
555 551 49 112
555 554 50 112
555 556 51 112
555 551 53 112
615 627 34 113
30 11 29 114
30 28 29 114
30 34 33 114
30 20 34 114
30 43 34 114
30 24 35 114
30 45 44 114
30 30 45 114
30 31 45 114
30 11 50 114
30 22 50 114
30 35 50 114
34 28 29 114
34 34 33 114
34 20 34 114
34 43 34 114
34 24 35 114
34 45 44 114
34 30 45 114
34 31 45 114
34 22 50 114
34 35 50 114
169 188 23 114
169 182 24 114
169 170 28 114
169 169 29 114
169 166 30 114
613 594 7 114
613 627 33 114
58 57 23 115
58 43 33 115
58 55 34 115
58 57 38 115
58 45 43 115
58 58 54 115
527 533 33 115
325 317 10 116
325 321 12 116
325 343 13 116
325 339 14 116
325 339 16 116
325 334 17 116
325 305 22 116
550 551 13 116
550 563 21 116
550 533 32 116
550 562 42 116
550 551 45 116
550 554 46 116
550 556 47 116
550 551 49 116
550 550 52 116
550 566 53 116
71 80 11 117
71 88 15 117
71 87 16 117
71 81 17 117
71 57 21 117
71 83 26 117
71 55 32 117
71 57 36 117
71 58 52 117
71 80 52 117
252 268 20 117
252 247 30 117
252 247 31 117
252 263 36 117
317 317 9 117
317 321 11 117
317 334 16 117
317 305 21 117
529 533 31 117
147 131 9 118
147 166 26 118
147 127 35 118
147 166 51 118
370 357 5 118
370 355 6 118
370 370 9 118
370 381 24 118
370 381 25 118
370 381 40 118
132 131 8 119
132 123 10 119
132 123 23 119
132 126 34 119
132 127 34 119
132 126 39 119
132 122 40 119
324 317 7 119
324 321 9 119
324 343 10 119
324 339 11 119
324 339 13 119
324 334 14 119
324 305 19 119
594 579 43 121
594 574 49 121
594 594 50 121
204 204 6 122
204 188 15 122
204 194 36 122
204 202 37 122
204 211 40 122
204 211 52 122
414 402 37 122
414 410 41 122
414 403 42 122
578 563 15 122
578 562 36 122
578 579 42 122
578 566 47 122
578 574 48 122
578 594 49 122
578 591 54 122
357 343 6 123
357 339 7 123
357 346 8 123
357 339 9 123
592 579 41 123
592 574 47 123
592 594 48 123
592 591 53 123
355 343 5 124
355 339 6 124
355 346 7 124
355 339 8 124
590 579 40 124
590 574 46 124
590 594 47 124
590 591 52 124
590 579 54 124
317 334 7 126
317 305 12 126
317 321 53 126
636 638 6 126
636 627 21 126
636 639 46 126
636 636 47 126
636 627 53 126
131 123 15 127
131 126 26 127
131 127 26 127
131 126 31 127
131 122 32 127
131 113 49 127
131 133 51 127
370 381 15 127
370 381 16 127
370 381 31 127
370 380 51 127
638 638 5 127
638 627 20 127
638 639 45 127
638 636 46 127
638 627 52 127
80 87 5 128
80 81 6 128
80 83 15 128
80 80 41 128
80 83 54 128
204 188 9 128
204 194 30 128
204 202 31 128
204 211 34 128
204 211 46 128
204 202 51 128
321 334 5 128
321 305 10 128
321 321 51 128
123 104 8 129
123 103 9 129
123 123 13 129
123 103 19 129
123 126 24 129
123 127 24 129
123 126 29 129
123 122 30 129
123 103 35 129
123 106 46 129
123 113 47 129
123 106 48 129
123 109 49 129
123 133 49 129
551 563 8 129
551 533 19 129
551 562 29 129
551 551 32 129
551 554 33 129
551 556 34 129
551 551 36 129
551 550 39 129
551 566 40 129
339 321 49 130
102 104 6 131
102 103 7 131
102 83 12 131
102 103 17 131
102 103 33 131
102 106 44 131
102 113 45 131
102 106 46 131
102 109 47 131
102 83 51 131
102 82 53 131
88 104 5 132
88 103 6 132
88 83 11 132
88 103 16 132
88 103 32 132
88 80 37 132
88 106 43 132
88 106 45 132
88 83 50 132
88 82 52 132
339 321 47 132
638 627 15 132
638 639 40 132
638 636 41 132
638 627 47 132
6 11 10 133
6 8 14 133
6 0 15 133
6 2 15 133
6 3 15 133
6 7 15 133
6 20 15 133
6 6 16 133
6 7 16 133
6 24 16 133
6 0 20 133
6 7 20 133
6 6 21 133
6 8 21 133
6 11 31 133
6 22 31 133
7 11 10 133
7 8 14 133
7 0 15 133
7 2 15 133
7 3 15 133
7 7 15 133
7 20 15 133
7 6 16 133
7 7 16 133
7 24 16 133
7 0 20 133
7 7 20 133
7 6 21 133
7 8 21 133
7 11 31 133
7 22 31 133
87 103 5 133
87 83 10 133
87 103 15 133
87 103 31 133
87 80 36 133
87 106 42 133
87 106 44 133
87 83 49 133
87 82 51 133
334 321 46 133
81 83 9 134
81 80 35 134
81 83 48 134
81 82 50 134
104 123 5 137
104 103 11 137
104 122 22 137
104 103 27 137
104 106 38 137
104 113 39 137
104 106 40 137
104 109 41 137
188 170 5 137
188 169 6 137
188 194 21 137
188 202 22 137
188 202 42 137
188 187 53 137
268 263 16 137
563 562 21 137
563 551 24 137
563 554 25 137
563 556 26 137
563 579 27 137
563 551 28 137
563 550 31 137
563 566 32 137
563 574 33 137
563 579 41 137
563 582 45 137
563 551 48 137
563 550 52 137
563 560 53 137
57 43 10 138
57 55 11 138
57 57 15 138
57 45 20 138
57 58 31 138
103 83 5 138
103 103 10 138
103 122 21 138
103 103 26 138
103 106 37 138
103 113 38 138
103 106 39 138
103 109 40 138
103 83 44 138
182 169 5 138
182 166 6 138
182 194 20 138
182 166 31 138
182 187 52 138
305 321 41 138
123 103 6 142
123 126 11 142
123 127 11 142
123 126 16 142
123 122 17 142
123 103 22 142
123 106 33 142
123 113 34 142
123 106 35 142
123 109 36 142
123 133 36 142
170 166 27 142
170 187 48 142
381 381 16 142
381 380 36 142
11 0 5 143
11 2 5 143
11 3 5 143
11 7 5 143
11 20 5 143
11 6 6 143
11 7 6 143
11 24 6 143
11 0 10 143
11 7 10 143
11 6 11 143
11 8 11 143
11 30 16 143
11 11 21 143
11 22 21 143
28 20 5 143
28 43 5 143
28 24 6 143
28 8 11 143
28 45 15 143
28 30 16 143
28 31 16 143
28 11 21 143
28 22 21 143
28 35 21 143
28 33 36 143
83 80 26 143
83 83 39 143
83 82 41 143
169 166 26 143
169 187 47 143
381 381 15 143
381 380 35 143
166 166 25 144
8 0 6 147
8 7 6 147
8 6 7 147
8 8 7 147
8 11 17 147
8 22 17 147
34 45 11 147
34 30 12 147
34 31 12 147
34 22 17 147
34 35 17 147
34 33 32 147
34 35 53 147
247 263 6 147
247 230 25 147
247 230 26 147
247 229 28 147
627 639 25 147
627 636 26 147
627 627 32 147
627 639 46 147
627 621 52 147
627 627 53 147
0 0 5 148
0 7 5 148
0 6 6 148
0 8 6 148
0 11 16 148
2 0 5 148
2 7 5 148
2 6 6 148
2 8 6 148
2 11 16 148
3 0 5 148
3 7 5 148
3 6 6 148
3 8 6 148
3 11 16 148
3 22 16 148
7 0 5 148
7 7 5 148
7 6 6 148
7 8 6 148
7 11 16 148
7 22 16 148
20 0 5 148
20 7 5 148
20 6 6 148
20 8 6 148
20 30 11 148
20 31 11 148
20 11 16 148
20 22 16 148
20 35 16 148
20 33 31 148
20 35 52 148
43 57 5 148
43 45 10 148
43 30 11 148
43 31 11 148
43 35 16 148
43 58 21 148
43 33 31 148
43 35 52 148
103 122 11 148
103 103 16 148
103 106 27 148
103 113 28 148
103 106 29 148
103 109 30 148
103 83 34 148
103 112 52 148
103 105 53 148
247 263 5 148
247 230 24 148
247 230 25 148
247 229 27 148
455 451 14 148
455 451 21 148
455 456 22 148
455 463 26 148
455 451 36 148
455 459 37 148
455 463 38 148
455 474 39 148
455 459 42 148
455 463 43 148
455 464 44 148
455 455 50 148
455 471 53 148
533 551 13 148
533 551 17 148
533 550 20 148
533 551 37 148
533 550 41 148
6 6 5 149
6 8 5 149
6 11 15 149
6 22 15 149
7 6 5 149
7 8 5 149
7 11 15 149
7 22 15 149
24 6 5 149
24 8 5 149
24 30 10 149
24 31 10 149
24 11 15 149
24 22 15 149
24 35 15 149
24 33 30 149
24 35 51 149
55 45 9 149
55 35 15 149
55 58 20 149
55 35 51 149
0 11 11 153
7 11 11 153
7 22 11 153
57 45 5 153
57 58 16 153
126 126 5 153
126 122 6 153
126 106 22 153
126 113 23 153
126 106 24 153
126 109 25 153
126 133 25 153
126 112 47 153
127 126 5 153
127 122 6 153
127 113 23 153
127 109 25 153
127 133 25 153
127 112 47 153
6 11 10 154
6 22 10 154
8 11 10 154
8 22 10 154
45 35 6 158
45 58 11 158
45 33 21 158
45 35 42 158
126 106 17 158
126 113 18 158
126 106 19 158
126 109 20 158
126 133 20 158
126 112 42 158
194 211 16 158
194 202 21 158
194 211 26 158
194 187 32 158
194 203 53 158
381 380 20 158
381 370 50 158
381 368 53 158
562 556 5 158
562 579 6 158
562 551 7 158
562 550 10 158
562 566 11 158
562 574 12 158
562 579 20 158
562 551 27 158
562 550 31 158
562 560 32 158
562 550 54 158
30 11 5 159
30 22 5 159
30 35 5 159
30 33 20 159
30 35 41 159
31 11 5 159
31 22 5 159
31 35 5 159
31 33 20 159
31 35 41 159
122 103 5 159
122 106 16 159
122 113 17 159
122 106 18 159
122 109 19 159
122 133 19 159
122 112 41 159
122 105 42 159
122 110 54 159
202 211 15 159
202 202 20 159
202 211 25 159
202 219 26 159
202 187 31 159
202 220 35 159
202 203 52 159
402 403 5 159
402 415 46 159
551 550 7 161
551 566 8 161
551 551 24 161
551 550 28 161
551 560 29 161
551 550 51 161
551 552 52 161
211 230 10 162
211 230 11 162
211 211 12 162
211 229 13 162
211 202 17 162
211 211 22 162
211 219 23 162
211 222 31 162
211 220 32 162
211 203 49 162
211 230 51 162
451 451 7 162
451 456 8 162
451 463 12 162
451 451 22 162
451 459 23 162
451 463 24 162
451 459 28 162
451 463 29 162
451 464 30 162
451 455 36 162
451 463 41 162
554 550 6 162
554 566 7 162
554 551 23 162
554 550 27 162
554 560 28 162
554 550 50 162
554 552 51 162
410 415 42 163
410 402 54 163
556 550 5 163
556 566 6 163
556 574 7 163
556 551 22 163
556 550 26 163
556 560 27 163
556 550 49 163
556 552 50 163
11 11 52 164
11 5 53 164
11 7 53 164
22 33 15 164
22 35 36 164
22 11 52 164
22 5 53 164
22 7 53 164
35 33 15 164
35 35 36 164
103 106 11 164
103 113 12 164
103 106 13 164
103 109 14 164
103 83 18 164
103 112 36 164
103 105 37 164
103 83 47 164
103 85 48 164
103 110 49 164
103 99 50 164
103 99 51 164
103 92 52 164
103 84 53 164
403 415 41 164
403 402 53 164
579 566 5 164
579 574 6 164
579 594 7 164
579 591 12 164
579 579 14 164
579 590 17 164
579 582 18 164
579 592 19 164
579 593 20 164
579 560 26 164
579 589 27 164
579 590 28 164
579 594 34 164
579 593 42 164
579 587 43 164
579 586 44 164
551 551 20 165
551 550 24 165
551 560 25 165
551 550 47 165
551 552 48 165
550 551 17 168
550 550 21 168
550 560 22 168
550 550 44 168
550 552 45 168
80 83 13 169
80 82 15 169
80 83 42 169
80 85 43 169
80 99 45 169
80 99 46 169
80 92 47 169
80 84 48 169
166 166 31 169
451 463 5 169
451 451 15 169
451 459 16 169
451 463 17 169
451 459 21 169
451 463 22 169
451 464 23 169
451 455 29 169
451 463 34 169
566 579 9 169
566 582 13 169
566 551 16 169
566 550 20 169
566 560 21 169
566 550 43 169
566 552 44 169
566 572 51 169
566 572 53 169
456 451 14 170
456 459 15 170
456 463 16 170
456 474 17 170
456 459 20 170
456 463 21 170
456 464 22 170
456 455 28 170
456 471 31 170
456 463 33 170
574 591 6 170
574 579 8 170
574 590 11 170
574 582 12 170
574 592 13 170
574 593 14 170
574 560 20 170
574 589 21 170
574 590 22 170
574 593 36 170
574 587 37 170
574 586 38 170
574 572 50 170
574 572 52 170
594 591 5 171
594 579 7 171
594 590 10 171
594 582 11 171
594 592 12 171
594 593 13 171
594 589 20 171
594 590 21 171
594 594 27 171
594 593 35 171
594 587 36 171
594 586 37 171
230 211 12 172
230 219 13 172
230 222 21 172
230 220 22 172
230 247 37 172
230 230 41 172
230 248 49 172
639 627 7 172
639 639 21 172
639 621 27 172
639 627 28 172
639 623 38 172
639 636 49 172
230 211 11 173
230 219 12 173
230 222 20 173
230 220 21 173
230 247 36 173
230 230 40 173
230 248 48 173
230 248 54 173
636 627 6 173
636 639 20 173
636 621 26 173
636 627 27 173
636 623 37 173
636 636 48 173
211 202 5 174
211 211 10 174
211 219 11 174
211 222 19 174
211 220 20 174
211 203 37 174
211 230 39 174
463 451 10 174
463 459 11 174
463 463 12 174
463 474 13 174
463 459 16 174
463 463 17 174
463 464 18 174
463 455 24 174
463 471 27 174
463 463 29 174
106 112 25 175
106 105 26 175
106 110 38 175
106 99 39 175
106 99 40 175
106 92 41 175
106 104 51 175
229 211 9 175
229 219 10 175
229 222 18 175
229 220 19 175
229 247 34 175
229 230 38 175
229 248 46 175
229 248 52 175
113 112 24 176
113 105 25 176
113 110 37 176
113 99 38 176
113 99 39 176
113 104 50 176
591 590 5 176
591 582 6 176
591 592 7 176
591 593 8 176
591 589 15 176
591 590 16 176
591 594 22 176
591 593 30 176
591 587 31 176
591 586 32 176
591 572 44 176
591 572 46 176
106 112 23 177
106 105 24 177
106 110 36 177
106 99 37 177
106 99 38 177
106 92 39 177
106 104 49 177
109 112 22 178
109 105 23 178
109 110 35 178
109 99 36 178
109 99 37 178
109 92 38 178
109 104 48 178
133 135 53 178
380 370 30 178
380 368 33 178
380 395 42 178
380 382 48 178
380 379 49 178
579 592 5 178
579 593 6 178
579 560 12 178
579 589 13 178
579 590 14 178
579 594 20 178
579 593 28 178
579 587 29 178
579 586 30 178
579 572 42 178
579 572 44 178
579 572 54 178
33 35 21 179
33 21 52 179
33 38 52 179
202 211 5 179
202 219 6 179
202 187 11 179
202 220 15 179
202 203 32 179
202 202 53 179
321 326 14 179
321 339 16 179
321 320 20 179
321 317 21 179
321 325 31 179
321 340 37 179
627 639 14 179
627 621 20 179
627 627 21 179
627 623 31 179
627 636 42 179
627 624 52 179
590 589 10 181
590 590 11 181
590 594 17 181
590 593 25 181
590 587 26 181
590 586 27 181
590 572 39 181
590 572 41 181
590 572 51 181
83 83 29 182
83 85 30 182
83 99 32 182
83 99 33 182
83 92 34 182
83 84 35 182
83 77 45 182
83 78 50 182
582 589 9 182
582 590 10 182
582 594 16 182
582 593 24 182
582 587 25 182
582 586 26 182
582 572 38 182
582 572 40 182
582 572 50 182
582 565 54 182
592 589 8 183
592 590 9 183
592 594 15 183
592 593 23 183
592 587 24 183
592 586 25 183
592 572 37 183
592 572 39 183
592 572 49 183
82 83 27 184
82 85 28 184
82 99 30 184
82 99 31 184
82 92 32 184
82 84 33 184
82 77 43 184
82 78 48 184
211 222 9 184
211 220 10 184
211 203 27 184
211 230 29 184
211 202 48 184
451 459 6 184
451 463 7 184
451 464 8 184
451 455 14 184
451 463 19 184
593 589 7 184
593 590 8 184
593 594 14 184
593 593 22 184
593 587 23 184
593 586 24 184
219 222 8 185
219 220 9 185
219 203 26 185
219 230 28 185
219 202 47 185
459 459 5 185
459 463 6 185
459 464 7 185
459 455 13 185
459 471 16 185
459 463 18 185
551 560 5 185
551 550 27 185
551 552 28 185
551 565 51 185
463 463 5 186
463 464 6 186
463 455 12 186
463 471 15 186
463 463 17 186
474 464 5 187
474 455 11 187
474 471 14 187
474 463 16 187
550 550 23 189
550 552 24 189
550 565 47 189
550 565 52 189
550 552 54 189
187 203 21 190
187 169 36 190
187 202 42 190
459 455 8 190
459 471 11 190
459 463 13 190
459 450 54 190
560 550 22 190
560 552 23 190
560 572 30 190
560 572 32 190
560 572 42 190
560 565 46 190
560 565 51 190
560 578 52 190
560 552 53 190
560 579 54 190
463 455 7 191
463 471 10 191
463 463 12 191
463 450 53 191
589 594 7 191
589 593 15 191
589 587 16 191
589 586 17 191
589 572 29 191
589 572 31 191
589 572 41 191
589 578 51 191
589 579 53 191
464 455 6 192
464 471 9 192
464 463 11 192
464 450 52 192
590 594 6 192
590 593 14 192
590 587 15 192
590 586 16 192
590 572 28 192
590 572 30 192
590 572 40 192
590 578 50 192
590 579 52 192
222 203 18 193
222 230 20 193
222 202 39 193
222 241 43 193
222 241 46 193
326 320 6 193
326 317 7 193
326 325 17 193
326 341 19 193
326 345 21 193
326 343 22 193
326 340 23 193
326 325 48 193
639 621 6 193
639 627 7 193
639 623 17 193
639 636 28 193
639 624 38 193
220 203 17 194
220 230 19 194
220 202 38 194
343 356 13 194
343 325 16 194
343 341 18 194
343 347 19 194
343 345 20 194
343 343 21 194
343 340 22 194
343 325 47 194
339 356 12 195
339 325 15 195
339 341 17 195
339 347 18 195
339 345 19 195
339 343 20 195
339 340 21 195
339 325 46 195
455 463 5 198
455 450 46 198
594 593 8 198
594 587 9 198
594 586 10 198
594 613 39 198
594 578 44 198
594 579 46 198
320 325 11 199
320 325 42 199
621 623 11 199
621 636 22 199
621 624 32 199
621 613 38 199
621 615 39 199
621 620 49 199
621 627 53 199
35 21 31 200
35 38 31 200
35 48 37 200
35 54 38 200
35 27 47 200
35 46 52 200
112 110 13 200
112 99 14 200
112 99 15 200
112 92 16 200
112 104 26 200
112 131 41 200
166 169 26 200
166 166 42 200
166 176 46 200
166 166 48 200
166 170 53 200
317 325 10 200
317 325 41 200
627 623 10 200
627 636 21 200
627 624 31 200
627 613 37 200
627 615 38 200
627 620 48 200
627 627 52 200
105 85 11 201
105 110 12 201
105 99 13 201
105 99 14 201
105 92 15 201
105 104 25 201
105 85 46 201
471 487 51 201
463 450 41 203
415 402 12 205
415 395 15 205
415 402 16 205
415 403 37 205
415 403 48 205
593 578 36 206
593 579 38 206
356 341 5 207
356 347 6 207
356 345 7 207
356 343 8 207
356 340 9 207
587 572 13 207
587 572 15 207
587 572 25 207
587 578 35 207
587 579 37 207
370 382 18 208
370 379 19 208
586 572 12 208
586 572 14 208
586 572 24 208
586 578 34 208
586 579 36 208
247 248 12 209
247 248 18 209
247 241 27 209
247 242 28 209
247 242 29 209
247 241 30 209
247 247 31 209
247 252 38 209
247 265 39 209
247 253 40 209
247 255 40 209
325 343 5 210
325 340 6 210
325 325 31 210
623 636 11 210
623 624 21 210
623 613 27 210
623 615 28 210
623 620 38 210
623 627 42 210
623 638 45 210
623 623 52 210
83 92 5 211
83 84 6 211
83 77 16 211
83 78 21 211
83 79 34 211
83 85 36 211
83 84 37 211
83 81 42 211
83 71 45 211
203 202 21 211
368 382 15 211
368 379 16 211
368 377 52 211
368 380 53 211
85 84 5 212
85 104 14 212
85 77 15 212
85 78 20 212
85 79 33 212
85 85 35 212
85 84 36 212
85 81 41 212
85 71 44 212
341 325 29 212
550 565 24 212
550 565 29 212
550 552 31 212
550 563 34 212
550 555 41 212
550 559 51 212
110 104 13 213
110 112 49 213
230 248 8 213
230 248 14 213
230 241 23 213
230 242 24 213
230 242 25 213
230 241 26 213
230 247 27 213
552 565 23 213
552 565 28 213
552 552 30 213
552 563 33 213
552 555 40 213
552 559 50 213
552 565 54 213
99 104 12 214
99 79 31 214
99 85 33 214
99 84 34 214
99 81 39 214
99 112 48 214
345 325 27 214
99 104 11 215
99 79 30 215
99 85 32 215
99 84 33 215
99 81 38 215
99 112 47 215
343 325 26 215
11 5 5 216
11 7 5 216
11 6 10 216
11 7 10 216
11 11 11 216
11 0 15 216
11 2 15 216
11 3 15 216
11 10 15 216
11 21 15 216
11 0 16 216
11 1 16 216
11 3 16 216
11 10 16 216
11 2 21 216
11 4 21 216
11 7 21 216
11 0 22 216
11 2 22 216
11 3 22 216
11 7 22 216
11 4 23 216
11 8 23 216
11 27 31 216
11 0 37 216
11 1 37 216
11 5 37 216
11 7 37 216
11 0 38 216
11 28 52 216
11 26 53 216
92 104 10 216
92 77 11 216
92 78 16 216
92 79 29 216
92 85 31 216
92 84 32 216
92 81 37 216
92 81 54 216
340 325 25 216
5 6 9 217
5 7 9 217
5 11 10 217
5 0 14 217
5 2 14 217
5 3 14 217
5 10 14 217
5 21 14 217
5 0 15 217
5 1 15 217
5 3 15 217
5 10 15 217
5 2 20 217
5 4 20 217
5 7 20 217
5 0 21 217
5 2 21 217
5 3 21 217
5 7 21 217
5 4 22 217
5 8 22 217
5 0 36 217
5 1 36 217
5 5 36 217
5 7 36 217
5 0 37 217
7 6 9 217
7 7 9 217
7 11 10 217
7 0 14 217
7 2 14 217
7 3 14 217
7 10 14 217
7 21 14 217
7 0 15 217
7 1 15 217
7 3 15 217
7 10 15 217
7 2 20 217
7 4 20 217
7 7 20 217
7 0 21 217
7 2 21 217
7 3 21 217
7 7 21 217
7 4 22 217
7 8 22 217
7 0 36 217
7 1 36 217
7 5 36 217
7 7 36 217
7 0 37 217
7 26 52 217
84 77 10 217
84 78 15 217
84 79 28 217
84 85 30 217
84 84 31 217
84 81 36 217
84 71 39 217
84 71 52 217
84 81 53 217
402 382 9 217
402 403 25 217
402 394 26 217
402 403 36 217
402 394 44 217
402 403 45 217
402 391 52 217
395 382 6 220
395 379 7 220
395 403 22 220
395 394 23 220
395 403 33 220
395 394 41 220
395 403 42 220
395 377 43 220
395 380 44 220
395 391 49 220
572 572 12 220
572 565 16 220
572 565 21 220
572 578 22 220
572 552 23 220
572 579 24 220
572 563 26 220
572 555 33 220
572 559 43 220
572 565 47 220
572 581 49 220
5 6 5 221
5 7 5 221
5 11 6 221
5 0 10 221
5 2 10 221
5 3 10 221
5 10 10 221
5 21 10 221
5 0 11 221
5 1 11 221
5 3 11 221
5 10 11 221
5 2 16 221
5 4 16 221
5 7 16 221
5 0 17 221
5 2 17 221
5 3 17 221
5 7 17 221
5 4 18 221
5 8 18 221
5 0 32 221
5 1 32 221
5 5 32 221
5 7 32 221
5 0 33 221
7 6 5 221
7 7 5 221
7 11 6 221
7 0 10 221
7 2 10 221
7 3 10 221
7 10 10 221
7 21 10 221
7 0 11 221
7 1 11 221
7 3 11 221
7 10 11 221
7 2 16 221
7 4 16 221
7 7 16 221
7 0 17 221
7 2 17 221
7 3 17 221
7 7 17 221
7 4 18 221
7 8 18 221
7 0 32 221
7 1 32 221
7 5 32 221
7 7 32 221
7 0 33 221
7 26 48 221
248 248 6 221
248 241 15 221
248 242 16 221
248 242 17 221
248 241 18 221
248 247 19 221
248 252 26 221
248 265 27 221
248 253 28 221
248 255 28 221
402 382 5 221
402 403 21 221
402 394 22 221
402 403 32 221
402 394 40 221
402 403 41 221
402 391 48 221
636 624 10 221
636 620 27 221
636 627 31 221
636 638 34 221
636 623 41 221
636 638 52 221
572 572 10 222
572 565 14 222
572 565 19 222
572 578 20 222
572 552 21 222
572 579 22 222
572 563 24 222
572 555 31 222
572 559 41 222
572 565 45 222
572 581 47 222
572 563 53 222
6 0 5 226
6 2 5 226
6 3 5 226
6 10 5 226
6 21 5 226
6 0 6 226
6 1 6 226
6 3 6 226
6 10 6 226
6 2 11 226
6 4 11 226
6 7 11 226
6 0 12 226
6 2 12 226
6 3 12 226
6 7 12 226
6 4 13 226
6 8 13 226
6 0 27 226
6 1 27 226
6 5 27 226
6 7 27 226
6 0 28 226
7 0 5 226
7 2 5 226
7 3 5 226
7 10 5 226
7 21 5 226
7 0 6 226
7 1 6 226
7 3 6 226
7 10 6 226
7 2 11 226
7 4 11 226
7 7 11 226
7 0 12 226
7 2 12 226
7 3 12 226
7 7 12 226
7 4 13 226
7 8 13 226
7 0 27 226
7 1 27 226
7 5 27 226
7 7 27 226
7 0 28 226
7 26 43 226
104 85 21 226
104 84 22 226
104 112 36 226
169 166 16 226
169 176 20 226
169 166 22 226
169 170 27 226
169 176 31 226
169 168 34 226
169 169 35 226
169 167 36 226
169 166 37 226
169 174 43 226
382 394 17 226
382 394 35 226
382 377 37 226
382 380 38 226
382 391 43 226
11 0 5 227
11 1 5 227
11 3 5 227
11 10 5 227
11 2 10 227
11 4 10 227
11 7 10 227
11 0 11 227
11 2 11 227
11 3 11 227
11 7 11 227
11 4 12 227
11 8 12 227
11 27 20 227
11 0 26 227
11 1 26 227
11 5 26 227
11 7 26 227
11 0 27 227
11 28 41 227
11 26 42 227
58 48 10 227
58 54 11 227
58 46 25 227
58 51 28 227
58 71 29 227
58 71 42 227
58 61 47 227
77 78 5 227
77 79 18 227
77 85 20 227
77 84 21 227
77 81 26 227
77 71 29 227
77 71 42 227
77 81 43 227
77 61 47 227
77 83 51 227
77 79 52 227
248 241 9 227
248 242 10 227
248 242 11 227
248 241 12 227
248 247 13 227
248 252 20 227
248 265 21 227
248 253 22 227
248 255 22 227
248 252 51 227
248 230 52 227
379 394 16 227
379 394 34 227
379 377 36 227
379 380 37 227
379 391 42 227
0 2 6 231
0 4 6 231
0 7 6 231
0 0 7 231
0 2 7 231
0 3 7 231
0 7 7 231
0 4 8 231
0 8 8 231
0 0 22 231
0 1 22 231
0 5 22 231
0 7 22 231
0 0 23 231
2 2 6 231
2 4 6 231
2 7 6 231
2 0 7 231
2 2 7 231
2 3 7 231
2 7 7 231
2 4 8 231
2 8 8 231
2 0 22 231
2 1 22 231
2 5 22 231
2 7 22 231
2 0 23 231
3 2 6 231
3 4 6 231
3 7 6 231
3 0 7 231
3 2 7 231
3 3 7 231
3 7 7 231
3 4 8 231
3 8 8 231
3 0 22 231
3 1 22 231
3 5 22 231
3 7 22 231
3 0 23 231
10 2 6 231
10 4 6 231
10 7 6 231
10 0 7 231
10 2 7 231
10 3 7 231
10 7 7 231
10 4 8 231
10 8 8 231
10 27 16 231
10 0 22 231
10 1 22 231
10 5 22 231
10 7 22 231
10 0 23 231
10 28 37 231
10 26 38 231
10 29 52 231
10 27 54 231
21 2 6 231
21 4 6 231
21 7 6 231
21 2 7 231
21 3 7 231
21 7 7 231
21 4 8 231
21 8 8 231
21 27 16 231
21 1 22 231
21 5 22 231
21 7 22 231
21 28 37 231
21 31 37 231
21 26 38 231
21 32 39 231
21 33 48 231
21 29 52 231
21 27 54 231
38 48 6 231
38 54 7 231
38 27 16 231
38 46 21 231
38 51 24 231
38 28 37 231
38 31 37 231
38 26 38 231
38 32 39 231
38 33 48 231
38 29 52 231
38 54 53 231
38 27 54 231
135 131 10 231
135 133 12 231
135 133 13 231
135 130 39 231
135 133 52 231
135 122 53 231
135 133 53 231
624 613 6 231
624 615 7 231
624 620 17 231
624 627 21 231
624 638 24 231
624 623 31 231
624 611 41 231
624 638 42 231
0 2 5 232
0 4 5 232
0 7 5 232
0 0 6 232
0 2 6 232
0 3 6 232
0 7 6 232
0 4 7 232
0 8 7 232
0 0 21 232
0 1 21 232
0 5 21 232
0 7 21 232
0 0 22 232
1 2 5 232
1 4 5 232
1 7 5 232
1 0 6 232
1 2 6 232
1 3 6 232
1 7 6 232
1 4 7 232
1 8 7 232
1 0 21 232
1 1 21 232
1 5 21 232
1 7 21 232
1 0 22 232
3 2 5 232
3 4 5 232
3 7 5 232
3 0 6 232
3 2 6 232
3 3 6 232
3 7 6 232
3 4 7 232
3 8 7 232
3 0 21 232
3 1 21 232
3 5 21 232
3 7 21 232
3 0 22 232
10 2 5 232
10 4 5 232
10 7 5 232
10 0 6 232
10 2 6 232
10 3 6 232
10 7 6 232
10 4 7 232
10 8 7 232
10 27 15 232
10 0 21 232
10 1 21 232
10 5 21 232
10 7 21 232
10 0 22 232
10 28 36 232
10 26 37 232
10 29 51 232
10 27 53 232
78 79 13 232
78 85 15 232
78 84 16 232
78 81 21 232
78 71 24 232
78 71 37 232
78 81 38 232
78 61 42 232
78 83 46 232
78 79 47 232
78 80 53 232
78 79 54 232
202 211 41 232
572 565 9 232
572 578 10 232
572 552 11 232
572 579 12 232
572 563 14 232
572 555 21 232
572 559 31 232
572 565 35 232
572 581 37 232
572 563 43 232
572 556 51 232
241 252 11 236
241 253 13 236
241 255 13 236
241 252 42 236
241 230 43 236
565 565 5 236
565 578 6 236
565 552 7 236
565 579 8 236
565 563 10 236
565 555 17 236
565 559 27 236
565 565 31 236
565 551 32 236
565 581 33 236
565 563 39 236
565 550 44 236
565 551 45 236
565 550 46 236
565 556 47 236
565 576 51 236
565 579 52 236
565 560 53 236
2 0 16 237
2 1 16 237
2 5 16 237
2 7 16 237
2 0 17 237
4 0 16 237
4 1 16 237
4 5 16 237
4 7 16 237
4 0 17 237
7 0 16 237
7 1 16 237
7 5 16 237
7 7 16 237
7 0 17 237
7 26 32 237
48 46 15 237
48 51 18 237
48 28 31 237
48 31 31 237
48 32 33 237
48 61 37 237
48 33 42 237
48 29 46 237
48 54 47 237
242 252 10 237
242 253 12 237
242 255 12 237
242 252 41 237
242 230 42 237
613 620 11 237
613 627 15 237
613 623 25 237
613 611 35 237
0 0 15 238
0 1 15 238
0 5 15 238
0 7 15 238
0 0 16 238
2 0 15 238
2 1 15 238
2 5 15 238
2 7 15 238
2 0 16 238
3 0 15 238
3 1 15 238
3 5 15 238
3 7 15 238
3 0 16 238
7 0 15 238
7 1 15 238
7 5 15 238
7 7 15 238
7 0 16 238
7 26 31 238
54 46 14 238
54 51 17 238
54 71 18 238
54 71 31 238
54 61 36 238
54 54 46 238
242 252 9 238
242 253 11 238
242 255 11 238
242 252 40 238
242 230 41 238
615 620 10 238
615 627 14 238
615 623 24 238
615 611 34 238
4 0 14 239
4 1 14 239
4 5 14 239
4 7 14 239
4 0 15 239
8 27 8 239
8 0 14 239
8 1 14 239
8 5 14 239
8 7 14 239
8 0 15 239
8 26 30 239
8 27 46 239
241 252 8 239
241 253 10 239
241 255 10 239
241 252 39 239
241 230 40 239
247 252 7 240
247 265 8 240
247 253 9 240
247 255 9 240
247 252 38 240
247 230 39 240
247 263 43 240
131 112 21 241
131 130 29 241
131 133 42 241
131 122 43 241
131 133 43 241
131 112 46 241
131 130 53 241
131 135 54 241
565 563 5 241
565 555 12 241
565 559 22 241
565 565 26 241
565 551 27 241
565 581 28 241
565 563 34 241
565 550 39 241
565 551 40 241
565 550 41 241
565 556 42 241
565 576 46 241
565 579 47 241
565 560 48 241
166 166 6 242
166 170 11 242
166 176 15 242
166 168 18 242
166 169 19 242
166 167 20 242
166 166 21 242
166 174 27 242
166 160 54 242
403 403 11 242
403 394 19 242
403 403 20 242
403 391 27 242
403 414 42 242
578 559 21 242
578 565 25 242
578 581 27 242
578 563 33 242
578 576 45 242
578 579 46 242
578 560 47 242
578 596 51 242
133 130 27 243
133 133 40 243
133 122 41 243
133 133 41 243
133 130 51 243
133 135 52 243
394 403 10 243
394 394 18 243
394 403 19 243
394 377 20 243
394 380 21 243
394 391 26 243
552 555 10 243
552 559 20 243
552 565 24 243
552 551 25 243
552 563 32 243
552 532 35 243
552 550 37 243
552 551 38 243
552 550 39 243
552 556 40 243
552 539 41 243
552 560 46 243
552 539 51 243
552 551 53 243
133 130 26 244
133 133 39 244
133 122 40 244
133 133 40 244
133 130 50 244
133 135 51 244
450 450 26 244
450 451 30 244
450 443 43 244
450 449 44 244
450 436 52 244
450 432 53 244
450 432 54 244
579 559 19 244
579 565 23 244
579 581 25 244
579 563 31 244
579 576 43 244
579 579 44 244
579 560 45 244
579 596 49 244
79 81 8 245
79 71 11 245
79 71 24 245
79 81 25 245
79 61 29 245
79 83 33 245
79 79 34 245
79 80 40 245
79 79 41 245
79 71 51 245
79 61 52 245
176 170 7 246
176 176 11 246
176 168 14 246
176 169 15 246
176 167 16 246
176 166 17 246
176 174 23 246
176 190 42 246
176 160 50 246
508 491 9 246
508 496 10 246
508 508 27 246
508 517 49 246
508 527 51 246
563 555 7 246
563 559 17 246
563 565 21 246
563 551 22 246
563 581 23 246
563 563 29 246
563 550 34 246
563 551 35 246
563 550 36 246
563 556 37 246
563 576 41 246
563 579 42 246
563 560 43 246
563 551 50 246
27 46 5 247
27 7 6 247
27 28 21 247
27 31 21 247
27 26 22 247
27 32 23 247
27 33 32 247
27 29 36 247
27 27 38 247
85 81 6 247
85 71 9 247
85 71 22 247
85 81 23 247
85 83 31 247
85 79 32 247
85 80 38 247
85 79 39 247
85 71 49 247
252 252 31 247
252 263 36 247
252 247 50 247
252 248 51 247
252 253 52 247
529 529 27 247
529 532 31 247
529 529 32 247
529 539 37 247
529 539 47 247
529 517 48 247
529 527 50 247
529 528 51 247
529 529 52 247
84 81 5 248
84 71 8 248
84 71 21 248
84 81 22 248
84 83 30 248
84 79 31 248
84 80 37 248
84 79 38 248
84 71 48 248
166 170 5 248
166 176 9 248
166 168 12 248
166 169 13 248
166 167 14 248
166 166 15 248
166 174 21 248
166 160 48 248
265 252 30 248
265 263 35 248
265 247 49 248
265 248 50 248
265 253 51 248
620 638 7 248
620 623 14 248
620 611 24 248
620 638 25 248
620 637 38 248
620 614 54 248
253 252 29 249
253 263 34 249
253 247 48 249
253 248 49 249
253 253 50 249
255 252 29 249
255 263 34 249
255 247 48 249
255 248 49 249
255 253 50 249
46 28 16 252
46 31 16 252
46 26 17 252
46 32 18 252
46 61 22 252
46 33 27 252
46 29 31 252
46 54 32 252
46 27 33 252
46 61 45 252
487 480 8 252
487 483 16 252
487 474 33 252
627 623 10 252
627 611 20 252
627 638 21 252
627 637 34 252
627 614 50 252
627 627 52 252
0 6 54 253
0 7 54 253
1 6 54 253
1 7 54 253
5 6 54 253
5 7 54 253
7 26 16 253
7 6 54 253
7 7 54 253
81 71 16 253
81 81 17 253
81 61 21 253
81 83 25 253
81 79 26 253
81 80 32 253
81 79 33 253
81 71 43 253
81 61 44 253
170 168 7 253
170 169 8 253
170 167 9 253
170 166 10 253
170 174 16 253
170 160 43 253
403 394 8 253
403 403 9 253
403 391 16 253
403 414 31 253
555 559 10 253
555 565 14 253
555 551 15 253
555 563 22 253
555 550 27 253
555 551 28 253
555 550 29 253
555 556 30 253
555 539 31 253
555 560 36 253
555 539 41 253
555 551 43 253
0 6 53 254
0 7 53 254
51 31 13 255
51 32 15 255
51 61 19 255
51 33 24 255
51 54 29 255
51 61 42 255
51 31 53 255
491 480 5 255
491 483 13 255
491 508 18 255
491 474 30 255
638 623 7 255
638 638 18 255
638 637 31 255
638 627 49 255
638 627 52 255
71 71 13 256
71 81 14 256
71 61 18 256
71 83 22 256
71 79 23 256
71 54 28 256
71 80 29 256
71 79 30 256
71 71 40 256
71 61 41 256
496 483 12 256
496 508 17 256
176 167 5 257
176 166 6 257
176 174 12 257
176 190 31 257
176 160 39 257
176 166 53 257
176 179 54 257
168 174 9 260
168 160 36 260
168 166 50 260
168 179 51 260
480 483 8 260
480 474 25 260
169 174 8 261
169 160 35 261
169 166 49 261
169 179 50 261
394 391 8 261
112 130 8 262
112 122 22 262
112 112 25 262
112 130 32 262
112 131 42 262
167 174 7 262
167 160 34 262
167 166 48 262
167 179 49 262
403 391 7 262
403 414 22 262
623 611 10 262
623 638 11 262
623 637 24 262
623 614 40 262
623 627 42 262
623 627 45 262
623 617 48 262
623 622 49 262
623 619 52 262
623 609 53 262
623 604 54 262
166 174 6 263
166 160 33 263
166 166 47 263
166 179 48 263
377 391 6 263
377 380 54 263
559 551 5 263
559 563 12 263
559 550 17 263
559 551 18 263
559 550 19 263
559 556 20 263
559 539 21 263
559 576 24 263
559 560 26 263
559 539 31 263
559 551 33 263
380 391 5 264
380 380 53 264
565 563 8 267
565 550 13 267
565 551 14 267
565 550 15 267
565 556 16 267
565 576 20 267
565 579 21 267
565 560 22 267
565 551 29 267
28 33 11 268
28 29 15 268
28 27 17 268
28 29 40 268
28 31 40 268
31 33 11 268
31 29 15 268
31 27 17 268
31 29 40 268
31 31 40 268
483 474 17 268
551 563 7 268
551 532 10 268
551 550 12 268
551 551 13 268
551 550 14 268
551 556 15 268
551 539 16 268
551 560 21 268
551 539 26 268
551 551 28 268
551 533 35 268
551 538 45 268
26 33 10 269
26 29 14 269
26 27 16 269
26 6 38 269
26 7 38 269
26 29 39 269
26 31 39 269
71 61 5 269
71 83 9 269
71 79 10 269
71 54 15 269
71 80 16 269
71 79 17 269
71 71 27 269
71 61 28 269
174 190 19 269
174 160 27 269
174 166 41 269
174 179 42 269
391 380 48 269
581 563 6 269
581 576 18 269
581 579 19 269
581 596 24 269
581 596 48 269
32 33 9 270
32 29 13 270
32 27 15 270
32 29 38 270
32 31 38 270
81 83 8 270
81 79 9 270
81 80 15 270
81 79 16 270
81 71 26 270
81 61 27 270
130 133 13 270
130 122 14 270
130 133 14 270
130 112 17 270
130 130 24 270
130 135 25 270
130 131 34 270
130 130 51 270
450 443 17 270
450 449 18 270
450 436 26 270
450 432 27 270
450 432 28 270
450 438 29 270
450 447 33 270
450 432 40 270
450 445 41 270
450 430 42 270
611 596 21 272
611 614 30 272
611 627 32 272
611 627 35 272
611 617 38 272
611 622 39 272
611 619 42 272
611 609 43 272
611 604 44 272
611 596 45 272
611 601 46 272
611 608 47 272
611 609 48 272
611 627 53 272
211 230 6 273
508 517 22 273
508 527 24 273
508 522 39 273
508 507 47 273
508 507 52 273
508 502 53 273
508 511 53 273
508 501 54 273
638 637 13 273
638 627 31 273
638 627 34 273
638 622 38 273
638 619 41 273
638 627 52 273
61 79 5 274
61 54 10 274
61 80 11 274
61 79 12 274
61 71 22 274
61 61 23 274
451 443 13 274
451 449 14 274
451 436 22 274
451 432 23 274
451 432 24 274
451 438 25 274
451 447 29 274
451 432 36 274
451 445 37 274
529 529 5 274
529 539 10 274
529 539 20 274
529 517 21 274
529 527 23 274
529 528 24 274
529 529 25 274
529 533 29 274
529 522 38 274
529 538 39 274
529 511 52 274
563 550 5 275
563 551 6 275
563 550 7 275
563 556 8 275
563 576 12 275
563 579 13 275
563 560 14 275
563 551 21 275
83 80 7 278
83 79 8 278
83 71 18 278
252 263 5 278
252 247 19 278
252 248 20 278
252 253 21 278
252 263 40 278
532 539 6 278
532 539 16 278
532 517 17 278
532 551 18 278
532 527 19 278
532 528 20 278
532 529 21 278
532 533 25 278
532 522 34 278
532 538 35 278
33 27 6 279
33 29 29 279
33 31 29 279
79 80 6 279
79 79 7 279
79 71 17 279
79 61 18 279
230 247 18 279
230 248 19 279
529 539 5 279
529 539 15 279
529 517 16 279
529 527 18 279
529 528 19 279
529 529 20 279
529 533 24 279
529 522 33 279
529 538 34 279
529 511 47 279
550 560 9 280
550 539 14 280
550 551 16 280
550 533 23 280
550 538 33 280
551 560 8 281
551 539 13 281
551 551 15 281
551 533 22 281
551 538 32 281
550 560 7 282
550 539 12 282
550 551 14 282
550 533 21 282
550 538 31 282
29 29 25 283
29 31 25 283
29 43 54 283
133 130 11 283
133 135 12 283
133 131 21 283
133 130 38 283
133 136 54 283
263 247 14 283
263 248 15 283
263 253 16 283
263 263 35 283
556 560 6 283
556 539 11 283
556 551 13 283
556 538 30 283
54 71 12 284
54 61 13 284
54 56 52 284
54 43 53 284
122 130 10 284
122 135 11 284
122 131 20 284
122 130 37 284
122 136 53 284
122 123 54 284
122 132 54 284
133 130 10 284
133 135 11 284
133 131 20 284
133 130 37 284
133 136 53 284
133 123 54 284
133 132 54 284
414 432 13 284
414 432 14 284
414 432 26 284
414 430 28 284
414 415 37 284
539 539 10 284
539 551 12 284
539 527 13 284
539 528 14 284
539 529 15 284
539 533 19 284
539 522 28 284
539 538 29 284
539 520 52 284
539 522 54 284
27 7 22 285
27 29 23 285
27 31 23 285
27 43 52 285
80 71 11 285
80 61 12 285
474 493 44 285
474 482 46 285
79 71 10 286
79 61 11 286
637 627 18 286
637 627 21 286
637 617 24 286
637 622 25 286
637 619 28 286
637 627 39 286
637 627 49 286
112 130 7 287
112 131 17 287
112 130 34 287
112 123 51 287
112 120 52 287
443 436 9 287
443 432 10 287
443 432 11 287
443 438 12 287
443 447 16 287
443 432 23 287
443 445 24 287
443 430 25 287
443 426 52 287
443 430 53 287
443 435 54 287
190 179 23 288
449 436 8 288
449 432 9 288
449 432 10 288
449 438 11 288
449 447 15 288
449 432 22 288
449 445 23 288
449 430 24 288
449 430 52 288
449 435 53 288
579 596 5 288
579 596 29 288
560 551 7 289
596 614 9 293
596 609 22 293
596 604 23 293
596 596 24 293
596 601 25 293
596 608 26 293
596 609 27 293
130 131 10 294
130 130 27 294
130 136 43 294
130 123 44 294
130 132 44 294
130 120 45 294
130 145 45 294
539 529 5 294
539 533 9 294
539 522 18 294
539 538 19 294
539 520 42 294
539 522 44 294
539 520 45 294
539 522 46 294
539 531 47 294
539 528 50 294
539 528 51 294
135 131 9 295
135 130 26 295
135 136 42 295
135 123 43 295
135 132 43 295
135 120 44 295
135 145 44 295
517 533 8 295
517 522 17 295
517 507 25 295
517 507 30 295
517 502 31 295
517 511 31 295
517 501 32 295
517 502 35 295
517 497 37 295
517 508 38 295
517 520 41 295
517 516 42 295
517 522 43 295
517 520 44 295
517 522 45 295
517 531 46 295
517 528 49 295
517 528 50 295
71 56 40 296
160 166 14 296
160 179 15 296
160 145 43 296
436 447 7 296
436 432 14 296
436 445 15 296
436 430 16 296
436 426 43 296
436 430 44 296
436 435 45 296
436 436 49 296
551 533 7 296
551 538 17 296
551 531 45 296
61 56 39 297
61 43 40 297
61 78 54 297
247 263 21 297
247 242 43 297
247 248 44 297
247 247 49 297
432 447 6 297
432 432 13 297
432 445 14 297
432 430 15 297
432 415 24 297
432 426 42 297
432 430 43 297
432 435 44 297
432 436 48 297
527 533 6 297
527 522 15 297
527 538 16 297
527 507 23 297
527 507 28 297
527 511 29 297
527 508 36 297
527 520 39 297
527 516 40 297
527 522 41 297
527 520 42 297
527 522 43 297
527 531 44 297
527 528 47 297
527 528 48 297
248 263 20 298
248 242 42 298
248 248 43 298
248 247 48 298
432 447 5 298
432 432 12 298
432 445 13 298
432 430 14 298
432 415 23 298
432 426 41 298
432 430 42 298
432 435 43 298
432 436 47 298
432 415 54 298
528 533 5 298
528 522 14 298
528 538 15 298
528 511 28 298
528 508 35 298
528 520 38 298
528 516 39 298
528 522 40 298
528 520 41 298
528 522 42 298
528 531 43 298
528 528 46 298
528 528 47 298
253 263 19 299
253 242 41 299
253 248 42 299
253 247 47 299
438 432 11 299
438 445 12 299
438 430 13 299
438 426 40 299
438 430 41 299
438 435 42 299
438 436 46 299
438 440 54 299
529 522 13 299
529 538 14 299
529 511 27 299
529 520 37 299
529 516 38 299
529 522 39 299
529 520 40 299
529 522 41 299
529 531 42 299
529 528 45 299
529 528 46 299
614 627 5 302
614 617 8 302
614 622 9 302
614 619 12 302
614 609 13 302
614 604 14 302
614 596 15 302
614 601 16 302
614 608 17 302
614 609 18 302
614 627 23 302
614 627 33 302
614 627 44 302
614 623 47 302
614 613 50 302
614 619 54 302
447 432 7 303
447 445 8 303
447 430 9 303
447 430 37 303
447 435 38 303
447 436 42 303
447 440 50 303
447 430 51 303
533 522 9 303
533 538 10 303
533 520 33 303
533 516 34 303
533 522 35 303
533 520 36 303
533 522 37 303
533 531 38 303
533 528 41 303
533 528 42 303
533 522 51 303
533 538 52 303
131 130 17 304
131 136 33 304
131 123 34 304
131 132 34 304
131 120 35 304
131 145 35 304
131 122 48 304
131 131 48 304
310 293 12 304
310 325 42 304
310 297 54 304
627 617 6 304
627 622 7 304
627 619 10 304
627 609 11 304
627 608 15 304
627 609 16 304
627 627 21 304
627 627 31 304
627 627 42 304
627 623 45 304
627 613 48 304
627 619 52 304
627 608 54 304
6 11 39 307
6 11 43 307
6 22 43 307
7 11 39 307
7 11 43 307
7 22 43 307
627 619 7 307
627 609 8 307
627 608 12 307
627 609 13 307
627 627 18 307
627 627 28 307
627 627 39 307
627 623 42 307
627 613 45 307
627 619 49 307
627 608 51 307
627 611 54 307
29 43 29 308
29 11 38 308
29 11 42 308
29 22 42 308
29 32 42 308
29 38 43 308
29 47 46 308
31 43 29 308
31 11 38 308
31 11 42 308
31 22 42 308
31 32 42 308
31 38 43 308
31 47 46 308
166 171 43 310
166 175 47 310
166 168 50 310
432 415 11 310
432 426 29 310
432 430 30 310
432 435 31 310
432 436 35 310
432 415 42 310
432 440 43 310
432 430 44 310
432 450 53 310
617 609 5 310
617 604 6 310
617 601 8 310
617 608 9 310
617 609 10 310
617 627 15 310
617 627 25 310
617 627 36 310
617 623 39 310
617 613 42 310
617 619 46 310
617 603 47 310
617 608 48 310
617 601 49 310
617 605 50 310
617 611 51 310
179 171 42 311
179 175 46 311
179 168 49 311
445 426 28 311
445 430 29 311
445 435 30 311
445 436 34 311
445 440 42 311
445 430 43 311
445 450 52 311
622 604 5 311
622 608 8 311
622 609 9 311
622 627 14 311
622 627 24 311
622 627 35 311
622 623 38 311
622 613 41 311
622 619 45 311
622 603 46 311
622 608 47 311
622 605 49 311
622 611 50 311
430 415 9 312
430 426 27 312
430 430 28 312
430 435 29 312
430 436 33 312
430 415 40 312
430 440 41 312
430 430 42 312
522 507 8 312
522 507 13 312
522 502 14 312
522 511 14 312
522 502 18 312
522 508 21 312
522 520 24 312
522 516 25 312
522 522 26 312
522 520 27 312
522 522 28 312
522 531 29 312
522 528 32 312
522 528 33 312
522 522 42 312
522 538 43 312
522 508 50 312
522 513 50 312
522 508 54 312
538 520 23 313
538 522 25 313
538 520 26 313
538 522 27 313
538 531 28 313
538 528 31 313
538 528 32 313
538 522 41 313
538 538 42 313
538 550 53 313
619 608 5 314
619 609 6 314
619 627 11 314
619 627 21 314
619 627 32 314
619 623 35 314
619 613 38 314
619 619 42 314
619 603 43 314
619 608 44 314
619 601 45 314
619 605 46 314
619 611 47 314
609 609 5 315
609 627 10 315
609 627 20 315
609 627 31 315
609 623 34 315
609 613 37 315
609 619 41 315
609 603 42 315
609 608 43 315
609 601 44 315
609 605 45 315
609 611 46 315
293 297 42 316
604 623 33 316
604 613 36 316
604 619 40 316
604 603 41 316
604 608 42 316
604 601 43 316
604 605 44 316
604 611 45 316
596 613 35 317
596 603 40 317
596 608 41 317
596 601 42 317
596 605 43 317
596 611 44 317
263 248 23 318
263 247 28 318
263 266 41 318
601 613 34 318
601 619 38 318
601 603 39 318
601 608 40 318
601 601 41 318
601 605 42 318
601 611 43 318
608 627 6 319
608 627 16 319
608 627 27 319
608 623 30 319
608 613 33 319
608 619 37 319
608 603 38 319
608 608 39 319
608 601 40 319
608 605 41 319
608 611 42 319
507 507 5 320
507 502 6 320
507 511 6 320
507 501 7 320
507 495 8 320
507 493 9 320
507 502 10 320
507 497 12 320
507 508 13 320
507 520 16 320
507 516 17 320
507 522 18 320
507 520 19 320
507 522 20 320
507 522 34 320
507 508 42 320
507 513 42 320
507 508 46 320
507 501 47 320
507 511 47 320
507 501 48 320
507 508 49 320
507 511 49 320
507 501 50 320
507 508 51 320
507 513 51 320
507 488 52 320
507 499 53 320
507 492 54 320
609 627 5 320
609 627 15 320
609 627 26 320
609 623 29 320
609 613 32 320
609 619 36 320
609 603 37 320
609 608 38 320
609 601 39 320
609 605 40 320
609 611 41 320
130 136 16 321
130 123 17 321
130 132 17 321
130 120 18 321
130 145 18 321
130 122 31 321
130 131 31 321
130 112 42 321
415 426 18 321
415 430 19 321
415 415 31 321
415 430 33 321
507 502 5 325
507 497 7 325
507 508 8 325
507 520 11 325
507 516 12 325
507 522 13 325
507 520 14 325
507 522 15 325
507 522 29 325
507 508 37 325
507 513 37 325
507 508 41 325
507 501 42 325
507 511 42 325
507 501 43 325
507 508 44 325
507 511 44 325
507 501 45 325
507 508 46 325
507 513 46 325
507 488 47 325
507 499 48 325
507 492 49 325
627 627 10 325
627 627 21 325
627 623 24 325
627 613 27 325
627 619 31 325
627 608 33 325
627 611 36 325
627 627 52 325
502 482 5 326
502 497 6 326
502 508 7 326
502 520 10 326
502 516 11 326
502 520 13 326
502 508 36 326
502 513 36 326
502 508 40 326
502 501 41 326
502 511 41 326
502 501 42 326
502 508 43 326
502 511 43 326
502 501 44 326
502 508 45 326
502 513 45 326
502 488 46 326
502 499 47 326
502 492 48 326
511 497 6 326
511 508 7 326
511 520 10 326
511 516 11 326
511 522 12 326
511 520 13 326
511 522 14 326
511 528 18 326
511 528 19 326
511 522 28 326
511 508 36 326
511 513 36 326
511 508 40 326
511 501 41 326
511 511 41 326
511 501 42 326
511 508 43 326
511 511 43 326
511 501 44 326
511 508 45 326
511 513 45 326
511 499 47 326
511 492 48 326
501 497 5 327
501 508 6 327
501 520 9 327
501 516 10 327
501 520 12 327
501 508 35 327
501 513 35 327
501 508 39 327
501 501 40 327
501 511 40 327
501 501 41 327
501 508 42 327
501 511 42 327
501 501 43 327
501 508 44 327
501 513 44 327
501 488 45 327
501 499 46 327
501 492 47 327
495 508 5 328
495 508 34 328
495 513 34 328
495 508 38 328
495 501 39 328
495 511 39 328
495 501 40 328
495 508 41 328
495 511 41 328
495 501 42 328
495 508 43 328
495 513 43 328
495 488 44 328
495 499 45 328
495 492 46 328
493 508 33 329
493 508 37 329
493 501 38 329
493 511 38 329
493 501 39 329
493 508 40 329
493 511 40 329
493 501 41 329
493 508 42 329
493 488 43 329
493 499 44 329
493 492 45 329
493 473 48 329
502 520 6 330
502 516 7 330
502 520 9 330
502 508 32 330
502 513 32 330
502 508 36 330
502 501 37 330
502 511 37 330
502 501 38 330
502 508 39 330
502 511 39 330
502 501 40 330
502 508 41 330
502 513 41 330
502 488 42 330
502 499 43 330
502 492 44 330
482 501 36 331
482 501 37 331
482 501 39 331
482 488 41 331
482 499 42 331
482 492 43 331
482 473 46 331
482 466 47 331
482 465 48 331
482 464 49 331
482 466 50 331
482 471 51 331
497 516 5 332
497 508 30 332
497 513 30 332
497 508 34 332
497 501 35 332
497 511 35 332
497 501 36 332
497 508 37 332
497 511 37 332
497 501 38 332
497 508 39 332
497 513 39 332
497 488 40 332
497 499 41 332
497 492 42 332
508 522 5 333
508 520 6 333
508 522 7 333
508 522 21 333
508 508 29 333
508 513 29 333
508 508 33 333
508 501 34 333
508 511 34 333
508 501 35 333
508 508 36 333
508 511 36 333
508 501 37 333
508 508 38 333
508 513 38 333
508 488 39 333
508 499 40 333
508 492 41 333
627 627 11 335
627 623 14 335
627 613 17 335
627 619 21 335
627 608 23 335
627 611 26 335
627 627 42 335
627 623 52 335
627 637 53 335
56 38 15 336
56 47 18 336
56 59 19 336
56 61 21 336
520 531 5 336
520 528 8 336
520 528 9 336
520 522 18 336
520 538 19 336
520 508 26 336
520 513 26 336
520 508 30 336
520 501 31 336
520 511 31 336
520 501 32 336
520 508 33 336
520 511 33 336
520 501 34 336
520 508 35 336
520 513 35 336
43 32 13 337
43 38 14 337
43 47 17 337
43 59 18 337
43 61 20 337
43 28 54 337
136 122 15 337
136 131 15 337
516 528 7 337
516 528 8 337
516 522 17 337
516 508 25 337
516 513 25 337
516 508 29 337
516 501 30 337
516 511 30 337
516 501 31 337
516 508 32 337
516 511 32 337
516 501 33 337
516 508 34 337
516 513 34 337
516 499 36 337
123 122 14 338
123 131 14 338
123 112 25 338
123 106 39 338
123 103 40 338
123 103 43 338
123 112 53 338
132 122 14 338
132 131 14 338
132 112 25 338
132 112 53 338
522 528 6 338
522 528 7 338
522 522 16 338
522 538 17 338
522 508 24 338
522 513 24 338
522 508 28 338
522 511 29 338
522 508 31 338
522 511 31 338
522 508 33 338
522 513 33 338
120 122 13 339
120 131 13 339
120 112 24 339
120 106 38 339
120 103 39 339
120 101 40 339
120 103 42 339
120 112 52 339
120 131 54 339
145 131 13 339
145 131 54 339
426 436 6 339
426 415 13 339
426 440 14 339
426 430 15 339
520 528 5 339
520 528 6 339
520 522 15 339
520 538 16 339
520 508 23 339
520 513 23 339
520 508 27 339
520 501 28 339
520 511 28 339
520 501 29 339
520 508 30 339
520 511 30 339
520 501 31 339
520 508 32 339
520 513 32 339
242 247 6 340
242 227 41 340
242 228 42 340
430 436 5 340
430 415 12 340
430 440 13 340
430 430 14 340
430 449 50 340
522 528 5 340
522 522 14 340
522 538 15 340
522 508 22 340
522 513 22 340
522 508 26 340
522 511 27 340
522 508 29 340
522 511 29 340
522 508 31 340
522 513 31 340
248 247 5 341
248 266 18 341
248 228 41 341
435 415 11 341
435 440 12 341
435 430 13 341
435 450 22 341
435 451 46 341
435 449 49 341
435 453 50 341
435 451 54 341
531 522 13 341
531 538 14 341
531 513 21 341
531 550 25 341
531 511 26 341
531 511 28 341
531 513 30 341
528 522 10 344
528 538 11 344
528 508 18 344
528 513 18 344
528 508 22 344
528 511 23 344
528 508 25 344
528 511 25 344
528 508 27 344
528 513 27 344
436 440 8 345
436 430 9 345
436 450 18 345
436 451 42 345
436 449 45 345
436 453 46 345
436 451 50 345
528 522 9 345
528 538 10 345
528 508 17 345
528 513 17 345
528 508 21 345
528 511 22 345
528 508 24 345
528 511 24 345
528 508 26 345
528 513 26 345
11 28 45 346
247 266 13 346
247 227 35 346
247 228 36 346
325 325 47 346
627 613 6 346
627 619 10 346
627 608 12 346
627 611 15 346
627 627 31 346
627 623 41 346
627 637 42 346
623 619 7 349
623 603 8 349
623 608 9 349
623 605 11 349
623 611 12 349
623 627 28 349
623 623 38 349
623 637 39 349
11 28 41 350
22 28 41 350
32 28 41 350
38 28 40 351
38 35 54 351
78 61 6 351
78 85 11 351
78 84 35 351
78 83 42 351
78 87 45 351
78 88 46 351
78 81 51 351
78 80 54 351
122 112 11 352
122 106 25 352
122 103 26 352
122 103 29 352
122 112 39 352
122 131 41 352
122 103 43 352
131 112 11 352
131 112 39 352
131 131 41 352
613 603 5 352
613 608 6 352
613 601 7 352
613 605 8 352
613 611 9 352
613 627 25 352
613 623 35 352
613 593 52 352
80 85 9 353
80 99 27 353
80 84 33 353
80 83 40 353
80 87 43 353
80 88 44 353
80 81 49 353
80 80 52 353
171 168 7 353
171 177 52 353
440 450 10 353
440 457 33 353
440 451 34 353
440 449 37 353
440 453 38 353
440 451 42 353
440 458 43 353
440 457 48 353
440 459 49 353
440 450 52 353
47 28 37 354
47 35 51 354
430 449 36 354
522 508 8 354
522 513 8 354
522 508 12 354
522 511 13 354
522 508 15 354
522 511 15 354
522 508 17 354
522 513 17 354
538 550 11 355
619 611 5 356
619 627 21 356
619 623 31 356
619 637 32 356
61 80 48 357
175 177 48 357
603 591 41 357
603 583 43 357
603 585 44 357
603 586 45 357
603 588 46 357
603 593 47 357
608 627 19 358
608 623 29 358
608 591 40 358
608 588 45 358
608 593 46 358
601 582 27 359
601 591 39 359
601 583 41 359
601 585 42 359
601 586 43 359
601 588 44 359
601 593 45 359
168 177 45 360
605 623 27 360
605 591 38 360
605 585 41 360
605 586 42 360
605 588 43 360
605 593 44 360
611 627 16 361
611 623 26 361
611 591 37 361
611 593 43 361
85 103 16 362
85 101 17 362
85 99 18 362
85 103 19 362
85 84 24 362
85 83 31 362
85 100 32 362
85 103 33 362
85 87 34 362
85 88 35 362
85 81 40 362
85 80 43 362
508 501 5 362
508 511 5 362
508 501 6 362
508 508 7 362
508 511 7 362
508 501 8 362
508 508 9 362
508 513 9 362
508 488 10 362
508 499 11 362
508 492 12 362
513 501 5 362
513 511 5 362
513 501 6 362
513 508 7 362
513 511 7 362
513 501 8 362
513 508 9 362
513 513 9 362
513 499 11 362
112 106 14 363
112 103 15 363
112 101 16 363
112 99 17 363
112 103 18 363
112 112 28 363
112 131 30 363
112 100 31 363
112 103 32 363
450 466 15 363
450 465 16 363
450 464 17 363
450 466 18 363
450 457 23 363
450 451 24 363
450 449 27 363
450 453 28 363
450 451 32 363
450 458 33 363
450 463 36 363
450 461 37 363
450 457 38 363
450 459 39 363
450 463 40 363
450 469 41 363
450 450 42 363
508 508 5 366
508 513 5 366
508 488 6 366
508 499 7 366
508 492 8 366
501 488 5 367
501 499 6 367
501 492 7 367
511 499 6 367
511 492 7 367
501 499 5 368
501 492 6 368
508 492 5 369
511 492 5 369
488 473 5 372
488 471 10 372
488 469 32 372
106 112 14 377
106 100 17 377
106 103 18 377
106 87 19 377
106 88 20 377
473 471 5 377
473 457 9 377
473 453 14 377
473 458 19 377
473 463 22 377
473 461 23 377
473 457 24 377
473 459 25 377
473 463 26 377
473 469 27 377
627 623 10 377
627 637 11 377
103 84 8 378
103 112 13 378
103 83 15 378
103 100 16 378
103 103 17 378
103 87 18 378
103 88 19 378
466 457 8 378
466 451 9 378
466 449 12 378
466 453 13 378
466 451 17 378
466 458 18 378
466 463 21 378
466 461 22 378
466 457 23 378
466 459 24 378
466 463 25 378
466 469 26 378
466 450 27 378
101 84 7 379
101 112 12 379
101 83 14 379
101 100 15 379
101 103 16 379
101 87 17 379
101 88 18 379
101 81 23 379
465 457 7 379
465 451 8 379
465 449 11 379
465 453 12 379
465 451 16 379
465 458 17 379
465 463 20 379
465 461 21 379
465 457 22 379
465 459 23 379
465 463 24 379
465 469 25 379
465 450 26 379
99 84 6 380
99 112 11 380
99 83 13 380
99 100 14 380
99 103 15 380
99 87 16 380
99 88 17 380
99 81 22 380
99 80 25 380
220 218 14 380
220 219 19 380
220 211 20 380
220 207 21 380
220 210 22 380
464 457 6 380
464 451 7 380
464 449 10 380
464 453 11 380
464 451 15 380
464 458 16 380
464 463 19 380
464 461 20 380
464 457 21 380
464 459 22 380
464 463 23 380
464 469 24 380
464 450 25 380
103 84 5 381
103 112 10 381
103 83 12 381
103 100 13 381
103 103 14 381
103 87 15 381
103 88 16 381
227 218 13 381
227 219 18 381
227 211 19 381
227 207 20 381
227 210 21 381
466 457 5 381
466 451 6 381
466 449 9 381
466 453 10 381
466 451 14 381
466 458 15 381
466 463 18 381
466 461 19 381
466 457 20 381
466 459 21 381
466 463 22 381
466 469 23 381
466 450 24 381
228 218 12 382
228 219 17 382
228 211 18 382
228 210 20 382
471 451 5 382
471 453 9 382
471 451 13 382
471 458 14 382
471 463 17 382
471 461 18 382
471 457 19 382
471 459 20 382
471 463 21 382
471 469 22 382
579 574 5 385
579 591 13 385
579 583 15 385
579 585 16 385
579 586 17 385
579 588 18 385
579 593 19 385
84 83 7 386
84 100 8 386
84 103 9 386
84 87 10 386
84 88 11 386
84 81 16 386
84 80 19 386
457 453 5 386
457 451 9 386
457 458 10 386
457 463 13 386
457 461 14 386
457 457 15 386
457 459 16 386
457 463 17 386
457 469 18 386
457 450 19 386
582 591 12 386
582 583 14 386
582 585 15 386
582 586 16 386
582 588 17 386
582 593 18 386
451 451 8 387
451 458 9 387
451 463 12 387
451 461 13 387
451 457 14 387
451 459 15 387
451 463 16 387
451 469 17 387
451 450 18 387
449 451 5 390
449 458 6 390
449 463 9 390
449 461 10 390
449 457 11 390
449 459 12 390
449 463 13 390
449 450 15 390
574 591 8 390
574 583 10 390
574 585 11 390
574 586 12 390
574 588 13 390
574 593 14 390
28 35 14 391
453 458 5 391
453 463 8 391
453 461 9 391
453 457 10 391
453 459 11 391
453 463 12 391
453 469 13 391
453 450 14 391
83 81 9 393
83 80 12 393
100 81 8 394
100 80 11 394
218 219 5 394
218 211 6 394
218 207 7 394
218 210 8 394
451 461 5 395
451 457 6 395
451 459 7 395
451 463 8 395
451 469 9 395
451 450 10 395
87 81 6 396
87 80 9 396
458 457 5 396
458 459 6 396
458 463 7 396
458 469 8 396
458 450 9 396
88 81 5 397
88 80 8 397
591 588 5 398
591 593 6 398
463 469 5 399
463 450 6 399
461 450 5 400
