7 53 1 0
7 56 6 0
7 1 8 0
7 6 9 0
7 17 9 0
7 56 9 0
7 19 10 0
7 49 12 0
7 56 13 0
7 8 14 0
7 45 14 0
7 51 19 0
7 47 20 0
7 9 21 0
7 0 23 0
7 62 26 0
7 65 26 0
7 58 27 0
7 64 27 0
7 40 28 0
7 1 30 0
7 8 30 0
7 66 33 0
7 42 34 0
7 28 35 0
7 61 35 0
15 53 1 0
15 74 1 0
15 56 6 0
15 1 8 0
15 6 9 0
15 17 9 0
15 56 9 0
15 19 10 0
15 49 12 0
15 72 12 0
15 56 13 0
15 8 14 0
15 45 14 0
15 51 19 0
15 67 19 0
15 47 20 0
15 68 20 0
15 9 21 0
15 69 21 0
15 0 23 0
15 62 26 0
15 65 26 0
15 58 27 0
15 64 27 0
15 40 28 0
15 1 30 0
15 8 30 0
15 66 33 0
15 42 34 0
15 74 34 0
15 28 35 0
15 61 35 0
431 458 3 0
431 428 6 0
431 438 9 0
431 435 10 0
431 444 14 0
431 409 19 0
431 395 22 0
431 418 29 0
431 394 32 0
431 487 36 0
431 381 40 0
570 528 1 0
570 512 2 0
570 514 8 0
570 556 12 0
570 534 13 0
570 515 15 0
570 554 17 0
570 511 18 0
570 627 23 0
570 621 25 0
570 536 26 0
570 535 28 0
570 566 33 0
570 531 34 0
570 529 35 0
570 593 36 0
570 538 42 0
53 56 5 1
53 1 7 1
53 6 8 1
53 17 8 1
53 56 8 1
53 19 9 1
53 49 11 1
53 72 11 1
53 56 12 1
53 103 12 1
53 8 13 1
53 45 13 1
53 87 13 1
53 51 18 1
53 67 18 1
53 47 19 1
53 68 19 1
53 9 20 1
53 69 20 1
53 0 22 1
53 84 22 1
53 86 23 1
53 62 25 1
53 65 25 1
53 58 26 1
53 64 26 1
53 40 27 1
53 1 29 1
53 8 29 1
53 80 29 1
53 77 30 1
53 104 31 1
53 66 32 1
53 42 33 1
53 74 33 1
53 28 34 1
53 61 34 1
53 89 40 1
53 76 47 1
53 53 50 1
74 56 5 1
74 17 8 1
74 56 8 1
74 19 9 1
74 49 11 1
74 72 11 1
74 56 12 1
74 103 12 1
74 45 13 1
74 87 13 1
74 129 17 1
74 51 18 1
74 67 18 1
74 127 18 1
74 47 19 1
74 68 19 1
74 69 20 1
74 84 22 1
74 86 23 1
74 62 25 1
74 65 25 1
74 58 26 1
74 64 26 1
74 40 27 1
74 80 29 1
74 77 30 1
74 104 31 1
74 66 32 1
74 42 33 1
74 74 33 1
74 28 34 1
74 61 34 1
74 89 40 1
74 128 40 1
74 76 47 1
74 53 50 1
174 181 1 1
174 178 5 1
174 183 11 1
174 169 12 1
174 129 17 1
174 127 18 1
174 222 19 1
174 182 20 1
174 204 21 1
174 172 24 1
174 140 25 1
174 159 31 1
174 139 32 1
174 178 33 1
174 142 39 1
174 128 40 1
271 258 1 1
271 236 2 1
271 244 8 1
271 259 11 1
271 263 12 1
271 253 13 1
271 321 14 1
271 240 15 1
271 308 17 1
271 222 19 1
271 264 19 1
271 255 20 1
271 281 22 1
271 290 24 1
271 265 25 1
271 251 26 1
271 252 27 1
271 256 27 1
271 275 29 1
271 309 33 1
271 235 34 1
271 262 40 1
271 236 41 1
271 261 41 1
528 512 1 1
528 514 7 1
528 556 11 1
528 534 12 1
528 515 14 1
528 554 16 1
528 511 17 1
528 536 25 1
528 535 27 1
528 566 32 1
528 531 33 1
528 529 34 1
528 487 35 1
528 538 41 1
528 505 47 1
181 236 1 2
181 178 4 2
181 183 10 2
181 169 11 2
181 240 14 2
181 129 16 2
181 127 17 2
181 222 18 2
181 182 19 2
181 204 20 2
181 172 23 2
181 140 24 2
181 159 30 2
181 139 31 2
181 178 32 2
181 235 33 2
181 142 38 2
181 128 39 2
181 236 40 2
258 236 1 2
258 244 7 2
258 259 10 2
258 263 11 2
258 253 12 2
258 240 14 2
258 308 16 2
258 222 18 2
258 264 18 2
258 255 19 2
258 204 20 2
258 281 21 2
258 290 23 2
258 265 24 2
258 251 25 2
258 252 26 2
258 256 26 2
258 275 28 2
258 309 32 2
258 235 33 2
258 262 39 2
258 236 40 2
258 261 40 2
512 458 1 2
512 514 6 2
512 556 10 2
512 534 11 2
512 515 13 2
512 554 15 2
512 511 16 2
512 536 24 2
512 535 26 2
512 566 31 2
512 531 32 2
512 529 33 2
512 487 34 2
512 538 40 2
512 505 46 2
236 178 3 3
236 244 6 3
236 183 9 3
236 259 9 3
236 263 10 3
236 253 11 3
236 240 13 3
236 222 17 3
236 264 17 3
236 182 18 3
236 255 18 3
236 204 19 3
236 281 20 3
236 290 22 3
236 265 23 3
236 251 24 3
236 252 25 3
236 256 25 3
236 275 27 3
236 178 31 3
236 235 32 3
236 262 38 3
236 236 39 3
236 261 39 3
458 428 3 3
458 514 5 3
458 438 6 3
458 435 7 3
458 444 11 3
458 515 12 3
458 511 15 3
458 409 16 3
458 418 26 3
458 487 33 3
458 505 45 3
733 761 2 3
733 766 3 3
733 758 4 3
733 702 6 3
733 700 7 3
733 755 11 3
733 679 13 3
733 705 16 3
733 727 18 3
733 737 24 3
733 756 38 3
733 722 41 3
733 722 45 3
733 718 46 3
733 766 47 3
733 732 48 3
733 724 49 3
733 752 50 3
761 766 1 5
761 758 2 5
761 702 4 5
761 755 9 5
761 705 14 5
761 727 16 5
761 737 22 5
761 756 36 5
761 722 39 5
761 722 43 5
761 718 44 5
761 766 45 5
761 732 46 5
761 724 47 5
761 752 48 5
761 766 49 5
761 738 50 5
56 1 2 6
56 6 3 6
56 17 3 6
56 56 3 6
56 19 4 6
56 49 6 6
56 72 6 6
56 56 7 6
56 103 7 6
56 8 8 6
56 45 8 6
56 87 8 6
56 51 13 6
56 67 13 6
56 47 14 6
56 68 14 6
56 9 15 6
56 69 15 6
56 0 17 6
56 84 17 6
56 86 18 6
56 62 20 6
56 65 20 6
56 58 21 6
56 64 21 6
56 40 22 6
56 1 24 6
56 8 24 6
56 80 24 6
56 77 25 6
56 104 26 6
56 66 27 6
56 42 28 6
56 74 28 6
56 28 29 6
56 61 29 6
56 89 35 6
56 76 42 6
56 53 45 6
56 77 49 6
178 183 6 6
178 169 7 6
178 129 12 6
178 127 13 6
178 222 14 6
178 182 15 6
178 204 16 6
178 172 19 6
178 140 20 6
178 159 26 6
178 139 27 6
178 178 28 6
178 235 29 6
178 142 34 6
178 128 35 6
178 236 36 6
428 368 1 6
428 438 3 6
428 435 4 6
428 444 8 6
428 409 13 6
428 395 16 6
428 368 21 6
428 418 23 6
428 394 26 6
428 487 30 6
428 381 34 6
428 462 49 6
428 439 50 6
766 758 1 6
766 755 8 6
766 727 15 6
766 737 21 6
766 756 35 6
766 722 38 6
766 722 42 6
766 718 43 6
766 766 44 6
766 732 45 6
766 724 46 6
766 752 47 6
766 766 48 6
766 738 49 6
368 341 1 7
368 361 4 7
368 321 8 7
368 308 11 7
368 409 12 7
368 395 15 7
368 368 20 7
368 418 22 7
368 394 25 7
368 337 26 7
368 309 27 7
368 381 33 7
758 702 2 7
758 700 3 7
758 755 7 7
758 705 12 7
758 727 14 7
758 737 20 7
758 756 34 7
758 722 37 7
758 722 41 7
758 718 42 7
758 766 43 7
758 732 44 7
758 724 45 7
758 752 46 7
758 766 47 7
758 738 48 7
1 6 1 8
1 17 1 8
1 56 1 8
1 19 2 8
1 49 4 8
1 56 5 8
1 8 6 8
1 45 6 8
1 51 11 8
1 47 12 8
1 9 13 8
1 0 15 8
1 58 19 8
1 40 20 8
1 1 22 8
1 8 22 8
1 42 26 8
1 28 27 8
1 53 43 8
341 361 3 8
341 321 7 8
341 308 10 8
341 395 14 8
341 281 15 8
341 290 17 8
341 368 19 8
341 394 24 8
341 337 25 8
341 309 26 8
341 381 32 8
514 556 4 8
514 534 5 8
514 515 7 8
514 554 9 8
514 511 10 8
514 536 18 8
514 535 20 8
514 566 25 8
514 531 26 8
514 529 27 8
514 487 28 8
514 538 34 8
514 505 40 8
514 462 47 8
6 19 1 9
6 49 3 9
6 56 4 9
6 8 5 9
6 45 5 9
6 51 10 9
6 47 11 9
6 9 12 9
6 0 14 9
6 62 17 9
6 65 17 9
6 58 18 9
6 64 18 9
6 40 19 9
6 1 21 9
6 8 21 9
6 42 25 9
6 28 26 9
6 61 26 9
6 53 42 9
17 19 1 9
17 49 3 9
17 72 3 9
17 56 4 9
17 8 5 9
17 45 5 9
17 51 10 9
17 67 10 9
17 47 11 9
17 68 11 9
17 9 12 9
17 69 12 9
17 0 14 9
17 62 17 9
17 65 17 9
17 58 18 9
17 64 18 9
17 40 19 9
17 1 21 9
17 8 21 9
17 66 24 9
17 42 25 9
17 74 25 9
17 28 26 9
17 61 26 9
17 76 39 9
17 53 42 9
56 19 1 9
56 49 3 9
56 72 3 9
56 56 4 9
56 103 4 9
56 8 5 9
56 45 5 9
56 87 5 9
56 51 10 9
56 67 10 9
56 47 11 9
56 68 11 9
56 9 12 9
56 69 12 9
56 0 14 9
56 84 14 9
56 86 15 9
56 62 17 9
56 65 17 9
56 58 18 9
56 64 18 9
56 40 19 9
56 1 21 9
56 8 21 9
56 80 21 9
56 77 22 9
56 104 23 9
56 66 24 9
56 42 25 9
56 74 25 9
56 28 26 9
56 61 26 9
56 89 32 9
56 76 39 9
56 53 42 9
56 77 46 9
244 259 3 9
244 263 4 9
244 253 5 9
244 240 7 9
244 222 11 9
244 264 11 9
244 255 12 9
244 204 13 9
244 281 14 9
244 290 16 9
244 265 17 9
244 251 18 9
244 252 19 9
244 256 19 9
244 275 21 9
244 235 26 9
244 262 32 9
244 236 33 9
244 261 33 9
438 435 1 9
438 444 5 9
438 409 10 9
438 395 13 9
438 418 20 9
438 394 23 9
438 487 27 9
438 381 31 9
438 462 46 9
438 439 47 9
702 700 1 9
702 672 2 9
702 755 5 9
702 679 7 9
702 705 10 9
702 643 11 9
702 727 12 9
702 644 15 9
702 737 18 9
702 756 32 9
702 722 35 9
702 722 39 9
702 718 40 9
702 732 42 9
702 724 43 9
702 752 44 9
702 738 46 9
702 645 47 9
702 696 48 9
19 49 2 10
19 72 2 10
19 56 3 10
19 8 4 10
19 45 4 10
19 51 9 10
19 67 9 10
19 47 10 10
19 68 10 10
19 9 11 10
19 69 11 10
19 0 13 10
19 62 16 10
19 65 16 10
19 58 17 10
19 64 17 10
19 40 18 10
19 1 20 10
19 8 20 10
19 77 21 10
19 66 23 10
19 42 24 10
19 74 24 10
19 28 25 10
19 61 25 10
19 76 38 10
19 53 41 10
19 77 45 10
435 444 4 10
435 409 9 10
435 395 12 10
435 418 19 10
435 394 22 10
435 487 26 10
435 381 30 10
435 462 45 10
435 439 46 10
700 672 1 10
700 755 4 10
700 679 6 10
700 705 9 10
700 643 10 10
700 727 11 10
700 644 14 10
700 737 17 10
700 756 31 10
700 722 34 10
700 722 38 10
700 718 39 10
700 732 41 10
700 724 42 10
700 752 43 10
700 738 45 10
700 645 46 10
700 696 47 10
700 752 50 10
361 321 4 11
361 308 7 11
361 409 8 11
361 395 11 11
361 368 16 11
361 418 18 11
361 394 21 11
361 337 22 11
361 309 23 11
361 381 29 11
672 679 5 11
672 705 8 11
672 643 9 11
672 727 10 11
672 636 11 11
672 627 12 11
672 644 13 11
672 621 14 11
672 637 18 11
672 630 19 11
672 631 20 11
672 722 33 11
672 722 37 11
672 718 38 11
672 724 41 11
672 645 45 11
672 696 46 11
49 56 1 12
49 103 1 12
49 8 2 12
49 45 2 12
49 87 2 12
49 51 7 12
49 67 7 12
49 47 8 12
49 68 8 12
49 9 9 12
49 69 9 12
49 0 11 12
49 84 11 12
49 86 12 12
49 62 14 12
49 65 14 12
49 58 15 12
49 64 15 12
49 40 16 12
49 1 18 12
49 8 18 12
49 80 18 12
49 77 19 12
49 104 20 12
49 66 21 12
49 42 22 12
49 74 22 12
49 28 23 12
49 61 23 12
49 89 29 12
49 76 36 12
49 53 39 12
49 77 43 12
49 77 50 12
72 56 1 12
72 103 1 12
72 45 2 12
72 87 2 12
72 129 6 12
72 51 7 12
72 67 7 12
72 127 7 12
72 47 8 12
72 68 8 12
72 69 9 12
72 84 11 12
72 86 12 12
72 62 14 12
72 65 14 12
72 58 15 12
72 64 15 12
72 40 16 12
72 80 18 12
72 77 19 12
72 104 20 12
72 66 21 12
72 42 22 12
72 74 22 12
72 28 23 12
72 61 23 12
72 89 29 12
72 128 29 12
72 76 36 12
72 53 39 12
72 77 43 12
72 77 50 12
183 169 1 12
183 240 4 12
183 129 6 12
183 127 7 12
183 222 8 12
183 182 9 12
183 204 10 12
183 172 13 12
183 140 14 12
183 159 20 12
183 139 21 12
183 178 22 12
183 235 23 12
183 142 28 12
183 128 29 12
183 236 30 12
259 263 1 12
259 253 2 12
259 240 4 12
259 308 6 12
259 222 8 12
259 264 8 12
259 255 9 12
259 204 10 12
259 281 11 12
259 290 13 12
259 265 14 12
259 251 15 12
259 252 16 12
259 256 16 12
259 275 18 12
259 309 22 12
259 235 23 12
259 262 29 12
259 236 30 12
259 261 30 12
556 534 1 12
556 515 3 12
556 554 5 12
556 511 6 12
556 536 14 12
556 535 16 12
556 566 21 12
556 531 22 12
556 529 23 12
556 593 24 12
556 538 30 12
556 505 36 12
56 8 1 13
56 45 1 13
56 87 1 13
56 51 6 13
56 67 6 13
56 47 7 13
56 68 7 13
56 9 8 13
56 69 8 13
56 0 10 13
56 84 10 13
56 86 11 13
56 62 13 13
56 65 13 13
56 58 14 13
56 64 14 13
56 40 15 13
56 1 17 13
56 8 17 13
56 80 17 13
56 77 18 13
56 104 19 13
56 66 20 13
56 42 21 13
56 74 21 13
56 28 22 13
56 61 22 13
56 89 28 13
56 76 35 13
56 53 38 13
56 77 42 13
56 77 49 13
103 45 1 13
103 87 1 13
103 129 5 13
103 51 6 13
103 67 6 13
103 127 6 13
103 47 7 13
103 68 7 13
103 69 8 13
103 84 10 13
103 86 11 13
103 62 13 13
103 65 13 13
103 140 13 13
103 58 14 13
103 64 14 13
103 80 17 13
103 77 18 13
103 104 19 13
103 159 19 13
103 66 20 13
103 139 20 13
103 74 21 13
103 61 22 13
103 142 27 13
103 89 28 13
103 128 28 13
103 76 35 13
103 53 38 13
103 77 42 13
103 77 49 13
169 129 5 13
169 127 6 13
169 222 7 13
169 182 8 13
169 204 9 13
169 172 12 13
169 140 13 13
169 159 19 13
169 139 20 13
169 178 21 13
169 142 27 13
169 128 28 13
263 253 1 13
263 321 2 13
263 240 3 13
263 308 5 13
263 222 7 13
263 264 7 13
263 255 8 13
263 204 9 13
263 281 10 13
263 290 12 13
263 265 13 13
263 251 14 13
263 252 15 13
263 256 15 13
263 275 17 13
263 309 21 13
263 235 22 13
263 262 28 13
263 236 29 13
263 261 29 13
534 515 2 13
534 554 4 13
534 511 5 13
534 536 13 13
534 535 15 13
534 566 20 13
534 531 21 13
534 529 22 13
534 487 23 13
534 593 23 13
534 538 29 13
534 505 35 13
8 51 5 14
8 67 5 14
8 47 6 14
8 9 7 14
8 0 9 14
8 62 12 14
8 65 12 14
8 58 13 14
8 64 13 14
8 40 14 14
8 1 16 14
8 8 16 14
8 66 19 14
8 42 20 14
8 28 21 14
8 61 21 14
8 53 37 14
45 51 5 14
45 67 5 14
45 47 6 14
45 68 6 14
45 9 7 14
45 69 7 14
45 0 9 14
45 84 9 14
45 86 10 14
45 62 12 14
45 65 12 14
45 58 13 14
45 64 13 14
45 40 14 14
45 1 16 14
45 8 16 14
45 80 16 14
45 77 17 14
45 104 18 14
45 66 19 14
45 42 20 14
45 74 20 14
45 28 21 14
45 61 21 14
45 89 27 14
45 76 34 14
45 53 37 14
45 77 41 14
45 77 48 14
87 129 4 14
87 51 5 14
87 67 5 14
87 127 5 14
87 47 6 14
87 68 6 14
87 69 7 14
87 84 9 14
87 86 10 14
87 62 12 14
87 65 12 14
87 140 12 14
87 58 13 14
87 64 13 14
87 40 14 14
87 80 16 14
87 77 17 14
87 104 18 14
87 66 19 14
87 139 19 14
87 42 20 14
87 74 20 14
87 28 21 14
87 61 21 14
87 142 26 14
87 89 27 14
87 128 27 14
87 76 34 14
87 53 37 14
87 77 41 14
87 77 48 14
253 240 2 14
253 308 4 14
253 222 6 14
253 264 6 14
253 255 7 14
253 204 8 14
253 281 9 14
253 290 11 14
253 265 12 14
253 251 13 14
253 252 14 14
253 256 14 14
253 275 16 14
253 309 20 14
253 235 21 14
253 262 27 14
253 236 28 14
253 261 28 14
444 409 5 14
444 395 8 14
444 418 15 14
444 394 18 14
444 487 22 14
444 462 41 14
444 439 42 14
444 466 48 14
755 705 5 14
755 727 7 14
755 737 13 14
755 756 27 14
755 722 30 14
755 722 34 14
755 718 35 14
755 766 36 14
755 732 37 14
755 724 38 14
755 752 39 14
755 766 40 14
755 738 41 14
755 696 43 14
755 762 44 14
755 752 46 14
755 715 48 14
755 718 49 14
755 764 50 14
321 308 3 15
321 264 5 15
321 281 8 15
321 290 10 15
321 265 11 15
321 368 12 15
321 275 15 15
321 337 18 15
321 309 19 15
321 262 26 15
321 261 27 15
515 554 2 15
515 511 3 15
515 536 11 15
515 535 13 15
515 566 18 15
515 531 19 15
515 529 20 15
515 487 21 15
515 538 27 15
515 505 33 15
515 462 40 15
515 466 47 15
240 222 4 16
240 264 4 16
240 182 5 16
240 255 5 16
240 204 6 16
240 281 7 16
240 290 9 16
240 265 10 16
240 251 11 16
240 252 12 16
240 256 12 16
240 275 14 16
240 235 19 16
240 262 25 16
240 236 26 16
240 261 26 16
240 239 50 16
679 705 3 16
679 643 4 16
679 727 5 16
679 636 6 16
679 627 7 16
679 644 8 16
679 621 9 16
679 737 11 16
679 637 13 16
679 630 14 16
679 631 15 16
679 722 28 16
679 722 32 16
679 718 33 16
679 732 35 16
679 724 36 16
679 738 39 16
679 645 40 16
679 696 41 16
679 715 46 16
679 718 47 16
679 732 49 16
554 511 1 17
554 536 9 17
554 535 11 17
554 566 16 17
554 531 17 17
554 529 18 17
554 593 19 17
554 538 25 17
554 505 31 17
554 577 49 17
129 127 1 18
129 69 3 18
129 182 3 18
129 84 5 18
129 86 6 18
129 172 7 18
129 140 8 18
129 80 12 18
129 77 13 18
129 104 14 18
129 159 14 18
129 139 15 18
129 74 16 18
129 178 16 18
129 142 22 18
129 89 23 18
129 128 23 18
129 76 30 18
129 77 37 18
129 77 44 18
129 77 47 18
129 175 47 18
308 264 2 18
308 255 3 18
308 281 5 18
308 290 7 18
308 265 8 18
308 251 9 18
308 252 10 18
308 256 10 18
308 275 12 18
308 337 15 18
308 309 16 18
308 262 23 18
308 261 24 18
308 300 49 18
511 536 8 18
511 535 10 18
511 566 15 18
511 531 16 18
511 529 17 18
511 487 18 18
511 538 24 18
511 505 30 18
511 462 37 18
511 466 44 18
51 47 1 19
51 68 1 19
51 9 2 19
51 69 2 19
51 0 4 19
51 84 4 19
51 86 5 19
51 62 7 19
51 65 7 19
51 58 8 19
51 64 8 19
51 40 9 19
51 1 11 19
51 8 11 19
51 80 11 19
51 77 12 19
51 104 13 19
51 66 14 19
51 42 15 19
51 74 15 19
51 28 16 19
51 61 16 19
51 89 22 19
51 76 29 19
51 53 32 19
51 77 36 19
51 77 43 19
51 5 46 19
51 28 46 19
51 77 46 19
51 64 50 19
67 47 1 19
67 68 1 19
67 9 2 19
67 69 2 19
67 84 4 19
67 86 5 19
67 62 7 19
67 65 7 19
67 58 8 19
67 64 8 19
67 40 9 19
67 8 11 19
67 80 11 19
67 77 12 19
67 104 13 19
67 66 14 19
67 42 15 19
67 74 15 19
67 28 16 19
67 61 16 19
67 89 22 19
67 76 29 19
67 53 32 19
67 77 36 19
67 77 43 19
67 28 46 19
67 77 46 19
67 64 50 19
127 68 1 19
127 69 2 19
127 182 2 19
127 84 4 19
127 86 5 19
127 172 6 19
127 140 7 19
127 80 11 19
127 77 12 19
127 104 13 19
127 159 13 19
127 139 14 19
127 74 15 19
127 178 15 19
127 142 21 19
127 89 22 19
127 128 22 19
127 76 29 19
127 77 36 19
127 77 43 19
127 77 46 19
127 175 46 19
409 395 3 19
409 368 8 19
409 418 10 19
409 394 13 19
409 381 21 19
409 462 36 19
409 439 37 19
409 466 43 19
409 441 47 19
409 395 50 19
705 727 2 19
705 737 8 19
705 756 22 19
705 722 25 19
705 722 29 19
705 718 30 19
705 732 32 19
705 724 33 19
705 752 34 19
705 738 36 19
705 645 37 19
705 696 38 19
705 762 39 19
705 752 41 19
705 715 43 19
705 718 44 19
705 764 45 19
705 732 46 19
705 738 48 19
705 724 49 19
705 754 50 19
47 9 1 20
47 69 1 20
47 0 3 20
47 84 3 20
47 86 4 20
47 62 6 20
47 65 6 20
47 58 7 20
47 64 7 20
47 40 8 20
47 1 10 20
47 8 10 20
47 80 10 20
47 77 11 20
47 104 12 20
47 66 13 20
47 42 14 20
47 74 14 20
47 28 15 20
47 61 15 20
47 89 21 20
47 76 28 20
47 53 31 20
47 77 35 20
47 77 42 20
47 5 45 20
47 28 45 20
47 77 45 20
47 64 49 20
68 9 1 20
68 69 1 20
68 84 3 20
68 86 4 20
68 62 6 20
68 65 6 20
68 58 7 20
68 64 7 20
68 40 8 20
68 8 10 20
68 80 10 20
68 77 11 20
68 104 12 20
68 66 13 20
68 42 14 20
68 74 14 20
68 28 15 20
68 61 15 20
68 89 21 20
68 76 28 20
68 53 31 20
68 77 35 20
68 77 42 20
68 28 45 20
68 77 45 20
68 64 49 20
222 182 1 20
222 255 1 20
222 204 2 20
222 281 3 20
222 172 5 20
222 265 6 20
222 251 7 20
222 252 8 20
222 256 8 20
222 275 10 20
222 178 14 20
222 235 15 20
222 262 21 20
222 236 22 20
222 261 22 20
222 175 45 20
222 239 46 20
264 255 1 20
264 204 2 20
264 281 3 20
264 290 5 20
264 265 6 20
264 251 7 20
264 252 8 20
264 256 8 20
264 275 10 20
264 309 14 20
264 235 15 20
264 262 21 20
264 236 22 20
264 261 22 20
264 239 46 20
264 300 47 20
264 316 50 20
643 636 2 20
643 627 3 20
643 644 4 20
643 621 5 20
643 637 9 20
643 630 10 20
643 631 11 20
643 593 16 20
643 645 36 20
643 696 37 20
9 0 2 21
9 62 5 21
9 65 5 21
9 58 6 21
9 64 6 21
9 40 7 21
9 1 9 21
9 8 9 21
9 66 12 21
9 42 13 21
9 28 14 21
9 61 14 21
9 53 30 21
9 5 44 21
9 28 44 21
9 64 48 21
69 84 2 21
69 86 3 21
69 62 5 21
69 65 5 21
69 58 6 21
69 64 6 21
69 40 7 21
69 80 9 21
69 77 10 21
69 104 11 21
69 66 12 21
69 42 13 21
69 74 13 21
69 28 14 21
69 61 14 21
69 89 20 21
69 128 20 21
69 76 27 21
69 53 30 21
69 77 34 21
69 77 41 21
69 28 44 21
69 77 44 21
69 64 48 21
182 204 1 21
182 172 4 21
182 140 5 21
182 159 11 21
182 139 12 21
182 178 13 21
182 235 14 21
182 142 19 21
182 128 20 21
182 236 21 21
182 175 44 21
182 239 45 21
255 204 1 21
255 281 2 21
255 290 4 21
255 265 5 21
255 251 6 21
255 252 7 21
255 256 7 21
255 275 9 21
255 309 13 21
255 235 14 21
255 262 20 21
255 236 21 21
255 261 21 21
255 239 45 21
255 300 46 21
255 304 50 21
727 737 6 21
727 756 20 21
727 722 23 21
727 722 27 21
727 718 28 21
727 766 29 21
727 732 30 21
727 724 31 21
727 752 32 21
727 766 33 21
727 738 34 21
727 696 36 21
727 762 37 21
727 752 39 21
727 715 41 21
727 718 42 21
727 764 43 21
727 732 44 21
727 738 46 21
727 724 47 21
727 754 48 21
727 737 49 21
204 172 3 22
204 251 5 22
204 252 6 22
204 256 6 22
204 159 10 22
204 178 12 22
204 235 13 22
204 262 19 22
204 236 20 22
204 261 20 22
204 175 43 22
204 239 44 22
204 236 50 22
395 368 5 22
395 418 7 22
395 394 10 22
395 337 11 22
395 381 18 22
395 439 34 22
395 441 44 22
395 395 47 22
395 435 50 22
636 627 1 22
636 644 2 22
636 621 3 22
636 637 7 22
636 630 8 22
636 631 9 22
636 593 14 22
636 645 34 22
636 577 44 22
636 584 50 22
0 58 4 23
0 40 5 23
0 1 7 23
0 8 7 23
0 42 11 23
0 28 12 23
0 53 28 23
0 5 42 23
0 28 42 23
0 47 49 23
0 0 50 23
0 40 50 23
84 86 1 23
84 62 3 23
84 65 3 23
84 140 3 23
84 58 4 23
84 64 4 23
84 40 5 23
84 80 7 23
84 77 8 23
84 104 9 23
84 66 10 23
84 139 10 23
84 42 11 23
84 74 11 23
84 28 12 23
84 61 12 23
84 142 17 23
84 89 18 23
84 128 18 23
84 76 25 23
84 53 28 23
84 77 32 23
84 77 39 23
84 28 42 23
84 77 42 23
84 64 46 23
84 47 49 23
84 86 49 23
84 40 50 23
84 76 50 23
281 290 2 23
281 265 3 23
281 251 4 23
281 252 5 23
281 256 5 23
281 275 7 23
281 337 10 23
281 309 11 23
281 235 12 23
281 262 18 23
281 236 19 23
281 261 19 23
281 239 43 23
281 300 44 23
281 316 47 23
281 304 48 23
281 236 49 23
627 644 1 23
627 621 2 23
627 637 6 23
627 630 7 23
627 631 8 23
627 593 13 23
627 645 33 23
627 577 43 23
627 570 48 23
627 584 49 23
627 568 50 23
86 62 2 24
86 65 2 24
86 140 2 24
86 58 3 24
86 64 3 24
86 40 4 24
86 80 6 24
86 77 7 24
86 104 8 24
86 66 9 24
86 139 9 24
86 42 10 24
86 74 10 24
86 28 11 24
86 61 11 24
86 142 16 24
86 89 17 24
86 128 17 24
86 76 24 24
86 53 27 24
86 77 31 24
86 77 38 24
86 28 41 24
86 77 41 24
86 64 45 24
86 47 48 24
86 86 48 24
86 40 49 24
86 76 49 24
644 621 1 24
644 637 5 24
644 630 6 24
644 631 7 24
644 593 12 24
644 645 32 24
644 696 33 24
644 584 48 24
644 630 50 24
172 140 1 25
172 159 7 25
172 139 8 25
172 178 9 25
172 142 15 25
172 128 16 25
172 175 40 25
290 265 1 25
290 251 2 25
290 252 3 25
290 256 3 25
290 275 5 25
290 337 8 25
290 309 9 25
290 235 10 25
290 262 16 25
290 236 17 25
290 261 17 25
290 239 41 25
290 300 42 25
290 316 45 25
290 304 46 25
290 236 47 25
621 637 4 25
621 630 5 25
621 631 6 25
621 566 8 25
621 593 11 25
621 645 31 25
621 577 41 25
621 570 46 25
621 584 47 25
621 568 48 25
621 630 49 25
621 617 50 25
62 58 1 26
62 64 1 26
62 40 2 26
62 8 4 26
62 80 4 26
62 77 5 26
62 104 6 26
62 66 7 26
62 42 8 26
62 74 8 26
62 28 9 26
62 61 9 26
62 89 15 26
62 76 22 26
62 53 25 26
62 77 29 26
62 77 36 26
62 5 39 26
62 28 39 26
62 77 39 26
62 64 43 26
62 47 46 26
62 86 46 26
62 40 47 26
62 76 47 26
65 58 1 26
65 64 1 26
65 40 2 26
65 8 4 26
65 80 4 26
65 77 5 26
65 104 6 26
65 66 7 26
65 42 8 26
65 74 8 26
65 28 9 26
65 61 9 26
65 89 15 26
65 76 22 26
65 53 25 26
65 77 29 26
65 77 36 26
65 5 39 26
65 28 39 26
65 77 39 26
65 64 43 26
65 47 46 26
65 86 46 26
65 40 47 26
65 76 47 26
140 80 4 26
140 104 6 26
140 159 6 26
140 139 7 26
140 178 8 26
140 142 14 26
140 89 15 26
140 128 15 26
140 175 39 26
140 86 46 26
265 251 1 26
265 252 2 26
265 256 2 26
265 275 4 26
265 309 8 26
265 235 9 26
265 262 15 26
265 236 16 26
265 261 16 26
265 239 40 26
265 300 41 26
265 316 44 26
265 304 45 26
265 236 46 26
536 535 2 26
536 566 7 26
536 531 8 26
536 529 9 26
536 487 10 26
536 593 10 26
536 538 16 26
536 505 22 26
536 577 40 26
536 570 45 26
536 584 46 26
536 568 47 26
58 40 1 27
58 1 3 27
58 8 3 27
58 80 3 27
58 77 4 27
58 104 5 27
58 66 6 27
58 42 7 27
58 74 7 27
58 28 8 27
58 61 8 27
58 89 14 27
58 76 21 27
58 53 24 27
58 77 28 27
58 77 35 27
58 5 38 27
58 28 38 27
58 77 38 27
58 64 42 27
58 47 45 27
58 86 45 27
58 0 46 27
58 40 46 27
58 76 46 27
64 40 1 27
64 8 3 27
64 80 3 27
64 77 4 27
64 104 5 27
64 66 6 27
64 42 7 27
64 74 7 27
64 28 8 27
64 61 8 27
64 89 14 27
64 76 21 27
64 53 24 27
64 77 28 27
64 77 35 27
64 5 38 27
64 28 38 27
64 77 38 27
64 64 42 27
64 47 45 27
64 86 45 27
64 40 46 27
64 76 46 27
251 252 1 27
251 256 1 27
251 275 3 27
251 309 7 27
251 235 8 27
251 262 14 27
251 236 15 27
251 261 15 27
251 239 39 27
251 300 40 27
251 304 44 27
251 236 45 27
368 418 2 27
368 394 5 27
368 337 6 27
368 309 7 27
368 381 13 27
368 395 42 27
368 316 43 27
737 756 14 27
737 722 17 27
737 722 21 27
737 718 22 27
737 766 23 27
737 732 24 27
737 724 25 27
737 752 26 27
737 766 27 27
737 738 28 27
737 696 30 27
737 762 31 27
737 752 33 27
737 715 35 27
737 718 36 27
737 764 37 27
737 732 38 27
737 738 40 27
737 724 41 27
737 754 42 27
737 737 43 27
40 1 2 28
40 8 2 28
40 80 2 28
40 77 3 28
40 66 5 28
40 42 6 28
40 74 6 28
40 28 7 28
40 61 7 28
40 89 13 28
40 76 20 28
40 53 23 28
40 77 27 28
40 77 34 28
40 5 37 28
40 28 37 28
40 77 37 28
40 64 41 28
40 47 44 28
40 86 44 28
40 0 45 28
40 40 45 28
40 76 45 28
252 275 2 28
252 309 6 28
252 235 7 28
252 262 13 28
252 236 14 28
252 261 14 28
252 239 38 28
252 300 39 28
252 304 43 28
252 236 44 28
256 275 2 28
256 309 6 28
256 235 7 28
256 262 13 28
256 236 14 28
256 261 14 28
256 239 38 28
256 300 39 28
256 304 43 28
256 236 44 28
535 566 5 28
535 531 6 28
535 529 7 28
535 487 8 28
535 593 8 28
535 538 14 28
535 505 20 28
535 577 38 28
535 570 43 28
535 584 44 28
535 568 45 28
418 394 3 29
418 381 11 29
418 462 26 29
418 439 27 29
418 466 33 29
418 441 37 29
418 395 40 29
418 435 43 29
418 451 44 29
418 464 45 29
418 435 47 29
637 630 1 29
637 631 2 29
637 593 7 29
637 645 27 29
637 696 28 29
637 577 37 29
637 584 43 29
637 630 45 29
637 617 46 29
637 617 47 29
1 42 4 30
1 28 5 30
1 53 21 30
1 5 35 30
1 28 35 30
1 47 42 30
1 0 43 30
1 40 43 30
8 66 3 30
8 42 4 30
8 28 5 30
8 61 5 30
8 53 21 30
8 5 35 30
8 28 35 30
8 64 39 30
8 47 42 30
8 0 43 30
8 40 43 30
80 77 1 30
80 104 2 30
80 66 3 30
80 139 3 30
80 42 4 30
80 74 4 30
80 28 5 30
80 61 5 30
80 89 11 30
80 128 11 30
80 76 18 30
80 53 21 30
80 77 25 30
80 77 32 30
80 28 35 30
80 77 35 30
80 64 39 30
80 47 42 30
80 86 42 30
80 40 43 30
80 76 43 30
275 309 4 30
275 235 5 30
275 262 11 30
275 236 12 30
275 261 12 30
275 239 36 30
275 300 37 30
275 316 40 30
275 304 41 30
275 236 42 30
630 631 1 30
630 593 6 30
630 645 26 30
630 577 36 30
630 570 41 30
630 584 42 30
630 630 44 30
630 617 45 30
630 617 46 30
77 104 1 31
77 66 2 31
77 42 3 31
77 74 3 31
77 28 4 31
77 61 4 31
77 89 10 31
77 128 10 31
77 76 17 31
77 53 20 31
77 77 24 31
77 77 31 31
77 28 34 31
77 77 34 31
77 64 38 31
77 47 41 31
77 86 41 31
77 40 42 31
77 76 42 31
631 593 5 31
631 645 25 31
631 577 35 31
631 584 41 31
631 630 43 31
631 617 44 31
631 617 45 31
104 66 1 32
104 139 1 32
104 74 2 32
104 61 3 32
104 142 8 32
104 89 9 32
104 128 9 32
104 76 16 32
104 53 19 32
104 77 23 32
104 77 30 32
104 77 33 32
104 64 37 32
104 47 40 32
104 86 40 32
104 76 41 32
159 139 1 32
159 178 2 32
159 142 8 32
159 128 9 32
159 175 33 32
394 337 1 32
394 381 8 32
394 439 24 32
394 441 34 32
394 395 37 32
394 435 40 32
394 451 41 32
394 435 44 32
66 42 1 33
66 74 1 33
66 28 2 33
66 61 2 33
66 89 8 33
66 76 15 33
66 53 18 33
66 77 22 33
66 77 29 33
66 28 32 33
66 77 32 33
66 64 36 33
66 47 39 33
66 86 39 33
66 40 40 33
66 76 40 33
139 178 1 33
139 142 7 33
139 89 8 33
139 128 8 33
139 175 32 33
139 86 39 33
337 309 1 33
337 381 7 33
337 300 34 33
337 395 36 33
337 316 37 33
337 304 38 33
566 531 1 33
566 529 2 33
566 593 3 33
566 538 9 33
566 577 33 33
566 570 38 33
566 584 39 33
566 568 40 33
566 617 42 33
566 617 43 33
42 28 1 34
42 61 1 34
42 89 7 34
42 76 14 34
42 53 17 34
42 77 21 34
42 77 28 34
42 5 31 34
42 28 31 34
42 77 31 34
42 64 35 34
42 47 38 34
42 86 38 34
42 0 39 34
42 40 39 34
42 76 39 34
74 28 1 34
74 61 1 34
74 89 7 34
74 128 7 34
74 76 14 34
74 53 17 34
74 77 21 34
74 77 28 34
74 28 31 34
74 77 31 34
74 64 35 34
74 47 38 34
74 86 38 34
74 40 39 34
74 76 39 34
178 235 1 34
178 142 6 34
178 128 7 34
178 236 8 34
178 175 31 34
178 236 38 34
309 262 7 34
309 261 8 34
309 300 33 34
309 316 36 34
309 304 37 34
531 529 1 34
531 487 2 34
531 538 8 34
531 505 14 34
531 577 32 34
531 570 37 34
531 584 38 34
531 568 39 34
28 76 13 35
28 53 16 35
28 77 20 35
28 77 27 35
28 5 30 35
28 28 30 35
28 77 30 35
28 64 34 35
28 47 37 35
28 86 37 35
28 0 38 35
28 40 38 35
28 76 38 35
61 89 6 35
61 76 13 35
61 53 16 35
61 77 20 35
61 77 27 35
61 5 30 35
61 28 30 35
61 77 30 35
61 64 34 35
61 47 37 35
61 86 37 35
61 40 38 35
61 76 38 35
235 262 6 35
235 236 7 35
235 261 7 35
235 175 30 35
235 239 31 35
235 236 37 35
529 487 1 35
529 538 7 35
529 505 13 35
529 577 31 35
529 570 36 35
529 584 37 35
529 568 38 35
487 538 6 36
487 505 12 36
487 462 19 36
487 439 20 36
487 466 26 36
487 441 30 36
487 435 36 36
487 451 37 36
487 464 38 36
487 435 40 36
593 538 6 36
593 645 20 36
593 577 30 36
593 570 35 36
593 584 36 36
593 568 37 36
593 630 38 36
593 617 39 36
593 617 40 36
142 89 1 40
142 128 1 40
142 175 25 40
142 86 32 40
381 439 16 40
381 395 29 40
381 435 32 40
381 435 36 40
89 76 7 41
89 53 10 41
89 77 14 41
89 77 21 41
89 77 24 41
89 64 28 41
89 47 31 41
89 86 31 41
89 40 32 41
89 76 32 41
128 76 7 41
128 77 14 41
128 77 21 41
128 77 24 41
128 175 24 41
128 86 31 41
128 76 32 41
262 236 1 41
262 261 1 41
262 239 25 41
262 300 26 41
262 316 29 41
262 304 30 41
262 236 31 41
756 722 3 41
756 722 7 41
756 718 8 41
756 766 9 41
756 732 10 41
756 724 11 41
756 752 12 41
756 766 13 41
756 738 14 41
756 696 16 41
756 762 17 41
756 752 19 41
756 715 21 41
756 718 22 41
756 764 23 41
756 732 24 41
756 738 26 41
756 724 27 41
756 754 28 41
756 737 29 41
236 239 24 42
236 236 30 42
261 239 24 42
261 300 25 42
261 316 28 42
261 304 29 42
261 236 30 42
538 505 6 42
538 577 24 42
538 570 29 42
538 584 30 42
538 568 31 42
722 722 4 44
722 718 5 44
722 766 6 44
722 732 7 44
722 724 8 44
722 752 9 44
722 766 10 44
722 738 11 44
722 696 13 44
722 762 14 44
722 752 16 44
722 715 18 44
722 718 19 44
722 764 20 44
722 732 21 44
722 738 23 44
722 724 24 44
722 754 25 44
722 737 26 44
76 53 3 48
76 77 7 48
76 77 14 48
76 28 17 48
76 77 17 48
76 64 21 48
76 47 24 48
76 86 24 48
76 40 25 48
76 76 25 48
505 462 7 48
505 466 14 48
505 451 25 48
505 464 26 48
722 718 1 48
722 766 2 48
722 732 3 48
722 724 4 48
722 752 5 48
722 766 6 48
722 738 7 48
722 696 9 48
722 762 10 48
722 752 12 48
722 715 14 48
722 718 15 48
722 764 16 48
722 732 17 48
722 738 19 48
722 724 20 48
722 754 21 48
722 737 22 48
718 766 1 49
718 732 2 49
718 724 3 49
718 752 4 49
718 766 5 49
718 738 6 49
718 696 8 49
718 762 9 49
718 752 11 49
718 715 13 49
718 718 14 49
718 764 15 49
718 732 16 49
718 738 18 49
718 724 19 49
718 754 20 49
718 737 21 49
766 732 1 50
766 724 2 50
766 752 3 50
766 766 4 50
766 738 5 50
766 762 8 50
766 752 10 50
766 715 12 50
766 718 13 50
766 764 14 50
766 732 15 50
766 738 17 50
766 724 18 50
766 754 19 50
766 737 20 50
53 77 4 51
53 77 11 51
53 5 14 51
53 28 14 51
53 77 14 51
53 64 18 51
53 47 21 51
53 86 21 51
53 0 22 51
53 40 22 51
53 76 22 51
732 724 1 51
732 752 2 51
732 766 3 51
732 738 4 51
732 696 6 51
732 762 7 51
732 752 9 51
732 715 11 51
732 718 12 51
732 764 13 51
732 732 14 51
732 738 16 51
732 724 17 51
732 754 18 51
732 737 19 51
724 752 1 52
724 766 2 52
724 738 3 52
724 696 5 52
724 762 6 52
724 752 8 52
724 715 10 52
724 718 11 52
724 764 12 52
724 732 13 52
724 738 15 52
724 724 16 52
724 754 17 52
724 737 18 52
752 766 1 53
752 738 2 53
752 696 4 53
752 762 5 53
752 752 7 53
752 715 9 53
752 718 10 53
752 764 11 53
752 732 12 53
752 738 14 53
752 724 15 53
752 754 16 53
752 737 17 53
766 738 1 54
766 762 4 54
766 752 6 54
766 715 8 54
766 718 9 54
766 764 10 54
766 732 11 54
766 738 13 54
766 724 14 54
766 754 15 54
766 737 16 54
77 77 7 55
77 28 10 55
77 77 10 55
77 64 14 55
77 47 17 55
77 86 17 55
77 40 18 55
77 76 18 55
462 439 1 55
462 466 7 55
462 441 11 55
462 435 17 55
462 451 18 55
462 464 19 55
462 435 21 55
738 696 2 55
738 762 3 55
738 752 5 55
738 715 7 55
738 718 8 55
738 764 9 55
738 732 10 55
738 738 12 55
738 724 13 55
738 754 14 55
738 737 15 55
439 466 6 56
439 441 10 56
439 395 13 56
439 435 16 56
439 451 17 56
439 464 18 56
439 435 20 56
645 696 1 56
645 630 18 56
645 617 19 56
645 617 20 56
696 752 3 57
696 715 5 57
696 718 6 57
696 732 8 57
696 738 10 57
696 724 11 57
696 754 12 57
696 737 13 57
762 752 2 58
762 715 4 58
762 718 5 58
762 764 6 58
762 732 7 58
762 738 9 58
762 724 10 58
762 754 11 58
762 737 12 58
752 715 2 60
752 718 3 60
752 764 4 60
752 732 5 60
752 738 7 60
752 724 8 60
752 754 9 60
752 737 10 60
77 28 3 62
77 77 3 62
77 64 7 62
77 47 10 62
77 86 10 62
77 40 11 62
77 76 11 62
466 441 4 62
466 435 10 62
466 451 11 62
466 464 12 62
466 435 14 62
715 718 1 62
715 764 2 62
715 732 3 62
715 738 5 62
715 724 6 62
715 754 7 62
715 737 8 62
718 764 1 63
718 732 2 63
718 738 4 63
718 724 5 63
718 754 6 63
718 737 7 63
764 732 1 64
764 738 3 64
764 724 4 64
764 754 5 64
764 737 6 64
5 64 4 65
5 47 7 65
5 0 8 65
5 40 8 65
28 64 4 65
28 47 7 65
28 86 7 65
28 0 8 65
28 40 8 65
28 76 8 65
77 64 4 65
77 47 7 65
77 86 7 65
77 40 8 65
77 76 8 65
732 738 2 65
732 724 3 65
732 754 4 65
732 737 5 65
239 236 6 66
441 395 3 66
441 435 6 66
441 451 7 66
441 464 8 66
441 435 10 66
577 570 5 66
577 584 6 66
577 568 7 66
577 630 8 66
577 617 9 66
577 617 10 66
300 316 3 67
300 304 4 67
738 724 1 67
738 754 2 67
738 737 3 67
724 754 1 68
724 737 2 68
64 47 3 69
64 86 3 69
64 40 4 69
64 76 4 69
395 435 3 69
395 451 4 69
395 435 7 69
754 737 1 69
316 304 1 70
570 584 1 71
570 568 2 71
570 617 4 71
570 617 5 71
47 0 1 72
47 40 1 72
47 76 1 72
86 40 1 72
86 76 1 72
435 451 1 72
435 464 2 72
435 435 4 72
584 568 1 72
584 630 2 72
584 617 3 72
584 617 4 72
451 464 1 73
451 435 3 73
568 617 2 73
568 617 3 73
464 435 2 74
630 617 1 74
630 617 2 74
617 617 1 75
