594 543 11 0
594 636 13 0
594 546 15 0
594 592 17 0
594 609 20 0
594 604 21 0
594 587 22 0
594 578 23 0
594 574 26 0
594 590 27 0
594 563 28 0
594 547 32 0
594 551 39 0
594 605 44 0
594 590 46 0
594 585 53 0
594 585 59 0
594 585 60 0
594 594 68 0
594 566 72 0
594 555 73 0
594 604 78 0
56 44 12 1
56 63 12 1
56 72 13 1
56 8 14 1
56 25 14 1
56 32 14 1
56 64 14 1
56 55 19 1
56 80 20 1
56 59 21 1
56 79 21 1
56 80 22 1
56 22 25 1
56 31 25 1
56 59 26 1
56 71 26 1
56 0 27 1
56 2 27 1
56 3 27 1
56 10 27 1
56 30 27 1
56 32 27 1
56 62 28 1
56 114 31 1
56 83 38 1
56 5 39 1
56 14 39 1
56 37 39 1
56 68 39 1
56 13 40 1
56 59 40 1
56 65 40 1
56 108 43 1
56 90 44 1
56 10 45 1
56 31 45 1
56 114 49 1
56 3 50 1
56 13 50 1
56 100 50 1
56 6 51 1
56 7 51 1
56 82 51 1
56 13 52 1
56 59 52 1
56 86 52 1
56 91 56 1
56 22 57 1
56 28 58 1
56 62 58 1
56 75 58 1
56 81 59 1
56 3 68 1
56 7 68 1
56 15 68 1
56 35 68 1
56 75 68 1
56 33 71 1
56 109 71 1
56 24 72 1
56 40 72 1
56 67 72 1
56 24 73 1
56 31 73 1
56 59 74 1
56 59 76 1
56 80 76 1
56 31 77 1
56 80 77 1
242 258 10 1
242 256 14 1
242 265 18 1
242 272 19 1
242 279 20 1
242 267 26 1
242 261 38 1
242 266 42 1
242 254 45 1
242 245 46 1
242 244 48 1
242 218 50 1
242 245 51 1
242 227 52 1
242 296 57 1
242 227 58 1
242 285 58 1
242 244 59 1
242 281 59 1
242 268 71 1
242 296 72 1
242 245 73 1
242 264 73 1
242 244 74 1
242 226 77 1
242 264 77 1
375 428 25 1
375 420 27 1
375 431 30 1
375 387 31 1
375 316 40 1
375 359 44 1
375 397 46 1
375 349 48 1
375 397 51 1
375 388 52 1
375 434 53 1
375 378 56 1
375 340 67 1
375 387 68 1
375 363 70 1
375 393 75 1
375 350 76 1
540 543 10 1
540 489 12 1
540 546 14 1
540 592 16 1
540 496 21 1
540 587 21 1
540 578 22 1
540 574 25 1
540 590 26 1
540 563 27 1
540 547 31 1
540 551 38 1
540 483 45 1
540 590 45 1
540 585 52 1
540 585 58 1
540 585 59 1
540 594 67 1
540 566 71 1
540 555 72 1
80 125 10 2
80 44 11 2
80 63 11 2
80 72 12 2
80 132 12 2
80 25 13 2
80 32 13 2
80 64 13 2
80 55 18 2
80 80 19 2
80 59 20 2
80 79 20 2
80 80 21 2
80 22 24 2
80 31 24 2
80 125 24 2
80 128 24 2
80 59 25 2
80 71 25 2
80 30 26 2
80 32 26 2
80 116 26 2
80 132 26 2
80 62 27 2
80 114 30 2
80 134 30 2
80 83 37 2
80 127 37 2
80 37 38 2
80 68 38 2
80 59 39 2
80 65 39 2
80 108 42 2
80 90 43 2
80 31 44 2
80 114 48 2
80 100 49 2
80 82 50 2
80 59 51 2
80 86 51 2
80 91 55 2
80 22 56 2
80 28 57 2
80 62 57 2
80 75 57 2
80 81 58 2
80 35 67 2
80 75 67 2
80 134 69 2
80 33 70 2
80 109 70 2
80 131 70 2
80 24 71 2
80 40 71 2
80 67 71 2
80 24 72 2
80 31 72 2
80 59 73 2
80 59 75 2
80 80 75 2
80 31 76 2
80 80 76 2
262 256 13 2
262 265 17 2
262 272 18 2
262 279 19 2
262 267 25 2
262 261 37 2
262 309 38 2
262 316 39 2
262 266 41 2
262 254 44 2
262 245 45 2
262 244 47 2
262 218 49 2
262 245 50 2
262 227 51 2
262 296 56 2
262 227 57 2
262 285 57 2
262 244 58 2
262 281 58 2
262 268 70 2
262 296 71 2
262 245 72 2
262 264 72 2
262 244 73 2
262 226 76 2
262 264 76 2
335 279 18 3
335 387 29 3
335 309 37 3
335 316 38 3
335 359 42 3
335 349 46 3
335 388 50 3
335 378 54 3
335 296 55 3
335 285 56 3
335 281 57 3
335 340 65 3
335 387 66 3
335 363 68 3
335 296 70 3
335 393 73 3
335 350 74 3
1 8 11 4
1 25 11 4
1 32 11 4
1 55 16 4
1 59 18 4
1 22 22 4
1 31 22 4
1 59 23 4
1 0 24 4
1 2 24 4
1 3 24 4
1 10 24 4
1 30 24 4
1 32 24 4
1 5 36 4
1 14 36 4
1 37 36 4
1 13 37 4
1 59 37 4
1 10 42 4
1 31 42 4
1 3 47 4
1 13 47 4
1 6 48 4
1 7 48 4
1 13 49 4
1 59 49 4
1 22 54 4
1 28 55 4
1 3 65 4
1 7 65 4
1 15 65 4
1 35 65 4
1 33 68 4
1 24 69 4
1 40 69 4
1 24 70 4
1 31 70 4
1 59 71 4
1 59 73 4
1 31 74 4
39 72 10 4
39 8 11 4
39 25 11 4
39 32 11 4
39 64 11 4
39 55 16 4
39 80 17 4
39 59 18 4
39 79 18 4
39 80 19 4
39 22 22 4
39 31 22 4
39 59 23 4
39 71 23 4
39 0 24 4
39 2 24 4
39 3 24 4
39 10 24 4
39 30 24 4
39 32 24 4
39 62 25 4
39 83 35 4
39 5 36 4
39 14 36 4
39 37 36 4
39 68 36 4
39 13 37 4
39 59 37 4
39 65 37 4
39 90 41 4
39 10 42 4
39 31 42 4
39 3 47 4
39 13 47 4
39 6 48 4
39 7 48 4
39 82 48 4
39 13 49 4
39 59 49 4
39 86 49 4
39 91 53 4
39 22 54 4
39 28 55 4
39 62 55 4
39 75 55 4
39 81 56 4
39 3 65 4
39 7 65 4
39 15 65 4
39 35 65 4
39 75 65 4
39 33 68 4
39 24 69 4
39 40 69 4
39 67 69 4
39 24 70 4
39 31 70 4
39 59 71 4
39 59 73 4
39 80 73 4
39 31 74 4
39 80 74 4
170 132 10 4
170 174 11 4
170 151 17 4
170 125 22 4
170 128 22 4
170 149 23 4
170 116 24 4
170 132 24 4
170 114 28 4
170 134 28 4
170 127 35 4
170 114 46 4
170 218 47 4
170 227 49 4
170 227 55 4
170 169 63 4
170 140 65 4
170 134 67 4
170 131 68 4
170 149 69 4
170 226 74 4
409 428 22 4
409 420 24 4
409 468 25 4
409 431 27 4
409 387 28 4
409 468 40 4
409 359 41 4
409 397 43 4
409 349 45 4
409 435 47 4
409 397 48 4
409 388 49 4
409 434 50 4
409 378 53 4
409 387 65 4
409 363 67 4
409 393 72 4
409 350 73 4
665 698 10 4
665 609 16 4
665 605 40 4
665 681 65 4
655 609 15 5
655 604 16 5
655 605 39 5
655 681 64 5
655 604 73 5
655 604 76 5
253 265 13 6
253 272 14 6
253 279 15 6
253 267 21 6
253 261 33 6
253 309 34 6
253 266 37 6
253 254 40 6
253 245 41 6
253 244 43 6
253 218 45 6
253 245 46 6
253 227 47 6
253 296 52 6
253 227 53 6
253 285 53 6
253 244 54 6
253 281 54 6
253 268 66 6
253 296 67 6
253 245 68 6
253 264 68 6
253 244 69 6
253 226 72 6
253 264 72 6
253 216 78 6
253 264 79 6
654 609 14 6
654 604 15 6
654 605 38 6
654 594 62 6
654 681 63 6
654 604 72 6
654 604 75 6
654 594 78 6
654 604 79 6
596 592 10 7
596 609 13 7
596 604 14 7
596 587 15 7
596 578 16 7
596 574 19 7
596 590 20 7
596 563 21 7
596 547 25 7
596 551 32 7
596 605 37 7
596 590 39 7
596 585 46 7
596 585 52 7
596 585 53 7
596 594 61 7
596 566 65 7
596 555 66 7
596 604 71 7
596 604 74 7
596 594 77 7
596 604 78 7
592 609 12 8
592 604 13 8
592 587 14 8
592 578 15 8
592 574 18 8
592 590 19 8
592 563 20 8
592 547 24 8
592 551 31 8
592 605 36 8
592 590 38 8
592 585 45 8
592 585 51 8
592 585 52 8
592 594 60 8
592 566 64 8
592 555 65 8
592 604 70 8
592 604 73 8
592 594 76 8
592 604 77 8
146 151 12 9
146 125 17 9
146 128 17 9
146 149 18 9
146 116 19 9
146 132 19 9
146 114 23 9
146 134 23 9
146 127 30 9
146 108 35 9
146 90 36 9
146 114 41 9
146 100 42 9
146 86 44 9
146 91 48 9
146 169 58 9
146 140 60 9
146 134 62 9
146 109 63 9
146 131 63 9
146 149 64 9
146 100 75 9
430 428 17 9
430 420 19 9
430 468 20 9
430 470 21 9
430 431 22 9
430 387 23 9
430 468 35 9
430 483 37 9
430 397 38 9
430 435 42 9
430 397 43 9
430 388 44 9
430 434 45 9
430 378 48 9
430 471 52 9
430 387 60 9
430 393 67 9
430 468 77 9
569 609 11 9
569 604 12 9
569 587 13 9
569 578 14 9
569 574 17 9
569 590 18 9
569 563 19 9
569 547 23 9
569 551 30 9
569 605 35 9
569 590 37 9
569 585 44 9
569 585 50 9
569 585 51 9
569 594 59 9
569 566 63 9
569 555 64 9
569 604 69 9
569 604 72 9
569 594 75 9
569 604 76 9
259 272 10 10
259 279 11 10
259 267 17 10
259 261 29 10
259 309 30 10
259 316 31 10
259 266 33 10
259 254 36 10
259 245 37 10
259 244 39 10
259 218 41 10
259 245 42 10
259 227 43 10
259 296 48 10
259 227 49 10
259 285 49 10
259 244 50 10
259 281 50 10
259 268 62 10
259 296 63 10
259 245 64 10
259 264 64 10
259 244 65 10
259 226 68 10
259 264 68 10
259 314 73 10
259 216 74 10
259 264 75 10
259 309 79 10
655 609 10 10
655 604 11 10
655 605 34 10
655 681 59 10
655 604 68 10
655 604 71 10
655 604 75 10
655 694 79 10
258 279 10 11
258 267 16 11
258 261 28 11
258 309 29 11
258 316 30 11
258 266 32 11
258 254 35 11
258 245 36 11
258 244 38 11
258 218 40 11
258 245 41 11
258 227 42 11
258 296 47 11
258 227 48 11
258 285 48 11
258 244 49 11
258 281 49 11
258 268 61 11
258 296 62 11
258 245 63 11
258 264 63 11
258 244 64 11
258 226 67 11
258 264 67 11
258 314 72 11
258 216 73 11
258 264 74 11
258 309 78 11
258 255 79 11
543 496 11 11
543 587 11 11
543 578 12 11
543 574 15 11
543 590 16 11
543 563 17 11
543 547 21 11
543 551 28 11
543 483 35 11
543 590 35 11
543 585 42 11
543 585 48 11
543 585 49 11
543 594 57 11
543 566 61 11
543 555 62 11
543 594 73 11
125 79 10 12
125 80 11 12
125 125 14 12
125 128 14 12
125 71 15 12
125 149 15 12
125 116 16 12
125 132 16 12
125 114 20 12
125 134 20 12
125 83 27 12
125 127 27 12
125 68 28 12
125 65 29 12
125 108 32 12
125 90 33 12
125 114 38 12
125 100 39 12
125 82 40 12
125 86 41 12
125 91 45 12
125 75 47 12
125 81 48 12
125 169 55 12
125 75 57 12
125 140 57 12
125 134 59 12
125 109 60 12
125 131 60 12
125 67 61 12
125 149 61 12
125 80 65 12
125 80 66 12
125 100 72 12
125 89 78 12
125 138 78 12
44 80 10 13
44 22 13 13
44 31 13 13
44 59 14 13
44 71 14 13
44 0 15 13
44 2 15 13
44 3 15 13
44 10 15 13
44 30 15 13
44 32 15 13
44 62 16 13
44 83 26 13
44 5 27 13
44 14 27 13
44 37 27 13
44 68 27 13
44 13 28 13
44 59 28 13
44 65 28 13
44 90 32 13
44 10 33 13
44 31 33 13
44 3 38 13
44 13 38 13
44 100 38 13
44 6 39 13
44 7 39 13
44 82 39 13
44 13 40 13
44 59 40 13
44 86 40 13
44 91 44 13
44 22 45 13
44 28 46 13
44 62 46 13
44 75 46 13
44 81 47 13
44 3 56 13
44 7 56 13
44 15 56 13
44 35 56 13
44 75 56 13
44 33 59 13
44 24 60 13
44 40 60 13
44 67 60 13
44 24 61 13
44 31 61 13
44 59 62 13
44 59 64 13
44 80 64 13
44 31 65 13
44 80 65 13
44 1 71 13
44 3 71 13
44 21 71 13
44 100 71 13
44 11 77 13
44 89 77 13
44 13 78 13
63 80 10 13
63 22 13 13
63 31 13 13
63 59 14 13
63 71 14 13
63 3 15 13
63 10 15 13
63 30 15 13
63 32 15 13
63 116 15 13
63 62 16 13
63 114 19 13
63 83 26 13
63 5 27 13
63 14 27 13
63 37 27 13
63 68 27 13
63 13 28 13
63 59 28 13
63 65 28 13
63 108 31 13
63 90 32 13
63 10 33 13
63 31 33 13
63 114 37 13
63 3 38 13
63 13 38 13
63 100 38 13
63 6 39 13
63 7 39 13
63 82 39 13
63 13 40 13
63 59 40 13
63 86 40 13
63 91 44 13
63 22 45 13
63 28 46 13
63 62 46 13
63 75 46 13
63 81 47 13
63 3 56 13
63 7 56 13
63 15 56 13
63 35 56 13
63 75 56 13
63 33 59 13
63 109 59 13
63 24 60 13
63 40 60 13
63 67 60 13
63 24 61 13
63 31 61 13
63 59 62 13
63 59 64 13
63 80 64 13
63 31 65 13
63 80 65 13
63 3 71 13
63 21 71 13
63 100 71 13
63 11 77 13
63 89 77 13
63 13 78 13
489 468 16 13
489 470 17 13
489 431 18 13
489 547 19 13
489 468 31 13
489 483 33 13
489 435 38 13
489 434 41 13
489 471 48 13
489 468 73 13
489 449 79 13
636 578 10 13
636 590 14 13
636 605 31 13
636 590 33 13
636 585 40 13
636 585 46 13
636 585 47 13
636 594 55 13
636 681 56 13
636 604 65 13
636 604 68 13
636 594 71 13
636 604 72 13
636 694 76 13
636 662 77 13
72 22 12 14
72 31 12 14
72 125 12 14
72 128 12 14
72 59 13 14
72 71 13 14
72 30 14 14
72 32 14 14
72 116 14 14
72 62 15 14
72 114 18 14
72 83 25 14
72 127 25 14
72 14 26 14
72 37 26 14
72 68 26 14
72 13 27 14
72 59 27 14
72 65 27 14
72 108 30 14
72 90 31 14
72 31 32 14
72 114 36 14
72 13 37 14
72 100 37 14
72 82 38 14
72 13 39 14
72 59 39 14
72 86 39 14
72 91 43 14
72 22 44 14
72 28 45 14
72 62 45 14
72 75 45 14
72 81 46 14
72 15 55 14
72 35 55 14
72 75 55 14
72 33 58 14
72 109 58 14
72 131 58 14
72 24 59 14
72 40 59 14
72 67 59 14
72 24 60 14
72 31 60 14
72 59 61 14
72 59 63 14
72 80 63 14
72 31 64 14
72 80 64 14
72 21 70 14
72 100 70 14
72 89 76 14
72 13 77 14
132 125 12 14
132 128 12 14
132 149 13 14
132 116 14 14
132 132 14 14
132 114 18 14
132 134 18 14
132 83 25 14
132 127 25 14
132 108 30 14
132 90 31 14
132 114 36 14
132 100 37 14
132 82 38 14
132 86 39 14
132 91 43 14
132 75 45 14
132 81 46 14
132 169 53 14
132 75 55 14
132 140 55 14
132 134 57 14
132 109 58 14
132 131 58 14
132 149 59 14
132 80 63 14
132 80 64 14
132 100 70 14
132 89 76 14
132 138 76 14
698 744 37 14
698 734 38 14
698 738 40 14
698 742 44 14
698 734 53 14
698 681 55 14
698 734 74 14
698 694 75 14
698 662 76 14
698 750 77 14
698 730 78 14
698 731 79 14
8 22 11 15
8 31 11 15
8 59 12 15
8 0 13 15
8 2 13 15
8 3 13 15
8 10 13 15
8 30 13 15
8 32 13 15
8 62 14 15
8 5 25 15
8 14 25 15
8 37 25 15
8 13 26 15
8 59 26 15
8 65 26 15
8 10 31 15
8 31 31 15
8 3 36 15
8 13 36 15
8 6 37 15
8 7 37 15
8 13 38 15
8 59 38 15
8 22 43 15
8 28 44 15
8 62 44 15
8 3 54 15
8 7 54 15
8 15 54 15
8 35 54 15
8 33 57 15
8 24 58 15
8 40 58 15
8 67 58 15
8 24 59 15
8 31 59 15
8 59 60 15
8 59 62 15
8 31 63 15
8 1 69 15
8 3 69 15
8 21 69 15
8 11 75 15
8 13 76 15
25 22 11 15
25 31 11 15
25 59 12 15
25 71 12 15
25 0 13 15
25 2 13 15
25 3 13 15
25 10 13 15
25 30 13 15
25 32 13 15
25 62 14 15
25 83 24 15
25 5 25 15
25 14 25 15
25 37 25 15
25 68 25 15
25 13 26 15
25 59 26 15
25 65 26 15
25 10 31 15
25 31 31 15
25 3 36 15
25 13 36 15
25 6 37 15
25 7 37 15
25 82 37 15
25 13 38 15
25 59 38 15
25 22 43 15
25 28 44 15
25 62 44 15
25 75 44 15
25 81 45 15
25 3 54 15
25 7 54 15
25 15 54 15
25 35 54 15
25 75 54 15
25 33 57 15
25 24 58 15
25 40 58 15
25 67 58 15
25 24 59 15
25 31 59 15
25 59 60 15
25 59 62 15
25 80 62 15
25 31 63 15
25 80 63 15
25 1 69 15
25 3 69 15
25 21 69 15
25 11 75 15
25 13 76 15
32 22 11 15
32 31 11 15
32 59 12 15
32 71 12 15
32 0 13 15
32 2 13 15
32 3 13 15
32 10 13 15
32 30 13 15
32 32 13 15
32 62 14 15
32 83 24 15
32 5 25 15
32 14 25 15
32 37 25 15
32 68 25 15
32 13 26 15
32 59 26 15
32 65 26 15
32 90 30 15
32 10 31 15
32 31 31 15
32 3 36 15
32 13 36 15
32 6 37 15
32 7 37 15
32 82 37 15
32 13 38 15
32 59 38 15
32 86 38 15
32 91 42 15
32 22 43 15
32 28 44 15
32 62 44 15
32 75 44 15
32 81 45 15
32 3 54 15
32 7 54 15
32 15 54 15
32 35 54 15
32 75 54 15
32 33 57 15
32 24 58 15
32 40 58 15
32 67 58 15
32 24 59 15
32 31 59 15
32 59 60 15
32 59 62 15
32 80 62 15
32 31 63 15
32 80 63 15
32 1 69 15
32 3 69 15
32 21 69 15
32 11 75 15
32 89 75 15
32 13 76 15
64 22 11 15
64 31 11 15
64 59 12 15
64 71 12 15
64 10 13 15
64 30 13 15
64 32 13 15
64 116 13 15
64 62 14 15
64 114 17 15
64 83 24 15
64 5 25 15
64 14 25 15
64 37 25 15
64 68 25 15
64 13 26 15
64 59 26 15
64 65 26 15
64 108 29 15
64 90 30 15
64 10 31 15
64 31 31 15
64 114 35 15
64 13 36 15
64 100 36 15
64 6 37 15
64 7 37 15
64 82 37 15
64 13 38 15
64 59 38 15
64 86 38 15
64 91 42 15
64 22 43 15
64 28 44 15
64 62 44 15
64 75 44 15
64 81 45 15
64 7 54 15
64 15 54 15
64 35 54 15
64 75 54 15
64 33 57 15
64 109 57 15
64 24 58 15
64 40 58 15
64 67 58 15
64 24 59 15
64 31 59 15
64 59 60 15
64 59 62 15
64 80 62 15
64 31 63 15
64 80 63 15
64 21 69 15
64 100 69 15
64 11 75 15
64 89 75 15
64 13 76 15
174 125 11 15
174 128 11 15
174 149 12 15
174 116 13 15
174 132 13 15
174 114 17 15
174 134 17 15
174 127 24 15
174 114 35 15
174 218 36 15
174 227 38 15
174 227 44 15
174 169 52 15
174 140 54 15
174 134 56 15
174 131 57 15
174 149 58 15
174 226 63 15
174 216 69 15
174 138 75 15
174 233 79 15
256 267 12 15
256 261 24 15
256 309 25 15
256 266 28 15
256 254 31 15
256 245 32 15
256 244 34 15
256 218 36 15
256 245 37 15
256 227 38 15
256 296 43 15
256 227 44 15
256 285 44 15
256 244 45 15
256 281 45 15
256 268 57 15
256 296 58 15
256 245 59 15
256 264 59 15
256 244 60 15
256 226 63 15
256 264 63 15
256 314 68 15
256 216 69 15
256 264 70 15
256 309 74 15
256 255 75 15
256 245 78 15
256 286 78 15
256 233 79 15
256 277 79 15
546 574 11 15
546 590 12 15
546 563 13 15
546 547 17 15
546 551 24 15
546 605 29 15
546 590 31 15
546 585 38 15
546 585 44 15
546 585 45 15
546 594 53 15
546 566 57 15
546 555 58 15
546 604 63 15
546 604 66 15
546 594 69 15
546 604 70 15
546 590 79 15
592 590 10 17
592 563 11 17
592 547 15 17
592 551 22 17
592 605 27 17
592 590 29 17
592 585 36 17
592 585 42 17
592 585 43 17
592 594 51 17
592 566 55 17
592 555 56 17
592 604 61 17
592 604 64 17
592 594 67 17
592 604 68 17
592 590 77 17
265 261 20 19
265 309 21 19
265 316 22 19
265 266 24 19
265 254 27 19
265 245 28 19
265 244 30 19
265 218 32 19
265 245 33 19
265 227 34 19
265 296 39 19
265 227 40 19
265 285 40 19
265 244 41 19
265 281 41 19
265 268 53 19
265 296 54 19
265 245 55 19
265 264 55 19
265 244 56 19
265 226 59 19
265 264 59 19
265 314 64 19
265 216 65 19
265 264 66 19
265 309 70 19
265 255 71 19
265 245 74 19
265 286 74 19
265 233 75 19
265 277 75 19
55 114 12 20
55 83 19 20
55 5 20 20
55 14 20 20
55 37 20 20
55 68 20 20
55 13 21 20
55 59 21 20
55 65 21 20
55 108 24 20
55 90 25 20
55 10 26 20
55 31 26 20
55 114 30 20
55 3 31 20
55 13 31 20
55 100 31 20
55 6 32 20
55 7 32 20
55 82 32 20
55 13 33 20
55 59 33 20
55 86 33 20
55 91 37 20
55 22 38 20
55 28 39 20
55 62 39 20
55 75 39 20
55 81 40 20
55 3 49 20
55 7 49 20
55 15 49 20
55 35 49 20
55 75 49 20
55 33 52 20
55 109 52 20
55 24 53 20
55 40 53 20
55 67 53 20
55 24 54 20
55 31 54 20
55 59 55 20
55 59 57 20
55 80 57 20
55 31 58 20
55 80 58 20
55 1 64 20
55 3 64 20
55 21 64 20
55 100 64 20
55 11 70 20
55 89 70 20
55 13 71 20
55 63 75 20
272 261 19 20
272 309 20 20
272 316 21 20
272 266 23 20
272 254 26 20
272 245 27 20
272 244 29 20
272 218 31 20
272 245 32 20
272 227 33 20
272 296 38 20
272 227 39 20
272 285 39 20
272 244 40 20
272 281 40 20
272 268 52 20
272 296 53 20
272 245 54 20
272 264 54 20
272 244 55 20
272 226 58 20
272 264 58 20
272 314 63 20
272 216 64 20
272 264 65 20
272 309 69 20
272 255 70 20
272 245 73 20
272 286 73 20
272 233 74 20
272 277 74 20
609 551 19 20
609 605 24 20
609 590 26 20
609 585 33 20
609 585 39 20
609 585 40 20
609 594 48 20
609 566 52 20
609 555 53 20
609 604 58 20
609 604 61 20
609 594 64 20
609 604 65 20
609 662 70 20
609 590 74 20
80 114 11 21
80 134 11 21
80 83 18 21
80 127 18 21
80 37 19 21
80 68 19 21
80 59 20 21
80 65 20 21
80 108 23 21
80 90 24 21
80 31 25 21
80 114 29 21
80 100 30 21
80 82 31 21
80 59 32 21
80 86 32 21
80 91 36 21
80 22 37 21
80 28 38 21
80 62 38 21
80 75 38 21
80 81 39 21
80 35 48 21
80 75 48 21
80 134 50 21
80 33 51 21
80 109 51 21
80 131 51 21
80 24 52 21
80 40 52 21
80 67 52 21
80 24 53 21
80 31 53 21
80 59 54 21
80 59 56 21
80 80 56 21
80 31 57 21
80 80 57 21
80 21 63 21
80 100 63 21
80 89 69 21
80 138 69 21
80 63 74 21
151 114 11 21
151 134 11 21
151 127 18 21
151 108 23 21
151 114 29 21
151 100 30 21
151 91 36 21
151 169 46 21
151 140 48 21
151 134 50 21
151 109 51 21
151 131 51 21
151 149 52 21
151 100 63 21
151 138 69 21
279 261 18 21
279 309 19 21
279 316 20 21
279 266 22 21
279 254 25 21
279 245 26 21
279 244 28 21
279 245 31 21
279 227 32 21
279 296 37 21
279 227 38 21
279 285 38 21
279 244 39 21
279 281 39 21
279 268 51 21
279 296 52 21
279 245 53 21
279 264 53 21
279 244 54 21
279 226 57 21
279 264 57 21
279 314 62 21
279 264 64 21
279 309 68 21
279 255 69 21
279 245 72 21
279 286 72 21
279 233 73 21
279 277 73 21
604 547 11 21
604 551 18 21
604 605 23 21
604 590 25 21
604 585 32 21
604 585 38 21
604 585 39 21
604 594 47 21
604 566 51 21
604 555 52 21
604 604 57 21
604 604 60 21
604 594 63 21
604 604 64 21
604 662 69 21
604 590 73 21
59 114 10 22
59 83 17 22
59 5 18 22
59 14 18 22
59 37 18 22
59 68 18 22
59 13 19 22
59 59 19 22
59 65 19 22
59 108 22 22
59 90 23 22
59 10 24 22
59 31 24 22
59 114 28 22
59 3 29 22
59 13 29 22
59 100 29 22
59 6 30 22
59 7 30 22
59 82 30 22
59 13 31 22
59 59 31 22
59 86 31 22
59 91 35 22
59 22 36 22
59 28 37 22
59 62 37 22
59 75 37 22
59 81 38 22
59 3 47 22
59 7 47 22
59 15 47 22
59 35 47 22
59 75 47 22
59 33 50 22
59 109 50 22
59 24 51 22
59 40 51 22
59 67 51 22
59 24 52 22
59 31 52 22
59 59 53 22
59 59 55 22
59 80 55 22
59 31 56 22
59 80 56 22
59 1 62 22
59 3 62 22
59 21 62 22
59 100 62 22
59 11 68 22
59 89 68 22
59 13 69 22
59 63 73 22
59 19 79 22
79 114 10 22
79 134 10 22
79 83 17 22
79 127 17 22
79 37 18 22
79 68 18 22
79 59 19 22
79 65 19 22
79 108 22 22
79 90 23 22
79 31 24 22
79 114 28 22
79 100 29 22
79 82 30 22
79 59 31 22
79 86 31 22
79 91 35 22
79 22 36 22
79 28 37 22
79 62 37 22
79 75 37 22
79 81 38 22
79 35 47 22
79 75 47 22
79 134 49 22
79 33 50 22
79 109 50 22
79 131 50 22
79 24 51 22
79 40 51 22
79 67 51 22
79 24 52 22
79 31 52 22
79 59 53 22
79 59 55 22
79 80 55 22
79 31 56 22
79 80 56 22
79 21 62 22
79 100 62 22
79 89 68 22
79 138 68 22
79 63 73 22
79 19 79 22
496 547 10 22
496 551 17 22
496 468 22 22
496 483 24 22
496 471 39 22
496 555 51 22
496 468 64 22
496 449 70 22
496 444 73 22
496 539 79 22
587 547 10 22
587 551 17 22
587 605 22 22
587 590 24 22
587 585 31 22
587 585 37 22
587 585 38 22
587 594 46 22
587 566 50 22
587 555 51 22
587 604 56 22
587 604 59 22
587 594 62 22
587 604 63 22
587 590 72 22
587 539 79 22
80 83 16 23
80 127 16 23
80 37 17 23
80 68 17 23
80 59 18 23
80 65 18 23
80 108 21 23
80 90 22 23
80 31 23 23
80 114 27 23
80 100 28 23
80 82 29 23
80 59 30 23
80 86 30 23
80 91 34 23
80 22 35 23
80 28 36 23
80 62 36 23
80 75 36 23
80 81 37 23
80 35 46 23
80 75 46 23
80 134 48 23
80 33 49 23
80 109 49 23
80 131 49 23
80 24 50 23
80 40 50 23
80 67 50 23
80 24 51 23
80 31 51 23
80 59 52 23
80 59 54 23
80 80 54 23
80 31 55 23
80 80 55 23
80 21 61 23
80 100 61 23
80 89 67 23
80 138 67 23
80 63 72 23
80 102 79 23
578 551 16 23
578 605 21 23
578 590 23 23
578 585 30 23
578 585 36 23
578 585 37 23
578 594 45 23
578 566 49 23
578 555 50 23
578 604 55 23
578 604 58 23
578 594 61 23
578 604 62 23
578 590 71 23
578 539 78 23
578 539 79 23
22 5 14 26
22 14 14 26
22 37 14 26
22 68 14 26
22 13 15 26
22 59 15 26
22 65 15 26
22 10 20 26
22 31 20 26
22 3 25 26
22 13 25 26
22 6 26 26
22 7 26 26
22 13 27 26
22 59 27 26
22 22 32 26
22 28 33 26
22 62 33 26
22 75 33 26
22 81 34 26
22 3 43 26
22 7 43 26
22 15 43 26
22 35 43 26
22 75 43 26
22 33 46 26
22 24 47 26
22 40 47 26
22 67 47 26
22 24 48 26
22 31 48 26
22 59 49 26
22 59 51 26
22 80 51 26
22 31 52 26
22 80 52 26
22 1 58 26
22 3 58 26
22 21 58 26
22 11 64 26
22 13 65 26
22 63 69 26
22 19 75 26
31 83 13 26
31 5 14 26
31 14 14 26
31 37 14 26
31 68 14 26
31 13 15 26
31 59 15 26
31 65 15 26
31 90 19 26
31 10 20 26
31 31 20 26
31 3 25 26
31 13 25 26
31 6 26 26
31 7 26 26
31 82 26 26
31 13 27 26
31 59 27 26
31 86 27 26
31 22 32 26
31 28 33 26
31 62 33 26
31 75 33 26
31 81 34 26
31 3 43 26
31 7 43 26
31 15 43 26
31 35 43 26
31 75 43 26
31 33 46 26
31 24 47 26
31 40 47 26
31 67 47 26
31 24 48 26
31 31 48 26
31 59 49 26
31 59 51 26
31 80 51 26
31 31 52 26
31 80 52 26
31 1 58 26
31 3 58 26
31 21 58 26
31 11 64 26
31 89 64 26
31 13 65 26
31 63 69 26
31 19 75 26
125 83 13 26
125 127 13 26
125 68 14 26
125 65 15 26
125 108 18 26
125 90 19 26
125 114 24 26
125 100 25 26
125 82 26 26
125 86 27 26
125 91 31 26
125 75 33 26
125 81 34 26
125 169 41 26
125 75 43 26
125 140 43 26
125 134 45 26
125 109 46 26
125 131 46 26
125 67 47 26
125 149 47 26
125 80 51 26
125 80 52 26
125 100 58 26
125 89 64 26
125 138 64 26
125 102 76 26
128 83 13 26
128 127 13 26
128 68 14 26
128 108 18 26
128 90 19 26
128 114 24 26
128 100 25 26
128 82 26 26
128 86 27 26
128 91 31 26
128 75 33 26
128 81 34 26
128 169 41 26
128 75 43 26
128 140 43 26
128 134 45 26
128 109 46 26
128 131 46 26
128 149 47 26
128 80 51 26
128 80 52 26
128 100 58 26
128 89 64 26
128 138 64 26
128 102 76 26
428 468 18 26
428 483 20 26
428 397 21 26
428 435 25 26
428 397 26 26
428 388 27 26
428 434 28 26
428 378 31 26
428 471 35 26
428 387 43 26
428 393 50 26
428 468 60 26
428 449 66 26
428 444 69 26
428 368 74 26
574 551 13 26
574 605 18 26
574 590 20 26
574 585 27 26
574 585 33 26
574 585 34 26
574 594 42 26
574 566 46 26
574 555 47 26
574 604 52 26
574 604 55 26
574 594 58 26
574 604 59 26
574 590 68 26
574 539 75 26
574 539 76 26
59 83 12 27
59 5 13 27
59 14 13 27
59 37 13 27
59 68 13 27
59 13 14 27
59 59 14 27
59 65 14 27
59 108 17 27
59 90 18 27
59 10 19 27
59 31 19 27
59 114 23 27
59 3 24 27
59 13 24 27
59 100 24 27
59 6 25 27
59 7 25 27
59 82 25 27
59 13 26 27
59 59 26 27
59 86 26 27
59 91 30 27
59 22 31 27
59 28 32 27
59 62 32 27
59 75 32 27
59 81 33 27
59 3 42 27
59 7 42 27
59 15 42 27
59 35 42 27
59 75 42 27
59 33 45 27
59 109 45 27
59 24 46 27
59 40 46 27
59 67 46 27
59 24 47 27
59 31 47 27
59 59 48 27
59 59 50 27
59 80 50 27
59 31 51 27
59 80 51 27
59 1 57 27
59 3 57 27
59 21 57 27
59 100 57 27
59 11 63 27
59 89 63 27
59 13 64 27
59 63 68 27
59 19 74 27
59 102 75 27
71 83 12 27
71 127 12 27
71 14 13 27
71 37 13 27
71 68 13 27
71 13 14 27
71 59 14 27
71 65 14 27
71 108 17 27
71 90 18 27
71 31 19 27
71 114 23 27
71 13 24 27
71 100 24 27
71 82 25 27
71 13 26 27
71 59 26 27
71 86 26 27
71 91 30 27
71 22 31 27
71 28 32 27
71 62 32 27
71 75 32 27
71 81 33 27
71 15 42 27
71 35 42 27
71 75 42 27
71 33 45 27
71 109 45 27
71 24 46 27
71 40 46 27
71 67 46 27
71 24 47 27
71 31 47 27
71 59 48 27
71 59 50 27
71 80 50 27
71 31 51 27
71 80 51 27
71 21 57 27
71 100 57 27
71 11 63 27
71 89 63 27
71 13 64 27
71 63 68 27
71 19 74 27
71 102 75 27
149 127 12 27
149 108 17 27
149 90 18 27
149 114 23 27
149 100 24 27
149 91 30 27
149 169 40 27
149 140 42 27
149 134 44 27
149 109 45 27
149 131 45 27
149 149 46 27
149 100 57 27
149 89 63 27
149 138 63 27
149 102 75 27
267 261 12 27
267 309 13 27
267 316 14 27
267 266 16 27
267 254 19 27
267 245 20 27
267 244 22 27
267 218 24 27
267 245 25 27
267 227 26 27
267 296 31 27
267 227 32 27
267 285 32 27
267 244 33 27
267 281 33 27
267 268 45 27
267 296 46 27
267 245 47 27
267 264 47 27
267 244 48 27
267 226 51 27
267 264 51 27
267 314 56 27
267 216 57 27
267 264 58 27
267 309 62 27
267 255 63 27
267 245 66 27
267 286 66 27
267 233 67 27
267 277 67 27
267 217 74 27
267 324 74 27
267 239 75 27
590 551 12 27
590 605 17 27
590 590 19 27
590 585 26 27
590 585 32 27
590 585 33 27
590 594 41 27
590 566 45 27
590 555 46 27
590 604 51 27
590 604 54 27
590 594 57 27
590 604 58 27
590 590 67 27
590 539 74 27
590 539 75 27
0 5 12 28
0 14 12 28
0 37 12 28
0 13 13 28
0 59 13 28
0 10 18 28
0 31 18 28
0 3 23 28
0 13 23 28
0 6 24 28
0 7 24 28
0 13 25 28
0 59 25 28
0 22 30 28
0 28 31 28
0 3 41 28
0 7 41 28
0 15 41 28
0 35 41 28
0 33 44 28
0 24 45 28
0 40 45 28
0 24 46 28
0 31 46 28
0 59 47 28
0 59 49 28
0 31 50 28
0 1 56 28
0 3 56 28
0 21 56 28
0 11 62 28
0 13 63 28
0 19 73 28
2 5 12 28
2 14 12 28
2 37 12 28
2 13 13 28
2 59 13 28
2 10 18 28
2 31 18 28
2 3 23 28
2 13 23 28
2 6 24 28
2 7 24 28
2 13 25 28
2 59 25 28
2 22 30 28
2 28 31 28
2 3 41 28
2 7 41 28
2 15 41 28
2 35 41 28
2 33 44 28
2 24 45 28
2 40 45 28
2 24 46 28
2 31 46 28
2 59 47 28
2 59 49 28
2 31 50 28
2 1 56 28
2 3 56 28
2 21 56 28
2 11 62 28
2 13 63 28
2 19 73 28
3 5 12 28
3 14 12 28
3 37 12 28
3 13 13 28
3 59 13 28
3 10 18 28
3 31 18 28
3 3 23 28
3 13 23 28
3 6 24 28
3 7 24 28
3 13 25 28
3 59 25 28
3 22 30 28
3 28 31 28
3 62 31 28
3 3 41 28
3 7 41 28
3 15 41 28
3 35 41 28
3 33 44 28
3 24 45 28
3 40 45 28
3 24 46 28
3 31 46 28
3 59 47 28
3 59 49 28
3 31 50 28
3 1 56 28
3 3 56 28
3 21 56 28
3 11 62 28
3 13 63 28
3 19 73 28
10 5 12 28
10 14 12 28
10 37 12 28
10 68 12 28
10 13 13 28
10 59 13 28
10 65 13 28
10 10 18 28
10 31 18 28
10 3 23 28
10 13 23 28
10 6 24 28
10 7 24 28
10 13 25 28
10 59 25 28
10 22 30 28
10 28 31 28
10 62 31 28
10 3 41 28
10 7 41 28
10 15 41 28
10 35 41 28
10 33 44 28
10 24 45 28
10 40 45 28
10 67 45 28
10 24 46 28
10 31 46 28
10 59 47 28
10 59 49 28
10 31 50 28
10 1 56 28
10 3 56 28
10 21 56 28
10 11 62 28
10 13 63 28
10 63 67 28
10 19 73 28
30 83 11 28
30 5 12 28
30 14 12 28
30 37 12 28
30 68 12 28
30 13 13 28
30 59 13 28
30 65 13 28
30 10 18 28
30 31 18 28
30 3 23 28
30 13 23 28
30 6 24 28
30 7 24 28
30 82 24 28
30 13 25 28
30 59 25 28
30 86 25 28
30 22 30 28
30 28 31 28
30 62 31 28
30 75 31 28
30 81 32 28
30 3 41 28
30 7 41 28
30 15 41 28
30 35 41 28
30 75 41 28
30 33 44 28
30 24 45 28
30 40 45 28
30 67 45 28
30 24 46 28
30 31 46 28
30 59 47 28
30 59 49 28
30 80 49 28
30 31 50 28
30 80 50 28
30 1 56 28
30 3 56 28
30 21 56 28
30 11 62 28
30 89 62 28
30 13 63 28
30 63 67 28
30 19 73 28
32 83 11 28
32 5 12 28
32 14 12 28
32 37 12 28
32 68 12 28
32 13 13 28
32 59 13 28
32 65 13 28
32 90 17 28
32 10 18 28
32 31 18 28
32 3 23 28
32 13 23 28
32 6 24 28
32 7 24 28
32 82 24 28
32 13 25 28
32 59 25 28
32 86 25 28
32 91 29 28
32 22 30 28
32 28 31 28
32 62 31 28
32 75 31 28
32 81 32 28
32 3 41 28
32 7 41 28
32 15 41 28
32 35 41 28
32 75 41 28
32 33 44 28
32 24 45 28
32 40 45 28
32 67 45 28
32 24 46 28
32 31 46 28
32 59 47 28
32 59 49 28
32 80 49 28
32 31 50 28
32 80 50 28
32 1 56 28
32 3 56 28
32 21 56 28
32 11 62 28
32 89 62 28
32 13 63 28
32 63 67 28
32 19 73 28
116 83 11 28
116 127 11 28
116 68 12 28
116 59 13 28
116 65 13 28
116 108 16 28
116 90 17 28
116 114 22 28
116 100 23 28
116 82 24 28
116 59 25 28
116 86 25 28
116 91 29 28
116 62 31 28
116 75 31 28
116 81 32 28
116 169 39 28
116 75 41 28
116 140 41 28
116 134 43 28
116 109 44 28
116 131 44 28
116 67 45 28
116 149 45 28
116 59 47 28
116 59 49 28
116 80 49 28
116 80 50 28
116 100 56 28
116 89 62 28
116 138 62 28
116 63 67 28
116 102 74 28
132 83 11 28
132 127 11 28
132 108 16 28
132 90 17 28
132 114 22 28
132 100 23 28
132 82 24 28
132 86 25 28
132 91 29 28
132 75 31 28
132 81 32 28
132 169 39 28
132 75 41 28
132 140 41 28
132 134 43 28
132 109 44 28
132 131 44 28
132 149 45 28
132 80 49 28
132 80 50 28
132 100 56 28
132 89 62 28
132 138 62 28
132 102 74 28
420 468 16 28
420 397 19 28
420 435 23 28
420 397 24 28
420 388 25 28
420 434 26 28
420 378 29 28
420 471 33 28
420 387 41 28
420 363 43 28
420 393 48 28
420 468 58 28
420 449 64 28
420 444 67 28
420 368 72 28
563 551 11 28
563 605 16 28
563 590 18 28
563 585 25 28
563 585 31 28
563 585 32 28
563 594 40 28
563 566 44 28
563 555 45 28
563 604 50 28
563 604 53 28
563 594 56 28
563 604 57 28
563 590 66 28
563 539 73 28
563 539 74 28
62 83 10 29
62 5 11 29
62 14 11 29
62 37 11 29
62 68 11 29
62 13 12 29
62 59 12 29
62 65 12 29
62 108 15 29
62 90 16 29
62 10 17 29
62 31 17 29
62 114 21 29
62 3 22 29
62 13 22 29
62 100 22 29
62 6 23 29
62 7 23 29
62 82 23 29
62 13 24 29
62 59 24 29
62 86 24 29
62 91 28 29
62 22 29 29
62 28 30 29
62 62 30 29
62 75 30 29
62 81 31 29
62 3 40 29
62 7 40 29
62 15 40 29
62 35 40 29
62 75 40 29
62 33 43 29
62 109 43 29
62 24 44 29
62 40 44 29
62 67 44 29
62 24 45 29
62 31 45 29
62 59 46 29
62 59 48 29
62 80 48 29
62 31 49 29
62 80 49 29
62 3 55 29
62 21 55 29
62 100 55 29
62 11 61 29
62 89 61 29
62 13 62 29
62 63 66 29
62 19 72 29
62 102 73 29
468 468 15 29
468 483 17 29
468 435 22 29
468 434 25 29
468 471 32 29
468 468 57 29
468 449 63 29
468 444 66 29
468 501 73 29
470 468 14 30
470 483 16 30
470 435 21 30
470 434 24 30
470 471 31 30
470 468 56 30
470 449 62 30
470 444 65 30
470 501 72 30
431 468 13 31
431 483 15 31
431 397 16 31
431 435 20 31
431 397 21 31
431 388 22 31
431 434 23 31
431 378 26 31
431 471 30 31
431 387 38 31
431 393 45 31
431 468 55 31
431 449 61 31
431 444 64 31
114 108 12 32
114 90 13 32
114 114 18 32
114 100 19 32
114 82 20 32
114 59 21 32
114 86 21 32
114 91 25 32
114 62 27 32
114 75 27 32
114 81 28 32
114 169 35 32
114 75 37 32
114 140 37 32
114 134 39 32
114 109 40 32
114 131 40 32
114 67 41 32
114 149 41 32
114 59 43 32
114 59 45 32
114 80 45 32
114 80 46 32
114 100 52 32
114 89 58 32
114 138 58 32
114 63 63 32
114 102 70 32
134 108 12 32
134 90 13 32
134 114 18 32
134 100 19 32
134 82 20 32
134 86 21 32
134 91 25 32
134 75 27 32
134 81 28 32
134 169 35 32
134 75 37 32
134 140 37 32
134 134 39 32
134 109 40 32
134 131 40 32
134 149 41 32
134 80 45 32
134 80 46 32
134 100 52 32
134 89 58 32
134 138 58 32
134 102 70 32
387 359 13 32
387 397 15 32
387 349 17 32
387 435 19 32
387 397 20 32
387 388 21 32
387 434 22 32
387 378 25 32
387 340 36 32
387 387 37 32
387 363 39 32
387 393 44 32
387 350 45 32
387 358 52 32
387 444 63 32
387 368 68 32
547 605 12 32
547 590 14 32
547 585 21 32
547 585 27 32
547 585 28 32
547 594 36 32
547 566 40 32
547 555 41 32
547 604 46 32
547 604 49 32
547 594 52 32
547 604 53 32
547 590 62 32
547 539 69 32
547 501 70 32
547 539 70 32
83 114 11 39
83 100 12 39
83 82 13 39
83 59 14 39
83 86 14 39
83 91 18 39
83 28 20 39
83 62 20 39
83 75 20 39
83 81 21 39
83 35 30 39
83 75 30 39
83 140 30 39
83 134 32 39
83 33 33 39
83 109 33 39
83 131 33 39
83 24 34 39
83 40 34 39
83 67 34 39
83 24 35 39
83 31 35 39
83 59 36 39
83 59 38 39
83 80 38 39
83 31 39 39
83 80 39 39
83 100 45 39
83 89 51 39
83 138 51 39
83 63 56 39
83 102 63 39
127 114 11 39
127 100 12 39
127 82 13 39
127 86 14 39
127 91 18 39
127 75 20 39
127 81 21 39
127 169 28 39
127 75 30 39
127 140 30 39
127 134 32 39
127 109 33 39
127 131 33 39
127 67 34 39
127 149 34 39
127 80 38 39
127 80 39 39
127 100 45 39
127 89 51 39
127 138 51 39
127 102 63 39
261 244 10 39
261 218 12 39
261 245 13 39
261 227 14 39
261 296 19 39
261 227 20 39
261 285 20 39
261 244 21 39
261 281 21 39
261 268 33 39
261 296 34 39
261 245 35 39
261 264 35 39
261 244 36 39
261 226 39 39
261 264 39 39
261 314 44 39
261 216 45 39
261 264 46 39
261 309 50 39
261 255 51 39
261 245 54 39
261 286 54 39
261 233 55 39
261 277 55 39
261 217 62 39
261 239 63 39
551 585 14 39
551 585 20 39
551 585 21 39
551 594 29 39
551 566 33 39
551 555 34 39
551 604 39 39
551 604 42 39
551 594 45 39
551 604 46 39
551 590 55 39
551 539 62 39
551 501 63 39
551 539 63 39
5 3 11 40
5 13 11 40
5 6 12 40
5 7 12 40
5 13 13 40
5 59 13 40
5 22 18 40
5 28 19 40
5 62 19 40
5 3 29 40
5 7 29 40
5 15 29 40
5 35 29 40
5 33 32 40
5 24 33 40
5 40 33 40
5 24 34 40
5 31 34 40
5 59 35 40
5 59 37 40
5 31 38 40
5 1 44 40
5 3 44 40
5 21 44 40
5 11 50 40
5 13 51 40
5 63 55 40
5 19 61 40
14 3 11 40
14 13 11 40
14 6 12 40
14 7 12 40
14 13 13 40
14 59 13 40
14 22 18 40
14 28 19 40
14 62 19 40
14 3 29 40
14 7 29 40
14 15 29 40
14 35 29 40
14 33 32 40
14 24 33 40
14 40 33 40
14 67 33 40
14 24 34 40
14 31 34 40
14 59 35 40
14 59 37 40
14 31 38 40
14 1 44 40
14 3 44 40
14 21 44 40
14 11 50 40
14 13 51 40
14 63 55 40
14 19 61 40
37 3 11 40
37 13 11 40
37 6 12 40
37 7 12 40
37 82 12 40
37 13 13 40
37 59 13 40
37 86 13 40
37 91 17 40
37 22 18 40
37 28 19 40
37 62 19 40
37 75 19 40
37 81 20 40
37 3 29 40
37 7 29 40
37 15 29 40
37 35 29 40
37 75 29 40
37 33 32 40
37 24 33 40
37 40 33 40
37 67 33 40
37 24 34 40
37 31 34 40
37 59 35 40
37 59 37 40
37 80 37 40
37 31 38 40
37 80 38 40
37 1 44 40
37 3 44 40
37 21 44 40
37 11 50 40
37 89 50 40
37 13 51 40
37 63 55 40
37 19 61 40
68 114 10 40
68 13 11 40
68 100 11 40
68 82 12 40
68 13 13 40
68 59 13 40
68 86 13 40
68 91 17 40
68 22 18 40
68 28 19 40
68 62 19 40
68 75 19 40
68 81 20 40
68 15 29 40
68 35 29 40
68 75 29 40
68 33 32 40
68 109 32 40
68 24 33 40
68 40 33 40
68 67 33 40
68 24 34 40
68 31 34 40
68 59 35 40
68 59 37 40
68 80 37 40
68 31 38 40
68 80 38 40
68 21 44 40
68 100 44 40
68 11 50 40
68 89 50 40
68 13 51 40
68 63 55 40
68 19 61 40
68 102 62 40
309 296 18 40
309 285 19 40
309 281 20 40
309 340 28 40
309 363 31 40
309 268 32 40
309 296 33 40
309 264 34 40
309 350 37 40
309 264 38 40
309 314 43 40
309 358 44 40
309 264 45 40
309 309 49 40
309 255 50 40
309 286 53 40
309 277 54 40
309 368 60 40
309 324 61 40
13 3 10 41
13 13 10 41
13 6 11 41
13 7 11 41
13 13 12 41
13 59 12 41
13 22 17 41
13 28 18 41
13 62 18 41
13 3 28 41
13 7 28 41
13 15 28 41
13 35 28 41
13 33 31 41
13 24 32 41
13 40 32 41
13 67 32 41
13 24 33 41
13 31 33 41
13 59 34 41
13 59 36 41
13 31 37 41
13 1 43 41
13 3 43 41
13 21 43 41
13 11 49 41
13 13 50 41
13 63 54 41
13 19 60 41
59 3 10 41
59 13 10 41
59 100 10 41
59 6 11 41
59 7 11 41
59 82 11 41
59 13 12 41
59 59 12 41
59 86 12 41
59 91 16 41
59 22 17 41
59 28 18 41
59 62 18 41
59 75 18 41
59 81 19 41
59 3 28 41
59 7 28 41
59 15 28 41
59 35 28 41
59 75 28 41
59 33 31 41
59 109 31 41
59 24 32 41
59 40 32 41
59 67 32 41
59 24 33 41
59 31 33 41
59 59 34 41
59 59 36 41
59 80 36 41
59 31 37 41
59 80 37 41
59 1 43 41
59 3 43 41
59 21 43 41
59 100 43 41
59 11 49 41
59 89 49 41
59 13 50 41
59 63 54 41
59 19 60 41
59 102 61 41
65 13 10 41
65 100 10 41
65 6 11 41
65 7 11 41
65 82 11 41
65 13 12 41
65 59 12 41
65 86 12 41
65 91 16 41
65 22 17 41
65 28 18 41
65 62 18 41
65 75 18 41
65 81 19 41
65 7 28 41
65 15 28 41
65 35 28 41
65 75 28 41
65 33 31 41
65 109 31 41
65 24 32 41
65 40 32 41
65 67 32 41
65 24 33 41
65 31 33 41
65 59 34 41
65 59 36 41
65 80 36 41
65 31 37 41
65 80 37 41
65 21 43 41
65 100 43 41
65 11 49 41
65 89 49 41
65 13 50 41
65 63 54 41
65 19 60 41
65 102 61 41
316 296 17 41
316 285 18 41
316 281 19 41
316 340 27 41
316 363 30 41
316 268 31 41
316 296 32 41
316 264 33 41
316 350 36 41
316 264 37 41
316 314 42 41
316 358 43 41
316 264 44 41
316 309 48 41
316 286 52 41
316 277 53 41
316 368 59 41
316 324 60 41
266 227 10 43
266 296 15 43
266 227 16 43
266 285 16 43
266 244 17 43
266 281 17 43
266 268 29 43
266 296 30 43
266 245 31 43
266 264 31 43
266 244 32 43
266 226 35 43
266 264 35 43
266 314 40 43
266 216 41 43
266 264 42 43
266 309 46 43
266 255 47 43
266 245 50 43
266 286 50 43
266 233 51 43
266 277 51 43
266 217 58 43
266 324 58 43
266 239 59 43
108 91 13 44
108 62 15 44
108 75 15 44
108 81 16 44
108 75 25 44
108 140 25 44
108 134 27 44
108 109 28 44
108 131 28 44
108 67 29 44
108 149 29 44
108 59 31 44
108 59 33 44
108 80 33 44
108 80 34 44
108 100 40 44
108 89 46 44
108 138 46 44
108 63 51 44
108 102 58 44
468 434 10 44
468 471 17 44
468 468 42 44
468 449 48 44
468 444 51 44
468 501 58 44
605 585 15 44
605 585 16 44
605 594 24 44
605 566 28 44
605 555 29 44
605 604 34 44
605 604 37 44
605 594 40 44
605 604 41 44
605 662 46 44
605 590 50 44
90 91 12 45
90 62 14 45
90 75 14 45
90 81 15 45
90 35 24 45
90 75 24 45
90 140 24 45
90 134 26 45
90 33 27 45
90 109 27 45
90 131 27 45
90 40 28 45
90 67 28 45
90 149 28 45
90 31 29 45
90 59 30 45
90 59 32 45
90 80 32 45
90 31 33 45
90 80 33 45
90 100 39 45
90 89 45 45
90 138 45 45
90 63 50 45
90 102 57 45
359 378 12 45
359 340 23 45
359 387 24 45
359 363 26 45
359 393 31 45
359 350 32 45
359 314 38 45
359 358 39 45
359 309 44 45
359 368 55 45
359 324 56 45
10 22 12 46
10 28 13 46
10 62 13 46
10 3 23 46
10 7 23 46
10 15 23 46
10 35 23 46
10 33 26 46
10 24 27 46
10 40 27 46
10 67 27 46
10 24 28 46
10 31 28 46
10 59 29 46
10 59 31 46
10 31 32 46
10 1 38 46
10 3 38 46
10 21 38 46
10 11 44 46
10 13 45 46
10 63 49 46
10 19 55 46
31 22 12 46
31 28 13 46
31 62 13 46
31 75 13 46
31 81 14 46
31 3 23 46
31 7 23 46
31 15 23 46
31 35 23 46
31 75 23 46
31 33 26 46
31 24 27 46
31 40 27 46
31 67 27 46
31 24 28 46
31 31 28 46
31 59 29 46
31 59 31 46
31 80 31 46
31 31 32 46
31 80 32 46
31 1 38 46
31 3 38 46
31 21 38 46
31 11 44 46
31 89 44 46
31 13 45 46
31 63 49 46
31 19 55 46
254 296 12 46
254 227 13 46
254 285 13 46
254 244 14 46
254 281 14 46
254 268 26 46
254 296 27 46
254 245 28 46
254 264 28 46
254 244 29 46
254 226 32 46
254 264 32 46
254 216 38 46
254 264 39 46
254 309 43 46
254 255 44 46
254 245 47 46
254 286 47 46
254 233 48 46
254 277 48 46
254 217 55 46
254 239 56 46
483 471 15 46
483 468 40 46
483 449 46 46
483 444 49 46
483 539 55 46
483 501 56 46
483 539 56 46
590 585 13 46
590 585 14 46
590 594 22 46
590 566 26 46
590 555 27 46
590 604 32 46
590 604 35 46
590 594 38 46
590 604 39 46
590 590 48 46
590 539 55 46
590 539 56 46
245 296 11 47
245 227 12 47
245 285 12 47
245 244 13 47
245 281 13 47
245 268 25 47
245 296 26 47
245 245 27 47
245 264 27 47
245 244 28 47
245 226 31 47
245 264 31 47
245 216 37 47
245 264 38 47
245 255 43 47
245 245 46 47
245 286 46 47
245 233 47 47
245 277 47 47
245 217 54 47
245 239 55 47
397 378 10 47
397 340 21 47
397 387 22 47
397 363 24 47
397 393 29 47
397 350 30 47
397 358 37 47
397 449 45 47
397 444 48 47
397 368 53 47
244 227 10 49
244 285 10 49
244 244 11 49
244 281 11 49
244 268 23 49
244 296 24 49
244 245 25 49
244 264 25 49
244 244 26 49
244 226 29 49
244 264 29 49
244 216 35 49
244 264 36 49
244 255 41 49
244 245 44 49
244 286 44 49
244 233 45 49
244 277 45 49
244 217 52 49
244 239 53 49
349 340 19 49
349 387 20 49
349 363 22 49
349 296 24 49
349 393 27 49
349 350 28 49
349 314 34 49
349 358 35 49
349 309 40 49
349 368 51 49
349 324 52 49
114 81 10 50
114 169 17 50
114 75 19 50
114 140 19 50
114 134 21 50
114 109 22 50
114 131 22 50
114 67 23 50
114 149 23 50
114 59 25 50
114 59 27 50
114 80 27 50
114 80 28 50
114 100 34 50
114 89 40 50
114 138 40 50
114 63 45 50
114 102 52 50
3 3 18 51
3 7 18 51
3 15 18 51
3 35 18 51
3 33 21 51
3 24 22 51
3 40 22 51
3 24 23 51
3 31 23 51
3 59 24 51
3 59 26 51
3 31 27 51
3 1 33 51
3 3 33 51
3 21 33 51
3 11 39 51
3 13 40 51
3 19 50 51
13 3 18 51
13 7 18 51
13 15 18 51
13 35 18 51
13 33 21 51
13 24 22 51
13 40 22 51
13 67 22 51
13 24 23 51
13 31 23 51
13 59 24 51
13 59 26 51
13 31 27 51
13 1 33 51
13 3 33 51
13 21 33 51
13 11 39 51
13 13 40 51
13 63 44 51
13 19 50 51
100 75 18 51
100 140 18 51
100 134 20 51
100 109 21 51
100 131 21 51
100 40 22 51
100 67 22 51
100 149 22 51
100 59 24 51
100 59 26 51
100 80 26 51
100 80 27 51
100 100 33 51
100 89 39 51
100 138 39 51
100 63 44 51
100 102 51 51
218 169 16 51
218 268 21 51
218 245 23 51
218 264 23 51
218 244 24 51
218 226 27 51
218 264 27 51
218 216 33 51
218 264 34 51
218 255 39 51
218 245 42 51
218 233 43 51
218 277 43 51
218 217 50 51
218 239 51 51
435 471 10 51
435 387 18 51
435 393 25 51
435 468 35 51
435 449 41 51
435 444 44 51
744 734 16 51
744 734 37 51
744 694 38 51
744 750 40 51
744 730 41 51
744 731 42 51
744 760 48 51
744 754 49 51
6 3 17 52
6 7 17 52
6 15 17 52
6 35 17 52
6 33 20 52
6 24 21 52
6 40 21 52
6 24 22 52
6 31 22 52
6 59 23 52
6 59 25 52
6 31 26 52
6 1 32 52
6 3 32 52
6 21 32 52
6 11 38 52
6 13 39 52
6 63 43 52
6 19 49 52
7 3 17 52
7 7 17 52
7 15 17 52
7 35 17 52
7 33 20 52
7 24 21 52
7 40 21 52
7 24 22 52
7 31 22 52
7 59 23 52
7 59 25 52
7 31 26 52
7 1 32 52
7 3 32 52
7 21 32 52
7 11 38 52
7 13 39 52
7 63 43 52
7 19 49 52
82 35 17 52
82 75 17 52
82 140 17 52
82 134 19 52
82 33 20 52
82 109 20 52
82 131 20 52
82 24 21 52
82 40 21 52
82 67 21 52
82 24 22 52
82 31 22 52
82 59 23 52
82 59 25 52
82 80 25 52
82 31 26 52
82 80 26 52
82 100 32 52
82 89 38 52
82 138 38 52
82 63 43 52
82 102 50 52
245 268 20 52
245 296 21 52
245 245 22 52
245 264 22 52
245 244 23 52
245 226 26 52
245 264 26 52
245 216 32 52
245 264 33 52
245 255 38 52
245 245 41 52
245 286 41 52
245 233 42 52
245 277 42 52
245 217 49 52
245 239 50 52
397 340 16 52
397 387 17 52
397 363 19 52
397 393 24 52
397 350 25 52
397 358 32 52
397 449 40 52
397 444 43 52
397 368 48 52
734 734 15 52
734 681 17 52
734 734 36 52
734 694 37 52
734 750 39 52
734 730 40 52
734 731 41 52
734 760 47 52
734 754 48 52
13 3 16 53
13 7 16 53
13 15 16 53
13 35 16 53
13 33 19 53
13 24 20 53
13 40 20 53
13 67 20 53
13 24 21 53
13 31 21 53
13 59 22 53
13 59 24 53
13 31 25 53
13 1 31 53
13 3 31 53
13 21 31 53
13 11 37 53
13 13 38 53
13 63 42 53
13 19 48 53
59 3 16 53
59 7 16 53
59 15 16 53
59 35 16 53
59 75 16 53
59 33 19 53
59 109 19 53
59 24 20 53
59 40 20 53
59 67 20 53
59 24 21 53
59 31 21 53
59 59 22 53
59 59 24 53
59 80 24 53
59 31 25 53
59 80 25 53
59 1 31 53
59 3 31 53
59 21 31 53
59 100 31 53
59 11 37 53
59 89 37 53
59 13 38 53
59 63 42 53
59 19 48 53
59 102 49 53
86 35 16 53
86 75 16 53
86 140 16 53
86 134 18 53
86 33 19 53
86 109 19 53
86 131 19 53
86 40 20 53
86 67 20 53
86 31 21 53
86 59 22 53
86 59 24 53
86 80 24 53
86 31 25 53
86 80 25 53
86 100 31 53
86 89 37 53
86 138 37 53
86 63 42 53
86 102 49 53
227 169 14 53
227 268 19 53
227 245 21 53
227 264 21 53
227 244 22 53
227 226 25 53
227 264 25 53
227 216 31 53
227 264 32 53
227 255 37 53
227 245 40 53
227 286 40 53
227 233 41 53
227 277 41 53
227 217 48 53
227 239 49 53
388 340 15 53
388 387 16 53
388 363 18 53
388 393 23 53
388 350 24 53
388 358 31 53
388 444 42 53
388 368 47 53
585 594 15 53
585 566 19 53
585 555 20 53
585 604 25 53
585 604 28 53
585 594 31 53
585 604 32 53
585 590 41 53
585 539 48 53
585 539 49 53
434 387 15 54
434 393 22 54
434 468 32 54
434 449 38 54
434 444 41 54
738 734 13 54
738 681 15 54
738 734 34 54
738 694 35 54
738 750 37 54
738 730 38 54
738 731 39 54
738 760 45 54
738 754 46 54
91 35 12 57
91 75 12 57
91 140 12 57
91 134 14 57
91 33 15 57
91 109 15 57
91 131 15 57
91 40 16 57
91 67 16 57
91 149 16 57
91 31 17 57
91 59 18 57
91 59 20 57
91 80 20 57
91 31 21 57
91 80 21 57
91 100 27 57
91 89 33 57
91 138 33 57
91 63 38 57
91 102 45 57
378 340 11 57
378 387 12 57
378 363 14 57
378 393 19 57
378 350 20 57
378 358 27 57
378 368 43 57
378 324 44 57
22 3 11 58
22 7 11 58
22 15 11 58
22 35 11 58
22 75 11 58
22 33 14 58
22 24 15 58
22 40 15 58
22 67 15 58
22 24 16 58
22 31 16 58
22 59 17 58
22 59 19 58
22 80 19 58
22 31 20 58
22 80 20 58
22 1 26 58
22 3 26 58
22 21 26 58
22 11 32 58
22 13 33 58
22 63 37 58
22 19 43 58
296 340 10 58
296 268 14 58
296 296 15 58
296 245 16 58
296 264 16 58
296 244 17 58
296 350 19 58
296 264 20 58
296 314 25 58
296 264 27 58
296 309 31 58
296 255 32 58
296 245 35 58
296 286 35 58
296 277 36 58
296 324 43 58
296 239 44 58
742 734 30 58
742 694 31 58
742 750 33 58
742 730 34 58
742 731 35 58
742 760 41 58
742 754 42 58
28 3 10 59
28 7 10 59
28 15 10 59
28 35 10 59
28 75 10 59
28 33 13 59
28 24 14 59
28 40 14 59
28 67 14 59
28 24 15 59
28 31 15 59
28 59 16 59
28 59 18 59
28 80 18 59
28 31 19 59
28 80 19 59
28 1 25 59
28 3 25 59
28 21 25 59
28 11 31 59
28 13 32 59
28 63 36 59
28 19 42 59
62 3 10 59
62 7 10 59
62 15 10 59
62 35 10 59
62 75 10 59
62 33 13 59
62 109 13 59
62 24 14 59
62 40 14 59
62 67 14 59
62 24 15 59
62 31 15 59
62 59 16 59
62 59 18 59
62 80 18 59
62 31 19 59
62 80 19 59
62 3 25 59
62 21 25 59
62 100 25 59
62 11 31 59
62 89 31 59
62 13 32 59
62 63 36 59
62 19 42 59
62 102 43 59
75 15 10 59
75 35 10 59
75 75 10 59
75 134 12 59
75 33 13 59
75 109 13 59
75 131 13 59
75 24 14 59
75 40 14 59
75 67 14 59
75 24 15 59
75 31 15 59
75 59 16 59
75 59 18 59
75 80 18 59
75 31 19 59
75 80 19 59
75 21 25 59
75 100 25 59
75 89 31 59
75 63 36 59
75 19 42 59
75 102 43 59
227 268 13 59
227 245 15 59
227 264 15 59
227 244 16 59
227 226 19 59
227 264 19 59
227 216 25 59
227 264 26 59
227 255 31 59
227 245 34 59
227 286 34 59
227 233 35 59
227 277 35 59
227 217 42 59
227 239 43 59
285 268 13 59
285 296 14 59
285 245 15 59
285 264 15 59
285 244 16 59
285 226 19 59
285 264 19 59
285 314 24 59
285 264 26 59
285 309 30 59
285 255 31 59
285 245 34 59
285 286 34 59
285 233 35 59
285 277 35 59
285 324 42 59
285 239 43 59
585 566 13 59
585 555 14 59
585 604 19 59
585 604 22 59
585 594 25 59
585 604 26 59
585 590 35 59
585 539 42 59
585 539 43 59
81 134 11 60
81 33 12 60
81 109 12 60
81 131 12 60
81 24 13 60
81 40 13 60
81 67 13 60
81 24 14 60
81 31 14 60
81 59 15 60
81 59 17 60
81 80 17 60
81 31 18 60
81 80 18 60
81 21 24 60
81 100 24 60
81 89 30 60
81 138 30 60
81 63 35 60
81 102 42 60
244 268 12 60
244 296 13 60
244 245 14 60
244 264 14 60
244 244 15 60
244 226 18 60
244 264 18 60
244 216 24 60
244 264 25 60
244 255 30 60
244 245 33 60
244 286 33 60
244 233 34 60
244 277 34 60
244 217 41 60
244 239 42 60
281 268 12 60
281 296 13 60
281 245 14 60
281 264 14 60
281 244 15 60
281 226 18 60
281 264 18 60
281 314 23 60
281 264 25 60
281 309 29 60
281 255 30 60
281 245 33 60
281 286 33 60
281 233 34 60
281 277 34 60
281 324 41 60
281 239 42 60
585 566 12 60
585 555 13 60
585 604 18 60
585 604 21 60
585 594 24 60
585 604 25 60
585 590 34 60
585 539 41 60
585 539 42 60
471 468 25 61
471 449 31 61
471 444 34 61
471 501 41 61
169 226 11 67
169 216 17 67
169 138 23 67
169 217 34 67
734 734 21 67
734 694 22 67
734 750 24 67
734 730 25 67
734 731 26 67
734 760 32 67
734 754 33 67
340 314 15 68
340 358 16 68
340 309 21 68
340 286 25 68
340 368 32 68
340 324 33 68
594 604 10 68
594 604 13 68
594 594 16 68
594 604 17 68
594 590 26 68
594 539 33 68
594 539 34 68
3 1 15 69
3 3 15 69
3 21 15 69
3 11 21 69
3 13 22 69
3 19 32 69
7 1 15 69
7 3 15 69
7 21 15 69
7 11 21 69
7 13 22 69
7 63 26 69
7 19 32 69
15 1 15 69
15 3 15 69
15 21 15 69
15 11 21 69
15 13 22 69
15 63 26 69
15 19 32 69
35 1 15 69
35 3 15 69
35 21 15 69
35 11 21 69
35 89 21 69
35 13 22 69
35 63 26 69
35 19 32 69
75 21 15 69
75 100 15 69
75 89 21 69
75 63 26 69
75 19 32 69
75 102 33 69
140 100 15 69
140 89 21 69
140 138 21 69
140 102 33 69
387 358 15 69
387 444 26 69
387 368 31 69
681 734 19 69
681 694 20 69
681 662 21 69
681 730 23 69
681 731 24 69
134 100 13 71
134 89 19 71
134 138 19 71
134 102 31 71
363 314 12 71
363 358 13 71
363 309 18 71
363 368 29 71
363 324 30 71
33 1 12 72
33 3 12 72
33 21 12 72
33 11 18 72
33 89 18 72
33 13 19 72
33 63 23 72
33 19 29 72
109 100 12 72
109 89 18 72
109 138 18 72
109 63 23 72
109 102 30 72
131 100 12 72
131 89 18 72
131 138 18 72
131 102 30 72
268 314 11 72
268 216 12 72
268 264 13 72
268 309 17 72
268 255 18 72
268 245 21 72
268 286 21 72
268 233 22 72
268 277 22 72
268 217 29 72
268 324 29 72
268 239 30 72
566 594 12 72
566 604 13 72
566 590 22 72
566 539 29 72
566 539 30 72
24 1 11 73
24 3 11 73
24 21 11 73
24 11 17 73
24 13 18 73
24 63 22 73
24 19 28 73
40 1 11 73
40 3 11 73
40 21 11 73
40 11 17 73
40 89 17 73
40 13 18 73
40 63 22 73
40 19 28 73
67 21 11 73
67 100 11 73
67 11 17 73
67 89 17 73
67 13 18 73
67 63 22 73
67 19 28 73
67 102 29 73
149 100 11 73
149 89 17 73
149 138 17 73
149 102 29 73
296 314 10 73
296 264 12 73
296 309 16 73
296 255 17 73
296 245 20 73
296 286 20 73
296 277 21 73
296 324 28 73
296 239 29 73
555 594 11 73
555 604 12 73
555 590 21 73
555 539 28 73
555 501 29 73
555 539 29 73
24 1 10 74
24 3 10 74
24 21 10 74
24 11 16 74
24 13 17 74
24 63 21 74
24 19 27 74
31 1 10 74
31 3 10 74
31 21 10 74
31 11 16 74
31 89 16 74
31 13 17 74
31 63 21 74
31 19 27 74
245 216 10 74
245 264 11 74
245 255 16 74
245 245 19 74
245 286 19 74
245 233 20 74
245 277 20 74
245 217 27 74
245 239 28 74
264 216 10 74
264 264 11 74
264 309 15 74
264 255 16 74
264 245 19 74
264 286 19 74
264 233 20 74
264 277 20 74
264 217 27 74
264 239 28 74
59 11 15 75
59 89 15 75
59 13 16 75
59 63 20 75
59 19 26 75
59 102 27 75
244 264 10 75
244 255 15 75
244 245 18 75
244 286 18 75
244 233 19 75
244 277 19 75
244 217 26 75
244 239 27 75
393 449 16 76
393 444 19 76
393 368 24 76
59 11 13 77
59 89 13 77
59 13 14 77
59 63 18 77
59 19 24 77
59 102 25 77
80 89 13 77
80 138 13 77
80 63 18 77
80 102 25 77
350 309 12 77
350 368 23 77
350 324 24 77
31 11 12 78
31 89 12 78
31 13 13 78
31 63 17 78
31 19 23 78
80 89 12 78
80 138 12 78
80 63 17 78
80 102 24 78
226 255 12 78
226 245 15 78
226 233 16 78
226 277 16 78
226 217 23 78
226 239 24 78
264 309 11 78
264 255 12 78
264 245 15 78
264 286 15 78
264 233 16 78
264 277 16 78
264 217 23 78
264 239 24 78
604 662 12 78
604 590 16 78
604 590 13 81
314 286 10 83
314 277 11 83
314 368 17 83
314 324 18 83
1 19 17 84
3 19 17 84
21 63 11 84
21 19 17 84
100 63 11 84
100 102 18 84
216 233 10 84
216 217 17 84
216 239 18 84
358 368 16 84
358 324 17 84
594 590 10 84
594 539 17 84
594 539 18 84
264 217 16 85
264 239 17 85
468 501 16 86
734 760 11 88
734 754 12 88
309 368 11 89
309 324 12 89
11 19 11 90
89 102 12 90
138 102 12 90
255 217 11 90
255 239 12 90
13 19 10 91
449 501 10 92
