49 54 4 1
49 35 7 1
49 19 9 1
49 37 11 1
49 36 12 1
49 35 13 1
49 35 16 1
49 38 19 1
49 37 20 1
49 23 22 1
49 20 23 1
49 40 28 1
49 35 29 1
49 64 29 1
49 50 31 1
49 23 32 1
49 47 32 1
49 68 35 1
49 66 36 1
49 19 41 1
49 71 42 1
49 23 46 1
49 54 47 1
49 68 47 1
49 57 48 1
49 66 48 1
49 76 51 1
49 56 52 1
153 182 9 1
153 136 10 1
153 145 11 1
153 134 13 1
153 156 14 1
153 180 15 1
153 132 16 1
153 145 31 1
153 173 32 1
153 154 34 1
153 168 41 1
153 140 42 1
153 127 46 1
153 171 48 1
153 138 52 1
153 130 53 1
32 17 4 2
32 18 6 2
32 35 6 2
32 14 7 2
32 16 7 2
32 19 8 2
32 16 9 2
32 37 10 2
32 18 11 2
32 36 11 2
32 9 12 2
32 35 12 2
32 35 15 2
32 3 16 2
32 3 17 2
32 38 18 2
32 37 19 2
32 23 21 2
32 13 22 2
32 20 22 2
32 13 24 2
32 40 27 2
32 3 28 2
32 35 28 2
32 3 30 2
32 50 30 2
32 23 31 2
32 47 31 2
32 15 36 2
32 3 37 2
32 3 38 2
32 16 39 2
32 19 40 2
32 23 45 2
32 54 46 2
32 3 47 2
32 57 47 2
32 2 49 2
32 3 49 2
32 11 49 2
32 56 51 2
32 23 53 2
172 197 4 2
172 189 5 2
172 182 8 2
172 145 10 2
172 156 13 2
172 180 14 2
172 188 16 2
172 200 23 2
172 198 27 2
172 191 28 2
172 145 30 2
172 173 31 2
172 154 33 2
172 194 35 2
172 190 37 2
172 183 39 2
172 168 40 2
172 171 47 2
255 234 5 3
255 232 6 3
255 228 10 3
255 251 18 3
255 255 18 3
255 255 22 3
255 255 23 3
255 255 24 3
255 237 28 3
255 254 33 3
255 255 33 3
255 240 35 3
255 246 43 3
255 246 45 3
255 246 47 3
255 239 48 3
255 255 48 3
255 242 49 3
255 234 4 4
255 232 5 4
255 228 9 4
255 251 17 4
255 255 17 4
255 255 21 4
255 255 22 4
255 255 23 4
255 237 27 4
255 254 32 4
255 255 32 4
255 240 34 4
255 246 42 4
255 246 44 4
255 246 46 4
255 239 47 4
255 255 47 4
255 242 48 4
255 242 53 4
11 14 4 5
11 16 4 5
11 19 5 5
11 16 6 5
11 37 7 5
11 18 8 5
11 36 8 5
11 9 9 5
11 35 9 5
11 35 12 5
11 3 13 5
11 1 14 5
11 3 14 5
11 38 15 5
11 37 16 5
11 23 18 5
11 13 19 5
11 20 19 5
11 13 21 5
11 40 24 5
11 3 25 5
11 35 25 5
11 3 27 5
11 23 28 5
11 15 33 5
11 3 34 5
11 3 35 5
11 16 36 5
11 19 37 5
11 23 42 5
11 3 44 5
11 0 46 5
11 2 46 5
11 3 46 5
11 11 46 5
11 23 50 5
54 37 7 5
54 36 8 5
54 35 9 5
54 35 12 5
54 81 12 5
54 38 15 5
54 37 16 5
54 40 24 5
54 35 25 5
54 64 25 5
54 50 27 5
54 47 28 5
54 68 31 5
54 66 32 5
54 82 34 5
54 71 38 5
54 79 40 5
54 80 42 5
54 54 43 5
54 68 43 5
54 57 44 5
54 66 44 5
54 76 47 5
54 56 48 5
54 44 53 5
233 232 4 5
233 228 8 5
233 214 15 5
233 251 16 5
233 255 16 5
233 220 17 5
233 222 18 5
233 216 19 5
233 255 20 5
233 255 21 5
233 211 22 5
233 255 22 5
233 221 23 5
233 237 26 5
233 254 31 5
233 255 31 5
233 240 33 5
233 246 41 5
233 246 43 5
233 246 45 5
233 239 46 5
233 255 46 5
233 242 47 5
233 208 50 5
233 206 51 5
233 242 52 5
17 19 4 6
17 16 5 6
17 37 6 6
17 18 7 6
17 36 7 6
17 9 8 6
17 35 8 6
17 35 11 6
17 3 12 6
17 1 13 6
17 3 13 6
17 38 14 6
17 37 15 6
17 23 17 6
17 13 18 6
17 20 18 6
17 13 20 6
17 40 23 6
17 3 24 6
17 35 24 6
17 3 26 6
17 23 27 6
17 15 32 6
17 3 33 6
17 3 34 6
17 16 35 6
17 19 36 6
17 23 41 6
17 3 43 6
17 0 45 6
17 2 45 6
17 3 45 6
17 11 45 6
17 23 49 6
17 44 52 6
102 87 4 6
102 84 6 6
102 109 10 6
102 81 11 6
102 95 16 6
102 119 18 6
102 120 19 6
102 119 21 6
102 106 22 6
102 94 25 6
102 82 33 6
102 87 35 6
102 79 39 6
102 80 41 6
102 127 41 6
102 76 46 6
102 130 48 6
102 108 50 6
102 122 51 6
102 100 52 6
102 107 53 6
197 182 4 6
197 180 10 6
197 188 12 6
197 214 14 6
197 220 16 6
197 222 17 6
197 216 18 6
197 200 19 6
197 211 21 6
197 221 22 6
197 198 23 6
197 191 24 6
197 173 27 6
197 194 31 6
197 190 33 6
197 183 35 6
197 168 36 6
197 171 43 6
197 208 49 6
197 206 50 6
197 212 53 6
84 84 5 7
84 109 9 7
84 81 10 7
84 95 15 7
84 106 21 7
84 64 23 7
84 94 24 7
84 68 29 7
84 66 30 7
84 82 32 7
84 87 34 7
84 71 36 7
84 79 38 7
84 80 40 7
84 54 41 7
84 68 41 7
84 57 42 7
84 66 42 7
84 76 45 7
84 56 46 7
84 108 49 7
84 100 51 7
84 107 52 7
189 180 9 7
189 188 11 7
189 214 13 7
189 216 17 7
189 200 18 7
189 211 20 7
189 198 22 7
189 191 23 7
189 173 26 7
189 194 30 7
189 190 32 7
189 183 34 7
189 168 35 7
189 171 42 7
189 208 48 7
189 206 49 7
189 212 52 7
189 197 53 7
18 37 4 8
18 18 5 8
18 36 5 8
18 9 6 8
18 35 6 8
18 35 9 8
18 3 10 8
18 1 11 8
18 3 11 8
18 38 12 8
18 37 13 8
18 23 15 8
18 13 16 8
18 20 16 8
18 13 18 8
18 40 21 8
18 3 22 8
18 35 22 8
18 3 24 8
18 23 25 8
18 47 25 8
18 15 30 8
18 3 31 8
18 3 32 8
18 16 33 8
18 19 34 8
18 23 39 8
18 3 41 8
18 0 43 8
18 2 43 8
18 3 43 8
18 11 43 8
18 23 47 8
18 44 50 8
18 3 53 8
18 21 53 8
18 34 53 8
35 37 4 8
35 18 5 8
35 36 5 8
35 9 6 8
35 35 6 8
35 35 9 8
35 38 12 8
35 37 13 8
35 23 15 8
35 13 16 8
35 20 16 8
35 13 18 8
35 40 21 8
35 35 22 8
35 64 22 8
35 50 24 8
35 23 25 8
35 47 25 8
35 15 30 8
35 16 33 8
35 19 34 8
35 23 39 8
35 54 40 8
35 57 41 8
35 11 43 8
35 56 45 8
35 23 47 8
35 44 50 8
35 21 53 8
35 34 53 8
35 63 53 8
234 228 5 8
234 214 12 8
234 251 13 8
234 255 13 8
234 220 14 8
234 222 15 8
234 216 16 8
234 255 17 8
234 255 18 8
234 211 19 8
234 255 19 8
234 221 20 8
234 237 23 8
234 254 28 8
234 255 28 8
234 240 30 8
234 246 38 8
234 246 40 8
234 246 42 8
234 239 43 8
234 255 43 8
234 242 44 8
234 208 47 8
234 206 48 8
234 242 49 8
234 212 51 8
14 18 4 9
14 36 4 9
14 9 5 9
14 35 5 9
14 35 8 9
14 3 9 9
14 1 10 9
14 3 10 9
14 38 11 9
14 37 12 9
14 23 14 9
14 13 15 9
14 20 15 9
14 13 17 9
14 40 20 9
14 3 21 9
14 35 21 9
14 3 23 9
14 23 24 9
14 15 29 9
14 3 30 9
14 3 31 9
14 16 32 9
14 19 33 9
14 23 38 9
14 3 40 9
14 0 42 9
14 2 42 9
14 3 42 9
14 11 42 9
14 23 46 9
14 3 52 9
14 21 52 9
14 34 52 9
16 18 4 9
16 36 4 9
16 9 5 9
16 35 5 9
16 35 8 9
16 3 9 9
16 1 10 9
16 3 10 9
16 38 11 9
16 37 12 9
16 23 14 9
16 13 15 9
16 20 15 9
16 13 17 9
16 40 20 9
16 3 21 9
16 35 21 9
16 3 23 9
16 23 24 9
16 15 29 9
16 3 30 9
16 3 31 9
16 16 32 9
16 19 33 9
16 23 38 9
16 3 40 9
16 0 42 9
16 2 42 9
16 3 42 9
16 11 42 9
16 23 46 9
16 44 49 9
16 3 52 9
16 21 52 9
16 34 52 9
232 228 4 9
232 214 11 9
232 251 12 9
232 255 12 9
232 220 13 9
232 222 14 9
232 216 15 9
232 255 16 9
232 255 17 9
232 211 18 9
232 255 18 9
232 221 19 9
232 237 22 9
232 254 27 9
232 255 27 9
232 240 29 9
232 246 37 9
232 246 39 9
232 246 41 9
232 239 42 9
232 255 42 9
232 242 43 9
232 208 46 9
232 206 47 9
232 242 48 9
232 212 50 9
19 9 4 10
19 35 4 10
19 35 7 10
19 3 8 10
19 1 9 10
19 3 9 10
19 38 10 10
19 37 11 10
19 23 13 10
19 13 14 10
19 20 14 10
19 13 16 10
19 40 19 10
19 3 20 10
19 35 20 10
19 3 22 10
19 23 23 10
19 47 23 10
19 15 28 10
19 3 29 10
19 3 30 10
19 16 31 10
19 19 32 10
19 23 37 10
19 3 39 10
19 0 41 10
19 2 41 10
19 3 41 10
19 11 41 10
19 23 45 10
19 44 48 10
19 3 51 10
19 21 51 10
19 34 51 10
87 109 6 10
87 81 7 10
87 95 12 10
87 106 18 10
87 64 20 10
87 94 21 10
87 68 26 10
87 66 27 10
87 82 29 10
87 87 31 10
87 71 33 10
87 79 35 10
87 80 37 10
87 68 38 10
87 57 39 10
87 66 39 10
87 76 42 10
87 108 46 10
87 100 48 10
87 107 49 10
87 63 51 10
87 114 52 10
182 156 5 10
182 180 6 10
182 188 8 10
182 200 15 10
182 211 17 10
182 198 19 10
182 191 20 10
182 173 23 10
182 154 25 10
182 194 27 10
182 190 29 10
182 183 31 10
182 168 32 10
182 171 39 10
182 208 45 10
182 206 46 10
182 197 50 10
182 161 51 10
182 166 52 10
16 35 6 11
16 3 7 11
16 1 8 11
16 3 8 11
16 38 9 11
16 37 10 11
16 23 12 11
16 13 13 11
16 20 13 11
16 13 15 11
16 40 18 11
16 3 19 11
16 35 19 11
16 3 21 11
16 23 22 11
16 15 27 11
16 3 28 11
16 3 29 11
16 16 30 11
16 19 31 11
16 23 36 11
16 3 38 11
16 0 40 11
16 2 40 11
16 3 40 11
16 11 40 11
16 23 44 11
16 44 47 11
16 3 50 11
16 21 50 11
16 34 50 11
136 156 4 11
136 109 5 11
136 132 6 11
136 119 13 11
136 120 14 11
136 119 16 11
136 106 17 11
136 145 21 11
136 154 24 11
136 140 32 11
136 127 36 11
136 138 42 11
136 130 43 11
136 108 45 11
136 122 46 11
136 148 47 11
136 107 48 11
136 161 50 11
136 114 51 11
136 144 52 11
37 35 5 12
37 38 8 12
37 37 9 12
37 23 11 12
37 13 12 12
37 20 12 12
37 13 14 12
37 40 17 12
37 35 18 12
37 64 18 12
37 50 20 12
37 23 21 12
37 47 21 12
37 66 25 12
37 15 26 12
37 16 29 12
37 19 30 12
37 23 35 12
37 54 36 12
37 57 37 12
37 66 37 12
37 11 39 12
37 56 41 12
37 23 43 12
37 44 46 12
37 21 49 12
37 34 49 12
37 63 49 12
37 49 51 12
37 48 52 12
37 63 52 12
84 109 4 12
84 81 5 12
84 95 10 12
84 106 16 12
84 64 18 12
84 94 19 12
84 68 24 12
84 66 25 12
84 82 27 12
84 87 29 12
84 71 31 12
84 79 33 12
84 80 35 12
84 54 36 12
84 68 36 12
84 57 37 12
84 66 37 12
84 76 40 12
84 56 41 12
84 108 44 12
84 100 46 12
84 107 47 12
84 63 49 12
84 63 52 12
145 132 5 12
145 119 12 12
145 120 13 12
145 119 15 12
145 145 20 12
145 173 21 12
145 154 23 12
145 168 30 12
145 140 31 12
145 127 35 12
145 171 37 12
145 138 41 12
145 130 42 12
145 122 45 12
145 148 46 12
145 161 49 12
145 166 50 12
145 144 51 12
18 35 4 13
18 3 5 13
18 1 6 13
18 3 6 13
18 38 7 13
18 37 8 13
18 23 10 13
18 13 11 13
18 20 11 13
18 13 13 13
18 40 16 13
18 3 17 13
18 35 17 13
18 3 19 13
18 23 20 13
18 47 20 13
18 15 25 13
18 3 26 13
18 3 27 13
18 16 28 13
18 19 29 13
18 23 34 13
18 3 36 13
18 0 38 13
18 2 38 13
18 3 38 13
18 11 38 13
18 23 42 13
18 44 45 13
18 3 48 13
18 21 48 13
18 34 48 13
18 11 53 13
36 35 4 13
36 38 7 13
36 37 8 13
36 23 10 13
36 13 11 13
36 20 11 13
36 13 13 13
36 40 16 13
36 35 17 13
36 64 17 13
36 50 19 13
36 23 20 13
36 47 20 13
36 15 25 13
36 16 28 13
36 19 29 13
36 23 34 13
36 54 35 13
36 57 36 13
36 11 38 13
36 56 40 13
36 23 42 13
36 44 45 13
36 21 48 13
36 34 48 13
36 63 48 13
36 49 50 13
36 48 51 13
36 63 51 13
36 11 53 13
228 214 7 13
228 251 8 13
228 255 8 13
228 220 9 13
228 222 10 13
228 216 11 13
228 200 12 13
228 255 12 13
228 255 13 13
228 211 14 13
228 255 14 13
228 221 15 13
228 198 16 13
228 237 18 13
228 254 23 13
228 255 23 13
228 240 25 13
228 246 33 13
228 246 35 13
228 246 37 13
228 239 38 13
228 255 38 13
228 242 39 13
228 208 42 13
228 206 43 13
228 242 44 13
228 212 46 13
228 253 51 13
228 251 52 13
228 228 53 13
9 3 4 14
9 1 5 14
9 3 5 14
9 38 6 14
9 37 7 14
9 23 9 14
9 13 10 14
9 20 10 14
9 13 12 14
9 3 16 14
9 35 16 14
9 3 18 14
9 23 19 14
9 15 24 14
9 3 25 14
9 3 26 14
9 16 27 14
9 19 28 14
9 23 33 14
9 3 35 14
9 0 37 14
9 2 37 14
9 3 37 14
9 11 37 14
9 23 41 14
9 3 47 14
9 21 47 14
9 34 47 14
9 11 52 14
9 2 53 14
9 10 53 14
35 38 6 14
35 37 7 14
35 23 9 14
35 13 10 14
35 20 10 14
35 13 12 14
35 40 15 14
35 35 16 14
35 64 16 14
35 50 18 14
35 23 19 14
35 47 19 14
35 15 24 14
35 16 27 14
35 19 28 14
35 23 33 14
35 54 34 14
35 57 35 14
35 11 37 14
35 56 39 14
35 23 41 14
35 44 44 14
35 21 47 14
35 34 47 14
35 63 47 14
35 49 49 14
35 48 50 14
35 63 50 14
35 11 52 14
35 10 53 14
134 119 10 14
134 120 11 14
134 119 13 14
134 106 14 14
134 145 18 14
134 154 21 14
134 140 29 14
134 127 33 14
134 138 39 14
134 130 40 14
134 108 42 14
134 122 43 14
134 148 44 14
134 107 45 14
134 161 47 14
134 114 48 14
134 144 49 14
156 145 17 15
156 173 18 15
156 154 20 15
156 183 26 15
156 168 27 15
156 140 28 15
156 127 32 15
156 171 34 15
156 138 38 15
156 130 39 15
156 148 43 15
156 161 46 15
156 166 47 15
156 144 48 15
109 95 6 16
109 119 8 16
109 120 9 16
109 119 11 16
109 106 12 16
109 94 15 16
109 82 23 16
109 87 25 16
109 79 29 16
109 80 31 16
109 127 31 16
109 138 37 16
109 130 38 16
109 108 40 16
109 122 41 16
109 100 42 16
109 107 43 16
109 114 46 16
109 108 52 16
180 200 9 16
180 198 13 16
180 191 14 16
180 173 17 16
180 154 19 16
180 194 21 16
180 190 23 16
180 183 25 16
180 168 26 16
180 171 33 16
180 208 39 16
180 206 40 16
180 197 44 16
180 161 45 16
180 166 46 16
180 188 52 16
180 185 53 16
35 37 4 17
35 23 6 17
35 13 7 17
35 20 7 17
35 13 9 17
35 40 12 17
35 35 13 17
35 64 13 17
35 50 15 17
35 23 16 17
35 47 16 17
35 15 21 17
35 16 24 17
35 19 25 17
35 23 30 17
35 54 31 17
35 57 32 17
35 11 34 17
35 56 36 17
35 23 38 17
35 44 41 17
35 21 44 17
35 34 44 17
35 63 44 17
35 49 46 17
35 48 47 17
35 63 47 17
35 11 49 17
35 10 50 17
35 11 51 17
35 22 51 17
35 17 52 17
81 95 5 17
81 106 11 17
81 64 13 17
81 94 14 17
81 68 19 17
81 66 20 17
81 82 22 17
81 87 24 17
81 71 26 17
81 79 28 17
81 80 30 17
81 54 31 17
81 68 31 17
81 57 32 17
81 66 32 17
81 76 35 17
81 56 36 17
81 108 39 17
81 100 41 17
81 107 42 17
81 63 44 17
81 63 47 17
81 108 51 17
132 119 7 17
132 120 8 17
132 119 10 17
132 106 11 17
132 145 15 17
132 154 18 17
132 140 26 17
132 127 30 17
132 138 36 17
132 130 37 17
132 108 39 17
132 122 40 17
132 148 41 17
132 107 42 17
132 161 44 17
132 114 45 17
132 144 46 17
132 108 51 17
3 23 5 18
3 13 6 18
3 20 6 18
3 13 8 18
3 3 12 18
3 3 14 18
3 23 15 18
3 15 20 18
3 3 21 18
3 3 22 18
3 16 23 18
3 19 24 18
3 23 29 18
3 3 31 18
3 0 33 18
3 2 33 18
3 3 33 18
3 11 33 18
3 23 37 18
3 3 43 18
3 21 43 18
3 11 48 18
3 2 49 18
3 10 49 18
3 11 50 18
3 22 50 18
3 17 51 18
188 216 6 18
188 200 7 18
188 211 9 18
188 198 11 18
188 191 12 18
188 173 15 18
188 194 19 18
188 190 21 18
188 183 23 18
188 168 24 18
188 171 31 18
188 208 37 18
188 206 38 18
188 212 41 18
188 197 42 18
188 161 43 18
188 166 44 18
188 188 50 18
188 185 51 18
188 189 52 18
1 23 4 19
1 13 5 19
1 20 5 19
1 13 7 19
1 3 11 19
1 3 13 19
1 23 14 19
1 15 19 19
1 3 20 19
1 3 21 19
1 16 22 19
1 19 23 19
1 23 28 19
1 3 30 19
1 0 32 19
1 2 32 19
1 3 32 19
1 11 32 19
1 23 36 19
1 3 42 19
1 21 42 19
1 11 47 19
1 2 48 19
1 10 48 19
1 11 49 19
1 22 49 19
1 17 50 19
1 17 53 19
3 23 4 19
3 13 5 19
3 20 5 19
3 13 7 19
3 3 11 19
3 3 13 19
3 23 14 19
3 15 19 19
3 3 20 19
3 3 21 19
3 16 22 19
3 19 23 19
3 23 28 19
3 3 30 19
3 0 32 19
3 2 32 19
3 3 32 19
3 11 32 19
3 23 36 19
3 3 42 19
3 21 42 19
3 11 47 19
3 2 48 19
3 10 48 19
3 11 49 19
3 22 49 19
3 17 50 19
3 17 53 19
38 13 4 20
38 20 4 20
38 13 6 20
38 40 9 20
38 35 10 20
38 64 10 20
38 50 12 20
38 23 13 20
38 47 13 20
38 66 17 20
38 15 18 20
38 16 21 20
38 19 22 20
38 23 27 20
38 54 28 20
38 57 29 20
38 66 29 20
38 11 31 20
38 56 33 20
38 23 35 20
38 44 38 20
38 21 41 20
38 34 41 20
38 63 41 20
38 49 43 20
38 48 44 20
38 63 44 20
38 11 46 20
38 10 47 20
38 11 48 20
38 22 48 20
38 17 49 20
38 17 52 20
38 19 53 20
214 216 4 20
214 200 5 20
214 211 7 20
214 221 8 20
214 198 9 20
214 191 10 20
214 237 11 20
214 194 17 20
214 240 18 20
214 190 19 20
214 239 31 20
214 242 32 20
214 208 35 20
214 206 36 20
214 242 37 20
214 212 39 20
214 197 40 20
214 228 46 20
214 234 47 20
214 188 48 20
214 185 49 20
214 189 50 20
214 234 51 20
214 233 52 20
214 185 53 20
37 13 5 21
37 40 8 21
37 35 9 21
37 64 9 21
37 50 11 21
37 23 12 21
37 47 12 21
37 66 16 21
37 15 17 21
37 16 20 21
37 19 21 21
37 23 26 21
37 54 27 21
37 57 28 21
37 66 28 21
37 11 30 21
37 56 32 21
37 23 34 21
37 44 37 21
37 21 40 21
37 34 40 21
37 63 40 21
37 49 42 21
37 48 43 21
37 63 43 21
37 11 45 21
37 10 46 21
37 11 47 21
37 22 47 21
37 17 48 21
37 17 51 21
37 19 52 21
37 15 53 21
251 255 4 21
251 255 5 21
251 255 6 21
251 221 7 21
251 237 10 21
251 254 15 21
251 255 15 21
251 240 17 21
251 246 25 21
251 246 27 21
251 246 29 21
251 239 30 21
251 255 30 21
251 242 31 21
251 242 36 21
251 253 43 21
251 251 44 21
251 228 45 21
251 234 46 21
251 234 50 21
251 233 51 21
251 251 53 21
255 255 4 21
255 255 5 21
255 255 6 21
255 237 10 21
255 254 15 21
255 255 15 21
255 240 17 21
255 246 25 21
255 246 27 21
255 246 29 21
255 239 30 21
255 255 30 21
255 242 31 21
255 242 36 21
255 253 43 21
255 251 44 21
255 228 45 21
255 234 46 21
255 234 50 21
255 233 51 21
255 251 53 21
95 119 5 22
95 106 6 22
95 94 9 22
95 68 14 22
95 66 15 22
95 82 17 22
95 87 19 22
95 71 21 22
95 79 23 22
95 80 25 22
95 68 26 22
95 66 27 22
95 76 30 22
95 108 34 22
95 122 35 22
95 100 36 22
95 107 37 22
95 114 40 22
95 108 46 22
95 89 50 22
95 103 51 22
95 85 52 22
220 211 5 22
220 221 6 22
220 198 7 22
220 191 8 22
220 237 9 22
220 194 15 22
220 240 16 22
220 190 17 22
220 246 24 22
220 246 26 22
220 246 28 22
220 239 29 22
220 242 30 22
220 208 33 22
220 206 34 22
220 242 35 22
220 212 37 22
220 197 38 22
220 228 44 22
220 234 45 22
220 234 49 22
220 233 50 22
23 40 6 23
23 3 7 23
23 35 7 23
23 3 9 23
23 50 9 23
23 23 10 23
23 47 10 23
23 15 15 23
23 3 16 23
23 3 17 23
23 16 18 23
23 19 19 23
23 23 24 23
23 3 26 23
23 0 28 23
23 2 28 23
23 3 28 23
23 11 28 23
23 23 32 23
23 44 35 23
23 3 38 23
23 21 38 23
23 34 38 23
23 49 40 23
23 48 41 23
23 11 43 23
23 2 44 23
23 10 44 23
23 11 45 23
23 22 45 23
23 17 46 23
23 17 49 23
23 19 50 23
23 15 51 23
23 34 52 23
222 211 4 23
222 221 5 23
222 198 6 23
222 237 8 23
222 194 14 23
222 240 15 23
222 246 23 23
222 246 25 23
222 246 27 23
222 239 28 23
222 242 29 23
222 208 32 23
222 206 33 23
222 242 34 23
222 212 36 23
222 197 37 23
222 251 42 23
222 228 43 23
222 234 44 23
222 234 48 23
222 233 49 23
222 251 51 23
13 40 5 24
13 3 6 24
13 35 6 24
13 3 8 24
13 23 9 24
13 15 14 24
13 3 15 24
13 3 16 24
13 16 17 24
13 19 18 24
13 23 23 24
13 3 25 24
13 0 27 24
13 2 27 24
13 3 27 24
13 11 27 24
13 23 31 24
13 3 37 24
13 21 37 24
13 34 37 24
13 11 42 24
13 2 43 24
13 10 43 24
13 11 44 24
13 22 44 24
13 17 45 24
13 17 48 24
13 19 49 24
13 15 50 24
13 34 51 24
13 23 53 24
20 40 5 24
20 3 6 24
20 35 6 24
20 3 8 24
20 23 9 24
20 47 9 24
20 15 14 24
20 3 15 24
20 3 16 24
20 16 17 24
20 19 18 24
20 23 23 24
20 3 25 24
20 0 27 24
20 2 27 24
20 3 27 24
20 11 27 24
20 23 31 24
20 44 34 24
20 3 37 24
20 21 37 24
20 34 37 24
20 49 39 24
20 48 40 24
20 11 42 24
20 2 43 24
20 10 43 24
20 11 44 24
20 22 44 24
20 17 45 24
20 17 48 24
20 19 49 24
20 15 50 24
20 34 51 24
20 23 53 24
119 106 4 24
119 94 7 24
119 145 8 24
119 140 19 24
119 127 23 24
119 138 29 24
119 130 30 24
119 108 32 24
119 122 33 24
119 100 34 24
119 148 34 24
119 107 35 24
119 114 38 24
119 144 39 24
119 108 44 24
119 89 48 24
119 103 49 24
119 147 51 24
119 120 52 24
119 137 52 24
119 135 53 24
216 221 4 24
216 198 5 24
216 191 6 24
216 237 7 24
216 194 13 24
216 240 14 24
216 190 15 24
216 239 27 24
216 242 28 24
216 208 31 24
216 206 32 24
216 242 33 24
216 212 35 24
216 197 36 24
216 228 42 24
216 234 43 24
216 188 44 24
216 189 46 24
216 234 47 24
216 233 48 24
120 94 6 25
120 145 7 25
120 140 18 25
120 127 22 25
120 138 28 25
120 130 29 25
120 108 31 25
120 122 32 25
120 100 33 25
120 148 33 25
120 107 34 25
120 114 37 25
120 144 38 25
120 108 43 25
120 103 48 25
120 147 50 25
120 120 51 25
120 137 51 25
120 135 52 25
120 117 53 25
200 198 4 25
200 191 5 25
200 173 8 25
200 194 12 25
200 190 14 25
200 183 16 25
200 171 24 25
200 208 30 25
200 206 31 25
200 212 34 25
200 197 35 25
200 228 41 25
200 188 43 25
200 185 44 25
200 189 45 25
200 185 48 25
200 182 53 25
255 237 6 25
255 254 11 25
255 255 11 25
255 240 13 25
255 246 21 25
255 246 23 25
255 246 25 25
255 239 26 25
255 255 26 25
255 242 27 25
255 242 32 25
255 253 39 25
255 251 40 25
255 228 41 25
255 234 42 25
255 234 46 25
255 233 47 25
255 251 49 25
13 3 4 26
13 35 4 26
13 3 6 26
13 23 7 26
13 15 12 26
13 3 13 26
13 3 14 26
13 16 15 26
13 19 16 26
13 23 21 26
13 3 23 26
13 0 25 26
13 2 25 26
13 3 25 26
13 11 25 26
13 23 29 26
13 3 35 26
13 21 35 26
13 34 35 26
13 11 40 26
13 2 41 26
13 10 41 26
13 11 42 26
13 22 42 26
13 17 43 26
13 17 46 26
13 19 47 26
13 15 48 26
13 34 49 26
13 23 51 26
13 39 53 26
255 237 5 26
255 254 10 26
255 255 10 26
255 240 12 26
255 246 20 26
255 246 22 26
255 246 24 26
255 239 25 26
255 255 25 26
255 242 26 26
255 242 31 26
255 253 38 26
255 251 39 26
255 228 40 26
255 234 41 26
255 234 45 26
255 233 46 26
255 251 48 26
119 94 4 27
119 145 5 27
119 140 16 27
119 127 20 27
119 138 26 27
119 130 27 27
119 108 29 27
119 122 30 27
119 100 31 27
119 148 31 27
119 107 32 27
119 114 35 27
119 144 36 27
119 108 41 27
119 89 45 27
119 103 46 27
119 147 48 27
119 120 49 27
119 137 49 27
119 135 50 27
119 117 51 27
119 114 53 27
211 237 4 27
211 194 10 27
211 240 11 27
211 190 12 27
211 183 14 27
211 239 24 27
211 208 28 27
211 206 29 27
211 212 32 27
211 197 33 27
211 228 39 27
211 234 40 27
211 188 41 27
211 185 42 27
211 189 43 27
211 234 44 27
211 233 45 27
211 185 46 27
211 182 51 27
255 237 4 27
255 254 9 27
255 255 9 27
255 240 11 27
255 246 19 27
255 246 21 27
255 246 23 27
255 239 24 27
255 255 24 27
255 242 25 27
255 242 30 27
255 253 37 27
255 251 38 27
255 228 39 27
255 234 40 27
255 234 44 27
255 233 45 27
255 251 47 27
106 82 11 28
106 87 13 28
106 79 17 28
106 80 19 28
106 127 19 28
106 76 24 28
106 130 26 28
106 108 28 28
106 122 29 28
106 100 30 28
106 107 31 28
106 114 34 28
106 108 40 28
106 89 44 28
106 103 45 28
106 85 46 28
106 120 48 28
106 85 49 28
106 135 49 28
106 117 50 28
106 79 51 28
106 114 52 28
221 194 9 28
221 240 10 28
221 246 18 28
221 246 20 28
221 246 22 28
221 239 23 28
221 242 24 28
221 208 27 28
221 206 28 28
221 242 29 28
221 212 31 28
221 197 32 28
221 228 38 28
221 234 39 28
221 234 43 28
221 233 44 28
40 23 4 29
40 47 4 29
40 68 7 29
40 66 8 29
40 15 9 29
40 16 12 29
40 19 13 29
40 23 18 29
40 54 19 29
40 68 19 29
40 57 20 29
40 66 20 29
40 11 22 29
40 56 24 29
40 23 26 29
40 44 29 29
40 21 32 29
40 34 32 29
40 63 32 29
40 49 34 29
40 48 35 29
40 63 35 29
40 11 37 29
40 10 38 29
40 11 39 29
40 22 39 29
40 17 40 29
40 17 43 29
40 19 44 29
40 15 45 29
40 34 46 29
40 23 48 29
40 39 50 29
40 58 51 29
198 173 4 29
198 194 8 29
198 190 10 29
198 183 12 29
198 168 13 29
198 171 20 29
198 208 26 29
198 206 27 29
198 212 30 29
198 197 31 29
198 188 39 29
198 185 40 29
198 189 41 29
198 185 44 29
198 182 49 29
3 15 8 30
3 3 9 30
3 3 10 30
3 16 11 30
3 19 12 30
3 23 17 30
3 3 19 30
3 0 21 30
3 2 21 30
3 3 21 30
3 11 21 30
3 23 25 30
3 3 31 30
3 21 31 30
3 11 36 30
3 2 37 30
3 10 37 30
3 11 38 30
3 22 38 30
3 17 39 30
3 17 42 30
3 19 43 30
3 15 44 30
3 23 47 30
3 3 52 30
3 29 53 30
35 15 8 30
35 16 11 30
35 19 12 30
35 23 17 30
35 54 18 30
35 57 19 30
35 11 21 30
35 56 23 30
35 23 25 30
35 44 28 30
35 21 31 30
35 34 31 30
35 63 31 30
35 49 33 30
35 48 34 30
35 63 34 30
35 11 36 30
35 10 37 30
35 11 38 30
35 22 38 30
35 17 39 30
35 17 42 30
35 19 43 30
35 15 44 30
35 34 45 30
35 23 47 30
35 39 49 30
35 58 50 30
35 29 53 30
64 68 6 30
64 66 7 30
64 82 9 30
64 87 11 30
64 71 13 30
64 79 15 30
64 80 17 30
64 54 18 30
64 68 18 30
64 57 19 30
64 66 19 30
64 76 22 30
64 56 23 30
64 44 28 30
64 34 31 30
64 63 31 30
64 49 33 30
64 48 34 30
64 63 34 30
64 89 42 30
64 85 44 30
64 34 45 30
64 85 47 30
64 39 49 30
64 79 49 30
64 58 50 30
64 68 53 30
191 194 7 30
191 190 9 30
191 183 11 30
191 168 12 30
191 171 19 30
191 208 25 30
191 206 26 30
191 212 29 30
191 197 30 30
191 161 31 30
191 166 32 30
191 188 38 30
191 185 39 30
191 189 40 30
191 185 43 30
191 182 48 30
191 164 50 30
94 68 5 31
94 66 6 31
94 82 8 31
94 87 10 31
94 71 12 31
94 79 14 31
94 80 16 31
94 68 17 31
94 66 18 31
94 76 21 31
94 108 25 31
94 122 26 31
94 100 27 31
94 107 28 31
94 114 31 31
94 108 37 31
94 89 41 31
94 103 42 31
94 85 43 31
94 120 45 31
94 85 46 31
94 117 47 31
94 79 48 31
94 114 49 31
94 68 52 31
237 254 5 31
237 255 5 31
237 240 7 31
237 246 15 31
237 246 17 31
237 246 19 31
237 239 20 31
237 255 20 31
237 242 21 31
237 208 24 31
237 242 26 31
237 212 28 31
237 253 33 31
237 251 34 31
237 228 35 31
237 234 36 31
237 234 40 31
237 233 41 31
237 251 43 31
237 244 52 31
237 225 53 31
3 15 6 32
3 3 7 32
3 3 8 32
3 16 9 32
3 19 10 32
3 23 15 32
3 3 17 32
3 0 19 32
3 2 19 32
3 3 19 32
3 11 19 32
3 23 23 32
3 3 29 32
3 21 29 32
3 11 34 32
3 2 35 32
3 10 35 32
3 11 36 32
3 22 36 32
3 17 37 32
3 17 40 32
3 19 41 32
3 15 42 32
3 23 45 32
3 3 50 32
3 29 51 32
3 3 53 32
50 68 4 32
50 66 5 32
50 71 11 32
50 79 13 32
50 23 15 32
50 54 16 32
50 68 16 32
50 57 17 32
50 66 17 32
50 76 20 32
50 56 21 32
50 23 23 32
50 44 26 32
50 21 29 32
50 34 29 32
50 63 29 32
50 49 31 32
50 48 32 32
50 63 32 32
50 22 36 32
50 34 43 32
50 23 45 32
50 39 47 32
50 79 47 32
50 58 48 32
50 29 51 32
50 68 51 32
50 58 52 32
145 168 10 32
145 140 11 32
145 127 15 32
145 171 17 32
145 138 21 32
145 130 22 32
145 122 25 32
145 148 26 32
145 161 29 32
145 166 30 32
145 144 31 32
145 147 43 32
145 120 44 32
145 137 44 32
145 135 45 32
145 117 46 32
145 156 47 32
145 164 48 32
145 147 49 32
145 152 50 32
145 124 52 32
145 115 53 32
23 15 5 33
23 3 6 33
23 3 7 33
23 16 8 33
23 19 9 33
23 23 14 33
23 3 16 33
23 0 18 33
23 2 18 33
23 3 18 33
23 11 18 33
23 23 22 33
23 44 25 33
23 3 28 33
23 21 28 33
23 34 28 33
23 49 30 33
23 48 31 33
23 11 33 33
23 2 34 33
23 10 34 33
23 11 35 33
23 22 35 33
23 17 36 33
23 17 39 33
23 19 40 33
23 15 41 33
23 34 42 33
23 23 44 33
23 39 46 33
23 3 49 33
23 29 50 33
23 3 52 33
23 14 53 33
23 15 53 33
47 66 4 33
47 19 9 33
47 71 10 33
47 23 14 33
47 54 15 33
47 68 15 33
47 57 16 33
47 66 16 33
47 76 19 33
47 56 20 33
47 23 22 33
47 44 25 33
47 21 28 33
47 34 28 33
47 63 28 33
47 49 30 33
47 48 31 33
47 63 31 33
47 22 35 33
47 17 36 33
47 17 39 33
47 19 40 33
47 34 42 33
47 23 44 33
47 39 46 33
47 58 47 33
47 29 50 33
47 68 50 33
47 58 51 33
173 194 4 33
173 190 6 33
173 183 8 33
173 168 9 33
173 171 16 33
173 148 25 33
173 197 27 33
173 161 28 33
173 166 29 33
173 144 30 33
173 188 35 33
173 185 36 33
173 189 37 33
173 185 40 33
173 147 42 33
173 182 45 33
173 156 46 33
173 164 47 33
173 147 48 33
173 152 49 33
154 183 6 35
154 168 7 35
154 140 8 35
154 127 12 35
154 171 14 35
154 138 18 35
154 130 19 35
154 148 23 35
154 161 26 35
154 166 27 35
154 144 28 35
154 147 40 35
154 137 41 35
154 135 42 35
154 182 43 35
154 156 44 35
154 164 45 35
154 147 46 35
154 152 47 35
154 124 49 35
68 87 5 36
68 71 7 36
68 79 9 36
68 80 11 36
68 54 12 36
68 68 12 36
68 57 13 36
68 66 13 36
68 76 16 36
68 56 17 36
68 44 22 36
68 63 25 36
68 49 27 36
68 48 28 36
68 63 28 36
68 89 36 36
68 85 38 36
68 85 41 36
68 39 43 36
68 79 43 36
68 58 44 36
68 68 47 36
68 58 48 36
254 246 10 36
254 246 12 36
254 246 14 36
254 239 15 36
254 255 15 36
254 242 16 36
254 242 21 36
254 253 28 36
254 251 29 36
254 228 30 36
254 234 31 36
254 234 35 36
254 233 36 36
254 251 38 36
254 244 47 36
254 225 48 36
255 246 10 36
255 246 12 36
255 246 14 36
255 239 15 36
255 255 15 36
255 242 16 36
255 242 21 36
255 253 28 36
255 251 29 36
255 228 30 36
255 234 31 36
255 234 35 36
255 233 36 36
255 251 38 36
255 244 47 36
255 225 48 36
66 87 4 37
66 71 6 37
66 79 8 37
66 80 10 37
66 54 11 37
66 68 11 37
66 57 12 37
66 66 12 37
66 76 15 37
66 56 16 37
66 44 21 37
66 63 24 37
66 49 26 37
66 48 27 37
66 63 27 37
66 89 35 37
66 85 37 37
66 85 40 37
66 39 42 37
66 79 42 37
66 58 43 37
66 68 46 37
66 58 47 37
194 183 4 37
194 168 5 37
194 171 12 37
194 208 18 37
194 206 19 37
194 212 22 37
194 197 23 37
194 166 25 37
194 188 31 37
194 185 32 37
194 189 33 37
194 185 36 37
194 182 41 37
194 164 43 37
194 221 48 37
194 220 49 37
194 217 50 37
194 221 51 37
194 221 52 37
194 221 53 37
15 19 4 38
15 23 9 38
15 3 11 38
15 0 13 38
15 2 13 38
15 3 13 38
15 11 13 38
15 23 17 38
15 44 20 38
15 3 23 38
15 21 23 38
15 34 23 38
15 11 28 38
15 2 29 38
15 10 29 38
15 11 30 38
15 22 30 38
15 17 31 38
15 17 34 38
15 19 35 38
15 15 36 38
15 34 37 38
15 23 39 38
15 39 41 38
15 3 44 38
15 29 45 38
15 3 47 38
15 14 48 38
15 15 48 38
15 12 49 38
15 4 51 38
240 246 8 38
240 246 10 38
240 246 12 38
240 239 13 38
240 255 13 38
240 242 14 38
240 242 19 38
240 212 21 38
240 253 26 38
240 251 27 38
240 228 28 38
240 234 29 38
240 234 33 38
240 233 34 38
240 251 36 38
240 244 45 38
240 225 46 38
240 221 47 38
240 220 48 38
240 217 49 38
240 221 50 38
240 221 51 38
240 221 52 38
3 23 8 39
3 3 10 39
3 0 12 39
3 2 12 39
3 3 12 39
3 11 12 39
3 23 16 39
3 3 22 39
3 21 22 39
3 11 27 39
3 2 28 39
3 10 28 39
3 11 29 39
3 22 29 39
3 17 30 39
3 17 33 39
3 19 34 39
3 15 35 39
3 23 38 39
3 3 43 39
3 29 44 39
3 3 46 39
3 14 47 39
3 15 47 39
3 12 48 39
3 4 50 39
82 71 4 39
82 79 6 39
82 80 8 39
82 54 9 39
82 68 9 39
82 57 10 39
82 66 10 39
82 76 13 39
82 56 14 39
82 108 17 39
82 100 19 39
82 107 20 39
82 63 22 39
82 63 25 39
82 108 29 39
82 89 33 39
82 103 34 39
82 85 35 39
82 85 38 39
82 79 40 39
82 58 41 39
82 68 44 39
82 58 45 39
190 171 10 39
190 208 16 39
190 206 17 39
190 212 20 39
190 197 21 39
190 161 22 39
190 166 23 39
190 188 29 39
190 185 30 39
190 189 31 39
190 185 34 39
190 182 39 39
190 164 41 39
190 217 48 39
190 170 52 39
3 23 7 40
3 3 9 40
3 0 11 40
3 2 11 40
3 3 11 40
3 11 11 40
3 23 15 40
3 3 21 40
3 21 21 40
3 11 26 40
3 2 27 40
3 10 27 40
3 11 28 40
3 22 28 40
3 17 29 40
3 17 32 40
3 19 33 40
3 15 34 40
3 23 37 40
3 3 42 40
3 29 43 40
3 3 45 40
3 14 46 40
3 15 46 40
3 12 47 40
3 4 49 40
16 23 6 41
16 3 8 41
16 0 10 41
16 2 10 41
16 3 10 41
16 11 10 41
16 23 14 41
16 44 17 41
16 3 20 41
16 21 20 41
16 34 20 41
16 11 25 41
16 2 26 41
16 10 26 41
16 11 27 41
16 22 27 41
16 17 28 41
16 17 31 41
16 19 32 41
16 15 33 41
16 34 34 41
16 23 36 41
16 39 38 41
16 3 41 41
16 29 42 41
16 3 44 41
16 14 45 41
16 15 45 41
16 12 46 41
16 4 48 41
16 31 53 41
87 79 4 41
87 80 6 41
87 68 7 41
87 57 8 41
87 66 8 41
87 76 11 41
87 108 15 41
87 100 17 41
87 107 18 41
87 63 20 41
87 114 21 41
87 63 23 41
87 108 27 41
87 89 31 41
87 103 32 41
87 85 33 41
87 85 36 41
87 79 38 41
87 58 39 41
87 114 39 41
87 68 42 41
87 58 43 41
87 115 44 41
87 116 46 41
87 116 47 41
87 116 48 41
183 171 8 41
183 208 14 41
183 206 15 41
183 212 18 41
183 197 19 41
183 161 20 41
183 166 21 41
183 188 27 41
183 185 28 41
183 189 29 41
183 185 32 41
183 182 37 41
183 156 38 41
183 164 39 41
183 170 50 41
183 182 53 41
19 23 5 42
19 3 7 42
19 0 9 42
19 2 9 42
19 3 9 42
19 11 9 42
19 23 13 42
19 44 16 42
19 3 19 42
19 21 19 42
19 34 19 42
19 48 22 42
19 11 24 42
19 2 25 42
19 10 25 42
19 11 26 42
19 22 26 42
19 17 27 42
19 17 30 42
19 19 31 42
19 15 32 42
19 34 33 42
19 23 35 42
19 39 37 42
19 3 40 42
19 29 41 42
19 3 43 42
19 14 44 42
19 15 44 42
19 12 45 42
19 4 47 42
19 31 52 42
19 30 53 42
19 33 53 42
168 171 7 42
168 138 11 42
168 148 16 42
168 197 18 42
168 161 19 42
168 166 20 42
168 144 21 42
168 188 26 42
168 185 27 42
168 189 28 42
168 185 31 42
168 147 33 42
168 182 36 42
168 156 37 42
168 164 38 42
168 147 39 42
168 152 40 42
168 170 49 42
168 147 50 42
168 182 52 42
168 142 53 42
71 80 4 43
71 54 5 43
71 68 5 43
71 57 6 43
71 66 6 43
71 76 9 43
71 56 10 43
71 44 15 43
71 100 15 43
71 63 18 43
71 49 20 43
71 48 21 43
71 63 21 43
71 89 29 43
71 85 31 43
71 85 34 43
71 79 36 43
71 58 37 43
71 68 40 43
71 58 41 43
140 127 4 43
140 138 10 43
140 130 11 43
140 122 14 43
140 148 15 43
140 161 18 43
140 114 19 43
140 166 19 43
140 144 20 43
140 147 32 43
140 120 33 43
140 137 33 43
140 135 34 43
140 117 35 43
140 156 36 43
140 114 37 43
140 164 37 43
140 147 38 43
140 152 39 43
140 124 41 43
140 115 42 43
140 116 44 43
140 116 45 43
140 116 46 43
140 124 47 43
140 119 49 43
140 147 49 43
140 142 52 43
79 57 4 45
79 66 4 45
79 76 7 45
79 56 8 45
79 108 11 45
79 100 13 45
79 107 14 45
79 63 16 45
79 49 18 45
79 63 19 45
79 108 23 45
79 89 27 45
79 103 28 45
79 85 29 45
79 85 32 45
79 79 34 45
79 58 35 45
79 68 38 45
79 58 39 45
246 246 4 46
246 239 5 46
246 255 5 46
246 242 6 46
246 242 11 46
246 253 18 46
246 251 19 46
246 228 20 46
246 234 21 46
246 234 25 46
246 233 26 46
246 251 28 46
246 244 37 46
246 225 38 46
246 221 39 46
246 220 40 46
246 217 41 46
246 221 42 46
246 221 43 46
246 221 44 46
246 228 47 46
246 255 49 46
246 233 52 46
23 0 4 47
23 2 4 47
23 3 4 47
23 11 4 47
23 23 8 47
23 44 11 47
23 3 14 47
23 21 14 47
23 34 14 47
23 49 16 47
23 48 17 47
23 11 19 47
23 2 20 47
23 10 20 47
23 11 21 47
23 22 21 47
23 17 22 47
23 17 25 47
23 19 26 47
23 15 27 47
23 34 28 47
23 23 30 47
23 39 32 47
23 3 35 47
23 29 36 47
23 3 38 47
23 14 39 47
23 15 39 47
23 12 40 47
23 4 42 47
23 31 47 47
23 30 48 47
23 33 48 47
23 33 49 47
23 49 52 47
23 16 53 47
80 76 5 47
80 56 6 47
80 108 9 47
80 100 11 47
80 107 12 47
80 63 14 47
80 63 17 47
80 108 21 47
80 89 25 47
80 103 26 47
80 85 27 47
80 85 30 47
80 79 32 47
80 58 33 47
80 68 36 47
80 58 37 47
80 106 52 47
80 92 53 47
127 138 6 47
127 130 7 47
127 108 9 47
127 122 10 47
127 100 11 47
127 148 11 47
127 107 12 47
127 114 15 47
127 144 16 47
127 108 21 47
127 103 26 47
127 147 28 47
127 120 29 47
127 137 29 47
127 135 30 47
127 117 31 47
127 156 32 47
127 114 33 47
127 147 34 47
127 152 35 47
127 124 37 47
127 115 38 47
127 116 40 47
127 116 41 47
127 116 42 47
127 124 43 47
127 119 45 47
127 147 45 47
127 142 48 47
127 123 50 47
127 118 51 47
127 106 52 47
127 146 52 47
127 155 53 47
54 76 4 48
54 56 5 48
54 44 10 48
54 34 13 48
54 63 13 48
54 49 15 48
54 48 16 48
54 63 16 48
54 34 27 48
54 39 31 48
54 79 31 48
54 58 32 48
54 29 35 48
54 68 35 48
54 58 36 48
54 31 46 48
54 30 47 48
54 33 47 48
54 33 48 48
54 49 51 48
68 76 4 48
68 56 5 48
68 44 10 48
68 63 13 48
68 49 15 48
68 48 16 48
68 63 16 48
68 89 24 48
68 85 26 48
68 85 29 48
68 39 31 48
68 79 31 48
68 58 32 48
68 68 35 48
68 58 36 48
68 49 51 48
68 92 52 48
246 242 4 48
246 242 9 48
246 253 16 48
246 251 17 48
246 228 18 48
246 234 19 48
246 234 23 48
246 233 24 48
246 251 26 48
246 244 35 48
246 225 36 48
246 221 37 48
246 220 38 48
246 217 39 48
246 221 40 48
246 221 41 48
246 221 42 48
246 228 45 48
246 255 47 48
246 233 50 48
3 23 6 49
3 3 12 49
3 21 12 49
3 11 17 49
3 2 18 49
3 10 18 49
3 11 19 49
3 22 19 49
3 17 20 49
3 17 23 49
3 19 24 49
3 15 25 49
3 23 28 49
3 3 33 49
3 29 34 49
3 3 36 49
3 14 37 49
3 15 37 49
3 12 38 49
3 4 40 49
3 31 45 49
3 30 46 49
3 16 51 49
57 56 4 49
57 44 9 49
57 34 12 49
57 63 12 49
57 49 14 49
57 48 15 49
57 63 15 49
57 85 25 49
57 34 26 49
57 85 28 49
57 39 30 49
57 79 30 49
57 58 31 49
57 29 34 49
57 68 34 49
57 58 35 49
57 31 45 49
57 30 46 49
57 33 46 49
57 33 47 49
57 49 50 49
66 56 4 49
66 44 9 49
66 63 12 49
66 49 14 49
66 48 15 49
66 63 15 49
66 89 23 49
66 85 25 49
66 85 28 49
66 39 30 49
66 79 30 49
66 58 31 49
66 68 34 49
66 58 35 49
66 49 50 49
66 92 51 49
171 148 9 49
171 197 11 49
171 161 12 49
171 166 13 49
171 144 14 49
171 188 19 49
171 185 20 49
171 189 21 49
171 185 24 49
171 147 26 49
171 182 29 49
171 156 30 49
171 164 31 49
171 147 32 49
171 152 33 49
171 170 42 49
171 147 43 49
171 182 45 49
171 142 46 49
171 163 48 49
171 146 50 49
171 155 51 49
246 242 7 50
246 253 14 50
246 251 15 50
246 228 16 50
246 234 17 50
246 234 21 50
246 233 22 50
246 251 24 50
246 244 33 50
246 225 34 50
246 221 35 50
246 220 36 50
246 217 37 50
246 221 38 50
246 221 39 50
246 221 40 50
246 228 43 50
246 255 45 50
246 233 48 50
0 23 4 51
0 3 10 51
0 21 10 51
0 11 15 51
0 2 16 51
0 10 16 51
0 11 17 51
0 22 17 51
0 17 18 51
0 17 21 51
0 19 22 51
0 15 23 51
0 23 26 51
0 3 31 51
0 29 32 51
0 3 34 51
0 14 35 51
0 15 35 51
0 12 36 51
0 4 38 51
0 16 49 51
0 27 52 51
0 14 53 51
0 15 53 51
2 23 4 51
2 3 10 51
2 21 10 51
2 11 15 51
2 2 16 51
2 10 16 51
2 11 17 51
2 22 17 51
2 17 18 51
2 17 21 51
2 19 22 51
2 15 23 51
2 23 26 51
2 3 31 51
2 29 32 51
2 3 34 51
2 14 35 51
2 15 35 51
2 12 36 51
2 4 38 51
2 31 43 51
2 30 44 51
2 16 49 51
2 27 52 51
2 14 53 51
2 15 53 51
3 23 4 51
3 3 10 51
3 21 10 51
3 11 15 51
3 2 16 51
3 10 16 51
3 11 17 51
3 22 17 51
3 17 18 51
3 17 21 51
3 19 22 51
3 15 23 51
3 23 26 51
3 3 31 51
3 29 32 51
3 3 34 51
3 14 35 51
3 15 35 51
3 12 36 51
3 4 38 51
3 31 43 51
3 30 44 51
3 16 49 51
3 27 52 51
3 14 53 51
3 15 53 51
11 23 4 51
11 3 10 51
11 21 10 51
11 34 10 51
11 11 15 51
11 2 16 51
11 10 16 51
11 11 17 51
11 22 17 51
11 17 18 51
11 17 21 51
11 19 22 51
11 15 23 51
11 34 24 51
11 23 26 51
11 39 28 51
11 3 31 51
11 29 32 51
11 3 34 51
11 14 35 51
11 15 35 51
11 12 36 51
11 4 38 51
11 31 43 51
11 30 44 51
11 33 44 51
11 33 45 51
11 16 49 51
11 27 52 51
11 14 53 51
11 15 53 51
239 242 6 51
239 212 8 51
239 253 13 51
239 251 14 51
239 228 15 51
239 234 16 51
239 234 20 51
239 233 21 51
239 251 23 51
239 244 32 51
239 225 33 51
239 221 34 51
239 220 35 51
239 217 36 51
239 221 37 51
239 221 38 51
239 221 39 51
239 228 42 51
239 255 44 51
239 233 47 51
255 242 6 51
255 253 13 51
255 251 14 51
255 228 15 51
255 234 16 51
255 234 20 51
255 233 21 51
255 251 23 51
255 244 32 51
255 225 33 51
255 228 42 51
255 255 44 51
255 233 47 51
76 100 6 52
76 63 9 52
76 49 11 52
76 48 12 52
76 63 12 52
76 89 20 52
76 103 21 52
76 85 22 52
76 85 25 52
76 79 27 52
76 58 28 52
76 68 31 52
76 58 32 52
76 49 47 52
76 92 48 52
76 98 49 52
76 91 51 52
76 103 52 52
242 242 5 52
242 212 7 52
242 253 12 52
242 251 13 52
242 228 14 52
242 234 15 52
242 234 19 52
242 233 20 52
242 251 22 52
242 244 31 52
242 225 32 52
242 221 33 52
242 220 34 52
242 217 35 52
242 221 36 52
242 221 37 52
242 221 38 52
242 228 41 52
242 255 43 52
242 233 46 52
242 233 53 52
56 44 5 53
56 34 8 53
56 63 8 53
56 49 10 53
56 48 11 53
56 63 11 53
56 85 21 53
56 34 22 53
56 85 24 53
56 39 26 53
56 79 26 53
56 58 27 53
56 29 30 53
56 68 30 53
56 58 31 53
56 31 41 53
56 30 42 53
56 33 42 53
56 33 43 53
56 49 46 53
56 27 50 53
56 40 53 53
138 122 4 53
138 148 5 53
138 161 8 53
138 114 9 53
138 166 9 53
138 144 10 53
138 108 15 53
138 147 22 53
138 120 23 53
138 137 23 53
138 135 24 53
138 117 25 53
138 156 26 53
138 114 27 53
138 164 27 53
138 147 28 53
138 152 29 53
138 124 31 53
138 115 32 53
138 116 34 53
138 116 35 53
138 116 36 53
138 124 37 53
138 119 39 53
138 147 39 53
138 142 42 53
138 123 44 53
138 163 44 53
138 118 45 53
138 146 46 53
138 155 47 53
138 152 50 53
138 149 51 53
138 115 52 53
138 113 53 53
130 100 4 54
130 148 4 54
130 107 5 54
130 114 8 54
130 144 9 54
130 108 14 54
130 103 19 54
130 147 21 54
130 120 22 54
130 137 22 54
130 135 23 54
130 117 24 54
130 156 25 54
130 114 26 54
130 147 27 54
130 152 28 54
130 124 30 54
130 115 31 54
130 116 33 54
130 116 34 54
130 116 35 54
130 124 36 54
130 119 38 54
130 147 38 54
130 142 41 54
130 123 43 54
130 118 44 54
130 106 45 54
130 146 45 54
130 155 46 54
130 152 49 54
130 103 50 54
130 149 50 54
130 115 51 54
130 113 52 54
130 157 53 54
23 3 6 55
23 21 6 55
23 34 6 55
23 49 8 55
23 48 9 55
23 11 11 55
23 2 12 55
23 10 12 55
23 11 13 55
23 22 13 55
23 17 14 55
23 17 17 55
23 19 18 55
23 15 19 55
23 34 20 55
23 23 22 55
23 39 24 55
23 3 27 55
23 29 28 55
23 3 30 55
23 14 31 55
23 15 31 55
23 12 32 55
23 4 34 55
23 31 39 55
23 30 40 55
23 33 40 55
23 33 41 55
23 49 44 55
23 16 45 55
23 27 48 55
23 14 49 55
23 15 49 55
23 17 50 55
23 16 51 55
23 40 51 55
23 24 52 55
23 51 52 55
23 22 53 55
23 34 53 55
208 212 4 55
208 197 5 55
208 228 11 55
208 234 12 55
208 188 13 55
208 185 14 55
208 189 15 55
208 234 16 55
208 233 17 55
208 185 18 55
208 182 23 55
208 225 29 55
208 221 30 55
208 220 31 55
208 217 32 55
208 221 33 55
208 221 34 55
208 221 35 55
208 228 38 55
208 182 39 55
208 233 43 55
208 233 50 55
208 225 51 55
108 114 6 56
108 108 12 56
108 89 16 56
108 103 17 56
108 85 18 56
108 120 20 56
108 137 20 56
108 85 21 56
108 135 21 56
108 117 22 56
108 79 23 56
108 114 24 56
108 124 28 56
108 115 29 56
108 116 31 56
108 116 32 56
108 116 33 56
108 124 34 56
108 119 36 56
108 123 41 56
108 118 42 56
108 106 43 56
108 92 44 56
108 98 45 56
108 91 47 56
108 103 48 56
108 115 49 56
108 113 50 56
108 93 51 56
108 97 52 56
108 117 53 56
206 197 4 56
206 228 10 56
206 234 11 56
206 188 12 56
206 185 13 56
206 189 14 56
206 234 15 56
206 233 16 56
206 185 17 56
206 182 22 56
206 225 28 56
206 221 29 56
206 220 30 56
206 217 31 56
206 221 32 56
206 221 33 56
206 221 34 56
206 228 37 56
206 182 38 56
206 233 42 56
206 233 49 56
206 225 50 56
122 114 5 57
122 144 6 57
122 108 11 57
122 103 16 57
122 147 18 57
122 120 19 57
122 137 19 57
122 135 20 57
122 117 21 57
122 114 23 57
122 147 24 57
122 124 27 57
122 115 28 57
122 116 30 57
122 116 31 57
122 116 32 57
122 124 33 57
122 119 35 57
122 147 35 57
122 142 38 57
122 123 40 57
122 118 41 57
122 106 42 57
122 146 42 57
122 92 43 57
122 98 44 57
122 103 47 57
122 149 47 57
122 115 48 57
122 113 49 57
122 93 50 57
122 97 51 57
122 117 52 57
122 94 53 57
122 137 53 57
242 253 7 57
242 251 8 57
242 228 9 57
242 234 10 57
242 234 14 57
242 233 15 57
242 251 17 57
242 244 26 57
242 225 27 57
242 221 28 57
242 220 29 57
242 217 30 57
242 221 31 57
242 221 32 57
242 221 33 57
242 228 36 57
242 255 38 57
242 233 41 57
242 233 48 57
242 225 49 57
242 246 52 57
44 49 5 58
44 48 6 58
44 63 6 58
44 22 10 58
44 17 11 58
44 17 14 58
44 19 15 58
44 15 16 58
44 34 17 58
44 23 19 58
44 39 21 58
44 58 22 58
44 29 25 58
44 68 25 58
44 58 26 58
44 14 28 58
44 15 28 58
44 31 36 58
44 30 37 58
44 33 37 58
44 33 38 58
44 49 41 58
44 16 42 58
44 27 45 58
44 14 46 58
44 15 46 58
44 17 47 58
44 16 48 58
44 40 48 58
44 24 49 58
44 51 49 58
44 22 50 58
44 34 50 58
44 32 52 58
44 29 53 58
44 58 53 58
100 114 4 58
100 108 10 58
100 89 14 58
100 103 15 58
100 85 16 58
100 120 18 58
100 85 19 58
100 117 20 58
100 79 21 58
100 114 22 58
100 124 26 58
100 115 27 58
100 116 29 58
100 116 30 58
100 116 31 58
100 124 32 58
100 119 34 58
100 123 39 58
100 118 40 58
100 106 41 58
100 92 42 58
100 98 43 58
100 91 45 58
100 103 46 58
100 115 47 58
100 113 48 58
100 93 49 58
100 97 50 58
100 117 51 58
100 94 52 58
100 114 53 58
148 166 4 58
148 144 5 58
148 147 17 58
148 120 18 58
148 137 18 58
148 135 19 58
148 156 21 58
148 164 22 58
148 147 23 58
148 152 24 58
148 124 26 58
148 124 32 58
148 170 33 58
148 119 34 58
148 147 34 58
148 142 37 58
148 123 39 58
148 163 39 58
148 118 40 58
148 146 41 58
148 155 42 58
148 152 45 58
148 149 46 58
148 157 49 58
148 137 52 58
148 160 53 58
107 108 9 59
107 89 13 59
107 103 14 59
107 85 15 59
107 120 17 59
107 85 18 59
107 135 18 59
107 117 19 59
107 79 20 59
107 114 21 59
107 124 25 59
107 115 26 59
107 116 28 59
107 116 29 59
107 116 30 59
107 124 31 59
107 119 33 59
107 123 38 59
107 118 39 59
107 106 40 59
107 92 41 59
107 98 42 59
107 91 44 59
107 103 45 59
107 115 46 59
107 113 47 59
107 93 48 59
107 97 49 59
107 117 50 59
107 94 51 59
107 114 52 59
212 228 7 59
212 234 8 59
212 188 9 59
212 185 10 59
212 189 11 59
212 234 12 59
212 233 13 59
212 185 14 59
212 182 19 59
212 225 25 59
212 221 26 59
212 220 27 59
212 217 28 59
212 221 29 59
212 221 30 59
212 221 31 59
212 228 34 59
212 182 35 59
212 233 39 59
212 233 46 59
212 225 47 59
197 188 8 60
197 185 9 60
197 189 10 60
197 185 13 60
197 182 18 60
197 225 24 60
197 221 25 60
197 220 26 60
197 217 27 60
197 221 28 60
197 221 29 60
197 221 30 60
197 170 31 60
197 182 34 60
197 225 46 60
197 173 53 60
3 11 5 61
3 2 6 61
3 10 6 61
3 11 7 61
3 22 7 61
3 17 8 61
3 17 11 61
3 19 12 61
3 15 13 61
3 23 16 61
3 3 21 61
3 29 22 61
3 3 24 61
3 14 25 61
3 15 25 61
3 12 26 61
3 4 28 61
3 31 33 61
3 30 34 61
3 16 39 61
3 27 42 61
3 14 43 61
3 15 43 61
3 17 44 61
3 16 45 61
3 24 46 61
3 22 47 61
3 32 49 61
3 29 50 61
3 2 51 61
3 6 51 61
3 7 51 61
3 4 52 61
3 8 52 61
21 11 5 61
21 2 6 61
21 10 6 61
21 11 7 61
21 22 7 61
21 17 8 61
21 17 11 61
21 19 12 61
21 15 13 61
21 34 14 61
21 23 16 61
21 39 18 61
21 3 21 61
21 29 22 61
21 3 24 61
21 14 25 61
21 15 25 61
21 12 26 61
21 4 28 61
21 31 33 61
21 30 34 61
21 33 34 61
21 33 35 61
21 49 38 61
21 16 39 61
21 27 42 61
21 14 43 61
21 15 43 61
21 17 44 61
21 16 45 61
21 40 45 61
21 24 46 61
21 22 47 61
21 34 47 61
21 32 49 61
21 29 50 61
21 2 51 61
21 6 51 61
21 7 51 61
21 4 52 61
21 8 52 61
34 11 5 61
34 10 6 61
34 11 7 61
34 22 7 61
34 17 8 61
34 17 11 61
34 19 12 61
34 15 13 61
34 34 14 61
34 23 16 61
34 39 18 61
34 58 19 61
34 29 22 61
34 58 23 61
34 14 25 61
34 15 25 61
34 12 26 61
34 4 28 61
34 31 33 61
34 30 34 61
34 33 34 61
34 33 35 61
34 49 38 61
34 16 39 61
34 27 42 61
34 14 43 61
34 15 43 61
34 17 44 61
34 16 45 61
34 40 45 61
34 24 46 61
34 51 46 61
34 22 47 61
34 34 47 61
34 32 49 61
34 29 50 61
34 58 50 61
34 6 51 61
34 7 51 61
34 4 52 61
34 8 52 61
34 56 53 61
34 63 53 61
63 89 11 61
63 85 13 61
63 34 14 61
63 85 16 61
63 39 18 61
63 79 18 61
63 58 19 61
63 68 22 61
63 58 23 61
63 33 34 61
63 33 35 61
63 49 38 61
63 92 39 61
63 91 42 61
63 40 45 61
63 51 46 61
63 34 47 61
63 58 50 61
63 56 53 61
63 63 53 61
161 188 7 61
161 185 8 61
161 189 9 61
161 185 12 61
161 147 14 61
161 137 15 61
161 135 16 61
161 182 17 61
161 156 18 61
161 164 19 61
161 147 20 61
161 152 21 61
161 170 30 61
161 147 31 61
161 182 33 61
161 142 34 61
161 163 36 61
161 146 38 61
161 155 39 61
161 152 42 61
161 149 43 61
161 157 46 61
161 137 49 61
161 160 50 61
161 173 52 61
161 173 53 61
114 108 6 62
114 89 10 62
114 103 11 62
114 85 12 62
114 120 14 62
114 137 14 62
114 85 15 62
114 135 15 62
114 117 16 62
114 114 18 62
114 124 22 62
114 115 23 62
114 116 25 62
114 116 26 62
114 116 27 62
114 124 28 62
114 119 30 62
114 142 33 62
114 123 35 62
114 118 36 62
114 106 37 62
114 92 38 62
114 98 39 62
114 91 41 62
114 103 42 62
114 115 43 62
114 113 44 62
114 93 45 62
114 97 46 62
114 117 47 62
114 94 48 62
114 137 48 62
114 114 49 62
114 110 53 62
166 188 6 62
166 185 7 62
166 189 8 62
166 185 11 62
166 147 13 62
166 137 14 62
166 182 16 62
166 156 17 62
166 164 18 62
166 147 19 62
166 152 20 62
166 170 29 62
166 147 30 62
166 182 32 62
166 142 33 62
166 163 35 62
166 146 37 62
166 155 38 62
166 152 41 62
166 149 42 62
166 157 45 62
166 137 48 62
166 160 49 62
166 173 51 62
166 173 52 62
49 22 5 63
49 19 10 63
49 34 12 63
49 23 14 63
49 39 16 63
49 58 17 63
49 29 20 63
49 68 20 63
49 58 21 63
49 31 31 63
49 30 32 63
49 33 32 63
49 33 33 63
49 49 36 63
49 27 40 63
49 40 43 63
49 24 44 63
49 51 44 63
49 22 45 63
49 34 45 63
49 32 47 63
49 29 48 63
49 58 48 63
49 56 51 63
49 63 51 63
49 22 52 63
144 147 12 63
144 120 13 63
144 137 13 63
144 135 14 63
144 117 15 63
144 156 16 63
144 114 17 63
144 164 17 63
144 147 18 63
144 152 19 63
144 124 21 63
144 115 22 63
144 116 24 63
144 116 25 63
144 116 26 63
144 124 27 63
144 170 28 63
144 119 29 63
144 147 29 63
144 142 32 63
144 123 34 63
144 163 34 63
144 118 35 63
144 146 36 63
144 155 37 63
144 152 40 63
144 149 41 63
144 115 42 63
144 157 44 63
144 117 46 63
144 137 47 63
144 114 48 63
144 160 48 63
144 173 50 63
144 173 51 63
48 22 4 64
48 19 9 64
48 34 11 64
48 23 13 64
48 39 15 64
48 58 16 64
48 29 19 64
48 68 19 64
48 58 20 64
48 31 30 64
48 30 31 64
48 33 31 64
48 33 32 64
48 49 35 64
48 27 39 64
48 40 42 64
48 24 43 64
48 51 43 64
48 22 44 64
48 34 44 64
48 32 46 64
48 29 47 64
48 58 47 64
48 56 50 64
48 63 50 64
48 22 51 64
63 89 8 64
63 85 10 64
63 34 11 64
63 85 13 64
63 39 15 64
63 79 15 64
63 58 16 64
63 68 19 64
63 58 20 64
63 33 31 64
63 33 32 64
63 49 35 64
63 92 36 64
63 91 39 64
63 40 42 64
63 51 43 64
63 34 44 64
63 58 47 64
63 56 50 64
63 63 50 64
253 234 7 64
253 233 8 64
253 251 10 64
253 244 19 64
253 225 20 64
253 228 29 64
253 255 31 64
253 233 34 64
253 233 41 64
253 225 42 64
253 246 45 64
251 234 6 65
251 233 7 65
251 251 9 65
251 244 18 65
251 225 19 65
251 221 20 65
251 221 23 65
251 221 24 65
251 221 25 65
251 228 28 65
251 255 30 65
251 233 33 65
251 233 40 65
251 225 41 65
251 246 44 65
11 17 6 66
11 19 7 66
11 15 8 66
11 34 9 66
11 23 11 66
11 39 13 66
11 3 16 66
11 29 17 66
11 3 19 66
11 14 20 66
11 15 20 66
11 12 21 66
11 4 23 66
11 31 28 66
11 30 29 66
11 33 29 66
11 33 30 66
11 16 34 66
11 27 37 66
11 14 38 66
11 15 38 66
11 17 39 66
11 16 40 66
11 40 40 66
11 24 41 66
11 22 42 66
11 34 42 66
11 32 44 66
11 29 45 66
11 2 46 66
11 6 46 66
11 7 46 66
11 4 47 66
11 8 47 66
11 22 49 66
228 234 5 66
228 233 6 66
228 251 8 66
228 244 17 66
228 225 18 66
228 221 19 66
228 220 20 66
228 217 21 66
228 221 22 66
228 221 23 66
228 221 24 66
228 228 27 66
228 255 29 66
228 233 32 66
228 233 39 66
228 225 40 66
228 246 43 66
2 17 5 67
2 19 6 67
2 15 7 67
2 23 10 67
2 3 15 67
2 29 16 67
2 3 18 67
2 14 19 67
2 15 19 67
2 12 20 67
2 4 22 67
2 31 27 67
2 30 28 67
2 16 33 67
2 27 36 67
2 14 37 67
2 15 37 67
2 17 38 67
2 16 39 67
2 24 40 67
2 22 41 67
2 29 44 67
2 2 45 67
2 6 45 67
2 7 45 67
2 4 46 67
2 8 46 67
2 22 48 67
10 17 5 67
10 19 6 67
10 15 7 67
10 34 8 67
10 23 10 67
10 39 12 67
10 3 15 67
10 29 16 67
10 3 18 67
10 14 19 67
10 15 19 67
10 12 20 67
10 4 22 67
10 31 27 67
10 30 28 67
10 33 28 67
10 33 29 67
10 16 33 67
10 27 36 67
10 14 37 67
10 15 37 67
10 17 38 67
10 16 39 67
10 24 40 67
10 22 41 67
10 34 41 67
10 32 43 67
10 29 44 67
10 2 45 67
10 6 45 67
10 7 45 67
10 4 46 67
10 8 46 67
10 22 48 67
234 234 4 67
234 233 5 67
234 251 7 67
234 244 16 67
234 225 17 67
234 221 18 67
234 220 19 67
234 217 20 67
234 221 21 67
234 221 22 67
234 221 23 67
234 228 26 67
234 255 28 67
234 233 31 67
234 233 38 67
234 225 39 67
234 246 42 67
11 17 4 68
11 19 5 68
11 15 6 68
11 34 7 68
11 23 9 68
11 39 11 68
11 3 14 68
11 29 15 68
11 3 17 68
11 14 18 68
11 15 18 68
11 12 19 68
11 4 21 68
11 31 26 68
11 30 27 68
11 33 27 68
11 33 28 68
11 16 32 68
11 27 35 68
11 14 36 68
11 15 36 68
11 17 37 68
11 16 38 68
11 40 38 68
11 24 39 68
11 22 40 68
11 34 40 68
11 32 42 68
11 29 43 68
11 2 44 68
11 6 44 68
11 7 44 68
11 4 45 68
11 8 45 68
11 22 47 68
22 17 4 68
22 19 5 68
22 15 6 68
22 34 7 68
22 23 9 68
22 39 11 68
22 3 14 68
22 29 15 68
22 3 17 68
22 14 18 68
22 15 18 68
22 12 19 68
22 4 21 68
22 31 26 68
22 30 27 68
22 33 27 68
22 33 28 68
22 49 31 68
22 16 32 68
22 27 35 68
22 14 36 68
22 15 36 68
22 17 37 68
22 16 38 68
22 40 38 68
22 24 39 68
22 51 39 68
22 22 40 68
22 34 40 68
22 32 42 68
22 29 43 68
22 2 44 68
22 6 44 68
22 7 44 68
22 4 45 68
22 8 45 68
22 22 47 68
108 89 4 68
108 103 5 68
108 85 6 68
108 120 8 68
108 137 8 68
108 85 9 68
108 135 9 68
108 117 10 68
108 79 11 68
108 114 12 68
108 124 16 68
108 115 17 68
108 116 19 68
108 116 20 68
108 116 21 68
108 124 22 68
108 119 24 68
108 123 29 68
108 118 30 68
108 106 31 68
108 92 32 68
108 98 33 68
108 91 35 68
108 103 36 68
108 115 37 68
108 113 38 68
108 93 39 68
108 97 40 68
108 117 41 68
108 94 42 68
108 137 42 68
108 114 43 68
108 110 47 68
188 185 5 68
188 182 10 68
188 164 12 68
188 217 19 68
188 170 23 68
188 182 26 68
188 163 29 68
188 160 43 68
188 173 45 68
188 173 46 68
17 19 4 69
17 15 5 69
17 34 6 69
17 23 8 69
17 39 10 69
17 3 13 69
17 29 14 69
17 3 16 69
17 14 17 69
17 15 17 69
17 12 18 69
17 4 20 69
17 31 25 69
17 30 26 69
17 33 26 69
17 33 27 69
17 16 31 69
17 27 34 69
17 14 35 69
17 15 35 69
17 17 36 69
17 16 37 69
17 40 37 69
17 24 38 69
17 22 39 69
17 34 39 69
17 32 41 69
17 29 42 69
17 2 43 69
17 6 43 69
17 7 43 69
17 4 44 69
17 8 44 69
17 22 46 69
185 185 4 69
185 182 9 69
185 156 10 69
185 164 11 69
185 170 22 69
185 182 25 69
185 163 28 69
185 155 31 69
185 157 38 69
185 160 42 69
185 173 44 69
185 173 45 69
189 182 8 70
189 164 10 70
189 217 17 70
189 170 21 70
189 182 24 70
189 163 27 70
189 160 41 70
189 173 43 70
189 173 44 70
234 244 12 71
234 225 13 71
234 221 14 71
234 220 15 71
234 217 16 71
234 221 17 71
234 221 18 71
234 221 19 71
234 228 22 71
234 255 24 71
234 233 27 71
234 233 34 71
234 225 35 71
234 246 38 71
17 23 5 72
17 39 7 72
17 3 10 72
17 29 11 72
17 3 13 72
17 14 14 72
17 15 14 72
17 12 15 72
17 4 17 72
17 31 22 72
17 30 23 72
17 33 23 72
17 33 24 72
17 16 28 72
17 27 31 72
17 14 32 72
17 15 32 72
17 17 33 72
17 16 34 72
17 40 34 72
17 24 35 72
17 22 36 72
17 34 36 72
17 32 38 72
17 29 39 72
17 2 40 72
17 6 40 72
17 7 40 72
17 4 41 72
17 8 41 72
17 22 43 72
89 85 5 72
89 117 6 72
89 79 7 72
89 114 8 72
89 68 11 72
89 115 13 72
89 116 15 72
89 116 16 72
89 116 17 72
89 118 26 72
89 106 27 72
89 92 28 72
89 98 29 72
89 91 31 72
89 103 32 72
89 115 33 72
89 113 34 72
89 93 35 72
89 97 36 72
89 117 37 72
89 94 38 72
89 114 39 72
89 63 42 72
89 110 43 72
233 244 11 72
233 225 12 72
233 221 13 72
233 220 14 72
233 217 15 72
233 221 16 72
233 221 17 72
233 221 18 72
233 228 21 72
233 255 23 72
233 233 26 72
233 233 33 72
233 225 34 72
233 246 37 72
19 23 4 73
19 39 6 73
19 3 9 73
19 29 10 73
19 3 12 73
19 14 13 73
19 15 13 73
19 12 14 73
19 4 16 73
19 31 21 73
19 30 22 73
19 33 22 73
19 33 23 73
19 16 27 73
19 27 30 73
19 14 31 73
19 15 31 73
19 17 32 73
19 16 33 73
19 40 33 73
19 24 34 73
19 22 35 73
19 34 35 73
19 32 37 73
19 29 38 73
19 2 39 73
19 6 39 73
19 7 39 73
19 4 40 73
19 8 40 73
19 22 42 73
103 85 4 73
103 117 5 73
103 79 6 73
103 114 7 73
103 124 11 73
103 115 12 73
103 116 14 73
103 116 15 73
103 116 16 73
103 124 17 73
103 119 19 73
103 123 24 73
103 118 25 73
103 106 26 73
103 92 27 73
103 98 28 73
103 91 30 73
103 103 31 73
103 115 32 73
103 113 33 73
103 93 34 73
103 97 35 73
103 117 36 73
103 94 37 73
103 114 38 73
103 110 42 73
185 182 5 73
185 156 6 73
185 164 7 73
185 170 18 73
185 182 21 73
185 163 24 73
185 155 27 73
185 157 34 73
185 160 38 73
185 173 40 73
185 173 41 73
15 39 5 74
15 3 8 74
15 29 9 74
15 3 11 74
15 14 12 74
15 15 12 74
15 12 13 74
15 4 15 74
15 31 20 74
15 30 21 74
15 33 21 74
15 33 22 74
15 16 26 74
15 27 29 74
15 14 30 74
15 15 30 74
15 17 31 74
15 16 32 74
15 40 32 74
15 24 33 74
15 22 34 74
15 34 34 74
15 32 36 74
15 29 37 74
15 2 38 74
15 6 38 74
15 7 38 74
15 4 39 74
15 8 39 74
15 22 41 74
85 79 5 74
85 58 6 74
85 114 6 74
85 68 9 74
85 58 10 74
85 106 25 74
85 92 26 74
85 98 27 74
85 91 29 74
85 103 30 74
85 113 32 74
85 93 33 74
85 97 34 74
85 94 36 74
85 58 37 74
85 114 37 74
85 56 40 74
85 63 40 74
85 110 41 74
251 244 9 74
251 225 10 74
251 221 11 74
251 221 14 74
251 221 15 74
251 221 16 74
251 228 19 74
251 255 21 74
251 233 24 74
251 233 31 74
251 225 32 74
251 246 35 74
34 39 4 75
34 58 5 75
34 29 8 75
34 58 9 75
34 14 11 75
34 15 11 75
34 12 12 75
34 4 14 75
34 31 19 75
34 30 20 75
34 33 20 75
34 33 21 75
34 49 24 75
34 16 25 75
34 27 28 75
34 14 29 75
34 15 29 75
34 17 30 75
34 16 31 75
34 40 31 75
34 24 32 75
34 51 32 75
34 22 33 75
34 34 33 75
34 32 35 75
34 29 36 75
34 58 36 75
34 6 37 75
34 7 37 75
34 4 38 75
34 8 38 75
34 56 39 75
34 63 39 75
34 22 40 75
147 156 4 75
147 164 5 75
147 147 6 75
147 152 7 75
147 124 9 75
147 124 15 75
147 170 16 75
147 119 17 75
147 147 17 75
147 142 20 75
147 123 22 75
147 163 22 75
147 118 23 75
147 146 24 75
147 155 25 75
147 152 28 75
147 149 29 75
147 157 32 75
147 117 34 75
147 137 35 75
147 160 36 75
147 173 38 75
147 173 39 75
120 114 4 76
120 147 5 76
120 124 8 76
120 115 9 76
120 116 11 76
120 116 12 76
120 116 13 76
120 124 14 76
120 119 16 76
120 147 16 76
120 142 19 76
120 123 21 76
120 118 22 76
120 106 23 76
120 146 23 76
120 92 24 76
120 98 25 76
120 91 27 76
120 103 28 76
120 149 28 76
120 115 29 76
120 113 30 76
120 93 31 76
120 97 32 76
120 117 33 76
120 94 34 76
120 137 34 76
120 114 35 76
120 110 39 76
137 114 4 76
137 164 4 76
137 147 5 76
137 152 6 76
137 124 8 76
137 115 9 76
137 116 11 76
137 116 12 76
137 116 13 76
137 124 14 76
137 119 16 76
137 147 16 76
137 142 19 76
137 123 21 76
137 163 21 76
137 118 22 76
137 146 23 76
137 155 24 76
137 152 27 76
137 149 28 76
137 115 29 76
137 113 30 76
137 157 31 76
137 117 33 76
137 137 34 76
137 114 35 76
137 160 35 76
137 110 39 76
23 3 5 77
23 29 6 77
23 3 8 77
23 14 9 77
23 15 9 77
23 12 10 77
23 4 12 77
23 31 17 77
23 30 18 77
23 33 18 77
23 33 19 77
23 49 22 77
23 16 23 77
23 27 26 77
23 14 27 77
23 15 27 77
23 17 28 77
23 16 29 77
23 40 29 77
23 24 30 77
23 51 30 77
23 22 31 77
23 34 31 77
23 32 33 77
23 29 34 77
23 2 35 77
23 6 35 77
23 7 35 77
23 4 36 77
23 8 36 77
23 22 38 77
85 68 6 77
85 58 7 77
85 106 22 77
85 92 23 77
85 98 24 77
85 91 26 77
85 103 27 77
85 113 29 77
85 93 30 77
85 97 31 77
85 94 33 77
85 58 34 77
85 114 34 77
85 56 37 77
85 63 37 77
85 110 38 77
135 147 4 77
135 152 5 77
135 124 7 77
135 115 8 77
135 116 10 77
135 116 11 77
135 116 12 77
135 124 13 77
135 119 15 77
135 147 15 77
135 142 18 77
135 123 20 77
135 163 20 77
135 118 21 77
135 106 22 77
135 146 22 77
135 155 23 77
135 152 26 77
135 149 27 77
135 115 28 77
135 113 29 77
135 157 30 77
135 117 32 77
135 137 33 77
135 114 34 77
135 160 34 77
135 110 38 77
117 124 6 78
117 115 7 78
117 116 9 78
117 116 10 78
117 116 11 78
117 124 12 78
117 119 14 78
117 142 17 78
117 123 19 78
117 118 20 78
117 106 21 78
117 146 21 78
117 92 22 78
117 98 23 78
117 91 25 78
117 103 26 78
117 115 27 78
117 113 28 78
117 93 29 78
117 97 30 78
117 117 31 78
117 94 32 78
117 137 32 78
117 114 33 78
117 110 37 78
182 152 4 78
182 170 13 78
182 182 16 78
182 163 19 78
182 155 22 78
182 152 25 78
182 157 29 78
182 160 33 78
182 173 35 78
182 173 36 78
39 29 4 79
39 68 4 79
39 58 5 79
39 14 7 79
39 15 7 79
39 12 8 79
39 31 15 79
39 30 16 79
39 33 16 79
39 33 17 79
39 49 20 79
39 16 21 79
39 27 24 79
39 14 25 79
39 15 25 79
39 17 26 79
39 16 27 79
39 40 27 79
39 24 28 79
39 51 28 79
39 22 29 79
39 34 29 79
39 32 31 79
39 29 32 79
39 58 32 79
39 56 35 79
39 63 35 79
39 22 36 79
79 68 4 79
79 58 5 79
79 49 20 79
79 106 20 79
79 92 21 79
79 98 22 79
79 91 24 79
79 103 25 79
79 51 28 79
79 93 28 79
79 97 29 79
79 94 31 79
79 58 32 79
79 56 35 79
79 63 35 79
156 170 12 79
156 147 13 79
156 182 15 79
156 142 16 79
156 163 18 79
156 146 20 79
156 155 21 79
156 152 24 79
156 149 25 79
156 157 28 79
156 137 31 79
156 160 32 79
156 173 34 79
156 173 35 79
58 58 4 80
58 31 14 80
58 30 15 80
58 33 15 80
58 33 16 80
58 49 19 80
58 40 26 80
58 51 27 80
58 34 28 80
58 32 30 80
58 29 31 80
58 58 31 80
58 56 34 80
58 63 34 80
114 124 4 80
114 115 5 80
114 116 7 80
114 116 8 80
114 116 9 80
114 124 10 80
114 119 12 80
114 142 15 80
114 123 17 80
114 118 18 80
114 106 19 80
114 92 20 80
114 98 21 80
114 91 23 80
114 103 24 80
114 115 25 80
114 113 26 80
114 93 27 80
114 97 28 80
114 117 29 80
114 94 30 80
114 137 30 80
114 114 31 80
114 110 35 80
164 170 11 80
164 147 12 80
164 182 14 80
164 142 15 80
164 163 17 80
164 146 19 80
164 155 20 80
164 152 23 80
164 149 24 80
164 157 27 80
164 137 30 80
164 160 31 80
164 173 33 80
164 173 34 80
147 124 9 81
147 170 10 81
147 119 11 81
147 147 11 81
147 142 14 81
147 123 16 81
147 163 16 81
147 118 17 81
147 146 18 81
147 155 19 81
147 152 22 81
147 149 23 81
147 157 26 81
147 117 28 81
147 137 29 81
147 160 30 81
147 173 32 81
147 173 33 81
3 14 4 82
3 15 4 82
3 12 5 82
3 4 7 82
3 31 12 82
3 30 13 82
3 16 18 82
3 27 21 82
3 14 22 82
3 15 22 82
3 17 23 82
3 16 24 82
3 24 25 82
3 22 26 82
3 32 28 82
3 29 29 82
3 2 30 82
3 6 30 82
3 7 30 82
3 4 31 82
3 8 31 82
3 22 33 82
152 124 8 82
152 170 9 82
152 147 10 82
152 142 13 82
152 123 15 82
152 163 15 82
152 146 17 82
152 155 18 82
152 152 21 82
152 149 22 82
152 157 25 82
152 137 28 82
152 160 29 82
152 173 31 82
152 173 32 82
29 12 4 83
29 4 6 83
29 31 11 83
29 30 12 83
29 33 12 83
29 33 13 83
29 49 16 83
29 16 17 83
29 27 20 83
29 14 21 83
29 15 21 83
29 17 22 83
29 16 23 83
29 40 23 83
29 24 24 83
29 51 24 83
29 22 25 83
29 34 25 83
29 32 27 83
29 29 28 83
29 58 28 83
29 2 29 83
29 6 29 83
29 7 29 83
29 4 30 83
29 8 30 83
29 56 31 83
29 22 32 83
68 49 16 83
68 92 17 83
68 91 20 83
68 40 23 83
68 51 24 83
68 93 24 83
68 97 25 83
68 94 27 83
68 58 28 83
68 56 31 83
68 63 31 83
244 217 4 83
244 221 5 83
244 221 6 83
244 221 7 83
244 228 10 83
244 255 12 83
244 233 15 83
244 233 22 83
244 225 23 83
244 246 26 83
58 31 10 84
58 30 11 84
58 33 11 84
58 33 12 84
58 49 15 84
58 40 22 84
58 51 23 84
58 34 24 84
58 32 26 84
58 29 27 84
58 58 27 84
58 56 30 84
58 63 30 84
124 116 4 84
124 116 5 84
124 124 6 84
124 119 8 84
124 147 8 84
124 142 11 84
124 123 13 84
124 118 14 84
124 106 15 84
124 146 15 84
124 98 17 84
124 152 19 84
124 103 20 84
124 149 20 84
124 115 21 84
124 113 22 84
124 97 24 84
124 117 25 84
124 94 26 84
124 137 26 84
124 114 27 84
124 110 31 84
225 221 4 84
225 221 5 84
225 221 6 84
225 228 9 84
225 233 14 84
225 233 21 84
225 225 22 84
225 246 25 84
3 4 4 85
3 31 9 85
3 30 10 85
3 16 15 85
3 27 18 85
3 14 19 85
3 15 19 85
3 17 20 85
3 16 21 85
3 24 22 85
3 22 23 85
3 32 25 85
3 29 26 85
3 2 27 85
3 6 27 85
3 7 27 85
3 4 28 85
3 8 28 85
3 22 30 85
115 116 4 85
115 124 5 85
115 119 7 85
115 142 10 85
115 123 12 85
115 118 13 85
115 106 14 85
115 92 15 85
115 98 16 85
115 91 18 85
115 103 19 85
115 115 20 85
115 113 21 85
115 93 22 85
115 97 23 85
115 117 24 85
115 94 25 85
115 137 25 85
115 114 26 85
115 110 30 85
221 221 4 85
221 221 5 85
221 228 8 85
221 233 13 85
221 233 20 85
221 225 21 85
221 246 24 85
14 31 8 86
14 30 9 86
14 33 9 86
14 33 10 86
14 16 14 86
14 27 17 86
14 14 18 86
14 15 18 86
14 17 19 86
14 16 20 86
14 40 20 86
14 24 21 86
14 22 22 86
14 34 22 86
14 32 24 86
14 29 25 86
14 2 26 86
14 6 26 86
14 7 26 86
14 4 27 86
14 8 27 86
14 22 29 86
15 31 8 86
15 30 9 86
15 33 9 86
15 33 10 86
15 16 14 86
15 27 17 86
15 14 18 86
15 15 18 86
15 17 19 86
15 16 20 86
15 40 20 86
15 24 21 86
15 22 22 86
15 34 22 86
15 32 24 86
15 29 25 86
15 2 26 86
15 6 26 86
15 7 26 86
15 4 27 86
15 8 27 86
15 22 29 86
220 221 4 86
220 228 7 86
220 233 12 86
220 233 19 86
220 225 20 86
220 246 23 86
12 31 7 87
12 30 8 87
12 33 8 87
12 33 9 87
12 16 13 87
12 27 16 87
12 14 17 87
12 15 17 87
12 17 18 87
12 16 19 87
12 40 19 87
12 24 20 87
12 22 21 87
12 34 21 87
12 32 23 87
12 29 24 87
12 2 25 87
12 6 25 87
12 7 25 87
12 4 26 87
12 8 26 87
12 22 28 87
116 119 5 87
116 142 8 87
116 123 10 87
116 118 11 87
116 106 12 87
116 92 13 87
116 98 14 87
116 91 16 87
116 103 17 87
116 115 18 87
116 113 19 87
116 93 20 87
116 97 21 87
116 117 22 87
116 94 23 87
116 137 23 87
116 114 24 87
116 110 28 87
217 228 6 87
217 233 11 87
217 233 18 87
217 225 19 87
217 246 22 87
116 119 4 88
116 142 7 88
116 123 9 88
116 118 10 88
116 106 11 88
116 92 12 88
116 98 13 88
116 91 15 88
116 103 16 88
116 115 17 88
116 113 18 88
116 93 19 88
116 97 20 88
116 117 21 88
116 94 22 88
116 137 22 88
116 114 23 88
116 110 27 88
221 228 5 88
221 233 10 88
221 233 17 88
221 225 18 88
221 246 21 88
4 31 5 89
4 30 6 89
4 33 6 89
4 33 7 89
4 16 11 89
4 27 14 89
4 14 15 89
4 15 15 89
4 17 16 89
4 16 17 89
4 24 18 89
4 22 19 89
4 32 21 89
4 29 22 89
4 2 23 89
4 6 23 89
4 7 23 89
4 4 24 89
4 8 24 89
4 22 26 89
116 142 6 89
116 123 8 89
116 118 9 89
116 106 10 89
116 92 11 89
116 98 12 89
116 91 14 89
116 103 15 89
116 115 16 89
116 113 17 89
116 93 18 89
116 97 19 89
116 117 20 89
116 94 21 89
116 137 21 89
116 114 22 89
116 110 26 89
221 228 4 89
221 233 9 89
221 233 16 89
221 225 17 89
221 246 20 89
124 142 5 90
124 123 7 90
124 118 8 90
124 106 9 90
124 146 9 90
124 98 11 90
124 152 13 90
124 103 14 90
124 149 14 90
124 115 15 90
124 113 16 90
124 97 18 90
124 117 19 90
124 94 20 90
124 137 20 90
124 114 21 90
124 110 25 90
221 233 8 90
221 233 15 90
221 225 16 90
221 246 19 90
170 142 4 91
170 163 6 91
170 146 8 91
170 155 9 91
170 152 12 91
170 149 13 91
170 157 16 91
170 160 20 91
170 173 22 91
170 173 23 91
119 123 5 92
119 118 6 92
119 106 7 92
119 146 7 92
119 92 8 92
119 98 9 92
119 91 11 92
119 103 12 92
119 115 13 92
119 113 14 92
119 93 15 92
119 97 16 92
119 117 17 92
119 94 18 92
119 137 18 92
119 114 19 92
119 110 23 92
147 123 5 92
147 163 5 92
147 118 6 92
147 146 7 92
147 155 8 92
147 152 11 92
147 149 12 92
147 157 15 92
147 117 17 92
147 137 18 92
147 160 19 92
147 173 21 92
147 173 22 92
228 233 5 93
228 233 12 93
228 225 13 93
228 246 16 93
31 49 5 94
31 16 6 94
31 27 9 94
31 14 10 94
31 15 10 94
31 17 11 94
31 16 12 94
31 40 12 94
31 24 13 94
31 51 13 94
31 22 14 94
31 34 14 94
31 32 16 94
31 29 17 94
31 58 17 94
31 2 18 94
31 6 18 94
31 7 18 94
31 4 19 94
31 8 19 94
31 56 20 94
31 22 21 94
182 155 6 94
182 152 9 94
182 157 13 94
182 160 17 94
182 173 19 94
182 173 20 94
30 49 4 95
30 16 5 95
30 27 8 95
30 14 9 95
30 15 9 95
30 17 10 95
30 16 11 95
30 40 11 95
30 24 12 95
30 51 12 95
30 22 13 95
30 34 13 95
30 32 15 95
30 29 16 95
30 58 16 95
30 2 17 95
30 6 17 95
30 7 17 95
30 4 18 95
30 8 18 95
30 56 19 95
30 22 20 95
33 49 4 95
33 16 5 95
33 27 8 95
33 14 9 95
33 15 9 95
33 17 10 95
33 16 11 95
33 40 11 95
33 24 12 95
33 51 12 95
33 22 13 95
33 34 13 95
33 32 15 95
33 29 16 95
33 58 16 95
33 6 17 95
33 7 17 95
33 4 18 95
33 8 18 95
33 56 19 95
33 22 20 95
142 146 4 95
142 155 5 95
142 152 8 95
142 149 9 95
142 115 10 95
142 113 11 95
142 157 12 95
142 117 14 95
142 137 15 95
142 114 16 95
142 160 16 95
255 233 10 95
255 225 11 95
255 246 14 95
33 16 4 96
33 27 7 96
33 14 8 96
33 15 8 96
33 17 9 96
33 16 10 96
33 40 10 96
33 24 11 96
33 51 11 96
33 22 12 96
33 34 12 96
33 32 14 96
33 29 15 96
33 58 15 96
33 6 16 96
33 7 16 96
33 4 17 96
33 8 17 96
33 56 18 96
33 22 19 96
123 98 4 97
123 152 6 97
123 103 7 97
123 149 7 97
123 115 8 97
123 113 9 97
123 93 10 97
123 97 11 97
123 117 12 97
123 94 13 97
123 137 13 97
123 114 14 97
123 110 18 97
163 152 6 97
163 149 7 97
163 157 10 97
163 137 13 97
163 160 14 97
163 173 16 97
163 173 17 97
118 91 5 98
118 103 6 98
118 115 7 98
118 113 8 98
118 93 9 98
118 97 10 98
118 117 11 98
118 94 12 98
118 137 12 98
118 114 13 98
118 110 17 98
233 233 7 98
233 225 8 98
233 246 11 98
49 27 4 99
49 40 7 99
49 24 8 99
49 51 8 99
49 22 9 99
49 34 9 99
49 32 11 99
49 29 12 99
49 58 12 99
49 56 15 99
49 63 15 99
49 22 16 99
106 91 4 99
106 103 5 99
106 115 6 99
106 113 7 99
106 93 8 99
106 97 9 99
106 117 10 99
106 94 11 99
106 114 12 99
106 110 16 99
146 152 4 99
146 149 5 99
146 157 8 99
146 117 10 99
146 137 11 99
146 160 12 99
146 173 14 99
146 173 15 99
16 14 4 100
16 15 4 100
16 17 5 100
16 16 6 100
16 40 6 100
16 24 7 100
16 22 8 100
16 34 8 100
16 32 10 100
16 29 11 100
16 2 12 100
16 6 12 100
16 7 12 100
16 4 13 100
16 8 13 100
16 22 15 100
92 103 4 100
92 115 5 100
92 113 6 100
92 93 7 100
92 97 8 100
92 117 9 100
92 94 10 100
92 114 11 100
92 63 14 100
92 110 15 100
155 149 4 100
155 157 7 100
155 137 10 100
155 160 11 100
155 173 13 100
155 173 14 100
98 115 4 101
98 113 5 101
98 93 6 101
98 97 7 101
98 117 8 101
98 94 9 101
98 114 10 101
98 110 14 101
27 24 4 103
27 51 4 103
27 22 5 103
27 34 5 103
27 32 7 103
27 29 8 103
27 2 9 103
27 6 9 103
27 7 9 103
27 4 10 103
27 8 10 103
27 56 11 103
27 22 12 103
91 93 4 103
91 97 5 103
91 117 6 103
91 94 7 103
91 114 8 103
91 63 11 103
91 110 12 103
152 157 4 103
152 137 7 103
152 160 8 103
152 173 10 103
152 173 11 103
14 22 4 104
14 34 4 104
14 32 6 104
14 29 7 104
14 2 8 104
14 6 8 104
14 7 8 104
14 4 9 104
14 8 9 104
14 22 11 104
15 22 4 104
15 34 4 104
15 32 6 104
15 29 7 104
15 2 8 104
15 6 8 104
15 7 8 104
15 4 9 104
15 8 9 104
15 22 11 104
103 97 4 104
103 117 5 104
103 94 6 104
103 114 7 104
103 110 11 104
149 137 6 104
149 160 7 104
149 173 9 104
149 173 10 104
17 32 5 105
17 29 6 105
17 2 7 105
17 6 7 105
17 7 7 105
17 4 8 105
17 8 8 105
17 22 10 105
115 117 4 105
115 94 5 105
115 137 5 105
115 114 6 105
115 110 10 105
233 246 4 105
16 32 4 106
16 29 5 106
16 2 6 106
16 6 6 106
16 7 6 106
16 4 7 106
16 8 7 106
16 22 9 106
40 32 4 106
40 29 5 106
40 58 5 106
40 56 8 106
40 63 8 106
40 22 9 106
113 94 4 106
113 137 4 106
113 114 5 106
113 110 9 106
24 29 4 107
24 2 5 107
24 6 5 107
24 7 5 107
24 4 6 107
24 8 6 107
24 22 8 107
51 29 4 107
51 58 4 107
51 56 7 107
51 63 7 107
51 22 8 107
93 114 4 107
93 63 7 107
93 110 8 107
157 160 4 107
157 173 6 107
157 173 7 107
22 2 4 108
22 6 4 108
22 7 4 108
22 4 5 108
22 8 5 108
22 22 7 108
34 6 4 108
34 7 4 108
34 4 5 108
34 8 5 108
34 56 6 108
34 63 6 108
34 22 7 108
97 110 7 108
117 110 6 109
32 56 4 110
32 22 5 110
94 110 5 110
137 110 5 110
29 22 4 111
114 110 4 111
