208 227 35 1
208 227 42 1
208 203 44 1
208 227 58 1
494 496 25 2
494 511 25 2
494 511 26 2
494 511 39 2
494 494 42 2
494 505 44 2
494 511 45 2
494 477 47 2
494 474 48 2
494 498 52 2
494 511 54 2
213 227 33 3
213 227 40 3
213 203 42 3
213 227 56 3
213 231 58 3
496 496 24 3
496 511 24 3
496 511 25 3
496 511 38 3
496 494 41 3
496 505 43 3
496 511 44 3
496 477 46 3
496 498 51 3
496 511 53 3
197 178 28 4
197 203 41 4
500 496 23 4
500 511 23 4
500 511 24 4
500 511 37 4
500 494 40 4
500 505 42 4
500 511 43 4
500 498 50 4
500 511 52 4
196 178 27 5
196 203 40 5
491 496 22 5
491 494 39 5
491 505 41 5
491 477 44 5
491 474 45 5
491 498 49 5
491 486 59 5
494 496 21 6
494 511 21 6
494 511 22 6
494 511 35 6
494 494 38 6
494 505 40 6
494 511 41 6
494 477 43 6
494 474 44 6
494 498 48 6
494 511 50 6
494 486 58 6
494 477 59 6
416 396 30 7
416 424 31 7
416 435 32 7
416 398 40 7
416 399 54 7
416 406 56 7
415 396 29 8
415 424 30 8
415 398 39 8
415 399 53 8
415 406 55 8
492 496 18 9
492 511 18 9
492 511 19 9
492 511 32 9
492 494 35 9
492 505 37 9
492 511 38 9
492 477 40 9
492 474 41 9
492 498 45 9
492 511 47 9
492 486 55 9
492 477 56 9
492 498 57 9
492 505 58 9
492 511 58 9
171 178 22 10
171 171 25 10
509 496 17 10
509 511 17 10
509 511 18 10
509 511 31 10
509 494 34 10
509 505 36 10
509 511 37 10
509 498 44 10
509 511 46 10
509 498 56 10
509 505 57 10
509 511 57 10
511 496 17 10
511 511 17 10
511 511 18 10
511 511 31 10
511 494 34 10
511 505 36 10
511 511 37 10
511 498 44 10
511 511 46 10
511 498 56 10
511 505 57 10
511 511 57 10
345 338 19 11
345 344 21 11
345 350 22 11
345 338 18 12
345 344 20 12
345 350 21 12
345 338 17 13
345 344 19 13
345 350 20 13
345 338 16 14
345 344 18 14
345 350 19 14
47 47 18 15
47 61 20 15
47 62 21 15
47 65 21 15
47 47 28 15
47 47 30 15
47 31 40 15
47 63 40 15
47 61 41 15
47 63 41 15
47 32 51 15
47 62 53 15
47 64 53 15
345 338 15 15
345 344 17 15
345 350 18 15
17 20 18 27
17 10 25 27
17 3 27 27
17 14 27 27
17 18 27 27
17 24 28 27
17 31 28 27
17 23 29 27
17 10 30 27
17 15 30 27
17 0 35 27
17 1 35 27
17 5 35 27
17 9 35 27
17 15 35 27
17 2 36 27
17 3 36 27
17 7 36 27
17 10 38 27
17 15 38 27
17 2 39 27
17 3 39 27
17 8 39 27
17 24 39 27
17 32 39 27
17 2 40 27
17 3 40 27
17 2 41 27
17 3 41 27
17 7 41 27
17 14 44 27
17 18 44 27
69 77 10 27
69 71 11 27
69 63 28 27
69 61 29 27
69 63 29 27
69 62 41 27
69 64 41 27
69 67 50 27
234 252 13 27
234 227 16 27
234 233 20 27
234 251 28 27
234 227 32 27
234 231 34 27
234 228 43 27
234 251 47 27
496 511 14 27
496 494 17 27
496 505 19 27
496 511 20 27
496 477 22 27
496 498 27 27
496 511 29 27
496 486 37 27
496 477 38 27
496 498 39 27
496 505 40 27
496 511 40 27
496 511 44 27
511 511 14 27
511 494 17 27
511 505 19 27
511 511 20 27
511 498 27 27
511 511 29 27
511 498 39 27
511 505 40 27
511 511 40 27
511 511 44 27
15 20 17 28
15 10 24 28
15 3 26 28
15 14 26 28
15 18 26 28
15 24 27 28
15 31 27 28
15 23 28 28
15 10 29 28
15 15 29 28
15 0 34 28
15 1 34 28
15 5 34 28
15 9 34 28
15 15 34 28
15 2 35 28
15 3 35 28
15 7 35 28
15 10 37 28
15 15 37 28
15 2 38 28
15 3 38 28
15 8 38 28
15 24 38 28
15 32 38 28
15 2 39 28
15 3 39 28
15 2 40 28
15 3 40 28
15 7 40 28
15 14 43 28
15 18 43 28
442 424 10 28
442 435 11 28
442 444 13 28
442 441 14 28
442 446 28 28
442 446 29 28
442 445 42 28
511 511 13 28
511 494 16 28
511 505 18 28
511 511 19 28
511 498 26 28
511 511 28 28
511 498 38 28
511 505 39 28
511 511 39 28
511 511 43 28
338 319 10 30
338 321 30 30
338 335 46 30
373 375 24 31
373 379 31 31
373 381 37 31
178 197 46 32
178 178 48 32
344 335 44 32
47 47 10 33
47 47 12 33
47 31 22 33
47 63 22 33
47 61 23 33
47 63 23 33
47 32 33 33
47 62 35 33
47 64 35 33
350 335 43 33
61 47 10 35
61 63 20 35
61 61 21 35
61 63 21 35
61 62 33 35
61 64 33 35
61 67 42 35
103 103 27 35
103 99 28 35
171 178 45 35
282 300 10 35
282 300 17 35
282 285 18 35
282 287 42 35
282 278 43 35
282 274 45 35
62 63 19 36
62 61 20 36
62 63 20 36
62 62 32 36
62 64 32 36
62 67 41 36
65 63 19 36
65 61 20 36
65 63 20 36
65 62 32 36
65 64 32 36
65 67 41 36
227 233 11 36
227 227 23 36
227 231 25 36
227 228 34 36
227 210 43 36
316 300 16 36
316 321 24 36
316 335 40 36
77 63 18 37
77 61 19 37
77 63 19 37
77 62 31 37
77 64 31 37
77 67 40 37
396 398 10 37
396 399 24 37
396 379 25 37
396 406 26 37
396 381 31 37
396 406 32 37
396 393 34 37
396 406 35 37
396 404 37 37
71 63 17 38
71 61 18 38
71 63 18 38
71 62 30 38
71 64 30 38
71 67 39 38
424 406 25 38
424 406 31 38
424 406 34 38
424 404 36 38
435 446 17 39
435 446 18 39
435 445 31 39
252 251 15 40
252 251 34 40
252 257 39 40
319 300 12 40
319 321 20 40
319 335 36 40
444 446 15 41
444 446 16 41
444 445 29 41
511 498 13 41
511 511 15 41
511 498 25 41
511 505 26 41
511 511 26 41
511 511 30 41
441 446 14 42
441 446 15 42
441 445 28 42
47 31 12 43
47 63 12 43
47 61 13 43
47 63 13 43
47 32 23 43
47 62 25 43
47 64 25 43
227 227 16 43
227 231 18 43
227 228 27 43
227 210 36 43
462 446 13 43
462 446 14 43
462 477 22 43
462 445 27 43
462 474 30 43
494 498 10 44
494 511 12 44
494 486 20 44
494 477 21 44
494 498 22 44
494 505 23 44
494 511 23 44
494 511 27 44
494 474 29 44
20 24 10 45
20 31 10 45
20 23 11 45
20 10 12 45
20 15 12 45
20 0 17 45
20 1 17 45
20 5 17 45
20 9 17 45
20 15 17 45
20 2 18 45
20 3 18 45
20 7 18 45
20 10 20 45
20 15 20 45
20 2 21 45
20 3 21 45
20 8 21 45
20 24 21 45
20 32 21 45
20 2 22 45
20 3 22 45
20 2 23 45
20 3 23 45
20 7 23 45
20 14 26 45
20 18 26 45
47 31 10 45
47 63 10 45
47 61 11 45
47 63 11 45
47 32 21 45
47 62 23 45
47 64 23 45
203 202 23 45
203 197 33 45
203 210 34 45
300 287 32 45
505 511 10 46
505 486 18 46
505 498 20 46
505 505 21 46
505 511 21 46
505 511 25 46
233 227 12 47
233 231 14 47
233 228 23 47
233 251 27 47
398 399 14 47
398 379 15 47
398 406 16 47
398 381 21 47
398 406 22 47
398 393 24 47
398 406 25 47
398 404 27 47
511 498 19 47
511 505 20 47
511 511 20 47
511 511 24 47
477 486 15 49
477 477 16 49
477 474 24 49
474 486 14 50
474 477 15 50
474 474 23 50
10 0 10 52
10 1 10 52
10 5 10 52
10 9 10 52
10 15 10 52
10 2 11 52
10 3 11 52
10 7 11 52
10 10 13 52
10 15 13 52
10 2 14 52
10 3 14 52
10 8 14 52
10 24 14 52
10 2 15 52
10 3 15 52
10 2 16 52
10 3 16 52
10 7 16 52
10 14 19 52
10 18 19 52
148 148 25 52
300 287 25 52
285 287 24 53
285 278 25 53
285 274 27 53
3 10 11 54
3 15 11 54
3 2 12 54
3 3 12 54
3 8 12 54
3 2 13 54
3 3 13 54
3 2 14 54
3 3 14 54
3 7 14 54
3 14 17 54
3 18 17 54
14 10 11 54
14 15 11 54
14 2 12 54
14 3 12 54
14 8 12 54
14 24 12 54
14 32 12 54
14 2 13 54
14 3 13 54
14 2 14 54
14 3 14 54
14 7 14 54
14 14 17 54
14 18 17 54
18 10 11 54
18 15 11 54
18 2 12 54
18 3 12 54
18 8 12 54
18 24 12 54
18 32 12 54
18 2 13 54
18 3 13 54
18 2 14 54
18 3 14 54
18 7 14 54
18 14 17 54
18 18 17 54
498 486 10 54
498 498 12 54
498 505 13 54
498 511 13 54
498 511 17 54
24 10 10 55
24 15 10 55
24 8 11 55
24 24 11 55
24 32 11 55
24 7 13 55
24 14 16 55
24 18 16 55
31 15 10 55
31 24 11 55
31 32 11 55
31 14 16 55
31 18 16 55
63 62 13 55
63 64 13 55
63 67 22 55
251 251 19 55
251 257 24 55
375 381 13 55
375 393 16 55
23 3 10 56
23 8 10 56
23 24 10 56
23 32 10 56
23 3 11 56
23 3 12 56
23 7 12 56
23 14 15 56
23 18 15 56
61 62 12 56
61 64 12 56
61 67 21 56
63 62 12 56
63 64 12 56
63 67 21 56
446 445 14 56
511 498 10 56
511 505 11 56
511 511 11 56
511 511 15 56
10 2 10 57
10 3 10 57
10 2 11 57
10 3 11 57
10 7 11 57
10 14 14 57
10 18 14 57
15 2 10 57
15 3 10 57
15 2 11 57
15 3 11 57
15 7 11 57
15 14 14 57
15 18 14 57
446 445 13 57
227 228 11 59
227 210 20 59
321 335 16 60
399 393 10 61
399 406 11 61
399 404 13 61
406 404 11 63
202 197 10 68
202 210 11 68
