0 15 13 70 49 5 39 6 16 10 255 6 0 
0 24 26 255 43 16 28 14 19 15 123 12 0 
0 39 18 237 43 5 21 13 19 65 255 11 0 
0 49 28 255 62 10 53 18 39 97 196 5 0 
0 23 8 255 18 19 7 3 12 45 237 11 0 
0 11 16 255 26 96 7 4 10 9 75 5 0 
0 12 6 255 29 9 10 0 16 40 69 4 0 
0 16 9 255 23 14 44 3 24 18 90 5 0 
0 13 17 255 6 18 12 7 4 5 86 8 0 
0 26 8 255 33 13 13 10 6 30 71 8 0 
0 36 22 255 33 35 22 12 36 24 38 25 0 
0 14 5 255 20 3 7 5 10 11 8 4 0 
0 36 7 255 29 4 27 16 23 50 23 35 0 
0 36 6 255 23 8 20 11 23 25 18 23 0 
0 19 3 255 19 9 8 8 14 14 24 11 0 
0 19 5 255 37 12 6 12 18 15 6 13 0 
0 21 2 255 40 7 52 6 23 23 21 10 0 
0 27 1 255 19 5 21 11 31 27 7 16 0 
0 43 2 255 49 19 36 18 61 67 22 14 0 
0 67 26 255 41 14 70 29 35 51 26 38 0 
0 36 7 255 30 4 35 11 20 24 17 8 0 
0 60 8 255 49 22 81 20 34 17 24 11 0 
0 19 3 255 12 11 29 9 10 4 7 9 0 
0 38 2 255 33 10 141 17 23 24 18 9 0 
0 53 13 255 45 1 69 36 29 23 18 34 0 
0 20 4 255 22 5 32 13 18 17 0 10 0 
0 45 10 255 38 9 48 14 21 23 7 15 0 
0 165 30 156 156 25 255 25 113 74 25 53 0 
0 31 5 255 43 19 55 9 12 6 7 16 0 
0 45 45 255 74 88 145 17 26 95 11 19 0 
0 45 11 225 36 16 255 14 31 20 27 21 0 
0 29 2 114 13 2 255 7 10 18 36 10 0 
0 20 5 72 19 14 255 8 19 17 65 10 0 
0 32 6 255 16 25 131 6 15 13 26 11 0 
0 47 37 255 34 149 144 21 29 8 14 56 0 
0 31 3 255 38 24 27 8 13 14 8 1 0 
0 84 46 255 127 15 151 62 116 136 29 169 0 
0 21 3 255 23 8 25 7 10 12 7 10 0 
0 254 45 251 165 78 255 37 59 125 89 73 0 
0 47 18 255 34 2 71 17 38 28 15 20 0 
0 25 2 91 15 6 255 7 7 9 44 7 0 
0 154 5 203 115 75 255 62 100 55 72 24 0 
0 54 4 255 14 13 50 17 27 51 1 8 0 
0 212 16 255 47 43 73 16 48 30 19 17 0 
0 86 153 243 135 74 255 64 137 216 46 164 0 
0 50 36 255 42 17 121 32 98 49 27 41 0 
0 90 34 208 109 16 255 29 52 106 68 46 0 
0 24 6 47 11 8 255 5 10 13 69 9 0 
0 25 0 22 19 19 255 14 14 10 103 14 0 
0 86 10 140 49 15 255 12 33 51 67 24 0 
0 189 50 185 101 92 255 12 59 100 70 47 0 
0 241 157 47 75 255 139 47 38 212 38 149 0 
0 255 23 157 49 9 101 47 40 64 26 35 0 
0 255 48 78 15 98 20 3 28 89 16 3 0 
0 155 21 255 56 56 44 18 62 54 134 18 0 
0 107 17 255 37 29 133 29 27 91 219 27 0 
0 12 4 19 29 6 255 30 9 5 148 5 0 
0 27 13 255 122 12 95 48 41 55 190 28 0 
0 49 50 255 89 56 28 57 39 144 64 56 0 
0 84 23 32 255 128 148 68 165 241 95 71 0 
0 42 2 255 62 51 120 51 92 163 29 57 0 
0 71 12 199 91 56 255 58 40 150 51 27 0 
0 123 17 108 135 73 39 100 44 255 115 62 0 
0 179 25 255 12 36 42 30 8 31 61 94 0 
