255 36 64 47 172 21 44 0 3 2 24 0 
48 63 53 96 103 22 255 0 8 7 5 0 
36 29 18 44 33 6 255 0 0 3 11 0 
133 115 145 2 70 33 255 0 5 8 15 0 
192 178 255 194 97 139 222 0 2 11 77 0 
110 62 150 255 4 97 156 0 4 10 32 0 
145 168 147 255 7 47 139 0 6 17 29 0 
53 88 121 255 10 44 37 0 4 5 8 0 
88 29 20 255 4 35 10 0 0 4 22 0 
184 25 200 83 21 255 39 0 7 10 59 0 
175 67 152 180 23 255 56 0 5 20 39 0 
150 183 195 255 66 205 87 1 5 14 35 0 
45 53 85 120 255 51 85 0 4 1 27 0 
40 37 38 50 255 14 15 0 4 5 29 0 
57 94 41 53 255 11 22 0 2 6 42 0 
54 138 71 255 208 21 41 0 2 5 23 0 
105 102 181 110 87 20 255 0 3 12 60 0 
14 83 237 255 80 9 119 0 16 96 197 0 
214 206 236 255 43 130 100 0 5 84 79 0 
148 61 160 170 32 40 37 0 6 23 255 0 
103 52 255 50 10 20 19 0 2 6 38 0 
162 58 255 149 24 42 12 0 6 8 38 0 
255 105 107 31 26 57 18 0 12 8 29 0 
99 29 100 45 37 255 23 0 11 6 43 0 
47 14 83 24 20 255 13 0 5 6 15 0 
65 39 80 55 39 255 37 0 5 15 81 0 
30 18 10 68 51 255 36 0 9 4 199 0 
162 95 93 182 255 122 42 0 19 38 139 0 
101 119 138 78 255 32 26 0 17 7 36 0 
98 15 96 79 255 33 9 1 6 5 22 0 
6 50 187 79 255 34 127 1 31 8 9 0 
164 69 255 146 99 28 64 0 13 11 82 0 
255 27 153 63 63 23 55 0 18 7 78 0 
255 192 55 100 46 30 80 0 5 16 50 0 
146 114 163 255 17 25 57 0 14 1 51 0 
255 75 168 89 34 95 128 1 6 12 100 0 
255 28 88 21 7 52 63 0 5 2 32 0 
255 38 175 72 20 116 163 0 29 11 222 0 
158 86 158 77 30 255 196 0 17 63 78 0 
53 36 22 59 13 255 61 0 8 2 32 0 
7 18 63 15 3 255 19 0 1 4 7 0 
89 12 20 48 14 255 18 0 3 1 5 0 
86 35 61 62 255 224 42 0 4 10 103 0 
43 13 28 45 255 38 37 0 0 4 93 0 
62 33 29 71 117 46 255 0 2 1 19 0 
124 88 180 106 65 40 255 0 21 1 69 0 
134 255 192 101 27 15 93 0 12 5 43 0 
114 62 145 255 18 36 96 0 11 9 15 0 
134 61 165 255 23 70 57 0 12 46 201 0 
41 32 73 44 5 11 22 0 10 8 255 0 
178 156 98 255 11 25 74 0 18 9 235 0 
255 53 168 168 9 15 64 0 46 21 6 0 
255 91 89 240 11 30 83 0 16 21 30 0 
158 75 255 178 13 29 168 0 39 6 33 0 
131 78 255 112 27 13 178 0 21 2 74 0 
231 86 121 127 23 33 255 0 4 5 240 0 
164 65 110 204 63 255 238 0 128 5 25 0 
178 43 64 255 156 36 217 0 45 3 17 0 
200 43 49 240 207 27 255 0 28 2 17 0 
207 39 58 255 84 20 127 0 93 5 12 0 
255 55 37 200 19 9 166 0 52 1 137 0 
92 70 167 255 21 5 181 0 175 1 66 0 
89 33 54 255 20 3 186 0 44 2 37 0 
202 126 99 255 14 71 188 0 17 6 48 0 
