388 423 12 1
388 404 15 1
388 357 17 1
388 375 21 1
388 381 22 1
388 428 24 1
388 429 25 1
388 383 27 1
388 433 28 1
535 499 10 1
535 534 12 1
535 557 15 1
535 510 16 1
535 555 16 1
535 520 20 1
535 527 21 1
535 540 23 1
535 570 24 1
535 571 25 1
535 544 26 1
535 543 27 1
535 528 28 1
535 531 29 1
31 3 15 2
31 78 15 2
31 1 19 2
31 4 19 2
31 20 19 2
31 0 20 2
31 2 23 2
31 3 23 2
31 9 23 2
31 0 24 2
31 6 24 2
31 7 24 2
31 5 27 2
31 20 27 2
31 0 28 2
31 3 28 2
182 175 15 2
182 183 17 2
182 206 19 2
182 196 24 2
182 202 26 2
182 220 27 2
182 166 28 2
449 423 11 2
449 404 14 2
449 428 23 2
449 429 24 2
449 433 27 2
517 534 11 2
517 557 14 2
517 510 15 2
517 555 15 2
517 520 19 2
517 527 20 2
517 540 22 2
517 544 25 2
517 543 26 2
517 528 27 2
517 531 28 2
218 232 11 3
218 175 14 3
218 183 16 3
218 206 18 3
218 266 21 3
218 196 23 3
218 202 25 3
218 220 26 3
218 244 29 3
218 259 29 3
421 423 10 3
421 404 13 3
421 375 19 3
421 381 20 3
421 428 22 3
421 429 23 3
421 383 25 3
421 433 26 3
691 659 11 3
691 690 15 3
691 670 16 3
691 669 17 3
691 715 20 3
691 691 29 3
62 78 13 4
62 20 17 4
62 20 25 4
62 81 26 4
63 78 13 4
63 20 17 4
63 20 25 4
63 81 26 4
438 404 12 4
438 428 21 4
438 429 22 4
438 433 25 4
762 715 19 4
29 3 12 5
29 78 12 5
29 1 16 5
29 4 16 5
29 20 16 5
29 0 17 5
29 2 20 5
29 3 20 5
29 9 20 5
29 0 21 5
29 6 21 5
29 7 21 5
29 5 24 5
29 20 24 5
29 0 25 5
29 3 25 5
36 3 12 5
36 78 12 5
36 1 16 5
36 4 16 5
36 20 16 5
36 0 17 5
36 2 20 5
36 3 20 5
36 9 20 5
36 0 21 5
36 6 21 5
36 7 21 5
36 5 24 5
36 20 24 5
36 0 25 5
36 3 25 5
36 81 25 5
79 78 12 5
79 81 25 5
252 298 14 5
252 206 16 5
252 266 19 5
252 202 23 5
252 220 24 5
252 281 25 5
252 289 26 5
252 244 27 5
252 259 27 5
255 298 14 5
255 304 15 5
255 206 16 5
255 266 19 5
255 220 24 5
255 281 25 5
255 289 26 5
255 244 27 5
255 259 27 5
726 690 13 5
726 715 18 5
726 691 27 5
726 758 29 5
274 298 13 6
274 304 14 6
274 266 18 6
274 281 24 6
274 289 25 6
274 244 26 6
274 259 26 6
73 78 10 7
73 81 23 7
73 82 28 7
73 31 29 7
73 91 29 7
134 175 10 7
134 183 12 7
134 166 23 7
134 133 26 7
134 131 28 7
134 91 29 7
134 157 29 7
272 298 12 7
272 304 13 7
272 266 17 7
272 281 23 7
272 289 24 7
272 244 25 7
272 259 25 7
169 183 11 8
169 206 13 8
169 196 18 8
169 202 20 8
169 166 22 8
169 133 25 8
169 131 27 8
169 157 28 8
169 137 29 8
300 298 11 8
300 304 12 8
300 336 13 8
300 266 16 8
300 281 22 8
300 289 23 8
300 259 24 8
300 346 29 8
661 690 10 8
661 670 11 8
661 669 12 8
661 628 23 8
661 691 24 8
661 627 25 8
661 671 29 8
11 1 12 9
11 4 12 9
11 20 12 9
11 0 13 9
11 2 16 9
11 3 16 9
11 9 16 9
11 0 17 9
11 6 17 9
11 7 17 9
11 5 20 9
11 20 20 9
11 0 21 9
11 3 21 9
11 31 27 9
11 19 28 9
15 1 12 9
15 4 12 9
15 20 12 9
15 0 13 9
15 2 16 9
15 3 16 9
15 9 16 9
15 0 17 9
15 6 17 9
15 7 17 9
15 5 20 9
15 20 20 9
15 0 21 9
15 3 21 9
15 31 27 9
15 19 28 9
752 715 14 9
752 758 25 9
752 720 26 9
114 81 20 10
114 133 23 10
114 82 25 10
114 131 25 10
114 91 26 10
114 157 26 10
114 97 27 10
114 137 27 10
114 107 28 10
114 96 29 10
127 81 20 10
127 166 20 10
127 133 23 10
127 82 25 10
127 131 25 10
127 91 26 10
127 157 26 10
127 97 27 10
127 137 27 10
127 107 28 10
127 96 29 10
323 304 10 10
323 336 11 10
323 281 20 10
323 289 21 10
323 354 26 10
323 346 27 10
323 348 28 10
323 344 29 10
754 715 13 10
754 758 24 10
754 720 25 10
0 1 10 11
0 4 10 11
0 20 10 11
0 0 11 11
0 2 14 11
0 3 14 11
0 9 14 11
0 0 15 11
0 6 15 11
0 7 15 11
0 5 18 11
0 20 18 11
0 0 19 11
0 3 19 11
0 31 25 11
0 19 26 11
0 16 29 11
5 1 10 11
5 4 10 11
5 20 10 11
5 0 11 11
5 2 14 11
5 3 14 11
5 9 14 11
5 0 15 11
5 6 15 11
5 7 15 11
5 5 18 11
5 20 18 11
5 0 19 11
5 3 19 11
5 31 25 11
5 19 26 11
5 51 28 11
5 16 29 11
113 81 19 11
113 133 22 11
113 82 24 11
113 131 24 11
113 91 25 11
113 157 25 11
113 97 26 11
113 137 26 11
113 107 27 11
113 96 28 11
113 108 29 11
499 520 10 11
499 527 11 11
499 540 13 11
499 544 16 11
499 543 17 11
499 528 18 11
499 531 19 11
665 628 20 11
665 691 21 11
665 627 22 11
665 671 26 11
665 664 27 11
665 667 28 11
735 715 11 12
735 691 20 12
735 758 22 12
735 720 23 12
423 381 10 13
423 428 12 13
423 429 13 13
423 383 15 13
423 433 16 13
423 388 22 13
534 540 11 13
534 570 12 13
534 571 13 13
534 544 14 13
534 543 15 13
534 528 16 13
534 531 17 13
534 519 28 13
534 518 29 13
232 266 10 14
232 196 12 14
232 202 14 14
232 220 15 14
232 281 16 14
232 244 18 14
232 259 18 14
232 196 24 14
232 193 29 14
232 258 29 14
659 628 17 14
659 691 18 14
659 627 19 14
659 671 23 14
659 664 24 14
659 667 25 14
635 628 16 15
635 627 18 15
635 604 21 15
635 671 22 15
635 664 23 15
635 667 24 15
404 429 10 16
404 383 12 16
404 433 13 16
404 388 19 16
404 354 20 16
404 355 24 16
557 571 10 16
557 544 11 16
557 543 12 16
557 528 13 16
557 531 14 16
557 604 20 16
557 519 25 16
557 518 26 16
3 5 12 17
3 20 12 17
3 0 13 17
3 3 13 17
3 31 19 17
3 19 20 17
3 51 22 17
3 16 23 17
3 5 25 17
3 17 25 17
3 46 28 17
78 81 13 17
78 82 18 17
78 31 19 17
78 91 19 17
78 97 20 17
78 107 21 17
78 51 22 17
78 96 22 17
78 108 23 17
78 101 24 17
78 99 25 17
78 115 26 17
78 114 27 17
78 46 28 17
78 76 28 17
78 71 29 17
175 202 11 17
175 220 12 17
175 166 13 17
175 133 16 17
175 131 18 17
175 157 19 17
175 137 20 17
175 196 21 17
175 137 25 17
175 193 26 17
175 197 27 17
510 544 10 17
510 543 11 17
510 528 12 17
510 531 13 17
510 519 24 17
510 518 25 17
555 544 10 17
555 543 11 17
555 528 12 17
555 531 13 17
555 604 19 17
555 519 24 17
555 518 25 17
555 598 29 17
357 383 10 18
357 388 17 18
357 354 18 18
357 346 19 18
357 348 20 18
357 344 21 18
357 355 22 18
357 352 23 18
357 350 24 18
690 691 14 18
690 720 17 18
690 671 19 18
690 664 20 18
690 667 21 18
183 220 10 19
183 166 11 19
183 133 14 19
183 157 17 19
183 137 18 19
183 196 19 19
183 137 23 19
183 193 24 19
183 197 25 19
298 281 11 19
298 289 12 19
298 259 13 19
298 346 18 19
298 344 20 19
298 258 24 19
298 271 25 19
298 254 26 19
298 255 26 19
670 628 12 19
670 691 13 19
670 627 14 19
670 671 18 19
670 664 19 19
670 667 20 19
670 632 29 19
304 281 10 20
304 289 11 20
304 259 12 20
304 346 17 20
304 348 18 20
304 344 19 20
304 352 21 20
304 350 22 20
304 258 23 20
304 271 24 20
304 254 25 20
304 255 25 20
669 628 11 20
669 691 12 20
669 627 13 20
669 671 17 20
669 664 18 20
669 667 19 20
669 632 28 20
669 672 29 20
1 31 15 21
1 19 16 21
1 16 19 21
1 5 21 21
1 17 21 21
1 46 24 21
1 0 26 21
1 2 26 21
1 2 28 21
1 6 28 21
4 31 15 21
4 19 16 21
4 51 18 21
4 16 19 21
4 5 21 21
4 17 21 21
4 46 24 21
4 0 26 21
4 2 26 21
4 2 28 21
4 6 28 21
20 31 15 21
20 19 16 21
20 51 18 21
20 16 19 21
20 5 21 21
20 17 21 21
20 46 24 21
20 0 26 21
20 2 26 21
20 2 28 21
20 6 28 21
206 244 11 21
206 157 15 21
206 196 17 21
206 193 22 21
206 197 23 21
206 254 24 21
206 255 24 21
206 246 25 21
336 289 10 21
336 354 15 21
336 346 16 21
336 348 17 21
336 344 18 21
336 355 19 21
336 352 20 21
336 350 21 21
520 519 20 21
520 518 21 21
520 470 26 21
520 511 26 21
520 477 27 21
520 494 28 21
520 479 29 21
0 31 14 22
0 19 15 22
0 16 18 22
0 5 20 22
0 17 20 22
0 46 23 22
0 0 25 22
0 2 25 22
0 2 27 22
0 6 27 22
0 2 29 22
375 388 13 22
375 354 14 22
375 346 15 22
375 348 16 22
375 344 17 22
375 355 18 22
375 352 19 22
375 350 20 22
375 421 29 22
527 519 19 22
527 518 20 22
527 511 25 22
527 477 26 22
527 494 27 22
527 479 28 22
527 557 29 22
381 388 12 23
381 354 13 23
381 346 14 23
381 348 15 23
381 344 16 23
381 355 17 23
381 352 18 23
381 350 19 23
381 421 28 23
381 386 29 23
715 758 11 23
715 720 12 23
715 671 14 23
715 667 16 23
715 741 22 23
715 672 26 23
715 760 29 23
266 258 19 24
266 271 20 24
266 254 21 24
266 255 21 24
266 246 22 24
540 519 17 24
540 518 18 24
540 511 23 24
540 494 25 24
540 557 27 24
2 31 11 25
2 19 12 25
2 51 14 25
2 16 15 25
2 5 17 25
2 17 17 25
2 46 20 25
2 0 22 25
2 2 22 25
2 2 24 25
2 6 24 25
2 2 26 25
3 31 11 25
3 19 12 25
3 51 14 25
3 16 15 25
3 5 17 25
3 17 17 25
3 46 20 25
3 0 22 25
3 2 22 25
3 2 24 25
3 6 24 25
3 2 26 25
9 31 11 25
9 19 12 25
9 51 14 25
9 16 15 25
9 5 17 25
9 17 17 25
9 46 20 25
9 0 22 25
9 2 22 25
9 2 24 25
9 6 24 25
9 2 26 25
428 388 10 25
428 444 21 25
428 470 22 25
428 477 23 25
428 421 26 25
428 386 27 25
428 463 28 25
570 604 11 25
570 598 21 25
570 557 26 25
0 31 10 26
0 19 11 26
0 16 14 26
0 5 16 26
0 17 16 26
0 46 19 26
0 0 21 26
0 2 21 26
0 2 23 26
0 6 23 26
0 2 25 26
6 31 10 26
6 19 11 26
6 51 13 26
6 16 14 26
6 5 16 26
6 17 16 26
6 46 19 26
6 0 21 26
6 2 21 26
6 2 23 26
6 6 23 26
6 2 25 26
7 31 10 26
7 19 11 26
7 51 13 26
7 16 14 26
7 5 16 26
7 17 16 26
7 46 19 26
7 0 21 26
7 2 21 26
7 2 23 26
7 6 23 26
7 2 25 26
196 157 10 26
196 196 12 26
196 193 17 26
196 197 18 26
196 202 27 26
429 444 20 26
429 470 21 26
429 477 22 26
429 421 25 26
429 386 26 26
429 463 27 26
571 604 10 26
571 598 20 26
571 557 25 26
571 566 29 26
544 519 14 27
544 518 15 27
544 511 20 27
544 494 22 27
544 557 24 27
544 566 28 27
202 196 10 28
202 193 15 28
202 197 16 28
202 246 18 28
202 202 25 28
383 348 10 28
383 344 11 28
383 355 12 28
383 352 13 28
383 350 14 28
383 421 23 28
383 386 24 28
383 362 27 28
543 519 13 28
543 518 14 28
543 511 19 28
543 494 21 28
543 557 23 28
543 566 27 28
5 51 10 29
5 16 11 29
5 5 13 29
5 17 13 29
5 46 16 29
5 0 18 29
5 2 18 29
5 2 20 29
5 6 20 29
5 2 22 29
5 28 29 29
5 32 29 29
20 51 10 29
20 16 11 29
20 5 13 29
20 17 13 29
20 46 16 29
20 0 18 29
20 2 18 29
20 2 20 29
20 6 20 29
20 2 22 29
20 28 29 29
20 32 29 29
20 68 29 29
220 193 14 29
220 258 14 29
220 197 15 29
220 254 16 29
220 255 16 29
220 246 17 29
220 202 24 29
433 444 17 29
433 470 18 29
433 477 19 29
433 479 21 29
433 421 22 29
433 386 23 29
433 463 24 29
433 447 29 29
528 519 12 29
528 518 13 29
528 511 18 29
528 494 20 29
528 479 21 29
528 557 22 29
528 566 26 29
0 16 10 30
0 5 12 30
0 17 12 30
0 46 15 30
0 0 17 30
0 2 17 30
0 2 19 30
0 6 19 30
0 2 21 30
0 28 28 30
0 32 28 30
0 32 29 30
3 16 10 30
3 5 12 30
3 17 12 30
3 46 15 30
3 0 17 30
3 2 17 30
3 2 19 30
3 6 19 30
3 2 21 30
3 28 28 30
3 32 28 30
3 32 29 30
81 108 10 30
81 101 11 30
81 99 12 30
81 115 13 30
81 114 14 30
81 46 15 30
81 76 15 30
81 71 16 30
81 86 17 30
81 81 18 30
81 113 19 30
81 114 20 30
81 113 23 30
81 93 24 30
81 129 24 30
81 32 28 30
81 68 28 30
81 32 29 30
81 69 29 30
166 137 12 30
166 193 13 30
166 197 14 30
166 143 19 30
166 135 21 30
166 132 22 30
166 202 23 30
166 129 24 30
281 258 13 30
281 271 14 30
281 254 15 30
281 255 15 30
281 246 16 30
281 309 24 30
281 234 29 30
531 519 11 30
531 518 12 30
531 511 17 30
531 494 19 30
531 557 21 30
531 566 25 30
289 258 12 31
289 271 13 31
289 254 14 31
289 255 14 31
289 246 15 31
289 309 23 31
628 598 15 31
628 632 17 31
628 672 18 31
628 663 19 31
628 623 28 31
244 258 11 32
244 197 12 32
244 271 12 32
244 254 13 32
244 255 13 32
244 246 14 32
244 202 21 32
244 234 27 32
244 218 29 32
259 258 11 32
259 271 12 32
259 254 13 32
259 255 13 32
259 246 14 32
259 234 27 32
259 218 29 32
691 672 17 32
691 663 18 32
133 115 10 33
133 114 11 33
133 86 14 33
133 113 16 33
133 143 16 33
133 114 17 33
133 135 18 33
133 132 19 33
133 113 20 33
133 93 21 33
133 129 21 33
133 147 27 33
627 598 13 33
627 632 15 33
627 672 16 33
627 663 17 33
627 623 26 33
627 581 29 33
758 741 11 34
758 760 18 34
758 759 19 34
82 46 10 35
82 76 10 35
82 71 11 35
82 86 12 35
82 81 13 35
82 113 14 35
82 114 15 35
82 113 18 35
82 93 19 35
82 129 19 35
82 32 23 35
82 68 23 35
82 32 24 35
82 69 24 35
82 67 28 35
82 124 29 35
131 86 12 35
131 81 13 35
131 113 14 35
131 143 14 35
131 114 15 35
131 135 16 35
131 132 17 35
131 113 18 35
131 93 19 35
131 129 19 35
131 147 25 35
131 124 29 35
388 421 16 35
388 386 17 35
388 362 20 35
388 378 25 35
388 365 26 35
388 376 27 35
720 741 10 35
720 672 14 35
720 760 17 35
720 759 18 35
31 71 10 36
31 0 11 36
31 2 11 36
31 2 13 36
31 6 13 36
31 2 15 36
31 28 22 36
31 32 22 36
31 68 22 36
31 32 23 36
31 69 23 36
31 67 27 36
31 15 28 36
91 71 10 36
91 86 11 36
91 81 12 36
91 113 13 36
91 114 14 36
91 135 15 36
91 132 16 36
91 113 17 36
91 93 18 36
91 129 18 36
91 68 22 36
91 69 23 36
91 67 27 36
91 124 28 36
91 109 29 36
157 113 13 36
157 143 13 36
157 114 14 36
157 135 15 36
157 132 16 36
157 113 17 36
157 202 17 36
157 129 18 36
157 147 24 36
157 124 28 36
157 109 29 36
354 386 16 36
354 309 18 36
354 362 19 36
354 378 24 36
354 365 25 36
354 376 26 36
354 305 28 36
604 598 10 36
604 632 12 36
604 557 15 36
604 566 19 36
604 623 23 36
604 581 26 36
604 599 27 36
604 554 28 36
19 0 10 37
19 2 10 37
19 2 12 37
19 6 12 37
19 2 14 37
19 28 21 37
19 32 21 37
19 68 21 37
19 32 22 37
19 67 26 37
19 15 27 37
19 7 29 37
97 86 10 37
97 81 11 37
97 113 12 37
97 143 12 37
97 114 13 37
97 135 14 37
97 132 15 37
97 113 16 37
97 93 17 37
97 129 17 37
97 68 21 37
97 69 22 37
97 67 26 37
97 124 27 37
97 109 28 37
137 113 12 37
137 143 12 37
137 114 13 37
137 135 14 37
137 132 15 37
137 113 16 37
137 93 17 37
137 129 17 37
137 147 23 37
137 124 27 37
137 109 28 37
346 386 15 37
346 309 17 37
346 362 18 37
346 378 23 37
346 365 24 37
346 376 25 37
346 305 27 37
346 371 29 37
671 632 11 37
671 672 12 37
671 663 13 37
671 623 22 37
107 81 10 38
107 113 11 38
107 143 11 38
107 114 12 38
107 135 13 38
107 132 14 38
107 113 15 38
107 93 16 38
107 129 16 38
107 68 20 38
107 69 21 38
107 147 22 38
107 67 25 38
107 124 26 38
107 109 27 38
196 202 15 38
196 234 21 38
196 147 22 38
196 218 23 38
196 241 24 38
348 386 14 38
348 309 16 38
348 362 17 38
348 378 22 38
348 365 23 38
348 376 24 38
348 305 26 38
348 371 28 38
664 632 10 38
664 672 11 38
664 663 12 38
664 623 21 38
51 2 10 39
51 6 10 39
51 2 12 39
51 93 15 39
51 28 19 39
51 32 19 39
51 68 19 39
51 32 20 39
51 69 20 39
51 67 24 39
51 15 25 39
51 7 27 39
51 2 28 39
51 8 28 39
51 31 28 39
96 113 10 39
96 143 10 39
96 114 11 39
96 135 12 39
96 132 13 39
96 113 14 39
96 93 15 39
96 129 15 39
96 68 19 39
96 69 20 39
96 67 24 39
96 124 25 39
96 109 26 39
96 143 29 39
344 386 13 39
344 309 15 39
344 362 16 39
344 378 21 39
344 365 22 39
344 376 23 39
344 305 25 39
344 371 27 39
344 324 29 39
667 672 10 39
667 663 11 39
667 623 20 39
667 673 29 39
16 2 11 40
16 28 18 40
16 32 18 40
16 32 19 40
16 15 24 40
16 7 26 40
16 2 27 40
16 8 27 40
16 31 27 40
16 38 29 40
108 114 10 40
108 135 11 40
108 132 12 40
108 113 13 40
108 93 14 40
108 129 14 40
108 68 18 40
108 69 19 40
108 147 20 40
108 67 23 40
108 124 24 40
108 109 25 40
108 143 28 40
108 107 29 40
108 145 29 40
355 386 12 40
355 309 14 40
355 362 15 40
355 378 20 40
355 365 21 40
355 376 22 40
355 305 24 40
355 371 26 40
355 324 28 40
101 135 10 41
101 132 11 41
101 113 12 41
101 93 13 41
101 129 13 41
101 68 17 41
101 69 18 41
101 147 19 41
101 67 22 41
101 124 23 41
101 109 24 41
101 143 27 41
101 107 28 41
101 145 28 41
101 106 29 41
352 386 11 41
352 309 13 41
352 362 14 41
352 378 19 41
352 365 20 41
352 376 21 41
352 305 23 41
352 371 25 41
352 324 27 41
519 557 10 41
519 566 14 41
519 473 18 41
519 513 19 41
519 525 20 41
519 554 23 41
519 524 24 41
519 526 25 41
519 479 28 41
519 552 29 41
5 28 16 42
5 32 16 42
5 32 17 42
5 15 22 42
5 7 24 42
5 2 25 42
5 8 25 42
5 31 25 42
5 38 27 42
5 0 29 42
5 1 29 42
5 3 29 42
5 10 29 42
5 36 29 42
17 28 16 42
17 32 16 42
17 32 17 42
17 15 22 42
17 7 24 42
17 2 25 42
17 8 25 42
17 31 25 42
17 38 27 42
17 0 29 42
17 1 29 42
17 3 29 42
17 10 29 42
17 36 29 42
99 132 10 42
99 113 11 42
99 93 12 42
99 129 12 42
99 68 16 42
99 69 17 42
99 147 18 42
99 67 21 42
99 124 22 42
99 109 23 42
99 143 26 42
99 107 27 42
99 145 27 42
99 106 28 42
99 77 29 42
99 146 29 42
137 132 10 42
137 113 11 42
137 93 12 42
137 129 12 42
137 147 18 42
137 124 22 42
137 109 23 42
137 143 26 42
137 107 27 42
137 145 27 42
137 106 28 42
137 146 29 42
350 386 10 42
350 309 12 42
350 362 13 42
350 378 18 42
350 365 19 42
350 376 20 42
350 305 22 42
350 371 24 42
350 324 26 42
350 362 29 42
518 566 13 42
518 473 17 42
518 513 18 42
518 525 19 42
518 554 22 42
518 524 23 42
518 526 24 42
518 479 27 42
518 552 28 42
115 113 10 43
115 93 11 43
115 129 11 43
115 68 15 43
115 69 16 43
115 147 17 43
115 67 20 43
115 124 21 43
115 109 22 43
115 143 25 43
115 107 26 43
115 145 26 43
115 106 27 43
115 77 28 43
115 146 28 43
193 202 10 43
193 234 16 43
193 147 17 43
193 218 18 43
193 241 19 43
193 143 25 43
193 145 26 43
193 146 28 43
258 234 16 43
258 218 18 43
258 241 19 43
258 256 20 43
258 305 21 43
114 93 10 44
114 129 10 44
114 68 14 44
114 69 15 44
114 147 16 44
114 67 19 44
114 124 20 44
114 109 21 44
114 143 24 44
114 107 25 44
114 145 25 44
114 106 26 44
114 77 27 44
114 146 27 44
197 234 15 44
197 147 16 44
197 218 17 44
197 241 18 44
271 309 10 44
271 234 15 44
271 241 18 44
271 256 19 44
271 305 20 44
46 28 13 45
46 32 13 45
46 68 13 45
46 32 14 45
46 69 14 45
46 67 18 45
46 15 19 45
46 7 21 45
46 2 22 45
46 8 22 45
46 31 22 45
46 38 24 45
46 0 26 45
46 1 26 45
46 3 26 45
46 10 26 45
46 36 26 45
46 77 26 45
76 28 13 45
76 32 13 45
76 68 13 45
76 32 14 45
76 69 14 45
76 67 18 45
76 124 19 45
76 109 20 45
76 31 22 45
76 38 24 45
76 107 24 45
76 106 25 45
76 36 26 45
76 77 26 45
254 234 14 45
254 218 16 45
254 241 17 45
254 256 18 45
255 234 14 45
255 218 16 45
255 241 17 45
255 256 18 45
741 763 26 45
71 28 12 46
71 32 12 46
71 68 12 46
71 32 13 46
71 69 13 46
71 67 17 46
71 109 19 46
71 31 21 46
71 38 23 46
71 107 23 46
71 106 24 46
71 36 25 46
71 77 25 46
246 234 13 46
246 218 15 46
246 241 16 46
246 256 17 46
444 447 12 46
444 473 13 46
444 459 19 46
444 442 21 46
444 479 23 46
598 623 13 46
598 581 16 46
598 599 17 46
598 554 18 46
598 569 21 46
598 552 24 46
0 28 11 47
0 32 11 47
0 32 12 47
0 15 17 47
0 7 19 47
0 2 20 47
0 8 20 47
0 31 20 47
0 38 22 47
0 0 24 47
0 1 24 47
0 3 24 47
0 10 24 47
0 36 24 47
2 28 11 47
2 32 11 47
2 32 12 47
2 15 17 47
2 7 19 47
2 2 20 47
2 8 20 47
2 31 20 47
2 38 22 47
2 0 24 47
2 1 24 47
2 3 24 47
2 10 24 47
2 36 24 47
86 68 11 47
86 69 12 47
86 67 16 47
86 124 17 47
86 109 18 47
86 38 22 47
86 107 22 47
86 106 23 47
86 36 24 47
86 77 24 47
470 447 11 47
470 473 12 47
470 513 13 47
470 459 18 47
470 442 20 47
470 479 22 47
511 473 12 47
511 513 13 47
511 525 14 47
511 554 17 47
511 524 18 47
511 526 19 47
511 479 22 47
511 552 23 47
81 32 10 48
81 68 10 48
81 32 11 48
81 69 11 48
81 67 15 48
81 124 16 48
81 109 17 48
81 31 19 48
81 38 21 48
81 107 21 48
81 106 22 48
81 36 23 48
81 77 23 48
477 447 10 48
477 473 11 48
477 513 12 48
477 525 13 48
477 459 17 48
477 524 17 48
477 526 18 48
477 442 19 48
477 479 21 48
632 623 11 48
632 599 15 48
632 673 20 48
632 665 21 48
2 32 10 49
2 15 15 49
2 7 17 49
2 2 18 49
2 8 18 49
2 31 18 49
2 38 20 49
2 0 22 49
2 1 22 49
2 3 22 49
2 10 22 49
2 36 22 49
6 32 10 49
6 15 15 49
6 7 17 49
6 2 18 49
6 8 18 49
6 31 18 49
6 38 20 49
6 0 22 49
6 1 22 49
6 3 22 49
6 10 22 49
6 36 22 49
113 69 10 49
113 147 11 49
113 67 14 49
113 124 15 49
113 109 16 49
113 143 19 49
113 107 20 49
113 145 20 49
113 106 21 49
113 77 22 49
113 146 22 49
143 147 11 49
143 124 15 49
143 109 16 49
143 143 19 49
143 107 20 49
143 145 20 49
143 106 21 49
143 146 22 49
494 473 10 49
494 513 11 49
494 525 12 49
494 459 16 49
494 524 16 49
494 526 17 49
494 479 20 49
672 623 10 49
672 673 19 49
672 665 20 49
114 147 10 50
114 67 13 50
114 124 14 50
114 109 15 50
114 143 18 50
114 107 19 50
114 145 19 50
114 106 20 50
114 77 21 50
114 146 21 50
479 513 10 50
479 525 11 50
479 459 15 50
479 524 15 50
479 526 16 50
479 442 17 50
479 479 19 50
663 673 18 50
663 665 19 50
2 15 13 51
2 7 15 51
2 2 16 51
2 8 16 51
2 31 16 51
2 38 18 51
2 0 20 51
2 1 20 51
2 3 20 51
2 10 20 51
2 36 20 51
135 124 13 51
135 109 14 51
135 143 17 51
135 107 18 51
135 145 18 51
135 106 19 51
135 146 20 51
421 376 11 51
421 459 14 51
421 371 15 51
421 442 16 51
557 525 10 51
557 581 11 51
557 599 12 51
557 554 13 51
557 524 14 51
557 526 15 51
557 569 16 51
557 552 19 51
132 124 12 52
132 109 13 52
132 143 16 52
132 107 17 52
132 145 17 52
132 106 18 52
132 146 19 52
386 376 10 52
386 371 14 52
386 362 19 52
760 763 19 52
113 67 10 53
113 124 11 53
113 109 12 53
113 143 15 53
113 107 16 53
113 145 16 53
113 106 17 53
113 77 18 53
113 146 18 53
463 459 12 53
463 442 14 53
463 479 16 53
759 763 18 53
93 124 10 54
93 109 11 54
93 107 15 54
93 106 16 54
93 77 17 54
129 124 10 54
129 109 11 54
129 143 14 54
129 107 15 54
129 145 15 54
129 106 16 54
129 146 17 54
309 305 10 54
309 324 14 54
362 371 11 55
362 324 13 55
362 362 16 55
566 524 10 55
566 526 11 55
566 569 12 55
566 552 15 55
28 38 11 58
28 0 13 58
28 1 13 58
28 3 13 58
28 10 13 58
28 36 13 58
28 77 13 58
32 38 11 58
32 0 13 58
32 1 13 58
32 3 13 58
32 10 13 58
32 36 13 58
32 77 13 58
68 38 11 58
68 107 11 58
68 106 12 58
68 36 13 58
68 77 13 58
447 479 11 58
32 38 10 59
32 0 12 59
32 1 12 59
32 3 12 59
32 10 12 59
32 36 12 59
32 77 12 59
69 38 10 59
69 107 10 59
69 106 11 59
69 36 12 59
69 77 12 59
473 479 10 59
623 665 10 59
147 106 10 60
147 146 11 60
378 362 11 60
513 552 10 60
365 362 10 61
