363 376 20 0
363 367 29 0
686 696 10 0
316 308 11 1
316 304 13 1
316 326 15 1
316 304 16 1
316 327 21 1
316 304 22 1
316 331 26 1
707 723 14 1
707 721 15 1
707 721 29 1
116 122 13 2
116 104 16 2
131 122 13 2
375 376 18 2
375 367 27 2
566 583 15 2
566 572 19 2
4 23 17 3
9 28 13 3
9 26 14 3
9 23 17 3
9 25 26 3
16 28 13 3
16 26 14 3
16 32 14 3
16 30 15 3
16 23 17 3
16 30 23 3
16 31 24 3
16 25 26 3
134 122 12 3
438 453 15 3
438 434 16 3
438 456 21 3
438 448 22 3
438 457 29 3
593 583 14 3
14 28 12 4
14 26 13 4
14 32 13 4
14 30 14 4
14 23 16 4
14 30 22 4
14 31 23 4
14 25 25 4
15 28 12 4
15 26 13 4
15 32 13 4
15 30 14 4
15 23 16 4
15 30 22 4
15 31 23 4
15 25 25 4
38 28 12 4
38 26 13 4
38 32 13 4
38 30 14 4
38 23 16 4
38 48 18 4
38 48 19 4
38 49 20 4
38 45 21 4
38 30 22 4
38 31 23 4
38 25 25 4
65 48 18 4
65 48 19 4
65 49 20 4
65 45 21 4
433 434 15 4
433 448 21 4
685 677 27 4
685 683 29 4
20 28 11 5
20 26 12 5
20 32 12 5
20 30 13 5
20 23 15 5
20 30 21 5
20 31 22 5
20 25 24 5
38 28 11 5
38 26 12 5
38 32 12 5
38 30 13 5
38 23 15 5
38 48 17 5
38 48 18 5
38 49 19 5
38 45 20 5
38 30 21 5
38 31 22 5
38 25 24 5
706 723 10 5
706 721 11 5
706 721 25 5
19 28 10 6
19 26 11 6
19 32 11 6
19 30 12 6
19 23 14 6
19 30 20 6
19 31 21 6
19 25 23 6
33 28 10 6
33 26 11 6
33 32 11 6
33 30 12 6
33 23 14 6
33 48 16 6
33 48 17 6
33 49 18 6
33 45 19 6
33 30 20 6
33 31 21 6
33 25 23 6
100 104 12 6
302 304 11 6
302 304 17 6
302 283 20 6
703 721 10 6
703 721 24 6
703 683 27 6
252 266 26 7
319 304 10 7
319 327 15 7
319 304 16 7
319 331 20 7
319 329 24 7
319 333 29 7
703 721 23 7
703 683 26 7
6 23 12 8
6 25 21 8
7 23 12 8
7 25 21 8
28 30 10 8
28 23 12 8
28 45 17 8
28 30 18 8
28 31 19 8
28 25 21 8
39 30 10 8
39 23 12 8
39 48 14 8
39 48 15 8
39 49 16 8
39 45 17 8
39 30 18 8
39 31 19 8
39 25 21 8
381 376 12 8
381 367 21 8
697 677 23 8
697 683 25 8
697 681 29 8
5 23 11 9
21 23 11 9
21 30 17 9
21 31 18 9
21 25 20 9
48 48 13 9
48 48 14 9
48 49 15 9
48 45 16 9
48 30 17 9
48 31 18 9
174 175 26 9
392 376 11 9
664 677 22 9
664 655 23 9
664 683 24 9
664 681 28 9
39 23 10 10
39 48 12 10
39 48 13 10
39 49 14 10
39 45 15 10
39 30 16 10
39 31 17 10
39 25 19 10
246 227 20 10
258 266 23 10
696 677 21 10
696 683 23 10
696 681 27 10
696 714 29 10
425 437 23 11
538 527 12 11
538 523 24 11
538 526 27 11
41 48 10 12
41 48 11 12
41 49 12 12
41 45 13 12
41 30 14 12
41 31 15 12
41 25 17 12
158 175 23 12
308 327 10 12
308 304 11 12
308 289 26 12
758 739 10 12
758 738 12 12
758 740 16 12
758 740 17 12
37 48 10 13
37 49 11 13
37 45 12 13
37 30 13 13
37 31 14 13
37 25 16 13
37 25 29 13
758 738 11 13
758 740 15 13
758 740 16 13
304 289 24 14
521 523 21 14
521 514 22 14
521 526 24 14
521 536 29 14
463 448 10 15
463 476 15 15
463 457 17 15
463 460 26 15
723 740 13 15
723 740 14 15
723 721 15 15
723 714 24 15
723 725 25 15
723 721 27 15
28 30 10 16
28 31 11 16
28 25 13 16
28 25 26 16
28 37 28 16
326 331 11 16
326 329 15 16
326 343 19 16
326 333 20 16
326 334 26 16
721 740 12 16
721 740 13 16
721 721 14 16
721 714 23 16
721 725 24 16
721 721 26 16
721 728 29 16
26 31 10 17
26 25 12 17
26 25 25 17
26 37 27 17
32 31 10 17
32 25 12 17
32 25 25 17
32 37 27 17
304 289 21 17
304 286 27 17
304 303 29 17
583 589 17 17
30 25 11 18
30 25 24 18
30 37 26 18
30 28 29 18
104 90 23 18
104 100 26 18
104 100 29 18
453 457 14 18
453 437 16 18
453 460 23 18
653 655 14 18
434 437 15 19
542 523 16 19
542 526 19 19
542 536 24 19
542 539 25 19
542 541 29 19
23 25 22 20
23 37 24 20
23 28 27 20
23 6 28 20
23 7 28 20
23 19 29 20
376 376 23 20
376 365 28 20
545 526 18 20
545 536 23 20
545 539 24 20
545 541 28 20
572 589 13 21
48 37 22 22
48 28 25 22
48 38 29 22
327 343 13 22
327 333 14 22
327 334 20 22
327 342 25 22
739 725 18 22
739 721 20 22
739 728 23 22
739 727 24 22
739 727 25 22
739 727 27 22
739 758 29 22
48 37 21 23
48 28 24 23
48 38 28 23
203 198 17 23
203 221 29 23
304 289 15 23
304 286 21 23
304 303 23 23
527 523 12 23
527 514 13 23
527 526 15 23
527 536 20 23
527 539 21 23
527 541 25 23
527 543 27 23
527 533 29 23
49 37 20 24
49 38 27 24
456 437 10 24
456 460 17 24
456 466 28 24
738 725 16 24
738 721 18 24
738 728 21 24
738 727 22 24
738 727 23 24
738 727 25 24
738 723 29 24
45 25 17 25
45 37 19 25
45 28 22 25
45 38 26 25
45 25 28 25
45 27 29 25
202 198 15 25
202 221 27 25
202 202 29 25
448 460 16 25
448 466 27 25
448 452 29 25
30 25 16 26
30 37 18 26
30 28 21 26
30 19 23 26
30 38 25 26
30 25 27 26
30 27 28 26
283 289 12 26
283 283 14 26
283 286 18 26
283 278 19 26
642 653 28 26
31 25 15 27
31 37 17 27
31 28 20 27
31 19 22 27
31 38 24 27
31 25 26 27
31 27 27 27
331 347 12 27
331 334 15 27
331 342 20 27
331 325 26 27
331 327 28 27
740 725 12 28
740 721 14 28
740 728 17 28
740 727 18 28
740 727 19 28
740 727 21 28
740 758 23 28
740 723 25 28
740 752 28 28
25 25 13 29
25 37 15 29
25 28 18 29
25 6 19 29
25 7 19 29
25 19 20 29
25 38 22 29
25 25 24 29
25 27 25 29
25 9 29 29
367 347 10 29
367 376 14 29
367 365 19 29
740 725 11 29
740 721 13 29
740 728 16 29
740 727 17 29
740 727 18 29
740 727 20 29
740 758 22 29
740 723 24 29
740 752 27 29
227 235 13 30
227 235 15 30
227 237 21 30
227 221 22 30
227 244 26 30
227 235 29 30
476 460 11 30
476 466 22 30
476 493 28 30
721 725 10 30
721 721 12 30
721 728 15 30
721 727 16 30
721 727 17 30
721 727 19 30
721 723 23 30
329 334 11 31
329 342 16 31
329 325 22 31
329 327 24 31
329 343 26 31
677 684 10 31
677 676 24 31
457 466 20 32
457 452 22 32
457 446 24 32
655 653 22 32
266 278 12 33
266 254 16 33
266 248 17 33
266 283 27 33
266 256 28 33
683 676 22 33
437 426 16 34
437 452 20 34
437 446 22 34
343 342 12 35
343 325 18 35
343 327 20 35
343 343 22 35
343 328 28 35
523 541 13 35
523 533 17 35
523 511 23 35
333 342 11 36
333 325 17 36
333 327 19 36
333 343 21 36
333 328 27 36
514 533 16 36
514 511 22 36
351 342 10 37
351 365 11 37
351 343 20 37
351 363 29 37
681 676 18 37
289 283 22 38
289 285 26 38
526 541 10 38
526 543 12 38
526 533 14 38
526 511 20 38
526 544 21 38
347 327 16 39
347 343 18 39
347 328 24 39
347 363 27 39
714 727 10 39
714 723 14 39
714 716 21 39
714 731 23 39
714 723 25 39
714 716 28 39
198 202 14 40
198 195 27 40
283 283 20 40
283 285 24 40
283 288 29 40
725 723 13 40
725 716 20 40
725 731 22 40
725 740 23 40
725 723 24 40
725 740 25 40
725 740 26 40
725 716 27 40
90 84 10 41
90 79 19 41
90 100 20 41
90 81 24 41
90 84 25 41
460 466 11 41
460 452 13 41
460 446 15 41
460 458 24 41
684 676 14 41
684 701 28 41
25 25 11 42
25 27 12 42
25 9 16 42
25 30 27 42
334 325 11 42
334 327 13 42
334 343 15 42
334 328 21 42
334 340 29 42
721 723 11 42
721 716 18 42
721 731 20 42
721 740 21 42
721 723 22 42
721 740 23 42
721 740 24 42
721 716 25 42
721 701 27 42
721 708 28 42
235 244 13 43
235 235 16 43
235 242 17 43
235 245 18 43
235 235 19 43
235 247 20 43
235 244 22 43
235 238 25 43
235 226 26 43
235 240 27 43
376 380 19 43
376 363 23 43
536 553 14 43
536 544 16 43
536 550 18 43
536 534 25 43
536 549 28 43
536 537 29 43
37 27 10 44
37 50 23 44
37 55 24 44
37 30 25 44
37 25 28 44
37 28 29 44
37 33 29 44
100 100 17 44
100 81 21 44
100 84 22 44
100 114 25 44
100 112 26 44
286 283 16 44
286 285 20 44
286 288 25 44
286 305 29 44
539 553 13 44
539 544 15 44
539 550 17 44
539 534 24 44
539 549 27 44
539 537 28 44
235 244 11 45
235 235 14 45
235 242 15 45
235 245 16 45
235 235 17 45
235 247 18 45
235 244 20 45
235 238 23 45
235 226 24 45
235 240 25 45
278 283 15 45
278 285 19 45
278 259 22 45
278 288 24 45
278 279 29 45
728 716 15 45
728 731 17 45
728 740 18 45
728 723 19 45
728 740 20 45
728 740 21 45
728 716 22 45
728 708 25 45
728 741 28 45
303 283 14 46
303 285 18 46
303 288 23 46
303 318 26 46
303 305 27 46
727 716 14 46
727 731 16 46
727 740 17 46
727 723 18 46
727 740 19 46
727 740 20 46
727 716 21 46
727 708 24 46
727 741 27 46
28 9 11 47
28 30 22 47
28 25 25 47
28 28 26 47
28 33 26 47
100 100 14 47
100 81 18 47
100 84 19 47
100 114 22 47
100 112 23 47
342 343 10 47
342 328 16 47
342 340 24 47
727 716 13 47
727 731 15 47
727 740 16 47
727 723 17 47
727 740 18 47
727 740 19 47
727 716 20 47
727 708 23 47
727 741 26 47
727 739 29 47
0 0 10 48
0 1 10 48
0 9 10 48
6 0 10 48
6 1 10 48
6 9 10 48
6 25 24 48
7 0 10 48
7 1 10 48
7 9 10 48
7 25 24 48
365 380 14 48
365 363 18 48
541 544 11 48
541 550 13 48
541 534 20 48
541 549 23 48
541 537 24 48
19 30 20 49
19 25 23 49
19 28 24 49
19 33 24 49
19 37 29 49
254 235 10 49
254 242 11 49
254 245 12 49
254 256 12 49
254 235 13 49
254 247 14 49
254 244 16 49
254 259 18 49
254 238 19 49
254 255 19 49
254 240 21 49
254 238 26 49
727 716 11 49
727 731 13 49
727 740 14 49
727 723 15 49
727 740 16 49
727 740 17 49
727 716 18 49
727 708 21 49
727 741 24 49
727 739 27 49
727 727 28 49
727 715 29 49
248 242 10 50
248 245 11 50
248 256 11 50
248 235 12 50
248 247 13 50
248 244 15 50
248 259 17 50
248 238 18 50
248 255 18 50
248 240 20 50
248 238 25 50
543 550 11 50
543 534 18 50
543 549 21 50
543 537 22 50
38 50 16 51
38 55 17 51
38 30 18 51
38 25 21 51
38 28 22 51
38 33 22 51
38 37 27 51
84 100 10 51
84 81 14 51
84 84 15 51
84 69 27 51
84 97 28 51
84 91 29 51
237 245 10 51
237 256 10 51
237 235 11 51
237 247 12 51
237 244 14 51
237 238 17 51
237 255 17 51
237 226 18 51
237 240 19 51
237 238 24 51
237 223 26 51
237 235 29 51
391 380 11 51
758 740 12 51
758 740 14 51
758 740 15 51
758 741 22 51
758 739 25 51
221 235 10 52
221 238 16 52
221 226 17 52
221 240 18 52
221 238 23 52
221 223 25 52
221 235 28 52
466 458 13 52
466 459 26 52
533 534 16 52
533 549 19 52
533 537 20 52
25 30 16 53
25 25 19 53
25 28 20 53
25 33 20 53
25 37 25 53
325 328 10 53
325 340 18 53
325 318 19 53
325 305 20 53
325 322 28 53
723 740 10 53
723 723 11 53
723 740 12 53
723 740 13 53
723 716 14 53
723 708 17 53
723 741 20 53
723 739 23 53
723 727 24 53
723 715 25 53
723 724 27 53
27 30 15 54
27 25 18 54
27 28 19 54
27 33 19 54
27 37 24 54
202 195 13 54
202 199 18 54
452 458 11 54
452 459 24 54
327 340 16 55
327 318 17 55
327 322 26 55
244 259 11 56
244 238 12 56
244 255 12 56
244 226 13 56
244 240 14 56
244 238 19 56
244 235 24 56
244 257 26 56
244 230 27 56
446 459 22 56
752 740 10 56
752 741 17 56
752 739 20 56
343 340 14 57
343 354 26 57
553 534 11 57
553 549 14 57
553 537 15 57
553 554 25 57
9 25 14 58
9 28 15 58
493 490 19 58
235 226 10 59
235 240 11 59
235 238 16 59
235 223 18 59
235 235 21 59
235 230 24 59
544 549 12 59
544 537 13 59
544 554 23 59
79 69 18 60
79 97 19 60
79 91 20 60
79 98 23 60
242 240 10 60
242 238 15 60
242 223 17 60
242 235 20 60
242 257 22 60
242 230 23 60
283 279 14 60
283 276 15 60
283 281 16 60
716 708 10 60
716 727 17 60
716 715 18 60
716 724 20 60
100 111 16 61
100 97 18 61
100 91 19 61
100 98 22 61
245 238 14 61
245 235 19 61
245 257 21 61
245 230 22 61
256 238 14 61
256 257 21 61
550 549 10 61
550 537 11 61
550 554 21 61
235 238 13 62
235 223 15 62
235 235 18 62
235 230 21 62
731 741 11 62
731 739 14 62
731 727 15 62
731 715 16 62
731 724 18 62
247 238 12 63
247 235 17 63
247 257 19 63
247 230 20 63
328 322 18 63
740 741 10 63
740 739 13 63
740 727 14 63
740 724 17 63
285 279 10 64
285 276 11 64
285 281 12 64
723 739 12 64
723 727 13 64
723 715 14 64
723 724 16 64
81 69 13 65
81 97 14 65
81 91 15 65
81 98 18 65
244 238 10 65
244 235 15 65
244 257 17 65
244 230 18 65
458 459 13 65
740 739 11 65
740 727 12 65
740 724 15 65
84 69 12 66
84 97 13 66
84 91 14 66
84 98 17 66
363 354 17 66
740 739 10 66
740 727 11 66
740 724 14 66
50 37 11 67
50 69 11 67
63 69 11 67
195 176 12 67
259 257 15 67
716 727 10 67
716 715 11 67
716 724 13 67
55 37 10 68
55 69 10 68
122 132 10 68
238 235 12 68
238 257 14 68
238 230 15 68
255 235 12 68
255 257 14 68
114 97 10 69
114 98 14 69
226 235 11 69
226 230 14 69
112 98 13 70
240 235 10 70
240 257 12 70
240 230 13 70
708 724 10 70
340 322 10 71
340 354 12 71
549 554 11 71
537 554 10 72
