2 2 11 0
2 5 11 0
2 18 11 0
2 18 16 0
2 22 25 0
2 28 27 0
2 5 28 0
2 29 28 0
2 21 31 0
2 18 32 0
2 24 33 0
2 27 37 0
2 13 41 0
2 26 41 0
2 0 44 0
2 1 44 0
2 9 47 0
2 31 49 0
144 168 10 0
144 154 11 0
144 136 14 0
144 146 16 0
144 164 18 0
144 170 22 0
144 132 25 0
144 140 26 0
144 157 30 0
144 141 31 0
144 148 32 0
144 122 33 0
144 134 33 0
144 139 35 0
144 153 36 0
144 157 39 0
144 153 41 0
144 125 48 0
144 127 48 0
144 114 49 0
144 118 50 0
144 129 50 0
61 43 12 1
61 35 13 1
61 63 13 1
61 83 14 1
61 56 15 1
61 79 15 1
61 80 18 1
61 42 20 1
61 67 21 1
61 59 22 1
61 77 22 1
61 64 23 1
61 59 24 1
61 84 24 1
61 68 25 1
61 56 28 1
61 46 30 1
61 90 30 1
61 82 31 1
61 84 33 1
61 64 34 1
61 52 37 1
61 34 39 1
61 86 39 1
61 59 40 1
61 47 47 1
61 31 48 1
61 32 49 1
61 90 50 1
101 83 14 1
101 79 15 1
101 107 17 1
101 80 18 1
101 77 22 1
101 84 24 1
101 93 26 1
101 97 29 1
101 90 30 1
101 82 31 1
101 122 32 1
101 84 33 1
101 111 38 1
101 86 39 1
101 125 47 1
101 127 47 1
101 114 48 1
101 118 49 1
101 129 49 1
101 90 50 1
157 154 10 1
157 136 13 1
157 146 15 1
157 164 17 1
157 170 21 1
157 132 24 1
157 140 25 1
157 157 29 1
157 141 30 1
157 148 31 1
157 134 32 1
157 139 34 1
157 153 35 1
157 157 38 1
157 153 40 1
157 181 43 1
157 175 46 1
157 127 47 1
157 129 49 1
157 178 50 1
75 63 12 2
75 83 13 2
75 56 14 2
75 79 14 2
75 80 17 2
75 67 20 2
75 59 21 2
75 77 21 2
75 64 22 2
75 59 23 2
75 84 23 2
75 68 24 2
75 93 25 2
75 56 27 2
75 97 28 2
75 46 29 2
75 90 29 2
75 82 30 2
75 84 32 2
75 64 33 2
75 52 36 2
75 86 38 2
75 59 39 2
75 47 46 2
75 90 49 2
131 136 12 2
131 146 14 2
131 107 16 2
131 132 23 2
131 140 24 2
131 157 28 2
131 141 29 2
131 148 30 2
131 122 31 2
131 134 31 2
131 139 33 2
131 153 34 2
131 111 37 2
131 157 37 2
131 153 39 2
131 125 46 2
131 127 46 2
131 114 47 2
131 118 48 2
131 129 48 2
29 43 10 3
29 35 11 3
29 18 13 3
29 56 13 3
29 42 18 3
29 22 22 3
29 28 24 3
29 5 25 3
29 29 25 3
29 56 26 3
29 21 28 3
29 46 28 3
29 18 29 3
29 24 30 3
29 27 34 3
29 52 35 3
29 34 37 3
29 13 38 3
29 26 38 3
29 0 41 3
29 1 41 3
29 9 44 3
29 47 45 3
29 31 46 3
29 32 47 3
29 26 59 3
60 43 10 3
60 35 11 3
60 63 11 3
60 83 12 3
60 56 13 3
60 79 13 3
60 80 16 3
60 42 18 3
60 67 19 3
60 59 20 3
60 77 20 3
60 64 21 3
60 59 22 3
60 84 22 3
60 68 23 3
60 56 26 3
60 46 28 3
60 82 29 3
60 84 31 3
60 64 32 3
60 52 35 3
60 34 37 3
60 86 37 3
60 59 38 3
60 47 45 3
60 31 46 3
60 32 47 3
78 63 11 3
78 83 12 3
78 56 13 3
78 79 13 3
78 107 15 3
78 80 16 3
78 67 19 3
78 59 20 3
78 77 20 3
78 64 21 3
78 59 22 3
78 84 22 3
78 68 23 3
78 93 24 3
78 56 26 3
78 97 27 3
78 90 28 3
78 82 29 3
78 84 31 3
78 64 32 3
78 52 35 3
78 86 37 3
78 59 38 3
78 90 48 3
148 136 11 3
148 146 13 3
148 164 15 3
148 170 19 3
148 132 22 3
148 140 23 3
148 157 27 3
148 141 28 3
148 148 29 3
148 122 30 3
148 134 30 3
148 139 32 3
148 153 33 3
148 157 36 3
148 153 38 3
148 175 44 3
148 125 45 3
148 127 45 3
148 118 47 3
148 129 47 3
253 250 11 6
253 228 13 6
253 232 14 6
253 223 15 6
253 244 17 6
253 239 18 6
253 240 28 6
253 241 34 6
253 255 35 6
253 249 37 6
253 254 43 6
253 240 47 6
253 250 49 6
253 240 51 6
253 255 51 6
253 254 53 6
253 255 53 6
253 240 54 6
253 255 54 6
253 241 55 6
253 255 55 6
253 240 57 6
253 255 58 6
253 254 59 6
253 255 59 6
18 42 14 7
18 22 18 7
18 28 20 7
18 5 21 7
18 29 21 7
18 21 24 7
18 46 24 7
18 18 25 7
18 24 26 7
18 27 30 7
18 34 33 7
18 13 34 7
18 26 34 7
18 0 37 7
18 1 37 7
18 9 40 7
18 47 41 7
18 31 42 7
18 32 43 7
18 26 55 7
18 13 59 7
18 21 59 7
59 80 12 7
59 42 14 7
59 67 15 7
59 59 16 7
59 77 16 7
59 64 17 7
59 59 18 7
59 84 18 7
59 68 19 7
59 29 21 7
59 56 22 7
59 46 24 7
59 82 25 7
59 84 27 7
59 64 28 7
59 52 31 7
59 34 33 7
59 86 33 7
59 59 34 7
59 47 41 7
59 31 42 7
59 32 43 7
135 107 11 7
135 164 11 7
135 132 18 7
135 140 19 7
135 157 23 7
135 141 24 7
135 148 25 7
135 122 26 7
135 134 26 7
135 139 28 7
135 153 29 7
135 111 32 7
135 157 32 7
135 153 34 7
135 125 41 7
135 127 41 7
135 114 42 7
135 118 43 7
135 129 43 7
91 107 10 8
91 80 11 8
91 67 14 8
91 77 15 8
91 64 16 8
91 84 17 8
91 68 18 8
91 93 19 8
91 97 22 8
91 90 23 8
91 82 24 8
91 84 26 8
91 64 27 8
91 111 31 8
91 86 32 8
91 114 41 8
91 118 42 8
91 90 43 8
91 92 59 8
252 228 11 8
252 232 12 8
252 223 13 8
252 244 15 8
252 239 16 8
252 240 26 8
252 241 32 8
252 255 33 8
252 249 35 8
252 254 41 8
252 240 45 8
252 250 47 8
252 240 49 8
252 255 49 8
252 254 51 8
252 255 51 8
252 240 52 8
252 255 52 8
252 241 53 8
252 255 53 8
252 240 55 8
252 222 56 8
252 255 56 8
252 254 57 8
252 255 57 8
252 255 58 8
252 255 59 8
222 228 10 9
222 232 11 9
222 223 12 9
222 244 14 9
222 239 15 9
222 220 18 9
222 209 19 9
222 211 20 9
222 240 25 9
222 206 29 9
222 241 31 9
222 198 33 9
222 249 34 9
222 240 44 9
222 250 46 9
222 240 48 9
222 192 49 9
222 240 51 9
222 241 52 9
222 192 53 9
222 240 54 9
222 222 55 9
222 212 57 9
222 205 58 9
222 230 59 9
168 170 12 10
168 140 16 10
168 157 20 10
168 141 21 10
168 148 22 10
168 139 25 10
168 153 26 10
168 157 29 10
168 153 31 10
168 181 34 10
168 175 37 10
168 178 41 10
168 192 48 10
168 192 52 10
2 22 14 11
2 28 16 11
2 5 17 11
2 29 17 11
2 21 20 11
2 18 21 11
2 24 22 11
2 27 26 11
2 13 30 11
2 26 30 11
2 0 33 11
2 1 33 11
2 9 36 11
2 31 38 11
2 26 51 11
2 13 55 11
2 21 55 11
5 22 14 11
5 28 16 11
5 5 17 11
5 29 17 11
5 21 20 11
5 18 21 11
5 24 22 11
5 27 26 11
5 34 29 11
5 13 30 11
5 26 30 11
5 0 33 11
5 1 33 11
5 9 36 11
5 31 38 11
5 32 39 11
5 26 51 11
5 13 55 11
5 21 55 11
18 42 10 11
18 22 14 11
18 28 16 11
18 5 17 11
18 29 17 11
18 21 20 11
18 46 20 11
18 18 21 11
18 24 22 11
18 27 26 11
18 34 29 11
18 13 30 11
18 26 30 11
18 0 33 11
18 1 33 11
18 9 36 11
18 47 37 11
18 31 38 11
18 32 39 11
18 26 51 11
18 13 55 11
18 21 55 11
154 170 11 11
154 132 14 11
154 140 15 11
154 157 19 11
154 141 20 11
154 148 21 11
154 134 22 11
154 139 24 11
154 153 25 11
154 157 28 11
154 153 30 11
154 181 33 11
154 175 36 11
154 125 37 11
154 127 37 11
154 129 39 11
154 178 40 11
233 244 11 12
233 239 12 12
233 220 15 12
233 209 16 12
233 211 17 12
233 240 22 12
233 206 26 12
233 241 28 12
233 255 29 12
233 249 31 12
233 254 37 12
233 240 41 12
233 250 43 12
233 240 45 12
233 255 45 12
233 254 47 12
233 255 47 12
233 240 48 12
233 255 48 12
233 241 49 12
233 255 49 12
233 240 51 12
233 222 52 12
233 255 52 12
233 254 53 12
233 255 53 12
233 212 54 12
233 255 54 12
233 205 55 12
233 255 55 12
233 230 56 12
233 254 58 12
233 255 58 12
43 59 10 13
43 64 11 13
43 22 12 13
43 59 12 13
43 68 13 13
43 28 14 13
43 29 15 13
43 56 16 13
43 21 18 13
43 46 18 13
43 18 19 13
43 24 20 13
43 64 22 13
43 27 24 13
43 52 25 13
43 34 27 13
43 13 28 13
43 26 28 13
43 59 28 13
43 47 35 13
43 31 36 13
43 32 37 13
43 26 49 13
43 13 53 13
43 21 53 13
35 64 10 14
35 22 11 14
35 59 11 14
35 28 13 14
35 5 14 14
35 29 14 14
35 56 15 14
35 21 17 14
35 46 17 14
35 18 18 14
35 24 19 14
35 64 21 14
35 27 23 14
35 52 24 14
35 34 26 14
35 13 27 14
35 26 27 14
35 59 27 14
35 9 33 14
35 47 34 14
35 31 35 14
35 32 36 14
35 26 48 14
35 13 52 14
35 21 52 14
63 64 10 14
63 59 11 14
63 84 11 14
63 68 12 14
63 56 15 14
63 46 17 14
63 90 17 14
63 82 18 14
63 84 20 14
63 64 21 14
63 52 24 14
63 34 26 14
63 86 26 14
63 59 27 14
63 47 34 14
63 90 37 14
63 92 53 14
136 132 11 14
136 140 12 14
136 157 16 14
136 141 17 14
136 148 18 14
136 122 19 14
136 134 19 14
136 139 21 14
136 153 22 14
136 111 25 14
136 157 25 14
136 153 27 14
136 125 34 14
136 127 34 14
136 114 35 14
136 118 36 14
136 129 36 14
255 239 10 14
255 240 20 14
255 241 26 14
255 255 27 14
255 249 29 14
255 254 35 14
255 240 39 14
255 250 41 14
255 240 43 14
255 255 43 14
255 254 45 14
255 255 45 14
255 240 46 14
255 255 46 14
255 241 47 14
255 255 47 14
255 240 49 14
255 255 50 14
255 254 51 14
255 255 51 14
255 255 52 14
255 255 53 14
255 230 54 14
255 254 56 14
255 255 56 14
255 251 58 14
83 59 10 15
83 84 10 15
83 68 11 15
83 93 12 15
83 56 14 15
83 97 15 15
83 90 16 15
83 82 17 15
83 84 19 15
83 64 20 15
83 111 24 15
83 86 25 15
83 59 26 15
83 90 36 15
83 92 52 15
251 240 19 15
251 241 25 15
251 255 26 15
251 249 28 15
251 254 34 15
251 240 38 15
251 250 40 15
251 240 42 15
251 255 42 15
251 254 44 15
251 255 44 15
251 240 45 15
251 255 45 15
251 241 46 15
251 255 46 15
251 240 48 15
251 222 49 15
251 255 49 15
251 254 50 15
251 255 50 15
251 255 51 15
251 255 52 15
251 230 53 15
251 254 55 15
251 255 55 15
251 251 57 15
251 238 59 15
251 255 59 15
18 28 11 16
18 5 12 16
18 29 12 16
18 21 15 16
18 46 15 16
18 18 16 16
18 24 17 16
18 27 21 16
18 34 24 16
18 13 25 16
18 26 25 16
18 0 28 16
18 1 28 16
18 9 31 16
18 47 32 16
18 31 33 16
18 32 34 16
18 26 46 16
18 13 50 16
18 21 50 16
18 25 58 16
56 68 10 16
56 28 11 16
56 29 12 16
56 56 13 16
56 46 15 16
56 82 16 16
56 84 18 16
56 64 19 16
56 27 21 16
56 52 22 16
56 34 24 16
56 26 25 16
56 59 25 16
56 47 32 16
56 31 33 16
56 32 34 16
56 26 46 16
79 68 10 16
79 93 11 16
79 56 13 16
79 97 14 16
79 90 15 16
79 82 16 16
79 84 18 16
79 64 19 16
79 52 22 16
79 86 24 16
79 59 25 16
79 90 35 16
79 92 51 16
146 140 10 16
146 157 14 16
146 141 15 16
146 148 16 16
146 122 17 16
146 134 17 16
146 139 19 16
146 153 20 16
146 157 23 16
146 153 25 16
146 175 31 16
146 125 32 16
146 127 32 16
146 118 34 16
146 129 34 16
250 220 10 17
250 240 17 17
250 241 23 17
250 255 24 17
250 249 26 17
250 254 32 17
250 240 36 17
250 250 38 17
250 240 40 17
250 255 40 17
250 254 42 17
250 255 42 17
250 240 43 17
250 255 43 17
250 241 44 17
250 255 44 17
250 240 46 17
250 222 47 17
250 255 47 17
250 254 48 17
250 255 48 17
250 255 49 17
250 255 50 17
250 230 51 17
250 254 53 17
250 255 53 17
250 251 55 17
250 238 57 17
250 255 57 17
250 238 58 17
250 251 59 17
107 97 12 18
107 90 13 18
107 82 14 18
107 122 15 18
107 134 15 18
107 84 16 18
107 111 21 18
107 86 22 18
107 125 30 18
107 127 30 18
107 114 31 18
107 118 32 18
107 129 32 18
107 90 33 18
107 92 49 18
164 157 12 18
164 141 13 18
164 148 14 18
164 134 15 18
164 139 17 18
164 153 18 18
164 157 21 18
164 153 23 18
164 181 26 18
164 175 29 18
164 178 33 18
164 192 40 18
164 192 44 18
80 56 10 19
80 97 11 19
80 90 12 19
80 82 13 19
80 84 15 19
80 64 16 19
80 52 19 19
80 86 21 19
80 59 22 19
80 90 32 19
80 92 48 19
228 211 10 19
228 240 15 19
228 206 19 19
228 241 21 19
228 255 22 19
228 198 23 19
228 249 24 19
228 254 30 19
228 240 34 19
228 250 36 19
228 240 38 19
228 255 38 19
228 254 40 19
228 255 40 19
228 240 41 19
228 255 41 19
228 241 42 19
228 255 42 19
228 240 44 19
228 222 45 19
228 255 45 19
228 254 46 19
228 255 46 19
228 212 47 19
228 255 47 19
228 205 48 19
228 255 48 19
228 230 49 19
228 254 51 19
228 255 51 19
228 251 53 19
228 238 55 19
228 255 55 19
228 238 56 19
228 251 57 19
228 240 58 19
228 243 59 19
228 255 59 19
232 240 14 20
232 206 18 20
232 241 20 20
232 255 21 20
232 249 23 20
232 254 29 20
232 240 33 20
232 250 35 20
232 240 37 20
232 255 37 20
232 254 39 20
232 255 39 20
232 240 40 20
232 255 40 20
232 241 41 20
232 255 41 20
232 240 43 20
232 222 44 20
232 255 44 20
232 254 45 20
232 255 45 20
232 212 46 20
232 255 46 20
232 205 47 20
232 255 47 20
232 230 48 20
232 254 50 20
232 255 50 20
232 251 52 20
232 238 54 20
232 255 54 20
232 238 55 20
232 251 56 20
232 240 57 20
232 243 58 20
232 255 58 20
42 21 10 21
42 46 10 21
42 18 11 21
42 24 12 21
42 64 14 21
42 27 16 21
42 52 17 21
42 34 19 21
42 13 20 21
42 26 20 21
42 59 20 21
42 47 27 21
42 31 28 21
42 32 29 21
42 26 41 21
42 13 45 21
42 21 45 21
42 25 53 21
42 21 57 21
223 240 13 21
223 206 17 21
223 241 19 21
223 198 21 21
223 249 22 21
223 240 32 21
223 250 34 21
223 240 36 21
223 240 39 21
223 241 40 21
223 240 42 21
223 222 43 21
223 212 45 21
223 205 46 21
223 230 47 21
223 251 51 21
223 238 53 21
223 238 54 21
223 251 55 21
223 240 56 21
223 243 57 21
223 193 58 21
223 196 59 21
67 82 10 22
67 84 12 22
67 64 13 22
67 52 16 22
67 86 18 22
67 59 19 22
67 47 26 22
67 90 29 22
67 92 45 22
67 91 58 22
170 148 10 22
170 153 14 22
170 157 17 22
170 153 19 22
170 198 20 22
170 181 22 22
170 175 25 22
170 178 29 22
170 192 36 22
170 192 40 22
170 193 57 22
170 196 58 22
59 84 11 23
59 64 12 23
59 52 15 23
59 34 17 23
59 86 17 23
59 59 18 23
59 47 25 23
59 31 26 23
59 32 27 23
77 84 11 23
77 64 12 23
77 52 15 23
77 86 17 23
77 59 18 23
77 47 25 23
77 90 28 23
77 92 44 23
77 103 56 23
77 91 57 23
244 240 11 23
244 241 17 23
244 255 18 23
244 249 20 23
244 254 26 23
244 240 30 23
244 250 32 23
244 240 34 23
244 255 34 23
244 254 36 23
244 255 36 23
244 240 37 23
244 255 37 23
244 241 38 23
244 255 38 23
244 240 40 23
244 222 41 23
244 255 41 23
244 254 42 23
244 255 42 23
244 255 43 23
244 255 44 23
244 230 45 23
244 254 47 23
244 255 47 23
244 251 49 23
244 238 51 23
244 255 51 23
244 238 52 23
244 251 53 23
244 240 54 23
244 243 55 23
244 255 55 23
244 241 58 23
244 255 58 23
244 251 59 23
64 84 10 24
64 64 11 24
64 52 14 24
64 34 16 24
64 86 16 24
64 59 17 24
64 47 24 24
64 90 27 24
64 92 43 24
64 91 56 24
239 240 10 24
239 241 16 24
239 255 17 24
239 249 19 24
239 254 25 24
239 240 29 24
239 250 31 24
239 240 33 24
239 255 33 24
239 254 35 24
239 255 35 24
239 240 36 24
239 255 36 24
239 241 37 24
239 255 37 24
239 240 39 24
239 222 40 24
239 255 40 24
239 254 41 24
239 255 41 24
239 212 42 24
239 255 42 24
239 255 43 24
239 230 44 24
239 254 46 24
239 255 46 24
239 251 48 24
239 238 50 24
239 255 50 24
239 238 51 24
239 251 52 24
239 240 53 24
239 243 54 24
239 255 54 24
239 241 57 24
239 255 57 24
239 251 58 24
22 27 12 25
22 34 15 25
22 13 16 25
22 26 16 25
22 0 19 25
22 1 19 25
22 9 22 25
22 47 23 25
22 31 24 25
22 32 25 25
22 26 37 25
22 13 41 25
22 21 41 25
22 25 49 25
22 21 53 25
22 18 57 25
59 64 10 25
59 52 13 25
59 34 15 25
59 86 15 25
59 59 16 25
59 47 23 25
59 31 24 25
59 32 25 25
84 64 10 25
84 111 14 25
84 86 15 25
84 59 16 25
84 90 26 25
84 92 42 25
84 103 54 25
84 91 55 25
132 139 10 25
132 153 11 25
132 111 14 25
132 157 14 25
132 153 16 25
132 125 23 25
132 127 23 25
132 114 24 25
132 118 25 25
132 129 25 25
132 103 54 25
68 52 12 26
68 86 14 26
68 59 15 26
68 47 22 26
68 90 25 26
68 92 41 26
68 91 54 26
140 153 10 26
140 111 13 26
140 157 13 26
140 153 15 26
140 125 22 26
140 127 22 26
140 114 23 26
140 118 24 26
140 129 24 26
28 27 10 27
28 52 11 27
28 34 13 27
28 13 14 27
28 26 14 27
28 0 17 27
28 1 17 27
28 9 20 27
28 47 21 27
28 31 22 27
28 32 23 27
28 26 35 27
28 13 39 27
28 21 39 27
28 25 47 27
28 21 51 27
28 18 55 27
93 111 12 27
93 86 13 27
93 114 22 27
93 118 23 27
93 90 24 27
93 92 40 27
93 103 52 27
93 91 53 27
220 206 11 27
220 241 13 27
220 198 15 27
220 249 16 27
220 240 26 27
220 240 30 27
220 192 31 27
220 240 33 27
220 241 34 27
220 192 35 27
220 240 36 27
220 222 37 27
220 212 39 27
220 205 40 27
220 230 41 27
220 238 47 27
220 238 48 27
220 240 50 27
220 243 51 27
220 193 52 27
220 196 53 27
220 241 54 27
5 34 12 28
5 13 13 28
5 26 13 28
5 0 16 28
5 1 16 28
5 9 19 28
5 31 21 28
5 32 22 28
5 26 34 28
5 13 38 28
5 21 38 28
5 25 46 28
5 21 50 28
5 18 54 28
5 3 59 28
29 52 10 28
29 34 12 28
29 13 13 28
29 26 13 28
29 0 16 28
29 1 16 28
29 9 19 28
29 47 20 28
29 31 21 28
29 32 22 28
29 26 34 28
29 13 38 28
29 21 38 28
29 25 46 28
29 21 50 28
29 18 54 28
29 3 59 28
209 206 10 28
209 198 14 28
209 181 16 28
209 192 30 28
209 192 34 28
209 222 36 28
209 212 38 28
209 205 39 28
209 230 40 28
209 238 46 28
209 238 47 28
209 193 51 28
209 196 52 28
209 189 57 28
209 195 59 28
56 34 11 29
56 26 12 29
56 59 12 29
56 47 19 29
56 31 20 29
56 32 21 29
56 26 33 29
211 198 13 29
211 181 15 29
211 240 24 29
211 240 28 29
211 192 29 29
211 240 31 29
211 192 33 29
211 240 34 29
211 222 35 29
211 212 37 29
211 205 38 29
211 230 39 29
211 238 45 29
211 238 46 29
211 240 48 29
211 193 50 29
211 196 51 29
211 189 56 29
211 195 58 29
97 86 10 30
97 125 18 30
97 114 19 30
97 118 20 30
97 90 21 30
97 92 37 30
97 103 49 30
97 91 50 30
157 153 11 30
157 181 14 30
157 175 17 30
157 127 18 30
157 129 20 30
157 178 21 30
157 154 59 30
21 13 10 31
21 26 10 31
21 0 13 31
21 1 13 31
21 9 16 31
21 47 17 31
21 31 18 31
21 32 19 31
21 26 31 31
21 13 35 31
21 21 35 31
21 25 43 31
21 21 47 31
21 18 51 31
21 3 56 31
46 26 10 31
46 59 10 31
46 47 17 31
46 31 18 31
46 32 19 31
46 26 31 31
46 21 35 31
46 25 43 31
46 21 47 31
46 18 51 31
90 114 18 31
90 118 19 31
90 90 20 31
90 92 36 31
90 103 48 31
90 91 49 31
141 153 10 31
141 125 17 31
141 127 17 31
141 114 18 31
141 118 19 31
141 129 19 31
141 154 58 31
18 0 12 32
18 1 12 32
18 9 15 32
18 47 16 32
18 31 17 32
18 32 18 32
18 26 30 32
18 13 34 32
18 21 34 32
18 25 42 32
18 21 46 32
18 18 50 32
18 3 55 32
82 90 19 32
82 92 35 32
82 103 47 32
82 91 48 32
82 106 59 32
148 175 15 32
148 125 16 32
148 127 16 32
148 118 18 32
148 129 18 32
148 154 57 32
24 0 11 33
24 1 11 33
24 9 14 33
24 47 15 33
24 31 16 33
24 32 17 33
24 26 29 33
24 13 33 33
24 21 33 33
24 25 41 33
24 21 45 33
24 18 49 33
24 3 54 33
122 125 15 33
122 127 15 33
122 114 16 33
122 118 17 33
122 129 17 33
122 92 34 33
122 103 46 33
122 106 58 33
134 125 15 33
134 127 15 33
134 114 16 33
134 118 17 33
134 129 17 33
134 154 56 33
134 106 58 33
84 90 17 34
84 92 33 34
84 103 45 34
84 91 46 34
84 106 57 34
240 254 15 34
240 240 19 34
240 250 21 34
240 240 23 34
240 255 23 34
240 254 25 34
240 255 25 34
240 240 26 34
240 255 26 34
240 241 27 34
240 255 27 34
240 240 29 34
240 222 30 34
240 255 30 34
240 254 31 34
240 255 31 34
240 212 32 34
240 255 32 34
240 255 33 34
240 230 34 34
240 254 36 34
240 255 36 34
240 251 38 34
240 238 40 34
240 255 40 34
240 238 41 34
240 251 42 34
240 240 43 34
240 243 44 34
240 255 44 34
240 241 47 34
240 255 47 34
240 251 48 34
240 255 53 34
240 255 56 34
64 47 13 35
64 90 16 35
64 92 32 35
64 91 45 35
139 125 13 35
139 127 13 35
139 114 14 35
139 118 15 35
139 129 15 35
139 154 54 35
153 175 11 36
153 125 12 36
153 127 12 36
153 129 14 36
153 178 15 36
153 154 53 36
27 9 10 37
27 47 11 37
27 31 12 37
27 32 13 37
27 26 25 37
27 13 29 37
27 21 29 37
27 25 37 37
27 21 41 37
27 18 45 37
27 3 50 37
52 47 10 38
52 31 11 38
52 32 12 38
52 26 24 38
52 25 36 38
206 178 13 38
206 192 20 38
206 192 24 38
206 222 26 38
206 212 28 38
206 205 29 38
206 230 30 38
206 193 41 38
206 196 42 38
206 189 47 38
206 195 49 38
206 206 52 38
206 205 53 38
111 114 10 39
111 118 11 39
111 129 11 39
111 90 12 39
111 92 28 39
111 103 40 39
111 91 41 39
111 106 52 39
157 129 11 39
157 178 12 39
157 154 50 39
34 32 10 40
34 26 22 40
34 13 26 40
34 21 26 40
34 25 34 40
34 21 38 40
34 18 42 40
86 90 11 40
86 92 27 40
86 103 39 40
86 91 40 40
86 106 51 40
241 240 13 40
241 250 15 40
241 240 17 40
241 255 17 40
241 254 19 40
241 255 19 40
241 240 20 40
241 255 20 40
241 241 21 40
241 255 21 40
241 240 23 40
241 222 24 40
241 255 24 40
241 254 25 40
241 255 25 40
241 212 26 40
241 255 26 40
241 255 27 40
241 230 28 40
241 254 30 40
241 255 30 40
241 251 32 40
241 238 34 40
241 255 34 40
241 238 35 40
241 251 36 40
241 240 37 40
241 243 38 40
241 255 38 40
241 241 41 40
241 255 41 40
241 251 42 40
241 255 47 40
241 255 50 40
13 26 21 41
13 13 25 41
13 21 25 41
13 25 33 41
13 21 37 41
13 18 41 41
13 3 46 41
26 26 21 41
26 13 25 41
26 21 25 41
26 25 33 41
26 21 37 41
26 18 41 41
26 3 46 41
153 178 10 41
153 154 48 41
255 240 12 41
255 250 14 41
255 240 16 41
255 255 16 41
255 254 18 41
255 255 18 41
255 240 19 41
255 255 19 41
255 241 20 41
255 255 20 41
255 240 22 41
255 255 23 41
255 254 24 41
255 255 24 41
255 255 25 41
255 255 26 41
255 230 27 41
255 254 29 41
255 255 29 41
255 251 31 41
255 238 33 41
255 255 33 41
255 238 34 41
255 251 35 41
255 240 36 41
255 243 37 41
255 255 37 41
255 241 40 41
255 255 40 41
255 251 41 41
255 255 46 41
255 255 49 41
198 192 16 42
198 192 20 42
198 222 22 42
198 212 24 42
198 205 25 42
198 193 37 42
198 196 38 42
198 189 43 42
198 195 45 42
198 206 48 42
198 205 49 42
249 240 10 43
249 250 12 43
249 240 14 43
249 255 14 43
249 254 16 43
249 255 16 43
249 240 17 43
249 255 17 43
249 241 18 43
249 255 18 43
249 240 20 43
249 222 21 43
249 255 21 43
249 254 22 43
249 255 22 43
249 255 23 43
249 255 24 43
249 230 25 43
249 254 27 43
249 255 27 43
249 251 29 43
249 238 31 43
249 255 31 43
249 238 32 43
249 251 33 43
249 240 34 43
249 243 35 43
249 255 35 43
249 241 38 43
249 255 38 43
249 251 39 43
249 255 44 43
249 255 47 43
0 26 18 44
0 13 22 44
0 21 22 44
0 25 30 44
0 21 34 44
0 18 38 44
0 3 43 44
1 26 18 44
1 13 22 44
1 21 22 44
1 25 30 44
1 21 34 44
1 18 38 44
1 3 43 44
181 192 14 44
181 192 18 44
181 205 23 44
181 193 35 44
181 196 36 44
181 189 41 44
181 195 43 44
181 154 45 44
181 206 46 44
181 205 47 44
9 26 15 47
9 13 19 47
9 21 19 47
9 25 27 47
9 21 31 47
9 18 35 47
9 3 40 47
175 192 11 47
175 192 15 47
175 193 32 47
175 196 33 47
175 189 38 47
175 195 40 47
175 154 42 47
47 26 14 48
47 21 18 48
47 25 26 48
47 21 30 48
47 18 34 48
125 103 31 48
125 154 41 48
125 106 43 48
127 103 31 48
127 154 41 48
127 106 43 48
31 26 13 49
31 13 17 49
31 21 17 49
31 25 25 49
31 21 29 49
31 18 33 49
31 3 38 49
114 92 18 49
114 103 30 49
114 91 31 49
114 106 42 49
254 254 10 49
254 255 10 49
254 240 11 49
254 255 11 49
254 241 12 49
254 255 12 49
254 240 14 49
254 255 15 49
254 254 16 49
254 255 16 49
254 255 17 49
254 255 18 49
254 230 19 49
254 254 21 49
254 255 21 49
254 251 23 49
254 238 25 49
254 255 25 49
254 238 26 49
254 251 27 49
254 240 28 49
254 243 29 49
254 255 29 49
254 241 32 49
254 255 32 49
254 251 33 49
254 255 38 49
254 255 41 49
32 26 12 50
32 13 16 50
32 21 16 50
32 25 24 50
32 21 28 50
32 18 32 50
32 3 37 50
118 92 17 50
118 103 29 50
118 91 30 50
118 106 41 50
129 103 29 50
129 154 39 50
129 106 41 50
90 92 16 51
90 103 28 51
90 91 29 51
90 106 40 51
178 192 11 51
178 205 16 51
178 193 28 51
178 196 29 51
178 189 34 51
178 195 36 51
178 154 38 51
178 206 39 51
178 205 40 51
240 240 10 53
240 222 11 53
240 255 11 53
240 254 12 53
240 255 12 53
240 212 13 53
240 255 13 53
240 255 14 53
240 230 15 53
240 254 17 53
240 255 17 53
240 251 19 53
240 238 21 53
240 255 21 53
240 238 22 53
240 251 23 53
240 240 24 53
240 243 25 53
240 255 25 53
240 241 28 53
240 255 28 53
240 251 29 53
240 255 34 53
240 255 37 53
250 254 10 55
250 255 10 55
250 255 11 55
250 255 12 55
250 230 13 55
250 254 15 55
250 255 15 55
250 251 17 55
250 238 19 55
250 255 19 55
250 238 20 55
250 251 21 55
250 240 22 55
250 243 23 55
250 255 23 55
250 241 26 55
250 255 26 55
250 251 27 55
250 255 32 55
250 255 35 55
240 255 10 57
240 230 11 57
240 254 13 57
240 255 13 57
240 251 15 57
240 238 17 57
240 255 17 57
240 238 18 57
240 251 19 57
240 240 20 57
240 243 21 57
240 255 21 57
240 241 24 57
240 255 24 57
240 251 25 57
240 255 30 57
240 255 33 57
255 255 10 57
255 230 11 57
255 254 13 57
255 255 13 57
255 251 15 57
255 238 17 57
255 255 17 57
255 238 18 57
255 251 19 57
255 240 20 57
255 243 21 57
255 255 21 57
255 241 24 57
255 255 24 57
255 251 25 57
255 255 30 57
255 255 33 57
192 193 21 58
192 196 22 58
192 189 27 58
192 195 29 58
192 206 32 58
192 205 33 58
254 254 11 59
254 255 11 59
254 251 13 59
254 238 15 59
254 255 15 59
254 238 16 59
254 251 17 59
254 240 18 59
254 243 19 59
254 255 19 59
254 241 22 59
254 255 22 59
254 251 23 59
254 255 28 59
254 255 31 59
255 254 11 59
255 255 11 59
255 251 13 59
255 238 15 59
255 255 15 59
255 238 16 59
255 251 17 59
255 240 18 59
255 243 19 59
255 255 19 59
255 241 22 59
255 255 22 59
255 251 23 59
255 255 28 59
255 255 31 59
240 254 10 60
240 255 10 60
240 251 12 60
240 238 14 60
240 255 14 60
240 238 15 60
240 251 16 60
240 240 17 60
240 243 18 60
240 255 18 60
240 241 21 60
240 255 21 60
240 251 22 60
240 255 27 60
240 255 30 60
255 254 10 60
255 255 10 60
255 251 12 60
255 238 14 60
255 255 14 60
255 238 15 60
255 251 16 60
255 240 17 60
255 243 18 60
255 255 18 60
255 241 21 60
255 255 21 60
255 251 22 60
255 255 27 60
255 255 30 60
241 251 11 61
241 238 13 61
241 255 13 61
241 238 14 61
241 251 15 61
241 240 16 61
241 243 17 61
241 255 17 61
241 241 20 61
241 255 20 61
241 251 21 61
241 255 26 61
241 255 29 61
255 251 11 61
255 238 13 61
255 255 13 61
255 238 14 61
255 251 15 61
255 240 16 61
255 243 17 61
255 255 17 61
255 241 20 61
255 255 20 61
255 251 21 61
255 255 26 61
255 255 29 61
26 25 12 62
26 21 16 62
26 18 20 62
26 3 25 62
192 193 17 62
192 196 18 62
192 189 23 62
192 195 25 62
192 206 28 62
192 205 29 62
240 238 11 63
240 255 11 63
240 238 12 63
240 251 13 63
240 240 14 63
240 243 15 63
240 255 15 63
240 241 18 63
240 255 18 63
240 251 19 63
240 255 24 63
240 255 27 63
222 238 10 64
222 238 11 64
222 251 12 64
222 240 13 64
222 243 14 64
222 193 15 64
222 196 16 64
222 241 17 64
222 251 18 64
222 195 23 64
222 206 26 64
222 205 27 64
255 238 10 64
255 255 10 64
255 238 11 64
255 251 12 64
255 240 13 64
255 243 14 64
255 255 14 64
255 241 17 64
255 255 17 64
255 251 18 64
255 255 23 64
255 255 26 64
254 238 10 65
254 251 11 65
254 240 12 65
254 243 13 65
254 255 13 65
254 241 16 65
254 255 16 65
254 251 17 65
254 255 22 65
254 255 25 65
255 238 10 65
255 251 11 65
255 240 12 65
255 243 13 65
255 255 13 65
255 241 16 65
255 255 16 65
255 251 17 65
255 255 22 65
255 255 25 65
13 21 12 66
13 18 16 66
13 3 21 66
21 21 12 66
21 18 16 66
21 3 21 66
212 240 11 66
212 193 13 66
212 196 14 66
212 241 15 66
212 189 19 66
212 195 21 66
212 206 24 66
212 205 25 66
255 251 10 66
255 240 11 66
255 243 12 66
255 255 12 66
255 241 15 66
255 255 15 66
255 251 16 66
255 255 21 66
255 255 24 66
92 103 12 67
92 91 13 67
92 106 24 67
205 193 12 67
205 196 13 67
205 189 18 67
205 195 20 67
205 206 23 67
205 205 24 67
255 240 10 67
255 243 11 67
255 255 11 67
255 241 14 67
255 255 14 67
255 251 15 67
255 255 20 67
255 255 23 67
230 243 10 68
230 255 10 68
230 241 13 68
230 255 13 68
230 251 14 68
230 255 19 68
230 206 22 68
230 255 22 68
230 205 23 68
254 241 11 70
254 255 11 70
254 251 12 70
254 255 17 70
254 255 20 70
255 241 11 70
255 255 11 70
255 251 12 70
255 255 17 70
255 255 20 70
251 251 10 72
251 255 15 72
251 255 18 72
25 3 13 74
238 255 13 74
238 255 16 74
255 255 13 74
255 255 16 74
238 255 12 75
238 255 15 75
251 255 11 76
251 255 14 76
240 255 10 77
240 255 13 77
243 255 12 78
255 255 12 78
103 106 12 79
193 206 11 79
193 205 12 79
91 106 11 80
196 206 10 80
196 205 11 80
