108 116 5 4
108 102 8 4
108 102 9 4
108 102 10 4
108 112 13 4
108 98 16 4
108 92 18 4
108 110 19 4
108 110 20 4
108 110 21 4
108 125 22 4
108 125 23 4
108 127 23 4
108 101 25 4
108 117 28 4
108 93 30 4
108 104 32 4
108 92 33 4
108 92 36 4
108 94 38 4
108 94 41 4
108 94 42 4
108 126 43 4
108 127 43 4
108 109 44 4
108 125 45 4
108 125 46 4
108 125 47 4
108 92 48 4
108 126 51 4
108 127 51 4
108 125 52 4
108 118 53 4
127 116 5 4
127 112 13 4
127 110 19 4
127 110 20 4
127 110 21 4
127 125 22 4
127 125 23 4
127 127 23 4
127 117 28 4
127 126 43 4
127 127 43 4
127 109 44 4
127 125 45 4
127 125 46 4
127 125 47 4
127 126 51 4
127 127 51 4
127 125 52 4
127 118 53 4
117 102 7 5
117 102 8 5
117 102 9 5
117 112 12 5
117 98 15 5
117 110 18 5
117 110 19 5
117 110 20 5
117 125 21 5
117 125 22 5
117 127 22 5
117 101 24 5
117 117 27 5
117 104 31 5
117 126 42 5
117 127 42 5
117 109 43 5
117 125 44 5
117 125 45 5
117 125 46 5
117 126 50 5
117 127 50 5
117 125 51 5
117 118 52 5
117 121 54 5
116 102 6 6
116 102 7 6
116 102 8 6
116 112 11 6
116 98 14 6
116 110 17 6
116 110 18 6
116 110 19 6
116 125 20 6
116 125 21 6
116 127 21 6
116 101 23 6
116 117 26 6
116 104 30 6
116 126 41 6
116 127 41 6
116 109 42 6
116 125 43 6
116 125 44 6
116 125 45 6
116 126 49 6
116 127 49 6
116 125 50 6
116 118 51 6
116 121 53 6
116 117 54 6
21 7 9 7
21 20 9 7
21 40 10 7
21 12 13 7
21 25 13 7
21 11 14 7
21 16 14 7
21 16 16 7
21 16 17 7
21 6 19 7
21 7 19 7
21 13 21 7
21 21 22 7
21 35 22 7
21 16 23 7
21 16 24 7
21 16 26 7
21 35 26 7
21 25 30 7
21 18 31 7
21 25 32 7
21 21 33 7
21 32 33 7
21 5 34 7
21 14 34 7
21 17 34 7
21 21 36 7
21 29 39 7
21 16 40 7
21 5 41 7
21 13 41 7
21 16 41 7
21 13 42 7
21 16 43 7
21 14 44 7
21 16 44 7
21 21 45 7
21 16 48 7
21 16 49 7
21 13 50 7
21 13 51 7
21 13 52 7
21 16 53 7
50 40 10 7
50 53 11 7
50 67 11 7
50 53 12 7
50 68 12 7
50 35 22 7
50 47 24 7
50 45 25 7
50 35 26 7
50 32 33 7
50 47 36 7
50 47 40 7
50 47 41 7
50 47 42 7
50 41 45 7
50 46 49 7
50 47 50 7
50 46 53 7
50 47 54 7
97 102 5 7
97 102 6 7
97 102 7 7
97 112 10 7
97 98 13 7
97 92 15 7
97 110 16 7
97 110 17 7
97 110 18 7
97 101 22 7
97 83 26 7
97 93 27 7
97 104 29 7
97 92 30 7
97 83 31 7
97 84 32 7
97 92 33 7
97 94 35 7
97 94 38 7
97 94 39 7
97 109 41 7
97 92 45 7
63 53 10 8
63 67 10 8
63 53 11 8
63 68 11 8
63 47 23 8
63 45 24 8
63 47 35 8
63 47 39 8
63 47 40 8
63 47 41 8
63 46 48 8
63 47 49 8
63 46 52 8
63 47 53 8
49 40 8 9
49 53 9 9
49 67 9 9
49 53 10 9
49 68 10 9
49 35 20 9
49 47 22 9
49 45 23 9
49 35 24 9
49 32 31 9
49 47 34 9
49 29 37 9
49 47 38 9
49 47 39 9
49 47 40 9
49 41 43 9
49 46 47 9
49 47 48 9
49 46 51 9
49 47 52 9
116 102 5 9
116 112 8 9
116 98 11 9
116 110 14 9
116 110 15 9
116 110 16 9
116 125 17 9
116 125 18 9
116 127 18 9
116 101 20 9
116 117 23 9
116 104 27 9
116 126 38 9
116 127 38 9
116 109 39 9
116 125 40 9
116 125 41 9
116 125 42 9
116 126 46 9
116 127 46 9
116 125 47 9
116 118 48 9
116 121 50 9
116 117 51 9
116 124 52 9
116 124 53 9
116 105 54 9
75 67 8 10
75 68 9 10
75 92 12 10
75 83 23 10
75 93 24 10
75 92 27 10
75 83 28 10
75 84 29 10
75 92 30 10
75 94 32 10
75 94 35 10
75 94 36 10
75 92 42 10
75 65 54 10
60 40 6 11
60 53 7 11
60 67 7 11
60 53 8 11
60 68 8 11
60 47 20 11
60 45 21 11
60 47 32 11
60 47 36 11
60 47 37 11
60 47 38 11
60 41 41 11
60 46 45 11
60 47 46 11
60 46 49 11
60 47 50 11
60 45 53 11
60 65 53 11
60 46 54 11
74 67 7 11
74 68 8 11
74 92 11 11
74 83 22 11
74 93 23 11
74 92 26 11
74 83 27 11
74 84 28 11
74 92 29 11
74 92 41 11
74 65 53 11
102 112 5 12
102 98 8 12
102 92 10 12
102 110 11 12
102 110 12 12
102 110 13 12
102 101 17 12
102 117 20 12
102 83 21 12
102 93 22 12
102 104 24 12
102 92 25 12
102 83 26 12
102 84 27 12
102 92 28 12
102 94 30 12
102 94 33 12
102 94 34 12
102 109 36 12
102 92 40 12
102 118 45 12
102 121 47 12
102 117 48 12
102 105 51 12
102 98 7 13
102 92 9 13
102 110 10 13
102 110 11 13
102 110 12 13
102 101 16 13
102 117 19 13
102 83 20 13
102 93 21 13
102 104 23 13
102 92 24 13
102 83 25 13
102 84 26 13
102 92 27 13
102 94 29 13
102 94 32 13
102 94 33 13
102 109 35 13
102 92 39 13
102 118 44 13
102 121 46 13
102 117 47 13
102 105 50 13
102 98 6 14
102 92 8 14
102 110 9 14
102 110 10 14
102 110 11 14
102 101 15 14
102 117 18 14
102 83 19 14
102 93 20 14
102 104 22 14
102 92 23 14
102 83 24 14
102 84 25 14
102 92 26 14
102 94 28 14
102 94 31 14
102 94 32 14
102 109 34 14
102 92 38 14
102 118 43 14
102 121 45 14
102 117 46 14
102 105 49 14
7 11 5 16
7 16 5 16
7 16 7 16
7 0 8 16
7 16 8 16
7 6 10 16
7 7 10 16
7 13 12 16
7 21 13 16
7 16 14 16
7 16 15 16
7 16 17 16
7 25 21 16
7 18 22 16
7 25 23 16
7 21 24 16
7 5 25 16
7 14 25 16
7 17 25 16
7 21 27 16
7 16 31 16
7 5 32 16
7 13 32 16
7 16 32 16
7 13 33 16
7 16 34 16
7 14 35 16
7 16 35 16
7 0 36 16
7 21 36 16
7 0 38 16
7 16 39 16
7 0 40 16
7 16 40 16
7 13 41 16
7 13 42 16
7 13 43 16
7 16 44 16
7 13 46 16
7 16 48 16
7 13 49 16
7 16 49 16
7 0 50 16
7 13 50 16
20 11 5 16
20 16 5 16
20 16 7 16
20 0 8 16
20 16 8 16
20 6 10 16
20 7 10 16
20 13 12 16
20 21 13 16
20 35 13 16
20 16 14 16
20 16 15 16
20 16 17 16
20 35 17 16
20 25 21 16
20 18 22 16
20 25 23 16
20 21 24 16
20 32 24 16
20 5 25 16
20 14 25 16
20 17 25 16
20 21 27 16
20 29 30 16
20 16 31 16
20 5 32 16
20 13 32 16
20 16 32 16
20 13 33 16
20 16 34 16
20 14 35 16
20 16 35 16
20 0 36 16
20 21 36 16
20 0 38 16
20 16 39 16
20 0 40 16
20 16 40 16
20 13 41 16
20 13 42 16
20 13 43 16
20 16 44 16
20 13 46 16
20 16 48 16
20 13 49 16
20 16 49 16
20 0 50 16
20 13 50 16
20 34 51 16
20 34 53 16
40 21 12 17
40 35 12 17
40 47 14 17
40 45 15 17
40 35 16 17
40 25 20 17
40 25 22 17
40 21 23 17
40 32 23 17
40 21 26 17
40 47 26 17
40 29 29 17
40 47 30 17
40 47 31 17
40 47 32 17
40 21 35 17
40 41 35 17
40 46 39 17
40 47 40 17
40 46 43 17
40 47 44 17
40 45 47 17
40 46 48 17
40 34 50 17
40 34 52 17
40 27 54 17
40 33 54 17
112 92 5 17
112 110 6 17
112 110 7 17
112 110 8 17
112 125 9 17
112 125 10 17
112 127 10 17
112 101 12 17
112 117 15 17
112 93 17 17
112 104 19 17
112 92 20 17
112 92 23 17
112 94 25 17
112 94 28 17
112 94 29 17
112 126 30 17
112 127 30 17
112 109 31 17
112 125 32 17
112 125 33 17
112 125 34 17
112 92 35 17
112 126 38 17
112 127 38 17
112 125 39 17
112 118 40 17
112 121 42 17
112 117 43 17
112 124 44 17
112 124 45 17
112 105 46 17
112 127 47 17
112 122 49 17
112 113 53 17
53 35 11 18
53 47 13 18
53 45 14 18
53 35 15 18
53 47 25 18
53 47 29 18
53 47 30 18
53 47 31 18
53 41 34 18
53 46 38 18
53 47 39 18
53 46 42 18
53 47 43 18
53 45 46 18
53 65 46 18
53 46 47 18
53 34 49 18
53 34 51 18
53 33 53 18
53 66 54 18
67 47 13 18
67 83 15 18
67 83 20 18
67 84 21 18
67 47 25 18
67 47 29 18
67 47 30 18
67 47 31 18
67 47 39 18
67 47 43 18
67 65 46 18
67 79 53 18
67 66 54 18
53 35 10 19
53 47 12 19
53 45 13 19
53 35 14 19
53 47 24 19
53 47 28 19
53 47 29 19
53 47 30 19
53 41 33 19
53 46 37 19
53 47 38 19
53 46 41 19
53 47 42 19
53 45 45 19
53 65 45 19
53 46 46 19
53 34 48 19
53 34 50 19
53 33 52 19
53 66 53 19
68 83 14 19
68 83 19 19
68 84 20 19
68 65 45 19
68 79 52 19
68 66 53 19
12 6 6 20
12 7 6 20
12 13 8 20
12 21 9 20
12 16 10 20
12 16 11 20
12 16 13 20
12 25 17 20
12 18 18 20
12 25 19 20
12 21 20 20
12 5 21 20
12 14 21 20
12 17 21 20
12 21 23 20
12 29 26 20
12 16 27 20
12 5 28 20
12 13 28 20
12 16 28 20
12 13 29 20
12 16 30 20
12 14 31 20
12 16 31 20
12 0 32 20
12 21 32 20
12 0 34 20
12 16 35 20
12 0 36 20
12 16 36 20
12 13 37 20
12 13 38 20
12 13 39 20
12 16 40 20
12 13 42 20
12 16 44 20
12 13 45 20
12 16 45 20
12 0 46 20
12 13 46 20
12 27 51 20
12 14 52 20
12 23 52 20
12 31 52 20
12 22 53 20
12 24 54 20
25 6 6 20
25 7 6 20
25 13 8 20
25 21 9 20
25 35 9 20
25 16 10 20
25 16 11 20
25 16 13 20
25 35 13 20
25 25 17 20
25 18 18 20
25 25 19 20
25 21 20 20
25 32 20 20
25 5 21 20
25 14 21 20
25 17 21 20
25 21 23 20
25 29 26 20
25 16 27 20
25 5 28 20
25 13 28 20
25 16 28 20
25 13 29 20
25 16 30 20
25 14 31 20
25 16 31 20
25 21 32 20
25 41 32 20
25 16 35 20
25 16 36 20
25 13 37 20
25 13 38 20
25 13 39 20
25 16 40 20
25 13 42 20
25 16 44 20
25 13 45 20
25 16 45 20
25 13 46 20
25 34 47 20
25 34 49 20
25 27 51 20
25 33 51 20
25 14 52 20
25 23 52 20
25 31 52 20
25 22 53 20
25 24 54 20
98 110 5 20
98 101 9 20
98 117 12 20
98 83 13 20
98 93 14 20
98 104 16 20
98 92 17 20
98 83 18 20
98 84 19 20
98 92 20 20
98 94 22 20
98 94 25 20
98 94 26 20
98 109 28 20
98 92 32 20
98 117 40 20
98 105 43 20
98 113 50 20
98 79 51 20
11 6 5 21
11 7 5 21
11 13 7 21
11 21 8 21
11 16 9 21
11 16 10 21
11 16 12 21
11 25 16 21
11 18 17 21
11 25 18 21
11 21 19 21
11 5 20 21
11 14 20 21
11 17 20 21
11 21 22 21
11 29 25 21
11 16 26 21
11 5 27 21
11 13 27 21
11 16 27 21
11 13 28 21
11 16 29 21
11 14 30 21
11 16 30 21
11 0 31 21
11 21 31 21
11 0 33 21
11 16 34 21
11 0 35 21
11 16 35 21
11 13 36 21
11 13 37 21
11 13 38 21
11 16 39 21
11 13 41 21
11 16 43 21
11 13 44 21
11 16 44 21
11 0 45 21
11 13 45 21
11 27 50 21
11 14 51 21
11 23 51 21
11 22 52 21
11 24 53 21
16 6 5 21
16 7 5 21
16 13 7 21
16 21 8 21
16 35 8 21
16 16 9 21
16 16 10 21
16 16 12 21
16 35 12 21
16 25 16 21
16 18 17 21
16 25 18 21
16 21 19 21
16 32 19 21
16 5 20 21
16 14 20 21
16 17 20 21
16 21 22 21
16 29 25 21
16 16 26 21
16 5 27 21
16 13 27 21
16 16 27 21
16 13 28 21
16 16 29 21
16 14 30 21
16 16 30 21
16 0 31 21
16 21 31 21
16 0 33 21
16 16 34 21
16 0 35 21
16 16 35 21
16 13 36 21
16 13 37 21
16 13 38 21
16 16 39 21
16 13 41 21
16 16 43 21
16 13 44 21
16 16 44 21
16 0 45 21
16 13 45 21
16 34 46 21
16 34 48 21
16 27 50 21
16 33 50 21
16 14 51 21
16 23 51 21
16 31 51 21
16 22 52 21
16 24 53 21
92 101 7 22
92 83 11 22
92 93 12 22
92 104 14 22
92 92 15 22
92 83 16 22
92 84 17 22
92 92 18 22
92 94 20 22
92 94 23 22
92 94 24 22
92 109 26 22
92 92 30 22
92 105 41 22
92 79 49 22
16 13 5 23
16 21 6 23
16 35 6 23
16 16 7 23
16 16 8 23
16 16 10 23
16 35 10 23
16 25 14 23
16 18 15 23
16 25 16 23
16 21 17 23
16 32 17 23
16 5 18 23
16 14 18 23
16 17 18 23
16 21 20 23
16 29 23 23
16 16 24 23
16 5 25 23
16 13 25 23
16 16 25 23
16 13 26 23
16 16 27 23
16 14 28 23
16 16 28 23
16 0 29 23
16 21 29 23
16 0 31 23
16 16 32 23
16 0 33 23
16 16 33 23
16 13 34 23
16 13 35 23
16 13 36 23
16 16 37 23
16 13 39 23
16 16 41 23
16 13 42 23
16 16 42 23
16 0 43 23
16 13 43 23
16 34 44 23
16 34 46 23
16 27 48 23
16 33 48 23
16 14 49 23
16 23 49 23
16 31 49 23
16 22 50 23
16 24 51 23
16 0 54 23
16 21 54 23
110 101 6 23
110 117 9 23
110 93 11 23
110 104 13 23
110 92 14 23
110 92 17 23
110 94 19 23
110 94 22 23
110 94 23 23
110 126 24 23
110 127 24 23
110 109 25 23
110 125 26 23
110 125 27 23
110 125 28 23
110 92 29 23
110 126 32 23
110 127 32 23
110 125 33 23
110 118 34 23
110 121 36 23
110 117 37 23
110 124 38 23
110 124 39 23
110 105 40 23
110 127 41 23
110 122 43 23
110 113 47 23
110 113 53 23
0 16 6 24
0 16 7 24
0 16 9 24
0 18 14 24
0 5 17 24
0 14 17 24
0 17 17 24
0 16 23 24
0 5 24 24
0 13 24 24
0 16 24 24
0 13 25 24
0 16 26 24
0 14 27 24
0 16 27 24
0 0 28 24
0 0 30 24
0 16 31 24
0 0 32 24
0 16 32 24
0 13 33 24
0 13 34 24
0 13 35 24
0 16 36 24
0 13 38 24
0 16 40 24
0 13 41 24
0 16 41 24
0 0 42 24
0 13 42 24
0 14 48 24
0 0 53 24
16 21 5 24
16 35 5 24
16 16 6 24
16 16 7 24
16 16 9 24
16 35 9 24
16 25 13 24
16 18 14 24
16 25 15 24
16 21 16 24
16 32 16 24
16 5 17 24
16 14 17 24
16 17 17 24
16 21 19 24
16 29 22 24
16 16 23 24
16 5 24 24
16 13 24 24
16 16 24 24
16 13 25 24
16 16 26 24
16 14 27 24
16 16 27 24
16 0 28 24
16 21 28 24
16 0 30 24
16 16 31 24
16 0 32 24
16 16 32 24
16 13 33 24
16 13 34 24
16 13 35 24
16 16 36 24
16 13 38 24
16 16 40 24
16 13 41 24
16 16 41 24
16 0 42 24
16 13 42 24
16 34 43 24
16 34 45 24
16 27 47 24
16 33 47 24
16 14 48 24
16 23 48 24
16 31 48 24
16 22 49 24
16 24 50 24
16 0 53 24
16 21 53 24
110 101 5 24
110 117 8 24
110 93 10 24
110 104 12 24
110 92 13 24
110 92 16 24
110 94 18 24
110 94 21 24
110 94 22 24
110 126 23 24
110 127 23 24
110 109 24 24
110 125 25 24
110 125 26 24
110 125 27 24
110 92 28 24
110 126 31 24
110 127 31 24
110 125 32 24
110 118 33 24
110 121 35 24
110 117 36 24
110 124 37 24
110 124 38 24
110 105 39 24
110 127 40 24
110 122 42 24
110 113 46 24
110 113 52 24
110 94 54 24
110 117 7 25
110 93 9 25
110 104 11 25
110 92 12 25
110 92 15 25
110 94 17 25
110 94 20 25
110 94 21 25
110 126 22 25
110 127 22 25
110 109 23 25
110 125 24 25
110 125 25 25
110 125 26 25
110 92 27 25
110 126 30 25
110 127 30 25
110 125 31 25
110 118 32 25
110 121 34 25
110 117 35 25
110 124 36 25
110 124 37 25
110 105 38 25
110 127 39 25
110 122 41 25
110 113 45 25
110 113 51 25
110 94 53 25
110 105 54 25
6 16 5 26
6 16 7 26
6 25 11 26
6 18 12 26
6 25 13 26
6 21 14 26
6 5 15 26
6 14 15 26
6 17 15 26
6 21 17 26
6 16 21 26
6 5 22 26
6 13 22 26
6 16 22 26
6 13 23 26
6 16 24 26
6 14 25 26
6 16 25 26
6 0 26 26
6 21 26 26
6 0 28 26
6 16 29 26
6 0 30 26
6 16 30 26
6 13 31 26
6 13 32 26
6 13 33 26
6 16 34 26
6 13 36 26
6 16 38 26
6 13 39 26
6 16 39 26
6 0 40 26
6 13 40 26
6 14 46 26
6 23 46 26
6 22 47 26
6 24 48 26
6 0 51 26
6 21 51 26
7 16 5 26
7 16 7 26
7 25 11 26
7 18 12 26
7 25 13 26
7 21 14 26
7 5 15 26
7 14 15 26
7 17 15 26
7 21 17 26
7 16 21 26
7 5 22 26
7 13 22 26
7 16 22 26
7 13 23 26
7 16 24 26
7 14 25 26
7 16 25 26
7 0 26 26
7 21 26 26
7 0 28 26
7 16 29 26
7 0 30 26
7 16 30 26
7 13 31 26
7 13 32 26
7 13 33 26
7 16 34 26
7 13 36 26
7 16 38 26
7 13 39 26
7 16 39 26
7 0 40 26
7 13 40 26
7 14 46 26
7 23 46 26
7 22 47 26
7 24 48 26
7 0 51 26
7 21 51 26
125 117 6 26
125 126 21 26
125 127 21 26
125 109 22 26
125 125 23 26
125 125 24 26
125 125 25 26
125 126 29 26
125 127 29 26
125 125 30 26
125 118 31 26
125 121 33 26
125 117 34 26
125 124 35 26
125 124 36 26
125 105 37 26
125 127 38 26
125 122 40 26
125 113 44 26
125 113 50 26
125 105 53 26
125 117 5 27
125 126 20 27
125 127 20 27
125 109 21 27
125 125 22 27
125 125 23 27
125 125 24 27
125 126 28 27
125 127 28 27
125 125 29 27
125 118 30 27
125 121 32 27
125 117 33 27
125 124 34 27
125 124 35 27
125 105 36 27
125 127 37 27
125 122 39 27
125 113 43 27
125 113 49 27
125 105 52 27
125 127 54 27
127 117 5 27
127 126 20 27
127 127 20 27
127 109 21 27
127 125 22 27
127 125 23 27
127 125 24 27
127 126 28 27
127 127 28 27
127 125 29 27
127 118 30 27
127 121 32 27
127 117 33 27
127 124 34 27
127 124 35 27
127 127 37 27
127 122 39 27
127 113 43 27
127 113 49 27
127 127 54 27
13 16 5 28
13 25 9 28
13 18 10 28
13 25 11 28
13 21 12 28
13 32 12 28
13 5 13 28
13 14 13 28
13 17 13 28
13 21 15 28
13 29 18 28
13 16 19 28
13 5 20 28
13 13 20 28
13 16 20 28
13 13 21 28
13 16 22 28
13 14 23 28
13 16 23 28
13 0 24 28
13 21 24 28
13 0 26 28
13 16 27 28
13 0 28 28
13 16 28 28
13 13 29 28
13 13 30 28
13 13 31 28
13 16 32 28
13 13 34 28
13 16 36 28
13 13 37 28
13 16 37 28
13 0 38 28
13 13 38 28
13 27 43 28
13 14 44 28
13 23 44 28
13 31 44 28
13 22 45 28
13 24 46 28
13 0 49 28
13 21 49 28
13 21 53 28
21 25 8 29
21 18 9 29
21 25 10 29
21 21 11 29
21 32 11 29
21 5 12 29
21 14 12 29
21 17 12 29
21 21 14 29
21 29 17 29
21 16 18 29
21 5 19 29
21 13 19 29
21 16 19 29
21 13 20 29
21 16 21 29
21 14 22 29
21 16 22 29
21 21 23 29
21 16 26 29
21 16 27 29
21 13 28 29
21 13 29 29
21 13 30 29
21 16 31 29
21 13 33 29
21 16 35 29
21 13 36 29
21 16 36 29
21 13 37 29
21 34 38 29
21 34 40 29
21 27 42 29
21 33 42 29
21 14 43 29
21 23 43 29
21 31 43 29
21 22 44 29
21 24 45 29
21 21 48 29
21 36 48 29
21 21 52 29
21 35 54 29
35 25 8 29
35 18 9 29
35 25 10 29
35 21 11 29
35 32 11 29
35 17 12 29
35 21 14 29
35 47 14 29
35 29 17 29
35 16 18 29
35 47 18 29
35 16 19 29
35 47 19 29
35 47 20 29
35 16 21 29
35 16 22 29
35 21 23 29
35 41 23 29
35 16 26 29
35 16 27 29
35 46 27 29
35 47 28 29
35 16 31 29
35 46 31 29
35 47 32 29
35 16 35 29
35 45 35 29
35 16 36 29
35 46 36 29
35 34 38 29
35 34 40 29
35 27 42 29
35 33 42 29
35 23 43 29
35 31 43 29
35 22 44 29
35 24 45 29
35 47 45 29
35 48 46 29
35 47 47 29
35 21 48 29
35 36 48 29
35 21 52 29
35 51 52 29
35 54 53 29
35 35 54 29
101 93 5 29
101 104 7 29
101 92 8 29
101 83 9 29
101 84 10 29
101 92 11 29
101 94 13 29
101 94 16 29
101 94 17 29
101 109 19 29
101 92 23 29
101 118 28 29
101 117 31 29
101 105 34 29
101 113 41 29
101 113 47 29
101 94 49 29
101 105 50 29
16 25 7 30
16 18 8 30
16 25 9 30
16 21 10 30
16 32 10 30
16 5 11 30
16 14 11 30
16 17 11 30
16 21 13 30
16 29 16 30
16 16 17 30
16 5 18 30
16 13 18 30
16 16 18 30
16 13 19 30
16 16 20 30
16 14 21 30
16 16 21 30
16 0 22 30
16 21 22 30
16 0 24 30
16 16 25 30
16 0 26 30
16 16 26 30
16 13 27 30
16 13 28 30
16 13 29 30
16 16 30 30
16 13 32 30
16 16 34 30
16 13 35 30
16 16 35 30
16 0 36 30
16 13 36 30
16 34 37 30
16 34 39 30
16 27 41 30
16 33 41 30
16 14 42 30
16 23 42 30
16 31 42 30
16 22 43 30
16 24 44 30
16 0 47 30
16 21 47 30
16 21 51 30
16 35 53 30
16 25 6 31
16 18 7 31
16 25 8 31
16 21 9 31
16 32 9 31
16 5 10 31
16 14 10 31
16 17 10 31
16 21 12 31
16 29 15 31
16 16 16 31
16 5 17 31
16 13 17 31
16 16 17 31
16 13 18 31
16 16 19 31
16 14 20 31
16 16 20 31
16 0 21 31
16 21 21 31
16 0 23 31
16 16 24 31
16 0 25 31
16 16 25 31
16 13 26 31
16 13 27 31
16 13 28 31
16 16 29 31
16 13 31 31
16 16 33 31
16 13 34 31
16 16 34 31
16 0 35 31
16 13 35 31
16 34 36 31
16 34 38 31
16 27 40 31
16 33 40 31
16 14 41 31
16 23 41 31
16 31 41 31
16 22 42 31
16 24 43 31
16 0 46 31
16 21 46 31
16 21 50 31
16 35 52 31
47 32 9 31
47 47 12 31
47 29 15 31
47 47 16 31
47 47 17 31
47 47 18 31
47 41 21 31
47 46 25 31
47 47 26 31
47 46 29 31
47 47 30 31
47 45 33 31
47 65 33 31
47 46 34 31
47 34 36 31
47 34 38 31
47 27 40 31
47 33 40 31
47 31 41 31
47 66 41 31
47 47 43 31
47 48 44 31
47 47 45 31
47 36 46 31
47 64 46 31
47 51 50 31
47 54 51 31
47 35 52 31
45 25 5 32
45 25 7 32
45 32 8 32
45 47 11 32
45 29 14 32
45 47 15 32
45 47 16 32
45 47 17 32
45 41 20 32
45 46 24 32
45 47 25 32
45 46 28 32
45 47 29 32
45 45 32 32
45 46 33 32
45 34 35 32
45 34 37 32
45 27 39 32
45 33 39 32
45 31 40 32
45 47 42 32
45 48 43 32
45 47 44 32
45 36 45 32
45 64 45 32
45 51 49 32
45 54 50 32
45 35 51 32
117 126 15 32
117 127 15 32
117 109 16 32
117 125 17 32
117 125 18 32
117 125 19 32
117 126 23 32
117 127 23 32
117 125 24 32
117 118 25 32
117 121 27 32
117 117 28 32
117 124 29 32
117 124 30 32
117 105 31 32
117 127 32 32
117 122 34 32
117 113 38 32
117 113 44 32
117 105 47 32
117 127 49 32
117 120 52 32
16 18 5 33
16 25 6 33
16 21 7 33
16 32 7 33
16 5 8 33
16 14 8 33
16 17 8 33
16 21 10 33
16 29 13 33
16 16 14 33
16 5 15 33
16 13 15 33
16 16 15 33
16 13 16 33
16 16 17 33
16 14 18 33
16 16 18 33
16 0 19 33
16 21 19 33
16 0 21 33
16 16 22 33
16 0 23 33
16 16 23 33
16 13 24 33
16 13 25 33
16 13 26 33
16 16 27 33
16 13 29 33
16 16 31 33
16 13 32 33
16 16 32 33
16 0 33 33
16 13 33 33
16 34 34 33
16 34 36 33
16 27 38 33
16 33 38 33
16 14 39 33
16 23 39 33
16 31 39 33
16 22 40 33
16 24 41 33
16 0 44 33
16 21 44 33
16 21 48 33
16 35 50 33
35 18 5 33
35 25 6 33
35 21 7 33
35 32 7 33
35 17 8 33
35 21 10 33
35 47 10 33
35 29 13 33
35 16 14 33
35 47 14 33
35 16 15 33
35 47 15 33
35 47 16 33
35 16 17 33
35 16 18 33
35 21 19 33
35 41 19 33
35 16 22 33
35 16 23 33
35 46 23 33
35 47 24 33
35 16 27 33
35 46 27 33
35 47 28 33
35 16 31 33
35 45 31 33
35 16 32 33
35 46 32 33
35 34 34 33
35 34 36 33
35 27 38 33
35 33 38 33
35 23 39 33
35 31 39 33
35 22 40 33
35 24 41 33
35 47 41 33
35 48 42 33
35 47 43 33
35 21 44 33
35 36 44 33
35 21 48 33
35 51 48 33
35 54 49 33
35 35 50 33
83 83 5 33
83 84 6 33
83 92 7 33
83 94 9 33
83 94 12 33
83 94 13 33
83 92 19 33
83 65 31 33
83 79 38 33
83 66 39 33
83 64 44 33
83 94 45 33
83 69 48 33
83 72 49 33
83 68 50 33
83 94 54 33
93 84 5 34
93 92 6 34
93 94 8 34
93 94 11 34
93 94 12 34
93 109 14 34
93 92 18 34
93 105 29 34
93 79 37 34
93 94 44 34
93 105 45 34
93 94 53 34
104 94 6 36
104 94 9 36
104 94 10 36
104 109 12 36
104 92 16 36
104 118 21 36
104 121 23 36
104 117 24 36
104 105 27 36
104 122 30 36
104 113 34 36
104 113 40 36
104 94 42 36
104 105 43 36
104 120 48 36
104 94 51 36
25 21 6 37
25 29 9 37
25 16 10 37
25 5 11 37
25 13 11 37
25 16 11 37
25 13 12 37
25 16 13 37
25 14 14 37
25 16 14 37
25 21 15 37
25 41 15 37
25 16 18 37
25 16 19 37
25 13 20 37
25 13 21 37
25 13 22 37
25 16 23 37
25 13 25 37
25 16 27 37
25 13 28 37
25 16 28 37
25 13 29 37
25 34 30 37
25 34 32 37
25 27 34 37
25 33 34 37
25 14 35 37
25 23 35 37
25 31 35 37
25 22 36 37
25 24 37 37
25 21 40 37
25 36 40 37
25 21 44 37
25 35 46 37
25 18 53 37
92 94 5 37
92 94 8 37
92 94 9 37
92 109 11 37
92 92 15 37
92 105 26 37
92 79 34 37
92 94 41 37
92 105 42 37
92 72 45 37
92 94 50 37
92 76 52 37
18 21 5 38
18 29 8 38
18 16 9 38
18 5 10 38
18 13 10 38
18 16 10 38
18 13 11 38
18 16 12 38
18 14 13 38
18 16 13 38
18 0 14 38
18 21 14 38
18 0 16 38
18 16 17 38
18 0 18 38
18 16 18 38
18 13 19 38
18 13 20 38
18 13 21 38
18 16 22 38
18 13 24 38
18 16 26 38
18 13 27 38
18 16 27 38
18 0 28 38
18 13 28 38
18 34 29 38
18 34 31 38
18 27 33 38
18 33 33 38
18 14 34 38
18 23 34 38
18 31 34 38
18 22 35 38
18 24 36 38
18 0 39 38
18 21 39 38
18 36 39 38
18 21 43 38
18 35 45 38
18 18 52 38
83 94 7 38
83 94 8 38
83 92 14 38
83 65 26 38
83 79 33 38
83 66 34 38
83 64 39 38
83 94 40 38
83 69 43 38
83 72 44 38
83 68 45 38
83 94 49 38
83 65 50 38
83 76 51 38
83 70 52 38
83 70 53 38
83 71 54 38
25 29 7 39
25 16 8 39
25 5 9 39
25 13 9 39
25 16 9 39
25 13 10 39
25 16 11 39
25 14 12 39
25 16 12 39
25 21 13 39
25 41 13 39
25 16 16 39
25 16 17 39
25 13 18 39
25 13 19 39
25 13 20 39
25 16 21 39
25 13 23 39
25 16 25 39
25 13 26 39
25 16 26 39
25 13 27 39
25 34 28 39
25 34 30 39
25 27 32 39
25 33 32 39
25 14 33 39
25 23 33 39
25 31 33 39
25 22 34 39
25 24 35 39
25 21 38 39
25 36 38 39
25 21 42 39
25 35 44 39
25 18 51 39
84 94 6 39
84 94 7 39
84 92 13 39
84 65 25 39
84 79 32 39
84 66 33 39
84 64 38 39
84 94 39 39
84 69 42 39
84 72 43 39
84 68 44 39
84 94 48 39
84 65 49 39
84 76 50 39
84 70 51 39
84 70 52 39
84 71 53 39
21 29 6 40
21 16 7 40
21 5 8 40
21 13 8 40
21 16 8 40
21 13 9 40
21 16 10 40
21 14 11 40
21 16 11 40
21 21 12 40
21 16 15 40
21 16 16 40
21 13 17 40
21 13 18 40
21 13 19 40
21 16 20 40
21 13 22 40
21 16 24 40
21 13 25 40
21 16 25 40
21 13 26 40
21 34 27 40
21 34 29 40
21 27 31 40
21 33 31 40
21 14 32 40
21 23 32 40
21 31 32 40
21 22 33 40
21 24 34 40
21 21 37 40
21 36 37 40
21 21 41 40
21 35 43 40
21 18 50 40
21 39 54 40
32 29 6 40
32 16 7 40
32 47 7 40
32 13 8 40
32 16 8 40
32 47 8 40
32 13 9 40
32 47 9 40
32 16 10 40
32 14 11 40
32 16 11 40
32 21 12 40
32 41 12 40
32 16 15 40
32 16 16 40
32 46 16 40
32 13 17 40
32 47 17 40
32 13 18 40
32 13 19 40
32 16 20 40
32 46 20 40
32 47 21 40
32 13 22 40
32 16 24 40
32 45 24 40
32 13 25 40
32 16 25 40
32 46 25 40
32 13 26 40
32 34 27 40
32 34 29 40
32 27 31 40
32 33 31 40
32 14 32 40
32 23 32 40
32 31 32 40
32 22 33 40
32 24 34 40
32 47 34 40
32 48 35 40
32 47 36 40
32 21 37 40
32 36 37 40
32 21 41 40
32 51 41 40
32 35 43 40
32 18 50 40
32 39 54 40
92 94 5 40
92 94 6 40
92 109 8 40
92 92 12 40
92 105 23 40
92 79 31 40
92 94 38 40
92 105 39 40
92 72 42 40
92 94 47 40
92 76 49 40
92 90 54 40
5 16 6 41
5 5 7 41
5 13 7 41
5 16 7 41
5 13 8 41
5 16 9 41
5 14 10 41
5 16 10 41
5 0 11 41
5 21 11 41
5 0 13 41
5 16 14 41
5 0 15 41
5 16 15 41
5 13 16 41
5 13 17 41
5 13 18 41
5 16 19 41
5 13 21 41
5 16 23 41
5 13 24 41
5 16 24 41
5 0 25 41
5 13 25 41
5 14 31 41
5 23 31 41
5 22 32 41
5 24 33 41
5 0 36 41
5 21 36 41
5 21 40 41
5 18 49 41
5 9 54 41
14 29 5 41
14 16 6 41
14 5 7 41
14 13 7 41
14 16 7 41
14 13 8 41
14 16 9 41
14 14 10 41
14 16 10 41
14 0 11 41
14 21 11 41
14 0 13 41
14 16 14 41
14 0 15 41
14 16 15 41
14 13 16 41
14 13 17 41
14 13 18 41
14 16 19 41
14 13 21 41
14 16 23 41
14 13 24 41
14 16 24 41
14 0 25 41
14 13 25 41
14 27 30 41
14 33 30 41
14 14 31 41
14 23 31 41
14 31 31 41
14 22 32 41
14 24 33 41
14 0 36 41
14 21 36 41
14 21 40 41
14 18 49 41
14 9 54 41
17 29 5 41
17 16 6 41
17 5 7 41
17 13 7 41
17 16 7 41
17 13 8 41
17 16 9 41
17 14 10 41
17 16 10 41
17 0 11 41
17 21 11 41
17 0 13 41
17 16 14 41
17 0 15 41
17 16 15 41
17 13 16 41
17 13 17 41
17 13 18 41
17 16 19 41
17 13 21 41
17 16 23 41
17 13 24 41
17 16 24 41
17 0 25 41
17 13 25 41
17 34 26 41
17 34 28 41
17 27 30 41
17 33 30 41
17 14 31 41
17 23 31 41
17 31 31 41
17 22 32 41
17 24 33 41
17 0 36 41
17 21 36 41
17 36 36 41
17 21 40 41
17 35 42 41
17 18 49 41
17 9 54 41
94 109 6 42
94 92 10 42
94 105 21 42
94 113 28 42
94 79 29 42
94 113 34 42
94 94 36 42
94 105 37 42
94 94 45 42
94 76 47 42
94 90 52 42
94 104 54 42
21 5 5 43
21 13 5 43
21 16 5 43
21 13 6 43
21 16 7 43
21 14 8 43
21 16 8 43
21 21 9 43
21 16 12 43
21 16 13 43
21 13 14 43
21 13 15 43
21 13 16 43
21 16 17 43
21 13 19 43
21 16 21 43
21 13 22 43
21 16 22 43
21 13 23 43
21 34 24 43
21 34 26 43
21 27 28 43
21 33 28 43
21 14 29 43
21 23 29 43
21 31 29 43
21 22 30 43
21 24 31 43
21 21 34 43
21 36 34 43
21 21 38 43
21 35 40 43
21 18 47 43
21 39 51 43
21 9 52 43
47 47 5 43
47 47 6 43
47 41 9 43
47 46 13 43
47 47 14 43
47 46 17 43
47 47 18 43
47 45 21 43
47 65 21 43
47 46 22 43
47 34 24 43
47 34 26 43
47 27 28 43
47 33 28 43
47 31 29 43
47 66 29 43
47 47 31 43
47 48 32 43
47 47 33 43
47 36 34 43
47 64 34 43
47 51 38 43
47 54 39 43
47 35 40 43
47 55 45 43
47 65 45 43
47 58 46 43
47 53 47 43
47 54 50 43
47 39 51 43
47 42 52 43
47 44 53 43
94 92 7 45
94 105 18 45
94 113 25 45
94 79 26 45
94 113 31 45
94 94 33 45
94 105 34 45
94 94 42 45
94 76 44 45
94 90 49 45
94 104 51 45
94 97 52 45
94 96 54 45
29 14 5 46
29 16 5 46
29 21 6 46
29 41 6 46
29 16 9 46
29 16 10 46
29 46 10 46
29 13 11 46
29 47 11 46
29 13 12 46
29 13 13 46
29 16 14 46
29 46 14 46
29 47 15 46
29 13 16 46
29 16 18 46
29 45 18 46
29 13 19 46
29 16 19 46
29 46 19 46
29 13 20 46
29 34 21 46
29 34 23 46
29 27 25 46
29 33 25 46
29 14 26 46
29 23 26 46
29 31 26 46
29 22 27 46
29 24 28 46
29 47 28 46
29 48 29 46
29 47 30 46
29 21 31 46
29 36 31 46
29 21 35 46
29 35 37 46
29 18 44 46
29 39 48 46
29 9 49 46
29 42 49 46
29 44 50 46
29 17 52 46
29 20 53 46
29 13 54 46
29 18 54 46
94 92 6 46
94 105 17 46
94 113 24 46
94 79 25 46
94 113 30 46
94 94 32 46
94 105 33 46
94 94 41 46
94 76 43 46
94 90 48 46
94 104 50 46
94 97 51 46
94 96 53 46
94 92 54 46
16 0 5 47
16 21 5 47
16 0 7 47
16 16 8 47
16 0 9 47
16 16 9 47
16 13 10 47
16 13 11 47
16 13 12 47
16 16 13 47
16 13 15 47
16 16 17 47
16 13 18 47
16 16 18 47
16 0 19 47
16 13 19 47
16 34 20 47
16 34 22 47
16 27 24 47
16 33 24 47
16 14 25 47
16 23 25 47
16 31 25 47
16 22 26 47
16 24 27 47
16 0 30 47
16 21 30 47
16 21 34 47
16 35 36 47
16 18 43 47
16 9 48 47
16 17 51 47
16 20 52 47
16 0 53 47
16 13 53 47
16 18 53 47
16 17 54 47
47 41 5 47
47 46 9 47
47 47 10 47
47 46 13 47
47 47 14 47
47 45 17 47
47 65 17 47
47 46 18 47
47 34 20 47
47 34 22 47
47 27 24 47
47 33 24 47
47 31 25 47
47 66 25 47
47 47 27 47
47 48 28 47
47 47 29 47
47 36 30 47
47 64 30 47
47 51 34 47
47 54 35 47
47 35 36 47
47 55 41 47
47 65 41 47
47 58 42 47
47 53 43 47
47 54 46 47
47 39 47 47
47 42 48 47
47 44 49 47
126 126 8 47
126 127 8 47
126 125 9 47
126 118 10 47
126 121 12 47
126 117 13 47
126 124 14 47
126 124 15 47
126 127 17 47
126 122 19 47
126 113 23 47
126 113 29 47
126 127 34 47
126 120 37 47
126 126 51 47
126 127 51 47
126 106 54 47
127 126 8 47
127 127 8 47
127 125 9 47
127 118 10 47
127 121 12 47
127 117 13 47
127 124 14 47
127 124 15 47
127 127 17 47
127 122 19 47
127 113 23 47
127 113 29 47
127 127 34 47
127 120 37 47
127 126 51 47
127 127 51 47
5 0 6 48
5 16 7 48
5 0 8 48
5 16 8 48
5 13 9 48
5 13 10 48
5 13 11 48
5 16 12 48
5 13 14 48
5 16 16 48
5 13 17 48
5 16 17 48
5 0 18 48
5 13 18 48
5 14 24 48
5 23 24 48
5 22 25 48
5 24 26 48
5 0 29 48
5 21 29 48
5 21 33 48
5 18 42 48
5 9 47 48
5 17 50 48
5 20 51 48
5 0 52 48
5 13 52 48
5 18 52 48
5 17 53 48
13 0 6 48
13 16 7 48
13 0 8 48
13 16 8 48
13 13 9 48
13 13 10 48
13 13 11 48
13 16 12 48
13 13 14 48
13 16 16 48
13 13 17 48
13 16 17 48
13 0 18 48
13 13 18 48
13 27 23 48
13 14 24 48
13 23 24 48
13 31 24 48
13 22 25 48
13 24 26 48
13 0 29 48
13 21 29 48
13 21 33 48
13 18 42 48
13 9 47 48
13 17 50 48
13 20 51 48
13 0 52 48
13 13 52 48
13 18 52 48
13 17 53 48
16 0 6 48
16 16 7 48
16 0 8 48
16 16 8 48
16 13 9 48
16 13 10 48
16 13 11 48
16 16 12 48
16 13 14 48
16 16 16 48
16 13 17 48
16 16 17 48
16 0 18 48
16 13 18 48
16 34 19 48
16 34 21 48
16 27 23 48
16 33 23 48
16 14 24 48
16 23 24 48
16 31 24 48
16 22 25 48
16 24 26 48
16 0 29 48
16 21 29 48
16 21 33 48
16 35 35 48
16 18 42 48
16 9 47 48
16 17 50 48
16 20 51 48
16 0 52 48
16 13 52 48
16 18 52 48
16 17 53 48
47 46 8 48
47 47 9 48
47 46 12 48
47 47 13 48
47 45 16 48
47 65 16 48
47 46 17 48
47 34 19 48
47 34 21 48
47 27 23 48
47 33 23 48
47 31 24 48
47 66 24 48
47 47 26 48
47 48 27 48
47 47 28 48
47 36 29 48
47 64 29 48
47 51 33 48
47 54 34 48
47 35 35 48
47 55 40 48
47 65 40 48
47 58 41 48
47 53 42 48
47 54 45 48
47 39 46 48
47 42 47 48
47 44 48 48
109 126 7 48
109 127 7 48
109 125 8 48
109 118 9 48
109 121 11 48
109 117 12 48
109 124 13 48
109 124 14 48
109 105 15 48
109 127 16 48
109 122 18 48
109 113 22 48
109 113 28 48
109 94 30 48
109 105 31 48
109 127 33 48
109 120 36 48
109 94 39 48
109 90 46 48
109 104 48 48
109 97 49 48
109 126 50 48
109 127 50 48
109 96 51 48
109 92 52 48
109 106 53 48
13 0 5 49
13 16 6 49
13 0 7 49
13 16 7 49
13 13 8 49
13 13 9 49
13 13 10 49
13 16 11 49
13 13 13 49
13 16 15 49
13 13 16 49
13 16 16 49
13 0 17 49
13 13 17 49
13 27 22 49
13 14 23 49
13 23 23 49
13 31 23 49
13 22 24 49
13 24 25 49
13 0 28 49
13 21 28 49
13 21 32 49
13 18 41 49
13 9 46 49
13 17 49 49
13 20 50 49
13 0 51 49
13 13 51 49
13 18 51 49
13 17 52 49
47 46 7 49
47 47 8 49
47 46 11 49
47 47 12 49
47 45 15 49
47 65 15 49
47 46 16 49
47 34 18 49
47 34 20 49
47 27 22 49
47 33 22 49
47 31 23 49
47 66 23 49
47 47 25 49
47 48 26 49
47 47 27 49
47 36 28 49
47 64 28 49
47 51 32 49
47 54 33 49
47 35 34 49
47 55 39 49
47 65 39 49
47 58 40 49
47 53 41 49
47 54 44 49
47 39 45 49
47 42 46 49
47 44 47 49
125 126 6 49
125 127 6 49
125 125 7 49
125 118 8 49
125 121 10 49
125 117 11 49
125 124 12 49
125 124 13 49
125 105 14 49
125 127 15 49
125 122 17 49
125 113 21 49
125 113 27 49
125 105 30 49
125 127 32 49
125 120 35 49
125 126 49 49
125 127 49 49
125 106 52 49
16 16 5 50
16 0 6 50
16 16 6 50
16 13 7 50
16 13 8 50
16 13 9 50
16 16 10 50
16 13 12 50
16 16 14 50
16 13 15 50
16 16 15 50
16 0 16 50
16 13 16 50
16 34 17 50
16 34 19 50
16 27 21 50
16 33 21 50
16 14 22 50
16 23 22 50
16 31 22 50
16 22 23 50
16 24 24 50
16 0 27 50
16 21 27 50
16 21 31 50
16 35 33 50
16 18 40 50
16 9 45 50
16 17 48 50
16 20 49 50
16 0 50 50
16 13 50 50
16 18 50 50
16 17 51 50
125 126 5 50
125 127 5 50
125 125 6 50
125 118 7 50
125 121 9 50
125 117 10 50
125 124 11 50
125 124 12 50
125 105 13 50
125 127 14 50
125 122 16 50
125 113 20 50
125 113 26 50
125 105 29 50
125 127 31 50
125 120 34 50
125 126 48 50
125 127 48 50
125 106 51 50
14 0 5 51
14 16 5 51
14 13 6 51
14 13 7 51
14 13 8 51
14 16 9 51
14 13 11 51
14 16 13 51
14 13 14 51
14 16 14 51
14 0 15 51
14 13 15 51
14 27 20 51
14 33 20 51
14 14 21 51
14 23 21 51
14 31 21 51
14 22 22 51
14 24 23 51
14 0 26 51
14 21 26 51
14 21 30 51
14 18 39 51
14 9 44 51
14 17 47 51
14 20 48 51
14 0 49 51
14 13 49 51
14 18 49 51
14 17 50 51
14 5 54 51
14 14 54 51
16 0 5 51
16 16 5 51
16 13 6 51
16 13 7 51
16 13 8 51
16 16 9 51
16 13 11 51
16 16 13 51
16 13 14 51
16 16 14 51
16 0 15 51
16 13 15 51
16 34 16 51
16 34 18 51
16 27 20 51
16 33 20 51
16 14 21 51
16 23 21 51
16 31 21 51
16 22 22 51
16 24 23 51
16 0 26 51
16 21 26 51
16 21 30 51
16 35 32 51
16 18 39 51
16 9 44 51
16 17 47 51
16 20 48 51
16 0 49 51
16 13 49 51
16 18 49 51
16 17 50 51
16 5 54 51
16 14 54 51
16 35 54 51
125 125 5 51
125 118 6 51
125 121 8 51
125 117 9 51
125 124 10 51
125 124 11 51
125 105 12 51
125 127 13 51
125 122 15 51
125 113 19 51
125 113 25 51
125 105 28 51
125 127 30 51
125 120 33 51
125 126 47 51
125 127 47 51
125 106 50 51
0 13 5 52
0 13 6 52
0 13 7 52
0 16 8 52
0 13 10 52
0 16 12 52
0 13 13 52
0 16 13 52
0 0 14 52
0 13 14 52
0 14 20 52
0 0 25 52
0 18 38 52
0 9 43 52
0 17 46 52
0 0 48 52
0 13 48 52
0 18 48 52
0 17 49 52
0 5 53 52
0 14 53 52
0 14 54 52
0 15 54 52
21 13 5 52
21 13 6 52
21 13 7 52
21 16 8 52
21 13 10 52
21 16 12 52
21 13 13 52
21 16 13 52
21 13 14 52
21 34 15 52
21 34 17 52
21 27 19 52
21 33 19 52
21 14 20 52
21 23 20 52
21 31 20 52
21 22 21 52
21 24 22 52
21 21 25 52
21 36 25 52
21 21 29 52
21 35 31 52
21 18 38 52
21 39 42 52
21 9 43 52
21 17 46 52
21 20 47 52
21 13 48 52
21 18 48 52
21 17 49 52
21 5 53 52
21 14 53 52
21 35 53 52
21 14 54 52
21 15 54 52
41 47 5 52
41 46 8 52
41 47 9 52
41 45 12 52
41 46 13 52
41 34 15 52
41 34 17 52
41 27 19 52
41 33 19 52
41 23 20 52
41 31 20 52
41 22 21 52
41 24 22 52
41 47 22 52
41 48 23 52
41 47 24 52
41 21 25 52
41 36 25 52
41 21 29 52
41 51 29 52
41 54 30 52
41 35 31 52
41 55 36 52
41 58 37 52
41 53 38 52
41 54 41 52
41 39 42 52
41 42 43 52
41 44 44 52
41 35 53 52
92 105 11 52
92 79 19 52
92 94 26 52
92 105 27 52
92 72 30 52
92 94 35 52
92 76 37 52
92 90 42 52
92 104 44 52
92 97 45 52
92 96 47 52
92 92 48 52
92 106 49 52
92 96 53 52
92 78 54 52
0 13 5 54
0 16 6 54
0 13 8 54
0 16 10 54
0 13 11 54
0 16 11 54
0 0 12 54
0 13 12 54
0 14 18 54
0 0 23 54
0 18 36 54
0 9 41 54
0 17 44 54
0 0 46 54
0 13 46 54
0 18 46 54
0 17 47 54
0 5 51 54
0 14 51 54
0 14 52 54
0 15 52 54
0 0 54 54
0 1 54 54
0 16 54 54
16 16 5 55
16 13 7 55
16 16 9 55
16 13 10 55
16 16 10 55
16 0 11 55
16 13 11 55
16 34 12 55
16 34 14 55
16 27 16 55
16 33 16 55
16 14 17 55
16 23 17 55
16 31 17 55
16 22 18 55
16 24 19 55
16 0 22 55
16 21 22 55
16 21 26 55
16 35 28 55
16 18 35 55
16 9 40 55
16 17 43 55
16 20 44 55
16 0 45 55
16 13 45 55
16 18 45 55
16 17 46 55
16 5 50 55
16 14 50 55
16 35 50 55
16 14 51 55
16 15 51 55
16 0 53 55
16 1 53 55
16 16 53 55
16 2 54 55
16 3 54 55
16 25 54 55
126 117 5 55
126 124 6 55
126 124 7 55
126 127 9 55
126 122 11 55
126 113 15 55
126 113 21 55
126 127 26 55
126 120 29 55
126 126 43 55
126 127 43 55
126 106 46 55
126 125 53 55
127 117 5 55
127 124 6 55
127 124 7 55
127 127 9 55
127 122 11 55
127 113 15 55
127 113 21 55
127 127 26 55
127 120 29 55
127 126 43 55
127 127 43 55
127 125 53 55
0 13 6 56
0 16 8 56
0 13 9 56
0 16 9 56
0 0 10 56
0 13 10 56
0 14 16 56
0 0 21 56
0 18 34 56
0 9 39 56
0 17 42 56
0 0 44 56
0 13 44 56
0 18 44 56
0 17 45 56
0 5 49 56
0 14 49 56
0 14 50 56
0 15 50 56
0 0 52 56
0 1 52 56
0 16 52 56
0 2 53 56
0 3 53 56
16 13 6 56
16 16 8 56
16 13 9 56
16 16 9 56
16 0 10 56
16 13 10 56
16 34 11 56
16 34 13 56
16 27 15 56
16 33 15 56
16 14 16 56
16 23 16 56
16 31 16 56
16 22 17 56
16 24 18 56
16 0 21 56
16 21 21 56
16 21 25 56
16 35 27 56
16 18 34 56
16 9 39 56
16 17 42 56
16 20 43 56
16 0 44 56
16 13 44 56
16 18 44 56
16 17 45 56
16 5 49 56
16 14 49 56
16 35 49 56
16 14 50 56
16 15 50 56
16 0 52 56
16 1 52 56
16 16 52 56
16 2 53 56
16 3 53 56
16 25 53 56
46 47 5 56
46 45 8 56
46 65 8 56
46 46 9 56
46 34 11 56
46 34 13 56
46 27 15 56
46 33 15 56
46 31 16 56
46 47 18 56
46 48 19 56
46 47 20 56
46 36 21 56
46 64 21 56
46 51 25 56
46 54 26 56
46 35 27 56
46 55 32 56
46 65 32 56
46 58 33 56
46 53 34 56
46 54 37 56
46 39 38 56
46 42 39 56
46 44 40 56
46 35 49 56
125 124 5 56
125 124 6 56
125 105 7 56
125 127 8 56
125 122 10 56
125 113 14 56
125 113 20 56
125 105 23 56
125 127 25 56
125 120 28 56
125 126 42 56
125 127 42 56
125 106 45 56
125 125 52 56
125 121 54 56
13 13 5 57
13 16 7 57
13 13 8 57
13 16 8 57
13 0 9 57
13 13 9 57
13 27 14 57
13 14 15 57
13 23 15 57
13 31 15 57
13 22 16 57
13 24 17 57
13 0 20 57
13 21 20 57
13 21 24 57
13 18 33 57
13 9 38 57
13 17 41 57
13 20 42 57
13 0 43 57
13 13 43 57
13 18 43 57
13 17 44 57
13 5 48 57
13 14 48 57
13 14 49 57
13 15 49 57
13 0 51 57
13 1 51 57
13 16 51 57
13 2 52 57
13 3 52 57
13 25 52 57
13 21 54 57
47 45 7 57
47 65 7 57
47 46 8 57
47 34 10 57
47 34 12 57
47 27 14 57
47 33 14 57
47 31 15 57
47 66 15 57
47 47 17 57
47 48 18 57
47 47 19 57
47 36 20 57
47 64 20 57
47 51 24 57
47 54 25 57
47 35 26 57
47 55 31 57
47 65 31 57
47 58 32 57
47 53 33 57
47 54 36 57
47 39 37 57
47 42 38 57
47 44 39 57
47 35 48 57
47 40 54 57
118 124 5 57
118 105 6 57
118 127 7 57
118 122 9 57
118 113 13 57
118 113 19 57
118 105 22 57
118 127 24 57
118 120 27 57
118 104 39 57
118 126 41 57
118 127 41 57
118 106 44 57
118 125 51 57
118 121 53 57
13 16 6 58
13 13 7 58
13 16 7 58
13 0 8 58
13 13 8 58
13 27 13 58
13 14 14 58
13 23 14 58
13 31 14 58
13 22 15 58
13 24 16 58
13 0 19 58
13 21 19 58
13 21 23 58
13 18 32 58
13 9 37 58
13 17 40 58
13 20 41 58
13 0 42 58
13 13 42 58
13 18 42 58
13 17 43 58
13 5 47 58
13 14 47 58
13 14 48 58
13 15 48 58
13 0 50 58
13 1 50 58
13 16 50 58
13 2 51 58
13 3 51 58
13 25 51 58
13 21 53 58
13 23 54 58
13 16 5 59
13 13 6 59
13 16 6 59
13 0 7 59
13 13 7 59
13 27 12 59
13 14 13 59
13 23 13 59
13 31 13 59
13 22 14 59
13 24 15 59
13 0 18 59
13 21 18 59
13 21 22 59
13 18 31 59
13 9 36 59
13 17 39 59
13 20 40 59
13 0 41 59
13 13 41 59
13 18 41 59
13 17 42 59
13 5 46 59
13 14 46 59
13 14 47 59
13 15 47 59
13 0 49 59
13 1 49 59
13 16 49 59
13 2 50 59
13 3 50 59
13 25 50 59
13 21 52 59
13 23 53 59
13 5 54 59
121 127 5 59
121 122 7 59
121 113 11 59
121 113 17 59
121 105 20 59
121 127 22 59
121 120 25 59
121 104 37 59
121 126 39 59
121 127 39 59
121 106 42 59
121 125 49 59
121 121 51 59
16 13 5 60
16 16 5 60
16 0 6 60
16 13 6 60
16 34 7 60
16 34 9 60
16 27 11 60
16 33 11 60
16 14 12 60
16 23 12 60
16 31 12 60
16 22 13 60
16 24 14 60
16 0 17 60
16 21 17 60
16 21 21 60
16 35 23 60
16 18 30 60
16 9 35 60
16 17 38 60
16 20 39 60
16 0 40 60
16 13 40 60
16 18 40 60
16 17 41 60
16 5 45 60
16 14 45 60
16 35 45 60
16 14 46 60
16 15 46 60
16 0 48 60
16 1 48 60
16 16 48 60
16 2 49 60
16 3 49 60
16 25 49 60
16 21 51 60
16 23 52 60
16 5 53 60
46 46 5 60
46 34 7 60
46 34 9 60
46 27 11 60
46 33 11 60
46 31 12 60
46 47 14 60
46 48 15 60
46 47 16 60
46 36 17 60
46 64 17 60
46 51 21 60
46 54 22 60
46 35 23 60
46 55 28 60
46 65 28 60
46 58 29 60
46 53 30 60
46 54 33 60
46 39 34 60
46 42 35 60
46 44 36 60
46 35 45 60
46 40 51 60
46 43 52 60
46 64 52 60
117 122 6 60
117 113 10 60
117 113 16 60
117 105 19 60
117 127 21 60
117 120 24 60
117 104 36 60
117 97 37 60
117 126 38 60
117 127 38 60
117 106 41 60
117 125 48 60
117 121 50 60
117 105 54 60
47 34 6 61
47 34 8 61
47 27 10 61
47 33 10 61
47 31 11 61
47 66 11 61
47 47 13 61
47 48 14 61
47 47 15 61
47 36 16 61
47 64 16 61
47 51 20 61
47 54 21 61
47 35 22 61
47 55 27 61
47 65 27 61
47 58 28 61
47 53 29 61
47 54 32 61
47 39 33 61
47 42 34 61
47 44 35 61
47 35 44 61
47 40 50 61
47 43 51 61
47 64 51 61
124 122 5 61
124 113 9 61
124 113 15 61
124 105 18 61
124 127 20 61
124 120 23 61
124 104 35 61
124 126 37 61
124 127 37 61
124 106 40 61
124 125 47 61
124 121 49 61
124 105 53 61
124 126 54 61
13 27 9 62
13 14 10 62
13 23 10 62
13 31 10 62
13 22 11 62
13 24 12 62
13 0 15 62
13 21 15 62
13 21 19 62
13 18 28 62
13 9 33 62
13 17 36 62
13 20 37 62
13 0 38 62
13 13 38 62
13 18 38 62
13 17 39 62
13 5 43 62
13 14 43 62
13 14 44 62
13 15 44 62
13 0 46 62
13 1 46 62
13 16 46 62
13 2 47 62
13 3 47 62
13 25 47 62
13 21 49 62
13 23 50 62
13 5 51 62
124 113 8 62
124 113 14 62
124 105 17 62
124 127 19 62
124 120 22 62
124 104 34 62
124 126 36 62
124 127 36 62
124 106 39 62
124 125 46 62
124 121 48 62
124 105 52 62
124 126 53 62
124 125 54 62
105 113 7 63
105 113 13 63
105 94 15 63
105 105 16 63
105 120 21 63
105 94 24 63
105 90 31 63
105 104 33 63
105 97 34 63
105 96 36 63
105 92 37 63
105 106 38 63
105 96 42 63
105 93 44 63
105 121 47 63
105 105 51 63
16 34 5 64
16 27 7 64
16 33 7 64
16 14 8 64
16 23 8 64
16 31 8 64
16 22 9 64
16 24 10 64
16 0 13 64
16 21 13 64
16 21 17 64
16 35 19 64
16 18 26 64
16 9 31 64
16 17 34 64
16 20 35 64
16 0 36 64
16 13 36 64
16 18 36 64
16 17 37 64
16 5 41 64
16 14 41 64
16 35 41 64
16 14 42 64
16 15 42 64
16 0 44 64
16 1 44 64
16 16 44 64
16 2 45 64
16 3 45 64
16 25 45 64
16 21 47 64
16 23 48 64
16 5 49 64
16 34 52 64
16 19 53 64
16 35 53 64
16 21 54 64
45 34 5 64
45 27 7 64
45 33 7 64
45 31 8 64
45 47 10 64
45 48 11 64
45 47 12 64
45 36 13 64
45 64 13 64
45 51 17 64
45 54 18 64
45 35 19 64
45 55 24 64
45 58 25 64
45 53 26 64
45 54 29 64
45 39 30 64
45 42 31 64
45 44 32 64
45 35 41 64
45 25 45 64
45 40 47 64
45 43 48 64
45 64 48 64
45 34 52 64
45 35 53 64
65 79 7 64
65 66 8 64
65 47 10 64
65 48 11 64
65 47 12 64
65 64 13 64
65 51 17 64
65 69 17 64
65 54 18 64
65 72 18 64
65 68 19 64
65 55 24 64
65 65 24 64
65 58 25 64
65 76 25 64
65 53 26 64
65 70 26 64
65 70 27 64
65 71 28 64
65 54 29 64
65 78 42 64
65 82 45 64
65 81 47 64
65 64 48 64
65 81 49 64
127 113 6 64
127 113 12 64
127 127 17 64
127 120 20 64
127 126 34 64
127 127 34 64
127 125 44 64
127 121 46 64
127 126 51 64
127 125 52 64
127 125 53 64
127 107 54 64
13 27 6 65
13 14 7 65
13 23 7 65
13 31 7 65
13 22 8 65
13 24 9 65
13 0 12 65
13 21 12 65
13 21 16 65
13 18 25 65
13 9 30 65
13 17 33 65
13 20 34 65
13 0 35 65
13 13 35 65
13 18 35 65
13 17 36 65
13 5 40 65
13 14 40 65
13 14 41 65
13 15 41 65
13 0 43 65
13 1 43 65
13 16 43 65
13 2 44 65
13 3 44 65
13 25 44 65
13 21 46 65
13 23 47 65
13 5 48 65
13 19 52 65
13 21 53 65
16 27 6 65
16 33 6 65
16 14 7 65
16 23 7 65
16 31 7 65
16 22 8 65
16 24 9 65
16 0 12 65
16 21 12 65
16 21 16 65
16 35 18 65
16 18 25 65
16 9 30 65
16 17 33 65
16 20 34 65
16 0 35 65
16 13 35 65
16 18 35 65
16 17 36 65
16 5 40 65
16 14 40 65
16 35 40 65
16 14 41 65
16 15 41 65
16 0 43 65
16 1 43 65
16 16 43 65
16 2 44 65
16 3 44 65
16 25 44 65
16 21 46 65
16 23 47 65
16 5 48 65
16 34 51 65
16 19 52 65
16 35 52 65
16 21 53 65
46 27 6 65
46 33 6 65
46 31 7 65
46 47 9 65
46 48 10 65
46 47 11 65
46 36 12 65
46 64 12 65
46 51 16 65
46 54 17 65
46 35 18 65
46 55 23 65
46 65 23 65
46 58 24 65
46 53 25 65
46 54 28 65
46 39 29 65
46 42 30 65
46 44 31 65
46 35 40 65
46 40 46 65
46 43 47 65
46 64 47 65
46 34 51 65
46 35 52 65
0 14 6 66
0 0 11 66
0 18 24 66
0 9 29 66
0 17 32 66
0 0 34 66
0 13 34 66
0 18 34 66
0 17 35 66
0 5 39 66
0 14 39 66
0 14 40 66
0 15 40 66
0 0 42 66
0 1 42 66
0 16 42 66
0 2 43 66
0 3 43 66
0 5 47 66
0 19 51 66
13 27 5 66
13 14 6 66
13 23 6 66
13 31 6 66
13 22 7 66
13 24 8 66
13 0 11 66
13 21 11 66
13 21 15 66
13 18 24 66
13 9 29 66
13 17 32 66
13 20 33 66
13 0 34 66
13 13 34 66
13 18 34 66
13 17 35 66
13 5 39 66
13 14 39 66
13 14 40 66
13 15 40 66
13 0 42 66
13 1 42 66
13 16 42 66
13 2 43 66
13 3 43 66
13 25 43 66
13 21 45 66
13 23 46 66
13 5 47 66
13 19 51 66
13 21 52 66
13 25 54 66
122 113 10 66
122 105 13 66
122 127 15 66
122 120 18 66
122 104 30 66
122 126 32 66
122 127 32 66
122 106 35 66
122 125 42 66
122 121 44 66
122 105 48 66
122 126 49 66
122 125 50 66
122 125 51 66
122 107 52 66
122 109 53 66
122 125 54 66
34 14 5 67
34 23 5 67
34 31 5 67
34 22 6 67
34 24 7 67
34 47 7 67
34 48 8 67
34 47 9 67
34 21 10 67
34 36 10 67
34 21 14 67
34 51 14 67
34 35 16 67
34 18 23 67
34 53 23 67
34 39 27 67
34 42 28 67
34 44 29 67
34 17 31 67
34 20 32 67
34 18 33 67
34 17 34 67
34 14 38 67
34 35 38 67
34 14 39 67
34 15 39 67
34 16 41 67
34 25 42 67
34 21 44 67
34 40 44 67
34 23 45 67
34 43 45 67
34 34 49 67
34 19 50 67
34 35 50 67
34 21 51 67
34 25 53 67
34 24 5 69
34 47 5 69
34 48 6 69
34 47 7 69
34 21 8 69
34 36 8 69
34 21 12 69
34 51 12 69
34 35 14 69
34 18 21 69
34 53 21 69
34 39 25 69
34 42 26 69
34 44 27 69
34 17 29 69
34 20 30 69
34 18 31 69
34 17 32 69
34 14 36 69
34 35 36 69
34 14 37 69
34 15 37 69
34 16 39 69
34 25 40 69
34 21 42 69
34 40 42 69
34 23 43 69
34 43 43 69
34 34 47 69
34 19 48 69
34 35 48 69
34 21 49 69
34 25 51 69
113 113 6 70
113 94 8 70
113 105 9 70
113 127 11 70
113 120 14 70
113 94 17 70
113 104 26 70
113 97 27 70
113 126 28 70
113 127 28 70
113 96 29 70
113 106 31 70
113 96 35 70
113 93 37 70
113 125 38 70
113 121 40 70
113 105 44 70
113 126 45 70
113 125 46 70
113 125 47 70
113 107 48 70
113 109 49 70
113 125 50 70
113 125 51 70
113 113 52 70
113 119 53 70
27 21 6 71
27 36 6 71
27 21 10 71
27 35 12 71
27 18 19 71
27 39 23 71
27 9 24 71
27 42 24 71
27 44 25 71
27 17 27 71
27 20 28 71
27 13 29 71
27 18 29 71
27 17 30 71
27 14 34 71
27 35 34 71
27 14 35 71
27 15 35 71
27 16 37 71
27 25 38 71
27 21 40 71
27 40 40 71
27 23 41 71
27 43 41 71
27 34 45 71
27 19 46 71
27 35 46 71
27 21 47 71
27 25 49 71
27 16 53 71
27 29 54 71
27 34 54 71
33 47 5 71
33 21 6 71
33 36 6 71
33 21 10 71
33 51 10 71
33 35 12 71
33 18 19 71
33 39 23 71
33 42 24 71
33 44 25 71
33 17 27 71
33 20 28 71
33 13 29 71
33 18 29 71
33 17 30 71
33 14 34 71
33 35 34 71
33 14 35 71
33 15 35 71
33 16 37 71
33 25 38 71
33 21 40 71
33 40 40 71
33 23 41 71
33 43 41 71
33 34 45 71
33 19 46 71
33 35 46 71
33 21 47 71
33 25 49 71
33 16 53 71
33 29 54 71
33 34 54 71
79 64 6 71
79 94 7 71
79 69 10 71
79 72 11 71
79 68 12 71
79 94 16 71
79 65 17 71
79 76 18 71
79 70 19 71
79 70 20 71
79 71 21 71
79 90 23 71
79 97 26 71
79 96 28 71
79 92 29 71
79 96 34 71
79 78 35 71
79 93 36 71
79 82 38 71
79 81 40 71
79 64 41 71
79 81 42 71
79 82 53 71
79 94 54 71
14 0 5 72
14 21 5 72
14 21 9 72
14 18 18 72
14 9 23 72
14 17 26 72
14 20 27 72
14 0 28 72
14 13 28 72
14 18 28 72
14 17 29 72
14 5 33 72
14 14 33 72
14 14 34 72
14 15 34 72
14 0 36 72
14 1 36 72
14 16 36 72
14 2 37 72
14 3 37 72
14 25 37 72
14 21 39 72
14 23 40 72
14 5 41 72
14 19 45 72
14 21 46 72
14 25 48 72
14 5 51 72
14 0 52 72
14 1 52 72
14 16 52 72
14 29 53 72
14 28 54 72
23 21 5 72
23 36 5 72
23 21 9 72
23 35 11 72
23 18 18 72
23 39 22 72
23 9 23 72
23 42 23 72
23 17 26 72
23 20 27 72
23 13 28 72
23 18 28 72
23 17 29 72
23 5 33 72
23 14 33 72
23 35 33 72
23 14 34 72
23 15 34 72
23 16 36 72
23 3 37 72
23 25 37 72
23 21 39 72
23 40 39 72
23 23 40 72
23 5 41 72
23 34 44 72
23 19 45 72
23 35 45 72
23 21 46 72
23 25 48 72
23 5 51 72
23 16 52 72
23 29 53 72
23 34 53 72
23 28 54 72
31 21 5 72
31 36 5 72
31 21 9 72
31 35 11 72
31 18 18 72
31 39 22 72
31 42 23 72
31 44 24 72
31 17 26 72
31 20 27 72
31 13 28 72
31 18 28 72
31 17 29 72
31 14 33 72
31 35 33 72
31 14 34 72
31 15 34 72
31 16 36 72
31 25 37 72
31 21 39 72
31 40 39 72
31 23 40 72
31 43 40 72
31 34 44 72
31 19 45 72
31 35 45 72
31 21 46 72
31 25 48 72
31 16 52 72
31 29 53 72
31 34 53 72
31 28 54 72
66 64 5 72
66 51 9 72
66 69 9 72
66 54 10 72
66 72 10 72
66 68 11 72
66 55 16 72
66 65 16 72
66 58 17 72
66 76 17 72
66 53 18 72
66 70 18 72
66 70 19 72
66 71 20 72
66 54 21 72
66 78 34 72
66 82 37 72
66 81 39 72
66 64 40 72
66 81 41 72
66 82 52 72
22 21 8 73
22 35 10 73
22 18 17 73
22 39 21 73
22 9 22 73
22 17 25 73
22 20 26 73
22 13 27 73
22 18 27 73
22 17 28 73
22 5 32 73
22 14 32 73
22 35 32 73
22 14 33 73
22 15 33 73
22 16 35 73
22 2 36 73
22 3 36 73
22 25 36 73
22 21 38 73
22 40 38 73
22 23 39 73
22 5 40 73
22 34 43 73
22 19 44 73
22 35 44 73
22 21 45 73
22 25 47 73
22 5 50 73
22 16 51 73
22 29 52 73
22 34 52 73
22 28 53 73
22 5 54 73
22 16 54 73
24 21 7 74
24 35 9 74
24 18 16 74
24 39 20 74
24 9 21 74
24 42 21 74
24 17 24 74
24 20 25 74
24 13 26 74
24 18 26 74
24 17 27 74
24 5 31 74
24 14 31 74
24 35 31 74
24 14 32 74
24 15 32 74
24 16 34 74
24 25 35 74
24 21 37 74
24 40 37 74
24 23 38 74
24 43 38 74
24 5 39 74
24 34 42 74
24 19 43 74
24 35 43 74
24 21 44 74
24 25 46 74
24 5 49 74
24 16 50 74
24 29 51 74
24 34 51 74
24 28 52 74
24 5 53 74
24 16 53 74
47 51 7 74
47 54 8 74
47 35 9 74
47 55 14 74
47 65 14 74
47 58 15 74
47 53 16 74
47 54 19 74
47 39 20 74
47 42 21 74
47 44 22 74
47 35 31 74
47 40 37 74
47 43 38 74
47 64 38 74
47 34 42 74
47 35 43 74
47 29 51 74
47 34 51 74
47 28 52 74
48 51 6 75
48 54 7 75
48 35 8 75
48 55 13 75
48 65 13 75
48 58 14 75
48 53 15 75
48 54 18 75
48 39 19 75
48 42 20 75
48 44 21 75
48 35 30 75
48 40 36 75
48 43 37 75
48 64 37 75
48 34 41 75
48 35 42 75
48 29 50 75
48 34 50 75
48 28 51 75
47 51 5 76
47 54 6 76
47 35 7 76
47 55 12 76
47 65 12 76
47 58 13 76
47 53 14 76
47 54 17 76
47 39 18 76
47 42 19 76
47 44 20 76
47 35 29 76
47 40 35 76
47 43 36 76
47 64 36 76
47 34 40 76
47 35 41 76
47 29 49 76
47 34 49 76
47 28 50 76
113 127 5 76
113 120 8 76
113 94 11 76
113 104 20 76
113 97 21 76
113 126 22 76
113 127 22 76
113 96 23 76
113 106 25 76
113 96 29 76
113 93 31 76
113 125 32 76
113 121 34 76
113 105 38 76
113 126 39 76
113 125 40 76
113 125 41 76
113 107 42 76
113 109 43 76
113 125 44 76
113 125 45 76
113 113 46 76
113 119 47 76
113 94 49 76
113 120 50 76
113 120 51 76
113 120 52 76
113 123 54 76
0 18 13 77
0 9 18 77
0 17 21 77
0 0 23 77
0 13 23 77
0 18 23 77
0 17 24 77
0 5 28 77
0 14 28 77
0 14 29 77
0 15 29 77
0 0 31 77
0 1 31 77
0 16 31 77
0 2 32 77
0 3 32 77
0 5 36 77
0 19 40 77
0 5 46 77
0 0 47 77
0 1 47 77
0 16 47 77
0 5 50 77
0 16 50 77
0 3 52 77
0 13 53 77
0 16 54 77
21 35 6 77
21 18 13 77
21 39 17 77
21 9 18 77
21 17 21 77
21 20 22 77
21 13 23 77
21 18 23 77
21 17 24 77
21 5 28 77
21 14 28 77
21 35 28 77
21 14 29 77
21 15 29 77
21 1 31 77
21 16 31 77
21 2 32 77
21 3 32 77
21 25 32 77
21 21 34 77
21 40 34 77
21 23 35 77
21 5 36 77
21 34 39 77
21 19 40 77
21 35 40 77
21 21 41 77
21 25 43 77
21 5 46 77
21 1 47 77
21 16 47 77
21 29 48 77
21 34 48 77
21 28 49 77
21 5 50 77
21 16 50 77
21 3 52 77
21 13 53 77
21 16 54 77
36 54 5 77
36 35 6 77
36 55 11 77
36 18 13 77
36 53 13 77
36 54 16 77
36 39 17 77
36 42 18 77
36 44 19 77
36 17 21 77
36 20 22 77
36 18 23 77
36 17 24 77
36 35 28 77
36 16 31 77
36 25 32 77
36 21 34 77
36 40 34 77
36 23 35 77
36 43 35 77
36 34 39 77
36 19 40 77
36 35 40 77
36 21 41 77
36 25 43 77
36 16 47 77
36 29 48 77
36 34 48 77
36 28 49 77
36 16 50 77
36 16 54 77
64 54 5 77
64 72 5 77
64 68 6 77
64 55 11 77
64 65 11 77
64 58 12 77
64 76 12 77
64 53 13 77
64 70 13 77
64 70 14 77
64 71 15 77
64 54 16 77
64 44 19 77
64 78 29 77
64 82 32 77
64 81 34 77
64 64 35 77
64 81 36 77
64 82 47 77
64 68 54 77
94 94 9 78
94 76 11 78
94 90 16 78
94 104 18 78
94 97 19 78
94 96 21 78
94 92 22 78
94 106 23 78
94 96 27 78
94 78 28 78
94 93 29 78
94 82 31 78
94 81 33 78
94 81 35 78
94 105 36 78
94 107 40 78
94 109 41 78
94 113 44 78
94 82 46 78
94 94 47 78
94 92 54 78
105 120 5 79
105 94 8 79
105 90 15 79
105 104 17 79
105 97 18 79
105 96 20 79
105 92 21 79
105 106 22 79
105 96 26 79
105 93 28 79
105 121 31 79
105 105 35 79
105 107 39 79
105 109 40 79
105 113 43 79
105 119 44 79
105 94 46 79
105 120 47 79
105 120 48 79
105 120 49 79
105 123 51 79
105 92 53 79
105 88 54 79
21 18 9 81
21 39 13 81
21 9 14 81
21 17 17 81
21 20 18 81
21 13 19 81
21 18 19 81
21 17 20 81
21 5 24 81
21 14 24 81
21 35 24 81
21 14 25 81
21 15 25 81
21 1 27 81
21 16 27 81
21 2 28 81
21 3 28 81
21 25 28 81
21 21 30 81
21 40 30 81
21 23 31 81
21 5 32 81
21 34 35 81
21 19 36 81
21 35 36 81
21 21 37 81
21 25 39 81
21 5 42 81
21 1 43 81
21 16 43 81
21 29 44 81
21 34 44 81
21 28 45 81
21 5 46 81
21 16 46 81
21 3 48 81
21 13 49 81
21 16 50 81
21 13 51 81
21 16 52 81
21 17 53 81
21 30 54 81
21 40 54 81
51 55 7 81
51 65 7 81
51 58 8 81
51 53 9 81
51 70 9 81
51 70 10 81
51 54 12 81
51 39 13 81
51 42 14 81
51 44 15 81
51 35 24 81
51 40 30 81
51 43 31 81
51 64 31 81
51 34 35 81
51 35 36 81
51 34 44 81
51 68 50 81
51 40 54 81
69 55 7 81
69 65 7 81
69 58 8 81
69 76 8 81
69 53 9 81
69 70 9 81
69 70 10 81
69 71 11 81
69 54 12 81
69 78 25 81
69 82 28 81
69 81 30 81
69 64 31 81
69 81 32 81
69 82 43 81
69 68 50 81
69 88 52 81
127 126 17 81
127 127 17 81
127 125 27 81
127 121 29 81
127 126 34 81
127 125 35 81
127 125 36 81
127 107 37 81
127 109 38 81
127 125 39 81
127 125 40 81
127 113 41 81
127 119 42 81
127 120 45 81
127 120 46 81
127 120 47 81
127 123 49 81
127 108 54 81
54 55 6 82
54 65 6 82
54 58 7 82
54 53 8 82
54 70 8 82
54 70 9 82
54 71 10 82
54 54 11 82
54 39 12 82
54 42 13 82
54 44 14 82
54 35 23 82
54 40 29 82
54 43 30 82
54 64 30 82
54 34 34 82
54 35 35 82
54 34 43 82
54 68 49 82
54 40 53 82
72 55 6 82
72 65 6 82
72 58 7 82
72 76 7 82
72 53 8 82
72 70 8 82
72 70 9 82
72 71 10 82
72 54 11 82
72 90 12 82
72 78 24 82
72 82 27 82
72 81 29 82
72 64 30 82
72 81 31 82
72 82 42 82
72 68 49 82
72 88 51 82
72 89 52 82
35 18 7 83
35 53 7 83
35 54 10 83
35 39 11 83
35 42 12 83
35 44 13 83
35 17 15 83
35 20 16 83
35 18 17 83
35 17 18 83
35 35 22 83
35 15 23 83
35 16 25 83
35 25 26 83
35 21 28 83
35 40 28 83
35 23 29 83
35 43 29 83
35 34 33 83
35 19 34 83
35 35 34 83
35 21 35 83
35 25 37 83
35 16 41 83
35 29 42 83
35 34 42 83
35 28 43 83
35 16 44 83
35 16 48 83
35 16 50 83
35 17 51 83
35 30 52 83
35 40 52 83
35 16 53 83
35 28 54 83
68 55 5 83
68 65 5 83
68 58 6 83
68 76 6 83
68 53 7 83
68 70 7 83
68 70 8 83
68 71 9 83
68 54 10 83
68 78 23 83
68 82 26 83
68 81 28 83
68 64 29 83
68 81 30 83
68 82 41 83
68 68 48 83
120 104 12 84
120 126 14 84
120 127 14 84
120 106 17 84
120 125 24 84
120 121 26 84
120 105 30 84
120 126 31 84
120 125 32 84
120 125 33 84
120 107 34 84
120 109 35 84
120 125 36 84
120 125 37 84
120 113 38 84
120 119 39 84
120 120 42 84
120 120 43 84
120 120 44 84
120 123 46 84
120 108 51 84
120 125 52 84
94 90 7 87
94 104 9 87
94 97 10 87
94 96 12 87
94 92 13 87
94 106 14 87
94 96 18 87
94 78 19 87
94 93 20 87
94 82 22 87
94 81 24 87
94 81 26 87
94 105 27 87
94 107 31 87
94 109 32 87
94 113 35 87
94 82 37 87
94 94 38 87
94 92 45 87
94 88 46 87
94 89 47 87
94 108 48 87
94 100 53 87
94 94 54 87
55 54 5 88
55 39 6 88
55 42 7 88
55 44 8 88
55 35 17 88
55 40 23 88
55 43 24 88
55 64 24 88
55 35 29 88
55 68 43 88
55 40 47 88
55 40 51 88
65 54 5 88
65 78 18 88
65 82 21 88
65 81 23 88
65 64 24 88
65 81 25 88
65 82 36 88
65 68 43 88
58 39 5 89
58 42 6 89
58 44 7 89
58 40 22 89
58 43 23 89
58 64 23 89
58 68 42 89
58 40 46 89
58 40 50 89
76 90 5 89
76 92 11 89
76 78 17 89
76 93 18 89
76 82 20 89
76 81 22 89
76 64 23 89
76 81 24 89
76 82 35 89
76 94 36 89
76 68 42 89
76 92 43 89
76 88 44 89
76 89 45 89
76 94 52 89
76 94 53 89
18 9 5 90
18 17 8 90
18 20 9 90
18 0 10 90
18 13 10 90
18 18 10 90
18 17 11 90
18 5 15 90
18 14 15 90
18 35 15 90
18 14 16 90
18 15 16 90
18 0 18 90
18 1 18 90
18 16 18 90
18 2 19 90
18 3 19 90
18 25 19 90
18 21 21 90
18 23 22 90
18 5 23 90
18 34 26 90
18 19 27 90
18 35 27 90
18 21 28 90
18 25 30 90
18 5 33 90
18 0 34 90
18 1 34 90
18 16 34 90
18 29 35 90
18 34 35 90
18 28 36 90
18 5 37 90
18 16 37 90
18 3 39 90
18 13 40 90
18 16 41 90
18 13 42 90
18 16 43 90
18 17 44 90
18 30 45 90
18 16 46 90
18 28 47 90
18 13 50 90
18 20 50 90
18 0 51 90
18 5 51 90
18 18 52 90
18 26 53 90
53 42 5 90
53 44 6 90
53 35 15 90
53 40 21 90
53 43 22 90
53 64 22 90
53 34 26 90
53 35 27 90
53 34 35 90
53 68 41 90
53 40 45 90
53 40 49 90
70 78 16 90
70 82 19 90
70 81 21 90
70 64 22 90
70 81 23 90
70 82 34 90
70 68 41 90
70 88 43 90
70 89 44 90
70 78 15 91
70 82 18 91
70 81 20 91
70 64 21 91
70 81 22 91
70 82 33 91
70 68 40 91
70 88 42 91
70 89 43 91
70 81 54 91
71 78 14 92
71 82 17 92
71 81 19 92
71 64 20 92
71 81 21 92
71 82 32 92
71 68 39 92
71 88 41 92
71 89 42 92
71 81 53 92
71 62 54 92
71 64 54 92
54 35 12 93
54 40 18 93
54 43 19 93
54 64 19 93
54 34 23 93
54 35 24 93
54 34 32 93
54 68 38 93
54 40 42 93
54 40 46 93
54 41 52 93
54 62 53 93
54 64 53 93
39 20 5 94
39 35 11 94
39 25 15 94
39 21 17 94
39 40 17 94
39 23 18 94
39 43 18 94
39 34 22 94
39 19 23 94
39 35 23 94
39 21 24 94
39 25 26 94
39 29 31 94
39 34 31 94
39 28 32 94
39 30 41 94
39 40 41 94
39 28 43 94
39 40 45 94
39 20 46 94
39 26 49 94
39 41 51 94
39 21 53 94
39 54 54 94
90 96 5 94
90 92 6 94
90 106 7 94
90 96 11 94
90 78 12 94
90 93 13 94
90 82 15 94
90 81 17 94
90 81 19 94
90 105 20 94
90 107 24 94
90 109 25 94
90 82 30 94
90 94 31 94
90 92 38 94
90 88 39 94
90 89 40 94
90 108 41 94
90 100 46 94
90 94 47 94
90 94 48 94
90 96 49 94
90 81 51 94
90 106 54 94
9 0 5 95
9 13 5 95
9 18 5 95
9 17 6 95
9 5 10 95
9 14 10 95
9 14 11 95
9 15 11 95
9 0 13 95
9 1 13 95
9 16 13 95
9 2 14 95
9 3 14 95
9 25 14 95
9 21 16 95
9 23 17 95
9 5 18 95
9 19 22 95
9 21 23 95
9 25 25 95
9 5 28 95
9 0 29 95
9 1 29 95
9 16 29 95
9 28 31 95
9 5 32 95
9 16 32 95
9 3 34 95
9 13 35 95
9 16 36 95
9 13 37 95
9 16 38 95
9 17 39 95
9 16 41 95
9 28 42 95
9 13 45 95
9 20 45 95
9 0 46 95
9 5 46 95
9 18 47 95
9 26 48 95
9 21 52 95
42 35 10 95
42 25 14 95
42 40 16 95
42 23 17 95
42 43 17 95
42 34 21 95
42 35 22 95
42 25 25 95
42 29 30 95
42 34 30 95
42 28 31 95
42 30 40 95
42 40 40 95
42 28 42 95
42 40 44 95
42 26 48 95
42 41 50 95
42 54 53 95
44 35 9 96
44 25 13 96
44 40 15 96
44 43 16 96
44 34 20 96
44 35 21 96
44 25 24 96
44 29 29 96
44 34 29 96
44 28 30 96
44 30 39 96
44 40 39 96
44 28 41 96
44 40 43 96
44 26 47 96
44 41 49 96
44 62 50 96
44 54 52 96
44 34 54 96
104 106 5 96
104 96 9 96
104 93 11 96
104 121 14 96
104 105 18 96
104 107 22 96
104 109 23 96
104 113 26 96
104 119 27 96
104 94 29 96
104 120 30 96
104 120 31 96
104 120 32 96
104 123 34 96
104 92 36 96
104 88 37 96
104 89 38 96
104 108 39 96
104 100 44 96
104 94 45 96
104 94 46 96
104 96 47 96
104 122 48 96
104 106 52 96
97 96 8 97
97 78 9 97
97 93 10 97
97 82 12 97
97 81 14 97
97 81 16 97
97 105 17 97
97 107 21 97
97 109 22 97
97 113 25 97
97 82 27 97
97 94 28 97
97 92 35 97
97 88 36 97
97 89 37 97
97 108 38 97
97 100 43 97
97 94 44 97
97 94 45 97
97 96 46 97
97 81 48 97
97 106 51 97
97 89 54 97
17 5 7 98
17 14 7 98
17 35 7 98
17 14 8 98
17 15 8 98
17 0 10 98
17 1 10 98
17 16 10 98
17 2 11 98
17 3 11 98
17 25 11 98
17 21 13 98
17 23 14 98
17 5 15 98
17 34 18 98
17 19 19 98
17 35 19 98
17 21 20 98
17 25 22 98
17 5 25 98
17 0 26 98
17 1 26 98
17 16 26 98
17 29 27 98
17 34 27 98
17 28 28 98
17 5 29 98
17 16 29 98
17 3 31 98
17 13 32 98
17 16 33 98
17 13 34 98
17 16 35 98
17 17 36 98
17 30 37 98
17 16 38 98
17 28 39 98
17 13 42 98
17 20 42 98
17 0 43 98
17 5 43 98
17 18 44 98
17 26 45 98
17 21 49 98
17 0 52 98
17 19 52 98
17 34 52 98
17 5 54 98
126 125 10 98
126 121 12 98
126 126 17 98
126 125 18 98
126 125 19 98
126 107 20 98
126 109 21 98
126 125 22 98
126 125 23 98
126 113 24 98
126 119 25 98
126 120 28 98
126 120 29 98
126 120 30 98
126 123 32 98
126 108 37 98
126 125 38 98
126 126 41 98
126 122 46 98
126 106 50 98
127 125 10 98
127 121 12 98
127 126 17 98
127 125 18 98
127 125 19 98
127 107 20 98
127 109 21 98
127 125 22 98
127 125 23 98
127 113 24 98
127 119 25 98
127 120 28 98
127 120 29 98
127 120 30 98
127 123 32 98
127 108 37 98
127 125 38 98
127 126 41 98
127 122 46 98
20 5 6 99
20 14 6 99
20 35 6 99
20 14 7 99
20 15 7 99
20 0 9 99
20 1 9 99
20 16 9 99
20 2 10 99
20 3 10 99
20 25 10 99
20 21 12 99
20 23 13 99
20 5 14 99
20 34 17 99
20 19 18 99
20 35 18 99
20 21 19 99
20 25 21 99
20 5 24 99
20 0 25 99
20 1 25 99
20 16 25 99
20 29 26 99
20 34 26 99
20 28 27 99
20 5 28 99
20 16 28 99
20 3 30 99
20 13 31 99
20 16 32 99
20 13 33 99
20 16 34 99
20 17 35 99
20 30 36 99
20 16 37 99
20 28 38 99
20 13 41 99
20 20 41 99
20 0 42 99
20 5 42 99
20 18 43 99
20 26 44 99
20 21 48 99
20 0 51 99
20 19 51 99
20 34 51 99
20 5 53 99
20 3 54 99
20 11 54 99
20 18 54 99
96 96 6 99
96 78 7 99
96 93 8 99
96 82 10 99
96 81 12 99
96 81 14 99
96 105 15 99
96 107 19 99
96 109 20 99
96 113 23 99
96 82 25 99
96 94 26 99
96 92 33 99
96 88 34 99
96 89 35 99
96 108 36 99
96 100 41 99
96 94 42 99
96 94 43 99
96 96 44 99
96 81 46 99
96 106 49 99
96 89 52 99
96 102 54 99
0 5 5 100
0 14 5 100
0 14 6 100
0 15 6 100
0 0 8 100
0 1 8 100
0 16 8 100
0 2 9 100
0 3 9 100
0 5 13 100
0 19 17 100
0 5 23 100
0 0 24 100
0 1 24 100
0 16 24 100
0 5 27 100
0 16 27 100
0 3 29 100
0 13 30 100
0 16 31 100
0 13 32 100
0 16 33 100
0 17 34 100
0 16 36 100
0 13 40 100
0 0 41 100
0 5 41 100
0 18 42 100
0 0 50 100
0 19 50 100
0 5 52 100
0 3 53 100
0 11 53 100
0 18 53 100
0 18 54 100
13 5 5 100
13 14 5 100
13 14 6 100
13 15 6 100
13 0 8 100
13 1 8 100
13 16 8 100
13 2 9 100
13 3 9 100
13 25 9 100
13 21 11 100
13 23 12 100
13 5 13 100
13 19 17 100
13 21 18 100
13 25 20 100
13 5 23 100
13 0 24 100
13 1 24 100
13 16 24 100
13 29 25 100
13 28 26 100
13 5 27 100
13 16 27 100
13 3 29 100
13 13 30 100
13 16 31 100
13 13 32 100
13 16 33 100
13 17 34 100
13 30 35 100
13 16 36 100
13 28 37 100
13 13 40 100
13 20 40 100
13 0 41 100
13 5 41 100
13 18 42 100
13 26 43 100
13 21 47 100
13 0 50 100
13 19 50 100
13 5 52 100
13 3 53 100
13 11 53 100
13 18 53 100
13 18 54 100
18 5 5 100
18 14 5 100
18 35 5 100
18 14 6 100
18 15 6 100
18 0 8 100
18 1 8 100
18 16 8 100
18 2 9 100
18 3 9 100
18 25 9 100
18 21 11 100
18 23 12 100
18 5 13 100
18 34 16 100
18 19 17 100
18 35 17 100
18 21 18 100
18 25 20 100
18 5 23 100
18 0 24 100
18 1 24 100
18 16 24 100
18 29 25 100
18 34 25 100
18 28 26 100
18 5 27 100
18 16 27 100
18 3 29 100
18 13 30 100
18 16 31 100
18 13 32 100
18 16 33 100
18 17 34 100
18 30 35 100
18 16 36 100
18 28 37 100
18 13 40 100
18 20 40 100
18 0 41 100
18 5 41 100
18 18 42 100
18 26 43 100
18 21 47 100
18 0 50 100
18 19 50 100
18 34 50 100
18 5 52 100
18 3 53 100
18 11 53 100
18 18 53 100
18 18 54 100
92 96 5 100
92 78 6 100
92 93 7 100
92 82 9 100
92 81 11 100
92 81 13 100
92 105 14 100
92 107 18 100
92 109 19 100
92 82 24 100
92 94 25 100
92 92 32 100
92 88 33 100
92 89 34 100
92 108 35 100
92 100 40 100
92 94 41 100
92 94 42 100
92 96 43 100
92 81 45 100
92 106 48 100
92 89 51 100
92 102 53 100
17 14 5 101
17 15 5 101
17 0 7 101
17 1 7 101
17 16 7 101
17 2 8 101
17 3 8 101
17 25 8 101
17 21 10 101
17 23 11 101
17 5 12 101
17 34 15 101
17 19 16 101
17 35 16 101
17 21 17 101
17 25 19 101
17 5 22 101
17 0 23 101
17 1 23 101
17 16 23 101
17 29 24 101
17 34 24 101
17 28 25 101
17 5 26 101
17 16 26 101
17 3 28 101
17 13 29 101
17 16 30 101
17 13 31 101
17 16 32 101
17 17 33 101
17 30 34 101
17 16 35 101
17 28 36 101
17 13 39 101
17 20 39 101
17 0 40 101
17 5 40 101
17 18 41 101
17 26 42 101
17 21 46 101
17 0 49 101
17 19 49 101
17 34 49 101
17 5 51 101
17 3 52 101
17 11 52 101
17 18 52 101
17 18 53 101
106 93 6 101
106 125 7 101
106 121 9 101
106 105 13 101
106 125 15 101
106 125 16 101
106 107 17 101
106 109 18 101
106 125 19 101
106 125 20 101
106 113 21 101
106 119 22 101
106 94 24 101
106 120 25 101
106 120 26 101
106 120 27 101
106 123 29 101
106 92 31 101
106 88 32 101
106 89 33 101
106 108 34 101
106 125 35 101
106 100 39 101
106 94 40 101
106 94 41 101
106 96 42 101
106 122 43 101
106 106 47 101
106 89 50 101
106 102 52 101
106 94 54 101
5 21 6 105
5 23 7 105
5 5 8 105
5 19 12 105
5 21 13 105
5 5 18 105
5 0 19 105
5 1 19 105
5 16 19 105
5 5 22 105
5 16 22 105
5 3 24 105
5 13 25 105
5 16 26 105
5 13 27 105
5 16 28 105
5 17 29 105
5 16 31 105
5 13 35 105
5 20 35 105
5 0 36 105
5 5 36 105
5 18 37 105
5 21 42 105
5 0 45 105
5 19 45 105
5 5 47 105
5 3 48 105
5 11 48 105
5 18 48 105
5 18 49 105
5 21 52 105
5 5 53 105
5 0 54 105
14 21 6 105
14 23 7 105
14 5 8 105
14 19 12 105
14 21 13 105
14 25 15 105
14 5 18 105
14 0 19 105
14 1 19 105
14 16 19 105
14 29 20 105
14 28 21 105
14 5 22 105
14 16 22 105
14 3 24 105
14 13 25 105
14 16 26 105
14 13 27 105
14 16 28 105
14 17 29 105
14 30 30 105
14 16 31 105
14 28 32 105
14 13 35 105
14 20 35 105
14 0 36 105
14 5 36 105
14 18 37 105
14 26 38 105
14 21 42 105
14 0 45 105
14 19 45 105
14 5 47 105
14 3 48 105
14 11 48 105
14 18 48 105
14 18 49 105
14 21 52 105
14 5 53 105
14 0 54 105
35 21 6 105
35 40 6 105
35 23 7 105
35 43 7 105
35 34 11 105
35 19 12 105
35 35 12 105
35 21 13 105
35 25 15 105
35 16 19 105
35 29 20 105
35 34 20 105
35 28 21 105
35 16 22 105
35 16 26 105
35 16 28 105
35 17 29 105
35 30 30 105
35 40 30 105
35 16 31 105
35 28 32 105
35 40 34 105
35 20 35 105
35 18 37 105
35 26 38 105
35 41 40 105
35 21 42 105
35 54 43 105
35 19 45 105
35 34 45 105
35 18 48 105
35 18 49 105
35 45 51 105
35 21 52 105
96 81 6 105
96 81 8 105
96 105 9 105
96 107 13 105
96 109 14 105
96 113 17 105
96 82 19 105
96 94 20 105
96 92 27 105
96 88 28 105
96 89 29 105
96 108 30 105
96 100 35 105
96 94 36 105
96 94 37 105
96 96 38 105
96 81 40 105
96 106 43 105
96 89 46 105
96 102 48 105
96 94 50 105
96 100 52 105
96 91 53 105
96 95 54 105
14 21 5 106
14 23 6 106
14 5 7 106
14 19 11 106
14 21 12 106
14 25 14 106
14 5 17 106
14 0 18 106
14 1 18 106
14 16 18 106
14 29 19 106
14 28 20 106
14 5 21 106
14 16 21 106
14 3 23 106
14 13 24 106
14 16 25 106
14 13 26 106
14 16 27 106
14 17 28 106
14 30 29 106
14 16 30 106
14 28 31 106
14 13 34 106
14 20 34 106
14 0 35 106
14 5 35 106
14 18 36 106
14 26 37 106
14 21 41 106
14 0 44 106
14 19 44 106
14 5 46 106
14 3 47 106
14 11 47 106
14 18 47 106
14 18 48 106
14 21 51 106
14 5 52 106
14 0 53 106
15 21 5 106
15 23 6 106
15 5 7 106
15 34 10 106
15 19 11 106
15 21 12 106
15 25 14 106
15 5 17 106
15 0 18 106
15 1 18 106
15 16 18 106
15 29 19 106
15 34 19 106
15 28 20 106
15 5 21 106
15 16 21 106
15 3 23 106
15 13 24 106
15 16 25 106
15 13 26 106
15 16 27 106
15 17 28 106
15 30 29 106
15 16 30 106
15 28 31 106
15 13 34 106
15 20 34 106
15 0 35 106
15 5 35 106
15 18 36 106
15 26 37 106
15 21 41 106
15 0 44 106
15 19 44 106
15 34 44 106
15 5 46 106
15 3 47 106
15 11 47 106
15 18 47 106
15 18 48 106
15 21 51 106
15 5 52 106
15 0 53 106
78 81 5 106
78 64 6 106
78 81 7 106
78 82 18 106
78 94 19 106
78 68 25 106
78 92 26 106
78 88 27 106
78 89 28 106
78 94 35 106
78 94 36 106
78 96 37 106
78 81 39 106
78 62 40 106
78 64 40 106
78 71 43 106
78 71 44 106
78 89 45 106
78 94 49 106
78 69 50 106
78 91 52 106
78 95 53 106
78 97 54 106
93 81 6 107
93 105 7 107
93 107 11 107
93 109 12 107
93 82 17 107
93 94 18 107
93 92 25 107
93 88 26 107
93 89 27 107
93 108 28 107
93 100 33 107
93 94 34 107
93 94 35 107
93 96 36 107
93 81 38 107
93 106 41 107
93 89 44 107
93 102 46 107
93 94 48 107
93 100 50 107
93 91 51 107
93 95 52 107
93 97 53 107
0 5 5 108
0 19 9 108
0 5 15 108
0 0 16 108
0 1 16 108
0 16 16 108
0 5 19 108
0 16 19 108
0 3 21 108
0 13 22 108
0 16 23 108
0 13 24 108
0 16 25 108
0 17 26 108
0 16 28 108
0 13 32 108
0 0 33 108
0 5 33 108
0 18 34 108
0 0 42 108
0 19 42 108
0 5 44 108
0 3 45 108
0 11 45 108
0 18 45 108
0 18 46 108
0 5 50 108
0 0 51 108
1 5 5 108
1 19 9 108
1 5 15 108
1 0 16 108
1 1 16 108
1 16 16 108
1 5 19 108
1 16 19 108
1 3 21 108
1 13 22 108
1 16 23 108
1 13 24 108
1 16 25 108
1 17 26 108
1 16 28 108
1 13 32 108
1 20 32 108
1 0 33 108
1 5 33 108
1 18 34 108
1 0 42 108
1 19 42 108
1 5 44 108
1 3 45 108
1 11 45 108
1 18 45 108
1 18 46 108
1 5 50 108
1 0 51 108
16 5 5 108
16 34 8 108
16 19 9 108
16 35 9 108
16 21 10 108
16 25 12 108
16 5 15 108
16 0 16 108
16 1 16 108
16 16 16 108
16 29 17 108
16 34 17 108
16 28 18 108
16 5 19 108
16 16 19 108
16 3 21 108
16 13 22 108
16 16 23 108
16 13 24 108
16 16 25 108
16 17 26 108
16 30 27 108
16 16 28 108
16 28 29 108
16 13 32 108
16 20 32 108
16 0 33 108
16 5 33 108
16 18 34 108
16 26 35 108
16 21 39 108
16 0 42 108
16 19 42 108
16 34 42 108
16 5 44 108
16 3 45 108
16 11 45 108
16 18 45 108
16 18 46 108
16 21 49 108
16 5 50 108
16 0 51 108
125 105 6 108
125 126 7 108
125 125 8 108
125 125 9 108
125 107 10 108
125 109 11 108
125 125 12 108
125 125 13 108
125 113 14 108
125 119 15 108
125 120 18 108
125 120 19 108
125 120 20 108
125 123 22 108
125 108 27 108
125 125 28 108
125 126 31 108
125 122 36 108
125 106 40 108
2 19 8 109
2 21 9 109
2 5 14 109
2 0 15 109
2 1 15 109
2 16 15 109
2 5 18 109
2 16 18 109
2 3 20 109
2 13 21 109
2 16 22 109
2 13 23 109
2 16 24 109
2 17 25 109
2 16 27 109
2 13 31 109
2 20 31 109
2 0 32 109
2 5 32 109
2 18 33 109
2 21 38 109
2 0 41 109
2 19 41 109
2 5 43 109
2 3 44 109
2 11 44 109
2 18 44 109
2 18 45 109
2 21 48 109
2 5 49 109
2 0 50 109
3 19 8 109
3 21 9 109
3 5 14 109
3 0 15 109
3 1 15 109
3 16 15 109
3 5 18 109
3 16 18 109
3 3 20 109
3 13 21 109
3 16 22 109
3 13 23 109
3 16 24 109
3 17 25 109
3 16 27 109
3 13 31 109
3 20 31 109
3 0 32 109
3 5 32 109
3 18 33 109
3 21 38 109
3 0 41 109
3 19 41 109
3 5 43 109
3 3 44 109
3 11 44 109
3 18 44 109
3 18 45 109
3 21 48 109
3 5 49 109
3 0 50 109
25 34 7 109
25 19 8 109
25 35 8 109
25 21 9 109
25 25 11 109
25 5 14 109
25 16 15 109
25 29 16 109
25 34 16 109
25 28 17 109
25 5 18 109
25 16 18 109
25 13 21 109
25 16 22 109
25 13 23 109
25 16 24 109
25 17 25 109
25 30 26 109
25 40 26 109
25 16 27 109
25 28 28 109
25 40 30 109
25 13 31 109
25 20 31 109
25 5 32 109
25 18 33 109
25 26 34 109
25 41 36 109
25 21 38 109
25 19 41 109
25 34 41 109
25 5 43 109
25 11 44 109
25 18 44 109
25 18 45 109
25 21 48 109
25 5 49 109
82 82 15 109
82 94 16 109
82 68 22 109
82 92 23 109
82 88 24 109
82 89 25 109
82 100 31 109
82 94 32 109
82 94 33 109
82 96 34 109
82 81 36 109
82 62 37 109
82 64 37 109
82 71 40 109
82 71 41 109
82 89 42 109
82 94 46 109
82 69 47 109
82 100 48 109
82 91 49 109
82 95 50 109
82 97 51 109
121 126 5 110
121 125 6 110
121 125 7 110
121 107 8 110
121 109 9 110
121 125 10 110
121 125 11 110
121 113 12 110
121 119 13 110
121 120 16 110
121 120 17 110
121 120 18 110
121 123 20 110
121 108 25 110
121 125 26 110
121 126 29 110
121 122 34 110
121 106 38 110
121 102 43 110
21 34 5 111
21 19 6 111
21 35 6 111
21 21 7 111
21 25 9 111
21 5 12 111
21 1 13 111
21 16 13 111
21 29 14 111
21 34 14 111
21 28 15 111
21 5 16 111
21 16 16 111
21 3 18 111
21 13 19 111
21 16 20 111
21 13 21 111
21 16 22 111
21 17 23 111
21 30 24 111
21 40 24 111
21 16 25 111
21 28 26 111
21 40 28 111
21 13 29 111
21 20 29 111
21 5 30 111
21 18 31 111
21 26 32 111
21 21 36 111
21 19 39 111
21 34 39 111
21 5 41 111
21 3 42 111
21 11 42 111
21 18 42 111
21 18 43 111
21 21 46 111
21 5 47 111
40 34 5 111
40 35 6 111
40 21 7 111
40 25 9 111
40 29 14 111
40 34 14 111
40 28 15 111
40 30 24 111
40 40 24 111
40 28 26 111
40 40 28 111
40 20 29 111
40 26 32 111
40 41 34 111
40 21 36 111
40 54 37 111
40 34 39 111
40 45 45 111
40 21 46 111
81 82 13 111
81 94 14 111
81 68 20 111
81 92 21 111
81 88 22 111
81 89 23 111
81 100 29 111
81 94 30 111
81 94 31 111
81 96 32 111
81 81 34 111
81 62 35 111
81 64 35 111
81 71 38 111
81 71 39 111
81 89 40 111
81 94 44 111
81 69 45 111
81 100 46 111
81 91 47 111
81 95 48 111
81 97 49 111
23 19 5 112
23 35 5 112
23 21 6 112
23 25 8 112
23 5 11 112
23 16 12 112
23 29 13 112
23 34 13 112
23 28 14 112
23 5 15 112
23 16 15 112
23 3 17 112
23 13 18 112
23 16 19 112
23 13 20 112
23 16 21 112
23 17 22 112
23 30 23 112
23 40 23 112
23 16 24 112
23 28 25 112
23 40 27 112
23 13 28 112
23 20 28 112
23 5 29 112
23 18 30 112
23 26 31 112
23 41 33 112
23 21 35 112
23 19 38 112
23 34 38 112
23 5 40 112
23 3 41 112
23 11 41 112
23 18 41 112
23 18 42 112
23 21 45 112
23 5 46 112
43 35 5 112
43 25 8 112
43 29 13 112
43 34 13 112
43 28 14 112
43 30 23 112
43 40 23 112
43 28 25 112
43 40 27 112
43 26 31 112
43 41 33 112
43 62 34 112
43 54 36 112
43 34 38 112
43 45 44 112
64 82 12 112
64 68 19 112
64 81 33 112
64 62 34 112
64 64 34 112
64 54 36 112
64 71 37 112
64 71 38 112
64 45 44 112
64 69 44 112
5 21 5 113
5 5 10 113
5 0 11 113
5 1 11 113
5 16 11 113
5 5 14 113
5 16 14 113
5 3 16 113
5 13 17 113
5 16 18 113
5 13 19 113
5 16 20 113
5 17 21 113
5 16 23 113
5 13 27 113
5 20 27 113
5 0 28 113
5 5 28 113
5 18 29 113
5 21 34 113
5 0 37 113
5 19 37 113
5 5 39 113
5 3 40 113
5 11 40 113
5 18 40 113
5 18 41 113
5 21 44 113
5 5 45 113
5 0 46 113
81 82 11 113
81 94 12 113
81 68 18 113
81 92 19 113
81 88 20 113
81 89 21 113
81 100 27 113
81 94 28 113
81 94 29 113
81 96 30 113
81 81 32 113
81 62 33 113
81 64 33 113
81 71 36 113
81 71 37 113
81 89 38 113
81 94 42 113
81 69 43 113
81 100 44 113
81 91 45 113
81 95 46 113
81 97 47 113
105 109 5 114
105 113 8 114
105 119 9 114
105 94 11 114
105 120 12 114
105 120 13 114
105 120 14 114
105 123 16 114
105 92 18 114
105 88 19 114
105 89 20 114
105 108 21 114
105 100 26 114
105 94 27 114
105 94 28 114
105 96 29 114
105 122 30 114
105 106 34 114
105 89 37 114
105 102 39 114
105 94 41 114
105 100 43 114
105 91 44 114
105 95 45 114
105 97 46 114
126 125 5 115
126 125 6 115
126 113 7 115
126 119 8 115
126 120 11 115
126 120 12 115
126 120 13 115
126 123 15 115
126 108 20 115
126 125 21 115
126 126 24 115
126 122 29 115
126 106 33 115
34 16 8 116
34 29 9 116
34 34 9 116
34 28 10 116
34 16 11 116
34 16 15 116
34 16 17 116
34 17 18 116
34 30 19 116
34 40 19 116
34 16 20 116
34 28 21 116
34 40 23 116
34 20 24 116
34 18 26 116
34 26 27 116
34 41 29 116
34 21 31 116
34 19 34 116
34 34 34 116
34 18 37 116
34 18 38 116
34 45 40 116
34 21 41 116
125 125 5 116
125 113 6 116
125 119 7 116
125 120 10 116
125 120 11 116
125 120 12 116
125 123 14 116
125 108 19 116
125 125 20 116
125 126 23 116
125 122 28 116
125 106 32 116
19 5 6 117
19 0 7 117
19 1 7 117
19 16 7 117
19 29 8 117
19 34 8 117
19 28 9 117
19 5 10 117
19 16 10 117
19 3 12 117
19 13 13 117
19 16 14 117
19 13 15 117
19 16 16 117
19 17 17 117
19 30 18 117
19 16 19 117
19 28 20 117
19 13 23 117
19 20 23 117
19 0 24 117
19 5 24 117
19 18 25 117
19 26 26 117
19 21 30 117
19 0 33 117
19 19 33 117
19 34 33 117
19 5 35 117
19 3 36 117
19 11 36 117
19 18 36 117
19 18 37 117
19 21 40 117
19 5 41 117
19 0 42 117
35 16 7 117
35 29 8 117
35 34 8 117
35 28 9 117
35 16 10 117
35 16 14 117
35 16 16 117
35 17 17 117
35 30 18 117
35 40 18 117
35 16 19 117
35 28 20 117
35 40 22 117
35 20 23 117
35 18 25 117
35 26 26 117
35 41 28 117
35 21 30 117
35 54 31 117
35 19 33 117
35 34 33 117
35 18 36 117
35 18 37 117
35 45 39 117
35 21 40 117
125 113 5 117
125 119 6 117
125 120 9 117
125 120 10 117
125 120 11 117
125 123 13 117
125 108 18 117
125 125 19 117
125 126 22 117
125 122 27 117
125 106 31 117
21 5 5 118
21 1 6 118
21 16 6 118
21 29 7 118
21 34 7 118
21 28 8 118
21 5 9 118
21 16 9 118
21 3 11 118
21 13 12 118
21 16 13 118
21 13 14 118
21 16 15 118
21 17 16 118
21 30 17 118
21 40 17 118
21 16 18 118
21 28 19 118
21 40 21 118
21 13 22 118
21 20 22 118
21 5 23 118
21 18 24 118
21 26 25 118
21 21 29 118
21 19 32 118
21 34 32 118
21 5 34 118
21 3 35 118
21 11 35 118
21 18 35 118
21 18 36 118
21 21 39 118
21 5 40 118
107 119 5 118
107 94 7 118
107 120 8 118
107 120 9 118
107 120 10 118
107 123 12 118
107 92 14 118
107 88 15 118
107 89 16 118
107 108 17 118
107 125 18 118
107 126 21 118
107 100 22 118
107 94 23 118
107 94 24 118
107 96 25 118
107 122 26 118
107 106 30 118
107 89 33 118
107 102 35 118
107 94 37 118
107 100 39 118
107 91 40 118
107 95 41 118
107 97 42 118
109 94 6 119
109 120 7 119
109 120 8 119
109 120 9 119
109 123 11 119
109 92 13 119
109 89 15 119
109 108 16 119
109 125 17 119
109 126 20 119
109 100 21 119
109 94 22 119
109 94 23 119
109 96 24 119
109 122 25 119
109 106 29 119
109 89 32 119
109 102 34 119
109 94 36 119
109 100 38 119
109 91 39 119
109 95 40 119
109 97 41 119
25 29 5 120
25 34 5 120
25 28 6 120
25 5 7 120
25 16 7 120
25 13 10 120
25 16 11 120
25 13 12 120
25 16 13 120
25 17 14 120
25 30 15 120
25 40 15 120
25 16 16 120
25 28 17 120
25 40 19 120
25 13 20 120
25 20 20 120
25 5 21 120
25 18 22 120
25 26 23 120
25 41 25 120
25 21 27 120
25 19 30 120
25 34 30 120
25 5 32 120
25 11 33 120
25 18 33 120
25 18 34 120
25 21 37 120
25 5 38 120
125 120 6 120
125 120 7 120
125 120 8 120
125 123 10 120
125 108 15 120
125 125 16 120
125 126 19 120
125 122 24 120
125 106 28 120
125 120 5 121
125 120 6 121
125 120 7 121
125 123 9 121
125 108 14 121
125 125 15 121
125 126 18 121
125 122 23 121
125 106 27 121
113 120 5 122
113 120 6 122
113 123 8 122
113 108 13 122
113 125 14 122
113 126 17 122
113 100 18 122
113 94 19 122
113 94 20 122
113 96 21 122
113 122 22 122
113 106 26 122
113 102 31 122
113 94 33 122
113 100 35 122
113 95 37 122
113 97 38 122
5 3 6 123
5 13 7 123
5 16 8 123
5 13 9 123
5 16 10 123
5 17 11 123
5 16 13 123
5 13 17 123
5 20 17 123
5 0 18 123
5 5 18 123
5 18 19 123
5 21 24 123
5 0 27 123
5 19 27 123
5 5 29 123
5 3 30 123
5 11 30 123
5 18 30 123
5 18 31 123
5 21 34 123
5 5 35 123
5 0 36 123
119 120 5 123
119 123 7 123
119 108 12 123
119 125 13 123
119 126 16 123
119 100 17 123
119 122 21 123
119 106 25 123
119 102 30 123
119 100 34 123
0 3 5 124
0 13 6 124
0 16 7 124
0 13 8 124
0 16 9 124
0 17 10 124
0 16 12 124
0 13 16 124
0 0 17 124
0 5 17 124
0 18 18 124
0 0 26 124
0 19 26 124
0 5 28 124
0 3 29 124
0 11 29 124
0 18 29 124
0 18 30 124
0 5 34 124
0 0 35 124
1 3 5 124
1 13 6 124
1 16 7 124
1 13 8 124
1 16 9 124
1 17 10 124
1 16 12 124
1 13 16 124
1 20 16 124
1 0 17 124
1 5 17 124
1 18 18 124
1 0 26 124
1 19 26 124
1 5 28 124
1 3 29 124
1 11 29 124
1 18 29 124
1 18 30 124
1 5 34 124
1 0 35 124
16 3 5 124
16 13 6 124
16 16 7 124
16 13 8 124
16 16 9 124
16 17 10 124
16 30 11 124
16 16 12 124
16 28 13 124
16 13 16 124
16 20 16 124
16 0 17 124
16 5 17 124
16 18 18 124
16 26 19 124
16 21 23 124
16 0 26 124
16 19 26 124
16 34 26 124
16 5 28 124
16 3 29 124
16 11 29 124
16 18 29 124
16 18 30 124
16 21 33 124
16 5 34 124
16 0 35 124
82 68 7 124
82 92 8 124
82 88 9 124
82 89 10 124
82 100 16 124
82 94 17 124
82 94 18 124
82 96 19 124
82 81 21 124
82 62 22 124
82 64 22 124
82 71 25 124
82 71 26 124
82 89 27 124
82 94 31 124
82 69 32 124
82 100 33 124
82 91 34 124
82 95 35 124
82 97 36 124
29 13 5 125
29 16 6 125
29 13 7 125
29 16 8 125
29 17 9 125
29 30 10 125
29 40 10 125
29 16 11 125
29 28 12 125
29 40 14 125
29 13 15 125
29 20 15 125
29 18 17 125
29 26 18 125
29 41 20 125
29 21 22 125
29 19 25 125
29 34 25 125
29 11 28 125
29 18 28 125
29 18 29 125
29 45 31 125
29 21 32 125
34 16 6 125
34 16 8 125
34 17 9 125
34 30 10 125
34 40 10 125
34 16 11 125
34 28 12 125
34 40 14 125
34 20 15 125
34 18 17 125
34 26 18 125
34 41 20 125
34 21 22 125
34 19 25 125
34 34 25 125
34 18 28 125
34 18 29 125
34 45 31 125
34 21 32 125
94 92 7 125
94 88 8 125
94 89 9 125
94 108 10 125
94 100 15 125
94 94 16 125
94 94 17 125
94 96 18 125
94 81 20 125
94 106 23 125
94 89 26 125
94 102 28 125
94 94 30 125
94 100 32 125
94 91 33 125
94 95 34 125
94 97 35 125
28 16 5 126
28 13 6 126
28 16 7 126
28 17 8 126
28 30 9 126
28 40 9 126
28 16 10 126
28 28 11 126
28 40 13 126
28 13 14 126
28 20 14 126
28 18 16 126
28 26 17 126
28 41 19 126
28 21 21 126
28 19 24 126
28 34 24 126
28 11 27 126
28 18 27 126
28 18 28 126
28 45 30 126
28 21 31 126
120 108 9 126
120 125 10 126
120 126 13 126
120 100 14 126
120 122 18 126
120 106 22 126
120 102 27 126
120 100 31 126
5 13 5 127
5 16 6 127
5 17 7 127
5 16 9 127
5 13 13 127
5 20 13 127
5 0 14 127
5 5 14 127
5 18 15 127
5 21 20 127
5 0 23 127
5 19 23 127
5 5 25 127
5 3 26 127
5 11 26 127
5 18 26 127
5 18 27 127
5 21 30 127
5 5 31 127
5 0 32 127
16 13 5 127
16 16 6 127
16 17 7 127
16 30 8 127
16 16 9 127
16 28 10 127
16 13 13 127
16 20 13 127
16 0 14 127
16 5 14 127
16 18 15 127
16 26 16 127
16 21 20 127
16 0 23 127
16 19 23 127
16 34 23 127
16 5 25 127
16 3 26 127
16 11 26 127
16 18 26 127
16 18 27 127
16 21 30 127
16 5 31 127
16 0 32 127
120 108 8 127
120 125 9 127
120 126 12 127
120 100 13 127
120 122 17 127
120 106 21 127
120 102 26 127
120 100 30 127
120 108 7 128
120 125 8 128
120 126 11 128
120 100 12 128
120 122 16 128
120 106 20 128
120 102 25 128
120 100 29 128
3 17 5 129
3 16 7 129
3 13 11 129
3 20 11 129
3 0 12 129
3 5 12 129
3 18 13 129
3 21 18 129
3 0 21 129
3 19 21 129
3 5 23 129
3 3 24 129
3 11 24 129
3 18 24 129
3 18 25 129
3 21 28 129
3 5 29 129
3 0 30 129
13 30 5 130
13 16 6 130
13 28 7 130
13 13 10 130
13 20 10 130
13 0 11 130
13 5 11 130
13 18 12 130
13 26 13 130
13 21 17 130
13 0 20 130
13 19 20 130
13 5 22 130
13 3 23 130
13 11 23 130
13 18 23 130
13 18 24 130
13 21 27 130
13 5 28 130
13 0 29 130
123 108 5 130
123 125 6 130
123 126 9 130
123 122 14 130
123 106 18 130
16 16 5 131
16 28 6 131
16 13 9 131
16 20 9 131
16 0 10 131
16 5 10 131
16 18 11 131
16 26 12 131
16 21 16 131
16 0 19 131
16 19 19 131
16 34 19 131
16 5 21 131
16 3 22 131
16 11 22 131
16 18 22 131
16 18 23 131
16 21 26 131
16 5 27 131
16 0 28 131
68 81 14 131
68 62 15 131
68 64 15 131
68 54 17 131
68 71 18 131
68 71 19 131
68 69 25 131
13 28 5 132
13 13 8 132
13 20 8 132
13 0 9 132
13 5 9 132
13 18 10 132
13 26 11 132
13 21 15 132
13 0 18 132
13 19 18 132
13 5 20 132
13 3 21 132
13 11 21 132
13 18 21 132
13 18 22 132
13 21 25 132
13 5 26 132
13 0 27 132
92 100 8 132
92 94 9 132
92 94 10 132
92 96 11 132
92 81 13 132
92 106 16 132
92 89 19 132
92 102 21 132
92 94 23 132
92 100 25 132
92 91 26 132
92 95 27 132
92 97 28 132
16 13 7 133
16 20 7 133
16 0 8 133
16 5 8 133
16 18 9 133
16 26 10 133
16 21 14 133
16 0 17 133
16 19 17 133
16 34 17 133
16 5 19 133
16 3 20 133
16 11 20 133
16 18 20 133
16 18 21 133
16 21 24 133
16 5 25 133
16 0 26 133
88 100 7 133
88 94 8 133
88 94 9 133
88 96 10 133
88 81 12 133
88 106 15 133
88 71 16 133
88 71 17 133
88 89 18 133
88 102 20 133
88 94 22 133
88 69 23 133
88 100 24 133
88 91 25 133
88 95 26 133
88 97 27 133
17 13 6 134
17 20 6 134
17 0 7 134
17 5 7 134
17 18 8 134
17 26 9 134
17 21 13 134
17 0 16 134
17 19 16 134
17 34 16 134
17 5 18 134
17 3 19 134
17 11 19 134
17 18 19 134
17 18 20 134
17 21 23 134
17 5 24 134
17 0 25 134
89 100 6 134
89 94 7 134
89 94 8 134
89 96 9 134
89 81 11 134
89 106 14 134
89 71 15 134
89 71 16 134
89 89 17 134
89 102 19 134
89 94 21 134
89 69 22 134
89 100 23 134
89 91 24 134
89 95 25 134
89 97 26 134
30 13 5 135
30 20 5 135
30 18 7 135
30 26 8 135
30 41 10 135
30 21 12 135
30 19 15 135
30 34 15 135
30 11 18 135
30 18 18 135
30 18 19 135
30 45 21 135
30 21 22 135
40 20 5 135
40 26 8 135
40 41 10 135
40 21 12 135
40 54 13 135
40 34 15 135
40 45 21 135
40 21 22 135
108 100 5 135
108 94 6 135
108 94 7 135
108 96 8 135
108 122 9 135
108 106 13 135
108 89 16 135
108 102 18 135
108 94 20 135
108 100 22 135
108 91 23 135
108 95 24 135
108 97 25 135
16 0 5 136
16 5 5 136
16 18 6 136
16 26 7 136
16 21 11 136
16 0 14 136
16 19 14 136
16 34 14 136
16 5 16 136
16 3 17 136
16 11 17 136
16 18 17 136
16 18 18 136
16 21 21 136
16 5 22 136
16 0 23 136
125 122 8 136
125 106 12 136
28 18 5 137
28 26 6 137
28 41 8 137
28 21 10 137
28 19 13 137
28 34 13 137
28 11 16 137
28 18 16 137
28 18 17 137
28 45 19 137
28 21 20 137
40 41 6 139
40 21 8 139
40 54 9 139
40 34 11 139
40 45 17 139
40 21 18 139
126 122 5 139
126 106 9 139
13 21 7 140
13 0 10 140
13 19 10 140
13 5 12 140
13 3 13 140
13 11 13 140
13 18 13 140
13 18 14 140
13 21 17 140
13 5 18 140
13 0 19 140
20 21 7 140
20 0 10 140
20 19 10 140
20 34 10 140
20 5 12 140
20 3 13 140
20 11 13 140
20 18 13 140
20 18 14 140
20 21 17 140
20 5 18 140
20 0 19 140
100 81 5 140
100 106 8 140
100 89 11 140
100 102 13 140
100 94 15 140
100 100 17 140
100 91 18 140
100 95 19 140
100 97 20 140
0 0 9 141
0 19 9 141
0 5 11 141
0 3 12 141
0 11 12 141
0 18 12 141
0 18 13 141
0 5 17 141
0 0 18 141
5 21 6 141
5 0 9 141
5 19 9 141
5 5 11 141
5 3 12 141
5 11 12 141
5 18 12 141
5 18 13 141
5 21 16 141
5 5 17 141
5 0 18 141
94 106 7 141
94 89 10 141
94 102 12 141
94 94 14 141
94 100 16 141
94 91 17 141
94 95 18 141
94 97 19 141
18 21 5 142
18 0 8 142
18 19 8 142
18 34 8 142
18 5 10 142
18 3 11 142
18 11 11 142
18 18 11 142
18 18 12 142
18 21 15 142
18 5 16 142
18 0 17 142
94 106 6 142
94 89 9 142
94 102 11 142
94 94 13 142
94 100 15 142
94 91 16 142
94 95 17 142
94 97 18 142
26 19 7 143
26 34 7 143
26 11 10 143
26 18 10 143
26 18 11 143
26 45 13 143
26 21 14 143
96 106 5 143
96 89 8 143
96 102 10 143
96 94 12 143
96 100 14 143
96 91 15 143
96 95 16 143
96 97 17 143
122 102 9 144
41 34 5 145
41 45 11 145
41 21 12 145
81 71 5 145
81 89 6 145
81 94 10 145
81 69 11 145
81 100 12 145
81 91 13 145
81 95 14 145
81 97 15 145
62 45 10 146
62 69 10 146
64 45 10 146
64 69 10 146
21 5 5 147
21 3 6 147
21 11 6 147
21 18 6 147
21 18 7 147
21 21 10 147
21 5 11 147
54 45 8 148
54 69 8 148
106 102 5 148
106 94 7 148
106 100 9 148
106 91 10 148
106 95 11 148
106 97 12 148
71 69 7 149
0 5 8 150
0 0 9 150
19 21 7 150
19 5 8 150
19 0 9 150
34 45 6 150
34 21 7 150
71 69 6 150
89 69 5 151
89 100 6 151
89 91 7 151
89 95 8 151
89 97 9 151
5 21 5 152
5 5 6 152
5 0 7 152
3 5 5 153
3 0 6 153
11 5 5 153
11 0 6 153
18 5 5 153
18 0 6 153
102 91 5 153
102 95 6 153
102 97 7 153
18 0 5 154
94 97 5 155
