75 70 1 1
75 72 2 1
75 98 3 1
75 41 4 1
75 78 4 1
75 78 8 1
75 47 12 1
75 85 12 1
75 66 15 1
75 71 16 1
75 37 21 1
75 98 22 1
75 98 24 1
75 47 25 1
75 78 25 1
75 30 29 1
75 39 29 1
75 77 29 1
75 106 32 1
75 129 32 1
75 83 33 1
75 37 34 1
75 76 34 1
75 40 42 1
75 129 42 1
75 41 43 1
75 28 44 1
75 38 44 1
75 86 44 1
75 31 46 1
75 30 47 1
75 99 47 1
75 101 48 1
75 17 49 1
75 104 50 1
368 405 5 1
368 330 19 1
368 328 23 1
368 320 24 1
368 362 27 1
368 336 30 1
368 339 31 1
368 330 32 1
368 330 34 1
368 408 37 1
368 404 38 1
368 405 39 1
368 416 40 1
767 734 4 1
767 760 10 1
767 738 12 1
767 764 14 1
767 753 34 1
767 738 36 1
767 711 43 1
70 72 1 2
70 98 2 2
70 41 3 2
70 78 3 2
70 78 7 2
70 47 11 2
70 85 11 2
70 66 14 2
70 71 15 2
70 37 20 2
70 98 21 2
70 98 23 2
70 47 24 2
70 78 24 2
70 30 28 2
70 39 28 2
70 77 28 2
70 12 31 2
70 106 31 2
70 129 31 2
70 83 32 2
70 37 33 2
70 76 33 2
70 40 41 2
70 129 41 2
70 41 42 2
70 28 43 2
70 38 43 2
70 86 43 2
70 31 45 2
70 30 46 2
70 99 46 2
70 101 47 2
70 17 48 2
70 104 49 2
70 30 50 2
70 85 50 2
518 507 2 2
518 511 2 2
518 509 3 2
518 492 7 2
518 506 8 2
518 492 9 2
518 467 10 2
518 536 10 2
518 505 11 2
518 472 12 2
518 492 13 2
518 510 14 2
518 524 14 2
518 489 16 2
518 548 16 2
518 532 18 2
518 545 22 2
518 531 23 2
518 544 26 2
518 550 28 2
518 539 30 2
518 520 36 2
518 521 37 2
518 523 38 2
518 549 40 2
518 492 41 2
518 518 45 2
518 519 50 2
72 98 1 3
72 41 2 3
72 78 2 3
72 78 6 3
72 47 10 3
72 85 10 3
72 66 13 3
72 71 14 3
72 37 19 3
72 98 20 3
72 98 22 3
72 47 23 3
72 78 23 3
72 30 27 3
72 39 27 3
72 77 27 3
72 12 30 3
72 106 30 3
72 129 30 3
72 83 31 3
72 37 32 3
72 76 32 3
72 40 40 3
72 129 40 3
72 41 41 3
72 28 42 3
72 38 42 3
72 86 42 3
72 31 44 3
72 30 45 3
72 99 45 3
72 101 46 3
72 17 47 3
72 104 48 3
72 30 49 3
72 85 49 3
72 84 50 3
156 98 1 3
156 213 2 3
156 155 6 3
156 213 12 3
156 166 13 3
156 170 16 3
156 172 18 3
156 171 19 3
156 98 20 3
156 158 20 3
156 98 22 3
156 154 23 3
156 158 24 3
156 170 26 3
156 156 27 3
156 160 28 3
156 106 30 3
156 129 30 3
156 169 33 3
156 178 34 3
156 156 36 3
156 129 40 3
156 139 42 3
156 146 43 3
156 138 44 3
156 99 45 3
156 101 46 3
156 104 48 3
156 188 48 3
156 174 49 3
297 294 5 3
297 330 17 3
297 266 18 3
297 304 19 3
297 305 20 3
297 253 21 3
297 328 21 3
297 320 22 3
297 291 23 3
297 300 24 3
297 251 25 3
297 303 27 3
297 336 28 3
297 339 29 3
297 330 30 3
297 303 31 3
297 330 32 3
297 292 34 3
297 286 42 3
297 283 43 3
297 259 48 3
297 255 49 3
602 622 3 3
602 548 15 3
602 648 18 3
602 641 19 3
602 601 20 3
602 545 21 3
602 645 23 3
602 618 24 3
602 544 25 3
602 550 27 3
602 650 30 3
602 651 31 3
602 620 33 3
602 632 38 3
602 549 39 3
602 582 42 3
602 584 43 3
602 609 45 3
602 589 46 3
602 643 47 3
602 639 48 3
98 41 1 4
98 78 1 4
98 78 5 4
98 155 5 4
98 47 9 4
98 85 9 4
98 66 12 4
98 71 13 4
98 98 19 4
98 98 21 4
98 47 22 4
98 78 22 4
98 154 22 4
98 39 26 4
98 77 26 4
98 156 26 4
98 106 29 4
98 129 29 4
98 83 30 4
98 76 31 4
98 156 35 4
98 40 39 4
98 129 39 4
98 41 40 4
98 38 41 4
98 86 41 4
98 139 41 4
98 146 42 4
98 138 43 4
98 99 44 4
98 101 45 4
98 104 47 4
98 85 48 4
98 84 49 4
507 509 1 4
507 492 5 4
507 506 6 4
507 492 7 4
507 467 8 4
507 536 8 4
507 505 9 4
507 472 10 4
507 492 11 4
507 510 12 4
507 524 12 4
507 489 14 4
507 548 14 4
507 532 16 4
507 545 20 4
507 531 21 4
507 544 24 4
507 550 26 4
507 539 28 4
507 520 34 4
507 521 35 4
507 523 36 4
507 549 38 4
507 492 39 4
507 518 43 4
507 519 48 4
507 451 50 4
507 550 50 4
511 509 1 4
511 492 5 4
511 506 6 4
511 492 7 4
511 467 8 4
511 536 8 4
511 505 9 4
511 472 10 4
511 492 11 4
511 510 12 4
511 524 12 4
511 489 14 4
511 548 14 4
511 532 16 4
511 545 20 4
511 531 21 4
511 544 24 4
511 550 26 4
511 539 28 4
511 520 34 4
511 521 35 4
511 523 36 4
511 549 38 4
511 492 39 4
511 518 43 4
511 519 48 4
511 451 50 4
511 550 50 4
41 78 4 5
41 47 8 5
41 85 8 5
41 66 11 5
41 71 12 5
41 37 17 5
41 98 18 5
41 98 20 5
41 47 21 5
41 78 21 5
41 30 25 5
41 39 25 5
41 77 25 5
41 6 28 5
41 12 28 5
41 6 29 5
41 83 29 5
41 37 30 5
41 76 30 5
41 40 38 5
41 41 39 5
41 28 40 5
41 38 40 5
41 86 40 5
41 5 41 5
41 31 42 5
41 30 43 5
41 99 43 5
41 17 45 5
41 30 47 5
41 85 47 5
41 84 48 5
41 4 49 5
41 10 49 5
41 15 49 5
41 35 49 5
78 78 4 5
78 47 8 5
78 85 8 5
78 66 11 5
78 71 12 5
78 37 17 5
78 98 18 5
78 98 20 5
78 47 21 5
78 78 21 5
78 30 25 5
78 39 25 5
78 77 25 5
78 106 28 5
78 129 28 5
78 83 29 5
78 37 30 5
78 76 30 5
78 40 38 5
78 129 38 5
78 41 39 5
78 28 40 5
78 38 40 5
78 86 40 5
78 31 42 5
78 30 43 5
78 99 43 5
78 101 44 5
78 104 46 5
78 30 47 5
78 85 47 5
78 84 48 5
78 35 49 5
213 155 4 5
213 213 10 5
213 166 11 5
213 170 14 5
213 172 16 5
213 266 16 5
213 171 17 5
213 158 18 5
213 253 19 5
213 154 21 5
213 158 22 5
213 251 23 5
213 170 24 5
213 156 25 5
213 160 26 5
213 169 31 5
213 178 32 5
213 156 34 5
213 188 46 5
213 259 46 5
213 174 47 5
213 255 47 5
213 241 49 5
509 492 4 5
509 506 5 5
509 492 6 5
509 467 7 5
509 536 7 5
509 505 8 5
509 472 9 5
509 492 10 5
509 510 11 5
509 524 11 5
509 489 13 5
509 548 13 5
509 532 15 5
509 545 19 5
509 531 20 5
509 544 23 5
509 550 25 5
509 539 27 5
509 520 33 5
509 521 34 5
509 523 35 5
509 549 37 5
509 492 38 5
509 518 42 5
509 519 47 5
509 451 49 5
509 550 49 5
734 674 3 5
734 676 4 5
734 680 5 5
734 760 6 5
734 738 8 5
734 764 10 5
734 753 30 5
734 738 32 5
734 711 39 5
405 362 22 6
405 408 32 6
405 404 33 6
405 405 34 6
405 416 35 6
405 446 36 6
405 441 41 6
405 451 48 6
622 674 2 6
622 676 3 6
622 680 4 6
622 671 8 6
622 648 15 6
622 641 16 6
622 601 17 6
622 645 20 6
622 618 21 6
622 650 27 6
622 651 28 6
622 620 30 6
622 632 35 6
622 582 39 6
622 584 40 6
622 609 42 6
622 589 43 6
622 643 44 6
622 639 45 6
622 664 47 6
294 330 12 8
294 266 13 8
294 304 14 8
294 305 15 8
294 253 16 8
294 328 16 8
294 320 17 8
294 291 18 8
294 300 19 8
294 251 20 8
294 303 22 8
294 336 23 8
294 339 24 8
294 330 25 8
294 303 26 8
294 330 27 8
294 292 29 8
294 286 37 8
294 283 38 8
294 259 43 8
294 255 44 8
294 241 46 8
674 676 1 8
674 680 2 8
674 671 6 8
674 648 13 8
674 641 14 8
674 645 18 8
674 618 19 8
674 650 25 8
674 651 26 8
674 620 28 8
674 632 33 8
674 711 36 8
674 643 42 8
674 639 43 8
674 664 45 8
78 47 4 9
78 85 4 9
78 66 7 9
78 71 8 9
78 37 13 9
78 98 14 9
78 98 16 9
78 47 17 9
78 78 17 9
78 30 21 9
78 39 21 9
78 77 21 9
78 106 24 9
78 129 24 9
78 83 25 9
78 37 26 9
78 76 26 9
78 40 34 9
78 129 34 9
78 41 35 9
78 28 36 9
78 38 36 9
78 86 36 9
78 31 38 9
78 30 39 9
78 99 39 9
78 101 40 9
78 104 42 9
78 30 43 9
78 85 43 9
78 84 44 9
78 35 45 9
155 213 6 9
155 166 7 9
155 170 10 9
155 172 12 9
155 171 13 9
155 98 14 9
155 158 14 9
155 98 16 9
155 154 17 9
155 158 18 9
155 170 20 9
155 156 21 9
155 160 22 9
155 106 24 9
155 129 24 9
155 169 27 9
155 178 28 9
155 156 30 9
155 129 34 9
155 139 36 9
155 146 37 9
155 138 38 9
155 99 39 9
155 101 40 9
155 104 42 9
155 188 42 9
155 174 43 9
492 506 1 9
492 492 2 9
492 467 3 9
492 536 3 9
492 505 4 9
492 472 5 9
492 492 6 9
492 510 7 9
492 524 7 9
492 489 9 9
492 548 9 9
492 532 11 9
492 545 15 9
492 531 16 9
492 544 19 9
492 550 21 9
492 539 23 9
492 520 29 9
492 521 30 9
492 523 31 9
492 446 33 9
492 549 33 9
492 492 34 9
492 441 38 9
492 518 38 9
492 519 43 9
492 451 45 9
492 550 45 9
676 680 1 9
676 671 5 9
676 648 12 9
676 641 13 9
676 645 17 9
676 618 18 9
676 650 24 9
676 651 25 9
676 620 27 9
676 632 32 9
676 711 35 9
676 643 41 9
676 639 42 9
676 664 44 9
506 492 1 10
506 467 2 10
506 536 2 10
506 505 3 10
506 472 4 10
506 492 5 10
506 510 6 10
506 524 6 10
506 489 8 10
506 548 8 10
506 532 10 10
506 545 14 10
506 531 15 10
506 544 18 10
506 550 20 10
506 539 22 10
506 520 28 10
506 521 29 10
506 523 30 10
506 446 32 10
506 549 32 10
506 492 33 10
506 518 37 10
506 519 42 10
506 451 44 10
506 550 44 10
506 558 50 10
680 738 3 10
680 671 4 10
680 648 11 10
680 641 12 10
680 645 16 10
680 650 23 10
680 651 24 10
680 620 26 10
680 738 27 10
680 632 31 10
680 711 34 10
680 643 40 10
680 639 41 10
680 664 43 10
492 467 1 11
492 536 1 11
492 505 2 11
492 472 3 11
492 492 4 11
492 510 5 11
492 524 5 11
492 489 7 11
492 548 7 11
492 532 9 11
492 545 13 11
492 531 14 11
492 544 17 11
492 550 19 11
492 539 21 11
492 520 27 11
492 521 28 11
492 523 29 11
492 446 31 11
492 549 31 11
492 492 32 11
492 441 36 11
492 518 36 11
492 519 41 11
492 451 43 11
492 550 43 11
760 738 2 11
760 764 4 11
760 753 24 11
760 738 26 11
760 711 33 11
467 505 1 12
467 472 2 12
467 492 3 12
467 510 4 12
467 524 4 12
467 489 6 12
467 408 26 12
467 520 26 12
467 521 27 12
467 523 28 12
467 416 29 12
467 446 30 12
467 492 31 12
467 441 35 12
467 518 35 12
467 519 40 12
467 451 42 12
536 505 1 12
536 492 3 12
536 510 4 12
536 524 4 12
536 489 6 12
536 548 6 12
536 532 8 12
536 545 12 12
536 531 13 12
536 544 16 12
536 550 18 12
536 539 20 12
536 520 26 12
536 521 27 12
536 523 28 12
536 549 30 12
536 492 31 12
536 582 33 12
536 584 34 12
536 518 35 12
536 589 37 12
536 519 40 12
536 550 42 12
536 558 48 12
47 66 3 13
47 71 4 13
47 37 9 13
47 98 10 13
47 98 12 13
47 47 13 13
47 78 13 13
47 30 17 13
47 39 17 13
47 77 17 13
47 6 20 13
47 12 20 13
47 106 20 13
47 6 21 13
47 83 21 13
47 37 22 13
47 76 22 13
47 40 30 13
47 41 31 13
47 28 32 13
47 38 32 13
47 86 32 13
47 5 33 13
47 31 34 13
47 30 35 13
47 99 35 13
47 101 36 13
47 17 37 13
47 104 38 13
47 30 39 13
47 85 39 13
47 84 40 13
47 4 41 13
47 10 41 13
47 15 41 13
47 35 41 13
47 105 49 13
85 66 3 13
85 71 4 13
85 37 9 13
85 98 10 13
85 98 12 13
85 47 13 13
85 78 13 13
85 30 17 13
85 39 17 13
85 77 17 13
85 106 20 13
85 129 20 13
85 83 21 13
85 37 22 13
85 76 22 13
85 40 30 13
85 129 30 13
85 41 31 13
85 28 32 13
85 38 32 13
85 86 32 13
85 139 32 13
85 31 34 13
85 138 34 13
85 30 35 13
85 99 35 13
85 101 36 13
85 104 38 13
85 30 39 13
85 85 39 13
85 84 40 13
85 35 41 13
85 105 49 13
505 472 1 13
505 492 2 13
505 510 3 13
505 524 3 13
505 489 5 13
505 548 5 13
505 532 7 13
505 545 11 13
505 531 12 13
505 544 15 13
505 550 17 13
505 539 19 13
505 520 25 13
505 521 26 13
505 523 27 13
505 446 29 13
505 549 29 13
505 492 30 13
505 518 34 13
505 519 39 13
505 451 41 13
505 550 41 13
505 558 47 13
738 764 2 13
738 753 22 13
738 738 24 13
738 711 31 13
738 684 50 13
472 492 1 14
472 510 2 14
472 524 2 14
472 489 4 14
472 531 11 14
472 520 24 14
472 521 25 14
472 523 26 14
472 416 27 14
472 446 28 14
472 492 29 14
472 441 33 14
472 518 33 14
472 519 38 14
472 451 40 14
472 526 50 14
671 648 7 14
671 641 8 14
671 645 12 14
671 618 13 14
671 650 19 14
671 651 20 14
671 620 22 14
671 632 27 14
671 711 30 14
671 643 36 14
671 639 37 14
671 664 39 14
671 652 47 14
671 615 48 14
671 684 49 14
213 166 1 15
213 170 4 15
213 172 6 15
213 266 6 15
213 171 7 15
213 158 8 15
213 253 9 15
213 154 11 15
213 158 12 15
213 251 13 15
213 170 14 15
213 156 15 15
213 160 16 15
213 169 21 15
213 178 22 15
213 156 24 15
213 188 36 15
213 259 36 15
213 174 37 15
213 255 37 15
213 241 39 15
213 224 45 15
213 159 47 15
213 168 48 15
213 210 49 15
492 510 1 15
492 524 1 15
492 489 3 15
492 548 3 15
492 532 5 15
492 545 9 15
492 531 10 15
492 544 13 15
492 550 15 15
492 539 17 15
492 520 23 15
492 521 24 15
492 523 25 15
492 446 27 15
492 549 27 15
492 492 28 15
492 441 32 15
492 518 32 15
492 519 37 15
492 451 39 15
492 550 39 15
492 526 49 15
764 753 20 15
764 738 22 15
764 711 29 15
66 71 1 16
66 37 6 16
66 98 7 16
66 98 9 16
66 47 10 16
66 78 10 16
66 30 14 16
66 39 14 16
66 77 14 16
66 6 17 16
66 12 17 16
66 106 17 16
66 6 18 16
66 83 18 16
66 37 19 16
66 76 19 16
66 40 27 16
66 41 28 16
66 28 29 16
66 38 29 16
66 86 29 16
66 31 31 16
66 30 32 16
66 99 32 16
66 101 33 16
66 17 34 16
66 104 35 16
66 30 36 16
66 85 36 16
66 84 37 16
66 10 38 16
66 15 38 16
66 35 38 16
66 105 46 16
66 86 49 16
166 170 3 16
166 172 5 16
166 171 6 16
166 158 7 16
166 154 10 16
166 158 11 16
166 170 13 16
166 156 14 16
166 160 15 16
166 106 17 16
166 129 17 16
166 169 20 16
166 178 21 16
166 156 23 16
166 129 27 16
166 139 29 16
166 146 30 16
166 138 31 16
166 188 35 16
166 174 36 16
166 224 44 16
166 159 46 16
166 168 47 16
166 210 48 16
510 489 2 16
510 548 2 16
510 532 4 16
510 545 8 16
510 531 9 16
510 544 12 16
510 550 14 16
510 539 16 16
510 520 22 16
510 521 23 16
510 523 24 16
510 549 26 16
510 492 27 16
510 518 31 16
510 519 36 16
510 451 38 16
510 550 38 16
510 558 44 16
510 526 48 16
510 450 50 16
524 489 2 16
524 548 2 16
524 532 4 16
524 545 8 16
524 531 9 16
524 544 12 16
524 550 14 16
524 539 16 16
524 520 22 16
524 521 23 16
524 523 24 16
524 549 26 16
524 492 27 16
524 582 29 16
524 518 31 16
524 519 36 16
524 550 38 16
524 558 44 16
524 526 48 16
71 37 5 17
71 98 6 17
71 98 8 17
71 47 9 17
71 78 9 17
71 30 13 17
71 39 13 17
71 77 13 17
71 12 16 17
71 106 16 17
71 129 16 17
71 83 17 17
71 37 18 17
71 76 18 17
71 40 26 17
71 129 26 17
71 41 27 17
71 28 28 17
71 38 28 17
71 86 28 17
71 31 30 17
71 30 31 17
71 99 31 17
71 101 32 17
71 17 33 17
71 104 34 17
71 30 35 17
71 85 35 17
71 84 36 17
71 15 37 17
71 35 37 17
71 105 45 17
71 86 48 17
71 20 50 17
71 39 50 17
71 86 50 17
489 532 2 18
489 545 6 18
489 531 7 18
489 544 10 18
489 539 14 18
489 520 20 18
489 521 21 18
489 523 22 18
489 446 24 18
489 492 25 18
489 441 29 18
489 518 29 18
489 519 34 18
489 451 36 18
489 526 46 18
489 450 48 18
548 532 2 18
548 601 5 18
548 545 6 18
548 531 7 18
548 544 10 18
548 550 12 18
548 539 14 18
548 520 20 18
548 521 21 18
548 523 22 18
548 549 24 18
548 492 25 18
548 582 27 18
548 584 28 18
548 518 29 18
548 589 31 18
548 519 34 18
548 550 36 18
548 558 42 18
548 526 46 18
170 172 2 19
170 171 3 19
170 158 4 19
170 154 7 19
170 158 8 19
170 170 10 19
170 156 11 19
170 160 12 19
170 129 14 19
170 169 17 19
170 178 18 19
170 156 20 19
170 129 24 19
170 139 26 19
170 146 27 19
170 138 28 19
170 188 32 19
170 174 33 19
170 224 41 19
170 159 43 19
170 168 44 19
170 210 45 19
170 137 48 19
170 185 49 19
170 200 50 19
330 304 2 20
330 305 3 20
330 328 4 20
330 320 5 20
330 291 6 20
330 300 7 20
330 362 8 20
330 303 10 20
330 336 11 20
330 339 12 20
330 330 13 20
330 303 14 20
330 330 15 20
330 292 17 20
330 286 25 20
330 283 26 20
330 378 40 20
330 365 41 20
330 299 42 20
330 339 43 20
330 279 44 20
330 340 47 20
330 339 50 20
532 545 4 20
532 531 5 20
532 544 8 20
532 550 10 20
532 539 12 20
532 520 18 20
532 521 19 20
532 523 20 20
532 549 22 20
532 492 23 20
532 582 25 20
532 584 26 20
532 518 27 20
532 589 29 20
532 519 32 20
532 550 34 20
532 558 40 20
532 526 44 20
532 524 49 20
172 171 1 21
172 158 2 21
172 154 5 21
172 158 6 21
172 170 8 21
172 156 9 21
172 160 10 21
172 129 12 21
172 169 15 21
172 178 16 21
172 156 18 21
172 129 22 21
172 139 24 21
172 146 25 21
172 138 26 21
172 188 30 21
172 174 31 21
172 224 39 21
172 159 41 21
172 168 42 21
172 210 43 21
172 137 46 21
172 185 47 21
172 200 48 21
172 201 49 21
172 154 50 21
266 304 1 21
266 305 2 21
266 253 3 21
266 320 4 21
266 291 5 21
266 300 6 21
266 251 7 21
266 303 9 21
266 303 13 21
266 292 16 21
266 286 24 21
266 283 25 21
266 259 30 21
266 255 31 21
266 241 33 21
266 224 39 21
266 299 41 21
266 210 43 21
266 279 43 21
266 256 48 21
266 285 50 21
648 641 1 21
648 601 2 21
648 645 5 21
648 618 6 21
648 650 12 21
648 651 13 21
648 620 15 21
648 632 20 21
648 609 27 21
648 589 28 21
648 643 29 21
648 639 30 21
648 664 32 21
648 652 40 21
648 615 41 21
648 684 42 21
648 700 46 21
37 47 4 22
37 78 4 22
37 30 8 22
37 39 8 22
37 77 8 22
37 6 11 22
37 12 11 22
37 6 12 22
37 83 12 22
37 37 13 22
37 76 13 22
37 40 21 22
37 41 22 22
37 28 23 22
37 38 23 22
37 86 23 22
37 5 24 22
37 31 25 22
37 30 26 22
37 17 28 22
37 30 30 22
37 85 30 22
37 84 31 22
37 4 32 22
37 10 32 22
37 15 32 22
37 35 32 22
37 86 43 22
37 20 45 22
37 39 45 22
37 86 45 22
37 5 46 22
37 19 46 22
37 34 46 22
37 78 46 22
37 24 47 22
37 41 47 22
37 76 47 22
171 158 1 22
171 154 4 22
171 158 5 22
171 170 7 22
171 156 8 22
171 160 9 22
171 129 11 22
171 169 14 22
171 178 15 22
171 156 17 22
171 129 21 22
171 139 23 22
171 146 24 22
171 138 25 22
171 188 29 22
171 174 30 22
171 224 38 22
171 159 40 22
171 168 41 22
171 210 42 22
171 137 45 22
171 185 46 22
171 200 47 22
171 201 48 22
171 154 49 22
304 305 1 22
304 253 2 22
304 328 2 22
304 320 3 22
304 291 4 22
304 300 5 22
304 251 6 22
304 362 6 22
304 303 8 22
304 336 9 22
304 339 10 22
304 330 11 22
304 303 12 22
304 330 13 22
304 292 15 22
304 286 23 22
304 283 24 22
304 259 29 22
304 255 30 22
304 299 40 22
304 339 41 22
304 279 42 22
304 340 45 22
304 256 47 22
304 339 48 22
304 285 49 22
641 601 1 22
641 645 4 22
641 618 5 22
641 650 11 22
641 651 12 22
641 620 14 22
641 632 19 22
641 582 23 22
641 584 24 22
641 609 26 22
641 589 27 22
641 643 28 22
641 639 29 22
641 664 31 22
641 652 39 22
641 615 40 22
641 684 41 22
641 700 45 22
641 594 50 22
98 98 2 23
98 47 3 23
98 78 3 23
98 154 3 23
98 39 7 23
98 77 7 23
98 156 7 23
98 106 10 23
98 129 10 23
98 83 11 23
98 76 12 23
98 156 16 23
98 40 20 23
98 129 20 23
98 41 21 23
98 38 22 23
98 86 22 23
98 139 22 23
98 146 23 23
98 138 24 23
98 99 25 23
98 101 26 23
98 104 28 23
98 85 29 23
98 84 30 23
98 105 39 23
98 86 42 23
98 39 44 23
98 86 44 23
98 137 44 23
98 78 45 23
98 41 46 23
98 76 46 23
98 154 48 23
158 98 2 23
158 154 3 23
158 158 4 23
158 170 6 23
158 156 7 23
158 160 8 23
158 106 10 23
158 129 10 23
158 169 13 23
158 178 14 23
158 156 16 23
158 129 20 23
158 139 22 23
158 146 23 23
158 138 24 23
158 99 25 23
158 101 26 23
158 104 28 23
158 188 28 23
158 174 29 23
158 105 39 23
158 159 39 23
158 168 40 23
158 210 41 23
158 137 44 23
158 185 45 23
158 200 46 23
158 201 47 23
158 154 48 23
158 210 50 23
305 253 1 23
305 328 1 23
305 320 2 23
305 291 3 23
305 300 4 23
305 251 5 23
305 362 5 23
305 303 7 23
305 336 8 23
305 339 9 23
305 330 10 23
305 303 11 23
305 330 12 23
305 292 14 23
305 286 22 23
305 283 23 23
305 259 28 23
305 255 29 23
305 299 39 23
305 339 40 23
305 279 41 23
305 340 44 23
305 256 46 23
305 339 47 23
305 285 48 23
601 545 1 23
601 645 3 23
601 618 4 23
601 544 5 23
601 550 7 23
601 650 10 23
601 651 11 23
601 620 13 23
601 632 18 23
601 549 19 23
601 582 22 23
601 584 23 23
601 609 25 23
601 589 26 23
601 643 27 23
601 639 28 23
601 550 31 23
601 558 37 23
601 652 38 23
601 615 39 23
601 572 48 23
601 594 49 23
253 291 2 24
253 300 3 24
253 251 4 24
253 303 6 24
253 303 10 24
253 292 13 24
253 286 21 24
253 283 22 24
253 259 27 24
253 255 28 24
253 241 30 24
253 224 36 24
253 299 38 24
253 210 40 24
253 279 40 24
253 200 45 24
253 256 45 24
253 201 46 24
253 285 47 24
253 210 49 24
328 320 1 24
328 291 2 24
328 300 3 24
328 362 4 24
328 303 6 24
328 336 7 24
328 339 8 24
328 330 9 24
328 303 10 24
328 330 11 24
328 292 13 24
328 286 21 24
328 283 22 24
328 378 36 24
328 365 37 24
328 299 38 24
328 339 39 24
328 279 40 24
328 340 43 24
328 339 46 24
328 285 47 24
545 531 1 24
545 544 4 24
545 550 6 24
545 539 8 24
545 520 14 24
545 521 15 24
545 523 16 24
545 549 18 24
545 492 19 24
545 582 21 24
545 584 22 24
545 518 23 24
545 589 25 24
545 519 28 24
545 550 30 24
545 558 36 24
545 526 40 24
545 524 45 24
545 572 47 24
545 594 48 24
545 489 49 24
545 513 49 24
545 495 50 24
545 573 50 24
98 47 1 25
98 78 1 25
98 154 1 25
98 39 5 25
98 77 5 25
98 156 5 25
98 106 8 25
98 129 8 25
98 83 9 25
98 76 10 25
98 156 14 25
98 40 18 25
98 129 18 25
98 41 19 25
98 38 20 25
98 86 20 25
98 139 20 25
98 146 21 25
98 138 22 25
98 99 23 25
98 101 24 25
98 104 26 25
98 85 27 25
98 84 28 25
98 105 37 25
98 86 40 25
98 39 42 25
98 86 42 25
98 137 42 25
98 78 43 25
98 41 44 25
98 76 44 25
98 154 46 25
98 50 50 25
98 73 50 25
98 148 50 25
320 291 1 25
320 300 2 25
320 362 3 25
320 303 5 25
320 336 6 25
320 339 7 25
320 330 8 25
320 303 9 25
320 330 10 25
320 292 12 25
320 286 20 25
320 283 21 25
320 378 35 25
320 365 36 25
320 299 37 25
320 339 38 25
320 279 39 25
320 340 42 25
320 339 45 25
320 285 46 25
531 544 3 25
531 550 5 25
531 539 7 25
531 520 13 25
531 521 14 25
531 523 15 25
531 549 17 25
531 492 18 25
531 582 20 25
531 584 21 25
531 518 22 25
531 589 24 25
531 519 27 25
531 550 29 25
531 558 35 25
531 526 39 25
531 524 44 25
531 572 46 25
531 489 48 25
531 513 48 25
531 495 49 25
531 573 49 25
531 558 50 25
47 30 4 26
47 39 4 26
47 77 4 26
47 6 7 26
47 12 7 26
47 106 7 26
47 6 8 26
47 83 8 26
47 37 9 26
47 76 9 26
47 40 17 26
47 41 18 26
47 28 19 26
47 38 19 26
47 86 19 26
47 5 20 26
47 31 21 26
47 30 22 26
47 99 22 26
47 101 23 26
47 17 24 26
47 104 25 26
47 30 26 26
47 85 26 26
47 84 27 26
47 4 28 26
47 10 28 26
47 15 28 26
47 35 28 26
47 105 36 26
47 86 39 26
47 20 41 26
47 39 41 26
47 86 41 26
47 5 42 26
47 19 42 26
47 34 42 26
47 78 42 26
47 24 43 26
47 41 43 26
47 76 43 26
47 50 49 26
47 73 49 26
47 91 50 26
78 30 4 26
78 39 4 26
78 77 4 26
78 106 7 26
78 129 7 26
78 83 8 26
78 37 9 26
78 76 9 26
78 40 17 26
78 129 17 26
78 41 18 26
78 28 19 26
78 38 19 26
78 86 19 26
78 31 21 26
78 30 22 26
78 99 22 26
78 101 23 26
78 104 25 26
78 30 26 26
78 85 26 26
78 84 27 26
78 35 28 26
78 105 36 26
78 86 39 26
78 20 41 26
78 39 41 26
78 86 41 26
78 137 41 26
78 19 42 26
78 34 42 26
78 78 42 26
78 24 43 26
78 41 43 26
78 76 43 26
78 50 49 26
78 73 49 26
78 91 50 26
154 158 1 26
154 170 3 26
154 156 4 26
154 160 5 26
154 106 7 26
154 129 7 26
154 169 10 26
154 178 11 26
154 156 13 26
154 129 17 26
154 139 19 26
154 146 20 26
154 138 21 26
154 99 22 26
154 101 23 26
154 104 25 26
154 188 25 26
154 174 26 26
154 105 36 26
154 159 36 26
154 168 37 26
154 210 38 26
154 137 41 26
154 185 42 26
154 200 43 26
154 201 44 26
154 154 45 26
154 210 47 26
154 170 48 26
154 148 49 26
154 165 50 26
291 300 1 26
291 251 2 26
291 303 4 26
291 336 5 26
291 339 6 26
291 330 7 26
291 303 8 26
291 330 9 26
291 292 11 26
291 286 19 26
291 283 20 26
291 259 25 26
291 255 26 26
291 241 28 26
291 299 36 26
291 339 37 26
291 279 38 26
291 340 41 26
291 256 43 26
291 339 44 26
291 285 45 26
645 618 1 26
645 650 7 26
645 651 8 26
645 620 10 26
645 632 15 26
645 609 22 26
645 589 23 26
645 643 24 26
645 639 25 26
645 664 27 26
645 652 35 26
645 615 36 26
645 684 37 26
645 700 41 26
645 594 46 26
158 170 2 27
158 156 3 27
158 160 4 27
158 106 6 27
158 129 6 27
158 169 9 27
158 178 10 27
158 156 12 27
158 129 16 27
158 139 18 27
158 146 19 27
158 138 20 27
158 99 21 27
158 101 22 27
158 104 24 27
158 188 24 27
158 174 25 27
158 105 35 27
158 159 35 27
158 168 36 27
158 210 37 27
158 137 40 27
158 185 41 27
158 200 42 27
158 201 43 27
158 154 44 27
158 210 46 27
158 170 47 27
158 148 48 27
158 165 49 27
158 189 50 27
300 251 1 27
300 303 3 27
300 336 4 27
300 339 5 27
300 330 6 27
300 303 7 27
300 330 8 27
300 292 10 27
300 286 18 27
300 283 19 27
300 259 24 27
300 255 25 27
300 241 27 27
300 299 35 27
300 339 36 27
300 279 37 27
300 340 40 27
300 256 42 27
300 339 43 27
300 285 44 27
618 650 6 27
618 651 7 27
618 620 9 27
618 632 14 27
618 582 18 27
618 584 19 27
618 609 21 27
618 589 22 27
618 643 23 27
618 639 24 27
618 664 26 27
618 558 33 27
618 652 34 27
618 615 35 27
618 572 44 27
618 594 45 27
618 573 47 27
618 558 48 27
251 303 2 28
251 303 6 28
251 292 9 28
251 286 17 28
251 283 18 28
251 259 23 28
251 255 24 28
251 241 26 28
251 224 32 28
251 299 34 28
251 210 36 28
251 279 36 28
251 200 41 28
251 256 41 28
251 201 42 28
251 285 43 28
251 210 45 28
251 290 50 28
362 303 2 28
362 336 3 28
362 339 4 28
362 330 5 28
362 303 6 28
362 330 7 28
362 408 10 28
362 404 11 28
362 405 12 28
362 416 13 28
362 378 32 28
362 365 33 28
362 339 35 28
362 419 37 28
362 340 39 28
362 339 42 28
362 405 49 28
544 550 2 28
544 539 4 28
544 520 10 28
544 521 11 28
544 523 12 28
544 549 14 28
544 492 15 28
544 582 17 28
544 584 18 28
544 518 19 28
544 589 21 28
544 519 24 28
544 550 26 28
544 558 32 28
544 526 36 28
544 524 41 28
544 572 43 28
544 594 44 28
544 489 45 28
544 513 45 28
544 495 46 28
544 573 46 28
544 558 47 28
170 156 1 29
170 160 2 29
170 129 4 29
170 169 7 29
170 178 8 29
170 156 10 29
170 129 14 29
170 139 16 29
170 146 17 29
170 138 18 29
170 188 22 29
170 174 23 29
170 224 31 29
170 159 33 29
170 168 34 29
170 210 35 29
170 137 38 29
170 185 39 29
170 200 40 29
170 201 41 29
170 154 42 29
170 210 44 29
170 170 45 29
170 148 46 29
170 165 47 29
170 189 48 29
170 172 49 29
30 6 3 30
30 12 3 30
30 6 4 30
30 83 4 30
30 37 5 30
30 76 5 30
30 40 13 30
30 41 14 30
30 28 15 30
30 38 15 30
30 86 15 30
30 5 16 30
30 31 17 30
30 30 18 30
30 17 20 30
30 30 22 30
30 85 22 30
30 84 23 30
30 4 24 30
30 10 24 30
30 15 24 30
30 35 24 30
30 86 35 30
30 20 37 30
30 39 37 30
30 86 37 30
30 5 38 30
30 19 38 30
30 34 38 30
30 78 38 30
30 24 39 30
30 41 39 30
30 76 39 30
30 50 45 30
30 73 45 30
39 6 3 30
39 12 3 30
39 6 4 30
39 83 4 30
39 37 5 30
39 76 5 30
39 40 13 30
39 41 14 30
39 28 15 30
39 38 15 30
39 86 15 30
39 5 16 30
39 31 17 30
39 30 18 30
39 17 20 30
39 30 22 30
39 85 22 30
39 84 23 30
39 4 24 30
39 10 24 30
39 15 24 30
39 35 24 30
39 86 35 30
39 20 37 30
39 39 37 30
39 86 37 30
39 5 38 30
39 19 38 30
39 34 38 30
39 78 38 30
39 24 39 30
39 41 39 30
39 76 39 30
39 50 45 30
39 73 45 30
39 91 46 30
39 90 47 30
77 106 3 30
77 129 3 30
77 83 4 30
77 37 5 30
77 76 5 30
77 40 13 30
77 129 13 30
77 41 14 30
77 28 15 30
77 38 15 30
77 86 15 30
77 31 17 30
77 30 18 30
77 99 18 30
77 101 19 30
77 17 20 30
77 104 21 30
77 30 22 30
77 85 22 30
77 84 23 30
77 35 24 30
77 105 32 30
77 86 35 30
77 20 37 30
77 39 37 30
77 86 37 30
77 19 38 30
77 34 38 30
77 78 38 30
77 24 39 30
77 41 39 30
77 76 39 30
77 50 45 30
77 73 45 30
77 91 46 30
77 90 47 30
156 160 1 30
156 106 3 30
156 129 3 30
156 169 6 30
156 178 7 30
156 156 9 30
156 129 13 30
156 139 15 30
156 146 16 30
156 138 17 30
156 99 18 30
156 101 19 30
156 104 21 30
156 188 21 30
156 174 22 30
156 105 32 30
156 159 32 30
156 168 33 30
156 210 34 30
156 137 37 30
156 185 38 30
156 200 39 30
156 201 40 30
156 154 41 30
156 210 43 30
156 170 44 30
156 148 45 30
156 165 46 30
156 189 47 30
156 172 48 30
303 336 1 30
303 339 2 30
303 330 3 30
303 303 4 30
303 330 5 30
303 292 7 30
303 286 15 30
303 283 16 30
303 259 21 30
303 255 22 30
303 299 32 30
303 339 33 30
303 279 34 30
303 340 37 30
303 256 39 30
303 339 40 30
303 285 41 30
303 290 48 30
303 329 49 30
550 539 2 30
550 520 8 30
550 521 9 30
550 523 10 30
550 549 12 30
550 492 13 30
550 582 15 30
550 584 16 30
550 518 17 30
550 609 18 30
550 589 19 30
550 519 22 30
550 550 24 30
550 558 30 30
550 526 34 30
550 524 39 30
550 572 41 30
550 594 42 30
550 513 43 30
550 495 44 30
550 573 44 30
550 558 45 30
550 540 49 30
550 532 50 30
160 106 2 31
160 129 2 31
160 169 5 31
160 178 6 31
160 156 8 31
160 129 12 31
160 139 14 31
160 146 15 31
160 138 16 31
160 101 18 31
160 104 20 31
160 188 20 31
160 174 21 31
160 105 31 31
160 159 31 31
160 168 32 31
160 210 33 31
160 137 36 31
160 185 37 31
160 200 38 31
160 201 39 31
160 154 40 31
160 210 42 31
160 170 43 31
160 148 44 31
160 165 45 31
160 189 46 31
160 172 47 31
160 160 50 31
336 339 1 31
336 330 2 31
336 303 3 31
336 330 4 31
336 292 6 31
336 286 14 31
336 283 15 31
336 378 29 31
336 365 30 31
336 299 31 31
336 339 32 31
336 279 33 31
336 340 36 31
336 339 39 31
336 285 40 31
336 290 47 31
336 329 48 31
339 330 1 32
339 303 2 32
339 330 3 32
339 292 5 32
339 286 13 32
339 283 14 32
339 378 28 32
339 365 29 32
339 299 30 32
339 339 31 32
339 279 32 32
339 340 35 32
339 339 38 32
339 285 39 32
339 290 46 32
339 329 47 32
339 351 50 32
539 520 6 32
539 521 7 32
539 523 8 32
539 549 10 32
539 492 11 32
539 582 13 32
539 584 14 32
539 518 15 32
539 589 17 32
539 519 20 32
539 550 22 32
539 558 28 32
539 526 32 32
539 524 37 32
539 572 39 32
539 594 40 32
539 489 41 32
539 513 41 32
539 495 42 32
539 573 42 32
539 558 43 32
539 540 47 32
539 532 48 32
539 518 49 32
6 6 1 33
6 37 2 33
6 40 10 33
6 41 11 33
6 28 12 33
6 38 12 33
6 5 13 33
6 31 14 33
6 30 15 33
6 17 17 33
6 30 19 33
6 4 21 33
6 10 21 33
6 15 21 33
6 35 21 33
6 20 34 33
6 39 34 33
6 5 35 33
6 19 35 33
6 34 35 33
6 24 36 33
6 41 36 33
6 50 42 33
6 24 48 33
6 28 49 33
6 33 49 33
12 6 1 33
12 37 2 33
12 40 10 33
12 41 11 33
12 28 12 33
12 38 12 33
12 5 13 33
12 31 14 33
12 30 15 33
12 17 17 33
12 30 19 33
12 4 21 33
12 10 21 33
12 15 21 33
12 35 21 33
12 20 34 33
12 39 34 33
12 5 35 33
12 19 35 33
12 34 35 33
12 24 36 33
12 41 36 33
12 50 42 33
12 24 48 33
12 28 49 33
12 33 49 33
106 83 1 33
106 76 2 33
106 156 6 33
106 129 10 33
106 86 12 33
106 139 12 33
106 146 13 33
106 138 14 33
106 99 15 33
106 101 16 33
106 104 18 33
106 85 19 33
106 84 20 33
106 105 29 33
106 159 29 33
106 86 32 33
106 86 34 33
106 137 34 33
106 78 35 33
106 76 36 33
106 154 38 33
106 50 42 33
106 73 42 33
106 148 42 33
106 91 43 33
106 165 43 33
106 90 44 33
106 72 48 33
106 160 48 33
129 83 1 33
129 76 2 33
129 169 3 33
129 178 4 33
129 156 6 33
129 129 10 33
129 86 12 33
129 139 12 33
129 146 13 33
129 138 14 33
129 99 15 33
129 101 16 33
129 104 18 33
129 188 18 33
129 85 19 33
129 174 19 33
129 84 20 33
129 105 29 33
129 159 29 33
129 168 30 33
129 86 32 33
129 86 34 33
129 137 34 33
129 78 35 33
129 185 35 33
129 76 36 33
129 154 38 33
129 170 41 33
129 73 42 33
129 148 42 33
129 91 43 33
129 165 43 33
129 90 44 33
129 172 45 33
129 72 48 33
129 160 48 33
129 183 50 33
330 303 1 33
330 330 2 33
330 292 4 33
330 286 12 33
330 283 13 33
330 378 27 33
330 365 28 33
330 299 29 33
330 339 30 33
330 279 31 33
330 340 34 33
330 339 37 33
330 285 38 33
330 290 45 33
330 329 46 33
330 351 49 33
330 349 50 33
650 651 1 33
650 620 3 33
650 632 8 33
650 609 15 33
650 643 17 33
650 639 18 33
650 664 20 33
650 652 28 33
650 615 29 33
650 684 30 33
650 700 34 33
650 594 39 33
6 37 1 34
6 40 9 34
6 41 10 34
6 28 11 34
6 38 11 34
6 5 12 34
6 31 13 34
6 30 14 34
6 17 16 34
6 30 18 34
6 4 20 34
6 10 20 34
6 15 20 34
6 35 20 34
6 20 33 34
6 39 33 34
6 5 34 34
6 19 34 34
6 34 34 34
6 24 35 34
6 41 35 34
6 50 41 34
6 24 47 34
6 28 48 34
6 33 48 34
83 37 1 34
83 76 1 34
83 40 9 34
83 129 9 34
83 41 10 34
83 28 11 34
83 38 11 34
83 86 11 34
83 139 11 34
83 31 13 34
83 138 13 34
83 30 14 34
83 99 14 34
83 101 15 34
83 104 17 34
83 30 18 34
83 85 18 34
83 84 19 34
83 35 20 34
83 105 28 34
83 86 31 34
83 39 33 34
83 86 33 34
83 137 33 34
83 34 34 34
83 78 34 34
83 24 35 34
83 41 35 34
83 76 35 34
83 50 41 34
83 73 41 34
83 91 42 34
83 90 43 34
83 24 47 34
83 72 47 34
83 28 48 34
83 33 48 34
83 72 50 34
303 330 1 34
303 292 3 34
303 286 11 34
303 283 12 34
303 259 17 34
303 255 18 34
303 299 28 34
303 339 29 34
303 279 30 34
303 340 33 34
303 256 35 34
303 339 36 34
303 285 37 34
303 290 44 34
303 329 45 34
303 351 48 34
303 349 49 34
651 620 2 34
651 632 7 34
651 609 14 34
651 643 16 34
651 639 17 34
651 664 19 34
651 652 27 34
651 615 28 34
651 684 29 34
651 700 33 34
651 594 38 34
37 40 8 35
37 41 9 35
37 28 10 35
37 38 10 35
37 86 10 35
37 5 11 35
37 31 12 35
37 30 13 35
37 17 15 35
37 30 17 35
37 85 17 35
37 84 18 35
37 4 19 35
37 10 19 35
37 15 19 35
37 35 19 35
37 86 30 35
37 20 32 35
37 39 32 35
37 86 32 35
37 5 33 35
37 19 33 35
37 34 33 35
37 78 33 35
37 24 34 35
37 41 34 35
37 76 34 35
37 50 40 35
37 73 40 35
37 91 41 35
37 90 42 35
37 24 46 35
37 72 46 35
37 28 47 35
37 33 47 35
37 72 49 35
37 71 50 35
76 40 8 35
76 129 8 35
76 41 9 35
76 28 10 35
76 38 10 35
76 86 10 35
76 31 12 35
76 30 13 35
76 99 13 35
76 101 14 35
76 17 15 35
76 104 16 35
76 30 17 35
76 85 17 35
76 84 18 35
76 35 19 35
76 105 27 35
76 86 30 35
76 20 32 35
76 39 32 35
76 86 32 35
76 19 33 35
76 34 33 35
76 78 33 35
76 24 34 35
76 41 34 35
76 76 34 35
76 50 40 35
76 73 40 35
76 91 41 35
76 90 42 35
76 24 46 35
76 72 46 35
76 28 47 35
76 33 47 35
76 72 49 35
76 71 50 35
330 292 2 35
330 286 10 35
330 283 11 35
330 378 25 35
330 365 26 35
330 299 27 35
330 339 28 35
330 279 29 35
330 340 32 35
330 339 35 35
330 285 36 35
330 290 43 35
330 329 44 35
330 351 47 35
330 349 48 35
330 339 50 35
753 738 2 35
753 711 9 35
753 700 32 35
753 758 41 35
753 767 49 35
169 178 1 36
169 156 3 36
169 129 7 36
169 139 9 36
169 146 10 36
169 138 11 36
169 188 15 36
169 174 16 36
169 224 24 36
169 159 26 36
169 168 27 36
169 210 28 36
169 137 31 36
169 185 32 36
169 200 33 36
169 201 34 36
169 154 35 36
169 210 37 36
169 170 38 36
169 148 39 36
169 165 40 36
169 189 41 36
169 172 42 36
169 160 45 36
169 183 47 36
620 632 5 36
620 582 9 36
620 584 10 36
620 609 12 36
620 589 13 36
620 643 14 36
620 639 15 36
620 664 17 36
620 652 25 36
620 615 26 36
620 572 35 36
620 594 36 36
620 573 38 36
620 567 50 36
178 156 2 37
178 129 6 37
178 139 8 37
178 146 9 37
178 138 10 37
178 188 14 37
178 174 15 37
178 224 23 37
178 159 25 37
178 168 26 37
178 210 27 37
178 137 30 37
178 185 31 37
178 200 32 37
178 201 33 37
178 154 34 37
178 210 36 37
178 170 37 37
178 148 38 37
178 165 39 37
178 189 40 37
178 172 41 37
178 160 44 37
178 183 46 37
292 286 8 37
292 283 9 37
292 259 14 37
292 255 15 37
292 241 17 37
292 299 25 37
292 339 26 37
292 279 27 37
292 340 30 37
292 256 32 37
292 339 33 37
292 285 34 37
292 290 41 37
292 329 42 37
292 351 45 37
292 349 46 37
292 339 48 37
738 711 7 37
738 684 26 37
738 700 30 37
738 758 39 37
738 767 47 37
408 404 1 38
408 405 2 38
408 416 3 38
408 446 4 38
408 441 9 38
408 451 16 38
408 378 22 38
408 365 23 38
408 419 27 38
408 450 28 38
408 461 34 38
408 452 37 38
408 405 39 38
408 419 42 38
408 406 43 38
408 351 44 38
408 349 45 38
408 405 48 38
408 457 49 38
520 521 1 38
520 523 2 38
520 549 4 38
520 492 5 38
520 518 9 38
520 519 14 38
520 550 16 38
520 558 22 38
520 526 26 38
520 524 31 38
520 572 33 38
520 461 34 38
520 489 35 38
520 513 35 38
520 495 36 38
520 573 36 38
520 558 37 38
520 540 41 38
520 532 42 38
520 518 43 38
520 514 45 38
520 558 47 38
520 567 48 38
156 129 4 39
156 139 6 39
156 146 7 39
156 138 8 39
156 99 9 39
156 101 10 39
156 104 12 39
156 188 12 39
156 174 13 39
156 105 23 39
156 159 23 39
156 168 24 39
156 210 25 39
156 137 28 39
156 185 29 39
156 200 30 39
156 201 31 39
156 154 32 39
156 210 34 39
156 170 35 39
156 148 36 39
156 165 37 39
156 189 38 39
156 172 39 39
156 160 42 39
156 183 44 39
156 213 49 39
404 405 1 39
404 416 2 39
404 446 3 39
404 441 8 39
404 451 15 39
404 378 21 39
404 365 22 39
404 419 26 39
404 450 27 39
404 461 33 39
404 452 36 39
404 405 38 39
404 419 41 39
404 406 42 39
404 351 43 39
404 349 44 39
404 405 47 39
404 457 48 39
521 523 1 39
521 549 3 39
521 492 4 39
521 518 8 39
521 519 13 39
521 550 15 39
521 558 21 39
521 526 25 39
521 524 30 39
521 572 32 39
521 461 33 39
521 489 34 39
521 513 34 39
521 495 35 39
521 573 35 39
521 558 36 39
521 540 40 39
521 532 41 39
521 518 42 39
521 514 44 39
521 558 46 39
521 567 47 39
405 416 1 40
405 446 2 40
405 441 7 40
405 451 14 40
405 378 20 40
405 365 21 40
405 419 25 40
405 450 26 40
405 461 32 40
405 452 35 40
405 405 37 40
405 419 40 40
405 406 41 40
405 351 42 40
405 349 43 40
405 405 46 40
405 457 47 40
523 549 2 40
523 492 3 40
523 582 5 40
523 518 7 40
523 519 12 40
523 550 14 40
523 558 20 40
523 526 24 40
523 524 29 40
523 572 31 40
523 489 33 40
523 513 33 40
523 495 34 40
523 573 34 40
523 558 35 40
523 540 39 40
523 532 40 40
523 518 41 40
523 514 43 40
523 558 45 40
523 567 46 40
416 446 1 41
416 441 6 41
416 451 13 41
416 378 19 41
416 365 20 41
416 419 24 41
416 450 25 41
416 461 31 41
416 452 34 41
416 405 36 41
416 419 39 41
416 406 40 41
416 405 45 41
416 457 46 41
632 582 4 41
632 584 5 41
632 609 7 41
632 589 8 41
632 643 9 41
632 639 10 41
632 664 12 41
632 652 20 41
632 615 21 41
632 684 22 41
632 572 30 41
632 594 31 41
632 573 33 41
632 595 47 41
446 492 1 42
446 441 5 42
446 451 12 42
446 419 23 42
446 450 24 42
446 461 30 42
446 489 31 42
446 495 32 42
446 452 33 42
446 405 35 42
446 419 38 42
446 406 39 42
446 405 44 42
446 457 45 42
549 492 1 42
549 582 3 42
549 584 4 42
549 518 5 42
549 589 7 42
549 519 10 42
549 550 12 42
549 558 18 42
549 526 22 42
549 524 27 42
549 572 29 42
549 594 30 42
549 489 31 42
549 513 31 42
549 495 32 42
549 573 32 42
549 558 33 42
549 540 37 42
549 532 38 42
549 518 39 42
549 514 41 42
549 558 43 42
549 567 44 42
549 595 46 42
40 41 1 43
40 28 2 43
40 38 2 43
40 86 2 43
40 5 3 43
40 31 4 43
40 30 5 43
40 99 5 43
40 17 7 43
40 30 9 43
40 85 9 43
40 84 10 43
40 4 11 43
40 10 11 43
40 15 11 43
40 35 11 43
40 86 22 43
40 20 24 43
40 39 24 43
40 86 24 43
40 5 25 43
40 19 25 43
40 34 25 43
40 78 25 43
40 24 26 43
40 41 26 43
40 76 26 43
40 50 32 43
40 73 32 43
40 91 33 43
40 90 34 43
40 24 38 43
40 72 38 43
40 28 39 43
40 33 39 43
40 72 41 43
40 71 42 43
40 41 43 43
40 70 43 43
40 41 45 43
40 94 45 43
129 86 2 43
129 139 2 43
129 146 3 43
129 138 4 43
129 99 5 43
129 101 6 43
129 104 8 43
129 188 8 43
129 85 9 43
129 174 9 43
129 84 10 43
129 105 19 43
129 159 19 43
129 168 20 43
129 86 22 43
129 86 24 43
129 137 24 43
129 78 25 43
129 185 25 43
129 76 26 43
129 154 28 43
129 170 31 43
129 73 32 43
129 148 32 43
129 91 33 43
129 165 33 43
129 90 34 43
129 172 35 43
129 72 38 43
129 160 38 43
129 183 40 43
129 72 41 43
129 71 42 43
129 70 43 43
129 94 45 43
492 441 4 43
492 518 4 43
492 519 9 43
492 451 11 43
492 550 11 43
492 526 21 43
492 450 23 43
492 524 26 43
492 461 29 43
492 489 30 43
492 513 30 43
492 495 31 43
492 452 32 43
492 540 36 43
492 532 37 43
492 518 38 43
492 514 40 43
492 457 44 43
41 28 1 44
41 38 1 44
41 86 1 44
41 5 2 44
41 31 3 44
41 30 4 44
41 99 4 44
41 17 6 44
41 30 8 44
41 85 8 44
41 84 9 44
41 4 10 44
41 10 10 44
41 15 10 44
41 35 10 44
41 86 21 44
41 20 23 44
41 39 23 44
41 86 23 44
41 5 24 44
41 19 24 44
41 34 24 44
41 78 24 44
41 24 25 44
41 41 25 44
41 76 25 44
41 50 31 44
41 73 31 44
41 91 32 44
41 90 33 44
41 24 37 44
41 72 37 44
41 28 38 44
41 33 38 44
41 72 40 44
41 71 41 44
41 41 42 44
41 70 42 44
41 41 44 44
41 94 44 44
711 664 9 44
711 652 17 44
711 684 19 44
711 700 23 44
711 758 32 44
711 767 40 44
28 5 1 45
28 31 2 45
28 30 3 45
28 17 5 45
28 30 7 45
28 85 7 45
28 84 8 45
28 4 9 45
28 10 9 45
28 15 9 45
28 35 9 45
28 86 20 45
28 20 22 45
28 39 22 45
28 86 22 45
28 5 23 45
28 19 23 45
28 34 23 45
28 78 23 45
28 24 24 45
28 41 24 45
28 76 24 45
28 50 30 45
28 73 30 45
28 24 36 45
28 72 36 45
28 28 37 45
28 33 37 45
28 72 39 45
28 71 40 45
28 41 41 45
28 70 41 45
28 41 43 45
38 5 1 45
38 31 2 45
38 30 3 45
38 17 5 45
38 30 7 45
38 85 7 45
38 84 8 45
38 4 9 45
38 10 9 45
38 15 9 45
38 35 9 45
38 86 20 45
38 20 22 45
38 39 22 45
38 86 22 45
38 5 23 45
38 19 23 45
38 34 23 45
38 78 23 45
38 24 24 45
38 41 24 45
38 76 24 45
38 50 30 45
38 73 30 45
38 91 31 45
38 90 32 45
38 24 36 45
38 72 36 45
38 28 37 45
38 33 37 45
38 72 39 45
38 71 40 45
38 41 41 45
38 70 41 45
38 41 43 45
38 94 43 45
86 31 2 45
86 138 2 45
86 30 3 45
86 99 3 45
86 101 4 45
86 104 6 45
86 30 7 45
86 85 7 45
86 84 8 45
86 35 9 45
86 105 17 45
86 86 20 45
86 39 22 45
86 86 22 45
86 137 22 45
86 34 23 45
86 78 23 45
86 41 24 45
86 76 24 45
86 50 30 45
86 73 30 45
86 91 31 45
86 90 32 45
86 72 36 45
86 28 37 45
86 33 37 45
86 72 39 45
86 71 40 45
86 41 41 45
86 70 41 45
86 41 43 45
86 94 43 45
139 146 1 45
139 138 2 45
139 99 3 45
139 101 4 45
139 104 6 45
139 188 6 45
139 85 7 45
139 174 7 45
139 84 8 45
139 105 17 45
139 159 17 45
139 168 18 45
139 86 20 45
139 86 22 45
139 137 22 45
139 185 23 45
139 154 26 45
139 170 29 45
139 148 30 45
139 91 31 45
139 165 31 45
139 90 32 45
139 189 32 45
139 172 33 45
139 160 36 45
139 183 38 45
139 94 43 45
286 283 1 45
286 259 6 45
286 255 7 45
286 241 9 45
286 299 17 45
286 339 18 45
286 279 19 45
286 340 22 45
286 256 24 45
286 339 25 45
286 285 26 45
286 290 33 45
286 329 34 45
286 339 40 45
286 315 43 45
582 584 1 45
582 609 3 45
582 589 4 45
582 639 6 45
582 550 9 45
582 558 15 45
582 615 17 45
582 526 19 45
582 524 24 45
582 572 26 45
582 594 27 45
582 573 29 45
582 558 30 45
582 540 34 45
582 532 35 45
582 558 40 45
582 567 41 45
582 595 43 45
5 31 1 46
5 30 2 46
5 17 4 46
5 30 6 46
5 4 8 46
5 10 8 46
5 15 8 46
5 35 8 46
5 20 21 46
5 39 21 46
5 5 22 46
5 19 22 46
5 34 22 46
5 24 23 46
5 41 23 46
5 50 29 46
5 24 35 46
5 28 36 46
5 33 36 46
5 41 40 46
5 41 42 46
146 138 1 46
146 99 2 46
146 101 3 46
146 104 5 46
146 188 5 46
146 174 6 46
146 105 16 46
146 159 16 46
146 168 17 46
146 86 19 46
146 86 21 46
146 137 21 46
146 185 22 46
146 200 23 46
146 201 24 46
146 154 25 46
146 170 28 46
146 148 29 46
146 91 30 46
146 165 30 46
146 90 31 46
146 189 31 46
146 172 32 46
146 160 35 46
146 183 37 46
146 94 42 46
283 259 5 46
283 255 6 46
283 241 8 46
283 224 14 46
283 299 16 46
283 339 17 46
283 279 18 46
283 340 21 46
283 256 23 46
283 339 24 46
283 285 25 46
283 290 32 46
283 329 33 46
283 339 39 46
283 315 42 46
584 609 2 46
584 589 3 46
584 643 4 46
584 639 5 46
584 550 8 46
584 558 14 46
584 615 16 46
584 526 18 46
584 524 23 46
584 572 25 46
584 594 26 46
584 573 28 46
584 558 29 46
584 540 33 46
584 532 34 46
584 558 39 46
584 567 40 46
584 595 42 46
31 30 1 47
31 17 3 47
31 30 5 47
31 85 5 47
31 84 6 47
31 4 7 47
31 10 7 47
31 15 7 47
31 35 7 47
31 86 18 47
31 20 20 47
31 39 20 47
31 86 20 47
31 5 21 47
31 19 21 47
31 34 21 47
31 78 21 47
31 24 22 47
31 41 22 47
31 76 22 47
31 50 28 47
31 73 28 47
31 90 30 47
31 24 34 47
31 72 34 47
31 28 35 47
31 33 35 47
31 72 37 47
31 71 38 47
31 41 39 47
31 70 39 47
31 41 41 47
138 99 1 47
138 101 2 47
138 104 4 47
138 188 4 47
138 85 5 47
138 174 5 47
138 84 6 47
138 105 15 47
138 159 15 47
138 168 16 47
138 86 18 47
138 86 20 47
138 137 20 47
138 78 21 47
138 185 21 47
138 154 24 47
138 170 27 47
138 148 28 47
138 91 29 47
138 165 29 47
138 90 30 47
138 189 30 47
138 172 31 47
138 160 34 47
138 183 36 47
138 94 41 47
441 451 7 47
441 419 18 47
441 450 19 47
441 461 25 47
441 489 26 47
441 495 27 47
441 452 28 47
441 405 30 47
441 419 33 47
441 406 34 47
441 405 39 47
441 457 40 47
518 519 5 47
518 550 7 47
518 558 13 47
518 526 17 47
518 524 22 47
518 572 24 47
518 461 25 47
518 489 26 47
518 513 26 47
518 495 27 47
518 573 27 47
518 558 28 47
518 540 32 47
518 532 33 47
518 518 34 47
518 514 36 47
518 558 38 47
518 567 39 47
30 17 2 48
30 30 4 48
30 85 4 48
30 84 5 48
30 4 6 48
30 10 6 48
30 15 6 48
30 35 6 48
30 86 17 48
30 20 19 48
30 39 19 48
30 86 19 48
30 5 20 48
30 19 20 48
30 34 20 48
30 78 20 48
30 24 21 48
30 41 21 48
30 76 21 48
30 50 27 48
30 73 27 48
30 24 33 48
30 72 33 48
30 28 34 48
30 33 34 48
30 72 36 48
30 71 37 48
30 41 38 48
30 70 38 48
30 41 40 48
99 101 1 48
99 104 3 48
99 85 4 48
99 84 5 48
99 105 14 48
99 86 17 48
99 39 19 48
99 86 19 48
99 137 19 48
99 78 20 48
99 41 21 48
99 76 21 48
99 154 23 48
99 50 27 48
99 73 27 48
99 148 27 48
99 91 28 48
99 90 29 48
99 72 33 48
99 72 36 48
99 71 37 48
99 41 38 48
99 70 38 48
99 41 40 48
99 94 40 48
609 589 1 48
609 643 2 48
609 639 3 48
609 664 5 48
609 550 6 48
609 558 12 48
609 652 13 48
609 615 14 48
609 572 23 48
609 594 24 48
609 573 26 48
609 558 27 48
609 558 37 48
609 567 38 48
609 595 40 48
101 104 2 49
101 85 3 49
101 84 4 49
101 105 13 49
101 159 13 49
101 86 16 49
101 86 18 49
101 137 18 49
101 78 19 49
101 41 20 49
101 76 20 49
101 154 22 49
101 50 26 49
101 73 26 49
101 148 26 49
101 91 27 49
101 90 28 49
101 72 32 49
101 160 32 49
101 72 35 49
101 71 36 49
101 41 37 49
101 70 37 49
101 41 39 49
101 94 39 49
589 643 1 49
589 639 2 49
589 550 5 49
589 558 11 49
589 615 13 49
589 572 22 49
589 594 23 49
589 573 25 49
589 558 26 49
589 540 30 49
589 532 31 49
589 558 36 49
589 567 37 49
589 595 39 49
17 30 2 50
17 4 4 50
17 10 4 50
17 15 4 50
17 35 4 50
17 20 17 50
17 39 17 50
17 5 18 50
17 19 18 50
17 34 18 50
17 24 19 50
17 41 19 50
17 76 19 50
17 50 25 50
17 73 25 50
17 24 31 50
17 72 31 50
17 28 32 50
17 33 32 50
17 72 34 50
17 71 35 50
17 41 36 50
17 70 36 50
17 41 38 50
643 639 1 50
643 664 3 50
643 652 11 50
643 615 12 50
643 684 13 50
643 700 17 50
643 594 22 50
643 595 38 50
104 85 1 51
104 84 2 51
104 105 11 51
104 159 11 51
104 86 14 51
104 86 16 51
104 137 16 51
104 78 17 51
104 76 18 51
104 154 20 51
104 50 24 51
104 73 24 51
104 148 24 51
104 91 25 51
104 90 26 51
104 72 30 51
104 160 30 51
104 72 33 51
104 71 34 51
104 70 35 51
104 94 37 51
188 174 1 51
188 241 3 51
188 224 9 51
188 159 11 51
188 168 12 51
188 210 13 51
188 137 16 51
188 185 17 51
188 200 18 51
188 201 19 51
188 154 20 51
188 210 22 51
188 170 23 51
188 148 24 51
188 165 25 51
188 189 26 51
188 172 27 51
188 160 30 51
188 183 32 51
188 213 37 51
259 255 1 51
259 241 3 51
259 224 9 51
259 299 11 51
259 210 13 51
259 279 13 51
259 200 18 51
259 256 18 51
259 201 19 51
259 285 20 51
259 210 22 51
259 290 27 51
259 213 37 51
259 315 37 51
639 664 2 51
639 652 10 51
639 615 11 51
639 684 12 51
639 594 21 51
639 595 37 51
30 84 1 52
30 4 2 52
30 10 2 52
30 15 2 52
30 35 2 52
30 86 13 52
30 20 15 52
30 39 15 52
30 86 15 52
30 5 16 52
30 19 16 52
30 34 16 52
30 78 16 52
30 24 17 52
30 41 17 52
30 76 17 52
30 50 23 52
30 73 23 52
30 24 29 52
30 72 29 52
30 28 30 52
30 33 30 52
30 72 32 52
30 71 33 52
30 41 34 52
30 70 34 52
30 41 36 52
85 84 1 52
85 35 2 52
85 105 10 52
85 86 13 52
85 39 15 52
85 86 15 52
85 137 15 52
85 34 16 52
85 78 16 52
85 41 17 52
85 76 17 52
85 50 23 52
85 73 23 52
85 91 24 52
85 90 25 52
85 72 29 52
85 28 30 52
85 33 30 52
85 72 32 52
85 71 33 52
85 41 34 52
85 70 34 52
85 41 36 52
85 94 36 52
174 224 8 52
174 159 10 52
174 168 11 52
174 210 12 52
174 137 15 52
174 185 16 52
174 200 17 52
174 201 18 52
174 154 19 52
174 210 21 52
174 170 22 52
174 148 23 52
174 165 24 52
174 189 25 52
174 172 26 52
174 160 29 52
174 183 31 52
174 213 36 52
255 241 2 52
255 224 8 52
255 299 10 52
255 210 12 52
255 279 12 52
255 200 17 52
255 256 17 52
255 201 18 52
255 285 19 52
255 210 21 52
255 290 26 52
255 213 36 52
519 550 2 52
519 558 8 52
519 526 12 52
519 524 17 52
519 572 19 52
519 461 20 52
519 489 21 52
519 513 21 52
519 495 22 52
519 573 22 52
519 558 23 52
519 540 27 52
519 532 28 52
519 518 29 52
519 514 31 52
519 558 33 52
519 567 34 52
84 35 1 53
84 105 9 53
84 86 12 53
84 39 14 53
84 86 14 53
84 137 14 53
84 34 15 53
84 78 15 53
84 24 16 53
84 41 16 53
84 76 16 53
84 50 22 53
84 73 22 53
84 91 23 53
84 90 24 53
84 24 28 53
84 72 28 53
84 28 29 53
84 33 29 53
84 72 31 53
84 71 32 53
84 41 33 53
84 70 33 53
84 41 35 53
84 94 35 53
664 652 8 53
664 615 9 53
664 684 10 53
664 700 14 53
4 20 13 54
4 39 13 54
4 5 14 54
4 19 14 54
4 34 14 54
4 24 15 54
4 41 15 54
4 50 21 54
4 24 27 54
4 28 28 54
4 33 28 54
4 41 32 54
4 41 34 54
10 20 13 54
10 39 13 54
10 5 14 54
10 19 14 54
10 34 14 54
10 24 15 54
10 41 15 54
10 50 21 54
10 24 27 54
10 28 28 54
10 33 28 54
10 41 32 54
10 41 34 54
15 20 13 54
15 39 13 54
15 5 14 54
15 19 14 54
15 34 14 54
15 24 15 54
15 41 15 54
15 50 21 54
15 73 21 54
15 24 27 54
15 72 27 54
15 28 28 54
15 33 28 54
15 72 30 54
15 71 31 54
15 41 32 54
15 70 32 54
15 41 34 54
35 86 11 54
35 20 13 54
35 39 13 54
35 86 13 54
35 5 14 54
35 19 14 54
35 34 14 54
35 78 14 54
35 24 15 54
35 41 15 54
35 76 15 54
35 50 21 54
35 73 21 54
35 91 22 54
35 90 23 54
35 24 27 54
35 72 27 54
35 28 28 54
35 33 28 54
35 72 30 54
35 71 31 54
35 41 32 54
35 70 32 54
35 41 34 54
35 94 34 54
241 224 6 54
241 299 8 54
241 210 10 54
241 279 10 54
241 185 14 54
241 200 15 54
241 256 15 54
241 201 16 54
241 285 17 54
241 210 19 54
241 189 23 54
241 290 24 54
241 183 29 54
241 213 34 54
451 419 11 54
451 450 12 54
451 461 18 54
451 489 19 54
451 495 20 54
451 452 21 54
451 405 23 54
451 419 26 54
451 406 27 54
451 405 32 54
451 457 33 54
550 558 6 54
550 526 10 54
550 524 15 54
550 572 17 54
550 594 18 54
550 513 19 54
550 495 20 54
550 573 20 54
550 558 21 54
550 540 25 54
550 532 26 54
550 518 27 54
550 514 29 54
550 558 31 54
550 567 32 54
550 595 34 54
224 168 3 60
224 210 4 60
224 279 4 60
224 185 8 60
224 200 9 60
224 256 9 60
224 201 10 60
224 210 13 60
224 170 14 60
224 165 16 60
224 189 17 60
224 172 18 60
224 183 23 60
224 213 28 60
378 365 1 60
378 339 3 60
378 419 5 60
378 340 7 60
378 339 10 60
378 405 17 60
378 329 19 60
378 419 20 60
378 406 21 60
378 351 22 60
378 349 23 60
378 339 25 60
378 405 26 60
558 615 2 60
558 526 4 60
558 524 9 60
558 572 11 60
558 594 12 60
558 513 13 60
558 573 14 60
558 558 15 60
558 540 19 60
558 532 20 60
558 518 21 60
558 514 23 60
558 558 25 60
558 567 26 60
558 595 28 60
365 339 2 61
365 419 4 61
365 340 6 61
365 339 9 61
365 405 16 61
365 329 18 61
365 419 19 61
365 406 20 61
365 351 21 61
365 349 22 61
365 339 24 61
365 405 25 61
365 315 27 61
652 615 1 61
652 684 2 61
652 700 6 61
652 594 11 61
652 595 27 61
105 86 3 62
105 86 5 62
105 137 5 62
105 78 6 62
105 76 7 62
105 154 9 62
105 50 13 62
105 73 13 62
105 148 13 62
105 91 14 62
105 90 15 62
105 72 19 62
105 160 19 62
105 72 22 62
105 71 23 62
105 70 24 62
105 94 26 62
159 168 1 62
159 210 2 62
159 137 5 62
159 185 6 62
159 200 7 62
159 201 8 62
159 154 9 62
159 210 11 62
159 170 12 62
159 148 13 62
159 165 14 62
159 189 15 62
159 172 16 62
159 160 19 62
159 183 21 62
159 213 26 62
299 339 1 62
299 279 2 62
299 340 5 62
299 256 7 62
299 339 8 62
299 285 9 62
299 290 16 62
299 329 17 62
299 351 20 62
299 349 21 62
299 339 23 62
299 315 26 62
615 572 9 62
615 594 10 62
615 573 12 62
615 558 13 62
615 558 23 62
615 567 24 62
615 595 26 62
168 210 1 63
168 137 4 63
168 185 5 63
168 200 6 63
168 201 7 63
168 154 8 63
168 210 10 63
168 170 11 63
168 148 12 63
168 165 13 63
168 189 14 63
168 172 15 63
168 160 18 63
168 183 20 63
168 213 25 63
339 279 1 63
339 340 4 63
339 339 7 63
339 285 8 63
339 290 15 63
339 329 16 63
339 351 19 63
339 349 20 63
339 339 22 63
339 315 25 63
684 700 4 63
210 185 4 64
210 200 5 64
210 256 5 64
210 201 6 64
210 154 7 64
210 210 9 64
210 170 10 64
210 165 12 64
210 189 13 64
210 172 14 64
210 160 17 64
210 183 19 64
210 213 24 64
279 256 5 64
279 285 7 64
279 290 14 64
279 329 15 64
279 315 24 64
526 524 5 64
526 572 7 64
526 489 9 64
526 513 9 64
526 495 10 64
526 573 10 64
526 558 11 64
526 540 15 64
526 532 16 64
526 518 17 64
526 514 19 64
526 558 21 64
526 567 22 64
86 39 2 65
86 86 2 65
86 137 2 65
86 34 3 65
86 78 3 65
86 41 4 65
86 76 4 65
86 50 10 65
86 73 10 65
86 91 11 65
86 90 12 65
86 72 16 65
86 28 17 65
86 33 17 65
86 72 19 65
86 71 20 65
86 41 21 65
86 70 21 65
86 41 23 65
86 94 23 65
419 450 1 65
419 461 7 65
419 452 10 65
419 405 12 65
419 419 15 65
419 406 16 65
419 405 21 65
419 457 22 65
450 461 6 66
450 489 7 66
450 495 8 66
450 452 9 66
450 405 11 66
450 419 14 66
450 406 15 66
450 405 20 66
450 457 21 66
20 5 1 67
20 19 1 67
20 34 1 67
20 78 1 67
20 24 2 67
20 41 2 67
20 76 2 67
20 50 8 67
20 73 8 67
20 24 14 67
20 72 14 67
20 28 15 67
20 33 15 67
20 72 17 67
20 71 18 67
20 41 19 67
20 70 19 67
20 41 21 67
39 5 1 67
39 19 1 67
39 34 1 67
39 78 1 67
39 24 2 67
39 41 2 67
39 76 2 67
39 50 8 67
39 73 8 67
39 91 9 67
39 90 10 67
39 24 14 67
39 72 14 67
39 28 15 67
39 33 15 67
39 72 17 67
39 71 18 67
39 41 19 67
39 70 19 67
39 41 21 67
39 94 21 67
86 34 1 67
86 78 1 67
86 41 2 67
86 76 2 67
86 50 8 67
86 73 8 67
86 91 9 67
86 90 10 67
86 72 14 67
86 28 15 67
86 33 15 67
86 72 17 67
86 71 18 67
86 41 19 67
86 70 19 67
86 41 21 67
86 94 21 67
137 78 1 67
137 185 1 67
137 154 4 67
137 170 7 67
137 148 8 67
137 91 9 67
137 165 9 67
137 90 10 67
137 189 10 67
137 172 11 67
137 160 14 67
137 183 16 67
137 94 21 67
340 339 3 67
340 285 4 67
340 290 11 67
340 329 12 67
340 351 15 67
340 349 16 67
340 339 18 67
340 315 21 67
700 758 9 67
5 24 1 68
5 41 1 68
5 50 7 68
5 24 13 68
5 28 14 68
5 33 14 68
5 41 18 68
5 41 20 68
19 24 1 68
19 41 1 68
19 76 1 68
19 50 7 68
19 73 7 68
19 24 13 68
19 72 13 68
19 28 14 68
19 33 14 68
19 72 16 68
19 71 17 68
19 41 18 68
19 70 18 68
19 41 20 68
34 24 1 68
34 41 1 68
34 76 1 68
34 50 7 68
34 73 7 68
34 91 8 68
34 90 9 68
34 24 13 68
34 72 13 68
34 28 14 68
34 33 14 68
34 72 16 68
34 71 17 68
34 41 18 68
34 70 18 68
34 41 20 68
78 24 1 68
78 41 1 68
78 76 1 68
78 50 7 68
78 73 7 68
78 91 8 68
78 90 9 68
78 24 13 68
78 72 13 68
78 28 14 68
78 33 14 68
78 72 16 68
78 71 17 68
78 41 18 68
78 70 18 68
78 41 20 68
78 94 20 68
185 200 1 68
185 201 2 68
185 154 3 68
185 210 5 68
185 170 6 68
185 148 7 68
185 165 8 68
185 189 9 68
185 172 10 68
185 160 13 68
185 183 15 68
185 213 20 68
24 50 6 69
24 73 6 69
24 24 12 69
24 72 12 69
24 28 13 69
24 33 13 69
24 72 15 69
24 71 16 69
24 41 17 69
24 70 17 69
24 41 19 69
41 50 6 69
41 73 6 69
41 91 7 69
41 90 8 69
41 24 12 69
41 72 12 69
41 28 13 69
41 33 13 69
41 72 15 69
41 71 16 69
41 41 17 69
41 70 17 69
41 41 19 69
41 94 19 69
76 50 6 69
76 73 6 69
76 91 7 69
76 90 8 69
76 24 12 69
76 72 12 69
76 28 13 69
76 33 13 69
76 72 15 69
76 71 16 69
76 41 17 69
76 70 17 69
76 41 19 69
76 94 19 69
200 201 1 69
200 154 2 69
200 210 4 69
200 170 5 69
200 148 6 69
200 165 7 69
200 189 8 69
200 172 9 69
200 160 12 69
200 183 14 69
200 213 19 69
256 201 1 69
256 285 2 69
256 210 4 69
256 290 9 69
256 213 19 69
256 315 19 69
524 572 2 69
524 489 4 69
524 513 4 69
524 495 5 69
524 573 5 69
524 558 6 69
524 540 10 69
524 532 11 69
524 518 12 69
524 514 14 69
524 558 16 69
524 567 17 69
201 154 1 70
201 210 3 70
201 170 4 70
201 148 5 70
201 165 6 70
201 189 7 70
201 172 8 70
201 160 11 70
201 183 13 70
201 213 18 70
339 285 1 70
339 290 8 70
339 329 9 70
339 351 12 70
339 349 13 70
339 339 15 70
339 315 18 70
154 210 2 71
154 170 3 71
154 148 4 71
154 165 5 71
154 189 6 71
154 172 7 71
154 160 10 71
154 183 12 71
154 94 17 71
154 213 17 71
285 290 7 71
285 329 8 71
285 339 14 71
285 315 17 71
572 594 1 71
572 513 2 71
572 573 3 71
572 558 4 71
572 540 8 71
572 532 9 71
572 518 10 71
572 514 12 71
572 558 14 71
572 567 15 71
572 595 17 71
461 489 1 72
461 513 1 72
461 495 2 72
461 452 3 72
461 405 5 72
461 419 8 72
461 406 9 72
461 518 9 72
461 514 11 72
461 405 14 72
461 457 15 72
594 573 2 72
594 558 3 72
594 540 7 72
594 558 13 72
594 567 14 72
594 595 16 72
210 170 1 73
210 165 3 73
210 189 4 73
210 172 5 73
210 160 8 73
210 183 10 73
210 213 15 73
489 495 1 73
489 452 2 73
489 540 6 73
489 532 7 73
489 518 8 73
489 514 10 73
489 457 14 73
513 495 1 73
513 558 2 73
513 540 6 73
513 532 7 73
513 518 8 73
513 514 10 73
513 558 12 73
513 567 13 73
513 457 14 73
170 148 1 74
170 165 2 74
170 189 3 74
170 172 4 74
170 160 7 74
170 183 9 74
170 213 14 74
495 452 1 74
495 540 5 74
495 532 6 74
495 518 7 74
495 514 9 74
495 457 13 74
573 558 1 74
573 540 5 74
573 532 6 74
573 518 7 74
573 514 9 74
573 558 11 74
573 567 12 74
573 595 14 74
50 91 1 75
50 90 2 75
50 24 6 75
50 72 6 75
50 28 7 75
50 33 7 75
50 72 9 75
50 71 10 75
50 41 11 75
50 70 11 75
50 41 13 75
50 94 13 75
73 91 1 75
73 90 2 75
73 24 6 75
73 72 6 75
73 28 7 75
73 33 7 75
73 72 9 75
73 71 10 75
73 41 11 75
73 70 11 75
73 41 13 75
73 94 13 75
148 91 1 75
148 165 1 75
148 90 2 75
148 189 2 75
148 172 3 75
148 160 6 75
148 183 8 75
148 94 13 75
452 405 2 75
452 419 5 75
452 406 6 75
452 405 11 75
452 457 12 75
558 540 4 75
558 532 5 75
558 518 6 75
558 514 8 75
558 558 10 75
558 567 11 75
558 595 13 75
91 90 1 76
91 72 5 76
91 33 6 76
91 72 8 76
91 71 9 76
91 41 10 76
91 70 10 76
91 41 12 76
91 94 12 76
165 189 1 76
165 172 2 76
165 160 5 76
165 183 7 76
165 213 12 76
758 767 8 76
90 72 4 77
90 33 5 77
90 72 7 77
90 71 8 77
90 41 9 77
90 70 9 77
90 41 11 77
90 94 11 77
189 172 1 77
189 160 4 77
189 183 6 77
189 213 11 77
405 419 3 77
405 406 4 77
405 351 5 77
405 349 6 77
405 405 9 77
405 457 10 77
172 160 3 78
172 183 5 78
172 213 10 78
290 329 1 78
290 349 5 78
290 339 7 78
290 315 10 78
329 351 3 79
329 349 4 79
329 339 6 79
329 315 9 79
540 532 1 79
540 518 2 79
540 514 4 79
540 558 6 79
540 567 7 79
540 595 9 79
419 406 1 80
419 405 6 80
419 457 7 80
532 518 1 80
532 514 3 80
532 558 5 80
532 567 6 80
24 28 1 81
24 33 1 81
24 72 3 81
24 71 4 81
24 41 5 81
24 70 5 81
24 41 7 81
72 28 1 81
72 33 1 81
72 72 3 81
72 71 4 81
72 41 5 81
72 70 5 81
72 41 7 81
72 94 7 81
160 183 2 81
160 213 7 81
406 351 1 81
406 349 2 81
406 405 5 81
406 457 6 81
518 514 2 81
518 558 4 81
518 567 5 81
28 72 2 82
28 71 3 82
28 41 4 82
28 70 4 82
28 41 6 82
33 72 2 82
33 71 3 82
33 41 4 82
33 70 4 82
33 41 6 82
351 349 1 82
351 339 3 82
351 405 4 82
351 315 6 82
183 213 5 83
349 339 2 83
349 405 3 83
349 315 5 83
514 558 2 83
514 567 3 83
514 457 4 83
72 71 1 84
72 41 2 84
72 70 2 84
72 41 4 84
72 94 4 84
71 41 1 85
71 70 1 85
71 41 3 85
71 94 3 85
339 315 3 85
558 567 1 85
558 595 3 85
41 41 2 86
41 94 2 86
70 41 2 86
70 94 2 86
405 457 1 86
567 595 2 86
