75 67 13 1
75 71 14 1
75 78 21 1
75 83 28 1
441 432 23 1
441 431 25 1
441 441 29 1
765 760 12 1
765 753 28 1
71 67 12 2
71 71 13 2
71 78 20 2
71 83 27 2
518 509 11 2
518 508 12 2
518 534 19 2
518 533 28 2
153 169 13 3
153 171 15 3
153 158 17 3
153 159 18 3
153 156 23 3
153 169 24 3
153 170 28 3
297 316 14 3
297 291 19 3
297 303 20 3
297 293 28 3
751 760 10 3
751 753 26 3
40 29 22 4
40 41 22 4
78 67 10 4
78 71 11 4
78 78 18 4
78 83 25 4
170 175 11 4
170 169 12 4
170 171 14 4
170 158 16 4
170 159 17 4
170 156 22 4
170 169 23 4
170 170 27 4
170 156 29 4
507 508 10 4
507 489 11 4
507 521 29 4
511 508 10 4
511 521 29 4
71 71 10 5
71 78 17 5
71 83 24 5
509 489 10 5
509 521 28 5
509 523 29 5
294 291 15 7
294 303 16 7
294 293 24 7
671 656 11 7
78 78 14 8
78 83 21 8
173 171 10 8
173 158 12 8
173 159 13 8
173 156 18 8
173 169 19 8
173 170 23 8
173 156 25 8
173 167 27 8
420 432 15 9
420 431 17 9
420 408 23 9
420 404 24 9
420 403 25 9
151 158 10 10
151 159 11 10
151 156 16 10
151 169 17 10
151 170 21 10
151 156 23 10
151 167 25 10
151 141 28 10
151 138 29 10
536 546 10 10
536 534 11 10
536 549 16 10
536 539 17 10
536 533 20 10
536 533 22 10
536 521 23 10
536 523 24 10
536 518 29 10
99 98 10 11
99 107 17 11
99 83 18 11
99 86 27 11
99 99 29 11
508 521 22 11
508 523 23 11
508 489 25 11
508 518 28 11
532 534 10 11
532 549 15 11
532 539 16 11
532 533 19 11
532 533 21 11
532 521 22 11
532 523 23 11
532 518 28 11
532 550 29 11
471 489 24 12
509 521 20 13
509 523 21 13
509 489 23 13
509 518 26 13
760 753 16 13
760 764 23 13
67 83 15 14
67 86 24 14
508 521 19 14
508 523 20 14
508 489 22 14
508 518 25 14
71 83 14 15
71 86 23 15
175 156 11 15
175 169 12 15
175 170 16 15
175 156 18 15
175 167 20 15
175 157 25 15
175 177 28 15
489 489 21 15
548 549 11 15
548 539 12 15
548 533 15 15
548 533 17 15
548 550 25 15
169 156 10 16
169 169 11 16
169 170 15 16
169 156 17 16
169 167 19 16
169 157 24 16
169 177 27 16
540 549 10 16
540 539 11 16
540 533 14 16
540 533 16 16
540 521 17 16
540 523 18 16
540 550 24 16
540 520 28 16
316 320 10 17
316 329 12 17
171 170 13 18
171 156 15 18
171 167 17 18
171 157 22 18
171 177 25 18
266 284 21 18
266 262 25 18
266 254 26 18
266 255 26 18
656 648 10 18
656 646 24 18
656 639 25 18
599 589 22 19
158 170 11 20
158 156 13 20
158 167 15 20
158 141 18 20
158 138 19 20
158 157 20 20
158 177 23 20
256 262 23 20
256 254 24 20
256 255 24 20
546 533 10 20
546 533 12 20
546 550 20 20
98 86 17 21
98 99 19 21
98 98 20 21
98 99 22 21
159 170 10 21
159 156 12 21
159 167 14 21
159 141 17 21
159 157 19 21
159 177 22 21
534 533 11 21
534 521 12 21
534 523 13 21
534 518 18 21
534 550 19 21
534 520 23 21
78 86 16 22
225 233 29 22
291 290 16 22
291 284 17 22
596 589 19 22
303 290 15 23
303 284 16 23
303 299 29 23
617 634 12 23
432 442 11 24
598 589 17 24
29 36 11 26
29 38 12 26
29 30 14 26
29 45 14 26
29 20 26 26
41 36 11 26
41 38 12 26
41 30 14 26
41 45 14 26
156 141 12 26
156 138 13 26
156 157 14 26
156 167 28 26
431 419 29 26
549 550 14 26
169 157 13 27
169 177 16 27
169 167 27 27
539 550 13 27
539 520 17 27
539 528 27 27
11 5 10 28
11 5 11 28
11 30 12 28
11 20 24 28
11 0 26 28
11 20 28 28
11 0 29 28
11 5 29 28
11 19 29 28
107 99 12 28
107 98 13 28
107 99 15 28
107 105 24 28
223 233 23 28
648 646 14 28
648 639 15 28
648 664 23 28
648 638 24 28
83 99 11 29
83 98 12 29
83 99 14 29
83 86 25 29
83 74 27 29
83 79 28 29
83 76 29 29
329 340 27 29
753 756 24 29
533 550 10 30
533 520 14 30
533 528 24 30
533 514 28 30
170 177 12 31
170 167 23 31
170 169 27 31
170 165 28 31
170 157 29 31
293 299 21 31
293 281 22 31
293 274 27 31
408 398 19 32
408 419 23 32
533 520 12 32
533 528 22 32
533 514 26 32
533 513 29 32
156 167 21 33
156 137 23 33
156 139 24 33
156 169 25 33
156 165 26 33
156 157 27 33
156 169 29 33
404 398 18 33
404 419 22 33
521 520 11 33
521 528 21 33
521 514 25 33
521 513 28 33
403 398 17 34
403 419 21 34
523 520 10 34
523 528 20 34
523 514 24 34
523 513 27 34
167 167 19 35
167 169 23 35
167 165 24 35
167 157 25 35
167 169 27 35
167 153 28 35
167 172 29 35
442 461 25 35
634 638 17 35
128 137 20 36
128 139 21 36
764 756 17 36
36 20 15 37
36 20 19 37
36 37 19 37
36 19 20 37
36 31 20 37
36 41 21 37
36 53 26 37
708 703 18 37
5 20 14 38
5 0 16 38
5 20 18 38
5 0 19 38
5 5 19 38
5 19 19 38
38 20 14 38
38 20 18 38
38 37 18 38
38 19 19 38
38 31 19 38
38 41 20 38
38 53 25 38
86 105 14 38
86 86 16 38
86 74 18 38
86 79 19 38
86 76 20 38
86 88 25 38
141 137 18 38
141 139 19 38
141 157 22 38
141 153 25 38
290 299 14 38
290 281 15 38
290 274 20 38
290 283 24 38
290 289 28 38
571 573 21 38
571 552 25 38
5 20 13 39
5 0 15 39
5 20 17 39
5 0 18 39
5 5 18 39
5 19 18 39
5 24 29 39
138 137 17 39
138 139 18 39
138 157 21 39
138 153 24 39
284 299 13 39
284 281 14 39
284 274 19 39
284 283 23 39
284 289 27 39
518 528 15 39
518 514 19 39
518 513 22 39
518 533 28 39
518 518 29 39
30 20 12 40
30 20 16 40
30 37 16 40
30 19 17 40
30 31 17 40
30 41 18 40
30 24 28 40
45 37 16 40
45 31 17 40
45 41 18 40
45 53 23 40
99 105 12 40
99 86 14 40
99 79 17 40
99 88 23 40
157 167 14 40
157 137 16 40
157 139 17 40
157 169 18 40
157 165 19 40
157 157 20 40
157 169 22 40
157 153 23 40
157 172 24 40
157 169 26 40
157 167 27 40
157 160 28 40
550 552 23 40
550 540 26 40
550 533 27 40
98 105 11 41
98 86 13 41
98 79 16 41
98 88 22 41
589 573 18 41
589 594 19 41
646 638 10 42
99 86 11 43
99 79 14 43
99 88 20 43
177 167 11 43
177 169 15 43
177 165 16 43
177 157 17 43
177 169 19 43
177 172 21 43
177 169 23 43
177 167 24 43
177 160 25 43
262 281 10 43
262 274 15 43
262 252 26 43
254 252 25 44
255 274 14 44
255 252 25 44
520 528 10 44
520 514 14 44
520 513 17 44
520 533 23 44
520 518 24 44
520 515 25 44
520 510 26 44
520 527 26 44
520 531 29 44
233 252 18 51
233 214 19 51
20 24 16 52
105 88 11 52
299 283 10 52
299 289 14 52
299 317 20 52
281 289 13 53
86 72 14 54
86 68 16 54
86 71 17 54
86 70 18 54
167 172 10 54
167 169 12 54
167 167 13 54
167 160 14 54
367 366 14 54
367 348 17 54
528 540 12 54
528 533 13 54
528 518 14 54
528 515 15 54
528 510 16 54
528 527 16 54
528 531 19 54
419 424 12 55
20 24 12 56
37 24 12 56
37 40 16 56
74 72 12 56
74 68 14 56
74 71 15 56
74 70 16 56
340 338 13 56
340 348 15 56
5 24 11 57
19 24 11 57
31 24 11 57
31 40 15 57
79 72 11 57
79 68 13 57
79 71 14 57
79 70 15 57
41 24 10 58
41 40 14 58
76 72 10 58
76 68 12 58
76 71 13 58
76 70 14 58
169 160 10 58
514 518 10 58
514 515 11 58
514 510 12 58
514 527 12 58
514 531 15 58
573 557 12 59
573 568 13 59
461 455 13 60
463 455 12 61
513 531 12 61
