216 236 10 1
216 225 13 1
216 224 14 1
216 227 15 1
216 230 16 1
216 225 17 1
216 228 28 1
216 204 33 1
216 221 35 1
216 221 36 1
216 213 37 1
216 199 38 1
216 213 39 1
216 221 43 1
216 243 44 1
216 242 45 1
216 207 46 1
216 242 50 1
216 214 53 1
216 235 54 1
216 216 56 1
123 98 13 2
123 151 31 2
123 102 32 2
123 104 33 2
123 121 34 2
123 101 35 2
123 94 38 2
123 107 40 2
123 109 41 2
123 102 42 2
123 119 43 2
123 100 44 2
123 120 45 2
123 101 50 2
123 143 51 2
123 106 53 2
123 109 57 2
123 144 57 2
123 94 59 2
146 174 17 2
146 155 18 2
146 165 21 2
146 162 22 2
146 156 23 2
146 169 26 2
146 172 28 2
146 151 31 2
146 121 34 2
146 119 43 2
146 120 45 2
146 143 51 2
146 144 57 2
24 53 12 3
24 28 13 3
24 53 13 3
24 24 14 3
24 32 19 3
24 28 20 3
24 23 26 3
24 24 27 3
24 53 27 3
24 52 38 3
24 53 39 3
24 14 42 3
24 24 42 3
24 53 44 3
24 12 49 3
24 24 49 3
24 53 49 3
24 53 52 3
24 3 53 3
24 27 53 3
24 35 53 3
24 28 54 3
24 32 54 3
24 28 55 3
24 34 55 3
24 12 56 3
24 28 56 3
24 34 56 3
168 174 16 3
168 155 17 3
168 165 20 3
168 162 21 3
168 156 22 3
168 169 25 3
168 172 27 3
168 182 28 3
168 179 29 3
168 151 30 3
168 177 32 3
168 181 38 3
168 178 39 3
168 183 49 3
168 143 50 3
168 144 56 3
168 177 57 3
255 225 11 3
255 227 13 3
255 230 14 3
255 225 15 3
255 246 18 3
255 246 19 3
255 254 23 3
255 253 24 3
255 228 26 3
255 255 27 3
255 249 40 3
255 243 42 3
255 242 43 3
255 254 45 3
255 242 48 3
255 235 52 3
255 244 58 3
94 98 11 4
94 68 12 4
94 102 30 4
94 104 31 4
94 121 32 4
94 101 33 4
94 73 34 4
94 73 35 4
94 94 36 4
94 85 37 4
94 107 38 4
94 109 39 4
94 102 40 4
94 119 41 4
94 100 42 4
94 120 43 4
94 101 48 4
94 106 51 4
94 68 52 4
94 109 55 4
94 94 57 4
94 64 58 4
94 97 59 4
172 174 15 4
172 155 16 4
172 165 19 4
172 162 20 4
172 156 21 4
172 169 24 4
172 172 26 4
172 182 27 4
172 179 28 4
172 151 29 4
172 177 31 4
172 199 35 4
172 181 37 4
172 178 38 4
172 183 48 4
172 143 49 4
172 144 55 4
172 177 56 4
255 225 10 4
255 227 12 4
255 230 13 4
255 225 14 4
255 246 17 4
255 246 18 4
255 254 22 4
255 253 23 4
255 228 25 4
255 255 26 4
255 249 39 4
255 243 41 4
255 242 42 4
255 254 44 4
255 242 47 4
255 235 51 4
255 244 57 4
255 246 59 4
23 28 11 5
23 24 12 5
23 32 17 5
23 28 18 5
23 23 24 5
23 24 25 5
23 52 36 5
23 14 40 5
23 24 40 5
23 12 47 5
23 24 47 5
23 3 51 5
23 27 51 5
23 35 51 5
23 28 52 5
23 32 52 5
23 28 53 5
23 34 53 5
23 12 54 5
23 28 54 5
23 34 54 5
172 174 14 5
172 155 15 5
172 165 18 5
172 162 19 5
172 156 20 5
172 169 23 5
172 172 25 5
172 182 26 5
172 179 27 5
172 151 28 5
172 177 30 5
172 199 34 5
172 181 36 5
172 178 37 5
172 183 47 5
172 143 48 5
172 144 54 5
172 177 55 5
14 28 10 6
14 24 11 6
14 32 16 6
14 28 17 6
14 23 23 6
14 24 24 6
14 14 39 6
14 24 39 6
14 12 46 6
14 24 46 6
14 3 50 6
14 27 50 6
14 35 50 6
14 28 51 6
14 32 51 6
14 28 52 6
14 34 52 6
14 12 53 6
14 28 53 6
14 34 53 6
50 28 10 6
50 53 10 6
50 68 10 6
50 24 11 6
50 32 16 6
50 28 17 6
50 58 21 6
50 23 23 6
50 24 24 6
50 53 24 6
50 56 27 6
50 58 30 6
50 57 31 6
50 73 32 6
50 73 33 6
50 52 35 6
50 53 36 6
50 24 39 6
50 54 40 6
50 53 41 6
50 24 46 6
50 53 46 6
50 53 49 6
50 27 50 6
50 35 50 6
50 68 50 6
50 28 51 6
50 32 51 6
50 28 52 6
50 34 52 6
50 28 53 6
50 34 53 6
50 58 55 6
50 56 56 6
50 64 56 6
50 59 57 6
120 102 28 6
120 104 29 6
120 121 30 6
120 101 31 6
120 94 34 6
120 107 36 6
120 109 37 6
120 102 38 6
120 119 39 6
120 100 40 6
120 120 41 6
120 101 46 6
120 143 47 6
120 106 49 6
120 109 53 6
120 144 53 6
120 94 55 6
120 97 57 6
120 135 58 6
200 227 10 6
200 225 12 6
200 174 13 6
200 228 23 6
200 172 24 6
200 182 25 6
200 179 26 6
200 204 28 6
200 177 29 6
200 221 30 6
200 221 31 6
200 213 32 6
200 199 33 6
200 213 34 6
200 181 35 6
200 178 36 6
200 221 38 6
200 207 41 6
200 183 46 6
200 214 48 6
200 216 51 6
200 177 54 6
200 225 11 7
200 174 12 7
200 228 22 7
200 172 23 7
200 182 24 7
200 179 25 7
200 204 27 7
200 177 28 7
200 221 29 7
200 221 30 7
200 213 31 7
200 199 32 7
200 213 33 7
200 181 34 7
200 178 35 7
200 221 37 7
200 207 40 7
200 183 45 7
200 214 47 7
200 216 50 7
200 177 53 7
255 230 10 7
255 225 11 7
255 246 14 7
255 246 15 7
255 254 19 7
255 253 20 7
255 228 22 7
255 255 23 7
255 249 36 7
255 243 38 7
255 242 39 7
255 254 41 7
255 242 44 7
255 235 48 7
255 244 54 7
255 246 56 7
255 248 58 7
170 174 11 8
170 155 12 8
170 165 15 8
170 162 16 8
170 156 17 8
170 169 20 8
170 172 22 8
170 182 23 8
170 179 24 8
170 151 25 8
170 177 27 8
170 199 31 8
170 181 33 8
170 178 34 8
170 183 44 8
170 143 45 8
170 144 51 8
170 177 52 8
255 225 10 8
255 246 13 8
255 246 14 8
255 254 18 8
255 253 19 8
255 228 21 8
255 255 22 8
255 249 35 8
255 243 37 8
255 242 38 8
255 254 40 8
255 242 43 8
255 235 47 8
255 244 53 8
255 246 55 8
255 248 57 8
13 32 13 9
13 28 14 9
13 23 20 9
13 24 21 9
13 14 36 9
13 24 36 9
13 12 43 9
13 24 43 9
13 3 47 9
13 27 47 9
13 35 47 9
13 28 48 9
13 32 48 9
13 28 49 9
13 34 49 9
13 12 50 9
13 28 50 9
13 34 50 9
57 32 13 9
57 28 14 9
57 58 18 9
57 53 21 9
57 56 24 9
57 58 27 9
57 57 28 9
57 73 29 9
57 73 30 9
57 52 32 9
57 85 32 9
57 53 33 9
57 54 37 9
57 53 38 9
57 53 43 9
57 53 46 9
57 27 47 9
57 35 47 9
57 68 47 9
57 28 48 9
57 32 48 9
57 28 49 9
57 34 49 9
57 28 50 9
57 34 50 9
57 58 52 9
57 56 53 9
57 64 53 9
57 59 54 9
57 68 57 9
223 246 12 9
223 246 13 9
223 228 20 9
223 204 25 9
223 221 27 9
223 221 28 9
223 213 29 9
223 199 30 9
223 213 31 9
223 249 34 9
223 221 35 9
223 243 36 9
223 242 37 9
223 207 38 9
223 242 42 9
223 214 45 9
223 235 46 9
223 216 48 9
223 244 52 9
223 246 54 9
223 248 56 9
223 206 58 9
169 155 10 10
169 165 13 10
169 162 14 10
169 156 15 10
169 169 18 10
169 172 20 10
169 182 21 10
169 179 22 10
169 151 23 10
169 177 25 10
169 181 31 10
169 178 32 10
169 183 42 10
169 143 43 10
169 144 49 10
169 177 50 10
120 102 23 11
120 104 24 11
120 121 25 11
120 101 26 11
120 94 29 11
120 107 31 11
120 109 32 11
120 102 33 11
120 119 34 11
120 100 35 11
120 120 36 11
120 101 41 11
120 143 42 11
120 106 44 11
120 109 48 11
120 144 48 11
120 94 50 11
120 97 52 11
120 135 53 11
120 136 55 11
120 94 56 11
120 134 57 11
120 147 59 11
236 246 10 11
236 246 11 11
236 254 15 11
236 253 16 11
236 228 18 11
236 255 19 11
236 221 25 11
236 221 26 11
236 213 27 11
236 213 29 11
236 249 32 11
236 221 33 11
236 243 34 11
236 242 35 11
236 207 36 11
236 254 37 11
236 242 40 11
236 214 43 11
236 235 44 11
236 216 46 11
236 244 50 11
236 246 52 11
236 248 54 11
236 206 56 11
236 210 58 11
252 246 10 12
252 254 14 12
252 253 15 12
252 228 17 12
252 255 18 12
252 249 31 12
252 243 33 12
252 242 34 12
252 254 36 12
252 242 39 12
252 235 43 12
252 244 49 12
252 246 51 12
252 248 53 12
252 246 59 12
225 254 12 14
225 253 13 14
225 228 15 14
225 204 20 14
225 221 22 14
225 221 23 14
225 213 24 14
225 199 25 14
225 213 26 14
225 249 29 14
225 221 30 14
225 243 31 14
225 242 32 14
225 207 33 14
225 254 34 14
225 242 37 14
225 214 40 14
225 235 41 14
225 216 43 14
225 244 47 14
225 246 49 14
225 248 51 14
225 206 53 14
225 210 55 14
225 246 57 14
225 254 58 14
53 58 12 15
53 23 14 15
53 24 15 15
53 53 15 15
53 56 18 15
53 58 21 15
53 57 22 15
53 73 23 15
53 73 24 15
53 52 26 15
53 53 27 15
53 24 30 15
53 54 31 15
53 53 32 15
53 24 37 15
53 53 37 15
53 53 40 15
53 27 41 15
53 35 41 15
53 68 41 15
53 28 42 15
53 32 42 15
53 28 43 15
53 34 43 15
53 28 44 15
53 34 44 15
53 58 46 15
53 56 47 15
53 64 47 15
53 59 48 15
53 68 51 15
53 55 56 15
53 28 58 15
53 55 58 15
98 102 19 15
98 104 20 15
98 121 21 15
98 101 22 15
98 73 23 15
98 73 24 15
98 94 25 15
98 85 26 15
98 107 27 15
98 109 28 15
98 102 29 15
98 119 30 15
98 100 31 15
98 120 32 15
98 101 37 15
98 106 40 15
98 68 41 15
98 109 44 15
98 94 46 15
98 97 48 15
98 68 51 15
98 94 52 15
98 120 58 15
224 253 12 15
224 228 14 15
224 204 19 15
224 221 21 15
224 221 22 15
224 213 23 15
224 199 24 15
224 213 25 15
224 249 28 15
224 221 29 15
224 243 30 15
224 242 31 15
224 207 32 15
224 242 36 15
224 214 39 15
224 235 40 15
224 216 42 15
224 244 46 15
224 246 48 15
224 248 50 15
224 206 52 15
224 210 54 15
224 246 56 15
28 23 13 16
28 24 14 16
28 53 14 16
28 56 17 16
28 57 21 16
28 52 25 16
28 53 26 16
28 14 29 16
28 24 29 16
28 54 30 16
28 53 31 16
28 12 36 16
28 24 36 16
28 53 36 16
28 53 39 16
28 3 40 16
28 27 40 16
28 35 40 16
28 28 41 16
28 32 41 16
28 28 42 16
28 34 42 16
28 12 43 16
28 28 43 16
28 34 43 16
28 56 46 16
28 55 55 16
28 13 57 16
28 28 57 16
28 55 57 16
28 11 59 16
28 16 59 16
53 58 11 16
53 23 13 16
53 24 14 16
53 53 14 16
53 56 17 16
53 58 20 16
53 57 21 16
53 73 22 16
53 73 23 16
53 52 25 16
53 53 26 16
53 24 29 16
53 54 30 16
53 53 31 16
53 24 36 16
53 53 36 16
53 53 39 16
53 27 40 16
53 35 40 16
53 68 40 16
53 28 41 16
53 32 41 16
53 28 42 16
53 34 42 16
53 28 43 16
53 34 43 16
53 58 45 16
53 56 46 16
53 64 46 16
53 59 47 16
53 68 50 16
53 55 55 16
53 28 57 16
53 55 57 16
68 58 11 16
68 53 14 16
68 56 17 16
68 58 20 16
68 57 21 16
68 73 22 16
68 73 23 16
68 94 24 16
68 52 25 16
68 85 25 16
68 53 26 16
68 54 30 16
68 53 31 16
68 53 36 16
68 53 39 16
68 68 40 16
68 58 45 16
68 94 45 16
68 56 46 16
68 64 46 16
68 59 47 16
68 97 47 16
68 68 50 16
68 94 51 16
68 55 55 16
68 55 57 16
227 254 10 16
227 253 11 16
227 228 13 16
227 255 14 16
227 204 18 16
227 221 20 16
227 221 21 16
227 213 22 16
227 199 23 16
227 213 24 16
227 249 27 16
227 221 28 16
227 243 29 16
227 242 30 16
227 207 31 16
227 254 32 16
227 242 35 16
227 214 38 16
227 235 39 16
227 216 41 16
227 244 45 16
227 246 47 16
227 248 49 16
227 206 51 16
227 210 53 16
227 246 55 16
227 254 56 16
227 255 56 16
227 236 59 16
24 23 12 17
24 24 13 17
24 53 13 17
24 52 24 17
24 53 25 17
24 14 28 17
24 24 28 17
24 53 30 17
24 12 35 17
24 24 35 17
24 53 35 17
24 53 38 17
24 3 39 17
24 27 39 17
24 35 39 17
24 28 40 17
24 32 40 17
24 28 41 17
24 34 41 17
24 12 42 17
24 28 42 17
24 34 42 17
24 13 56 17
24 28 56 17
24 11 58 17
24 16 58 17
24 12 59 17
24 16 59 17
24 46 59 17
230 253 10 17
230 228 12 17
230 255 13 17
230 204 17 17
230 221 19 17
230 221 20 17
230 213 21 17
230 213 23 17
230 249 26 17
230 221 27 17
230 243 28 17
230 242 29 17
230 207 30 17
230 254 31 17
230 242 34 17
230 214 37 17
230 235 38 17
230 216 40 17
230 244 44 17
230 246 46 17
230 248 48 17
230 206 50 17
230 210 52 17
230 246 54 17
230 254 55 17
230 255 55 17
230 236 58 17
225 228 11 18
225 204 16 18
225 221 18 18
225 221 19 18
225 213 20 18
225 199 21 18
225 213 22 18
225 249 25 18
225 221 26 18
225 243 27 18
225 242 28 18
225 207 29 18
225 254 30 18
225 242 33 18
225 214 36 18
225 235 37 18
225 216 39 18
225 244 43 18
225 246 45 18
225 248 47 18
225 206 49 18
225 210 51 18
225 246 53 18
225 254 54 18
225 236 57 18
174 172 11 19
174 182 12 19
174 179 13 19
174 151 14 19
174 177 16 19
174 199 20 19
174 181 22 19
174 178 23 19
174 183 33 19
174 144 40 19
174 177 41 19
174 147 51 19
174 192 57 19
174 194 59 19
155 172 10 20
155 182 11 20
155 179 12 20
155 151 13 20
155 177 15 20
155 181 21 20
155 178 22 20
155 183 32 20
155 143 33 20
155 144 39 20
155 177 40 20
155 135 44 20
155 136 46 20
155 134 48 20
155 147 50 20
246 221 15 21
246 221 16 21
246 249 22 21
246 221 23 21
246 243 24 21
246 242 25 21
246 254 27 21
246 242 30 21
246 235 34 21
246 216 36 21
246 244 40 21
246 246 42 21
246 248 44 21
246 246 50 21
246 254 51 21
246 255 51 21
246 236 54 21
32 56 11 22
32 58 14 22
32 57 15 22
32 52 19 22
32 53 20 22
32 14 23 22
32 24 23 22
32 54 24 22
32 53 25 22
32 12 30 22
32 24 30 22
32 53 30 22
32 53 33 22
32 3 34 22
32 27 34 22
32 35 34 22
32 28 35 22
32 32 35 22
32 28 36 22
32 34 36 22
32 12 37 22
32 28 37 22
32 34 37 22
32 58 39 22
32 56 40 22
32 59 41 22
32 55 49 22
32 13 51 22
32 28 51 22
32 55 51 22
32 11 53 22
32 16 53 22
32 12 54 22
32 16 54 22
32 46 54 22
32 49 55 22
32 47 56 22
32 10 57 22
32 45 57 22
32 14 58 22
32 16 58 22
32 54 58 22
32 9 59 22
32 32 59 22
246 221 14 22
246 221 15 22
246 249 21 22
246 221 22 22
246 243 23 22
246 242 24 22
246 254 26 22
246 242 29 22
246 235 33 22
246 216 35 22
246 244 39 22
246 246 41 22
246 248 43 22
246 246 49 22
246 254 50 22
246 255 50 22
246 236 53 22
246 234 59 22
28 56 10 23
28 57 14 23
28 52 18 23
28 53 19 23
28 14 22 23
28 24 22 23
28 54 23 23
28 53 24 23
28 12 29 23
28 24 29 23
28 53 29 23
28 53 32 23
28 3 33 23
28 27 33 23
28 35 33 23
28 28 34 23
28 32 34 23
28 28 35 23
28 34 35 23
28 12 36 23
28 28 36 23
28 34 36 23
28 56 39 23
28 55 48 23
28 13 50 23
28 28 50 23
28 55 50 23
28 11 52 23
28 16 52 23
28 12 53 23
28 16 53 23
28 46 53 23
28 49 54 23
28 1 55 23
28 47 55 23
28 10 56 23
28 45 56 23
28 14 57 23
28 16 57 23
28 54 57 23
28 9 58 23
28 32 58 23
28 33 59 23
165 151 10 23
165 177 12 23
165 181 18 23
165 178 19 23
165 183 29 23
165 143 30 23
165 144 36 23
165 177 37 23
165 135 41 23
165 136 43 23
165 147 47 23
165 192 53 23
165 194 55 23
165 193 56 23
165 183 57 23
162 177 11 24
162 181 17 24
162 178 18 24
162 183 28 24
162 143 29 24
162 144 35 24
162 177 36 24
162 135 40 24
162 136 42 24
162 134 44 24
162 147 46 24
162 183 56 24
156 177 10 25
156 181 16 25
156 178 17 25
156 183 27 25
156 143 28 25
156 144 34 25
156 177 35 25
156 135 39 25
156 136 41 25
156 134 43 25
156 147 45 25
156 183 55 25
254 249 17 26
254 243 19 26
254 242 20 26
254 254 22 26
254 242 25 26
254 235 29 26
254 244 35 26
254 246 37 26
254 248 39 26
254 246 45 26
254 254 46 26
254 255 46 26
254 236 49 26
254 234 55 26
254 240 57 26
58 57 10 27
58 73 11 27
58 73 12 27
58 52 14 27
58 85 14 27
58 53 15 27
58 54 19 27
58 53 20 27
58 53 25 27
58 53 28 27
58 35 29 27
58 68 29 27
58 28 30 27
58 32 30 27
58 28 31 27
58 34 31 27
58 28 32 27
58 34 32 27
58 58 34 27
58 56 35 27
58 64 35 27
58 59 36 27
58 68 39 27
58 55 44 27
58 28 46 27
58 55 46 27
58 46 49 27
58 49 50 27
58 47 51 27
58 45 52 27
58 54 53 27
58 32 54 27
58 33 55 27
58 32 56 27
58 34 59 27
58 68 59 27
253 249 16 27
253 243 18 27
253 242 19 27
253 254 21 27
253 242 24 27
253 235 28 27
253 244 34 27
253 246 36 27
253 248 38 27
253 246 44 27
253 254 45 27
253 255 45 27
253 236 48 27
253 234 54 27
253 240 56 27
169 181 13 28
169 178 14 28
169 183 24 28
169 143 25 28
169 144 31 28
169 177 32 28
169 147 42 28
169 192 48 28
169 194 50 28
169 193 51 28
169 183 52 28
169 196 54 28
23 52 12 29
23 14 16 29
23 24 16 29
23 12 23 29
23 24 23 29
23 3 27 29
23 27 27 29
23 35 27 29
23 28 28 29
23 32 28 29
23 28 29 29
23 34 29 29
23 12 30 29
23 28 30 29
23 34 30 29
23 13 44 29
23 28 44 29
23 11 46 29
23 16 46 29
23 12 47 29
23 16 47 29
23 46 47 29
23 49 48 29
23 1 49 29
23 47 49 29
23 10 50 29
23 45 50 29
23 14 51 29
23 16 51 29
23 9 52 29
23 32 52 29
23 33 53 29
23 32 54 29
23 34 57 29
23 28 58 29
228 199 10 29
228 213 11 29
228 249 14 29
228 221 15 29
228 243 16 29
228 242 17 29
228 207 18 29
228 254 19 29
228 242 22 29
228 214 25 29
228 235 26 29
228 216 28 29
228 244 32 29
228 246 34 29
228 248 36 29
228 206 38 29
228 210 40 29
228 246 42 29
228 254 43 29
228 255 43 29
228 236 46 29
228 234 52 29
228 240 54 29
228 219 55 29
228 215 56 29
228 213 57 29
228 218 58 29
24 52 11 30
24 53 12 30
24 14 15 30
24 24 15 30
24 53 17 30
24 12 22 30
24 24 22 30
24 53 22 30
24 53 25 30
24 3 26 30
24 27 26 30
24 35 26 30
24 28 27 30
24 32 27 30
24 28 28 30
24 34 28 30
24 12 29 30
24 28 29 30
24 34 29 30
24 13 43 30
24 28 43 30
24 11 45 30
24 16 45 30
24 12 46 30
24 16 46 30
24 46 46 30
24 49 47 30
24 1 48 30
24 47 48 30
24 10 49 30
24 45 49 30
24 14 50 30
24 16 50 30
24 9 51 30
24 32 51 30
24 33 52 30
24 32 53 30
24 34 56 30
24 28 57 30
53 52 11 30
53 53 12 30
53 24 15 30
53 54 16 30
53 53 17 30
53 24 22 30
53 53 22 30
53 53 25 30
53 27 26 30
53 35 26 30
53 68 26 30
53 28 27 30
53 32 27 30
53 28 28 30
53 34 28 30
53 28 29 30
53 34 29 30
53 58 31 30
53 56 32 30
53 64 32 30
53 59 33 30
53 68 36 30
53 55 41 30
53 28 43 30
53 55 43 30
53 46 46 30
53 49 47 30
53 47 48 30
53 45 49 30
53 54 50 30
53 32 51 30
53 33 52 30
53 32 53 30
53 34 56 30
53 68 56 30
53 28 57 30
53 57 58 30
172 181 11 30
172 178 12 30
172 183 22 30
172 143 23 30
172 144 29 30
172 177 30 30
172 147 40 30
172 192 46 30
172 194 48 30
172 193 49 30
172 183 50 30
172 196 52 30
172 173 58 30
255 249 13 30
255 243 15 30
255 242 16 30
255 254 18 30
255 242 21 30
255 235 25 30
255 244 31 30
255 246 33 30
255 248 35 30
255 246 41 30
255 254 42 30
255 255 42 30
255 236 45 30
255 234 51 30
255 240 53 30
182 181 10 31
182 178 11 31
182 207 16 31
182 183 21 31
182 177 29 31
182 206 36 31
182 210 38 31
182 192 45 31
182 194 47 31
182 193 48 31
182 183 49 31
182 196 51 31
182 173 57 31
179 178 10 32
179 207 15 32
179 183 20 32
179 177 28 32
179 206 35 32
179 192 44 32
179 194 46 32
179 193 47 32
179 183 48 32
179 196 50 32
179 173 56 32
56 54 13 33
56 53 14 33
56 53 19 33
56 53 22 33
56 27 23 33
56 35 23 33
56 68 23 33
56 28 24 33
56 32 24 33
56 28 25 33
56 34 25 33
56 28 26 33
56 34 26 33
56 58 28 33
56 56 29 33
56 64 29 33
56 59 30 33
56 68 33 33
56 55 38 33
56 28 40 33
56 55 40 33
56 46 43 33
56 49 44 33
56 47 45 33
56 45 46 33
56 54 47 33
56 32 48 33
56 33 49 33
56 32 50 33
56 34 53 33
56 68 53 33
56 28 54 33
56 57 55 33
56 84 55 33
56 29 57 33
56 57 57 33
56 37 59 33
56 80 59 33
151 143 20 33
151 144 26 33
151 177 27 33
151 135 31 33
151 136 33 33
151 134 35 33
151 147 37 33
151 173 55 33
151 133 59 33
102 102 10 34
102 119 11 34
102 100 12 34
102 120 13 34
102 101 18 34
102 106 21 34
102 109 25 34
102 94 27 34
102 97 29 34
102 94 33 34
102 120 39 34
102 94 42 34
102 96 43 34
102 95 44 34
102 94 45 34
102 87 53 34
102 84 54 34
102 80 58 34
102 73 59 34
204 221 10 34
204 207 13 34
204 183 18 34
204 214 20 34
204 216 23 34
204 177 26 34
204 206 33 34
204 210 35 34
204 192 42 34
204 194 44 34
204 193 45 34
204 183 46 34
204 196 48 34
204 219 50 34
204 215 51 34
204 213 52 34
204 218 53 34
204 223 55 34
204 201 59 34
104 119 10 35
104 100 11 35
104 120 12 35
104 101 17 35
104 106 20 35
104 109 24 35
104 94 26 35
104 97 28 35
104 94 32 35
104 120 38 35
104 94 41 35
104 96 42 35
104 95 43 35
104 94 44 35
104 87 52 35
104 84 53 35
104 80 57 35
104 133 57 35
104 76 59 35
177 183 17 35
177 177 25 35
177 206 32 35
177 147 35 35
177 192 41 35
177 194 43 35
177 193 44 35
177 183 45 35
177 196 47 35
177 173 53 35
177 201 58 35
58 54 10 36
58 53 11 36
58 53 16 36
58 53 19 36
58 35 20 36
58 68 20 36
58 28 21 36
58 32 21 36
58 28 22 36
58 34 22 36
58 28 23 36
58 34 23 36
58 58 25 36
58 56 26 36
58 64 26 36
58 59 27 36
58 68 30 36
58 55 35 36
58 28 37 36
58 55 37 36
58 46 40 36
58 49 41 36
58 47 42 36
58 45 43 36
58 54 44 36
58 32 45 36
58 33 46 36
58 32 47 36
58 34 50 36
58 68 50 36
58 28 51 36
58 87 51 36
58 57 52 36
58 84 52 36
58 29 54 36
58 57 54 36
58 37 56 36
58 80 56 36
58 73 57 36
58 76 58 36
58 53 59 36
121 100 10 36
121 120 11 36
121 101 16 36
121 143 17 36
121 106 19 36
121 109 23 36
121 144 23 36
121 94 25 36
121 97 27 36
121 135 28 36
121 136 30 36
121 94 31 36
121 134 32 36
121 147 34 36
121 120 37 36
121 94 40 36
121 96 41 36
121 95 42 36
121 94 43 36
121 133 56 36
121 140 58 36
221 242 10 36
221 207 11 36
221 242 15 36
221 214 18 36
221 235 19 36
221 216 21 36
221 244 25 36
221 246 27 36
221 248 29 36
221 206 31 36
221 210 33 36
221 246 35 36
221 236 39 36
221 192 40 36
221 194 42 36
221 193 43 36
221 234 45 36
221 196 46 36
221 240 47 36
221 219 48 36
221 215 49 36
221 213 50 36
221 218 51 36
221 223 53 36
221 201 57 36
57 53 10 37
57 53 15 37
57 53 18 37
57 27 19 37
57 35 19 37
57 68 19 37
57 28 20 37
57 32 20 37
57 28 21 37
57 34 21 37
57 28 22 37
57 34 22 37
57 58 24 37
57 56 25 37
57 64 25 37
57 59 26 37
57 68 29 37
57 55 34 37
57 28 36 37
57 55 36 37
57 46 39 37
57 49 40 37
57 47 41 37
57 45 42 37
57 54 43 37
57 32 44 37
57 33 45 37
57 32 46 37
57 34 49 37
57 68 49 37
57 28 50 37
57 57 51 37
57 84 51 37
57 29 53 37
57 57 53 37
57 37 55 37
57 80 55 37
57 73 56 37
57 76 57 37
57 53 58 37
101 120 10 37
101 101 15 37
101 106 18 37
101 109 22 37
101 94 24 37
101 97 26 37
101 94 30 37
101 120 36 37
101 94 39 37
101 96 40 37
101 95 41 37
101 94 42 37
101 87 50 37
101 84 51 37
101 80 55 37
101 73 56 37
101 76 57 37
221 207 10 37
221 242 14 37
221 214 17 37
221 235 18 37
221 216 20 37
221 244 24 37
221 246 26 37
221 248 28 37
221 206 30 37
221 210 32 37
221 246 34 37
221 236 38 37
221 192 39 37
221 194 41 37
221 193 42 37
221 234 44 37
221 196 45 37
221 240 46 37
221 219 47 37
221 215 48 37
221 213 49 37
221 218 50 37
221 223 52 37
221 201 56 37
73 53 14 38
73 101 14 38
73 53 17 38
73 68 18 38
73 58 23 38
73 94 23 38
73 56 24 38
73 64 24 38
73 59 25 38
73 97 25 38
73 68 28 38
73 94 29 38
73 55 33 38
73 55 35 38
73 46 38 38
73 94 38 38
73 49 39 38
73 96 39 38
73 47 40 38
73 95 40 38
73 45 41 38
73 94 41 38
73 54 42 38
73 68 48 38
73 87 49 38
73 57 50 38
73 84 50 38
73 57 52 38
73 80 54 38
73 73 55 38
73 76 56 38
73 53 57 38
73 43 59 38
213 242 13 38
213 183 14 38
213 214 16 38
213 235 17 38
213 216 19 38
213 206 29 38
213 210 31 38
213 236 37 38
213 192 38 38
213 194 40 38
213 193 41 38
213 183 42 38
213 234 43 38
213 196 44 38
213 240 45 38
213 219 46 38
213 215 47 38
213 213 48 38
213 218 49 38
213 223 51 38
213 201 55 38
213 199 59 38
73 53 13 39
73 101 13 39
73 53 16 39
73 68 17 39
73 58 22 39
73 94 22 39
73 56 23 39
73 64 23 39
73 59 24 39
73 97 24 39
73 68 27 39
73 94 28 39
73 55 32 39
73 55 34 39
73 46 37 39
73 94 37 39
73 49 38 39
73 96 38 39
73 47 39 39
73 95 39 39
73 45 40 39
73 94 40 39
73 54 41 39
73 68 47 39
73 87 48 39
73 57 49 39
73 84 49 39
73 57 51 39
73 80 53 39
73 73 54 39
73 76 55 39
73 53 56 39
73 43 58 39
73 79 59 39
199 183 13 39
199 214 15 39
199 216 18 39
199 177 21 39
199 206 28 39
199 210 30 39
199 192 37 39
199 194 39 39
199 193 40 39
199 183 41 39
199 196 43 39
199 219 45 39
199 215 46 39
199 213 47 39
199 218 48 39
199 173 49 39
199 223 50 39
199 201 54 39
199 199 58 39
199 184 59 39
94 101 12 40
94 106 15 40
94 68 16 40
94 109 19 40
94 94 21 40
94 64 22 40
94 97 23 40
94 68 26 40
94 94 27 40
94 120 33 40
94 94 36 40
94 96 37 40
94 95 38 40
94 94 39 40
94 68 46 40
94 87 47 40
94 84 48 40
94 80 52 40
94 73 53 40
94 76 54 40
94 79 58 40
94 106 59 40
213 242 11 40
213 183 12 40
213 214 14 40
213 235 15 40
213 216 17 40
213 206 27 40
213 210 29 40
213 236 35 40
213 192 36 40
213 194 38 40
213 193 39 40
213 183 40 40
213 234 41 40
213 196 42 40
213 240 43 40
213 219 44 40
213 215 45 40
213 213 46 40
213 218 47 40
213 223 49 40
213 201 53 40
213 199 57 40
213 184 58 40
52 24 11 41
52 53 11 41
52 53 14 41
52 27 15 41
52 35 15 41
52 68 15 41
52 28 16 41
52 32 16 41
52 28 17 41
52 34 17 41
52 28 18 41
52 34 18 41
52 58 20 41
52 56 21 41
52 64 21 41
52 59 22 41
52 68 25 41
52 55 30 41
52 28 32 41
52 55 32 41
52 46 35 41
52 49 36 41
52 47 37 41
52 45 38 41
52 54 39 41
52 32 40 41
52 33 41 41
52 32 42 41
52 34 45 41
52 68 45 41
52 28 46 41
52 57 47 41
52 29 49 41
52 57 49 41
52 37 51 41
52 80 51 41
52 73 52 41
52 76 53 41
52 53 54 41
52 43 56 41
52 39 57 41
52 79 57 41
52 55 58 41
85 101 11 41
85 106 14 41
85 68 15 41
85 109 18 41
85 58 20 41
85 94 20 41
85 56 21 41
85 64 21 41
85 59 22 41
85 97 22 41
85 68 25 41
85 94 26 41
85 55 30 41
85 55 32 41
85 94 35 41
85 96 36 41
85 95 37 41
85 94 38 41
85 68 45 41
85 87 46 41
85 57 47 41
85 84 47 41
85 57 49 41
85 80 51 41
85 73 52 41
85 76 53 41
85 79 57 41
85 55 58 41
85 106 58 41
181 183 11 41
181 177 19 41
181 206 26 41
181 210 28 41
181 192 35 41
181 194 37 41
181 193 38 41
181 183 39 41
181 196 41 41
181 173 47 41
181 201 52 41
181 199 56 41
181 184 57 41
181 152 59 41
53 24 10 42
53 53 10 42
53 53 13 42
53 27 14 42
53 35 14 42
53 68 14 42
53 28 15 42
53 32 15 42
53 28 16 42
53 34 16 42
53 28 17 42
53 34 17 42
53 58 19 42
53 56 20 42
53 64 20 42
53 59 21 42
53 68 24 42
53 55 29 42
53 28 31 42
53 55 31 42
53 46 34 42
53 49 35 42
53 47 36 42
53 45 37 42
53 54 38 42
53 32 39 42
53 33 40 42
53 32 41 42
53 34 44 42
53 68 44 42
53 28 45 42
53 57 46 42
53 29 48 42
53 57 48 42
53 37 50 42
53 80 50 42
53 73 51 42
53 76 52 42
53 53 53 42
53 43 55 42
53 39 56 42
53 79 56 42
53 55 57 42
53 74 59 42
107 101 10 42
107 106 13 42
107 109 17 42
107 94 19 42
107 97 21 42
107 135 22 42
107 136 24 42
107 94 25 42
107 134 26 42
107 120 31 42
107 94 34 42
107 96 35 42
107 95 36 42
107 94 37 42
107 87 45 42
107 84 46 42
107 80 50 42
107 133 50 42
107 79 56 42
107 106 57 42
107 128 57 42
107 124 58 42
107 127 59 42
178 183 10 42
178 177 18 42
178 206 25 42
178 192 34 42
178 194 36 42
178 193 37 42
178 183 38 42
178 196 40 42
178 173 46 42
178 201 51 42
178 199 55 42
178 184 56 42
178 152 58 42
109 106 12 43
109 109 16 43
109 94 18 43
109 97 20 43
109 135 21 43
109 136 23 43
109 94 24 43
109 134 25 43
109 120 30 43
109 94 33 43
109 96 34 43
109 95 35 43
109 94 36 43
109 87 44 43
109 84 45 43
109 80 49 43
109 133 49 43
109 79 55 43
109 106 56 43
109 128 56 43
109 124 57 43
109 127 58 43
109 130 59 43
249 235 12 43
249 244 18 43
249 246 20 43
249 248 22 43
249 246 28 43
249 254 29 43
249 255 29 43
249 236 32 43
249 234 38 43
249 240 40 43
249 219 41 43
249 223 46 43
249 255 47 43
102 106 11 44
102 109 15 44
102 94 17 44
102 97 19 44
102 94 23 44
102 120 29 44
102 94 32 44
102 96 33 44
102 95 34 44
102 94 35 44
102 87 43 44
102 84 44 44
102 80 48 44
102 73 49 44
102 76 50 44
102 79 54 44
102 106 55 44
102 128 55 44
102 124 56 44
102 74 57 44
102 127 57 44
102 77 58 44
102 130 58 44
221 214 10 44
221 235 11 44
221 216 13 44
221 244 17 44
221 246 19 44
221 248 21 44
221 206 23 44
221 210 25 44
221 246 27 44
221 236 31 44
221 192 32 44
221 194 34 44
221 193 35 44
221 234 37 44
221 196 38 44
221 240 39 44
221 219 40 44
221 215 41 44
221 213 42 44
221 218 43 44
221 223 45 44
221 201 49 44
221 199 53 44
221 222 59 44
14 3 11 45
14 27 11 45
14 35 11 45
14 28 12 45
14 32 12 45
14 28 13 45
14 34 13 45
14 12 14 45
14 28 14 45
14 34 14 45
14 13 28 45
14 28 28 45
14 11 30 45
14 16 30 45
14 12 31 45
14 16 31 45
14 1 33 45
14 10 34 45
14 14 35 45
14 16 35 45
14 9 36 45
14 32 36 45
14 33 37 45
14 32 38 45
14 34 41 45
14 28 42 45
14 1 45 45
14 29 45 45
14 1 46 45
14 3 46 45
14 2 47 45
14 4 47 45
14 37 47 45
14 11 50 45
14 0 52 45
14 5 52 45
14 14 52 45
14 15 52 45
14 43 52 45
14 39 53 45
14 24 57 45
14 34 59 45
24 53 10 45
24 3 11 45
24 27 11 45
24 35 11 45
24 28 12 45
24 32 12 45
24 28 13 45
24 34 13 45
24 12 14 45
24 28 14 45
24 34 14 45
24 13 28 45
24 28 28 45
24 11 30 45
24 16 30 45
24 12 31 45
24 16 31 45
24 46 31 45
24 49 32 45
24 1 33 45
24 47 33 45
24 10 34 45
24 45 34 45
24 14 35 45
24 16 35 45
24 9 36 45
24 32 36 45
24 33 37 45
24 32 38 45
24 34 41 45
24 28 42 45
24 1 45 45
24 29 45 45
24 1 46 45
24 3 46 45
24 2 47 45
24 4 47 45
24 37 47 45
24 11 50 45
24 53 50 45
24 0 52 45
24 5 52 45
24 14 52 45
24 15 52 45
24 43 52 45
24 39 53 45
24 24 57 45
24 34 59 45
119 106 10 45
119 109 14 45
119 144 14 45
119 94 16 45
119 97 18 45
119 135 19 45
119 136 21 45
119 94 22 45
119 134 23 45
119 147 25 45
119 120 28 45
119 94 31 45
119 96 32 45
119 95 33 45
119 94 34 45
119 133 47 45
119 140 49 45
119 106 54 45
119 128 54 45
119 124 55 45
119 127 56 45
119 130 57 45
243 235 10 45
243 216 12 45
243 244 16 45
243 246 18 45
243 248 20 45
243 246 26 45
243 254 27 45
243 255 27 45
243 236 30 45
243 234 36 45
243 240 38 45
243 219 39 45
243 215 40 45
243 213 41 45
243 218 42 45
243 223 44 45
243 255 45 45
243 222 58 45
243 217 59 45
54 27 10 46
54 35 10 46
54 68 10 46
54 28 11 46
54 32 11 46
54 28 12 46
54 34 12 46
54 28 13 46
54 34 13 46
54 58 15 46
54 56 16 46
54 64 16 46
54 59 17 46
54 68 20 46
54 55 25 46
54 28 27 46
54 55 27 46
54 46 30 46
54 49 31 46
54 47 32 46
54 45 33 46
54 54 34 46
54 32 35 46
54 33 36 46
54 32 37 46
54 34 40 46
54 68 40 46
54 28 41 46
54 57 42 46
54 29 44 46
54 57 44 46
54 37 46 46
54 80 46 46
54 73 47 46
54 76 48 46
54 53 49 46
54 43 51 46
54 39 52 46
54 79 52 46
54 55 53 46
54 74 55 46
54 24 56 46
54 77 56 46
54 34 58 46
54 65 58 46
54 56 59 46
100 109 13 46
100 94 15 46
100 97 17 46
100 94 21 46
100 120 27 46
100 94 30 46
100 96 31 46
100 95 32 46
100 94 33 46
100 87 41 46
100 84 42 46
100 80 46 46
100 73 47 46
100 76 48 46
100 79 52 46
100 106 53 46
100 128 53 46
100 124 54 46
100 74 55 46
100 127 55 46
100 77 56 46
100 120 59 46
242 216 11 46
242 244 15 46
242 246 17 46
242 248 19 46
242 246 25 46
242 254 26 46
242 255 26 46
242 236 29 46
242 234 35 46
242 240 37 46
242 219 38 46
242 215 39 46
242 213 40 46
242 218 41 46
242 223 43 46
242 255 44 46
242 222 57 46
242 217 58 46
242 212 59 46
53 28 10 47
53 32 10 47
53 28 11 47
53 34 11 47
53 28 12 47
53 34 12 47
53 58 14 47
53 56 15 47
53 64 15 47
53 59 16 47
53 68 19 47
53 55 24 47
53 28 26 47
53 55 26 47
53 46 29 47
53 49 30 47
53 47 31 47
53 45 32 47
53 54 33 47
53 32 34 47
53 33 35 47
53 32 36 47
53 34 39 47
53 68 39 47
53 28 40 47
53 57 41 47
53 29 43 47
53 57 43 47
53 37 45 47
53 80 45 47
53 73 46 47
53 76 47 47
53 53 48 47
53 43 50 47
53 39 51 47
53 79 51 47
53 55 52 47
53 74 54 47
53 24 55 47
53 77 55 47
53 34 57 47
53 65 57 47
53 56 58 47
53 54 59 47
120 109 12 47
120 144 12 47
120 94 14 47
120 97 16 47
120 135 17 47
120 136 19 47
120 94 20 47
120 134 21 47
120 147 23 47
120 120 26 47
120 94 29 47
120 96 30 47
120 95 31 47
120 94 32 47
120 133 45 47
120 140 47 47
120 106 52 47
120 128 52 47
120 124 53 47
120 127 54 47
120 130 55 47
120 120 58 47
207 216 10 47
207 177 13 47
207 206 20 47
207 210 22 47
207 236 28 47
207 192 29 47
207 194 31 47
207 193 32 47
207 183 33 47
207 234 34 47
207 196 35 47
207 219 37 47
207 215 38 47
207 213 39 47
207 218 40 47
207 223 42 47
207 201 46 47
207 199 50 47
207 184 51 47
207 222 56 47
207 217 57 47
207 212 58 47
207 228 59 47
254 244 13 48
254 246 15 48
254 248 17 48
254 246 23 48
254 254 24 48
254 255 24 48
254 236 27 48
254 234 33 48
254 240 35 48
254 255 42 48
254 228 58 48
242 244 10 51
242 246 12 51
242 248 14 51
242 246 20 51
242 254 21 51
242 255 21 51
242 236 24 51
242 234 30 51
242 240 32 51
242 219 33 51
242 215 34 51
242 213 35 51
242 218 36 51
242 223 38 51
242 255 39 51
242 222 52 51
242 217 53 51
242 212 54 51
242 228 55 51
12 13 21 52
12 28 21 52
12 11 23 52
12 16 23 52
12 12 24 52
12 16 24 52
12 1 26 52
12 10 27 52
12 14 28 52
12 16 28 52
12 9 29 52
12 32 29 52
12 33 30 52
12 32 31 52
12 34 34 52
12 28 35 52
12 1 38 52
12 29 38 52
12 1 39 52
12 3 39 52
12 2 40 52
12 4 40 52
12 37 40 52
12 11 43 52
12 0 45 52
12 5 45 52
12 14 45 52
12 15 45 52
12 39 46 52
12 24 50 52
12 34 52 52
12 24 57 52
12 28 59 52
24 13 21 52
24 28 21 52
24 11 23 52
24 16 23 52
24 12 24 52
24 16 24 52
24 46 24 52
24 49 25 52
24 1 26 52
24 47 26 52
24 10 27 52
24 45 27 52
24 14 28 52
24 16 28 52
24 9 29 52
24 32 29 52
24 33 30 52
24 32 31 52
24 34 34 52
24 28 35 52
24 1 38 52
24 29 38 52
24 1 39 52
24 3 39 52
24 2 40 52
24 4 40 52
24 37 40 52
24 11 43 52
24 53 43 52
24 0 45 52
24 5 45 52
24 14 45 52
24 15 45 52
24 43 45 52
24 39 46 52
24 24 50 52
24 34 52 52
24 24 57 52
24 28 59 52
53 56 10 52
53 64 10 52
53 59 11 52
53 68 14 52
53 55 19 52
53 28 21 52
53 55 21 52
53 46 24 52
53 49 25 52
53 47 26 52
53 45 27 52
53 54 28 52
53 32 29 52
53 33 30 52
53 32 31 52
53 34 34 52
53 68 34 52
53 28 35 52
53 57 36 52
53 29 38 52
53 57 38 52
53 37 40 52
53 80 40 52
53 73 41 52
53 76 42 52
53 53 43 52
53 43 45 52
53 39 46 52
53 79 46 52
53 55 47 52
53 74 49 52
53 24 50 52
53 77 50 52
53 34 52 52
53 65 52 52
53 56 53 52
53 54 54 52
53 24 57 52
53 55 57 52
53 28 59 52
53 57 59 52
101 97 11 52
101 94 15 52
101 120 21 52
101 94 24 52
101 96 25 52
101 95 26 52
101 94 27 52
101 87 35 52
101 84 36 52
101 80 40 52
101 73 41 52
101 76 42 52
101 79 46 52
101 106 47 52
101 128 47 52
101 124 48 52
101 74 49 52
101 127 49 52
101 77 50 52
101 130 50 52
101 120 53 52
101 85 55 52
101 120 56 52
101 122 57 52
183 206 15 52
183 210 17 52
183 192 24 52
183 194 26 52
183 193 27 52
183 183 28 52
183 196 30 52
183 173 36 52
183 201 41 52
183 199 45 52
183 184 46 52
183 212 53 52
183 171 55 52
183 175 56 52
143 135 11 53
143 136 13 53
143 134 15 53
143 147 17 53
143 120 20 53
143 133 39 53
143 140 41 53
143 128 46 53
143 124 47 53
143 152 47 53
143 127 48 53
143 130 49 53
143 120 52 53
143 171 54 53
143 120 55 53
143 122 56 53
143 139 57 53
143 149 58 53
214 206 13 54
214 210 15 54
214 236 21 54
214 192 22 54
214 194 24 54
214 193 25 54
214 234 27 54
214 196 28 54
214 240 29 54
214 219 30 54
214 215 31 54
214 213 32 54
214 218 33 54
214 223 35 54
214 201 39 54
214 199 43 54
214 184 44 54
214 222 49 54
214 217 50 54
214 212 51 54
214 228 52 54
53 68 11 55
53 55 16 55
53 28 18 55
53 55 18 55
53 46 21 55
53 49 22 55
53 47 23 55
53 45 24 55
53 54 25 55
53 32 26 55
53 33 27 55
53 32 28 55
53 34 31 55
53 68 31 55
53 28 32 55
53 57 33 55
53 29 35 55
53 57 35 55
53 37 37 55
53 80 37 55
53 73 38 55
53 76 39 55
53 53 40 55
53 43 42 55
53 39 43 55
53 79 43 55
53 55 44 55
53 74 46 55
53 24 47 55
53 77 47 55
53 34 49 55
53 65 49 55
53 56 50 55
53 54 51 55
53 24 54 55
53 55 54 55
53 28 56 55
53 57 56 55
53 57 57 55
53 68 57 55
53 28 58 55
53 26 59 55
53 31 59 55
106 94 12 55
106 134 13 55
106 120 18 55
106 94 21 55
106 96 22 55
106 95 23 55
106 94 24 55
106 87 32 55
106 84 33 55
106 80 37 55
106 133 37 55
106 76 39 55
106 79 43 55
106 106 44 55
106 128 44 55
106 124 45 55
106 127 46 55
106 77 47 55
106 130 47 55
106 120 50 55
106 85 52 55
106 120 53 55
106 122 54 55
235 248 10 55
235 206 12 55
235 210 14 55
235 246 16 55
235 254 17 55
235 255 17 55
235 236 20 55
235 234 26 55
235 240 28 55
235 219 29 55
235 215 30 55
235 213 31 55
235 218 32 55
235 223 34 55
235 255 35 55
235 222 48 55
235 217 49 55
235 212 50 55
235 228 51 55
3 13 17 56
3 28 17 56
3 11 19 56
3 16 19 56
3 12 20 56
3 16 20 56
3 1 22 56
3 10 23 56
3 14 24 56
3 16 24 56
3 9 25 56
3 32 25 56
3 32 27 56
3 28 31 56
3 1 34 56
3 29 34 56
3 1 35 56
3 3 35 56
3 2 36 56
3 4 36 56
3 11 39 56
3 0 41 56
3 5 41 56
3 14 41 56
3 15 41 56
3 24 46 56
3 24 53 56
3 28 55 56
3 6 57 56
3 7 57 56
3 28 57 56
3 9 58 56
3 26 58 56
3 31 58 56
27 55 15 56
27 13 17 56
27 28 17 56
27 55 17 56
27 11 19 56
27 16 19 56
27 12 20 56
27 16 20 56
27 46 20 56
27 49 21 56
27 1 22 56
27 47 22 56
27 10 23 56
27 45 23 56
27 14 24 56
27 16 24 56
27 54 24 56
27 9 25 56
27 32 25 56
27 33 26 56
27 32 27 56
27 34 30 56
27 28 31 56
27 1 34 56
27 29 34 56
27 1 35 56
27 3 35 56
27 2 36 56
27 4 36 56
27 37 36 56
27 11 39 56
27 53 39 56
27 0 41 56
27 5 41 56
27 14 41 56
27 15 41 56
27 43 41 56
27 39 42 56
27 55 43 56
27 24 46 56
27 34 48 56
27 56 49 56
27 54 50 56
27 24 53 56
27 55 53 56
27 28 55 56
27 6 57 56
27 7 57 56
27 28 57 56
27 9 58 56
27 26 58 56
27 31 58 56
35 55 15 56
35 13 17 56
35 28 17 56
35 55 17 56
35 11 19 56
35 16 19 56
35 12 20 56
35 16 20 56
35 46 20 56
35 49 21 56
35 47 22 56
35 10 23 56
35 45 23 56
35 14 24 56
35 16 24 56
35 54 24 56
35 9 25 56
35 32 25 56
35 33 26 56
35 32 27 56
35 34 30 56
35 28 31 56
35 57 32 56
35 29 34 56
35 57 34 56
35 37 36 56
35 11 39 56
35 53 39 56
35 5 41 56
35 14 41 56
35 15 41 56
35 43 41 56
35 39 42 56
35 55 43 56
35 24 46 56
35 34 48 56
35 56 49 56
35 54 50 56
35 24 53 56
35 55 53 56
35 28 55 56
35 57 55 56
35 57 56 56
35 6 57 56
35 7 57 56
35 28 57 56
35 9 58 56
35 26 58 56
35 31 58 56
35 59 59 56
68 68 10 56
68 94 11 56
68 55 15 56
68 55 17 56
68 46 20 56
68 94 20 56
68 49 21 56
68 96 21 56
68 47 22 56
68 95 22 56
68 45 23 56
68 94 23 56
68 54 24 56
68 68 30 56
68 87 31 56
68 57 32 56
68 84 32 56
68 57 34 56
68 80 36 56
68 73 37 56
68 76 38 56
68 53 39 56
68 43 41 56
68 39 42 56
68 79 42 56
68 55 43 56
68 74 45 56
68 77 46 56
68 65 48 56
68 56 49 56
68 54 50 56
68 85 51 56
68 55 53 56
68 57 55 56
68 57 56 56
68 68 56 56
68 59 59 56
28 55 14 57
28 13 16 57
28 28 16 57
28 55 16 57
28 11 18 57
28 16 18 57
28 12 19 57
28 16 19 57
28 46 19 57
28 49 20 57
28 1 21 57
28 47 21 57
28 10 22 57
28 45 22 57
28 14 23 57
28 16 23 57
28 54 23 57
28 9 24 57
28 32 24 57
28 33 25 57
28 32 26 57
28 34 29 57
28 28 30 57
28 57 31 57
28 1 33 57
28 29 33 57
28 57 33 57
28 1 34 57
28 3 34 57
28 2 35 57
28 4 35 57
28 37 35 57
28 11 38 57
28 53 38 57
28 0 40 57
28 5 40 57
28 14 40 57
28 15 40 57
28 43 40 57
28 39 41 57
28 55 42 57
28 24 45 57
28 34 47 57
28 56 48 57
28 54 49 57
28 24 52 57
28 55 52 57
28 28 54 57
28 57 54 57
28 57 55 57
28 6 56 57
28 7 56 57
28 28 56 57
28 9 57 57
28 26 57 57
28 31 57 57
28 25 59 57
28 56 59 57
32 55 14 57
32 13 16 57
32 28 16 57
32 55 16 57
32 11 18 57
32 16 18 57
32 12 19 57
32 16 19 57
32 46 19 57
32 49 20 57
32 47 21 57
32 10 22 57
32 45 22 57
32 14 23 57
32 16 23 57
32 54 23 57
32 9 24 57
32 32 24 57
32 33 25 57
32 32 26 57
32 34 29 57
32 28 30 57
32 57 31 57
32 29 33 57
32 57 33 57
32 3 34 57
32 2 35 57
32 4 35 57
32 37 35 57
32 11 38 57
32 53 38 57
32 5 40 57
32 14 40 57
32 15 40 57
32 43 40 57
32 39 41 57
32 55 42 57
32 24 45 57
32 34 47 57
32 56 48 57
32 54 49 57
32 24 52 57
32 55 52 57
32 28 54 57
32 57 54 57
32 57 55 57
32 6 56 57
32 7 56 57
32 28 56 57
32 9 57 57
32 26 57 57
32 31 57 57
32 59 58 57
32 25 59 57
32 56 59 57
216 206 10 57
216 210 12 57
216 236 18 57
216 192 19 57
216 194 21 57
216 193 22 57
216 234 24 57
216 196 25 57
216 240 26 57
216 219 27 57
216 215 28 57
216 213 29 57
216 218 30 57
216 223 32 57
216 201 36 57
216 199 40 57
216 222 46 57
216 217 47 57
216 212 48 57
216 228 49 57
28 55 13 58
28 13 15 58
28 28 15 58
28 55 15 58
28 11 17 58
28 16 17 58
28 12 18 58
28 16 18 58
28 46 18 58
28 49 19 58
28 1 20 58
28 47 20 58
28 10 21 58
28 45 21 58
28 14 22 58
28 16 22 58
28 54 22 58
28 9 23 58
28 32 23 58
28 33 24 58
28 32 25 58
28 34 28 58
28 28 29 58
28 57 30 58
28 1 32 58
28 29 32 58
28 57 32 58
28 1 33 58
28 3 33 58
28 2 34 58
28 4 34 58
28 37 34 58
28 11 37 58
28 53 37 58
28 0 39 58
28 5 39 58
28 14 39 58
28 15 39 58
28 43 39 58
28 39 40 58
28 55 41 58
28 24 44 58
28 34 46 58
28 56 47 58
28 54 48 58
28 24 51 58
28 55 51 58
28 28 53 58
28 57 53 58
28 57 54 58
28 6 55 58
28 7 55 58
28 28 55 58
28 9 56 58
28 26 56 58
28 31 56 58
28 25 58 58
28 56 58 58
34 55 13 58
34 13 15 58
34 28 15 58
34 55 15 58
34 11 17 58
34 16 17 58
34 12 18 58
34 16 18 58
34 46 18 58
34 49 19 58
34 47 20 58
34 10 21 58
34 45 21 58
34 14 22 58
34 16 22 58
34 54 22 58
34 9 23 58
34 32 23 58
34 33 24 58
34 32 25 58
34 34 28 58
34 28 29 58
34 57 30 58
34 29 32 58
34 57 32 58
34 4 34 58
34 37 34 58
34 11 37 58
34 53 37 58
34 5 39 58
34 14 39 58
34 15 39 58
34 43 39 58
34 39 40 58
34 55 41 58
34 24 44 58
34 34 46 58
34 56 47 58
34 54 48 58
34 24 51 58
34 55 51 58
34 28 53 58
34 57 53 58
34 57 54 58
34 6 55 58
34 7 55 58
34 28 55 58
34 9 56 58
34 26 56 58
34 31 56 58
34 59 57 58
34 25 58 58
34 56 58 58
12 13 14 59
12 28 14 59
12 11 16 59
12 16 16 59
12 12 17 59
12 16 17 59
12 1 19 59
12 10 20 59
12 14 21 59
12 16 21 59
12 9 22 59
12 32 22 59
12 33 23 59
12 32 24 59
12 34 27 59
12 28 28 59
12 1 31 59
12 29 31 59
12 1 32 59
12 3 32 59
12 2 33 59
12 4 33 59
12 37 33 59
12 11 36 59
12 0 38 59
12 5 38 59
12 14 38 59
12 15 38 59
12 39 39 59
12 24 43 59
12 34 45 59
12 24 50 59
12 28 52 59
12 6 54 59
12 7 54 59
12 28 54 59
12 9 55 59
12 26 55 59
12 31 55 59
12 25 57 59
28 55 12 59
28 13 14 59
28 28 14 59
28 55 14 59
28 11 16 59
28 16 16 59
28 12 17 59
28 16 17 59
28 46 17 59
28 49 18 59
28 1 19 59
28 47 19 59
28 10 20 59
28 45 20 59
28 14 21 59
28 16 21 59
28 54 21 59
28 9 22 59
28 32 22 59
28 33 23 59
28 32 24 59
28 34 27 59
28 28 28 59
28 57 29 59
28 1 31 59
28 29 31 59
28 57 31 59
28 1 32 59
28 3 32 59
28 2 33 59
28 4 33 59
28 37 33 59
28 11 36 59
28 53 36 59
28 0 38 59
28 5 38 59
28 14 38 59
28 15 38 59
28 43 38 59
28 39 39 59
28 55 40 59
28 24 43 59
28 34 45 59
28 56 46 59
28 54 47 59
28 24 50 59
28 55 50 59
28 28 52 59
28 57 52 59
28 57 53 59
28 6 54 59
28 7 54 59
28 28 54 59
28 9 55 59
28 26 55 59
28 31 55 59
28 25 57 59
28 56 57 59
34 55 12 59
34 13 14 59
34 28 14 59
34 55 14 59
34 11 16 59
34 16 16 59
34 12 17 59
34 16 17 59
34 46 17 59
34 49 18 59
34 47 19 59
34 10 20 59
34 45 20 59
34 14 21 59
34 16 21 59
34 54 21 59
34 9 22 59
34 32 22 59
34 33 23 59
34 32 24 59
34 34 27 59
34 28 28 59
34 57 29 59
34 29 31 59
34 57 31 59
34 4 33 59
34 37 33 59
34 11 36 59
34 53 36 59
34 5 38 59
34 14 38 59
34 15 38 59
34 43 38 59
34 39 39 59
34 55 40 59
34 24 43 59
34 34 45 59
34 56 46 59
34 54 47 59
34 24 50 59
34 55 50 59
34 28 52 59
34 57 52 59
34 57 53 59
34 6 54 59
34 7 54 59
34 28 54 59
34 9 55 59
34 26 55 59
34 31 55 59
34 59 56 59
34 25 57 59
34 56 57 59
109 120 14 59
109 94 17 59
109 96 18 59
109 95 19 59
109 94 20 59
109 87 28 59
109 84 29 59
109 80 33 59
109 133 33 59
109 79 39 59
109 106 40 59
109 128 40 59
109 124 41 59
109 127 42 59
109 130 43 59
109 120 46 59
109 85 48 59
109 120 49 59
109 122 50 59
109 91 57 59
109 113 58 59
144 147 11 59
144 120 14 59
144 173 29 59
144 133 33 59
144 140 35 59
144 128 40 59
144 124 41 59
144 152 41 59
144 127 42 59
144 130 43 59
144 120 46 59
144 171 48 59
144 120 49 59
144 122 50 59
144 139 51 59
144 149 52 59
144 173 56 59
144 143 57 59
177 147 10 60
177 192 16 60
177 194 18 60
177 193 19 60
177 183 20 60
177 196 22 60
177 173 28 60
177 201 33 60
177 199 37 60
177 184 38 60
177 152 40 60
177 171 47 60
177 175 48 60
177 149 51 60
177 173 55 60
177 190 59 60
58 55 10 61
58 28 12 61
58 55 12 61
58 46 15 61
58 49 16 61
58 47 17 61
58 45 18 61
58 54 19 61
58 32 20 61
58 33 21 61
58 32 22 61
58 34 25 61
58 68 25 61
58 28 26 61
58 87 26 61
58 57 27 61
58 84 27 61
58 29 29 61
58 57 29 61
58 37 31 61
58 80 31 61
58 73 32 61
58 76 33 61
58 53 34 61
58 43 36 61
58 39 37 61
58 79 37 61
58 55 38 61
58 74 40 61
58 77 41 61
58 34 43 61
58 65 43 61
58 56 44 61
58 54 45 61
58 85 46 61
58 55 48 61
58 28 50 61
58 57 50 61
58 57 51 61
58 68 51 61
58 28 52 61
58 31 53 61
58 59 54 61
58 56 55 61
58 67 57 61
58 58 58 61
58 69 58 61
58 55 59 61
94 120 12 61
94 94 15 61
94 96 16 61
94 95 17 61
94 94 18 61
94 68 25 61
94 87 26 61
94 84 27 61
94 80 31 61
94 73 32 61
94 76 33 61
94 79 37 61
94 106 38 61
94 74 40 61
94 77 41 61
94 65 43 61
94 120 44 61
94 85 46 61
94 120 47 61
94 122 48 61
94 68 51 61
94 91 55 61
94 113 56 61
94 67 57 61
94 69 58 61
244 246 10 61
244 254 11 61
244 255 11 61
244 236 14 61
244 234 20 61
244 240 22 61
244 219 23 61
244 215 24 61
244 218 26 61
244 223 28 61
244 255 29 61
244 222 42 61
244 217 43 61
244 228 45 61
244 235 57 61
56 28 11 62
56 55 11 62
56 46 14 62
56 49 15 62
56 47 16 62
56 45 17 62
56 54 18 62
56 32 19 62
56 33 20 62
56 32 21 62
56 34 24 62
56 68 24 62
56 28 25 62
56 57 26 62
56 84 26 62
56 29 28 62
56 57 28 62
56 37 30 62
56 80 30 62
56 73 31 62
56 76 32 62
56 53 33 62
56 43 35 62
56 39 36 62
56 79 36 62
56 55 37 62
56 74 39 62
56 77 40 62
56 34 42 62
56 65 42 62
56 56 43 62
56 54 44 62
56 85 45 62
56 55 47 62
56 28 49 62
56 57 49 62
56 57 50 62
56 68 50 62
56 28 51 62
56 26 52 62
56 31 52 62
56 59 53 62
56 56 54 62
56 67 56 62
56 58 57 62
56 69 57 62
56 55 58 62
64 55 11 62
64 46 14 62
64 49 15 62
64 47 16 62
64 45 17 62
64 54 18 62
64 34 24 62
64 68 24 62
64 87 25 62
64 57 26 62
64 84 26 62
64 57 28 62
64 37 30 62
64 80 30 62
64 73 31 62
64 76 32 62
64 53 33 62
64 43 35 62
64 39 36 62
64 79 36 62
64 55 37 62
64 74 39 62
64 77 40 62
64 34 42 62
64 65 42 62
64 56 43 62
64 54 44 62
64 85 45 62
64 55 47 62
64 57 49 62
64 57 50 62
64 68 50 62
64 59 53 62
64 56 54 62
64 91 54 62
64 67 56 62
64 58 57 62
64 69 57 62
64 55 58 62
59 55 10 63
59 46 13 63
59 49 14 63
59 47 15 63
59 45 16 63
59 54 17 63
59 32 18 63
59 33 19 63
59 32 20 63
59 34 23 63
59 68 23 63
59 87 24 63
59 57 25 63
59 84 25 63
59 29 27 63
59 57 27 63
59 37 29 63
59 80 29 63
59 73 30 63
59 76 31 63
59 53 32 63
59 43 34 63
59 39 35 63
59 79 35 63
59 55 36 63
59 74 38 63
59 77 39 63
59 34 41 63
59 65 41 63
59 56 42 63
59 54 43 63
59 85 44 63
59 55 46 63
59 57 48 63
59 57 49 63
59 68 49 63
59 31 51 63
59 59 52 63
59 56 53 63
59 67 55 63
59 58 56 63
59 69 56 63
59 55 57 63
97 120 10 63
97 94 13 63
97 96 14 63
97 95 15 63
97 94 16 63
97 68 23 63
97 87 24 63
97 84 25 63
97 80 29 63
97 73 30 63
97 76 31 63
97 79 35 63
97 106 36 63
97 124 37 63
97 74 38 63
97 77 39 63
97 120 42 63
97 85 44 63
97 120 45 63
97 122 46 63
97 68 49 63
97 91 53 63
97 113 54 63
97 67 55 63
97 69 56 63
246 236 12 63
246 234 18 63
246 240 20 63
246 219 21 63
246 218 24 63
246 223 26 63
246 255 27 63
246 222 40 63
246 217 41 63
246 228 43 63
246 235 55 63
135 133 28 64
135 140 30 64
135 106 35 64
135 128 35 64
135 124 36 64
135 152 36 64
135 127 37 64
135 130 38 64
135 120 41 64
135 120 44 64
135 122 45 64
135 139 46 64
135 149 47 64
135 143 52 64
135 113 53 64
135 164 58 64
248 236 10 65
248 234 16 65
248 240 18 65
248 219 19 65
248 218 22 65
248 223 24 65
248 255 25 65
248 222 38 65
248 228 41 65
248 235 53 65
68 46 10 66
68 94 10 66
68 49 11 66
68 96 11 66
68 47 12 66
68 95 12 66
68 45 13 66
68 94 13 66
68 54 14 66
68 68 20 66
68 87 21 66
68 57 22 66
68 84 22 66
68 57 24 66
68 80 26 66
68 73 27 66
68 76 28 66
68 53 29 66
68 43 31 66
68 39 32 66
68 79 32 66
68 55 33 66
68 74 35 66
68 77 36 66
68 65 38 66
68 56 39 66
68 54 40 66
68 85 41 66
68 55 43 66
68 57 45 66
68 57 46 66
68 68 46 66
68 59 49 66
68 56 50 66
68 91 50 66
68 67 52 66
68 58 53 66
68 69 53 66
68 55 54 66
68 69 57 66
68 54 59 66
68 63 59 66
136 133 26 66
136 140 28 66
136 106 33 66
136 128 33 66
136 124 34 66
136 152 34 66
136 127 35 66
136 130 36 66
136 120 39 66
136 120 42 66
136 122 43 66
136 139 44 66
136 149 45 66
136 143 50 66
136 113 51 66
136 164 56 66
136 151 58 66
94 96 10 67
94 95 11 67
94 94 12 67
94 68 19 67
94 87 20 67
94 84 21 67
94 80 25 67
94 73 26 67
94 76 27 67
94 79 31 67
94 106 32 67
94 74 34 67
94 77 35 67
94 65 37 67
94 120 38 67
94 85 40 67
94 120 41 67
94 122 42 67
94 68 45 67
94 91 49 67
94 113 50 67
94 67 51 67
94 69 52 67
94 69 56 67
206 194 11 67
206 193 12 67
206 183 13 67
206 234 14 67
206 196 15 67
206 219 17 67
206 215 18 67
206 213 19 67
206 218 20 67
206 223 22 67
206 201 26 67
206 199 30 67
206 184 31 67
206 222 36 67
206 217 37 67
206 212 38 67
206 228 39 67
206 235 51 67
206 190 52 67
206 202 53 67
206 201 54 67
206 185 59 67
134 133 24 68
134 140 26 68
134 106 31 68
134 128 31 68
134 124 32 68
134 152 32 68
134 127 33 68
134 130 34 68
134 120 37 68
134 120 40 68
134 122 41 68
134 139 42 68
134 149 43 68
134 143 48 68
134 113 49 68
134 151 56 68
210 193 10 69
210 183 11 69
210 234 12 69
210 196 13 69
210 219 15 69
210 215 16 69
210 213 17 69
210 218 18 69
210 223 20 69
210 201 24 69
210 199 28 69
210 184 29 69
210 222 34 69
210 217 35 69
210 212 36 69
210 228 37 69
210 235 49 69
210 190 50 69
210 202 51 69
210 201 52 69
210 185 57 69
147 173 18 70
147 133 22 70
147 140 24 70
147 128 29 70
147 124 30 70
147 152 30 70
147 127 31 70
147 130 32 70
147 120 35 70
147 171 37 70
147 120 38 70
147 175 38 70
147 122 39 70
147 139 40 70
147 149 41 70
147 173 45 70
147 143 46 70
147 164 52 70
147 170 53 70
147 151 54 70
55 32 10 71
55 33 11 71
55 32 12 71
55 34 15 71
55 68 15 71
55 28 16 71
55 57 17 71
55 84 17 71
55 29 19 71
55 57 19 71
55 37 21 71
55 80 21 71
55 73 22 71
55 76 23 71
55 53 24 71
55 43 26 71
55 39 27 71
55 79 27 71
55 55 28 71
55 74 30 71
55 77 31 71
55 34 33 71
55 65 33 71
55 56 34 71
55 54 35 71
55 55 38 71
55 28 40 71
55 57 40 71
55 57 41 71
55 68 41 71
55 28 42 71
55 26 43 71
55 31 43 71
55 59 44 71
55 25 45 71
55 56 45 71
55 67 47 71
55 58 48 71
55 69 48 71
55 55 49 71
55 69 52 71
55 54 54 71
55 63 54 71
55 54 55 71
55 30 56 71
55 31 56 71
55 64 56 71
55 57 58 71
55 63 58 71
246 234 10 71
246 240 12 71
246 219 13 71
246 218 16 71
246 223 18 71
246 255 19 71
246 222 32 71
246 217 33 71
246 228 35 71
246 235 47 71
246 252 57 71
254 240 11 72
254 255 18 72
254 228 34 72
254 235 46 72
254 252 56 72
255 240 11 72
255 255 18 72
255 228 34 72
255 235 46 72
255 252 56 72
13 32 10 73
13 34 13 73
13 28 14 73
13 1 17 73
13 29 17 73
13 1 18 73
13 3 18 73
13 2 19 73
13 4 19 73
13 37 19 73
13 11 22 73
13 0 24 73
13 5 24 73
13 14 24 73
13 15 24 73
13 39 25 73
13 24 29 73
13 34 31 73
13 24 36 73
13 28 38 73
13 6 40 73
13 7 40 73
13 28 40 73
13 9 41 73
13 26 41 73
13 31 41 73
13 25 43 73
13 16 53 73
13 30 54 73
13 31 54 73
13 10 57 73
13 16 57 73
13 24 59 73
28 32 10 73
28 34 13 73
28 28 14 73
28 57 15 73
28 1 17 73
28 29 17 73
28 57 17 73
28 1 18 73
28 3 18 73
28 2 19 73
28 4 19 73
28 37 19 73
28 11 22 73
28 53 22 73
28 0 24 73
28 5 24 73
28 14 24 73
28 15 24 73
28 43 24 73
28 39 25 73
28 55 26 73
28 24 29 73
28 34 31 73
28 56 32 73
28 54 33 73
28 24 36 73
28 55 36 73
28 28 38 73
28 57 38 73
28 57 39 73
28 6 40 73
28 7 40 73
28 28 40 73
28 9 41 73
28 26 41 73
28 31 41 73
28 25 43 73
28 56 43 73
28 55 47 73
28 54 52 73
28 16 53 73
28 54 53 73
28 30 54 73
28 31 54 73
28 57 56 73
28 10 57 73
28 16 57 73
28 24 59 73
55 32 10 73
55 34 13 73
55 68 13 73
55 28 14 73
55 57 15 73
55 84 15 73
55 29 17 73
55 57 17 73
55 37 19 73
55 80 19 73
55 73 20 73
55 76 21 73
55 53 22 73
55 43 24 73
55 39 25 73
55 79 25 73
55 55 26 73
55 74 28 73
55 77 29 73
55 34 31 73
55 65 31 73
55 56 32 73
55 54 33 73
55 55 36 73
55 28 38 73
55 57 38 73
55 57 39 73
55 68 39 73
55 28 40 73
55 26 41 73
55 31 41 73
55 59 42 73
55 25 43 73
55 56 43 73
55 67 45 73
55 58 46 73
55 69 46 73
55 55 47 73
55 69 50 73
55 54 52 73
55 63 52 73
55 54 53 73
55 30 54 73
55 31 54 73
55 64 54 73
55 57 56 73
55 63 56 73
55 58 59 73
120 133 19 73
120 140 21 73
120 106 26 73
120 128 26 73
120 124 27 73
120 127 28 73
120 130 29 73
120 120 32 73
120 120 35 73
120 122 36 73
120 139 37 73
120 149 38 73
120 91 43 73
120 143 43 73
120 113 44 73
120 120 59 73
11 34 11 75
11 28 12 75
11 1 15 75
11 29 15 75
11 1 16 75
11 3 16 75
11 2 17 75
11 4 17 75
11 37 17 75
11 11 20 75
11 0 22 75
11 5 22 75
11 14 22 75
11 15 22 75
11 39 23 75
11 24 27 75
11 34 29 75
11 24 34 75
11 28 36 75
11 6 38 75
11 7 38 75
11 28 38 75
11 9 39 75
11 26 39 75
11 31 39 75
11 25 41 75
11 16 51 75
11 30 52 75
11 31 52 75
11 10 55 75
11 16 55 75
11 24 57 75
16 34 11 75
16 28 12 75
16 1 15 75
16 29 15 75
16 1 16 75
16 3 16 75
16 2 17 75
16 4 17 75
16 37 17 75
16 11 20 75
16 0 22 75
16 5 22 75
16 14 22 75
16 15 22 75
16 43 22 75
16 39 23 75
16 24 27 75
16 34 29 75
16 24 34 75
16 28 36 75
16 6 38 75
16 7 38 75
16 28 38 75
16 9 39 75
16 26 39 75
16 31 39 75
16 25 41 75
16 16 51 75
16 30 52 75
16 31 52 75
16 10 55 75
16 16 55 75
16 24 57 75
236 215 10 75
236 213 11 75
236 218 12 75
236 223 14 75
236 255 15 75
236 222 28 75
236 217 29 75
236 212 30 75
236 228 31 75
236 235 43 75
236 252 53 75
12 34 10 76
12 28 11 76
12 1 14 76
12 29 14 76
12 1 15 76
12 3 15 76
12 2 16 76
12 4 16 76
12 37 16 76
12 11 19 76
12 0 21 76
12 5 21 76
12 14 21 76
12 15 21 76
12 39 22 76
12 24 26 76
12 34 28 76
12 24 33 76
12 28 35 76
12 6 37 76
12 7 37 76
12 28 37 76
12 9 38 76
12 26 38 76
12 31 38 76
12 25 40 76
12 16 50 76
12 30 51 76
12 31 51 76
12 10 54 76
12 16 54 76
12 24 56 76
16 34 10 76
16 28 11 76
16 1 14 76
16 29 14 76
16 1 15 76
16 3 15 76
16 2 16 76
16 4 16 76
16 37 16 76
16 11 19 76
16 0 21 76
16 5 21 76
16 14 21 76
16 15 21 76
16 43 21 76
16 39 22 76
16 24 26 76
16 34 28 76
16 24 33 76
16 28 35 76
16 6 37 76
16 7 37 76
16 28 37 76
16 9 38 76
16 26 38 76
16 31 38 76
16 25 40 76
16 16 50 76
16 30 51 76
16 31 51 76
16 10 54 76
16 16 54 76
16 24 56 76
46 34 10 76
46 68 10 76
46 28 11 76
46 57 12 76
46 29 14 76
46 57 14 76
46 37 16 76
46 73 17 76
46 53 19 76
46 43 21 76
46 39 22 76
46 55 23 76
46 74 25 76
46 24 26 76
46 34 28 76
46 65 28 76
46 56 29 76
46 54 30 76
46 24 33 76
46 55 33 76
46 28 35 76
46 57 35 76
46 57 36 76
46 68 36 76
46 28 37 76
46 26 38 76
46 31 38 76
46 59 39 76
46 25 40 76
46 56 40 76
46 67 42 76
46 58 43 76
46 69 43 76
46 55 44 76
46 69 47 76
46 54 49 76
46 63 49 76
46 16 50 76
46 54 50 76
46 30 51 76
46 31 51 76
46 64 51 76
46 57 53 76
46 63 53 76
46 16 54 76
46 24 56 76
46 58 56 76
46 53 57 76
94 68 10 76
94 87 11 76
94 84 12 76
94 80 16 76
94 73 17 76
94 76 18 76
94 79 22 76
94 106 23 76
94 74 25 76
94 77 26 76
94 65 28 76
94 120 29 76
94 85 31 76
94 120 32 76
94 122 33 76
94 68 36 76
94 91 40 76
94 113 41 76
94 67 42 76
94 69 43 76
94 69 47 76
94 64 51 76
94 120 56 76
94 110 57 76
94 104 58 76
192 213 10 76
192 218 11 76
192 173 12 76
192 201 17 76
192 199 21 76
192 184 22 76
192 217 28 76
192 212 29 76
192 171 31 76
192 175 32 76
192 173 39 76
192 190 43 76
192 202 44 76
192 201 45 76
192 164 46 76
192 170 47 76
192 185 50 76
49 28 10 77
49 57 11 77
49 29 13 77
49 57 13 77
49 37 15 77
49 73 16 77
49 76 17 77
49 53 18 77
49 43 20 77
49 39 21 77
49 55 22 77
49 74 24 77
49 24 25 77
49 77 25 77
49 34 27 77
49 65 27 77
49 56 28 77
49 54 29 77
49 24 32 77
49 55 32 77
49 28 34 77
49 57 34 77
49 57 35 77
49 68 35 77
49 28 36 77
49 26 37 77
49 31 37 77
49 59 38 77
49 25 39 77
49 56 39 77
49 67 41 77
49 58 42 77
49 69 42 77
49 55 43 77
49 69 46 77
49 54 48 77
49 63 48 77
49 54 49 77
49 30 50 77
49 31 50 77
49 64 50 77
49 57 52 77
49 63 52 77
49 24 55 77
49 58 55 77
49 53 56 77
49 24 59 77
49 53 59 77
96 87 10 77
96 84 11 77
96 80 15 77
96 73 16 77
96 76 17 77
96 79 21 77
96 106 22 77
96 124 23 77
96 74 24 77
96 77 25 77
96 120 28 77
96 85 30 77
96 120 31 77
96 122 32 77
96 68 35 77
96 91 39 77
96 113 40 77
96 67 41 77
96 69 42 77
96 69 46 77
96 120 55 77
96 110 56 77
96 104 57 77
1 1 12 78
1 29 12 78
1 1 13 78
1 3 13 78
1 2 14 78
1 4 14 78
1 11 17 78
1 0 19 78
1 5 19 78
1 14 19 78
1 15 19 78
1 24 24 78
1 24 31 78
1 28 33 78
1 6 35 78
1 7 35 78
1 28 35 78
1 9 36 78
1 26 36 78
1 25 38 78
1 16 48 78
1 30 49 78
1 10 52 78
1 16 52 78
1 24 54 78
1 6 58 78
1 8 58 78
1 24 58 78
1 10 59 78
1 24 59 78
47 57 10 78
47 29 12 78
47 57 12 78
47 37 14 78
47 73 15 78
47 76 16 78
47 53 17 78
47 43 19 78
47 39 20 78
47 55 21 78
47 74 23 78
47 24 24 78
47 34 26 78
47 65 26 78
47 56 27 78
47 54 28 78
47 24 31 78
47 55 31 78
47 28 33 78
47 57 33 78
47 57 34 78
47 68 34 78
47 28 35 78
47 26 36 78
47 31 36 78
47 59 37 78
47 25 38 78
47 56 38 78
47 67 40 78
47 58 41 78
47 69 41 78
47 55 42 78
47 69 45 78
47 54 47 78
47 63 47 78
47 54 48 78
47 30 49 78
47 31 49 78
47 64 49 78
47 57 51 78
47 63 51 78
47 24 54 78
47 58 54 78
47 53 55 78
47 24 58 78
47 53 58 78
47 24 59 78
47 53 59 78
95 84 10 78
95 80 14 78
95 73 15 78
95 76 16 78
95 79 20 78
95 106 21 78
95 124 22 78
95 74 23 78
95 77 24 78
95 65 26 78
95 120 27 78
95 85 29 78
95 120 30 78
95 122 31 78
95 68 34 78
95 91 38 78
95 113 39 78
95 67 40 78
95 69 41 78
95 69 45 78
95 120 54 78
95 110 55 78
95 104 56 78
95 122 59 78
194 173 10 78
194 223 11 78
194 201 15 78
194 199 19 78
194 184 20 78
194 222 25 78
194 217 26 78
194 212 27 78
194 171 29 78
194 175 30 78
194 173 37 78
194 190 41 78
194 202 42 78
194 201 43 78
194 164 44 78
194 170 45 78
194 185 48 78
10 1 11 79
10 29 11 79
10 1 12 79
10 3 12 79
10 2 13 79
10 4 13 79
10 37 13 79
10 11 16 79
10 0 18 79
10 5 18 79
10 14 18 79
10 15 18 79
10 39 19 79
10 24 23 79
10 34 25 79
10 24 30 79
10 28 32 79
10 6 34 79
10 7 34 79
10 28 34 79
10 9 35 79
10 26 35 79
10 31 35 79
10 25 37 79
10 16 47 79
10 30 48 79
10 31 48 79
10 10 51 79
10 16 51 79
10 24 53 79
10 6 57 79
10 8 57 79
10 24 57 79
10 10 58 79
10 24 58 79
45 29 11 79
45 57 11 79
45 37 13 79
45 73 14 79
45 53 16 79
45 15 18 79
45 43 18 79
45 39 19 79
45 55 20 79
45 74 22 79
45 24 23 79
45 34 25 79
45 65 25 79
45 56 26 79
45 54 27 79
45 24 30 79
45 55 30 79
45 28 32 79
45 57 32 79
45 57 33 79
45 68 33 79
45 28 34 79
45 26 35 79
45 31 35 79
45 59 36 79
45 25 37 79
45 56 37 79
45 67 39 79
45 58 40 79
45 69 40 79
45 55 41 79
45 69 44 79
45 54 46 79
45 63 46 79
45 16 47 79
45 54 47 79
45 30 48 79
45 31 48 79
45 64 48 79
45 57 50 79
45 63 50 79
45 16 51 79
45 24 53 79
45 58 53 79
45 53 54 79
45 24 57 79
45 53 57 79
45 24 58 79
45 53 58 79
94 80 13 79
94 73 14 79
94 76 15 79
94 79 19 79
94 106 20 79
94 74 22 79
94 77 23 79
94 65 25 79
94 120 26 79
94 85 28 79
94 120 29 79
94 122 30 79
94 68 33 79
94 91 37 79
94 113 38 79
94 67 39 79
94 69 40 79
94 69 44 79
94 64 48 79
94 120 53 79
94 110 54 79
94 104 55 79
94 122 58 79
94 116 59 79
193 201 14 79
193 199 18 79
193 184 19 79
193 222 24 79
193 217 25 79
193 212 26 79
193 171 28 79
193 175 29 79
193 173 36 79
193 190 40 79
193 202 41 79
193 201 42 79
193 164 43 79
193 170 44 79
193 185 47 79
14 1 10 80
14 29 10 80
14 1 11 80
14 3 11 80
14 2 12 80
14 4 12 80
14 37 12 80
14 11 15 80
14 0 17 80
14 5 17 80
14 14 17 80
14 15 17 80
14 43 17 80
14 39 18 80
14 24 22 80
14 34 24 80
14 24 29 80
14 28 31 80
14 6 33 80
14 7 33 80
14 28 33 80
14 9 34 80
14 26 34 80
14 31 34 80
14 25 36 80
14 16 46 80
14 30 47 80
14 31 47 80
14 10 50 80
14 16 50 80
14 24 52 80
14 6 56 80
14 8 56 80
14 24 56 80
14 10 57 80
14 24 57 80
16 1 10 80
16 29 10 80
16 1 11 80
16 3 11 80
16 2 12 80
16 4 12 80
16 37 12 80
16 11 15 80
16 0 17 80
16 5 17 80
16 14 17 80
16 15 17 80
16 43 17 80
16 39 18 80
16 24 22 80
16 34 24 80
16 24 29 80
16 28 31 80
16 6 33 80
16 7 33 80
16 28 33 80
16 9 34 80
16 26 34 80
16 31 34 80
16 25 36 80
16 16 46 80
16 30 47 80
16 31 47 80
16 10 50 80
16 16 50 80
16 24 52 80
16 6 56 80
16 8 56 80
16 24 56 80
16 10 57 80
16 24 57 80
54 29 10 80
54 57 10 80
54 37 12 80
54 80 12 80
54 73 13 80
54 76 14 80
54 53 15 80
54 43 17 80
54 39 18 80
54 79 18 80
54 55 19 80
54 74 21 80
54 24 22 80
54 77 22 80
54 34 24 80
54 65 24 80
54 56 25 80
54 54 26 80
54 24 29 80
54 55 29 80
54 28 31 80
54 57 31 80
54 57 32 80
54 68 32 80
54 28 33 80
54 26 34 80
54 31 34 80
54 59 35 80
54 25 36 80
54 56 36 80
54 67 38 80
54 58 39 80
54 69 39 80
54 55 40 80
54 69 43 80
54 54 45 80
54 63 45 80
54 54 46 80
54 30 47 80
54 31 47 80
54 64 47 80
54 57 49 80
54 63 49 80
54 24 52 80
54 58 52 80
54 53 53 80
54 24 56 80
54 53 56 80
54 24 57 80
54 53 57 80
54 60 59 80
183 201 13 80
183 199 17 80
183 184 18 80
183 212 25 80
183 171 27 80
183 175 28 80
183 173 35 80
183 190 39 80
183 202 40 80
183 201 41 80
183 164 42 80
183 170 43 80
183 185 46 80
183 171 59 80
9 1 10 81
9 3 10 81
9 2 11 81
9 4 11 81
9 37 11 81
9 11 14 81
9 0 16 81
9 5 16 81
9 14 16 81
9 15 16 81
9 24 21 81
9 34 23 81
9 24 28 81
9 28 30 81
9 6 32 81
9 7 32 81
9 28 32 81
9 9 33 81
9 26 33 81
9 31 33 81
9 25 35 81
9 16 45 81
9 30 46 81
9 31 46 81
9 10 49 81
9 16 49 81
9 24 51 81
9 6 55 81
9 8 55 81
9 24 55 81
9 10 56 81
9 24 56 81
32 3 10 81
32 2 11 81
32 4 11 81
32 37 11 81
32 11 14 81
32 53 14 81
32 5 16 81
32 14 16 81
32 15 16 81
32 43 16 81
32 39 17 81
32 55 18 81
32 24 21 81
32 34 23 81
32 56 24 81
32 54 25 81
32 24 28 81
32 55 28 81
32 28 30 81
32 57 30 81
32 57 31 81
32 6 32 81
32 7 32 81
32 28 32 81
32 9 33 81
32 26 33 81
32 31 33 81
32 59 34 81
32 25 35 81
32 56 35 81
32 58 38 81
32 55 39 81
32 54 44 81
32 16 45 81
32 54 45 81
32 30 46 81
32 31 46 81
32 57 48 81
32 10 49 81
32 16 49 81
32 24 51 81
32 58 51 81
32 53 52 81
32 6 55 81
32 8 55 81
32 24 55 81
32 53 55 81
32 10 56 81
32 24 56 81
32 53 56 81
32 60 58 81
234 222 22 81
234 217 23 81
234 212 24 81
234 228 25 81
234 235 37 81
234 252 47 81
234 230 56 81
234 228 57 81
234 255 57 81
234 255 59 81
33 4 10 82
33 37 10 82
33 11 13 82
33 53 13 82
33 5 15 82
33 14 15 82
33 15 15 82
33 43 15 82
33 39 16 82
33 55 17 82
33 24 20 82
33 34 22 82
33 56 23 82
33 54 24 82
33 24 27 82
33 55 27 82
33 28 29 82
33 57 29 82
33 57 30 82
33 6 31 82
33 7 31 82
33 28 31 82
33 9 32 82
33 26 32 82
33 31 32 82
33 59 33 82
33 25 34 82
33 56 34 82
33 58 37 82
33 55 38 82
33 54 43 82
33 16 44 82
33 54 44 82
33 30 45 82
33 31 45 82
33 57 47 82
33 10 48 82
33 16 48 82
33 24 50 82
33 58 50 82
33 53 51 82
33 6 54 82
33 8 54 82
33 24 54 82
33 53 54 82
33 10 55 82
33 24 55 82
33 53 55 82
33 60 57 82
33 14 59 82
33 22 59 82
196 201 11 82
196 199 15 82
196 184 16 82
196 222 21 82
196 217 22 82
196 212 23 82
196 171 25 82
196 175 26 82
196 173 33 82
196 190 37 82
196 202 38 82
196 201 39 82
196 170 41 82
196 185 44 82
196 171 57 82
196 169 58 82
32 11 12 83
32 53 12 83
32 5 14 83
32 14 14 83
32 15 14 83
32 43 14 83
32 39 15 83
32 55 16 83
32 24 19 83
32 34 21 83
32 56 22 83
32 54 23 83
32 24 26 83
32 55 26 83
32 28 28 83
32 57 28 83
32 57 29 83
32 6 30 83
32 7 30 83
32 28 30 83
32 9 31 83
32 26 31 83
32 31 31 83
32 59 32 83
32 25 33 83
32 56 33 83
32 58 36 83
32 55 37 83
32 54 42 83
32 16 43 83
32 54 43 83
32 30 44 83
32 31 44 83
32 57 46 83
32 10 47 83
32 16 47 83
32 24 49 83
32 58 49 83
32 53 50 83
32 6 53 83
32 8 53 83
32 24 53 83
32 53 53 83
32 10 54 83
32 24 54 83
32 53 54 83
32 60 56 83
32 14 58 83
32 22 58 83
240 222 20 83
240 217 21 83
240 212 22 83
240 228 23 83
240 235 35 83
240 252 45 83
240 230 54 83
240 228 55 83
240 255 55 83
240 255 57 83
240 255 58 83
219 199 13 84
219 222 19 84
219 217 20 84
219 212 21 84
219 228 22 84
219 235 34 84
219 190 35 84
219 202 36 84
219 201 37 84
219 230 53 84
219 228 54 84
215 199 12 85
215 222 18 85
215 217 19 85
215 212 20 85
215 228 21 85
215 235 33 85
215 190 34 85
215 202 35 85
215 201 36 85
215 185 41 85
215 230 52 85
215 228 53 85
215 189 59 85
34 5 11 86
34 14 11 86
34 15 11 86
34 43 11 86
34 39 12 86
34 55 13 86
34 24 16 86
34 34 18 86
34 56 19 86
34 54 20 86
34 24 23 86
34 55 23 86
34 28 25 86
34 57 25 86
34 57 26 86
34 6 27 86
34 7 27 86
34 28 27 86
34 9 28 86
34 26 28 86
34 31 28 86
34 59 29 86
34 25 30 86
34 56 30 86
34 58 33 86
34 55 34 86
34 54 39 86
34 63 39 86
34 16 40 86
34 54 40 86
34 30 41 86
34 31 41 86
34 57 43 86
34 63 43 86
34 10 44 86
34 16 44 86
34 24 46 86
34 58 46 86
34 53 47 86
34 6 50 86
34 8 50 86
34 24 50 86
34 53 50 86
34 10 51 86
34 24 51 86
34 53 51 86
34 60 53 86
34 14 55 86
34 22 55 86
34 23 57 86
34 13 58 86
34 23 58 86
34 23 59 86
68 43 11 86
68 39 12 86
68 79 12 86
68 55 13 86
68 74 15 86
68 77 16 86
68 65 18 86
68 56 19 86
68 54 20 86
68 85 21 86
68 55 23 86
68 57 25 86
68 57 26 86
68 68 26 86
68 59 29 86
68 56 30 86
68 91 30 86
68 67 32 86
68 58 33 86
68 69 33 86
68 55 34 86
68 69 37 86
68 54 39 86
68 63 39 86
68 54 40 86
68 64 41 86
68 57 43 86
68 63 43 86
68 58 46 86
68 53 47 86
68 53 50 86
68 53 51 86
68 60 53 86
213 199 11 86
213 184 12 86
213 222 17 86
213 217 18 86
213 212 19 86
213 228 20 86
213 235 32 86
213 190 33 86
213 202 34 86
213 201 35 86
213 185 40 86
213 230 51 86
213 228 52 86
213 189 58 86
28 0 10 87
28 5 10 87
28 14 10 87
28 15 10 87
28 43 10 87
28 39 11 87
28 55 12 87
28 24 15 87
28 34 17 87
28 56 18 87
28 54 19 87
28 24 22 87
28 55 22 87
28 28 24 87
28 57 24 87
28 57 25 87
28 6 26 87
28 7 26 87
28 28 26 87
28 9 27 87
28 26 27 87
28 31 27 87
28 25 29 87
28 56 29 87
28 55 33 87
28 54 38 87
28 16 39 87
28 54 39 87
28 30 40 87
28 31 40 87
28 57 42 87
28 10 43 87
28 16 43 87
28 24 45 87
28 53 46 87
28 6 49 87
28 8 49 87
28 24 49 87
28 53 49 87
28 10 50 87
28 24 50 87
28 53 50 87
28 14 54 87
28 22 54 87
28 23 56 87
28 13 57 87
28 23 57 87
28 23 58 87
87 79 11 87
87 106 12 87
87 74 14 87
87 77 15 87
87 65 17 87
87 85 20 87
87 57 24 87
87 57 25 87
87 68 25 87
87 59 28 87
87 91 29 87
87 113 30 87
87 67 31 87
87 58 32 87
87 69 32 87
87 69 36 87
87 63 38 87
87 64 40 87
87 57 42 87
87 63 42 87
87 58 45 87
87 110 46 87
87 104 47 87
87 116 51 87
87 60 52 87
87 112 52 87
218 199 10 87
218 222 16 87
218 217 17 87
218 212 18 87
218 228 19 87
218 235 31 87
218 190 32 87
218 202 33 87
218 201 34 87
218 230 50 87
218 228 51 87
218 189 57 87
57 39 10 88
57 79 10 88
57 55 11 88
57 74 13 88
57 77 14 88
57 34 16 88
57 65 16 88
57 56 17 88
57 54 18 88
57 85 19 88
57 55 21 88
57 28 23 88
57 57 23 88
57 57 24 88
57 68 24 88
57 28 25 88
57 31 26 88
57 59 27 88
57 56 28 88
57 67 30 88
57 58 31 88
57 69 31 88
57 55 32 88
57 69 35 88
57 54 37 88
57 63 37 88
57 54 38 88
57 30 39 88
57 31 39 88
57 64 39 88
57 57 41 88
57 63 41 88
57 58 44 88
57 53 45 88
57 53 48 88
57 53 49 88
57 60 51 88
84 79 10 88
84 55 11 88
84 106 11 88
84 74 13 88
84 77 14 88
84 65 16 88
84 56 17 88
84 54 18 88
84 85 19 88
84 55 21 88
84 57 23 88
84 57 24 88
84 68 24 88
84 59 27 88
84 56 28 88
84 91 28 88
84 113 29 88
84 67 30 88
84 58 31 88
84 69 31 88
84 55 32 88
84 69 35 88
84 54 37 88
84 63 37 88
84 54 38 88
84 64 39 88
84 57 41 88
84 63 41 88
84 58 44 88
84 110 45 88
84 104 46 88
84 60 51 88
84 112 51 88
173 184 10 88
173 152 12 88
173 171 19 88
173 175 20 88
173 149 23 88
173 173 27 88
173 143 28 88
173 190 31 88
173 202 32 88
173 201 33 88
173 164 34 88
173 170 35 88
173 151 36 88
173 185 38 88
173 151 44 88
173 145 45 88
173 171 51 88
173 169 52 88
173 189 56 88
173 153 58 88
173 155 59 88
223 222 14 89
223 217 15 89
223 212 16 89
223 228 17 89
223 235 29 89
223 202 31 89
223 201 32 89
223 252 39 89
223 230 48 89
223 228 49 89
223 198 59 89
1 24 12 90
1 24 19 90
1 28 21 90
1 6 23 90
1 7 23 90
1 28 23 90
1 9 24 90
1 26 24 90
1 25 26 90
1 16 36 90
1 30 37 90
1 10 40 90
1 16 40 90
1 24 42 90
1 6 46 90
1 8 46 90
1 24 46 90
1 10 47 90
1 24 47 90
1 14 51 90
1 22 51 90
1 23 53 90
1 13 54 90
1 23 54 90
1 23 55 90
29 24 12 90
29 34 14 90
29 56 15 90
29 54 16 90
29 24 19 90
29 55 19 90
29 28 21 90
29 57 21 90
29 57 22 90
29 6 23 90
29 7 23 90
29 28 23 90
29 9 24 90
29 26 24 90
29 31 24 90
29 25 26 90
29 56 26 90
29 58 29 90
29 55 30 90
29 54 35 90
29 16 36 90
29 54 36 90
29 30 37 90
29 31 37 90
29 57 39 90
29 10 40 90
29 16 40 90
29 24 42 90
29 58 42 90
29 53 43 90
29 6 46 90
29 8 46 90
29 24 46 90
29 53 46 90
29 10 47 90
29 24 47 90
29 53 47 90
29 14 51 90
29 22 51 90
29 23 53 90
29 13 54 90
29 23 54 90
29 23 55 90
57 74 11 90
57 77 12 90
57 34 14 90
57 65 14 90
57 56 15 90
57 54 16 90
57 85 17 90
57 55 19 90
57 28 21 90
57 57 21 90
57 57 22 90
57 68 22 90
57 28 23 90
57 31 24 90
57 59 25 90
57 56 26 90
57 67 28 90
57 58 29 90
57 69 29 90
57 55 30 90
57 69 33 90
57 54 35 90
57 63 35 90
57 54 36 90
57 30 37 90
57 31 37 90
57 64 37 90
57 57 39 90
57 63 39 90
57 58 42 90
57 53 43 90
57 53 46 90
57 53 47 90
57 60 49 90
255 228 16 90
255 235 28 90
255 252 38 90
255 230 47 90
255 228 48 90
255 255 48 90
255 255 50 90
255 255 51 90
255 255 53 90
1 24 11 91
1 24 18 91
1 28 20 91
1 6 22 91
1 7 22 91
1 28 22 91
1 9 23 91
1 26 23 91
1 25 25 91
1 16 35 91
1 30 36 91
1 10 39 91
1 16 39 91
1 24 41 91
1 6 45 91
1 8 45 91
1 24 45 91
1 10 46 91
1 24 46 91
1 14 50 91
1 22 50 91
1 23 52 91
1 13 53 91
1 23 53 91
1 23 54 91
3 24 11 91
3 24 18 91
3 28 20 91
3 6 22 91
3 7 22 91
3 28 22 91
3 9 23 91
3 26 23 91
3 31 23 91
3 25 25 91
3 16 35 91
3 30 36 91
3 31 36 91
3 10 39 91
3 16 39 91
3 24 41 91
3 6 45 91
3 8 45 91
3 24 45 91
3 10 46 91
3 24 46 91
3 14 50 91
3 22 50 91
3 23 52 91
3 13 53 91
3 23 53 91
3 23 54 91
2 24 10 92
2 24 17 92
2 28 19 92
2 6 21 92
2 7 21 92
2 28 21 92
2 9 22 92
2 26 22 92
2 31 22 92
2 25 24 92
2 16 34 92
2 30 35 92
2 31 35 92
2 10 38 92
2 16 38 92
2 24 40 92
2 6 44 92
2 8 44 92
2 24 44 92
2 10 45 92
2 24 45 92
2 14 49 92
2 22 49 92
2 23 51 92
2 13 52 92
2 23 52 92
2 23 53 92
4 24 10 92
4 24 17 92
4 28 19 92
4 6 21 92
4 7 21 92
4 28 21 92
4 9 22 92
4 26 22 92
4 31 22 92
4 25 24 92
4 16 34 92
4 30 35 92
4 31 35 92
4 10 38 92
4 16 38 92
4 24 40 92
4 6 44 92
4 8 44 92
4 24 44 92
4 10 45 92
4 24 45 92
4 14 49 92
4 22 49 92
4 23 51 92
4 13 52 92
4 23 52 92
4 23 53 92
37 24 10 92
37 34 12 92
37 65 12 92
37 56 13 92
37 54 14 92
37 24 17 92
37 55 17 92
37 28 19 92
37 57 19 92
37 57 20 92
37 7 21 92
37 28 21 92
37 9 22 92
37 26 22 92
37 31 22 92
37 59 23 92
37 25 24 92
37 56 24 92
37 58 27 92
37 55 28 92
37 54 33 92
37 63 33 92
37 16 34 92
37 54 34 92
37 30 35 92
37 31 35 92
37 64 35 92
37 57 37 92
37 63 37 92
37 10 38 92
37 16 38 92
37 24 40 92
37 58 40 92
37 53 41 92
37 8 44 92
37 24 44 92
37 53 44 92
37 10 45 92
37 24 45 92
37 53 45 92
37 60 47 92
37 14 49 92
37 22 49 92
37 23 51 92
37 13 52 92
37 23 52 92
37 23 53 92
80 77 10 92
80 65 12 92
80 56 13 92
80 54 14 92
80 85 15 92
80 55 17 92
80 57 19 92
80 57 20 92
80 68 20 92
80 59 23 92
80 56 24 92
80 91 24 92
80 67 26 92
80 58 27 92
80 69 27 92
80 55 28 92
80 69 31 92
80 54 33 92
80 63 33 92
80 54 34 92
80 64 35 92
80 57 37 92
80 63 37 92
80 58 40 92
80 53 41 92
80 104 42 92
80 53 44 92
80 53 45 92
80 60 47 92
80 104 56 92
133 130 10 92
133 120 13 92
133 120 16 92
133 122 17 92
133 139 18 92
133 149 19 92
133 143 24 92
133 113 25 92
133 151 32 92
133 120 40 92
133 151 40 92
133 110 41 92
133 145 41 92
133 104 42 92
133 141 42 92
133 122 45 92
133 116 46 92
133 112 47 92
133 120 51 92
133 130 51 92
133 153 54 92
133 120 55 92
133 155 55 92
133 104 56 92
73 65 11 93
73 56 12 93
73 54 13 93
73 85 14 93
73 55 16 93
73 57 18 93
73 57 19 93
73 68 19 93
73 59 22 93
73 56 23 93
73 91 23 93
73 67 25 93
73 58 26 93
73 69 26 93
73 55 27 93
73 69 30 93
73 54 32 93
73 63 32 93
73 54 33 93
73 64 34 93
73 57 36 93
73 63 36 93
73 58 39 93
73 53 40 93
73 53 43 93
73 53 44 93
73 60 46 93
201 222 10 93
201 217 11 93
201 212 12 93
201 228 13 93
201 171 14 93
201 175 15 93
201 173 22 93
201 190 26 93
201 202 27 93
201 201 28 93
201 185 33 93
201 230 44 93
201 228 45 93
201 171 46 93
201 189 51 93
201 198 55 93
76 65 10 94
76 56 11 94
76 54 12 94
76 85 13 94
76 55 15 94
76 57 17 94
76 57 18 94
76 68 18 94
76 59 21 94
76 56 22 94
76 91 22 94
76 67 24 94
76 58 25 94
76 69 25 94
76 55 26 94
76 69 29 94
76 54 31 94
76 63 31 94
76 54 32 94
76 64 33 94
76 57 35 94
76 63 35 94
76 58 38 94
76 53 39 94
76 104 40 94
76 53 42 94
76 53 43 94
76 60 45 94
76 104 54 94
140 120 11 94
140 120 14 94
140 122 15 94
140 139 16 94
140 149 17 94
140 143 22 94
140 113 23 94
140 164 28 94
140 151 30 94
140 120 38 94
140 151 38 94
140 110 39 94
140 145 39 94
140 141 40 94
140 122 43 94
140 116 44 94
140 112 45 94
140 169 46 94
140 120 49 94
140 130 49 94
140 153 52 94
140 120 53 94
140 155 53 94
11 24 14 95
11 28 16 95
11 6 18 95
11 7 18 95
11 28 18 95
11 9 19 95
11 26 19 95
11 31 19 95
11 25 21 95
11 16 31 95
11 30 32 95
11 31 32 95
11 10 35 95
11 16 35 95
11 24 37 95
11 6 41 95
11 8 41 95
11 24 41 95
11 10 42 95
11 24 42 95
11 14 46 95
11 22 46 95
11 23 48 95
11 13 49 95
11 23 49 95
11 23 50 95
53 56 10 95
53 54 11 95
53 24 14 95
53 55 14 95
53 28 16 95
53 57 16 95
53 57 17 95
53 68 17 95
53 28 18 95
53 26 19 95
53 31 19 95
53 59 20 95
53 25 21 95
53 56 21 95
53 67 23 95
53 58 24 95
53 69 24 95
53 55 25 95
53 69 28 95
53 54 30 95
53 63 30 95
53 54 31 95
53 30 32 95
53 31 32 95
53 64 32 95
53 57 34 95
53 63 34 95
53 24 37 95
53 58 37 95
53 53 38 95
53 24 41 95
53 53 41 95
53 24 42 95
53 53 42 95
53 60 44 95
53 23 48 95
53 23 49 95
53 23 50 95
0 24 12 97
0 28 14 97
0 6 16 97
0 7 16 97
0 28 16 97
0 9 17 97
0 26 17 97
0 25 19 97
0 16 29 97
0 10 33 97
0 16 33 97
0 24 35 97
0 6 39 97
0 8 39 97
0 24 39 97
0 10 40 97
0 24 40 97
0 14 44 97
0 22 44 97
0 23 46 97
0 13 47 97
0 23 47 97
0 23 48 97
5 24 12 97
5 28 14 97
5 6 16 97
5 7 16 97
5 28 16 97
5 9 17 97
5 26 17 97
5 31 17 97
5 25 19 97
5 16 29 97
5 30 30 97
5 31 30 97
5 10 33 97
5 16 33 97
5 24 35 97
5 6 39 97
5 8 39 97
5 24 39 97
5 10 40 97
5 24 40 97
5 14 44 97
5 22 44 97
5 23 46 97
5 13 47 97
5 23 47 97
5 23 48 97
14 24 12 97
14 28 14 97
14 6 16 97
14 7 16 97
14 28 16 97
14 9 17 97
14 26 17 97
14 31 17 97
14 25 19 97
14 16 29 97
14 30 30 97
14 31 30 97
14 10 33 97
14 16 33 97
14 24 35 97
14 6 39 97
14 8 39 97
14 24 39 97
14 10 40 97
14 24 40 97
14 14 44 97
14 22 44 97
14 23 46 97
14 13 47 97
14 23 47 97
14 23 48 97
15 24 12 97
15 28 14 97
15 6 16 97
15 7 16 97
15 28 16 97
15 9 17 97
15 26 17 97
15 31 17 97
15 25 19 97
15 16 29 97
15 30 30 97
15 31 30 97
15 10 33 97
15 16 33 97
15 24 35 97
15 6 39 97
15 8 39 97
15 24 39 97
15 10 40 97
15 24 40 97
15 14 44 97
15 22 44 97
15 23 46 97
15 13 47 97
15 23 47 97
15 23 48 97
43 24 12 97
43 55 12 97
43 28 14 97
43 57 14 97
43 57 15 97
43 68 15 97
43 28 16 97
43 26 17 97
43 31 17 97
43 59 18 97
43 25 19 97
43 56 19 97
43 67 21 97
43 58 22 97
43 69 22 97
43 55 23 97
43 69 26 97
43 54 28 97
43 63 28 97
43 16 29 97
43 54 29 97
43 30 30 97
43 31 30 97
43 64 30 97
43 57 32 97
43 63 32 97
43 16 33 97
43 24 35 97
43 58 35 97
43 53 36 97
43 24 39 97
43 53 39 97
43 24 40 97
43 53 40 97
43 60 42 97
43 14 44 97
43 22 44 97
43 23 46 97
43 13 47 97
43 23 47 97
43 23 48 97
199 171 10 97
199 175 11 97
199 173 18 97
199 190 22 97
199 202 23 97
199 201 24 97
199 170 26 97
199 185 29 97
199 228 41 97
199 171 42 97
199 169 43 97
199 189 47 97
199 198 51 97
39 24 11 98
39 55 11 98
39 28 13 98
39 57 13 98
39 57 14 98
39 68 14 98
39 28 15 98
39 9 16 98
39 26 16 98
39 31 16 98
39 59 17 98
39 25 18 98
39 56 18 98
39 67 20 98
39 58 21 98
39 55 22 98
39 54 27 98
39 63 27 98
39 16 28 98
39 54 28 98
39 30 29 98
39 31 29 98
39 64 29 98
39 57 31 98
39 63 31 98
39 10 32 98
39 16 32 98
39 24 34 98
39 58 34 98
39 53 35 98
39 24 38 98
39 53 38 98
39 10 39 98
39 24 39 98
39 53 39 98
39 60 41 98
39 14 43 98
39 22 43 98
39 23 45 98
39 13 46 98
39 23 46 98
39 23 47 98
79 55 11 98
79 57 13 98
79 57 14 98
79 68 14 98
79 59 17 98
79 56 18 98
79 91 18 98
79 67 20 98
79 58 21 98
79 69 21 98
79 55 22 98
79 69 25 98
79 54 27 98
79 63 27 98
79 54 28 98
79 64 29 98
79 57 31 98
79 63 31 98
79 58 34 98
79 53 35 98
79 104 36 98
79 53 38 98
79 53 39 98
79 60 41 98
79 104 50 98
184 175 10 98
184 173 17 98
184 190 21 98
184 202 22 98
184 201 23 98
184 164 24 98
184 170 25 98
184 185 28 98
184 171 41 98
184 169 42 98
184 189 46 98
184 155 49 98
184 198 50 98
55 55 10 99
55 28 12 99
55 57 12 99
55 57 13 99
55 68 13 99
55 28 14 99
55 26 15 99
55 31 15 99
55 59 16 99
55 25 17 99
55 56 17 99
55 67 19 99
55 58 20 99
55 69 20 99
55 55 21 99
55 69 24 99
55 54 26 99
55 63 26 99
55 54 27 99
55 30 28 99
55 31 28 99
55 64 28 99
55 57 30 99
55 63 30 99
55 58 33 99
55 53 34 99
55 53 37 99
55 53 38 99
55 60 40 99
106 122 10 99
106 91 17 99
106 113 18 99
106 120 33 99
106 110 34 99
106 104 35 99
106 122 38 99
106 116 39 99
106 112 40 99
106 120 44 99
106 130 44 99
106 120 48 99
106 104 49 99
128 122 10 99
128 139 11 99
128 149 12 99
128 143 17 99
128 113 18 99
128 151 25 99
128 120 33 99
128 151 33 99
128 110 34 99
128 145 34 99
128 104 35 99
128 141 35 99
128 122 38 99
128 116 39 99
128 112 40 99
128 120 44 99
128 130 44 99
128 153 47 99
128 120 48 99
128 155 48 99
128 104 49 99
124 139 10 100
124 149 11 100
124 143 16 100
124 113 17 100
124 151 24 100
124 120 32 100
124 151 32 100
124 110 33 100
124 145 33 100
124 104 34 100
124 141 34 100
124 122 37 100
124 116 38 100
124 112 39 100
124 120 43 100
124 130 43 100
124 153 46 100
124 120 47 100
124 104 48 100
152 139 10 100
152 149 11 100
152 173 15 100
152 143 16 100
152 164 22 100
152 170 23 100
152 151 24 100
152 151 32 100
152 145 33 100
152 141 34 100
152 122 37 100
152 171 39 100
152 169 40 100
152 130 43 100
152 153 46 100
152 155 47 100
74 57 10 101
74 57 11 101
74 68 11 101
74 59 14 101
74 56 15 101
74 91 15 101
74 67 17 101
74 58 18 101
74 69 18 101
74 55 19 101
74 69 22 101
74 54 24 101
74 63 24 101
74 54 25 101
74 64 26 101
74 57 28 101
74 63 28 101
74 58 31 101
74 53 32 101
74 53 35 101
74 53 36 101
74 60 38 101
127 149 10 101
127 143 15 101
127 113 16 101
127 151 23 101
127 120 31 101
127 151 31 101
127 110 32 101
127 145 32 101
127 104 33 101
127 141 33 101
127 122 36 101
127 116 37 101
127 112 38 101
127 120 42 101
127 130 42 101
127 153 45 101
127 120 46 101
127 155 46 101
127 104 47 101
24 6 11 102
24 7 11 102
24 28 11 102
24 9 12 102
24 26 12 102
24 31 12 102
24 25 14 102
24 16 24 102
24 30 25 102
24 31 25 102
24 10 28 102
24 16 28 102
24 24 30 102
24 53 31 102
24 6 34 102
24 8 34 102
24 24 34 102
24 53 34 102
24 10 35 102
24 24 35 102
24 53 35 102
24 14 39 102
24 22 39 102
24 23 41 102
24 13 42 102
24 23 42 102
24 23 43 102
77 57 10 102
77 68 10 102
77 59 13 102
77 56 14 102
77 91 14 102
77 67 16 102
77 58 17 102
77 69 17 102
77 55 18 102
77 69 21 102
77 54 23 102
77 63 23 102
77 54 24 102
77 64 25 102
77 57 27 102
77 63 27 102
77 58 30 102
77 53 31 102
77 104 32 102
77 53 34 102
77 53 35 102
77 60 37 102
77 104 46 102
130 143 14 102
130 113 15 102
130 151 22 102
130 120 30 102
130 151 30 102
130 110 31 102
130 145 31 102
130 104 32 102
130 141 32 102
130 122 35 102
130 116 36 102
130 112 37 102
130 120 41 102
130 130 41 102
130 153 44 102
130 120 45 102
130 155 45 102
130 104 46 102
222 235 15 103
222 202 17 103
222 201 18 103
222 230 34 103
222 228 35 103
222 198 45 103
34 9 10 104
34 26 10 104
34 31 10 104
34 59 11 104
34 25 12 104
34 56 12 104
34 58 15 104
34 55 16 104
34 54 21 104
34 63 21 104
34 16 22 104
34 54 22 104
34 30 23 104
34 31 23 104
34 57 25 104
34 63 25 104
34 10 26 104
34 16 26 104
34 24 28 104
34 58 28 104
34 53 29 104
34 6 32 104
34 8 32 104
34 24 32 104
34 53 32 104
34 10 33 104
34 24 33 104
34 53 33 104
34 60 35 104
34 14 37 104
34 22 37 104
34 23 39 104
34 13 40 104
34 23 40 104
34 23 41 104
65 59 11 104
65 56 12 104
65 91 12 104
65 67 14 104
65 58 15 104
65 69 15 104
65 55 16 104
65 69 19 104
65 54 21 104
65 63 21 104
65 54 22 104
65 64 23 104
65 57 25 104
65 63 25 104
65 58 28 104
65 53 29 104
65 53 32 104
65 53 33 104
65 60 35 104
217 235 14 104
217 190 15 104
217 202 16 104
217 201 17 104
217 230 33 104
217 228 34 104
217 189 40 104
217 198 44 104
56 59 10 105
56 56 11 105
56 67 13 105
56 58 14 105
56 69 14 105
56 55 15 105
56 69 18 105
56 54 20 105
56 63 20 105
56 54 21 105
56 30 22 105
56 31 22 105
56 64 22 105
56 57 24 105
56 63 24 105
56 58 27 105
56 53 28 105
56 53 31 105
56 53 32 105
56 60 34 105
120 91 11 105
120 143 11 105
120 113 12 105
120 120 27 105
120 110 28 105
120 145 28 105
120 104 29 105
120 141 29 105
120 122 32 105
120 116 33 105
120 112 34 105
120 120 38 105
120 130 38 105
120 120 42 105
120 104 43 105
212 235 13 105
212 190 14 105
212 202 15 105
212 201 16 105
212 185 21 105
212 230 32 105
212 228 33 105
212 189 39 105
212 198 43 105
54 25 10 106
54 56 10 106
54 67 12 106
54 58 13 106
54 69 13 106
54 55 14 106
54 69 17 106
54 54 19 106
54 63 19 106
54 54 20 106
54 30 21 106
54 31 21 106
54 64 21 106
54 57 23 106
54 63 23 106
54 24 26 106
54 58 26 106
54 53 27 106
54 24 30 106
54 53 30 106
54 24 31 106
54 53 31 106
54 60 33 106
228 235 12 106
228 202 14 106
228 201 15 106
228 252 22 106
228 230 31 106
228 228 32 106
228 255 32 106
228 255 34 106
228 255 35 106
228 255 37 106
228 198 42 106
85 113 10 107
85 67 11 107
85 58 12 107
85 69 12 107
85 55 13 107
85 69 16 107
85 63 18 107
85 64 20 107
85 57 22 107
85 63 22 107
85 58 25 107
85 110 26 107
85 104 27 107
85 60 32 107
85 112 32 107
85 104 41 107
171 190 12 107
171 164 15 107
171 170 16 107
171 151 17 107
171 185 19 107
171 151 25 107
171 145 26 107
171 141 27 107
171 171 32 107
171 169 33 107
171 189 37 107
171 153 39 107
171 155 40 107
171 198 41 107
120 120 24 108
120 110 25 108
120 145 25 108
120 104 26 108
120 141 26 108
120 122 29 108
120 116 30 108
120 112 31 108
120 120 35 108
120 130 35 108
120 120 39 108
120 104 40 108
175 190 11 108
175 202 12 108
175 201 13 108
175 164 14 108
175 170 15 108
175 151 16 108
175 185 18 108
175 151 24 108
175 145 25 108
175 171 31 108
175 169 32 108
175 189 36 108
175 153 38 108
175 155 39 108
175 198 40 108
24 16 17 109
24 30 18 109
24 31 18 109
24 10 21 109
24 16 21 109
24 24 23 109
24 53 24 109
24 6 27 109
24 8 27 109
24 24 27 109
24 53 27 109
24 10 28 109
24 24 28 109
24 53 28 109
24 14 32 109
24 22 32 109
24 23 34 109
24 13 35 109
24 23 35 109
24 23 36 109
55 58 10 109
55 69 10 109
55 55 11 109
55 69 14 109
55 54 16 109
55 63 16 109
55 54 17 109
55 30 18 109
55 31 18 109
55 64 18 109
55 57 20 109
55 63 20 109
55 58 23 109
55 53 24 109
55 53 27 109
55 53 28 109
55 60 30 109
122 151 15 109
122 120 23 109
122 151 23 109
122 110 24 109
122 145 24 109
122 104 25 109
122 141 25 109
122 122 28 109
122 116 29 109
122 112 30 109
122 120 34 109
122 130 34 109
122 120 38 109
122 104 39 109
139 164 12 110
139 151 14 110
139 120 22 110
139 151 22 110
139 110 23 110
139 145 23 110
139 141 24 110
139 122 27 110
139 116 28 110
139 112 29 110
139 120 33 110
139 130 33 110
139 153 36 110
139 120 37 110
139 155 37 110
28 54 14 111
28 16 15 111
28 54 15 111
28 30 16 111
28 31 16 111
28 57 18 111
28 10 19 111
28 16 19 111
28 24 21 111
28 53 22 111
28 6 25 111
28 8 25 111
28 24 25 111
28 53 25 111
28 10 26 111
28 24 26 111
28 53 26 111
28 14 30 111
28 22 30 111
28 23 32 111
28 13 33 111
28 23 33 111
28 23 34 111
57 69 12 111
57 54 14 111
57 63 14 111
57 54 15 111
57 30 16 111
57 31 16 111
57 64 16 111
57 57 18 111
57 63 18 111
57 58 21 111
57 53 22 111
57 53 25 111
57 53 26 111
57 60 28 111
149 164 11 111
149 170 12 111
149 151 13 111
149 120 21 111
149 151 21 111
149 145 22 111
149 141 23 111
149 122 26 111
149 171 28 111
149 169 29 111
149 120 32 111
149 130 32 111
149 153 35 111
149 120 36 111
149 155 36 111
57 69 11 112
57 54 13 112
57 63 13 112
57 54 14 112
57 30 15 112
57 31 15 112
57 64 15 112
57 57 17 112
57 63 17 112
57 58 20 112
57 53 21 112
57 53 24 112
57 53 25 112
57 60 27 112
68 69 11 112
68 54 13 112
68 63 13 112
68 54 14 112
68 64 15 112
68 57 17 112
68 63 17 112
68 58 20 112
68 53 21 112
68 53 24 112
68 53 25 112
68 60 27 112
6 16 13 113
6 30 14 113
6 31 14 113
6 10 17 113
6 16 17 113
6 24 19 113
6 6 23 113
6 8 23 113
6 24 23 113
6 10 24 113
6 24 24 113
6 14 28 113
6 22 28 113
6 23 30 113
6 13 31 113
6 23 31 113
6 23 32 113
7 16 13 113
7 30 14 113
7 31 14 113
7 10 17 113
7 16 17 113
7 24 19 113
7 6 23 113
7 8 23 113
7 24 23 113
7 10 24 113
7 24 24 113
7 14 28 113
7 22 28 113
7 23 30 113
7 13 31 113
7 23 31 113
7 23 32 113
28 54 12 113
28 16 13 113
28 54 13 113
28 30 14 113
28 31 14 113
28 57 16 113
28 10 17 113
28 16 17 113
28 24 19 113
28 53 20 113
28 6 23 113
28 8 23 113
28 24 23 113
28 53 23 113
28 10 24 113
28 24 24 113
28 53 24 113
28 14 28 113
28 22 28 113
28 23 30 113
28 13 31 113
28 23 31 113
28 23 32 113
9 16 12 114
9 30 13 114
9 31 13 114
9 10 16 114
9 16 16 114
9 24 18 114
9 6 22 114
9 8 22 114
9 24 22 114
9 10 23 114
9 24 23 114
9 14 27 114
9 22 27 114
9 23 29 114
9 13 30 114
9 23 30 114
9 23 31 114
26 54 11 114
26 16 12 114
26 54 12 114
26 30 13 114
26 31 13 114
26 10 16 114
26 16 16 114
26 24 18 114
26 53 19 114
26 6 22 114
26 8 22 114
26 24 22 114
26 53 22 114
26 10 23 114
26 24 23 114
26 53 23 114
26 14 27 114
26 22 27 114
26 23 29 114
26 13 30 114
26 23 30 114
26 23 31 114
31 54 11 114
31 16 12 114
31 54 12 114
31 30 13 114
31 31 13 114
31 57 15 114
31 10 16 114
31 16 16 114
31 24 18 114
31 58 18 114
31 53 19 114
31 6 22 114
31 8 22 114
31 24 22 114
31 53 22 114
31 10 23 114
31 24 23 114
31 53 23 114
31 60 25 114
31 14 27 114
31 22 27 114
31 23 29 114
31 13 30 114
31 23 30 114
31 23 31 114
59 54 10 115
59 63 10 115
59 54 11 115
59 30 12 115
59 31 12 115
59 64 12 115
59 57 14 115
59 63 14 115
59 58 17 115
59 53 18 115
59 53 21 115
59 53 22 115
59 60 24 115
173 185 11 115
173 151 17 115
173 145 18 115
173 171 24 115
173 169 25 115
173 189 29 115
173 153 31 115
173 155 32 115
173 198 33 115
25 16 10 116
25 54 10 116
25 30 11 116
25 31 11 116
25 10 14 116
25 16 14 116
25 24 16 116
25 53 17 116
25 6 20 116
25 8 20 116
25 24 20 116
25 53 20 116
25 10 21 116
25 24 21 116
25 53 21 116
25 14 25 116
25 22 25 116
25 23 27 116
25 13 28 116
25 23 28 116
25 23 29 116
56 54 10 116
56 30 11 116
56 31 11 116
56 64 11 116
56 57 13 116
56 63 13 116
56 58 16 116
56 53 17 116
56 53 20 116
56 53 21 116
56 60 23 116
91 64 11 116
91 63 13 116
91 120 16 116
91 110 17 116
91 104 18 116
91 116 22 116
91 112 23 116
91 120 27 116
91 120 31 116
91 104 32 116
143 120 16 116
143 151 16 116
143 145 17 116
143 141 18 116
143 122 21 116
143 116 22 116
143 171 23 116
143 169 24 116
143 120 27 116
143 130 27 116
143 153 30 116
143 120 31 116
143 155 31 116
113 120 15 117
113 110 16 117
113 104 17 117
113 141 17 117
113 122 20 117
113 116 21 117
113 112 22 117
113 120 26 117
113 130 26 117
113 120 30 117
113 104 31 117
67 57 11 118
67 63 11 118
67 58 14 118
67 53 15 118
67 53 18 118
67 53 19 118
67 60 21 118
235 252 10 118
235 230 19 118
235 228 20 118
235 255 20 118
235 255 22 118
235 255 23 118
235 255 25 118
58 57 10 119
58 63 10 119
58 58 13 119
58 53 14 119
58 53 17 119
58 53 18 119
58 60 20 119
69 57 10 119
69 63 10 119
69 58 13 119
69 53 14 119
69 53 17 119
69 53 18 119
69 60 20 119
190 171 20 119
190 169 21 119
190 189 25 119
190 198 29 119
55 58 12 120
55 53 13 120
55 53 16 120
55 53 17 120
55 60 19 120
202 230 17 120
202 228 18 120
202 189 24 120
202 198 28 120
201 230 16 121
201 228 17 121
201 171 18 121
201 189 23 121
201 198 27 121
164 151 10 122
164 145 11 122
164 141 12 122
164 171 17 122
164 169 18 122
164 189 22 122
164 153 24 122
164 155 25 122
69 53 10 123
69 53 13 123
69 53 14 123
69 60 16 123
170 145 10 123
170 141 11 123
170 171 16 123
170 169 17 123
170 189 21 123
170 153 23 123
170 155 24 123
170 198 25 123
151 141 10 124
151 122 13 124
151 171 15 124
151 169 16 124
151 130 19 124
151 153 22 124
151 155 23 124
54 24 11 125
54 53 11 125
54 24 12 125
54 53 12 125
54 60 14 125
63 53 11 125
63 53 12 125
63 60 14 125
16 6 10 126
16 8 10 126
16 24 10 126
16 10 11 126
16 24 11 126
16 14 15 126
16 22 15 126
16 23 17 126
16 13 18 126
16 23 18 126
16 23 19 126
54 24 10 126
54 53 10 126
54 24 11 126
54 53 11 126
54 60 13 126
185 171 13 126
185 169 14 126
185 189 18 126
185 155 21 126
185 198 22 126
30 10 10 127
30 24 10 127
30 53 10 127
30 14 14 127
30 22 14 127
30 23 16 127
30 13 17 127
30 23 17 127
30 23 18 127
31 10 10 127
31 24 10 127
31 53 10 127
31 60 12 127
31 14 14 127
31 22 14 127
31 23 16 127
31 13 17 127
31 23 17 127
31 23 18 127
64 53 10 127
64 60 12 127
252 228 10 128
252 255 10 128
252 255 12 128
252 255 13 128
252 255 15 128
57 60 10 129
63 60 10 129
10 14 11 130
10 22 11 130
10 23 13 130
10 13 14 130
10 23 14 130
10 23 15 130
16 14 11 130
16 22 11 130
16 23 13 130
16 13 14 130
16 23 14 130
16 23 15 130
24 23 11 132
24 13 12 132
24 23 12 132
24 23 13 132
120 120 11 132
120 130 11 132
120 120 15 132
120 104 16 132
151 130 11 132
151 153 14 132
151 155 15 132
53 23 10 133
53 23 11 133
53 23 12 133
110 120 10 133
110 130 10 133
110 120 14 133
110 104 15 133
145 120 10 133
145 130 10 133
145 153 13 133
145 120 14 133
145 155 14 133
104 120 13 134
104 104 14 134
141 153 12 134
141 120 13 134
141 155 13 134
122 120 10 137
122 104 11 137
116 104 10 138
228 198 10 138
