6 6 7 0
6 11 7 0
6 28 7 0
6 9 10 0
6 28 49 0
7 6 7 0
7 11 7 0
7 28 7 0
7 9 10 0
7 28 49 0
15 6 7 0
15 11 7 0
15 28 7 0
15 39 7 0
15 9 10 0
15 43 39 0
15 28 49 0
227 244 7 0
227 241 12 0
227 236 32 0
227 233 49 0
430 427 5 0
430 454 39 0
430 439 42 0
430 453 50 0
53 28 6 1
53 39 6 1
53 54 8 1
53 55 9 1
53 45 10 1
53 75 30 1
53 43 38 1
53 77 40 1
53 77 41 1
53 77 46 1
53 28 48 1
53 77 48 1
53 75 51 1
184 177 4 1
184 183 8 1
184 169 9 1
283 259 8 1
283 263 9 1
283 262 30 1
283 272 31 1
528 515 5 1
528 500 6 1
528 511 8 1
528 544 9 1
528 541 31 1
181 183 7 2
181 169 8 2
181 151 9 2
271 244 5 2
271 259 7 2
271 263 8 2
271 241 10 2
271 262 29 2
271 272 30 2
539 515 4 2
539 511 7 2
539 544 8 2
539 541 30 2
177 183 4 5
177 169 5 5
177 151 6 5
427 454 34 5
427 439 37 5
427 453 45 5
427 445 49 5
427 454 50 5
427 408 51 5
758 733 32 5
758 766 33 5
758 738 36 5
758 762 39 5
758 731 44 5
758 740 47 5
758 762 51 5
326 329 5 6
326 333 6 6
326 317 41 6
326 316 47 6
515 544 4 6
515 541 26 6
6 28 42 7
6 11 48 7
11 28 42 7
11 11 48 7
11 39 48 7
28 45 4 7
28 43 32 7
28 28 42 7
28 11 48 7
28 39 48 7
39 45 4 7
39 43 32 7
39 28 42 7
39 11 48 7
39 39 48 7
244 241 5 7
244 262 24 7
244 236 25 7
244 272 25 7
244 233 42 7
244 239 47 7
679 671 4 7
679 682 5 7
679 670 33 7
679 693 35 7
679 691 36 7
133 130 23 8
644 670 32 8
54 75 22 9
54 43 30 9
54 77 32 9
54 77 33 9
54 77 38 9
54 28 40 9
54 77 40 9
54 75 43 9
54 39 46 9
106 130 22 9
106 77 32 9
106 77 33 9
106 77 38 9
106 77 40 9
259 262 22 9
259 236 23 9
259 272 23 9
259 233 40 9
259 239 45 9
9 28 39 10
9 11 45 10
55 75 21 10
55 43 29 10
55 77 31 10
55 77 32 10
55 77 37 10
55 28 39 10
55 77 39 10
55 75 42 10
55 39 45 10
100 75 21 10
100 77 31 10
100 77 32 10
100 77 37 10
100 77 39 10
100 75 42 10
263 262 21 10
263 236 22 10
263 272 22 10
263 233 39 10
263 239 44 10
544 541 22 10
544 572 43 10
45 43 28 11
45 28 38 11
45 39 44 11
151 130 20 11
329 317 36 11
329 316 42 11
671 670 29 11
671 693 31 11
671 691 32 11
241 262 19 12
241 236 20 12
241 233 37 12
241 239 42 12
333 317 35 12
333 316 41 12
682 670 28 12
682 693 30 12
682 691 31 12
75 77 10 31
75 77 11 31
75 77 16 31
75 77 18 31
75 75 21 31
262 233 18 31
262 239 23 31
600 580 19 31
600 572 22 31
600 585 24 31
600 588 26 31
236 233 17 32
236 239 22 32
721 714 5 34
721 738 7 34
721 693 8 34
721 691 9 34
721 715 13 34
721 721 14 34
721 731 15 34
721 725 17 34
721 740 18 34
721 721 20 34
715 738 5 36
715 693 6 36
715 691 7 36
715 715 11 36
715 721 12 36
715 731 13 36
715 725 15 36
715 740 16 36
715 721 18 36
733 738 4 37
733 762 7 37
733 715 10 37
733 721 11 37
733 731 12 37
733 725 14 37
733 740 15 37
733 721 17 37
733 762 19 37
766 762 6 38
766 740 14 38
766 762 18 38
43 28 10 39
43 39 16 39
454 453 11 39
454 445 15 39
454 454 16 39
454 457 18 39
714 691 4 39
714 715 8 39
714 721 9 39
714 731 10 39
714 725 12 39
714 740 13 39
714 721 15 39
77 77 6 41
77 77 8 41
77 75 11 41
738 715 6 41
738 721 7 41
738 731 8 41
738 725 10 41
738 740 11 41
738 721 13 41
738 762 15 41
77 77 5 42
77 77 7 42
77 75 10 42
439 453 8 42
439 445 12 42
439 454 13 42
439 457 15 42
693 715 5 42
693 721 6 42
693 721 12 42
691 715 4 43
762 740 8 44
762 762 12 44
77 75 5 47
317 316 6 47
715 725 4 47
715 740 5 47
715 721 7 47
721 740 4 48
721 721 6 48
28 11 6 49
28 39 6 49
233 239 5 49
731 721 5 49
453 445 4 50
453 454 5 50
453 457 7 50
580 585 5 50
580 588 7 50
394 408 4 52
740 762 4 52
572 588 4 53
