152 139 16 0
152 138 18 0
152 144 37 0
318 323 14 0
318 333 42 0
763 763 1 0
763 763 2 0
763 763 4 0
763 763 5 0
763 753 22 0
763 753 24 0
763 744 25 0
763 747 27 0
763 748 28 0
763 746 29 0
763 746 31 0
763 745 32 0
763 746 38 0
763 747 39 0
763 763 45 0
244 225 30 1
244 256 35 1
474 455 22 1
763 763 1 1
763 763 3 1
763 763 4 1
763 753 21 1
763 753 23 1
763 744 24 1
763 747 26 1
763 748 27 1
763 746 28 1
763 746 30 1
763 745 31 1
763 746 37 1
763 747 38 1
763 763 44 1
382 372 5 2
382 371 7 2
382 371 8 2
382 372 17 2
382 371 22 2
382 374 41 2
763 763 2 2
763 763 3 2
763 753 20 2
763 753 22 2
763 744 23 2
763 747 25 2
763 748 26 2
763 746 27 2
763 746 29 2
763 745 30 2
763 746 36 2
763 747 37 2
763 763 43 2
499 501 5 3
499 511 33 3
499 515 41 3
763 763 1 4
763 753 18 4
763 753 20 4
763 744 21 4
763 747 23 4
763 748 24 4
763 746 25 4
763 746 27 4
763 745 28 4
763 746 34 4
763 747 35 4
763 763 41 4
429 431 7 5
429 435 8 5
429 438 16 5
429 432 17 5
429 428 21 5
429 427 22 5
429 428 23 5
429 419 24 5
429 425 26 5
429 409 28 5
429 430 39 5
429 429 40 5
429 430 41 5
763 753 17 5
763 753 19 5
763 744 20 5
763 747 22 5
763 748 23 5
763 746 24 5
763 746 26 5
763 745 27 5
763 746 33 5
763 747 34 5
763 763 40 5
1 6 4 6
1 9 4 6
1 0 5 6
1 1 5 6
1 4 5 6
1 9 5 6
1 0 6 6
1 1 6 6
1 4 6 6
1 1 7 6
1 11 7 6
1 3 8 6
1 7 8 6
1 13 9 6
1 0 10 6
1 8 10 6
1 0 16 6
1 1 16 6
1 14 16 6
1 15 16 6
1 13 17 6
1 15 17 6
1 1 18 6
1 0 19 6
1 4 19 6
1 12 19 6
1 1 20 6
1 9 20 6
1 1 21 6
1 6 21 6
1 10 21 6
1 6 22 6
1 12 22 6
1 15 23 6
1 12 24 6
1 7 35 6
1 6 36 6
1 7 36 6
1 6 39 6
1 7 39 6
1 6 40 6
56 56 2 6
56 57 8 6
56 54 13 6
56 49 18 6
56 73 24 6
56 71 35 6
56 56 36 6
56 55 41 6
56 72 44 6
56 48 45 6
190 194 20 6
190 183 30 6
190 189 36 6
190 189 40 6
190 188 41 6
594 587 35 6
594 580 37 6
594 584 43 6
594 578 44 6
33 30 7 7
33 13 8 7
33 29 9 7
33 31 9 7
33 33 14 7
33 14 15 7
33 15 15 7
33 13 16 7
33 15 16 7
33 49 17 7
33 15 22 7
33 30 23 7
33 31 23 7
33 48 44 7
372 371 2 7
372 371 3 7
372 372 12 7
372 354 13 7
372 371 17 7
372 374 36 7
674 667 1 7
674 688 4 7
674 686 5 7
674 693 13 7
56 57 6 8
56 54 11 8
56 49 16 8
56 73 22 8
56 71 33 8
56 56 34 8
56 55 39 8
56 72 42 8
56 48 43 8
501 511 28 8
501 515 36 8
667 686 4 8
371 371 1 9
371 372 10 9
371 354 11 9
371 371 15 9
371 374 34 9
696 688 2 9
696 686 3 9
696 693 11 9
696 713 25 9
696 712 26 9
6 0 1 10
6 1 1 10
6 4 1 10
6 9 1 10
6 0 2 10
6 1 2 10
6 4 2 10
6 1 3 10
6 11 3 10
6 3 4 10
6 7 4 10
6 13 5 10
6 0 6 10
6 8 6 10
6 0 12 10
6 1 12 10
6 14 12 10
6 15 12 10
6 13 13 10
6 15 13 10
6 1 14 10
6 0 15 10
6 4 15 10
6 12 15 10
6 1 16 10
6 9 16 10
6 1 17 10
6 6 17 10
6 10 17 10
6 6 18 10
6 12 18 10
6 15 19 10
6 12 20 10
6 7 31 10
6 6 32 10
6 7 32 10
6 6 35 10
6 7 35 10
6 6 36 10
9 0 1 10
9 1 1 10
9 4 1 10
9 9 1 10
9 0 2 10
9 1 2 10
9 4 2 10
9 1 3 10
9 11 3 10
9 3 4 10
9 7 4 10
9 13 5 10
9 0 6 10
9 8 6 10
9 0 12 10
9 1 12 10
9 14 12 10
9 15 12 10
9 13 13 10
9 15 13 10
9 1 14 10
9 0 15 10
9 4 15 10
9 12 15 10
9 1 16 10
9 9 16 10
9 1 17 10
9 6 17 10
9 10 17 10
9 6 18 10
9 12 18 10
9 15 19 10
9 12 20 10
9 7 31 10
9 6 32 10
9 7 32 10
9 6 35 10
9 7 35 10
9 6 36 10
371 372 9 10
371 354 10 10
371 371 14 10
371 374 33 10
538 537 37 10
0 0 1 11
0 1 1 11
0 4 1 11
0 1 2 11
0 11 2 11
0 3 3 11
0 7 3 11
0 13 4 11
0 0 5 11
0 8 5 11
0 0 11 11
0 1 11 11
0 14 11 11
0 15 11 11
0 13 12 11
0 15 12 11
0 1 13 11
0 0 14 11
0 4 14 11
0 12 14 11
0 1 15 11
0 9 15 11
0 1 16 11
0 6 16 11
0 10 16 11
0 6 17 11
0 12 17 11
0 15 18 11
0 12 19 11
0 7 30 11
0 6 31 11
0 7 31 11
0 6 34 11
0 7 34 11
0 6 35 11
1 0 1 11
1 1 1 11
1 4 1 11
1 1 2 11
1 11 2 11
1 3 3 11
1 7 3 11
1 13 4 11
1 0 5 11
1 8 5 11
1 0 11 11
1 1 11 11
1 14 11 11
1 15 11 11
1 13 12 11
1 15 12 11
1 1 13 11
1 0 14 11
1 4 14 11
1 12 14 11
1 1 15 11
1 9 15 11
1 1 16 11
1 6 16 11
1 10 16 11
1 6 17 11
1 12 17 11
1 15 18 11
1 12 19 11
1 7 30 11
1 6 31 11
1 7 31 11
1 6 34 11
1 7 34 11
1 6 35 11
4 0 1 11
4 1 1 11
4 4 1 11
4 1 2 11
4 11 2 11
4 3 3 11
4 7 3 11
4 13 4 11
4 0 5 11
4 8 5 11
4 0 11 11
4 1 11 11
4 14 11 11
4 15 11 11
4 13 12 11
4 15 12 11
4 1 13 11
4 0 14 11
4 4 14 11
4 12 14 11
4 1 15 11
4 9 15 11
4 1 16 11
4 6 16 11
4 10 16 11
4 6 17 11
4 12 17 11
4 15 18 11
4 12 19 11
4 7 30 11
4 6 31 11
4 7 31 11
4 6 34 11
4 7 34 11
4 6 35 11
9 0 1 11
9 1 1 11
9 4 1 11
9 1 2 11
9 11 2 11
9 3 3 11
9 7 3 11
9 13 4 11
9 0 5 11
9 8 5 11
9 0 11 11
9 1 11 11
9 14 11 11
9 15 11 11
9 13 12 11
9 15 12 11
9 1 13 11
9 0 14 11
9 4 14 11
9 12 14 11
9 1 15 11
9 9 15 11
9 1 16 11
9 6 16 11
9 10 16 11
9 6 17 11
9 12 17 11
9 15 18 11
9 12 19 11
9 7 30 11
9 6 31 11
9 7 31 11
9 6 34 11
9 7 34 11
9 6 35 11
688 686 1 11
688 693 9 11
0 1 1 12
0 11 1 12
0 3 2 12
0 7 2 12
0 13 3 12
0 0 4 12
0 8 4 12
0 0 10 12
0 1 10 12
0 14 10 12
0 15 10 12
0 13 11 12
0 15 11 12
0 1 12 12
0 0 13 12
0 4 13 12
0 12 13 12
0 1 14 12
0 9 14 12
0 1 15 12
0 6 15 12
0 10 15 12
0 6 16 12
0 12 16 12
0 15 17 12
0 12 18 12
0 7 29 12
0 6 30 12
0 7 30 12
0 6 33 12
0 7 33 12
0 6 34 12
1 1 1 12
1 11 1 12
1 3 2 12
1 7 2 12
1 13 3 12
1 0 4 12
1 8 4 12
1 0 10 12
1 1 10 12
1 14 10 12
1 15 10 12
1 13 11 12
1 15 11 12
1 1 12 12
1 0 13 12
1 4 13 12
1 12 13 12
1 1 14 12
1 9 14 12
1 1 15 12
1 6 15 12
1 10 15 12
1 6 16 12
1 12 16 12
1 15 17 12
1 12 18 12
1 7 29 12
1 6 30 12
1 7 30 12
1 6 33 12
1 7 33 12
1 6 34 12
4 1 1 12
4 11 1 12
4 3 2 12
4 7 2 12
4 13 3 12
4 0 4 12
4 8 4 12
4 0 10 12
4 1 10 12
4 14 10 12
4 15 10 12
4 13 11 12
4 15 11 12
4 1 12 12
4 0 13 12
4 4 13 12
4 12 13 12
4 1 14 12
4 9 14 12
4 1 15 12
4 6 15 12
4 10 15 12
4 6 16 12
4 12 16 12
4 15 17 12
4 12 18 12
4 7 29 12
4 6 30 12
4 7 30 12
4 6 33 12
4 7 33 12
4 6 34 12
431 435 1 12
431 438 9 12
431 432 10 12
431 450 13 12
431 428 14 12
431 427 15 12
431 428 16 12
431 419 17 12
431 425 19 12
431 430 32 12
431 429 33 12
431 430 34 12
686 693 8 12
1 3 1 13
1 7 1 13
1 13 2 13
1 0 3 13
1 8 3 13
1 0 9 13
1 1 9 13
1 14 9 13
1 15 9 13
1 13 10 13
1 15 10 13
1 1 11 13
1 0 12 13
1 4 12 13
1 12 12 13
1 1 13 13
1 9 13 13
1 1 14 13
1 6 14 13
1 10 14 13
1 6 15 13
1 12 15 13
1 15 16 13
1 12 17 13
1 7 28 13
1 6 29 13
1 7 29 13
1 6 32 13
1 7 32 13
1 6 33 13
11 3 1 13
11 7 1 13
11 30 1 13
11 13 2 13
11 0 3 13
11 8 3 13
11 29 3 13
11 0 9 13
11 1 9 13
11 14 9 13
11 15 9 13
11 13 10 13
11 15 10 13
11 1 11 13
11 0 12 13
11 4 12 13
11 12 12 13
11 1 13 13
11 9 13 13
11 1 14 13
11 6 14 13
11 10 14 13
11 6 15 13
11 12 15 13
11 15 16 13
11 12 17 13
11 30 17 13
11 7 28 13
11 6 29 13
11 7 29 13
11 6 32 13
11 7 32 13
11 6 33 13
435 438 8 13
435 432 9 13
435 450 12 13
435 428 13 13
435 427 14 13
435 428 15 13
435 419 16 13
435 425 18 13
435 430 31 13
435 429 32 13
435 430 33 13
719 720 1 13
719 720 2 13
719 734 4 13
719 733 5 13
719 733 6 13
719 734 8 13
719 734 10 13
719 713 21 13
719 712 22 13
719 721 27 13
719 719 29 13
719 719 33 13
3 13 1 14
3 0 2 14
3 8 2 14
3 0 8 14
3 1 8 14
3 14 8 14
3 15 8 14
3 13 9 14
3 15 9 14
3 1 10 14
3 0 11 14
3 4 11 14
3 12 11 14
3 1 12 14
3 9 12 14
3 1 13 14
3 6 13 14
3 10 13 14
3 6 14 14
3 12 14 14
3 15 15 14
3 12 16 14
3 7 27 14
3 6 28 14
3 7 28 14
3 6 31 14
3 7 31 14
3 6 32 14
7 13 1 14
7 0 2 14
7 8 2 14
7 0 8 14
7 1 8 14
7 14 8 14
7 15 8 14
7 13 9 14
7 15 9 14
7 1 10 14
7 0 11 14
7 4 11 14
7 12 11 14
7 1 12 14
7 9 12 14
7 1 13 14
7 6 13 14
7 10 13 14
7 6 14 14
7 12 14 14
7 15 15 14
7 12 16 14
7 7 27 14
7 6 28 14
7 7 28 14
7 6 31 14
7 7 31 14
7 6 32 14
30 13 1 14
30 29 2 14
30 31 2 14
30 33 7 14
30 14 8 14
30 15 8 14
30 13 9 14
30 15 9 14
30 49 10 14
30 12 11 14
30 10 13 14
30 12 14 14
30 15 15 14
30 12 16 14
30 30 16 14
30 31 16 14
30 48 37 14
57 54 5 14
57 49 10 14
57 73 16 14
57 71 27 14
57 56 28 14
57 55 33 14
57 72 36 14
57 48 37 14
323 333 28 14
720 720 1 14
720 734 3 14
720 733 4 14
720 733 5 14
720 734 7 14
720 734 9 14
720 713 20 14
720 712 21 14
720 721 26 14
720 719 28 14
720 719 32 14
13 0 1 15
13 8 1 15
13 29 1 15
13 31 1 15
13 0 7 15
13 1 7 15
13 14 7 15
13 15 7 15
13 13 8 15
13 15 8 15
13 1 9 15
13 0 10 15
13 4 10 15
13 12 10 15
13 1 11 15
13 9 11 15
13 1 12 15
13 6 12 15
13 10 12 15
13 6 13 15
13 12 13 15
13 15 14 15
13 12 15 15
13 30 15 15
13 31 15 15
13 7 26 15
13 6 27 15
13 7 27 15
13 6 30 15
13 7 30 15
13 6 31 15
720 734 2 15
720 733 3 15
720 733 4 15
720 734 6 15
720 734 8 15
720 713 19 15
720 712 20 15
720 721 25 15
720 719 27 15
720 719 31 15
0 0 6 16
0 1 6 16
0 14 6 16
0 15 6 16
0 13 7 16
0 15 7 16
0 1 8 16
0 0 9 16
0 4 9 16
0 12 9 16
0 1 10 16
0 9 10 16
0 1 11 16
0 6 11 16
0 10 11 16
0 6 12 16
0 12 12 16
0 15 13 16
0 12 14 16
0 7 25 16
0 6 26 16
0 7 26 16
0 6 29 16
0 7 29 16
0 6 30 16
8 0 6 16
8 1 6 16
8 14 6 16
8 15 6 16
8 13 7 16
8 15 7 16
8 1 8 16
8 0 9 16
8 4 9 16
8 12 9 16
8 1 10 16
8 9 10 16
8 1 11 16
8 6 11 16
8 10 11 16
8 6 12 16
8 12 12 16
8 15 13 16
8 12 14 16
8 7 25 16
8 6 26 16
8 7 26 16
8 6 29 16
8 7 29 16
8 6 30 16
29 33 5 16
29 14 6 16
29 15 6 16
29 13 7 16
29 15 7 16
29 12 9 16
29 9 10 16
29 10 11 16
29 12 12 16
29 15 13 16
29 12 14 16
29 30 14 16
29 31 14 16
29 48 35 16
31 33 5 16
31 14 6 16
31 15 6 16
31 13 7 16
31 15 7 16
31 49 8 16
31 12 9 16
31 12 12 16
31 15 13 16
31 12 14 16
31 30 14 16
31 31 14 16
31 48 35 16
139 138 2 16
139 128 14 16
139 144 21 16
407 419 13 16
407 408 14 16
407 425 15 16
407 409 17 16
628 635 10 16
628 623 14 16
628 646 21 16
628 619 32 16
734 733 1 17
734 733 2 17
734 734 4 17
734 753 5 17
734 734 6 17
734 753 7 17
734 744 8 17
734 747 10 17
734 748 11 17
734 746 12 17
734 746 14 17
734 745 15 17
734 746 21 17
734 747 22 17
734 721 23 17
734 719 25 17
734 719 29 17
138 128 12 18
138 144 19 18
733 733 1 18
733 734 3 18
733 734 5 18
733 744 7 18
733 747 9 18
733 748 10 18
733 746 11 18
733 746 13 18
733 745 14 18
733 713 16 18
733 746 20 18
733 747 21 18
733 721 22 18
733 719 24 18
733 719 28 18
54 49 5 19
54 73 11 19
54 71 22 19
54 56 23 19
54 55 28 19
54 72 31 19
54 48 32 19
372 354 1 19
372 371 5 19
372 374 24 19
733 734 2 19
733 734 4 19
733 744 6 19
733 747 8 19
733 748 9 19
733 746 10 19
733 746 12 19
733 745 13 19
733 713 15 19
733 746 19 19
733 747 20 19
733 721 21 19
733 719 23 19
733 719 27 19
354 371 4 20
693 712 15 20
33 14 1 21
33 15 1 21
33 13 2 21
33 15 2 21
33 49 3 21
33 15 8 21
33 30 9 21
33 31 9 21
33 48 30 21
438 432 1 21
438 455 2 21
438 450 4 21
438 428 5 21
438 427 6 21
438 428 7 21
438 419 8 21
438 425 10 21
438 430 23 21
438 429 24 21
438 430 25 21
734 753 1 21
734 734 2 21
734 753 3 21
734 744 4 21
734 747 6 21
734 748 7 21
734 746 8 21
734 746 10 21
734 745 11 21
734 746 17 21
734 747 18 21
734 721 19 21
734 719 21 21
734 719 25 21
0 13 1 22
0 15 1 22
0 1 2 22
0 0 3 22
0 4 3 22
0 12 3 22
0 1 4 22
0 9 4 22
0 1 5 22
0 6 5 22
0 10 5 22
0 6 6 22
0 12 6 22
0 15 7 22
0 12 8 22
0 7 19 22
0 6 20 22
0 7 20 22
0 6 23 22
0 7 23 22
0 6 24 22
1 13 1 22
1 15 1 22
1 1 2 22
1 0 3 22
1 4 3 22
1 12 3 22
1 1 4 22
1 9 4 22
1 1 5 22
1 6 5 22
1 10 5 22
1 6 6 22
1 12 6 22
1 15 7 22
1 12 8 22
1 7 19 22
1 6 20 22
1 7 20 22
1 6 23 22
1 7 23 22
1 6 24 22
14 13 1 22
14 15 1 22
14 1 2 22
14 0 3 22
14 4 3 22
14 12 3 22
14 1 4 22
14 9 4 22
14 1 5 22
14 6 5 22
14 10 5 22
14 6 6 22
14 12 6 22
14 15 7 22
14 12 8 22
14 30 8 22
14 31 8 22
14 7 19 22
14 6 20 22
14 7 20 22
14 6 23 22
14 7 23 22
14 6 24 22
15 13 1 22
15 15 1 22
15 1 2 22
15 0 3 22
15 4 3 22
15 12 3 22
15 1 4 22
15 9 4 22
15 1 5 22
15 6 5 22
15 10 5 22
15 6 6 22
15 12 6 22
15 15 7 22
15 12 8 22
15 30 8 22
15 31 8 22
15 7 19 22
15 6 20 22
15 7 20 22
15 6 23 22
15 7 23 22
15 6 24 22
432 450 3 22
432 428 4 22
432 427 5 22
432 428 6 22
432 419 7 22
432 425 9 22
432 430 22 22
432 429 23 22
432 430 24 22
753 734 1 22
753 753 2 22
753 744 3 22
753 747 5 22
753 748 6 22
753 746 7 22
753 746 9 22
753 745 10 22
753 746 16 22
753 747 17 22
753 763 23 22
13 1 1 23
13 0 2 23
13 4 2 23
13 12 2 23
13 1 3 23
13 9 3 23
13 1 4 23
13 6 4 23
13 10 4 23
13 6 5 23
13 12 5 23
13 15 6 23
13 12 7 23
13 30 7 23
13 31 7 23
13 7 18 23
13 6 19 23
13 7 19 23
13 6 22 23
13 7 22 23
13 6 23 23
15 1 1 23
15 0 2 23
15 4 2 23
15 12 2 23
15 1 3 23
15 9 3 23
15 1 4 23
15 6 4 23
15 10 4 23
15 6 5 23
15 12 5 23
15 15 6 23
15 12 7 23
15 30 7 23
15 31 7 23
15 7 18 23
15 6 19 23
15 7 19 23
15 6 22 23
15 7 22 23
15 6 23 23
455 450 2 23
734 753 1 23
734 744 2 23
734 747 4 23
734 748 5 23
734 746 6 23
734 746 8 23
734 745 9 23
734 746 15 23
734 747 16 23
734 721 17 23
734 719 19 23
734 719 23 23
1 0 1 24
1 4 1 24
1 12 1 24
1 1 2 24
1 9 2 24
1 1 3 24
1 6 3 24
1 10 3 24
1 6 4 24
1 12 4 24
1 15 5 24
1 12 6 24
1 7 17 24
1 6 18 24
1 7 18 24
1 6 21 24
1 7 21 24
1 6 22 24
49 30 6 24
49 31 6 24
49 56 18 24
49 55 23 24
49 48 27 24
371 374 19 24
753 744 1 24
753 747 3 24
753 748 4 24
753 746 5 24
753 746 7 24
753 745 8 24
753 746 14 24
753 747 15 24
753 763 21 24
0 1 1 25
0 9 1 25
0 1 2 25
0 6 2 25
0 10 2 25
0 6 3 25
0 12 3 25
0 15 4 25
0 12 5 25
0 7 16 25
0 6 17 25
0 7 17 25
0 6 20 25
0 7 20 25
0 6 21 25
4 1 1 25
4 9 1 25
4 1 2 25
4 6 2 25
4 10 2 25
4 6 3 25
4 12 3 25
4 15 4 25
4 12 5 25
4 7 16 25
4 6 17 25
4 7 17 25
4 6 20 25
4 7 20 25
4 6 21 25
12 1 1 25
12 9 1 25
12 1 2 25
12 6 2 25
12 10 2 25
12 6 3 25
12 12 3 25
12 15 4 25
12 12 5 25
12 30 5 25
12 31 5 25
12 7 16 25
12 6 17 25
12 7 17 25
12 6 20 25
12 7 20 25
12 6 21 25
450 430 19 25
450 430 21 25
744 747 2 25
744 748 3 25
744 746 4 25
744 746 6 25
744 745 7 25
744 746 13 25
744 747 14 25
744 763 20 25
1 1 1 26
1 6 1 26
1 10 1 26
1 6 2 26
1 12 2 26
1 15 3 26
1 12 4 26
1 7 15 26
1 6 16 26
1 7 16 26
1 6 19 26
1 7 19 26
1 6 20 26
9 1 1 26
9 6 1 26
9 10 1 26
9 6 2 26
9 12 2 26
9 15 3 26
9 12 4 26
9 7 15 26
9 6 16 26
9 7 16 26
9 6 19 26
9 7 19 26
9 6 20 26
194 183 10 26
194 189 16 26
194 189 20 26
194 188 21 26
428 427 1 26
428 428 2 26
428 419 3 26
428 408 4 26
428 425 5 26
428 409 7 26
428 430 18 26
428 429 19 26
428 430 20 26
635 623 4 26
635 646 11 26
635 619 22 26
1 6 1 27
1 12 1 27
1 15 2 27
1 12 3 27
1 7 14 27
1 6 15 27
1 7 15 27
1 6 18 27
1 7 18 27
1 6 19 27
6 6 1 27
6 12 1 27
6 15 2 27
6 12 3 27
6 7 14 27
6 6 15 27
6 7 15 27
6 6 18 27
6 7 18 27
6 6 19 27
10 6 1 27
10 12 1 27
10 15 2 27
10 12 3 27
10 7 14 27
10 6 15 27
10 7 15 27
10 6 18 27
10 7 18 27
10 6 19 27
427 428 1 27
427 419 2 27
427 408 3 27
427 425 4 27
427 409 6 27
427 430 17 27
427 429 18 27
427 430 19 27
747 748 1 27
747 746 2 27
747 746 4 27
747 745 5 27
747 746 11 27
747 747 12 27
747 763 18 27
6 15 1 28
6 12 2 28
6 7 13 28
6 6 14 28
6 7 14 28
6 6 17 28
6 7 17 28
6 6 18 28
12 15 1 28
12 12 2 28
12 30 2 28
12 31 2 28
12 7 13 28
12 6 14 28
12 7 14 28
12 6 17 28
12 7 17 28
12 6 18 28
428 419 1 28
428 408 2 28
428 425 3 28
428 409 5 28
428 430 16 28
428 429 17 28
428 430 18 28
748 746 1 28
748 746 3 28
748 745 4 28
748 746 10 28
748 747 11 28
748 763 17 28
15 12 1 29
15 30 1 29
15 31 1 29
15 7 12 29
15 6 13 29
15 7 13 29
15 6 16 29
15 7 16 29
15 6 17 29
419 408 1 29
419 425 2 29
419 409 4 29
419 430 15 29
419 429 16 29
419 430 17 29
746 746 2 29
746 745 3 29
746 746 9 29
746 747 10 29
746 763 16 29
12 7 11 30
12 6 12 30
12 7 12 30
12 6 15 30
12 7 15 30
12 6 16 30
30 48 21 30
31 48 21 30
73 71 11 30
73 56 12 30
73 55 17 30
73 72 20 30
128 144 7 30
408 425 1 30
408 409 3 30
623 619 18 30
425 409 2 31
425 430 13 31
425 429 14 31
425 430 15 31
746 745 1 31
746 746 7 31
746 747 8 31
746 763 14 31
745 746 6 32
745 747 7 32
745 763 13 32
572 587 8 33
572 580 10 33
572 584 16 33
572 578 17 33
713 712 1 34
713 721 6 34
713 719 8 34
713 719 12 34
712 721 5 35
712 719 7 35
712 719 11 35
183 189 6 36
183 189 10 36
183 188 11 36
511 515 8 36
746 747 1 38
746 763 7 38
747 763 6 39
721 719 2 40
721 719 6 40
7 6 1 41
7 7 1 41
7 6 4 41
7 7 4 41
7 6 5 41
71 56 1 41
71 55 6 41
71 72 9 41
587 580 2 41
587 584 8 41
587 578 9 41
6 6 3 42
6 7 3 42
6 6 4 42
7 6 3 42
7 7 3 42
7 6 4 42
56 55 5 42
56 72 8 42
56 48 9 42
189 189 4 42
189 188 5 42
719 719 4 42
580 584 6 43
580 578 7 43
430 429 1 44
430 430 2 44
6 6 1 45
7 6 1 45
429 430 1 45
189 188 1 46
55 72 3 47
55 48 4 47
584 578 1 49
