172 150 4 0
172 143 7 0
172 170 16 0
172 155 18 0
172 163 21 0
172 165 23 0
172 142 24 0
172 160 31 0
172 180 33 0
172 185 37 0
172 152 44 0
172 157 47 0
172 179 48 0
172 175 49 0
172 197 50 0
172 158 51 0
172 150 52 0
255 246 5 0
255 228 10 0
255 255 11 0
255 251 12 0
255 245 22 0
255 229 26 0
255 236 34 0
255 231 35 0
255 232 40 0
255 228 43 0
125 143 6 1
125 105 7 1
125 137 7 1
125 132 8 1
125 125 9 1
125 122 10 1
125 130 10 1
125 123 11 1
125 128 13 1
125 125 15 1
125 108 17 1
125 121 18 1
125 95 20 1
125 124 21 1
125 124 23 1
125 142 23 1
125 135 24 1
125 124 34 1
125 134 35 1
125 136 37 1
125 127 38 1
125 141 40 1
125 136 41 1
125 152 43 1
125 95 45 1
125 101 48 1
125 150 51 1
241 246 4 1
241 228 9 1
241 255 10 1
241 251 11 1
241 212 14 1
241 223 19 1
241 245 21 1
241 229 25 1
241 236 33 1
241 231 34 1
241 232 39 1
241 228 42 1
241 223 45 1
72 48 4 2
72 73 12 2
72 52 13 2
72 51 14 2
72 68 18 2
72 95 19 2
72 50 20 2
72 50 22 2
72 80 24 2
72 77 25 2
72 52 29 2
72 89 29 2
72 84 32 2
72 85 34 2
72 87 36 2
72 42 37 2
72 66 37 2
72 94 39 2
72 95 44 2
72 51 45 2
72 93 45 2
72 68 46 2
72 101 47 2
72 70 48 2
72 53 49 2
72 67 49 2
72 92 53 2
124 143 4 3
124 105 5 3
124 137 5 3
124 132 6 3
124 125 7 3
124 122 8 3
124 130 8 3
124 123 9 3
124 128 11 3
124 125 13 3
124 108 15 3
124 121 16 3
124 95 18 3
124 124 19 3
124 124 21 3
124 142 21 3
124 135 22 3
124 124 32 3
124 134 33 3
124 136 35 3
124 127 36 3
124 94 38 3
124 141 38 3
124 136 39 3
124 152 41 3
124 95 43 3
124 101 46 3
124 150 49 3
124 124 53 3
22 41 4 4
22 1 5 4
22 23 5 4
22 6 8 4
22 7 8 4
22 20 8 4
22 0 10 4
22 9 10 4
22 23 10 4
22 35 10 4
22 30 11 4
22 12 12 4
22 21 12 4
22 51 12 4
22 23 13 4
22 0 15 4
22 1 15 4
22 3 15 4
22 8 15 4
22 1 17 4
22 13 18 4
22 16 18 4
22 50 18 4
22 50 20 4
22 35 21 4
22 1 22 4
22 8 22 4
22 30 22 4
22 23 25 4
22 11 27 4
22 29 27 4
22 12 28 4
22 23 29 4
22 40 30 4
22 33 32 4
22 42 35 4
22 35 37 4
22 22 38 4
22 36 38 4
22 3 41 4
22 1 43 4
22 13 43 4
22 51 43 4
22 30 44 4
22 33 44 4
22 28 46 4
22 11 49 4
22 27 51 4
22 10 52 4
22 15 52 4
22 31 52 4
72 73 10 4
72 52 11 4
72 51 12 4
72 68 16 4
72 95 17 4
72 50 18 4
72 50 20 4
72 80 22 4
72 77 23 4
72 52 27 4
72 89 27 4
72 84 30 4
72 85 32 4
72 87 34 4
72 42 35 4
72 66 35 4
72 94 37 4
72 95 42 4
72 51 43 4
72 93 43 4
72 68 44 4
72 101 45 4
72 70 46 4
72 53 47 4
72 67 47 4
72 92 51 4
150 137 4 4
150 132 5 4
150 125 6 4
150 122 7 4
150 130 7 4
150 123 8 4
150 128 10 4
150 125 12 4
150 170 12 4
150 155 14 4
150 121 15 4
150 163 17 4
150 124 18 4
150 165 19 4
150 124 20 4
150 142 20 4
150 135 21 4
150 160 27 4
150 124 31 4
150 134 32 4
150 136 34 4
150 127 35 4
150 141 37 4
150 136 38 4
150 152 40 4
150 157 43 4
150 179 44 4
150 175 45 4
150 158 47 4
150 150 48 4
150 178 50 4
150 124 52 4
18 1 4 5
18 23 4 5
18 6 7 5
18 7 7 5
18 20 7 5
18 0 9 5
18 9 9 5
18 23 9 5
18 35 9 5
18 30 10 5
18 12 11 5
18 21 11 5
18 23 12 5
18 0 14 5
18 1 14 5
18 3 14 5
18 8 14 5
18 1 16 5
18 13 17 5
18 16 17 5
18 35 20 5
18 1 21 5
18 8 21 5
18 30 21 5
18 23 24 5
18 11 26 5
18 29 26 5
18 12 27 5
18 23 28 5
18 40 29 5
18 33 31 5
18 42 34 5
18 35 36 5
18 22 37 5
18 36 37 5
18 3 40 5
18 1 42 5
18 13 42 5
18 30 43 5
18 33 43 5
18 28 45 5
18 11 48 5
18 27 50 5
18 10 51 5
18 15 51 5
18 31 51 5
66 73 9 5
66 52 10 5
66 51 11 5
66 68 15 5
66 95 16 5
66 50 17 5
66 50 19 5
66 80 21 5
66 77 22 5
66 52 26 5
66 89 26 5
66 40 29 5
66 84 29 5
66 85 31 5
66 87 33 5
66 42 34 5
66 66 34 5
66 94 36 5
66 36 37 5
66 95 41 5
66 51 42 5
66 93 42 5
66 68 43 5
66 70 45 5
66 53 46 5
66 67 46 5
66 92 50 5
66 55 53 5
66 63 53 5
246 228 5 5
246 255 6 5
246 251 7 5
246 223 15 5
246 245 17 5
246 229 21 5
246 236 29 5
246 231 30 5
246 232 35 5
246 228 38 5
246 223 41 5
246 216 51 5
8 6 6 6
8 7 6 6
8 20 6 6
8 0 8 6
8 9 8 6
8 23 8 6
8 35 8 6
8 30 9 6
8 12 10 6
8 21 10 6
8 23 11 6
8 0 13 6
8 1 13 6
8 3 13 6
8 8 13 6
8 1 15 6
8 13 16 6
8 16 16 6
8 35 19 6
8 1 20 6
8 8 20 6
8 30 20 6
8 23 23 6
8 11 25 6
8 29 25 6
8 12 26 6
8 23 27 6
8 33 30 6
8 35 35 6
8 22 36 6
8 36 36 6
8 3 39 6
8 1 41 6
8 13 41 6
8 30 42 6
8 33 42 6
8 28 44 6
8 11 47 6
8 27 49 6
8 10 50 6
8 15 50 6
8 31 50 6
48 20 6 6
48 23 8 6
48 35 8 6
48 73 8 6
48 30 9 6
48 52 9 6
48 21 10 6
48 51 10 6
48 23 11 6
48 68 14 6
48 50 16 6
48 50 18 6
48 35 19 6
48 30 20 6
48 77 21 6
48 23 23 6
48 29 25 6
48 52 25 6
48 23 27 6
48 40 28 6
48 33 30 6
48 42 33 6
48 66 33 6
48 35 35 6
48 22 36 6
48 36 36 6
48 51 41 6
48 30 42 6
48 33 42 6
48 68 42 6
48 28 44 6
48 70 44 6
48 53 45 6
48 67 45 6
48 27 49 6
48 31 50 6
48 55 52 6
48 63 52 6
204 228 4 6
204 212 9 6
204 202 13 6
204 223 14 6
204 229 20 6
204 180 27 6
204 231 29 6
204 185 31 6
204 232 34 6
204 228 37 6
204 223 40 6
204 179 42 6
204 175 43 6
204 197 44 6
204 178 48 6
204 215 49 6
204 216 50 6
204 207 52 6
143 122 4 7
143 130 4 7
143 123 5 7
143 128 7 7
143 125 9 7
143 170 9 7
143 155 11 7
143 121 12 7
143 163 14 7
143 124 15 7
143 165 16 7
143 124 17 7
143 142 17 7
143 135 18 7
143 160 24 7
143 124 28 7
143 134 29 7
143 136 31 7
143 127 32 7
143 141 34 7
143 136 35 7
143 152 37 7
143 157 40 7
143 158 44 7
143 150 45 7
143 124 49 7
41 20 4 8
41 23 6 8
41 35 6 8
41 30 7 8
41 52 7 8
41 12 8 8
41 21 8 8
41 51 8 8
41 23 9 8
41 68 12 8
41 13 14 8
41 16 14 8
41 50 14 8
41 50 16 8
41 35 17 8
41 30 18 8
41 23 21 8
41 11 23 8
41 29 23 8
41 52 23 8
41 12 24 8
41 23 25 8
41 40 26 8
41 33 28 8
41 42 31 8
41 66 31 8
41 35 33 8
41 22 34 8
41 36 34 8
41 13 39 8
41 51 39 8
41 30 40 8
41 33 40 8
41 68 40 8
41 28 42 8
41 70 42 8
41 53 43 8
41 67 43 8
41 11 45 8
41 27 47 8
41 15 48 8
41 31 48 8
41 55 50 8
41 63 50 8
41 61 53 8
41 66 53 8
105 123 4 8
105 128 6 8
105 125 8 8
105 108 10 8
105 121 11 8
105 95 13 8
105 124 14 8
105 124 16 8
105 80 18 8
105 77 19 8
105 89 23 8
105 84 26 8
105 124 27 8
105 85 28 8
105 134 28 8
105 87 30 8
105 127 31 8
105 94 33 8
105 95 38 8
105 93 39 8
105 101 41 8
105 92 47 8
105 124 48 8
137 123 4 8
137 128 6 8
137 125 8 8
137 108 10 8
137 155 10 8
137 121 11 8
137 163 13 8
137 124 14 8
137 165 15 8
137 124 16 8
137 142 16 8
137 135 17 8
137 160 23 8
137 124 27 8
137 134 28 8
137 136 30 8
137 127 31 8
137 141 33 8
137 136 34 8
137 152 36 8
137 157 39 8
137 158 43 8
137 150 44 8
137 124 48 8
1 0 5 9
1 9 5 9
1 23 5 9
1 30 6 9
1 12 7 9
1 21 7 9
1 23 8 9
1 0 10 9
1 1 10 9
1 3 10 9
1 8 10 9
1 1 12 9
1 13 13 9
1 16 13 9
1 1 17 9
1 8 17 9
1 30 17 9
1 23 20 9
1 11 22 9
1 29 22 9
1 12 23 9
1 23 24 9
1 22 33 9
1 3 36 9
1 1 38 9
1 13 38 9
1 30 39 9
1 28 41 9
1 11 44 9
1 27 46 9
1 10 47 9
1 15 47 9
23 0 5 9
23 9 5 9
23 23 5 9
23 35 5 9
23 30 6 9
23 52 6 9
23 12 7 9
23 21 7 9
23 51 7 9
23 23 8 9
23 0 10 9
23 1 10 9
23 3 10 9
23 8 10 9
23 1 12 9
23 13 13 9
23 16 13 9
23 50 13 9
23 50 15 9
23 35 16 9
23 1 17 9
23 8 17 9
23 30 17 9
23 23 20 9
23 11 22 9
23 29 22 9
23 52 22 9
23 12 23 9
23 23 24 9
23 40 25 9
23 33 27 9
23 42 30 9
23 35 32 9
23 22 33 9
23 36 33 9
23 3 36 9
23 1 38 9
23 13 38 9
23 51 38 9
23 30 39 9
23 33 39 9
23 28 41 9
23 11 44 9
23 27 46 9
23 10 47 9
23 15 47 9
23 31 47 9
132 128 5 9
132 125 7 9
132 108 9 9
132 155 9 9
132 121 10 9
132 124 13 9
132 124 15 9
132 142 15 9
132 135 16 9
132 160 22 9
132 124 26 9
132 134 27 9
132 136 29 9
132 127 30 9
132 141 32 9
132 136 33 9
132 152 35 9
132 157 38 9
132 158 42 9
132 150 43 9
132 124 47 9
132 119 53 9
125 128 4 10
125 125 6 10
125 108 8 10
125 121 9 10
125 95 11 10
125 124 12 10
125 124 14 10
125 142 14 10
125 135 15 10
125 124 25 10
125 134 26 10
125 136 28 10
125 127 29 10
125 141 31 10
125 136 32 10
125 152 34 10
125 95 36 10
125 101 39 10
125 150 42 10
125 124 46 10
125 119 52 10
228 212 5 10
228 202 9 10
228 223 10 10
228 245 12 10
228 229 16 10
228 236 24 10
228 231 25 10
228 232 30 10
228 228 33 10
228 223 36 10
228 215 45 10
228 216 46 10
228 207 48 10
228 250 50 10
228 239 52 10
228 201 53 10
122 125 5 11
122 108 7 11
122 121 8 11
122 95 10 11
122 124 11 11
122 124 13 11
122 142 13 11
122 135 14 11
122 124 24 11
122 134 25 11
122 136 27 11
122 127 28 11
122 94 30 11
122 141 30 11
122 136 31 11
122 95 35 11
122 93 36 11
122 101 38 11
122 150 41 11
122 92 44 11
122 124 45 11
122 119 51 11
130 125 5 11
130 108 7 11
130 155 7 11
130 121 8 11
130 124 11 11
130 124 13 11
130 142 13 11
130 135 14 11
130 124 24 11
130 134 25 11
130 136 27 11
130 127 28 11
130 141 30 11
130 136 31 11
130 152 33 11
130 157 36 11
130 101 38 11
130 158 40 11
130 150 41 11
130 124 45 11
130 119 51 11
255 245 11 11
255 229 15 11
255 236 23 11
255 231 24 11
255 232 29 11
255 228 32 11
255 250 49 11
255 239 51 11
6 12 4 12
6 21 4 12
6 23 5 12
6 0 7 12
6 1 7 12
6 3 7 12
6 8 7 12
6 1 9 12
6 13 10 12
6 16 10 12
6 35 13 12
6 1 14 12
6 8 14 12
6 30 14 12
6 23 17 12
6 11 19 12
6 29 19 12
6 12 20 12
6 23 21 12
6 33 24 12
6 35 29 12
6 22 30 12
6 3 33 12
6 1 35 12
6 13 35 12
6 30 36 12
6 33 36 12
6 28 38 12
6 11 41 12
6 27 43 12
6 10 44 12
6 15 44 12
6 31 44 12
7 12 4 12
7 21 4 12
7 23 5 12
7 0 7 12
7 1 7 12
7 3 7 12
7 8 7 12
7 1 9 12
7 13 10 12
7 16 10 12
7 35 13 12
7 1 14 12
7 8 14 12
7 30 14 12
7 23 17 12
7 11 19 12
7 29 19 12
7 12 20 12
7 23 21 12
7 33 24 12
7 35 29 12
7 22 30 12
7 36 30 12
7 3 33 12
7 1 35 12
7 13 35 12
7 30 36 12
7 33 36 12
7 28 38 12
7 11 41 12
7 27 43 12
7 10 44 12
7 15 44 12
7 31 44 12
20 12 4 12
20 21 4 12
20 23 5 12
20 0 7 12
20 1 7 12
20 3 7 12
20 8 7 12
20 1 9 12
20 13 10 12
20 16 10 12
20 35 13 12
20 1 14 12
20 8 14 12
20 30 14 12
20 23 17 12
20 11 19 12
20 29 19 12
20 12 20 12
20 23 21 12
20 40 22 12
20 33 24 12
20 42 27 12
20 35 29 12
20 22 30 12
20 36 30 12
20 3 33 12
20 1 35 12
20 13 35 12
20 30 36 12
20 33 36 12
20 28 38 12
20 11 41 12
20 27 43 12
20 10 44 12
20 15 44 12
20 31 44 12
123 125 4 12
123 108 6 12
123 121 7 12
123 95 9 12
123 124 10 12
123 124 12 12
123 142 12 12
123 135 13 12
123 124 23 12
123 134 24 12
123 136 26 12
123 127 27 12
123 94 29 12
123 141 29 12
123 136 30 12
123 152 32 12
123 95 34 12
123 93 35 12
123 101 37 12
123 150 40 12
123 124 44 12
123 119 50 12
251 223 8 12
251 245 10 12
251 229 14 12
251 236 22 12
251 231 23 12
251 232 28 12
251 228 31 12
251 223 34 12
251 250 48 12
251 239 50 12
0 0 5 14
0 1 5 14
0 3 5 14
0 8 5 14
0 1 7 14
0 13 8 14
0 16 8 14
0 1 12 14
0 8 12 14
0 23 15 14
0 11 17 14
0 29 17 14
0 12 18 14
0 23 19 14
0 22 28 14
0 3 31 14
0 1 33 14
0 13 33 14
0 28 36 14
0 11 39 14
0 27 41 14
0 10 42 14
0 15 42 14
0 17 52 14
9 0 5 14
9 1 5 14
9 3 5 14
9 8 5 14
9 1 7 14
9 13 8 14
9 16 8 14
9 35 11 14
9 1 12 14
9 8 12 14
9 30 12 14
9 23 15 14
9 11 17 14
9 29 17 14
9 12 18 14
9 23 19 14
9 33 22 14
9 35 27 14
9 22 28 14
9 36 28 14
9 3 31 14
9 1 33 14
9 13 33 14
9 30 34 14
9 33 34 14
9 28 36 14
9 11 39 14
9 27 41 14
9 10 42 14
9 15 42 14
9 31 42 14
9 17 52 14
23 0 5 14
23 1 5 14
23 3 5 14
23 8 5 14
23 1 7 14
23 13 8 14
23 16 8 14
23 50 8 14
23 50 10 14
23 35 11 14
23 1 12 14
23 8 12 14
23 30 12 14
23 23 15 14
23 11 17 14
23 29 17 14
23 52 17 14
23 12 18 14
23 23 19 14
23 40 20 14
23 33 22 14
23 42 25 14
23 35 27 14
23 22 28 14
23 36 28 14
23 3 31 14
23 1 33 14
23 13 33 14
23 51 33 14
23 30 34 14
23 33 34 14
23 28 36 14
23 11 39 14
23 27 41 14
23 10 42 14
23 15 42 14
23 31 42 14
23 17 52 14
35 8 5 14
35 13 8 14
35 16 8 14
35 50 8 14
35 50 10 14
35 35 11 14
35 8 12 14
35 30 12 14
35 23 15 14
35 11 17 14
35 29 17 14
35 52 17 14
35 12 18 14
35 23 19 14
35 40 20 14
35 33 22 14
35 42 25 14
35 35 27 14
35 22 28 14
35 36 28 14
35 13 33 14
35 51 33 14
35 30 34 14
35 33 34 14
35 28 36 14
35 53 37 14
35 11 39 14
35 27 41 14
35 10 42 14
35 15 42 14
35 31 42 14
35 55 44 14
35 63 44 14
35 61 47 14
35 17 52 14
35 56 52 14
35 56 53 14
73 68 6 14
73 95 7 14
73 50 8 14
73 50 10 14
73 80 12 14
73 77 13 14
73 52 17 14
73 89 17 14
73 84 20 14
73 85 22 14
73 87 24 14
73 66 25 14
73 94 27 14
73 95 32 14
73 51 33 14
73 93 33 14
73 68 34 14
73 101 35 14
73 70 36 14
73 53 37 14
73 67 37 14
73 92 41 14
73 55 44 14
73 63 44 14
73 61 47 14
73 66 47 14
73 56 52 14
73 56 53 14
73 96 53 14
128 108 4 14
128 155 4 14
128 121 5 14
128 124 8 14
128 124 10 14
128 142 10 14
128 135 11 14
128 124 21 14
128 134 22 14
128 136 24 14
128 127 25 14
128 141 27 14
128 136 28 14
128 152 30 14
128 157 33 14
128 101 35 14
128 150 38 14
128 124 42 14
128 119 48 14
30 0 4 15
30 1 4 15
30 3 4 15
30 8 4 15
30 1 6 15
30 13 7 15
30 16 7 15
30 50 7 15
30 50 9 15
30 35 10 15
30 1 11 15
30 8 11 15
30 30 11 15
30 23 14 15
30 11 16 15
30 29 16 15
30 52 16 15
30 12 17 15
30 23 18 15
30 40 19 15
30 33 21 15
30 42 24 15
30 35 26 15
30 22 27 15
30 36 27 15
30 3 30 15
30 1 32 15
30 13 32 15
30 51 32 15
30 30 33 15
30 33 33 15
30 28 35 15
30 53 36 15
30 11 38 15
30 27 40 15
30 10 41 15
30 15 41 15
30 31 41 15
30 55 43 15
30 17 51 15
30 56 51 15
30 56 52 15
52 68 5 15
52 50 7 15
52 50 9 15
52 35 10 15
52 30 11 15
52 80 11 15
52 77 12 15
52 23 14 15
52 29 16 15
52 52 16 15
52 23 18 15
52 40 19 15
52 33 21 15
52 42 24 15
52 66 24 15
52 35 26 15
52 22 27 15
52 36 27 15
52 51 32 15
52 30 33 15
52 33 33 15
52 68 33 15
52 28 35 15
52 70 35 15
52 53 36 15
52 67 36 15
52 27 40 15
52 31 41 15
52 55 43 15
52 63 43 15
52 61 46 15
52 66 46 15
52 56 51 15
52 56 52 15
212 202 4 15
212 223 5 15
212 229 11 15
212 236 19 15
212 231 20 15
212 185 22 15
212 232 25 15
212 228 28 15
212 223 31 15
212 197 35 15
212 215 40 15
212 216 41 15
212 207 43 15
212 239 47 15
212 201 48 15
212 200 49 15
212 193 50 15
212 206 51 15
212 211 53 15
12 1 5 16
12 13 6 16
12 16 6 16
12 35 9 16
12 1 10 16
12 8 10 16
12 30 10 16
12 23 13 16
12 11 15 16
12 29 15 16
12 12 16 16
12 23 17 16
12 40 18 16
12 33 20 16
12 35 25 16
12 22 26 16
12 36 26 16
12 3 29 16
12 1 31 16
12 13 31 16
12 30 32 16
12 33 32 16
12 28 34 16
12 11 37 16
12 27 39 16
12 10 40 16
12 15 40 16
12 31 40 16
12 17 50 16
12 11 53 16
21 1 5 16
21 13 6 16
21 16 6 16
21 50 6 16
21 50 8 16
21 35 9 16
21 1 10 16
21 8 10 16
21 30 10 16
21 23 13 16
21 11 15 16
21 29 15 16
21 12 16 16
21 23 17 16
21 40 18 16
21 33 20 16
21 42 23 16
21 35 25 16
21 22 26 16
21 36 26 16
21 3 29 16
21 1 31 16
21 13 31 16
21 30 32 16
21 33 32 16
21 28 34 16
21 11 37 16
21 27 39 16
21 10 40 16
21 15 40 16
21 31 40 16
21 17 50 16
21 11 53 16
51 68 4 16
51 50 6 16
51 50 8 16
51 35 9 16
51 30 10 16
51 80 10 16
51 77 11 16
51 23 13 16
51 29 15 16
51 52 15 16
51 23 17 16
51 40 18 16
51 33 20 16
51 42 23 16
51 66 23 16
51 35 25 16
51 22 26 16
51 36 26 16
51 51 31 16
51 30 32 16
51 33 32 16
51 68 32 16
51 28 34 16
51 70 34 16
51 53 35 16
51 67 35 16
51 27 39 16
51 31 40 16
51 55 42 16
51 63 42 16
51 61 45 16
51 66 45 16
51 56 50 16
51 56 51 16
51 53 53 16
125 95 5 16
125 124 6 16
125 124 8 16
125 142 8 16
125 135 9 16
125 124 19 16
125 134 20 16
125 136 22 16
125 127 23 16
125 141 25 16
125 136 26 16
125 152 28 16
125 95 30 16
125 101 33 16
125 150 36 16
125 124 40 16
125 119 46 16
125 96 51 16
170 163 5 16
170 165 7 16
170 142 8 16
170 160 15 16
170 180 17 16
170 185 21 16
170 141 25 16
170 152 28 16
170 157 31 16
170 179 32 16
170 175 33 16
170 197 34 16
170 158 35 16
170 150 36 16
170 178 38 16
170 171 45 16
170 193 49 16
170 172 51 16
170 166 53 16
23 1 4 17
23 13 5 17
23 16 5 17
23 50 5 17
23 50 7 17
23 35 8 17
23 1 9 17
23 8 9 17
23 30 9 17
23 23 12 17
23 11 14 17
23 29 14 17
23 52 14 17
23 12 15 17
23 23 16 17
23 40 17 17
23 33 19 17
23 42 22 17
23 35 24 17
23 22 25 17
23 36 25 17
23 3 28 17
23 1 30 17
23 13 30 17
23 51 30 17
23 30 31 17
23 33 31 17
23 28 33 17
23 11 36 17
23 27 38 17
23 10 39 17
23 15 39 17
23 31 39 17
23 17 49 17
23 11 52 17
23 24 53 17
108 124 4 18
108 124 6 18
108 135 7 18
108 80 8 18
108 89 13 18
108 84 16 18
108 124 17 18
108 85 18 18
108 134 18 18
108 87 20 18
108 136 20 18
108 127 21 18
108 94 23 18
108 136 24 18
108 95 28 18
108 93 29 18
108 101 31 18
108 92 37 18
108 124 38 18
108 119 44 18
108 96 49 18
108 105 53 18
155 165 5 18
155 142 6 18
155 135 7 18
155 160 13 18
155 180 15 18
155 134 18 18
155 136 20 18
155 127 21 18
155 141 23 18
155 136 24 18
155 152 26 18
155 157 29 18
155 179 30 18
155 175 31 18
155 158 33 18
155 150 34 18
155 178 36 18
155 171 43 18
155 172 49 18
155 166 51 18
0 1 7 19
0 8 7 19
0 23 10 19
0 11 12 19
0 29 12 19
0 12 13 19
0 23 14 19
0 22 23 19
0 3 26 19
0 1 28 19
0 13 28 19
0 28 31 19
0 11 34 19
0 27 36 19
0 10 37 19
0 15 37 19
0 17 47 19
0 11 50 19
0 24 51 19
0 27 52 19
1 1 7 19
1 8 7 19
1 30 7 19
1 23 10 19
1 11 12 19
1 29 12 19
1 12 13 19
1 23 14 19
1 22 23 19
1 3 26 19
1 1 28 19
1 13 28 19
1 30 29 19
1 28 31 19
1 11 34 19
1 27 36 19
1 10 37 19
1 15 37 19
1 17 47 19
1 11 50 19
1 24 51 19
1 27 52 19
3 1 7 19
3 8 7 19
3 30 7 19
3 23 10 19
3 11 12 19
3 29 12 19
3 12 13 19
3 23 14 19
3 22 23 19
3 3 26 19
3 1 28 19
3 13 28 19
3 30 29 19
3 28 31 19
3 11 34 19
3 27 36 19
3 10 37 19
3 15 37 19
3 31 37 19
3 17 47 19
3 11 50 19
3 24 51 19
3 27 52 19
8 35 6 19
8 1 7 19
8 8 7 19
8 30 7 19
8 23 10 19
8 11 12 19
8 29 12 19
8 12 13 19
8 23 14 19
8 33 17 19
8 35 22 19
8 22 23 19
8 36 23 19
8 3 26 19
8 1 28 19
8 13 28 19
8 30 29 19
8 33 29 19
8 28 31 19
8 11 34 19
8 27 36 19
8 10 37 19
8 15 37 19
8 31 37 19
8 17 47 19
8 11 50 19
8 24 51 19
8 27 52 19
121 124 5 19
121 142 5 19
121 135 6 19
121 124 16 19
121 134 17 19
121 136 19 19
121 127 20 19
121 94 22 19
121 141 22 19
121 136 23 19
121 95 27 19
121 93 28 19
121 101 30 19
121 150 33 19
121 92 36 19
121 124 37 19
121 119 43 19
121 96 48 19
121 105 52 19
202 229 7 19
202 180 14 19
202 231 16 19
202 185 18 19
202 228 24 19
202 223 27 19
202 179 29 19
202 175 30 19
202 197 31 19
202 178 35 19
202 215 36 19
202 216 37 19
202 207 39 19
202 201 44 19
202 200 45 19
202 193 46 19
202 206 47 19
202 172 48 19
202 211 49 19
202 205 52 19
202 203 53 19
68 50 4 20
68 80 6 20
68 77 7 20
68 52 11 20
68 89 11 20
68 40 14 20
68 84 14 20
68 85 16 20
68 87 18 20
68 42 19 20
68 66 19 20
68 94 21 20
68 95 26 20
68 51 27 20
68 93 27 20
68 68 28 20
68 70 30 20
68 53 31 20
68 67 31 20
68 92 35 20
68 55 38 20
68 63 38 20
68 61 41 20
68 66 41 20
68 56 46 20
68 56 47 20
68 96 47 20
68 53 49 20
223 229 6 20
223 236 14 20
223 231 15 20
223 232 20 20
223 228 23 20
223 223 26 20
223 197 30 20
223 215 35 20
223 216 36 20
223 207 38 20
223 250 40 20
223 239 42 20
223 201 43 20
223 200 44 20
223 193 45 20
223 206 46 20
223 211 48 20
223 247 50 20
223 205 51 20
223 203 52 20
223 195 53 20
1 1 5 21
1 8 5 21
1 30 5 21
1 23 8 21
1 11 10 21
1 29 10 21
1 12 11 21
1 23 12 21
1 22 21 21
1 3 24 21
1 1 26 21
1 13 26 21
1 30 27 21
1 28 29 21
1 11 32 21
1 27 34 21
1 10 35 21
1 15 35 21
1 17 45 21
1 11 48 21
1 24 49 21
1 27 50 21
95 80 5 21
95 77 6 21
95 89 10 21
95 84 13 21
95 124 14 21
95 85 15 21
95 87 17 21
95 66 18 21
95 94 20 21
95 95 25 21
95 93 26 21
95 68 27 21
95 101 28 21
95 70 29 21
95 67 30 21
95 92 34 21
95 124 35 21
95 66 40 21
95 119 41 21
95 96 46 21
95 105 50 21
163 135 4 21
163 160 10 21
163 180 12 21
163 134 15 21
163 185 16 21
163 136 17 21
163 141 20 21
163 136 21 21
163 152 23 21
163 157 26 21
163 179 27 21
163 175 28 21
163 158 30 21
163 150 31 21
163 178 33 21
163 171 40 21
163 172 46 21
163 166 48 21
13 1 4 22
13 8 4 22
13 30 4 22
13 23 7 22
13 11 9 22
13 29 9 22
13 12 10 22
13 23 11 22
13 40 12 22
13 33 14 22
13 42 17 22
13 35 19 22
13 22 20 22
13 36 20 22
13 3 23 22
13 1 25 22
13 13 25 22
13 30 26 22
13 33 26 22
13 28 28 22
13 11 31 22
13 27 33 22
13 10 34 22
13 15 34 22
13 31 34 22
13 17 44 22
13 11 47 22
13 24 48 22
13 27 49 22
13 39 53 22
16 1 4 22
16 8 4 22
16 30 4 22
16 23 7 22
16 11 9 22
16 29 9 22
16 12 10 22
16 23 11 22
16 40 12 22
16 33 14 22
16 42 17 22
16 35 19 22
16 22 20 22
16 36 20 22
16 3 23 22
16 1 25 22
16 13 25 22
16 30 26 22
16 33 26 22
16 28 28 22
16 11 31 22
16 27 33 22
16 10 34 22
16 15 34 22
16 31 34 22
16 17 44 22
16 11 47 22
16 24 48 22
16 27 49 22
16 39 53 22
50 30 4 22
50 77 5 22
50 23 7 22
50 29 9 22
50 52 9 22
50 23 11 22
50 40 12 22
50 33 14 22
50 42 17 22
50 66 17 22
50 35 19 22
50 22 20 22
50 36 20 22
50 51 25 22
50 30 26 22
50 33 26 22
50 68 26 22
50 28 28 22
50 70 28 22
50 53 29 22
50 67 29 22
50 27 33 22
50 31 34 22
50 55 36 22
50 63 36 22
50 61 39 22
50 66 39 22
50 56 44 22
50 56 45 22
50 53 47 22
50 24 48 22
50 27 49 22
50 39 53 22
124 124 13 22
124 134 14 22
124 136 16 22
124 127 17 22
124 94 19 22
124 141 19 22
124 136 20 22
124 152 22 22
124 95 24 22
124 101 27 22
124 150 30 22
124 124 34 22
124 119 40 22
124 96 45 22
124 105 49 22
245 229 4 22
245 236 12 22
245 231 13 22
245 232 18 22
245 228 21 22
245 223 24 22
245 215 33 22
245 216 34 22
245 250 38 22
245 239 40 22
245 247 48 22
245 250 52 22
165 160 8 23
165 180 10 23
165 185 14 23
165 136 15 23
165 141 18 23
165 136 19 23
165 152 21 23
165 157 24 23
165 179 25 23
165 175 26 23
165 158 28 23
165 150 29 23
165 178 31 23
165 171 38 23
165 193 42 23
165 172 44 23
165 166 46 23
165 186 52 23
50 23 5 24
50 29 7 24
50 52 7 24
50 23 9 24
50 40 10 24
50 33 12 24
50 42 15 24
50 66 15 24
50 35 17 24
50 22 18 24
50 36 18 24
50 51 23 24
50 30 24 24
50 33 24 24
50 68 24 24
50 28 26 24
50 70 26 24
50 53 27 24
50 67 27 24
50 27 31 24
50 31 32 24
50 55 34 24
50 63 34 24
50 61 37 24
50 66 37 24
50 56 42 24
50 56 43 24
50 53 45 24
50 24 46 24
50 27 47 24
50 39 51 24
50 30 52 24
124 124 11 24
124 134 12 24
124 136 14 24
124 127 15 24
124 94 17 24
124 141 17 24
124 136 18 24
124 152 20 24
124 95 22 24
124 101 25 24
124 150 28 24
124 124 32 24
124 119 38 24
124 96 43 24
124 105 47 24
142 160 7 24
142 124 11 24
142 134 12 24
142 136 14 24
142 127 15 24
142 141 17 24
142 136 18 24
142 152 20 24
142 157 23 24
142 158 27 24
142 150 28 24
142 124 32 24
142 171 37 24
142 119 38 24
142 166 45 24
35 23 4 25
35 11 6 25
35 29 6 25
35 52 6 25
35 12 7 25
35 23 8 25
35 40 9 25
35 33 11 25
35 42 14 25
35 35 16 25
35 22 17 25
35 36 17 25
35 13 22 25
35 51 22 25
35 30 23 25
35 33 23 25
35 28 25 25
35 53 26 25
35 11 28 25
35 27 30 25
35 10 31 25
35 15 31 25
35 31 31 25
35 55 33 25
35 63 33 25
35 61 36 25
35 17 41 25
35 56 41 25
35 56 42 25
35 11 44 25
35 53 44 25
35 24 45 25
35 27 46 25
35 39 50 25
35 30 51 25
35 10 52 25
35 32 53 25
135 160 6 25
135 124 10 25
135 134 11 25
135 136 13 25
135 127 14 25
135 141 16 25
135 136 17 25
135 152 19 25
135 157 22 25
135 158 26 25
135 150 27 25
135 124 31 25
135 119 37 25
135 105 46 25
1 11 5 26
1 29 5 26
1 12 6 26
1 23 7 26
1 22 16 26
1 3 19 26
1 1 21 26
1 13 21 26
1 30 22 26
1 28 24 26
1 11 27 26
1 27 29 26
1 10 30 26
1 15 30 26
1 17 40 26
1 11 43 26
1 24 44 26
1 27 45 26
1 30 50 26
1 10 51 26
8 11 5 26
8 29 5 26
8 12 6 26
8 23 7 26
8 33 10 26
8 35 15 26
8 22 16 26
8 36 16 26
8 3 19 26
8 1 21 26
8 13 21 26
8 30 22 26
8 33 22 26
8 28 24 26
8 11 27 26
8 27 29 26
8 10 30 26
8 15 30 26
8 31 30 26
8 17 40 26
8 11 43 26
8 24 44 26
8 27 45 26
8 30 50 26
8 10 51 26
8 32 52 26
8 33 53 26
30 11 5 26
30 29 5 26
30 52 5 26
30 12 6 26
30 23 7 26
30 40 8 26
30 33 10 26
30 42 13 26
30 35 15 26
30 22 16 26
30 36 16 26
30 3 19 26
30 1 21 26
30 13 21 26
30 51 21 26
30 30 22 26
30 33 22 26
30 28 24 26
30 53 25 26
30 11 27 26
30 27 29 26
30 10 30 26
30 15 30 26
30 31 30 26
30 55 32 26
30 17 40 26
30 56 40 26
30 56 41 26
30 11 43 26
30 53 43 26
30 24 44 26
30 27 45 26
30 39 49 26
30 30 50 26
30 10 51 26
30 32 52 26
30 33 53 26
80 52 5 26
80 89 5 26
80 84 8 26
80 85 10 26
80 87 12 26
80 66 13 26
80 94 15 26
80 95 20 26
80 51 21 26
80 93 21 26
80 68 22 26
80 101 23 26
80 70 24 26
80 53 25 26
80 67 25 26
80 92 29 26
80 55 32 26
80 63 32 26
80 61 35 26
80 66 35 26
80 56 40 26
80 56 41 26
80 96 41 26
80 53 43 26
80 105 45 26
80 90 49 26
80 89 52 26
80 82 53 26
229 236 8 26
229 231 9 26
229 232 14 26
229 228 17 26
229 223 20 26
229 215 29 26
229 216 30 26
229 207 32 26
229 250 34 26
229 239 36 26
229 201 37 26
229 200 38 26
229 206 40 26
229 211 42 26
229 247 44 26
229 205 45 26
229 203 46 26
229 250 48 26
229 231 50 26
229 229 51 26
77 52 4 27
77 89 4 27
77 84 7 27
77 85 9 27
77 87 11 27
77 66 12 27
77 94 14 27
77 95 19 27
77 51 20 27
77 93 20 27
77 68 21 27
77 101 22 27
77 70 23 27
77 53 24 27
77 67 24 27
77 92 28 27
77 55 31 27
77 63 31 27
77 61 34 27
77 66 34 27
77 56 39 27
77 56 40 27
77 96 40 27
77 53 42 27
77 105 44 27
77 90 48 27
77 89 51 27
77 82 52 27
77 81 53 27
23 23 4 29
23 40 5 29
23 33 7 29
23 42 10 29
23 35 12 29
23 22 13 29
23 36 13 29
23 3 16 29
23 1 18 29
23 13 18 29
23 51 18 29
23 30 19 29
23 33 19 29
23 28 21 29
23 11 24 29
23 27 26 29
23 10 27 29
23 15 27 29
23 31 27 29
23 17 37 29
23 11 40 29
23 24 41 29
23 27 42 29
23 39 46 29
23 30 47 29
23 10 48 29
23 32 49 29
23 33 50 29
23 33 51 29
11 33 5 31
11 35 10 31
11 22 11 31
11 36 11 31
11 3 14 31
11 1 16 31
11 13 16 31
11 30 17 31
11 33 17 31
11 28 19 31
11 11 22 31
11 27 24 31
11 10 25 31
11 15 25 31
11 31 25 31
11 17 35 31
11 11 38 31
11 24 39 31
11 27 40 31
11 39 44 31
11 30 45 31
11 10 46 31
11 32 47 31
11 33 48 31
11 33 49 31
29 33 5 31
29 42 8 31
29 35 10 31
29 22 11 31
29 36 11 31
29 3 14 31
29 1 16 31
29 13 16 31
29 51 16 31
29 30 17 31
29 33 17 31
29 28 19 31
29 53 20 31
29 11 22 31
29 27 24 31
29 10 25 31
29 15 25 31
29 31 25 31
29 55 27 31
29 17 35 31
29 56 35 31
29 56 36 31
29 11 38 31
29 53 38 31
29 24 39 31
29 27 40 31
29 39 44 31
29 30 45 31
29 10 46 31
29 32 47 31
29 33 48 31
29 33 49 31
52 33 5 31
52 42 8 31
52 66 8 31
52 35 10 31
52 22 11 31
52 36 11 31
52 51 16 31
52 30 17 31
52 33 17 31
52 68 17 31
52 28 19 31
52 70 19 31
52 53 20 31
52 67 20 31
52 27 24 31
52 31 25 31
52 55 27 31
52 63 27 31
52 61 30 31
52 66 30 31
52 56 35 31
52 56 36 31
52 53 38 31
52 24 39 31
52 27 40 31
52 39 44 31
52 30 45 31
52 32 47 31
52 33 48 31
52 33 49 31
52 81 49 31
89 85 5 31
89 87 7 31
89 66 8 31
89 94 10 31
89 95 15 31
89 93 16 31
89 68 17 31
89 101 18 31
89 70 19 31
89 67 20 31
89 92 24 31
89 63 27 31
89 61 30 31
89 66 30 31
89 96 36 31
89 105 40 31
89 90 44 31
89 89 47 31
89 82 48 31
89 81 49 31
160 134 5 31
160 185 6 31
160 136 7 31
160 141 10 31
160 136 11 31
160 152 13 31
160 157 16 31
160 179 17 31
160 175 18 31
160 158 20 31
160 150 21 31
160 178 23 31
160 171 30 31
160 172 36 31
160 166 38 31
160 186 44 31
160 185 47 31
160 133 48 31
12 33 4 32
12 35 9 32
12 22 10 32
12 36 10 32
12 3 13 32
12 1 15 32
12 13 15 32
12 30 16 32
12 33 16 32
12 28 18 32
12 11 21 32
12 27 23 32
12 10 24 32
12 15 24 32
12 31 24 32
12 17 34 32
12 11 37 32
12 24 38 32
12 27 39 32
12 39 43 32
12 30 44 32
12 10 45 32
12 32 46 32
12 33 47 32
12 33 48 32
23 42 6 33
23 35 8 33
23 22 9 33
23 36 9 33
23 3 12 33
23 1 14 33
23 13 14 33
23 51 14 33
23 30 15 33
23 33 15 33
23 28 17 33
23 11 20 33
23 27 22 33
23 10 23 33
23 15 23 33
23 31 23 33
23 17 33 33
23 11 36 33
23 24 37 33
23 27 38 33
23 39 42 33
23 30 43 33
23 10 44 33
23 32 45 33
23 33 46 33
23 33 47 33
180 185 4 33
180 152 11 33
180 157 14 33
180 179 15 33
180 175 16 33
180 197 17 33
180 158 18 33
180 150 19 33
180 178 21 33
180 207 25 33
180 171 28 33
180 201 30 33
180 200 31 33
180 193 32 33
180 206 33 33
180 172 34 33
180 166 36 33
180 205 38 33
180 203 39 33
180 195 40 33
180 186 42 33
180 185 45 33
40 42 5 34
40 66 5 34
40 35 7 34
40 22 8 34
40 36 8 34
40 13 13 34
40 51 13 34
40 30 14 34
40 33 14 34
40 68 14 34
40 28 16 34
40 53 17 34
40 67 17 34
40 11 19 34
40 27 21 34
40 10 22 34
40 15 22 34
40 31 22 34
40 55 24 34
40 63 24 34
40 61 27 34
40 66 27 34
40 17 32 34
40 56 32 34
40 56 33 34
40 11 35 34
40 53 35 34
40 24 36 34
40 27 37 34
40 39 41 34
40 30 42 34
40 10 43 34
40 32 44 34
40 33 45 34
40 33 46 34
84 87 4 34
84 66 5 34
84 94 7 34
84 95 12 34
84 93 13 34
84 68 14 34
84 101 15 34
84 70 16 34
84 67 17 34
84 92 21 34
84 55 24 34
84 63 24 34
84 61 27 34
84 66 27 34
84 56 32 34
84 56 33 34
84 96 33 34
84 105 37 34
84 90 41 34
84 89 44 34
84 82 45 34
84 81 46 34
236 232 6 34
236 228 9 34
236 223 12 34
236 215 21 34
236 216 22 34
236 207 24 34
236 250 26 34
236 239 28 34
236 206 32 34
236 211 34 34
236 247 36 34
236 250 40 34
236 231 42 34
236 229 43 34
236 234 46 34
124 127 4 35
124 94 6 35
124 141 6 35
124 136 7 35
124 152 9 35
124 95 11 35
124 101 14 35
124 150 17 35
124 124 21 35
124 119 27 35
124 96 32 35
124 105 36 35
124 133 44 35
231 232 5 35
231 228 8 35
231 223 11 35
231 215 20 35
231 216 21 35
231 207 23 35
231 250 25 35
231 239 27 35
231 201 28 35
231 206 31 35
231 211 33 35
231 247 35 35
231 205 36 35
231 203 37 35
231 250 39 35
231 231 41 35
231 229 42 35
231 234 45 35
33 35 5 36
33 22 6 36
33 36 6 36
33 3 9 36
33 13 11 36
33 51 11 36
33 30 12 36
33 33 12 36
33 28 14 36
33 53 15 36
33 11 17 36
33 27 19 36
33 10 20 36
33 15 20 36
33 31 20 36
33 55 22 36
33 61 25 36
33 17 30 36
33 56 30 36
33 56 31 36
33 11 33 36
33 53 33 36
33 24 34 36
33 27 35 36
33 39 39 36
33 30 40 36
33 10 41 36
33 32 42 36
33 33 43 36
33 33 44 36
85 94 5 36
85 95 10 36
85 93 11 36
85 68 12 36
85 101 13 36
85 70 14 36
85 67 15 36
85 92 19 36
85 55 22 36
85 63 22 36
85 61 25 36
85 66 25 36
85 56 30 36
85 56 31 36
85 96 31 36
85 105 35 36
85 90 39 36
85 89 42 36
85 82 43 36
85 81 44 36
134 141 5 36
134 136 6 36
134 152 8 36
134 157 11 36
134 158 15 36
134 150 16 36
134 124 20 36
134 119 26 36
134 105 35 36
134 133 43 36
185 157 10 37
185 179 11 37
185 175 12 37
185 197 13 37
185 158 14 37
185 178 17 37
185 207 21 37
185 171 24 37
185 201 26 37
185 200 27 37
185 193 28 37
185 206 29 37
185 172 30 37
185 211 31 37
185 166 32 37
185 205 34 37
185 203 35 37
185 195 36 37
185 186 38 37
185 185 41 37
87 95 8 38
87 93 9 38
87 68 10 38
87 101 11 38
87 70 12 38
87 67 13 38
87 92 17 38
87 63 20 38
87 61 23 38
87 66 23 38
87 96 29 38
87 105 33 38
87 90 37 38
87 89 40 38
87 82 41 38
87 81 42 38
136 136 4 38
136 152 6 38
136 157 9 38
136 158 13 38
136 150 14 38
136 124 18 38
136 119 24 38
136 133 41 38
42 13 8 39
42 51 8 39
42 30 9 39
42 33 9 39
42 68 9 39
42 28 11 39
42 70 11 39
42 53 12 39
42 67 12 39
42 27 16 39
42 15 17 39
42 31 17 39
42 55 19 39
42 63 19 39
42 61 22 39
42 66 22 39
42 17 27 39
42 56 27 39
42 56 28 39
42 53 30 39
42 24 31 39
42 27 32 39
42 39 36 39
42 30 37 39
42 32 39 39
42 33 40 39
42 33 41 39
66 95 7 39
66 51 8 39
66 93 8 39
66 68 9 39
66 70 11 39
66 53 12 39
66 67 12 39
66 92 16 39
66 55 19 39
66 63 19 39
66 61 22 39
66 66 22 39
66 56 27 39
66 56 28 39
66 53 30 39
66 39 36 39
66 90 36 39
66 89 39 39
66 82 40 39
66 81 41 39
127 152 5 39
127 101 10 39
127 150 13 39
127 124 17 39
127 119 23 39
127 105 32 39
127 133 40 39
232 223 6 40
232 215 15 40
232 216 16 40
232 207 18 40
232 250 20 40
232 239 22 40
232 206 26 40
232 211 28 40
232 247 30 40
232 205 31 40
232 203 32 40
232 250 34 40
232 231 36 40
232 229 37 40
232 234 40 40
35 13 6 41
35 51 6 41
35 30 7 41
35 33 7 41
35 28 9 41
35 53 10 41
35 11 12 41
35 27 14 41
35 10 15 41
35 15 15 41
35 31 15 41
35 55 17 41
35 63 17 41
35 61 20 41
35 17 25 41
35 56 25 41
35 56 26 41
35 11 28 41
35 53 28 41
35 24 29 41
35 27 30 41
35 39 34 41
35 30 35 41
35 10 36 41
35 32 37 41
35 33 38 41
35 33 39 41
94 95 5 41
94 93 6 41
94 68 7 41
94 101 8 41
94 70 9 41
94 67 10 41
94 92 14 41
94 66 20 41
94 119 21 41
94 96 26 41
94 105 30 41
94 90 34 41
94 89 37 41
94 82 38 41
94 81 39 41
141 157 6 41
141 158 10 41
141 150 11 41
141 124 15 41
141 119 21 41
141 166 28 41
141 133 38 41
22 1 5 42
22 13 5 42
22 51 5 42
22 30 6 42
22 33 6 42
22 28 8 42
22 11 11 42
22 27 13 42
22 10 14 42
22 15 14 42
22 31 14 42
22 17 24 42
22 11 27 42
22 24 28 42
22 27 29 42
22 39 33 42
22 30 34 42
22 10 35 42
22 32 36 42
22 33 37 42
22 33 38 42
36 13 5 42
36 51 5 42
36 30 6 42
36 33 6 42
36 28 8 42
36 53 9 42
36 11 11 42
36 27 13 42
36 10 14 42
36 15 14 42
36 31 14 42
36 55 16 42
36 63 16 42
36 61 19 42
36 17 24 42
36 56 24 42
36 56 25 42
36 11 27 42
36 53 27 42
36 24 28 42
36 27 29 42
36 39 33 42
36 30 34 42
36 10 35 42
36 32 36 42
36 33 37 42
36 33 38 42
136 157 5 42
136 158 9 42
136 150 10 42
136 124 14 42
136 119 20 42
136 133 37 42
228 215 12 43
228 216 13 43
228 207 15 43
228 250 17 43
228 239 19 43
228 201 20 43
228 200 21 43
228 206 23 43
228 211 25 43
228 247 27 43
228 205 28 43
228 203 29 43
228 250 31 43
228 231 33 43
228 229 34 43
228 234 37 43
152 179 4 44
152 175 5 44
152 158 7 44
152 150 8 44
152 178 10 44
152 124 12 44
152 171 17 44
152 172 23 44
152 166 25 44
152 133 35 44
3 28 5 45
3 11 8 45
3 27 10 45
3 10 11 45
3 15 11 45
3 31 11 45
3 17 21 45
3 11 24 45
3 24 25 45
3 27 26 45
3 30 31 45
3 10 32 45
3 32 33 45
95 70 4 46
95 67 5 46
95 92 9 46
95 124 10 46
95 66 15 46
95 119 16 46
95 96 21 46
95 105 25 46
95 90 29 46
95 89 32 46
95 82 33 46
95 81 34 46
223 197 4 46
223 215 9 46
223 216 10 46
223 207 12 46
223 250 14 46
223 239 16 46
223 201 17 46
223 200 18 46
223 193 19 46
223 206 20 46
223 211 22 46
223 247 24 46
223 205 25 46
223 203 26 46
223 195 27 46
223 250 28 46
223 231 30 46
223 229 31 46
223 234 34 46
1 11 6 47
1 27 8 47
1 10 9 47
1 15 9 47
1 17 19 47
1 11 22 47
1 24 23 47
1 27 24 47
1 30 29 47
1 10 30 47
13 11 6 47
13 27 8 47
13 10 9 47
13 15 9 47
13 31 9 47
13 17 19 47
13 11 22 47
13 24 23 47
13 27 24 47
13 39 28 47
13 30 29 47
13 10 30 47
13 32 31 47
13 33 32 47
13 33 33 47
51 53 4 47
51 67 4 47
51 27 8 47
51 31 9 47
51 55 11 47
51 63 11 47
51 61 14 47
51 66 14 47
51 56 19 47
51 56 20 47
51 53 22 47
51 24 23 47
51 27 24 47
51 39 28 47
51 30 29 47
51 32 31 47
51 33 32 47
51 33 33 47
93 67 4 47
93 92 8 47
93 63 11 47
93 66 14 47
93 119 15 47
93 96 20 47
93 105 24 47
93 90 28 47
93 89 31 47
93 82 32 47
93 81 33 47
157 158 4 47
157 150 5 47
157 178 7 47
157 171 14 47
157 172 20 47
157 166 22 47
157 186 28 47
157 185 31 47
157 133 32 47
30 11 5 48
30 27 7 48
30 10 8 48
30 15 8 48
30 31 8 48
30 55 10 48
30 17 18 48
30 56 18 48
30 56 19 48
30 11 21 48
30 53 21 48
30 24 22 48
30 27 23 48
30 39 27 48
30 30 28 48
30 10 29 48
30 32 30 48
30 33 31 48
30 33 32 48
33 11 5 48
33 27 7 48
33 10 8 48
33 15 8 48
33 31 8 48
33 55 10 48
33 61 13 48
33 17 18 48
33 56 18 48
33 56 19 48
33 11 21 48
33 53 21 48
33 24 22 48
33 27 23 48
33 39 27 48
33 30 28 48
33 10 29 48
33 32 30 48
33 33 31 48
33 33 32 48
68 92 7 48
68 55 10 48
68 63 10 48
68 61 13 48
68 66 13 48
68 56 18 48
68 56 19 48
68 96 19 48
68 53 21 48
68 39 27 48
68 90 27 48
68 89 30 48
68 82 31 48
68 81 32 48
179 150 4 48
179 178 6 48
179 207 10 48
179 171 13 48
179 201 15 48
179 200 16 48
179 193 17 48
179 206 18 48
179 172 19 48
179 166 21 48
179 205 23 48
179 203 24 48
179 195 25 48
179 186 27 48
179 185 30 48
101 92 6 49
101 124 7 49
101 119 13 49
101 96 18 49
101 105 22 49
101 90 26 49
101 89 29 49
101 82 30 49
101 81 31 49
175 178 5 49
175 171 12 49
175 201 14 49
175 200 15 49
175 193 16 49
175 172 18 49
175 166 20 49
175 203 23 49
175 195 24 49
175 186 26 49
175 185 29 49
28 27 5 50
28 10 6 50
28 15 6 50
28 31 6 50
28 55 8 50
28 17 16 50
28 56 16 50
28 56 17 50
28 11 19 50
28 53 19 50
28 24 20 50
28 27 21 50
28 39 25 50
28 30 26 50
28 10 27 50
28 32 28 50
28 33 29 50
28 33 30 50
70 92 5 50
70 55 8 50
70 63 8 50
70 61 11 50
70 66 11 50
70 56 16 50
70 56 17 50
70 96 17 50
70 53 19 50
70 90 25 50
70 89 28 50
70 82 29 50
70 81 30 50
197 178 4 50
197 215 5 50
197 216 6 50
197 207 8 50
197 171 11 50
197 201 13 50
197 200 14 50
197 193 15 50
197 206 16 50
197 172 17 50
197 211 18 50
197 205 21 50
197 203 22 50
197 195 23 50
197 186 25 50
197 185 28 50
53 27 4 51
53 31 5 51
53 55 7 51
53 63 7 51
53 61 10 51
53 66 10 51
53 56 15 51
53 56 16 51
53 53 18 51
53 24 19 51
53 27 20 51
53 39 24 51
53 30 25 51
53 32 27 51
53 33 28 51
53 82 28 51
53 33 29 51
53 81 29 51
67 92 4 51
67 55 7 51
67 63 7 51
67 61 10 51
67 66 10 51
67 56 15 51
67 56 16 51
67 96 16 51
67 53 18 51
67 39 24 51
67 90 24 51
67 89 27 51
67 82 28 51
67 81 29 51
158 171 10 51
158 172 16 51
158 166 18 51
158 186 24 51
158 185 27 51
158 133 28 51
150 124 4 52
150 171 9 52
150 172 15 52
150 166 17 52
150 133 27 52
11 17 13 53
11 11 16 53
11 24 17 53
11 27 18 53
11 39 22 53
11 30 23 53
11 10 24 53
11 32 25 53
11 33 26 53
11 33 27 53
178 207 4 54
178 171 7 54
178 201 9 54
178 200 10 54
178 193 11 54
178 206 12 54
178 172 13 54
178 166 15 54
178 205 17 54
178 203 18 54
178 195 19 54
178 186 21 54
178 185 24 54
27 17 11 55
27 56 11 55
27 56 12 55
27 11 14 55
27 53 14 55
27 24 15 55
27 27 16 55
27 39 20 55
27 30 21 55
27 10 22 55
27 32 23 55
27 33 24 55
27 33 25 55
92 66 6 55
92 119 7 55
92 96 12 55
92 105 16 55
92 90 20 55
92 89 23 55
92 82 24 55
92 81 25 55
215 239 7 55
215 201 8 55
215 200 9 55
215 193 10 55
215 206 11 55
215 211 13 55
215 205 16 55
215 203 17 55
215 195 18 55
215 186 20 55
215 231 21 55
215 229 22 55
215 185 23 55
215 234 25 55
10 17 10 56
10 11 13 56
10 24 14 56
10 27 15 56
10 39 19 56
10 30 20 56
10 10 21 56
10 32 22 56
10 33 23 56
10 33 24 56
15 17 10 56
15 11 13 56
15 24 14 56
15 27 15 56
15 39 19 56
15 30 20 56
15 10 21 56
15 32 22 56
15 33 23 56
15 33 24 56
31 17 10 56
31 56 10 56
31 56 11 56
31 11 13 56
31 53 13 56
31 24 14 56
31 27 15 56
31 39 19 56
31 30 20 56
31 10 21 56
31 32 22 56
31 33 23 56
31 33 24 56
124 119 6 56
124 96 11 56
124 105 15 56
124 133 23 56
216 239 6 56
216 201 7 56
216 200 8 56
216 193 9 56
216 206 10 56
216 211 12 56
216 205 15 56
216 203 16 56
216 195 17 56
216 186 19 56
216 231 20 56
216 229 21 56
216 234 24 56
55 56 8 58
55 56 9 58
55 53 11 58
55 27 13 58
55 39 17 58
55 30 18 58
55 32 20 58
55 33 21 58
55 82 21 58
55 33 22 58
55 81 22 58
63 56 8 58
63 56 9 58
63 53 11 58
63 39 17 58
63 90 17 58
63 89 20 58
63 33 21 58
63 82 21 58
63 33 22 58
63 81 22 58
207 201 5 58
207 200 6 58
207 193 7 58
207 206 8 58
207 211 10 58
207 205 13 58
207 203 14 58
207 195 15 58
207 186 17 58
207 231 18 58
207 229 19 58
207 185 20 58
207 234 22 58
250 247 10 60
250 250 14 60
250 231 16 60
250 229 17 60
250 234 20 60
61 56 5 61
61 56 6 61
61 53 8 61
61 39 14 61
61 90 14 61
61 32 17 61
61 89 17 61
61 33 18 61
61 82 18 61
61 33 19 61
61 81 19 61
66 56 5 61
66 56 6 61
66 53 8 61
66 39 14 61
66 90 14 61
66 89 17 61
66 82 18 61
66 81 19 61
171 193 4 61
171 172 6 61
171 166 8 61
171 195 12 61
171 186 14 61
171 185 17 61
119 96 5 62
119 105 9 62
119 90 13 62
119 89 16 62
119 133 17 62
239 211 6 62
239 247 8 62
239 250 12 62
239 231 14 62
239 229 15 62
239 234 18 62
201 172 4 63
201 211 5 63
201 205 8 63
201 203 9 63
201 195 10 63
201 186 12 63
201 229 14 63
201 185 15 63
200 211 4 64
200 205 7 64
200 203 8 64
200 195 9 64
200 186 11 64
200 229 13 64
200 185 14 64
193 166 4 65
193 205 6 65
193 203 7 65
193 195 8 65
193 186 10 65
193 185 13 65
17 24 4 66
17 27 5 66
17 39 9 66
17 30 10 66
17 10 11 66
17 32 12 66
17 33 13 66
17 33 14 66
56 27 5 66
56 39 9 66
56 30 10 66
56 32 12 66
56 33 13 66
56 82 13 66
56 33 14 66
56 81 14 66
206 205 5 66
206 203 6 66
206 195 7 66
206 186 9 66
206 231 10 66
206 229 11 66
206 185 12 66
206 234 14 66
56 27 4 67
56 39 8 67
56 30 9 67
56 32 11 67
56 33 12 67
56 82 12 67
56 33 13 67
56 81 13 67
96 105 4 67
96 90 8 67
96 89 11 67
96 82 12 67
96 81 13 67
172 195 6 67
172 186 8 67
172 185 11 67
211 203 4 68
211 195 5 68
211 186 7 68
211 231 8 68
211 229 9 68
211 185 10 68
211 234 12 68
11 39 6 69
11 30 7 69
11 10 8 69
11 32 9 69
11 33 10 69
11 33 11 69
53 39 6 69
53 30 7 69
53 32 9 69
53 33 10 69
53 82 10 69
53 33 11 69
53 81 11 69
166 195 4 69
166 186 6 69
166 185 9 69
24 39 5 70
24 30 6 70
24 10 7 70
24 32 8 70
24 33 9 70
24 33 10 70
247 250 4 70
247 231 6 70
247 229 7 70
247 234 10 70
27 39 4 71
27 30 5 71
27 10 6 71
27 32 7 71
27 33 8 71
27 33 9 71
105 90 4 71
105 89 7 71
105 82 8 71
105 133 8 71
105 81 9 71
205 186 4 71
205 231 5 71
205 229 6 71
205 185 7 71
205 234 9 71
203 231 4 72
203 229 5 72
203 185 6 72
195 185 5 73
250 234 6 74
39 33 4 75
39 33 5 75
90 82 4 75
90 81 5 75
30 33 4 76
231 234 4 76
