203 174 10 0
203 188 19 0
203 174 21 0
434 472 16 0
434 430 17 0
434 473 23 0
434 473 25 0
199 188 18 1
199 174 20 1
199 250 29 1
199 256 29 1
423 472 15 1
423 430 16 1
423 473 22 1
423 473 24 1
628 575 14 1
628 584 24 1
1023 1017 10 1
1023 995 11 1
1023 997 16 1
1023 996 17 1
1023 979 21 1
1023 979 26 1
1023 1004 27 1
1023 993 28 1
199 188 17 2
199 174 19 2
199 250 28 2
199 256 28 2
509 498 10 2
509 497 13 2
509 472 14 2
509 498 17 2
509 548 17 2
509 473 21 2
509 497 22 2
509 473 23 2
509 496 24 2
509 494 26 2
922 917 11 2
922 914 12 2
922 960 14 2
922 881 18 2
922 900 19 2
922 979 20 2
922 873 21 2
922 871 22 2
922 872 24 2
922 979 25 2
1017 960 13 3
1017 997 14 3
1017 996 15 3
1017 979 19 3
1017 979 24 3
1017 1004 25 3
1017 993 26 3
1017 996 29 3
1018 960 11 5
1018 997 12 5
1018 996 13 5
1018 979 17 5
1018 979 22 5
1018 1004 23 5
1018 993 24 5
1018 996 27 5
1018 997 28 5
1018 960 10 6
1018 997 11 6
1018 996 12 6
1018 979 16 6
1018 979 21 6
1018 1004 22 6
1018 993 23 6
1018 996 26 6
1018 997 27 6
0 5 10 7
0 11 11 7
0 15 11 7
0 40 11 7
0 11 12 7
0 2 18 7
0 13 18 7
0 39 18 7
0 2 19 7
0 11 19 7
0 16 19 7
0 2 21 7
0 2 22 7
0 5 22 7
0 10 22 7
0 17 22 7
0 2 23 7
0 5 23 7
0 13 23 7
0 20 23 7
0 2 24 7
0 6 24 7
0 10 24 7
0 12 25 7
0 2 26 7
0 16 26 7
0 43 29 7
2 5 10 7
2 11 11 7
2 15 11 7
2 40 11 7
2 11 12 7
2 2 18 7
2 13 18 7
2 39 18 7
2 2 19 7
2 11 19 7
2 16 19 7
2 2 21 7
2 2 22 7
2 5 22 7
2 10 22 7
2 17 22 7
2 2 23 7
2 5 23 7
2 13 23 7
2 20 23 7
2 2 24 7
2 6 24 7
2 10 24 7
2 12 25 7
2 2 26 7
2 16 26 7
2 43 29 7
49 5 10 7
49 82 10 7
49 11 11 7
49 15 11 7
49 40 11 7
49 11 12 7
49 74 16 7
49 2 18 7
49 13 18 7
49 39 18 7
49 73 18 7
49 2 19 7
49 11 19 7
49 16 19 7
49 2 21 7
49 65 21 7
49 2 22 7
49 5 22 7
49 10 22 7
49 17 22 7
49 2 23 7
49 5 23 7
49 13 23 7
49 20 23 7
49 2 24 7
49 6 24 7
49 10 24 7
49 12 25 7
49 2 26 7
49 16 26 7
49 96 28 7
49 43 29 7
74 82 10 7
74 15 11 7
74 40 11 7
74 74 16 7
74 39 18 7
74 73 18 7
74 16 19 7
74 65 21 7
74 17 22 7
74 20 23 7
74 16 26 7
74 96 28 7
74 43 29 7
74 123 29 7
254 250 23 7
254 256 23 7
254 262 24 7
254 299 29 7
257 250 23 7
257 256 23 7
257 262 24 7
257 299 29 7
1019 997 10 7
1019 996 11 7
1019 979 15 7
1019 979 20 7
1019 1004 21 7
1019 993 22 7
1019 996 25 7
1019 997 26 7
396 447 29 8
528 498 11 8
528 548 11 8
528 473 15 8
528 497 16 8
528 473 17 8
528 584 17 8
528 496 18 8
528 494 20 8
528 569 23 8
528 559 26 8
528 544 27 8
528 557 28 8
74 74 14 9
74 39 16 9
74 73 16 9
74 16 17 9
74 65 19 9
74 17 20 9
74 20 21 9
74 16 24 9
74 96 26 9
74 43 27 9
74 123 27 9
388 447 28 9
889 881 11 9
889 900 12 9
889 873 14 9
889 871 15 9
889 872 17 9
889 846 21 9
11 2 15 10
11 13 15 10
11 39 15 10
11 2 16 10
11 11 16 10
11 16 16 10
11 2 18 10
11 65 18 10
11 2 19 10
11 5 19 10
11 10 19 10
11 17 19 10
11 2 20 10
11 5 20 10
11 13 20 10
11 20 20 10
11 2 21 10
11 6 21 10
11 10 21 10
11 12 22 10
11 2 23 10
11 16 23 10
11 43 26 10
74 74 13 10
74 39 15 10
74 73 15 10
74 16 16 10
74 65 18 10
74 17 19 10
74 20 20 10
74 16 23 10
74 96 25 10
74 43 26 10
74 123 26 10
174 174 11 10
174 170 25 10
174 123 26 10
174 191 26 10
903 881 10 10
903 900 11 10
903 873 13 10
903 871 14 10
903 872 16 10
903 846 20 10
41 74 12 11
41 2 14 11
41 13 14 11
41 39 14 11
41 73 14 11
41 2 15 11
41 11 15 11
41 16 15 11
41 2 17 11
41 65 17 11
41 2 18 11
41 5 18 11
41 10 18 11
41 17 18 11
41 2 19 11
41 5 19 11
41 13 19 11
41 20 19 11
41 2 20 11
41 6 20 11
41 10 20 11
41 12 21 11
41 2 22 11
41 16 22 11
41 96 24 11
41 43 25 11
495 473 12 11
495 497 13 11
495 473 14 11
495 496 15 11
495 494 17 11
495 544 24 11
495 447 26 11
495 545 28 11
1017 979 11 11
1017 979 16 11
1017 1004 17 11
1017 993 18 11
1017 996 21 11
1017 997 22 11
1017 994 26 11
1017 995 27 11
1 2 13 12
1 13 13 12
1 39 13 12
1 2 14 12
1 11 14 12
1 16 14 12
1 2 16 12
1 2 17 12
1 5 17 12
1 10 17 12
1 17 17 12
1 2 18 12
1 5 18 12
1 13 18 12
1 20 18 12
1 2 19 12
1 6 19 12
1 10 19 12
1 12 20 12
1 2 21 12
1 16 21 12
1 43 24 12
8 2 13 12
8 13 13 12
8 39 13 12
8 2 14 12
8 11 14 12
8 16 14 12
8 2 16 12
8 65 16 12
8 2 17 12
8 5 17 12
8 10 17 12
8 17 17 12
8 2 18 12
8 5 18 12
8 13 18 12
8 20 18 12
8 2 19 12
8 6 19 12
8 10 19 12
8 12 20 12
8 2 21 12
8 16 21 12
8 43 24 12
498 473 11 12
498 497 12 12
498 473 13 12
498 496 14 12
498 494 16 12
498 544 23 12
498 557 24 12
498 447 25 12
498 545 27 12
995 979 10 12
995 979 15 12
995 1004 16 12
995 993 17 12
995 996 20 12
995 997 21 12
995 994 25 12
995 995 26 12
995 950 28 12
995 949 29 12
0 2 12 13
0 13 12 13
0 39 12 13
0 2 13 13
0 11 13 13
0 16 13 13
0 2 15 13
0 2 16 13
0 5 16 13
0 10 16 13
0 17 16 13
0 2 17 13
0 5 17 13
0 13 17 13
0 20 17 13
0 2 18 13
0 6 18 13
0 10 18 13
0 12 19 13
0 2 20 13
0 16 20 13
0 43 23 13
1 2 12 13
1 13 12 13
1 39 12 13
1 2 13 13
1 11 13 13
1 16 13 13
1 2 15 13
1 2 16 13
1 5 16 13
1 10 16 13
1 17 16 13
1 2 17 13
1 5 17 13
1 13 17 13
1 20 17 13
1 2 18 13
1 6 18 13
1 10 18 13
1 12 19 13
1 2 20 13
1 16 20 13
1 43 23 13
6 2 12 13
6 13 12 13
6 39 12 13
6 2 13 13
6 11 13 13
6 16 13 13
6 2 15 13
6 65 15 13
6 2 16 13
6 5 16 13
6 10 16 13
6 17 16 13
6 2 17 13
6 5 17 13
6 13 17 13
6 20 17 13
6 2 18 13
6 6 18 13
6 10 18 13
6 12 19 13
6 2 20 13
6 16 20 13
6 43 23 13
7 2 12 13
7 13 12 13
7 39 12 13
7 2 13 13
7 11 13 13
7 16 13 13
7 2 15 13
7 65 15 13
7 2 16 13
7 5 16 13
7 10 16 13
7 17 16 13
7 2 17 13
7 5 17 13
7 13 17 13
7 20 17 13
7 2 18 13
7 6 18 13
7 10 18 13
7 12 19 13
7 2 20 13
7 16 20 13
7 43 23 13
917 873 10 13
917 871 11 13
917 872 13 13
917 950 27 13
917 949 28 13
0 2 11 14
0 13 11 14
0 39 11 14
0 2 12 14
0 11 12 14
0 16 12 14
0 2 14 14
0 2 15 14
0 5 15 14
0 10 15 14
0 17 15 14
0 2 16 14
0 5 16 14
0 13 16 14
0 20 16 14
0 2 17 14
0 6 17 14
0 10 17 14
0 12 18 14
0 2 19 14
0 16 19 14
0 43 22 14
2 2 11 14
2 13 11 14
2 39 11 14
2 2 12 14
2 11 12 14
2 16 12 14
2 2 14 14
2 2 15 14
2 5 15 14
2 10 15 14
2 17 15 14
2 2 16 14
2 5 16 14
2 13 16 14
2 20 16 14
2 2 17 14
2 6 17 14
2 10 17 14
2 12 18 14
2 2 19 14
2 16 19 14
2 43 22 14
6 2 11 14
6 13 11 14
6 39 11 14
6 2 12 14
6 11 12 14
6 16 12 14
6 2 14 14
6 65 14 14
6 2 15 14
6 5 15 14
6 10 15 14
6 17 15 14
6 2 16 14
6 5 16 14
6 13 16 14
6 20 16 14
6 2 17 14
6 6 17 14
6 10 17 14
6 12 18 14
6 2 19 14
6 16 19 14
6 43 22 14
13 2 11 14
13 13 11 14
13 39 11 14
13 2 12 14
13 11 12 14
13 16 12 14
13 2 14 14
13 65 14 14
13 2 15 14
13 5 15 14
13 10 15 14
13 17 15 14
13 2 16 14
13 5 16 14
13 13 16 14
13 20 16 14
13 2 17 14
13 6 17 14
13 10 17 14
13 12 18 14
13 2 19 14
13 16 19 14
13 43 22 14
914 871 10 14
914 872 12 14
914 950 26 14
914 949 27 14
914 861 29 14
2 2 10 15
2 13 10 15
2 39 10 15
2 2 11 15
2 11 11 15
2 16 11 15
2 2 13 15
2 2 14 15
2 5 14 15
2 10 14 15
2 17 14 15
2 2 15 15
2 5 15 15
2 13 15 15
2 20 15 15
2 2 16 15
2 6 16 15
2 10 16 15
2 12 17 15
2 2 18 15
2 16 18 15
2 43 21 15
5 2 10 15
5 13 10 15
5 39 10 15
5 2 11 15
5 11 11 15
5 16 11 15
5 2 13 15
5 2 14 15
5 5 14 15
5 10 14 15
5 17 14 15
5 2 15 15
5 5 15 15
5 13 15 15
5 20 15 15
5 2 16 15
5 6 16 15
5 10 16 15
5 12 17 15
5 2 18 15
5 16 18 15
5 43 21 15
19 2 10 15
19 13 10 15
19 39 10 15
19 73 10 15
19 2 11 15
19 11 11 15
19 16 11 15
19 2 13 15
19 65 13 15
19 2 14 15
19 5 14 15
19 10 14 15
19 17 14 15
19 2 15 15
19 5 15 15
19 13 15 15
19 20 15 15
19 2 16 15
19 6 16 15
19 10 16 15
19 12 17 15
19 2 18 15
19 16 18 15
19 43 21 15
497 473 10 15
497 496 11 15
497 494 13 15
497 544 20 15
497 447 22 15
497 545 24 15
497 549 27 15
575 584 10 15
575 569 16 15
575 559 19 15
575 544 20 15
575 557 21 15
575 545 24 15
575 549 27 15
0 2 10 16
0 11 10 16
0 16 10 16
0 2 12 16
0 2 13 16
0 5 13 16
0 10 13 16
0 17 13 16
0 2 14 16
0 5 14 16
0 13 14 16
0 20 14 16
0 2 15 16
0 6 15 16
0 10 15 16
0 12 16 16
0 2 17 16
0 16 17 16
0 43 20 16
5 2 10 16
5 11 10 16
5 16 10 16
5 2 12 16
5 2 13 16
5 5 13 16
5 10 13 16
5 17 13 16
5 2 14 16
5 5 14 16
5 13 14 16
5 20 14 16
5 2 15 16
5 6 15 16
5 10 15 16
5 12 16 16
5 2 17 16
5 16 17 16
5 43 20 16
9 2 10 16
9 11 10 16
9 16 10 16
9 2 12 16
9 65 12 16
9 2 13 16
9 5 13 16
9 10 13 16
9 17 13 16
9 2 14 16
9 5 14 16
9 13 14 16
9 20 14 16
9 2 15 16
9 6 15 16
9 10 15 16
9 12 16 16
9 2 17 16
9 16 17 16
9 43 20 16
15 2 10 16
15 11 10 16
15 16 10 16
15 2 12 16
15 65 12 16
15 2 13 16
15 5 13 16
15 10 13 16
15 17 13 16
15 2 14 16
15 5 14 16
15 13 14 16
15 20 14 16
15 2 15 16
15 6 15 16
15 10 15 16
15 12 16 16
15 2 17 16
15 16 17 16
15 43 20 16
41 2 10 16
41 11 10 16
41 16 10 16
41 2 12 16
41 65 12 16
41 2 13 16
41 5 13 16
41 10 13 16
41 17 13 16
41 2 14 16
41 5 14 16
41 13 14 16
41 20 14 16
41 2 15 16
41 6 15 16
41 10 15 16
41 12 16 16
41 2 17 16
41 16 17 16
41 96 19 16
41 43 20 16
64 11 10 16
64 16 10 16
64 65 12 16
64 5 13 16
64 10 13 16
64 17 13 16
64 5 14 16
64 13 14 16
64 20 14 16
64 6 15 16
64 10 15 16
64 12 16 16
64 16 17 16
64 96 19 16
64 43 20 16
64 123 20 16
472 496 10 16
472 494 12 16
472 447 21 16
960 979 11 16
960 1004 12 16
960 993 13 16
960 996 16 16
960 997 17 16
960 994 21 16
960 995 22 16
960 950 24 16
960 949 25 16
960 995 28 16
960 1018 29 16
5 2 11 17
5 2 12 17
5 5 12 17
5 10 12 17
5 17 12 17
5 2 13 17
5 5 13 17
5 13 13 17
5 20 13 17
5 2 14 17
5 6 14 17
5 10 14 17
5 12 15 17
5 2 16 17
5 16 16 17
5 43 19 17
82 65 11 17
82 96 18 17
82 43 19 17
82 123 19 17
82 140 26 17
430 447 20 17
997 979 10 17
997 1004 11 17
997 993 12 17
997 996 15 17
997 997 16 17
997 994 20 17
997 995 21 17
997 950 23 17
997 949 24 17
997 995 27 17
997 1018 28 17
997 974 29 17
11 2 10 18
11 65 10 18
11 2 11 18
11 5 11 18
11 10 11 18
11 17 11 18
11 2 12 18
11 5 12 18
11 13 12 18
11 20 12 18
11 2 13 18
11 6 13 18
11 10 13 18
11 12 14 18
11 2 15 18
11 16 15 18
11 43 18 18
15 2 10 18
15 65 10 18
15 2 11 18
15 5 11 18
15 10 11 18
15 17 11 18
15 2 12 18
15 5 12 18
15 13 12 18
15 20 12 18
15 2 13 18
15 6 13 18
15 10 13 18
15 12 14 18
15 2 15 18
15 16 15 18
15 43 18 18
40 2 10 18
40 65 10 18
40 2 11 18
40 5 11 18
40 10 11 18
40 17 11 18
40 2 12 18
40 5 12 18
40 13 12 18
40 20 12 18
40 2 13 18
40 6 13 18
40 10 13 18
40 12 14 18
40 2 15 18
40 16 15 18
40 96 17 18
40 43 18 18
40 95 29 18
996 1004 10 18
996 993 11 18
996 996 14 18
996 997 15 18
996 994 19 18
996 995 20 18
996 950 22 18
996 949 23 18
996 995 26 18
996 1018 27 18
996 974 28 18
996 960 29 18
11 2 10 19
11 5 10 19
11 10 10 19
11 17 10 19
11 2 11 19
11 5 11 19
11 13 11 19
11 20 11 19
11 2 12 19
11 6 12 19
11 10 12 19
11 12 13 19
11 2 14 19
11 16 14 19
11 43 17 19
11 10 29 19
188 170 16 19
188 191 17 19
188 238 23 19
188 140 24 19
498 544 16 19
498 557 17 19
498 447 18 19
498 545 20 19
498 549 23 19
548 569 12 19
548 559 15 19
548 544 16 19
548 557 17 19
548 545 20 19
548 549 23 19
881 846 10 20
881 861 23 20
174 170 14 21
174 123 15 21
174 191 15 21
174 140 22 21
900 950 19 21
900 949 20 21
900 861 22 21
979 996 10 22
979 997 11 22
979 994 15 22
979 995 16 22
979 950 18 22
979 949 19 22
979 995 22 22
979 1018 23 22
979 974 24 22
979 960 25 22
979 964 28 22
979 1023 29 22
74 16 10 23
74 96 12 23
74 43 13 23
74 123 13 23
74 95 24 23
74 82 25 23
74 74 26 23
74 74 28 23
74 77 29 23
473 447 14 23
473 445 26 23
473 444 28 23
873 861 20 23
497 544 11 24
497 447 13 24
497 545 15 24
497 549 18 24
497 445 25 24
497 444 27 24
871 861 19 24
2 43 11 25
2 10 23 25
2 9 24 25
2 10 25 25
2 9 28 25
13 43 11 25
13 10 23 25
13 9 24 25
13 10 25 25
13 9 28 25
39 96 10 25
39 43 11 25
39 95 22 25
39 10 23 25
39 82 23 25
39 9 24 25
39 74 24 25
39 10 25 25
39 74 26 25
39 77 27 25
39 9 28 25
73 96 10 25
73 43 11 25
73 123 11 25
73 95 22 25
73 82 23 25
73 74 24 25
73 74 26 25
73 77 27 25
473 447 12 25
473 445 24 25
473 444 26 25
584 544 10 25
584 557 11 25
584 545 14 25
584 549 17 25
584 574 27 25
584 573 28 25
2 43 10 26
2 10 22 26
2 9 23 26
2 10 24 26
2 9 27 26
11 43 10 26
11 10 22 26
11 9 23 26
11 10 24 26
11 9 27 26
16 43 10 26
16 10 22 26
16 9 23 26
16 74 23 26
16 10 24 26
16 74 25 26
16 9 27 26
16 74 29 26
496 447 11 26
496 545 13 26
496 549 16 26
496 445 23 26
496 444 25 26
872 861 17 26
979 994 10 27
979 995 11 27
979 950 13 27
979 949 14 27
979 995 17 27
979 1018 18 27
979 974 19 27
979 960 20 27
979 964 23 27
979 1023 24 27
979 1022 27 27
979 1023 27 27
2 10 20 28
2 9 21 28
2 10 22 28
2 9 25 28
65 95 19 28
65 10 20 28
65 82 20 28
65 9 21 28
65 74 21 28
65 10 22 28
65 74 23 28
65 77 24 28
65 9 25 28
65 74 27 28
65 74 28 28
494 545 11 28
494 549 14 28
494 445 21 28
494 444 23 28
1004 995 10 28
1004 950 12 28
1004 949 13 28
1004 995 16 28
1004 1018 17 28
1004 974 18 28
1004 960 19 28
1004 964 22 28
1004 1023 23 28
1004 1022 26 28
1004 1023 26 28
2 10 19 29
2 9 20 29
2 10 21 29
2 9 24 29
5 10 19 29
5 9 20 29
5 10 21 29
5 9 24 29
10 10 19 29
10 9 20 29
10 10 21 29
10 9 24 29
17 10 19 29
17 9 20 29
17 74 20 29
17 10 21 29
17 74 22 29
17 9 24 29
17 74 26 29
17 74 27 29
993 950 11 29
993 949 12 29
993 995 15 29
993 1018 16 29
993 974 17 29
993 960 18 29
993 964 21 29
993 1023 22 29
993 1022 25 29
993 1023 25 29
993 959 29 29
2 10 18 30
2 9 19 30
2 10 20 30
2 9 23 30
5 10 18 30
5 9 19 30
5 10 20 30
5 9 23 30
13 10 18 30
13 9 19 30
13 10 20 30
13 9 23 30
20 10 18 30
20 9 19 30
20 74 19 30
20 10 20 30
20 74 21 30
20 77 22 30
20 9 23 30
20 74 25 30
20 74 26 30
20 75 29 30
250 238 12 30
250 277 12 30
250 255 13 30
250 253 17 30
250 264 18 30
250 252 19 30
250 251 21 30
250 250 22 30
250 251 23 30
250 253 24 30
250 251 25 30
250 251 26 30
256 238 12 30
256 277 12 30
256 255 13 30
256 253 17 30
256 264 18 30
256 252 19 30
256 251 21 30
256 250 22 30
256 251 23 30
256 253 24 30
256 251 25 30
256 251 26 30
846 861 13 30
846 791 19 30
846 828 26 30
846 818 27 30
2 10 17 31
2 9 18 31
2 10 19 31
2 9 22 31
2 29 29 31
2 31 29 31
6 10 17 31
6 9 18 31
6 10 19 31
6 9 22 31
6 29 29 31
6 31 29 31
10 10 17 31
10 9 18 31
10 10 19 31
10 9 22 31
10 29 29 31
10 31 29 31
262 238 11 31
262 277 11 31
262 255 12 31
262 253 16 31
262 264 17 31
262 252 18 31
262 251 20 31
262 250 21 31
262 251 22 31
262 253 23 31
262 251 24 31
262 251 25 31
569 549 11 31
569 574 21 31
569 573 22 31
12 10 16 32
12 9 17 32
12 10 18 32
12 9 21 32
12 29 28 32
12 31 28 32
996 995 12 32
996 1018 13 32
996 974 14 32
996 960 15 32
996 964 18 32
996 1023 19 32
996 1022 22 32
996 1023 22 32
996 959 26 32
996 975 28 32
2 10 15 33
2 9 16 33
2 10 17 33
2 9 20 33
2 29 27 33
2 31 27 33
16 10 15 33
16 9 16 33
16 74 16 33
16 10 17 33
16 74 18 33
16 9 20 33
16 74 22 33
16 74 23 33
16 75 26 33
16 29 27 33
16 31 27 33
997 995 11 33
997 1018 12 33
997 974 13 33
997 960 14 33
997 964 17 33
997 1023 18 33
997 1022 21 33
997 1023 21 33
997 959 25 33
997 975 27 33
559 574 18 34
559 573 19 34
96 95 12 35
96 82 13 35
96 74 14 35
96 74 16 35
96 77 17 35
96 74 20 35
96 74 21 35
96 75 24 35
319 264 13 35
544 574 17 35
544 573 18 35
43 95 11 36
43 10 12 36
43 82 12 36
43 9 13 36
43 74 13 36
43 10 14 36
43 74 15 36
43 77 16 36
43 9 17 36
43 74 19 36
43 74 20 36
43 75 23 36
43 29 24 36
43 31 24 36
123 95 11 36
123 82 12 36
123 74 13 36
123 74 15 36
123 77 16 36
123 74 19 36
123 74 20 36
123 75 23 36
191 250 16 36
299 253 11 36
299 264 12 36
299 252 13 36
299 251 15 36
299 250 16 36
299 251 17 36
299 253 18 36
299 251 19 36
299 251 20 36
557 574 16 36
557 573 17 36
447 445 12 37
447 444 14 37
994 960 10 37
994 964 13 37
994 1023 14 37
994 1022 17 37
994 1023 17 37
994 959 21 37
994 975 23 37
995 964 12 38
995 1023 13 38
995 1022 16 38
995 1023 16 38
995 959 20 38
995 975 22 38
545 574 13 39
545 573 14 39
950 964 10 40
950 959 18 40
950 975 20 40
949 959 17 41
949 975 19 41
238 250 10 42
238 251 11 42
238 253 12 42
238 251 13 42
238 251 14 42
277 250 10 42
277 251 11 42
277 253 12 42
277 251 13 42
277 251 14 42
549 574 10 42
549 573 11 42
255 251 10 43
255 253 11 43
255 251 12 43
255 251 13 43
861 828 13 43
861 818 14 43
995 1022 10 44
995 1023 10 44
995 959 14 44
995 975 16 44
1018 959 13 45
1018 975 15 45
974 959 12 46
974 975 14 46
95 75 12 47
960 959 11 47
960 975 13 47
10 29 12 48
10 31 12 48
82 75 11 48
82 29 12 48
82 31 12 48
782 770 11 48
9 29 11 49
9 31 11 49
74 75 10 49
74 29 11 49
74 31 11 49
791 770 10 49
10 29 10 50
10 31 10 50
964 975 10 50
