411 411 10 1
411 409 11 1
411 435 13 1
411 438 15 1
411 438 17 1
411 436 18 1
411 355 27 1
411 448 28 1
411 457 29 1
917 970 10 1
917 861 26 1
917 900 27 1
155 212 13 2
155 139 23 2
356 409 10 2
356 301 24 2
356 355 26 2
516 485 11 2
516 506 15 2
516 489 21 2
516 485 23 2
516 490 25 2
516 457 28 2
516 511 28 2
6 40 11 3
6 27 12 3
6 34 12 3
6 64 12 3
6 41 13 3
6 37 15 3
6 62 16 3
6 65 16 3
6 64 17 3
6 60 18 3
6 39 19 3
6 42 20 3
6 61 23 3
6 63 23 3
10 40 11 3
10 27 12 3
10 34 12 3
10 64 12 3
10 41 13 3
10 37 15 3
10 62 16 3
10 65 16 3
10 64 17 3
10 60 18 3
10 67 18 3
10 39 19 3
10 42 20 3
10 61 23 3
10 63 23 3
15 40 11 3
15 27 12 3
15 34 12 3
15 64 12 3
15 41 13 3
15 37 15 3
15 62 16 3
15 65 16 3
15 64 17 3
15 60 18 3
15 67 18 3
15 39 19 3
15 42 20 3
15 61 23 3
15 63 23 3
31 40 11 3
31 27 12 3
31 34 12 3
31 64 12 3
31 41 13 3
31 37 15 3
31 62 16 3
31 65 16 3
31 64 17 3
31 60 18 3
31 67 18 3
31 39 19 3
31 42 20 3
31 61 23 3
31 63 23 3
95 40 11 3
95 64 12 3
95 41 13 3
95 37 15 3
95 62 16 3
95 65 16 3
95 64 17 3
95 60 18 3
95 67 18 3
95 39 19 3
95 42 20 3
95 139 22 3
95 61 23 3
95 63 23 3
185 212 12 3
185 139 22 3
185 234 27 3
256 212 12 3
256 270 17 3
256 271 19 3
256 301 23 3
256 234 27 3
576 618 10 3
576 579 14 3
576 601 18 3
576 627 19 3
576 622 22 3
576 589 23 3
576 582 26 3
576 616 28 3
576 587 29 3
0 40 10 4
0 27 11 4
0 34 11 4
0 41 12 4
0 37 14 4
0 39 18 4
0 42 19 4
1 40 10 4
1 27 11 4
1 34 11 4
1 41 12 4
1 37 14 4
1 60 17 4
1 39 18 4
1 42 19 4
3 40 10 4
3 27 11 4
3 34 11 4
3 41 12 4
3 37 14 4
3 62 15 4
3 60 17 4
3 39 18 4
3 42 19 4
3 61 22 4
19 40 10 4
19 27 11 4
19 34 11 4
19 64 11 4
19 41 12 4
19 37 14 4
19 62 15 4
19 65 15 4
19 64 16 4
19 60 17 4
19 67 17 4
19 39 18 4
19 42 19 4
19 61 22 4
19 63 22 4
32 40 10 4
32 27 11 4
32 34 11 4
32 64 11 4
32 41 12 4
32 37 14 4
32 62 15 4
32 65 15 4
32 64 16 4
32 60 17 4
32 67 17 4
32 39 18 4
32 42 19 4
32 61 22 4
32 63 22 4
63 40 10 4
63 27 11 4
63 34 11 4
63 64 11 4
63 41 12 4
63 37 14 4
63 62 15 4
63 65 15 4
63 64 16 4
63 60 17 4
63 67 17 4
63 39 18 4
63 42 19 4
63 61 22 4
63 63 22 4
130 139 21 4
402 435 10 4
402 438 12 4
402 438 14 4
402 436 15 4
402 355 24 4
402 448 25 4
402 457 26 4
402 443 27 4
402 385 28 4
402 401 29 4
578 579 13 4
578 601 17 4
578 627 18 4
578 622 21 4
578 589 22 4
578 582 25 4
578 616 27 4
578 587 28 4
24 27 10 5
24 34 10 5
24 64 10 5
24 41 11 5
24 37 13 5
24 62 14 5
24 65 14 5
24 64 15 5
24 60 16 5
24 67 16 5
24 39 17 5
24 42 18 5
24 61 21 5
24 63 21 5
52 27 10 5
52 34 10 5
52 64 10 5
52 41 11 5
52 37 13 5
52 62 14 5
52 65 14 5
52 64 15 5
52 60 16 5
52 67 16 5
52 39 17 5
52 42 18 5
52 61 21 5
52 63 21 5
63 27 10 5
63 34 10 5
63 64 10 5
63 41 11 5
63 37 13 5
63 62 14 5
63 65 14 5
63 64 15 5
63 60 16 5
63 67 16 5
63 39 17 5
63 42 18 5
63 61 21 5
63 63 21 5
932 986 14 5
932 987 19 5
932 900 23 5
932 916 28 5
0 41 10 6
0 37 12 6
0 39 16 6
0 42 17 6
5 41 10 6
5 37 12 6
5 62 13 6
5 64 14 6
5 60 15 6
5 39 16 6
5 42 17 6
5 61 20 6
5 63 20 6
7 41 10 6
7 37 12 6
7 62 13 6
7 65 13 6
7 64 14 6
7 60 15 6
7 39 16 6
7 42 17 6
7 61 20 6
7 63 20 6
36 41 10 6
36 37 12 6
36 62 13 6
36 65 13 6
36 64 14 6
36 60 15 6
36 67 15 6
36 39 16 6
36 42 17 6
36 61 20 6
36 63 20 6
133 139 19 6
133 119 29 6
133 139 29 6
336 301 20 6
336 355 22 6
336 385 26 6
536 506 11 6
536 579 11 6
536 489 17 6
536 485 19 6
536 589 20 6
536 490 21 6
536 582 23 6
536 511 24 6
536 587 26 6
4 37 11 7
4 62 12 7
4 60 14 7
4 39 15 7
4 42 16 7
4 61 19 7
4 63 19 7
4 35 29 7
9 37 11 7
9 62 12 7
9 65 12 7
9 64 13 7
9 60 14 7
9 67 14 7
9 39 15 7
9 42 16 7
9 61 19 7
9 63 19 7
9 35 29 7
53 37 11 7
53 62 12 7
53 65 12 7
53 64 13 7
53 60 14 7
53 67 14 7
53 39 15 7
53 42 16 7
53 61 19 7
53 63 19 7
53 35 29 7
92 37 11 7
92 62 12 7
92 65 12 7
92 64 13 7
92 60 14 7
92 67 14 7
92 39 15 7
92 42 16 7
92 139 18 7
92 61 19 7
92 63 19 7
92 119 28 7
92 139 28 7
92 35 29 7
146 139 18 7
146 119 28 7
146 139 28 7
425 438 11 7
425 436 12 7
425 448 22 7
425 457 23 7
425 443 24 7
425 385 25 7
425 401 26 7
425 446 28 7
927 986 12 7
927 900 21 7
927 916 26 7
8 37 10 8
8 62 11 8
8 65 11 8
8 64 12 8
8 60 13 8
8 67 13 8
8 39 14 8
8 42 15 8
8 61 18 8
8 63 18 8
8 35 28 8
28 37 10 8
28 62 11 8
28 65 11 8
28 64 12 8
28 60 13 8
28 67 13 8
28 39 14 8
28 42 15 8
28 61 18 8
28 63 18 8
28 35 28 8
33 37 10 8
33 62 11 8
33 65 11 8
33 64 12 8
33 60 13 8
33 67 13 8
33 39 14 8
33 42 15 8
33 61 18 8
33 63 18 8
33 35 28 8
120 62 11 8
120 65 11 8
120 64 12 8
120 60 13 8
120 67 13 8
120 139 17 8
120 61 18 8
120 63 18 8
120 119 27 8
120 139 27 8
120 125 29 8
120 140 29 8
158 139 17 8
158 119 27 8
158 139 27 8
158 125 29 8
158 140 29 8
315 270 12 8
315 271 14 8
315 301 18 8
315 355 20 8
315 264 26 8
315 286 28 8
315 370 29 8
523 489 15 8
523 485 17 8
523 490 19 8
523 582 21 8
523 511 22 8
52 62 10 9
52 65 10 9
52 64 11 9
52 60 12 9
52 67 12 9
52 39 13 9
52 42 14 9
52 61 17 9
52 63 17 9
52 35 27 9
152 139 16 9
152 119 26 9
152 139 26 9
152 125 28 9
152 140 28 9
327 270 11 9
327 271 13 9
327 301 17 9
327 355 19 9
327 385 23 9
327 286 27 9
327 370 28 9
327 371 29 9
938 986 10 9
938 987 15 9
938 900 19 9
938 916 24 9
938 969 29 9
184 139 15 10
184 234 20 10
184 235 23 10
184 139 25 10
184 125 27 10
184 140 27 10
184 212 29 10
566 601 11 10
566 622 15 10
566 589 16 10
566 582 19 10
566 511 20 10
566 616 21 10
566 587 22 10
566 612 24 10
566 619 26 10
54 60 10 11
54 67 10 11
54 39 11 11
54 42 12 11
54 61 15 11
54 63 15 11
54 35 25 11
54 37 29 11
212 271 11 11
212 234 19 11
212 235 22 11
212 264 23 11
212 212 28 11
411 355 17 11
411 448 18 11
411 457 19 11
411 443 20 11
411 385 21 11
411 401 22 11
411 446 24 11
411 370 26 11
411 371 27 11
411 404 28 11
411 457 29 11
970 987 13 11
970 1023 18 11
970 1023 19 11
970 916 22 11
970 1023 24 11
970 969 27 11
970 970 28 11
970 928 29 11
409 355 16 12
409 448 17 12
409 457 18 12
409 443 19 12
409 385 20 12
409 401 21 12
409 446 23 12
409 370 25 12
409 371 26 12
409 404 27 12
409 457 28 12
685 627 10 12
685 656 23 12
685 719 25 12
685 718 29 12
485 489 10 13
485 485 12 13
485 490 14 13
485 448 16 13
485 457 17 13
485 511 17 13
485 443 18 13
485 446 22 13
485 457 27 13
618 622 12 13
618 589 13 13
618 582 16 13
618 616 18 13
618 587 19 13
618 612 21 13
618 656 22 13
618 619 23 13
618 564 29 13
40 61 12 14
40 63 12 14
40 35 22 14
40 37 26 14
40 0 27 14
40 1 27 14
40 9 27 14
40 15 27 14
435 485 11 14
435 490 13 14
435 448 15 14
435 457 16 14
435 443 17 14
435 385 18 14
435 401 19 14
435 446 21 14
435 404 25 14
435 457 26 14
27 61 11 15
27 63 11 15
27 35 21 15
27 37 25 15
27 0 26 15
27 1 26 15
27 9 26 15
27 15 26 15
34 61 11 15
34 63 11 15
34 35 21 15
34 37 25 15
34 0 26 15
34 1 26 15
34 9 26 15
34 15 26 15
64 61 11 15
64 63 11 15
64 119 20 15
64 35 21 15
64 37 25 15
64 9 26 15
64 15 26 15
64 113 28 15
212 234 15 15
212 235 18 15
212 264 19 15
212 212 24 15
212 172 28 15
754 719 22 15
754 718 26 15
41 61 10 16
41 63 10 16
41 35 20 16
41 37 24 16
41 0 25 16
41 1 25 16
41 9 25 16
41 15 25 16
41 37 29 16
438 490 11 16
438 448 13 16
438 457 14 16
438 443 15 16
438 385 16 16
438 401 17 16
438 446 19 16
438 404 23 16
438 457 24 16
438 434 29 16
727 719 21 16
727 718 25 16
506 490 10 17
506 448 12 17
506 457 13 17
506 511 13 17
506 446 18 17
506 457 23 17
506 564 25 17
506 527 26 17
506 471 29 17
579 582 12 17
579 616 14 17
579 587 15 17
579 612 17 17
579 619 19 17
579 564 25 17
579 527 26 17
579 603 29 17
37 35 18 18
37 37 22 18
37 0 23 18
37 1 23 18
37 9 23 18
37 15 23 18
37 37 27 18
37 37 28 18
438 448 11 18
438 457 12 18
438 443 13 18
438 385 14 18
438 401 15 18
438 446 17 18
438 404 21 18
438 457 22 18
438 434 27 18
438 471 28 18
438 471 29 18
762 719 19 18
762 718 23 18
62 119 16 19
62 35 17 19
62 37 21 19
62 9 22 19
62 15 22 19
62 113 24 19
62 37 26 19
62 37 27 19
65 119 16 19
65 35 17 19
65 37 21 19
65 9 22 19
65 15 22 19
65 113 24 19
65 37 26 19
65 37 27 19
436 448 10 19
436 457 11 19
436 443 12 19
436 385 13 19
436 401 14 19
436 446 16 19
436 404 20 19
436 457 21 19
436 434 26 19
436 471 27 19
436 471 28 19
436 458 29 19
986 1023 10 19
986 1023 11 19
986 1023 16 19
986 969 19 19
986 970 20 19
986 928 21 19
986 959 25 19
64 119 15 20
64 35 16 20
64 37 20 20
64 9 21 20
64 15 21 20
64 113 23 20
64 37 25 20
64 37 26 20
64 11 29 20
64 37 29 20
270 234 10 20
270 235 13 20
270 264 14 20
270 286 16 20
270 212 19 20
270 312 23 20
270 296 24 20
270 313 29 20
703 656 15 20
703 719 17 20
703 718 21 20
703 738 28 20
703 657 29 20
60 119 14 21
60 35 15 21
60 37 19 21
60 0 20 21
60 1 20 21
60 9 20 21
60 15 20 21
60 113 22 21
60 37 24 21
60 37 25 21
60 11 28 21
60 37 28 21
60 106 29 21
67 119 14 21
67 35 15 21
67 125 16 21
67 37 19 21
67 9 20 21
67 15 20 21
67 113 22 21
67 37 24 21
67 37 25 21
67 11 28 21
67 37 28 21
67 106 29 21
601 616 10 21
601 587 11 21
601 612 13 21
601 656 14 21
601 619 15 21
601 564 21 21
601 603 25 21
601 594 26 21
601 657 28 21
39 35 14 22
39 37 18 22
39 0 19 22
39 1 19 22
39 9 19 22
39 15 19 22
39 37 23 22
39 37 24 22
39 11 27 22
39 37 27 22
271 235 11 22
271 264 12 22
271 286 14 22
271 212 17 22
271 312 21 22
271 296 22 22
271 313 27 22
271 312 28 22
271 324 29 22
627 587 10 22
627 612 12 22
627 656 13 22
627 619 14 22
627 603 24 22
627 594 25 22
627 657 27 22
42 35 13 23
42 37 17 23
42 0 18 23
42 1 18 23
42 9 18 23
42 15 18 23
42 37 22 23
42 37 23 23
42 11 26 23
42 37 26 23
489 446 12 23
489 457 17 23
489 527 20 23
489 434 22 23
489 471 23 23
489 471 24 23
489 458 25 23
489 526 28 23
837 869 22 23
987 1023 11 24
987 969 14 24
987 970 15 24
987 928 16 24
987 959 20 24
987 955 26 24
987 987 29 24
139 119 10 25
139 139 10 25
139 125 12 25
139 140 12 25
139 113 18 25
139 172 18 25
139 106 25 25
139 135 26 25
139 111 29 25
139 130 29 25
485 446 10 25
485 457 15 25
485 527 18 25
485 434 20 25
485 471 21 25
485 471 22 25
485 458 23 25
485 526 26 25
622 656 10 25
622 619 11 25
622 564 17 25
622 603 21 25
622 594 22 25
622 657 24 25
622 607 27 25
61 35 10 26
61 37 14 26
61 1 15 26
61 9 15 26
61 15 15 26
61 113 17 26
61 37 19 26
61 37 20 26
61 11 23 26
61 37 23 26
61 106 24 26
61 111 28 26
61 107 29 26
63 35 10 26
63 37 14 26
63 9 15 26
63 15 15 26
63 113 17 26
63 37 19 26
63 37 20 26
63 11 23 26
63 37 23 26
63 106 24 26
63 111 28 26
63 107 29 26
301 286 10 26
301 342 16 26
301 312 17 26
301 296 18 26
301 313 23 26
301 312 24 26
301 324 25 26
301 329 27 26
301 327 29 26
589 619 10 26
589 564 16 26
589 603 20 26
589 594 21 26
589 607 26 26
589 636 29 26
490 457 13 27
490 527 16 27
490 434 18 27
490 471 19 27
490 471 20 27
490 458 21 27
490 526 24 27
861 869 18 27
355 371 10 28
355 404 11 28
355 342 14 28
355 312 15 28
355 296 16 28
355 313 21 28
355 312 22 28
355 324 23 28
355 363 24 28
355 329 25 28
355 368 26 28
355 327 27 28
355 350 28 28
900 928 12 28
900 959 16 28
900 869 17 28
900 955 22 28
900 938 26 28
448 404 10 29
448 457 11 29
448 434 16 29
448 471 17 29
448 471 18 29
448 458 19 29
582 564 13 29
582 527 14 29
582 603 17 29
582 594 18 29
582 526 22 29
582 607 23 29
582 636 26 29
582 545 29 29
1023 970 10 29
1023 987 24 29
1023 964 27 29
234 227 27 30
234 260 27 30
457 457 10 30
457 434 15 30
457 471 16 30
457 471 17 30
457 458 18 30
511 457 10 30
511 564 12 30
511 527 13 30
511 471 16 30
511 471 17 30
511 458 18 30
511 526 21 30
511 545 28 30
1023 987 23 30
1023 964 26 30
443 434 14 31
443 471 15 31
443 471 16 31
443 458 17 31
443 384 27 31
616 564 11 31
616 603 15 31
616 594 16 31
616 657 18 31
616 607 21 31
616 636 24 31
385 342 10 32
385 434 13 32
385 363 20 32
385 329 21 32
385 368 22 32
385 327 23 32
385 350 24 32
385 384 26 32
587 564 10 32
587 527 11 32
587 603 14 32
587 594 15 32
587 607 20 32
587 636 23 32
587 545 26 32
587 537 28 32
235 227 24 33
235 260 24 33
235 224 27 33
235 279 27 33
235 266 28 33
401 434 12 33
401 458 15 33
401 363 19 33
401 368 21 33
401 350 23 33
401 384 25 33
916 959 11 33
916 869 12 33
916 955 17 33
916 938 21 33
916 964 23 33
916 944 26 33
264 296 10 34
264 313 15 34
264 312 16 34
264 227 23 34
264 260 23 34
264 319 25 34
264 224 26 34
264 279 26 34
264 266 27 34
612 603 12 34
612 594 13 34
612 657 15 34
612 607 18 34
612 636 21 34
612 561 28 34
119 106 15 35
119 135 16 35
119 111 19 35
119 130 19 35
119 107 20 35
119 127 20 35
119 66 21 35
119 139 21 35
119 59 22 35
119 70 22 35
119 106 23 35
119 156 23 35
119 157 24 35
119 122 25 35
119 162 26 35
119 165 27 35
139 106 15 35
139 135 16 35
139 111 19 35
139 130 19 35
139 107 20 35
139 127 20 35
139 139 21 35
139 106 23 35
139 156 23 35
139 157 24 35
139 122 25 35
139 162 26 35
139 165 27 35
446 434 10 35
446 471 11 35
446 471 12 35
446 458 13 35
446 466 27 35
446 389 29 35
656 603 11 35
656 657 14 35
656 607 17 35
656 636 20 35
656 710 22 35
656 689 29 35
1023 987 18 35
1023 964 21 35
1023 988 26 35
35 37 10 36
35 11 13 36
35 37 13 36
35 58 20 36
35 66 20 36
35 59 21 36
35 70 21 36
35 41 22 36
35 93 29 36
286 313 13 36
286 312 14 36
286 324 15 36
286 329 17 36
286 327 19 36
286 227 21 36
286 260 21 36
286 319 23 36
286 279 24 36
286 266 25 36
286 237 28 36
286 295 29 36
619 603 10 36
619 594 11 36
619 657 13 36
619 607 16 36
619 636 19 36
619 561 26 36
619 653 29 36
125 106 13 37
125 135 14 37
125 111 17 37
125 130 17 37
125 107 18 37
125 127 18 37
125 66 19 37
125 139 19 37
125 70 20 37
125 106 21 37
125 156 21 37
125 157 22 37
125 122 23 37
125 162 24 37
125 165 25 37
125 93 28 37
125 150 28 37
125 123 29 37
140 106 13 37
140 135 14 37
140 111 17 37
140 130 17 37
140 107 18 37
140 127 18 37
140 139 19 37
140 106 21 37
140 156 21 37
140 157 22 37
140 122 23 37
140 162 24 37
140 165 25 37
140 93 28 37
140 150 28 37
140 123 29 37
370 313 12 37
370 312 13 37
370 324 14 37
370 363 15 37
370 329 16 37
370 368 17 37
370 327 18 37
370 350 19 37
370 384 21 37
370 319 22 37
370 368 26 37
370 389 27 37
719 738 11 37
719 710 20 37
719 689 27 37
371 313 11 38
371 312 12 38
371 324 13 38
371 363 14 38
371 329 15 38
371 368 16 38
371 327 17 38
371 350 18 38
371 384 20 38
371 319 21 38
371 368 25 38
371 389 26 38
969 955 12 38
969 987 15 38
969 938 16 38
969 964 18 38
969 944 21 38
969 988 23 38
969 965 29 38
212 227 18 39
212 260 18 39
212 156 19 39
212 157 20 39
212 224 21 39
212 162 22 39
212 266 22 39
212 165 23 39
212 237 25 39
212 235 27 39
404 363 13 39
404 368 15 39
404 350 17 39
404 384 19 39
404 368 24 39
404 389 25 39
404 346 29 39
970 955 11 39
970 987 14 39
970 938 15 39
970 964 17 39
970 944 20 39
970 988 22 39
970 965 28 39
37 58 16 40
37 66 16 40
37 59 17 40
37 70 17 40
37 41 18 40
37 93 25 40
457 466 22 40
928 955 10 40
928 987 13 40
928 938 14 40
928 964 16 40
928 944 19 40
928 965 27 40
0 58 15 41
0 59 16 41
0 41 17 41
1 58 15 41
1 59 16 41
1 41 17 41
9 58 15 41
9 66 15 41
9 59 16 41
9 41 17 41
15 58 15 41
15 66 15 41
15 59 16 41
15 70 16 41
15 41 17 41
718 710 16 41
718 689 23 41
718 740 27 41
342 363 10 42
342 329 11 42
342 368 12 42
342 327 13 42
342 350 14 42
342 384 16 42
342 319 17 42
342 368 21 42
342 389 22 42
342 295 23 42
342 346 26 42
342 306 28 42
564 607 10 42
564 545 16 42
564 537 18 42
564 561 20 42
564 577 24 42
113 111 11 43
113 130 11 43
113 107 12 43
113 127 12 43
113 58 13 43
113 66 13 43
113 139 13 43
113 59 14 43
113 70 14 43
113 106 15 43
113 156 15 43
113 157 16 43
113 122 17 43
113 162 18 43
113 165 19 43
113 93 22 43
113 150 22 43
113 123 23 43
113 121 24 43
113 127 24 43
113 131 27 43
172 130 11 43
172 127 12 43
172 139 13 43
172 227 14 43
172 156 15 43
172 157 16 43
172 122 17 43
172 224 17 43
172 162 18 43
172 165 19 43
172 150 22 43
172 123 23 43
172 121 24 43
172 127 24 43
172 223 26 43
172 131 27 43
312 329 10 43
312 368 11 43
312 327 12 43
312 350 13 43
312 260 14 43
312 319 16 43
312 279 17 43
312 266 18 43
312 368 20 43
312 295 22 43
312 278 23 43
312 346 25 43
312 306 27 43
527 545 15 43
527 537 17 43
527 561 19 43
527 577 23 43
296 327 11 44
296 350 12 44
296 260 13 44
296 319 15 44
296 279 16 44
296 266 17 44
296 237 20 44
296 295 21 44
296 278 22 44
296 346 24 44
296 306 26 44
959 938 10 44
959 964 12 44
959 944 15 44
959 988 17 44
959 965 23 44
37 58 11 45
37 66 11 45
37 59 12 45
37 70 12 45
37 41 13 45
37 93 20 45
434 384 13 45
434 466 17 45
434 389 19 45
869 838 18 45
869 821 24 45
37 58 10 46
37 66 10 46
37 59 11 46
37 70 11 46
37 41 12 46
37 93 19 46
471 466 16 46
603 545 12 46
603 561 16 46
603 653 19 46
603 577 20 46
603 638 24 46
471 466 15 47
594 545 11 47
594 537 13 47
594 561 15 47
594 653 18 47
594 577 19 47
594 638 23 47
458 466 14 48
738 689 16 48
738 740 20 48
37 93 16 49
313 319 10 49
313 279 11 49
313 266 12 49
313 368 14 49
313 295 16 49
313 278 17 49
313 346 19 49
313 306 21 49
657 689 15 49
657 653 16 49
657 638 21 49
106 122 10 50
106 162 11 50
106 165 12 50
106 93 15 50
106 150 15 50
106 123 16 50
106 121 17 50
106 127 17 50
106 131 20 50
312 279 10 50
312 266 11 50
312 368 13 50
312 295 15 50
312 278 16 50
312 346 18 50
312 306 20 50
955 988 11 50
955 965 17 50
135 162 10 51
135 165 11 51
135 93 14 51
135 150 14 51
135 123 15 51
135 121 16 51
135 127 16 51
135 131 19 51
324 266 10 51
324 368 12 51
324 295 14 51
324 278 15 51
324 346 17 51
324 306 19 51
526 466 11 51
526 561 11 51
526 577 15 51
363 368 11 52
363 389 12 52
363 346 16 52
363 306 18 52
607 561 10 52
607 653 13 52
607 577 14 52
607 638 18 52
329 368 10 53
329 295 12 53
329 278 13 53
329 346 15 53
329 306 17 53
987 965 14 53
111 93 11 54
111 150 11 54
111 123 12 54
111 121 13 54
111 127 13 54
111 131 16 54
130 93 11 54
130 150 11 54
130 123 12 54
130 121 13 54
130 127 13 54
130 131 16 54
368 389 10 54
368 346 14 54
938 965 13 54
107 93 10 55
107 150 10 55
107 123 11 55
107 121 12 55
107 127 12 55
107 131 15 55
127 93 10 55
127 150 10 55
127 123 11 55
127 121 12 55
127 127 12 55
127 131 15 55
327 295 10 55
327 278 11 55
327 346 13 55
327 306 15 55
636 653 10 55
636 577 11 55
636 638 15 55
66 123 10 56
66 121 11 56
139 123 10 56
139 121 11 56
139 127 11 56
139 131 14 56
350 346 12 56
350 306 14 56
964 965 11 56
70 121 10 57
70 127 10 57
227 223 12 57
260 223 12 57
260 306 13 57
710 740 11 57
106 131 12 58
156 131 12 58
384 346 10 58
157 131 11 59
319 306 11 59
122 131 10 60
279 306 10 60
