43 24 14 0
43 40 14 0
43 39 15 0
43 50 24 0
43 48 25 0
98 111 12 0
98 104 17 0
145 148 12 0
145 130 18 0
145 143 19 0
460 461 16 0
460 464 20 0
519 499 18 0
519 518 18 0
519 502 22 0
519 528 27 0
510 495 11 1
510 499 17 1
510 518 17 1
510 502 21 1
510 493 25 1
510 528 26 1
517 499 17 1
517 518 17 1
517 502 21 1
517 528 26 1
35 24 12 2
35 40 12 2
35 39 13 2
35 17 16 2
35 50 22 2
35 48 23 2
35 28 28 2
35 31 28 2
498 495 10 2
498 499 16 2
498 502 20 2
498 493 24 2
498 512 29 2
703 694 18 2
703 685 28 2
43 24 11 3
43 40 11 3
43 39 12 3
43 50 21 3
43 48 22 3
43 28 27 3
43 31 27 3
254 236 10 3
254 250 18 3
254 249 20 3
254 261 21 3
254 240 23 3
254 239 24 3
308 288 10 3
308 307 12 3
308 298 14 3
590 570 10 3
590 603 11 3
590 598 12 3
590 576 14 3
590 596 16 3
590 592 18 3
590 571 20 3
43 24 10 4
43 40 10 4
43 39 11 4
43 50 20 4
43 48 21 4
43 28 26 4
43 31 26 4
102 104 13 4
256 250 17 4
256 249 19 4
256 261 20 4
256 240 22 4
256 239 23 4
704 694 16 4
704 685 26 4
46 39 10 5
46 50 19 5
46 48 20 5
46 28 25 5
46 31 25 5
251 250 16 5
251 249 18 5
251 261 19 5
251 240 21 5
251 239 22 5
262 250 16 5
262 249 18 5
262 261 19 5
707 694 15 5
54 50 18 6
54 48 19 6
54 62 29 6
80 62 29 6
253 250 15 6
253 249 17 6
253 261 18 6
253 240 20 6
253 239 21 6
253 250 29 6
328 333 19 6
328 319 29 6
706 694 14 6
54 50 17 7
54 48 18 7
54 62 28 7
54 64 29 7
107 104 10 7
131 130 11 7
131 143 12 7
685 694 13 7
685 685 23 7
29 14 10 8
29 17 10 8
29 9 15 8
29 48 17 8
29 10 22 8
29 28 22 8
29 31 22 8
29 9 29 8
29 17 29 8
442 430 29 8
242 250 12 9
242 249 14 9
242 261 15 9
242 240 17 9
242 239 18 9
242 230 21 9
242 250 26 9
396 391 22 9
396 376 27 9
540 554 13 9
540 546 15 9
540 528 18 9
176 189 26 10
255 250 11 10
255 249 13 10
255 261 14 10
255 240 16 10
255 239 17 10
255 250 25 10
565 554 12 10
565 571 13 10
565 546 14 10
565 569 26 10
0 9 12 11
0 1 19 11
0 10 19 11
0 9 26 11
0 17 26 11
1 9 12 11
1 1 19 11
1 10 19 11
1 9 26 11
1 17 26 11
3 9 12 11
3 1 19 11
3 10 19 11
3 9 26 11
3 17 26 11
7 9 12 11
7 1 19 11
7 10 19 11
7 9 26 11
7 17 26 11
646 653 14 11
646 647 22 11
646 641 24 11
111 122 28 12
148 150 25 12
148 146 26 12
495 502 10 12
495 493 14 12
495 512 19 12
495 513 22 12
495 511 25 12
639 653 13 12
639 647 21 12
639 641 23 12
63 50 11 13
63 48 12 13
63 62 22 13
63 64 23 13
63 66 24 13
63 53 28 13
236 249 10 13
236 240 13 13
236 239 14 13
236 230 17 13
236 250 22 13
236 252 28 13
288 296 21 13
288 304 28 13
570 571 10 13
570 569 23 13
570 563 27 13
570 557 28 13
24 10 16 14
24 28 16 14
24 31 16 14
24 9 23 14
24 17 23 14
24 35 25 14
24 29 26 14
24 33 26 14
40 50 10 14
40 48 11 14
40 28 16 14
40 31 16 14
40 35 25 14
40 29 26 14
40 33 26 14
40 53 27 14
40 51 29 14
169 150 23 14
169 169 26 14
357 351 13 14
357 362 19 14
357 376 22 14
357 346 24 14
39 48 10 15
39 28 15 15
39 31 15 15
39 35 24 15
39 29 25 15
39 33 25 15
39 53 26 15
39 51 28 15
39 47 29 15
307 296 19 15
307 319 20 15
307 304 26 15
461 459 24 16
632 647 17 16
632 641 19 16
104 122 23 17
104 105 27 17
104 122 28 17
176 189 19 17
176 169 23 17
298 296 17 17
298 304 24 17
576 569 19 17
576 563 23 17
576 557 24 17
14 1 12 18
14 10 12 18
14 28 12 18
14 31 12 18
14 9 19 18
14 17 19 18
14 29 22 18
14 33 22 18
14 30 27 18
17 1 12 18
17 10 12 18
17 28 12 18
17 31 12 18
17 9 19 18
17 17 19 18
17 35 21 18
17 29 22 18
17 33 22 18
17 30 27 18
130 146 20 18
130 122 22 18
130 122 27 18
130 122 29 18
499 512 13 18
499 513 16 18
499 511 19 18
499 514 29 18
518 512 13 18
518 513 16 18
518 511 19 18
518 514 29 18
143 150 18 19
143 146 19 19
287 296 15 19
287 304 22 19
287 274 27 19
464 459 20 20
694 685 10 20
694 684 19 20
694 703 22 20
694 707 24 20
694 684 28 20
250 250 14 21
250 252 20 21
250 266 22 21
250 250 23 21
250 255 23 21
250 258 24 21
502 513 12 22
502 511 15 22
502 514 25 22
502 508 27 22
554 569 14 22
554 563 18 22
554 557 19 22
554 553 21 22
554 539 24 22
9 9 14 23
9 17 14 23
9 10 28 23
9 28 29 23
249 250 12 23
249 252 18 23
249 266 20 23
249 250 21 23
249 255 21 23
249 258 22 23
571 569 13 23
571 563 17 23
571 557 18 23
571 553 20 23
50 62 11 24
50 64 12 24
50 66 13 24
50 35 15 24
50 33 16 24
50 53 17 24
50 51 19 24
50 47 20 24
50 30 21 24
50 59 21 24
50 48 27 24
261 250 11 24
261 252 17 24
261 266 19 24
261 250 20 24
261 255 20 24
261 258 21 24
261 274 22 24
546 563 16 24
546 557 17 24
546 553 19 24
546 539 22 24
48 62 10 25
48 64 11 25
48 66 12 25
48 35 14 25
48 29 15 25
48 33 15 25
48 53 16 25
48 51 18 25
48 47 19 25
48 30 20 25
48 59 20 25
48 48 26 25
48 28 27 25
203 189 11 25
203 205 18 25
203 206 20 25
203 212 21 25
203 205 24 25
333 319 10 25
333 346 13 25
333 328 17 25
333 329 23 25
333 348 25 25
333 349 27 25
333 349 28 25
653 641 10 25
653 664 25 25
653 664 27 25
653 664 28 25
240 252 15 26
240 250 18 26
240 255 18 26
240 258 19 26
493 511 11 26
493 508 23 26
239 252 14 27
239 250 17 27
239 255 17 27
239 258 18 27
351 346 11 27
351 348 23 27
351 349 25 27
351 349 26 27
351 367 28 27
528 511 10 27
528 539 19 27
528 514 20 27
528 508 22 27
528 516 27 27
528 544 29 27
1 10 21 30
1 14 23 30
10 29 10 30
10 10 21 30
10 28 22 30
10 14 23 30
10 24 23 30
10 24 24 30
10 22 26 30
28 29 10 30
28 33 10 30
28 47 14 30
28 30 15 30
28 10 21 30
28 28 22 30
28 14 23 30
28 24 23 30
28 24 24 30
28 22 26 30
31 29 10 30
31 33 10 30
31 47 14 30
31 30 15 30
31 48 21 30
31 28 22 30
31 14 23 30
31 24 23 30
31 24 24 30
31 22 26 30
230 212 16 30
685 703 12 30
685 684 18 30
685 685 25 30
685 686 27 30
512 514 16 31
512 508 18 31
512 516 23 31
362 348 17 33
362 349 19 33
362 349 20 33
362 367 22 33
362 355 25 33
647 664 17 33
647 664 19 33
647 664 20 33
647 628 29 33
296 278 25 34
296 295 26 34
296 299 28 34
513 514 13 34
513 508 15 34
513 516 20 34
62 59 10 35
62 71 14 35
62 48 16 35
62 73 16 35
62 58 25 35
62 48 26 35
62 81 26 35
62 54 27 35
62 74 28 35
62 68 29 35
250 258 10 35
319 329 13 35
319 299 27 35
641 628 27 35
64 82 10 36
64 71 13 36
64 48 15 36
64 73 15 36
64 58 24 36
64 48 25 36
64 81 25 36
64 54 26 36
64 74 27 36
64 68 28 36
189 173 11 36
189 205 13 36
189 175 14 36
189 196 19 36
189 176 26 36
376 367 19 36
9 10 14 37
9 28 15 37
9 14 16 37
9 24 16 37
9 24 17 37
9 22 19 37
17 10 14 37
17 28 15 37
17 14 16 37
17 24 16 37
17 24 17 37
17 22 19 37
66 71 12 37
66 48 14 37
66 73 14 37
66 58 23 37
66 48 24 37
66 81 24 37
66 54 25 37
66 74 26 37
66 68 27 37
150 165 17 37
150 141 20 37
150 131 22 37
150 133 26 37
150 154 27 37
430 411 10 37
430 447 17 37
430 434 19 37
511 514 10 37
511 508 12 37
511 516 17 37
146 165 16 38
146 127 18 38
146 141 19 38
146 131 21 38
146 133 25 38
146 154 26 38
346 329 10 38
346 348 12 38
346 349 14 38
346 349 15 38
346 355 20 38
346 339 25 38
733 722 11 38
733 716 21 38
733 740 27 38
733 741 28 38
35 48 12 39
35 28 13 39
35 24 14 39
35 24 15 39
35 22 17 39
35 48 22 39
35 54 23 39
35 15 28 39
684 664 11 39
684 664 13 39
684 664 14 39
684 685 16 39
684 686 18 39
684 675 24 39
684 703 25 39
684 686 28 39
29 10 11 40
29 48 11 40
29 28 12 40
29 14 13 40
29 24 13 40
29 24 14 40
29 22 16 40
29 48 21 40
29 11 27 40
29 15 27 40
29 11 28 40
33 48 11 40
33 28 12 40
33 14 13 40
33 24 13 40
33 24 14 40
33 22 16 40
33 48 21 40
33 15 27 40
122 127 16 40
122 141 17 40
122 131 19 40
122 133 23 40
169 175 10 40
169 165 14 40
169 176 22 40
169 154 24 40
169 174 26 40
169 165 28 40
459 463 11 40
459 447 14 40
459 459 27 40
563 544 16 40
53 48 10 41
53 58 19 41
53 48 20 41
53 54 21 41
53 68 23 41
304 295 19 41
304 299 21 41
304 284 24 41
557 544 15 41
557 538 17 41
328 339 21 42
328 324 24 42
328 346 26 42
703 685 13 42
703 686 15 42
703 716 17 42
703 706 19 42
703 703 22 42
703 686 25 42
51 58 17 43
51 48 18 43
51 54 19 43
51 68 21 43
205 196 12 43
266 278 16 43
266 275 18 43
266 281 21 43
266 284 22 43
553 544 13 43
553 538 15 43
47 58 16 44
47 48 17 44
47 54 18 44
105 93 11 44
105 88 12 44
105 99 13 44
105 93 21 44
707 716 15 44
707 706 17 44
707 703 20 44
30 22 11 45
30 48 16 45
30 11 22 45
30 15 22 45
30 11 23 45
59 58 15 45
59 48 16 45
59 54 17 45
59 74 18 45
59 68 19 45
122 127 11 45
122 141 12 45
122 131 14 45
122 133 18 45
206 196 10 45
258 275 16 45
82 88 10 46
82 99 11 46
82 81 15 46
82 74 17 46
82 68 18 46
82 93 19 46
274 278 13 46
274 275 15 46
274 281 18 46
274 284 19 46
539 544 10 46
539 538 12 46
122 141 10 47
122 131 12 47
122 133 16 47
173 176 15 47
173 154 17 47
173 174 19 47
173 165 21 47
329 339 15 48
329 324 18 48
329 346 20 48
684 675 15 48
684 703 16 48
684 686 19 48
71 58 11 49
71 81 12 49
71 54 13 49
71 74 14 49
71 68 15 49
722 716 10 49
722 706 12 49
722 703 15 49
722 740 16 49
722 741 17 49
175 176 12 50
175 174 16 50
175 165 18 50
348 339 13 50
348 346 18 50
664 675 13 50
10 11 16 51
10 15 16 51
10 11 17 51
48 48 10 51
48 54 11 51
73 81 10 51
73 54 11 51
73 74 12 51
73 68 13 51
463 459 16 51
620 628 11 51
28 11 15 52
28 15 15 52
28 11 16 52
349 339 11 52
349 346 16 52
664 675 11 52
14 11 14 53
14 15 14 53
14 11 15 53
24 11 14 53
24 15 14 53
24 11 15 53
349 339 10 53
349 346 15 53
664 675 10 53
24 11 13 54
24 15 13 54
24 11 14 54
165 154 10 54
165 174 12 54
165 165 14 54
447 459 13 54
93 93 10 55
685 686 12 55
22 11 11 56
22 15 11 56
22 11 12 56
686 686 10 57
355 346 10 58
