25 39 13 0
25 24 15 0
25 31 15 0
25 20 19 0
25 5 23 0
25 38 23 0
25 42 24 0
25 42 25 0
36 39 13 0
36 24 15 0
36 31 15 0
36 20 19 0
36 38 23 0
36 42 24 0
36 42 25 0
116 107 18 0
116 109 19 0
116 99 20 0
116 110 24 0
116 99 28 0
253 259 13 0
253 240 17 0
456 470 20 0
456 439 21 0
456 453 26 0
45 39 12 1
45 31 14 1
45 38 22 1
45 42 23 1
45 42 24 1
135 141 24 1
135 142 25 1
135 137 28 1
135 135 29 1
464 470 19 1
464 453 25 1
599 597 14 1
462 470 18 2
462 453 24 2
758 744 18 2
758 764 19 2
758 747 20 2
758 764 21 2
758 764 22 2
758 748 23 2
758 747 24 2
758 761 25 2
41 39 10 3
41 24 12 3
41 31 12 3
41 38 20 3
41 42 21 3
41 42 22 3
114 107 15 3
114 109 16 3
114 99 17 3
114 110 21 3
114 99 25 3
114 97 28 3
114 131 28 3
135 141 22 3
135 142 23 3
135 137 26 3
135 135 27 3
135 131 28 3
401 398 13 3
401 409 16 3
401 420 27 3
698 716 11 3
21 24 11 4
21 31 11 4
21 20 15 4
21 1 16 4
21 1 18 4
21 5 19 4
21 38 19 4
21 4 20 4
41 24 11 4
41 31 11 4
41 38 19 4
41 42 20 4
41 42 21 4
113 107 14 4
113 109 15 4
113 99 16 4
113 110 20 4
113 99 24 4
113 97 27 4
113 131 27 4
463 470 16 4
463 453 22 4
706 716 10 4
41 24 10 5
41 31 10 5
41 38 18 5
41 42 19 5
41 42 20 5
41 58 29 5
159 173 11 5
159 141 20 5
159 142 21 5
306 301 12 5
171 173 10 6
458 470 14 6
458 439 15 6
458 453 20 6
39 20 11 8
39 38 15 8
39 42 16 8
39 42 17 8
39 58 26 8
39 25 27 8
39 37 27 8
263 260 23 8
394 409 10 9
394 376 25 9
352 353 13 10
352 358 14 10
352 351 18 10
352 336 19 10
352 368 23 10
603 586 29 10
634 651 16 12
39 38 10 13
39 42 11 13
39 42 12 13
39 58 21 13
39 25 22 13
39 37 22 13
39 41 26 13
259 260 18 13
513 512 17 13
513 522 20 13
513 519 22 13
513 496 23 13
186 204 19 14
186 190 23 14
186 182 24 14
716 719 23 14
24 42 10 15
24 25 20 15
24 37 20 15
24 41 24 15
24 41 28 15
31 42 10 15
31 25 20 15
31 37 20 15
31 41 24 15
31 41 28 15
31 45 29 15
79 72 14 15
79 97 16 15
79 63 19 15
79 63 24 15
79 68 29 15
337 351 13 15
337 336 14 15
597 578 23 15
597 586 24 15
173 190 21 16
173 182 22 16
398 390 28 16
398 390 29 16
511 512 14 16
511 522 17 16
511 519 19 16
511 496 20 16
240 232 27 17
301 300 21 17
670 651 11 17
107 99 10 18
107 97 13 18
107 126 18 18
221 204 15 18
221 232 26 18
499 512 12 18
499 496 18 18
532 536 11 18
532 512 12 18
532 522 15 18
532 519 17 18
532 539 26 18
532 538 27 18
0 18 28 19
20 25 16 19
20 37 16 19
20 18 28 19
20 38 28 19
109 97 12 19
109 126 17 19
109 127 17 19
231 232 25 19
409 420 11 19
409 390 25 19
409 390 26 19
540 536 10 19
540 522 14 19
540 539 25 19
540 538 26 19
0 18 27 20
1 18 27 20
99 97 11 20
470 453 23 20
744 747 20 20
744 746 21 20
744 747 23 20
744 732 26 20
439 453 22 21
439 439 26 21
764 747 19 21
764 746 20 21
764 747 22 21
0 18 25 22
1 18 25 22
747 747 18 22
747 746 19 22
747 747 21 22
747 732 24 22
5 18 24 23
38 25 12 23
38 37 12 23
38 41 16 23
38 41 20 23
38 45 21 23
38 18 24 23
38 38 24 23
38 41 28 23
353 368 10 23
764 747 17 23
764 746 18 23
764 747 20 23
4 18 23 24
42 58 10 24
42 25 11 24
42 37 11 24
42 41 15 24
42 41 19 24
42 45 20 24
42 38 23 24
42 41 27 24
110 126 12 24
110 127 12 24
110 97 29 24
358 376 10 24
358 377 26 24
764 747 16 24
764 746 17 24
764 747 19 24
764 759 29 24
42 25 10 25
42 37 10 25
42 41 14 25
42 41 18 25
42 45 19 25
42 38 22 25
42 41 26 25
42 22 29 25
141 126 11 25
141 127 11 25
141 136 16 25
141 136 20 25
141 138 28 25
748 747 15 25
748 746 16 25
748 747 18 25
748 732 21 25
748 759 28 25
142 126 10 26
142 127 10 26
142 136 15 26
142 136 19 26
142 138 27 26
453 453 17 26
453 439 21 26
747 747 14 26
747 746 15 26
747 747 17 26
747 732 20 26
747 759 27 26
747 746 29 26
761 747 13 27
761 746 14 27
761 747 16 27
761 759 26 27
761 746 28 27
99 97 25 28
99 97 27 28
99 98 28 28
651 663 22 28
651 664 24 28
651 666 26 28
72 63 10 29
72 68 15 29
72 65 18 29
137 136 12 29
137 136 16 29
137 138 24 29
137 138 29 29
336 320 19 29
536 539 15 29
536 538 16 29
135 136 11 30
135 136 15 30
135 138 23 30
135 138 28 30
420 439 17 30
420 401 21 30
420 416 27 30
97 97 22 31
97 97 24 31
97 98 25 31
97 116 29 31
131 136 10 31
131 136 14 31
131 138 22 31
131 138 27 31
131 116 29 31
131 143 29 31
260 241 18 31
260 255 18 31
260 258 24 31
260 248 25 31
260 258 25 31
576 574 16 31
576 586 17 31
576 579 27 31
204 186 14 33
204 186 15 33
204 206 26 33
368 377 17 33
368 357 27 33
368 359 28 33
522 539 11 33
522 538 12 33
58 45 10 34
58 68 10 34
58 38 13 34
58 65 13 34
58 41 17 34
58 46 24 34
58 73 25 34
58 40 26 34
58 45 29 34
63 45 10 34
63 68 10 34
63 65 13 34
63 46 24 34
63 73 25 34
63 45 29 34
136 136 11 34
136 138 19 34
136 138 24 34
136 116 26 34
136 143 26 34
136 119 27 34
136 141 29 34
376 390 10 34
376 390 11 34
376 377 16 34
376 357 26 34
376 359 27 34
25 18 12 35
25 38 12 35
25 41 16 35
25 22 19 35
25 5 25 35
25 8 25 35
25 40 25 35
37 18 12 35
37 38 12 35
37 41 16 35
37 22 19 35
37 46 23 35
37 40 25 35
37 45 28 35
519 538 10 35
126 138 17 36
126 138 22 36
126 116 24 36
126 143 24 36
126 119 25 36
126 110 27 36
126 141 27 36
126 141 28 36
126 138 29 36
127 138 17 36
127 138 22 36
127 116 24 36
127 143 24 36
127 119 25 36
127 110 27 36
127 141 27 36
127 141 28 36
127 138 29 36
566 574 11 36
566 579 22 36
190 186 10 37
190 186 11 37
190 206 22 37
182 186 10 38
578 586 10 38
578 579 20 38
41 41 12 39
41 22 15 39
41 46 19 39
41 40 21 39
41 45 24 39
41 39 26 39
63 46 19 39
63 73 20 39
63 45 24 39
63 72 29 39
586 599 10 39
586 604 17 39
586 599 18 39
586 579 19 39
747 759 13 40
747 746 15 40
747 759 19 40
747 746 23 40
747 764 25 40
747 764 26 40
747 746 27 40
747 747 28 40
747 747 29 40
136 138 12 41
136 138 17 41
136 116 19 41
136 143 19 41
136 119 20 41
136 141 22 41
136 141 23 41
136 138 24 41
136 139 25 41
136 139 27 41
746 759 12 41
746 746 14 41
746 759 18 41
746 746 22 41
746 764 24 41
746 764 25 41
746 746 26 41
746 747 27 41
746 747 28 41
41 22 11 43
41 46 15 43
41 40 17 43
41 45 20 43
41 39 22 43
41 46 26 43
453 456 15 43
453 465 20 43
453 453 21 43
453 439 24 43
747 759 10 43
747 746 12 43
747 759 16 43
747 746 20 43
747 764 22 43
747 764 23 43
747 746 24 43
747 747 25 43
747 747 26 43
747 746 28 43
45 46 14 44
45 40 16 44
45 45 19 44
45 39 21 44
45 46 25 44
68 73 15 44
68 72 24 44
68 71 26 44
232 248 12 44
232 217 23 44
539 552 28 44
136 138 13 45
136 116 15 45
136 143 15 45
136 119 16 45
136 141 18 45
136 141 19 45
136 138 20 45
136 139 21 45
136 139 23 45
538 552 27 45
538 533 29 45
732 746 17 46
732 746 21 46
732 747 22 46
732 747 23 46
732 746 25 46
18 0 13 47
18 1 13 47
18 5 13 47
18 8 13 47
18 1 14 47
18 2 18 47
18 3 18 47
18 3 19 47
18 4 20 47
18 4 22 47
18 4 29 47
18 9 29 47
18 17 29 47
38 46 11 47
38 40 13 47
38 45 16 47
38 39 18 47
38 46 22 47
38 42 29 47
65 46 11 47
65 73 12 47
65 45 16 47
65 72 21 47
65 46 22 47
65 71 23 47
65 61 27 47
65 64 27 47
65 66 28 47
186 202 23 47
186 178 24 47
186 175 25 47
439 456 11 47
439 453 17 47
439 428 18 47
439 429 19 47
439 439 20 47
574 579 11 47
574 570 23 47
574 572 26 47
186 202 22 48
186 178 23 48
186 175 24 48
320 335 22 48
320 311 23 48
586 579 10 48
586 570 22 48
586 572 25 48
241 230 26 49
377 357 10 50
377 359 11 50
663 648 12 50
663 643 26 50
41 45 12 51
41 39 14 51
41 46 18 51
41 42 25 51
624 642 10 51
624 643 25 51
624 641 26 51
664 648 10 52
97 110 10 53
97 114 19 53
97 113 20 53
138 141 10 53
138 141 11 53
138 138 12 53
138 139 13 53
138 139 15 53
759 746 10 53
759 764 12 53
759 764 13 53
759 746 14 53
759 747 15 53
759 747 16 53
759 746 18 53
22 2 11 54
22 3 11 54
22 39 11 54
22 3 12 54
22 4 13 54
22 4 15 54
22 4 22 54
22 9 22 54
22 17 22 54
22 6 23 54
22 7 23 54
22 15 23 54
97 114 17 55
97 113 18 55
746 764 10 55
746 764 11 55
746 746 12 55
746 747 13 55
746 747 14 55
746 746 16 55
98 114 16 56
98 113 17 56
248 230 19 56
46 46 11 58
46 61 16 58
46 64 16 58
46 42 18 58
138 139 10 58
579 570 12 58
579 572 15 58
73 71 11 59
73 61 15 59
73 64 15 59
73 66 16 59
206 202 11 59
206 220 18 59
759 747 10 59
759 746 12 59
0 4 16 60
0 9 16 60
0 17 16 60
0 6 17 60
0 7 17 60
0 15 17 60
1 4 16 60
1 9 16 60
1 17 16 60
1 6 17 60
1 7 17 60
1 15 17 60
5 4 16 60
5 9 16 60
5 17 16 60
5 6 17 60
5 7 17 60
5 15 17 60
8 4 16 60
8 9 16 60
8 17 16 60
8 6 17 60
8 7 17 60
8 15 17 60
40 42 16 60
116 114 12 60
116 113 13 60
357 343 14 60
629 643 16 60
629 641 17 60
1 4 15 61
1 9 15 61
1 17 15 61
1 6 16 61
1 7 16 61
1 15 16 61
119 114 11 61
119 113 12 61
359 343 13 61
642 643 15 61
642 641 16 61
648 643 14 62
648 641 15 62
45 61 11 63
45 64 11 63
45 42 13 63
110 113 10 63
2 4 11 65
2 9 11 65
2 17 11 65
2 6 12 65
2 7 12 65
2 15 12 65
3 4 11 65
3 9 11 65
3 17 11 65
3 6 12 65
3 7 12 65
3 15 12 65
39 42 11 65
3 4 10 66
3 9 10 66
3 17 10 66
3 6 11 66
3 7 11 66
3 15 11 66
4 6 10 67
4 7 10 67
4 15 10 67
217 220 10 67
