33 33 2 0
33 30 3 0
33 31 3 0
33 0 13 0
33 1 13 0
33 7 14 0
33 6 15 0
33 6 17 0
33 7 17 0
33 21 18 0
179 181 1 1
179 213 2 1
179 232 3 1
179 235 16 1
179 184 17 1
179 194 18 1
959 996 12 1
959 996 15 1
959 997 16 1
33 30 1 2
33 31 1 2
33 0 11 2
33 1 11 2
33 7 12 2
33 6 13 2
33 6 15 2
33 7 15 2
33 21 16 2
181 213 1 2
181 232 2 2
181 235 15 2
181 184 16 2
181 194 17 2
820 793 16 2
30 0 10 3
30 1 10 3
30 7 11 3
30 6 12 3
30 6 14 3
30 7 14 3
30 21 15 3
31 0 10 3
31 1 10 3
31 7 11 3
31 6 12 3
31 6 14 3
31 7 14 3
31 21 15 3
213 232 1 3
213 260 1 3
213 235 14 3
213 184 15 3
213 194 16 3
606 617 1 3
606 575 16 3
232 235 13 4
232 184 14 4
232 194 15 4
260 235 13 4
617 575 15 4
352 349 14 5
514 462 1 5
514 528 1 5
514 479 8 5
514 477 10 5
462 479 7 6
462 477 9 6
462 449 12 6
528 479 7 6
528 477 9 6
528 575 13 6
0 7 1 13
0 6 2 13
0 6 4 13
0 7 4 13
0 21 5 13
0 24 16 13
0 52 16 13
0 29 17 13
0 33 17 13
0 33 18 13
1 7 1 13
1 6 2 13
1 6 4 13
1 7 4 13
1 21 5 13
1 24 16 13
1 52 16 13
1 29 17 13
1 33 17 13
1 33 18 13
479 477 2 13
479 449 5 13
479 427 17 13
479 526 18 13
996 1019 1 13
996 1019 2 13
996 996 3 13
996 997 4 13
996 995 13 13
996 977 16 13
1023 1019 1 13
1023 1019 2 13
1023 996 3 13
1023 997 4 13
1023 995 13 13
1023 977 16 13
7 6 1 14
7 6 3 14
7 7 3 14
7 21 4 14
7 24 15 14
7 52 15 14
7 29 16 14
7 33 16 14
7 33 17 14
7 55 20 14
1019 1019 1 14
1019 996 2 14
1019 997 3 14
1019 995 12 14
1019 977 15 14
6 6 2 15
6 7 2 15
6 21 3 15
6 24 14 15
6 52 14 15
6 29 15 15
6 33 15 15
6 33 16 15
6 55 19 15
477 449 3 15
477 427 15 15
477 526 16 15
477 462 19 15
1019 996 1 15
1019 997 2 15
1019 995 11 15
1019 977 14 15
996 997 1 16
996 995 10 16
996 977 13 16
6 21 1 17
6 24 12 17
6 52 12 17
6 29 13 17
6 33 13 17
6 33 14 17
6 55 17 17
6 21 19 17
6 23 20 17
7 21 1 17
7 24 12 17
7 52 12 17
7 29 13 17
7 33 13 17
7 33 14 17
7 55 17 17
7 21 19 17
7 23 20 17
235 184 1 17
235 194 2 17
235 182 11 17
235 249 13 17
235 182 19 17
235 272 20 17
997 995 9 17
997 977 12 17
21 24 11 18
21 52 11 18
21 29 12 18
21 33 12 18
21 67 12 18
21 33 13 18
21 55 16 18
21 21 18 18
21 77 18 18
21 23 19 18
21 0 20 18
21 2 20 18
21 3 20 18
21 8 20 18
21 25 20 18
184 194 1 18
184 182 10 18
184 129 15 18
184 130 17 18
184 182 18 18
184 140 19 18
184 190 20 18
449 427 12 18
449 462 16 18
449 477 20 18
793 782 12 18
793 805 17 18
793 776 18 18
194 182 9 19
194 249 11 19
194 182 17 19
194 140 18 19
194 190 19 19
349 309 9 19
349 321 12 19
349 344 13 19
349 345 16 19
575 605 8 19
575 526 12 19
575 611 13 19
575 527 18 19
995 977 3 26
995 994 13 26
995 995 16 26
995 996 17 26
605 611 5 27
605 664 11 27
605 556 14 27
605 564 17 27
91 52 1 28
91 33 2 28
91 67 2 28
91 33 3 28
91 129 5 28
91 55 6 28
91 130 7 28
91 77 8 28
91 99 9 28
91 140 9 28
91 97 10 28
91 55 13 28
91 95 16 28
91 80 18 28
91 150 18 28
91 86 19 28
91 149 19 28
182 129 5 28
182 130 7 28
182 182 8 28
182 140 9 28
182 190 10 28
182 188 12 28
182 185 13 28
182 186 14 28
182 187 15 28
182 235 16 28
182 234 17 28
182 150 18 28
182 149 19 28
309 249 2 28
309 321 3 28
309 344 4 28
309 345 7 28
309 272 9 28
309 290 14 28
309 291 15 28
309 264 16 28
309 342 17 28
309 296 19 28
709 664 10 28
709 710 18 28
24 29 1 29
24 33 1 29
24 67 1 29
24 33 2 29
24 55 5 29
24 21 7 29
24 77 7 29
24 23 8 29
24 0 9 29
24 2 9 29
24 3 9 29
24 8 9 29
24 25 9 29
24 1 10 29
24 15 10 29
24 4 12 29
24 8 12 29
24 55 12 29
24 5 13 29
24 25 15 29
24 7 17 29
24 80 17 29
52 29 1 29
52 33 1 29
52 67 1 29
52 33 2 29
52 55 5 29
52 21 7 29
52 77 7 29
52 23 8 29
52 99 8 29
52 0 9 29
52 2 9 29
52 3 9 29
52 8 9 29
52 25 9 29
52 97 9 29
52 1 10 29
52 15 10 29
52 4 12 29
52 8 12 29
52 55 12 29
52 5 13 29
52 25 15 29
52 95 15 29
52 7 17 29
52 80 17 29
52 86 18 29
977 994 10 29
977 995 13 29
977 996 14 29
29 33 1 30
29 55 4 30
29 21 6 30
29 77 6 30
29 23 7 30
29 0 8 30
29 2 8 30
29 3 8 30
29 8 8 30
29 25 8 30
29 1 9 30
29 15 9 30
29 4 11 30
29 8 11 30
29 55 11 30
29 5 12 30
29 25 14 30
29 7 16 30
29 80 16 30
29 86 17 30
33 33 1 30
33 55 4 30
33 21 6 30
33 77 6 30
33 23 7 30
33 0 8 30
33 2 8 30
33 3 8 30
33 8 8 30
33 25 8 30
33 1 9 30
33 15 9 30
33 4 11 30
33 8 11 30
33 55 11 30
33 5 12 30
33 25 14 30
33 7 16 30
33 80 16 30
33 86 17 30
67 33 1 30
67 55 4 30
67 21 6 30
67 77 6 30
67 23 7 30
67 99 7 30
67 8 8 30
67 25 8 30
67 97 8 30
67 15 9 30
67 8 11 30
67 55 11 30
67 25 14 30
67 95 14 30
67 7 16 30
67 80 16 30
67 86 17 30
249 272 7 30
249 190 8 30
249 290 12 30
249 291 13 30
249 235 14 30
249 264 14 30
249 234 15 30
249 296 17 30
427 462 4 30
427 477 8 30
427 386 16 30
782 805 5 30
782 776 6 30
33 55 3 31
33 21 5 31
33 77 5 31
33 23 6 31
33 0 7 31
33 2 7 31
33 3 7 31
33 8 7 31
33 25 7 31
33 1 8 31
33 15 8 31
33 4 10 31
33 8 10 31
33 55 10 31
33 5 11 31
33 25 13 31
33 7 15 31
33 80 15 31
33 86 16 31
321 344 1 31
321 345 4 31
321 272 6 31
321 290 11 31
321 291 12 31
321 264 13 31
321 342 14 31
321 296 16 31
526 527 6 31
526 477 7 31
526 556 10 31
526 564 13 31
526 539 14 31
344 345 3 32
344 290 10 32
344 291 11 32
344 342 13 32
344 386 14 32
344 296 15 32
611 664 6 32
611 556 9 32
611 564 12 32
129 130 2 33
129 77 3 33
129 182 3 33
129 99 4 33
129 140 4 33
129 97 5 33
129 188 7 33
129 185 8 33
129 186 9 33
129 187 10 33
129 95 11 33
129 80 13 33
129 150 13 33
129 86 14 33
129 149 14 33
886 868 1 33
886 903 7 33
886 862 14 33
55 21 2 34
55 77 2 34
55 23 3 34
55 99 3 34
55 0 4 34
55 2 4 34
55 3 4 34
55 8 4 34
55 25 4 34
55 97 4 34
55 1 5 34
55 15 5 34
55 4 7 34
55 8 7 34
55 55 7 34
55 5 8 34
55 25 10 34
55 95 10 34
55 7 12 34
55 80 12 34
55 86 13 34
462 477 4 34
868 903 6 34
868 862 13 34
130 77 1 35
130 182 1 35
130 99 2 35
130 140 2 35
130 97 3 35
130 188 5 35
130 185 6 35
130 186 7 35
130 187 8 35
130 95 9 35
130 80 11 35
130 150 11 35
130 86 12 35
130 149 12 35
345 290 7 35
345 291 8 35
345 342 10 35
345 386 11 35
345 296 12 35
805 776 1 35
805 862 12 35
21 23 1 36
21 0 2 36
21 2 2 36
21 3 2 36
21 8 2 36
21 25 2 36
21 1 3 36
21 15 3 36
21 4 5 36
21 8 5 36
21 55 5 36
21 5 6 36
21 25 8 36
21 7 10 36
21 80 10 36
77 23 1 36
77 99 1 36
77 25 2 36
77 97 2 36
77 55 5 36
77 25 8 36
77 95 8 36
77 80 10 36
77 86 11 36
182 140 1 36
182 190 2 36
182 188 4 36
182 185 5 36
182 186 6 36
182 187 7 36
182 235 8 36
182 234 9 36
182 150 10 36
182 149 11 36
23 0 1 37
23 2 1 37
23 3 1 37
23 8 1 37
23 25 1 37
23 1 2 37
23 15 2 37
23 4 4 37
23 8 4 37
23 55 4 37
23 5 5 37
23 25 7 37
23 7 9 37
23 80 9 37
99 97 1 37
99 55 4 37
99 95 7 37
99 80 9 37
99 150 9 37
99 86 10 37
99 149 10 37
140 97 1 37
140 190 1 37
140 188 3 37
140 185 4 37
140 186 5 37
140 187 6 37
140 95 7 37
140 80 9 37
140 150 9 37
140 86 10 37
140 149 10 37
272 290 5 37
272 291 6 37
272 235 7 37
272 264 7 37
272 234 8 37
272 296 10 37
527 477 1 37
527 556 4 37
527 564 7 37
527 539 8 37
0 1 1 38
0 15 1 38
0 4 3 38
0 8 3 38
0 55 3 38
0 5 4 38
0 25 6 38
0 7 8 38
2 1 1 38
2 15 1 38
2 4 3 38
2 8 3 38
2 55 3 38
2 5 4 38
2 25 6 38
2 7 8 38
3 1 1 38
3 15 1 38
3 4 3 38
3 8 3 38
3 55 3 38
3 5 4 38
3 25 6 38
3 7 8 38
8 1 1 38
8 15 1 38
8 4 3 38
8 8 3 38
8 55 3 38
8 5 4 38
8 25 6 38
8 7 8 38
25 1 1 38
25 15 1 38
25 4 3 38
25 8 3 38
25 55 3 38
25 5 4 38
25 25 6 38
25 7 8 38
25 80 8 38
97 55 3 38
97 95 6 38
97 80 8 38
97 150 8 38
97 86 9 38
97 149 9 38
190 188 2 38
190 185 3 38
190 186 4 38
190 187 5 38
190 235 6 38
190 234 7 38
190 150 8 38
190 149 9 38
664 710 8 38
1 4 2 39
1 8 2 39
1 55 2 39
1 5 3 39
1 25 5 39
1 7 7 39
15 4 2 39
15 8 2 39
15 55 2 39
15 5 3 39
15 25 5 39
15 7 7 39
994 995 3 39
994 996 4 39
188 185 1 40
188 186 2 40
188 187 3 40
188 235 4 40
188 234 5 40
188 150 6 40
188 149 7 40
903 862 7 40
4 5 1 41
4 25 3 41
4 7 5 41
8 5 1 41
8 25 3 41
8 7 5 41
55 5 1 41
55 25 3 41
55 95 3 41
55 7 5 41
55 80 5 41
55 86 6 41
185 186 1 41
185 187 2 41
185 235 3 41
185 234 4 41
185 150 5 41
185 149 6 41
556 564 3 41
556 539 4 41
5 25 2 42
5 7 4 42
186 187 1 42
186 235 2 42
186 234 3 42
186 150 4 42
186 149 5 42
290 291 1 42
290 235 2 42
290 264 2 42
290 234 3 42
290 342 3 42
290 296 5 42
995 996 1 42
187 235 1 43
187 234 2 43
187 150 3 43
187 149 4 43
291 235 1 43
291 264 1 43
291 234 2 43
291 342 2 43
291 296 4 43
25 7 2 44
25 80 2 44
95 80 2 44
95 150 2 44
95 86 3 44
95 149 3 44
235 234 1 44
264 234 1 44
264 296 3 44
564 539 1 44
342 386 1 45
342 296 2 45
80 86 1 46
150 149 1 46
