30 11 3 1
30 22 3 1
30 31 3 1
30 2 5 1
30 3 5 1
30 10 5 1
30 17 5 1
30 40 5 1
30 28 7 1
30 59 12 1
30 63 12 1
30 71 13 1
30 12 17 1
30 17 17 1
30 50 17 1
30 0 19 1
30 1 19 1
30 3 19 1
30 7 19 1
30 15 19 1
30 34 19 1
30 18 20 1
30 11 23 1
30 17 23 1
30 49 23 1
30 83 23 1
30 35 27 1
30 17 30 1
30 51 30 1
30 12 32 1
30 21 32 1
30 77 39 1
30 39 51 1
34 11 3 1
34 22 3 1
34 31 3 1
34 2 5 1
34 3 5 1
34 10 5 1
34 17 5 1
34 40 5 1
34 28 7 1
34 59 12 1
34 63 12 1
34 71 13 1
34 12 17 1
34 17 17 1
34 50 17 1
34 0 19 1
34 1 19 1
34 3 19 1
34 7 19 1
34 15 19 1
34 34 19 1
34 18 20 1
34 11 23 1
34 17 23 1
34 49 23 1
34 83 23 1
34 35 27 1
34 17 30 1
34 51 30 1
34 12 32 1
34 21 32 1
34 77 39 1
34 39 51 1
218 175 4 1
218 177 5 1
218 180 6 1
218 195 9 1
218 199 10 1
218 195 11 1
218 252 17 1
218 199 19 1
218 169 20 1
218 269 20 1
218 189 23 1
218 161 26 1
218 171 27 1
218 183 28 1
218 181 29 1
218 167 30 1
218 211 31 1
218 174 32 1
218 178 33 1
218 162 34 1
218 159 35 1
218 238 38 1
218 254 39 1
218 250 40 1
218 194 41 1
218 249 42 1
218 160 51 1
218 207 53 1
819 839 6 1
819 842 33 1
819 850 34 1
819 848 35 1
819 875 53 1
396 397 2 2
396 363 4 2
396 438 8 2
396 404 9 2
396 402 27 2
396 361 30 2
396 345 33 2
396 361 34 2
396 382 37 2
396 344 38 2
396 421 41 2
396 344 50 2
927 980 27 2
927 959 38 2
927 875 52 2
927 977 53 2
306 363 3 3
306 332 10 3
306 284 14 3
306 252 15 3
306 287 15 3
306 322 17 3
306 269 18 3
306 280 20 3
306 291 21 3
306 288 22 3
306 332 23 3
306 309 25 3
306 306 27 3
306 310 28 3
306 361 29 3
306 302 30 3
306 303 31 3
306 345 32 3
306 361 33 3
306 326 34 3
306 254 37 3
306 344 37 3
306 250 38 3
306 249 40 3
306 344 49 3
546 543 1 3
546 585 5 3
546 576 6 3
546 582 9 3
546 595 10 3
546 593 11 3
546 512 12 3
546 604 14 3
546 579 16 3
546 526 17 3
546 527 22 3
546 533 23 3
546 574 24 3
546 515 28 3
546 534 34 3
546 539 35 3
546 588 36 3
546 511 38 3
546 587 49 3
546 579 50 3
11 2 2 4
11 3 2 4
11 10 2 4
11 17 2 4
11 40 2 4
11 28 4 4
11 59 9 4
11 63 9 4
11 12 14 4
11 17 14 4
11 50 14 4
11 0 16 4
11 1 16 4
11 3 16 4
11 7 16 4
11 15 16 4
11 34 16 4
11 18 17 4
11 11 20 4
11 17 20 4
11 49 20 4
11 35 24 4
11 17 27 4
11 51 27 4
11 12 29 4
11 21 29 4
11 39 48 4
22 2 2 4
22 3 2 4
22 10 2 4
22 17 2 4
22 40 2 4
22 28 4 4
22 59 9 4
22 63 9 4
22 71 10 4
22 12 14 4
22 17 14 4
22 50 14 4
22 0 16 4
22 1 16 4
22 3 16 4
22 7 16 4
22 15 16 4
22 34 16 4
22 18 17 4
22 11 20 4
22 17 20 4
22 49 20 4
22 35 24 4
22 17 27 4
22 51 27 4
22 12 29 4
22 21 29 4
22 77 36 4
22 39 48 4
31 2 2 4
31 3 2 4
31 10 2 4
31 17 2 4
31 40 2 4
31 28 4 4
31 59 9 4
31 63 9 4
31 71 10 4
31 12 14 4
31 17 14 4
31 50 14 4
31 0 16 4
31 1 16 4
31 3 16 4
31 7 16 4
31 15 16 4
31 34 16 4
31 18 17 4
31 11 20 4
31 17 20 4
31 49 20 4
31 83 20 4
31 35 24 4
31 17 27 4
31 51 27 4
31 12 29 4
31 21 29 4
31 77 36 4
31 39 48 4
114 59 9 4
114 63 9 4
114 71 10 4
114 100 14 4
114 100 15 4
114 116 16 4
114 169 17 4
114 83 20 4
114 101 21 4
114 161 23 4
114 171 24 4
114 167 27 4
114 162 31 4
114 159 32 4
114 124 33 4
114 128 33 4
114 77 36 4
114 160 48 4
145 175 1 4
145 177 2 4
145 180 3 4
145 195 6 4
145 199 7 4
145 195 8 4
145 100 14 4
145 100 15 4
145 116 16 4
145 199 16 4
145 169 17 4
145 189 20 4
145 101 21 4
145 161 23 4
145 171 24 4
145 183 25 4
145 181 26 4
145 167 27 4
145 174 29 4
145 178 30 4
145 162 31 4
145 159 32 4
145 124 33 4
145 128 33 4
145 194 38 4
145 160 48 4
397 363 2 4
397 438 6 4
397 404 7 4
397 402 25 4
397 361 28 4
397 345 31 4
397 361 32 4
397 382 35 4
397 344 36 4
397 421 39 4
397 344 48 4
543 585 4 4
543 576 5 4
543 582 8 4
543 595 9 4
543 593 10 4
543 512 11 4
543 484 12 4
543 579 15 4
543 526 16 4
543 527 21 4
543 533 22 4
543 574 23 4
543 515 27 4
543 534 33 4
543 539 34 4
543 588 35 4
543 511 37 4
543 587 48 4
543 579 49 4
175 177 1 5
175 180 2 5
175 195 5 5
175 199 6 5
175 195 7 5
175 116 15 5
175 199 15 5
175 169 16 5
175 189 19 5
175 161 22 5
175 171 23 5
175 183 24 5
175 181 25 5
175 167 26 5
175 211 27 5
175 174 28 5
175 178 29 5
175 162 30 5
175 159 31 5
175 124 32 5
175 128 32 5
175 194 37 5
175 160 47 5
175 207 49 5
482 438 5 5
482 481 10 5
482 512 10 5
482 484 11 5
482 526 15 5
482 527 20 5
482 533 21 5
482 515 26 5
482 534 32 5
482 539 33 5
482 465 36 5
482 511 36 5
642 585 3 5
642 651 6 5
642 582 7 5
642 595 8 5
642 593 9 5
642 620 11 5
642 604 12 5
642 689 18 5
642 650 19 5
642 642 23 5
642 588 34 5
642 623 38 5
642 587 47 5
2 28 2 6
2 59 7 6
2 12 12 6
2 17 12 6
2 50 12 6
2 0 14 6
2 1 14 6
2 3 14 6
2 7 14 6
2 15 14 6
2 34 14 6
2 18 15 6
2 11 18 6
2 17 18 6
2 49 18 6
2 35 22 6
2 17 25 6
2 51 25 6
2 12 27 6
2 21 27 6
2 39 46 6
3 28 2 6
3 59 7 6
3 12 12 6
3 17 12 6
3 50 12 6
3 0 14 6
3 1 14 6
3 3 14 6
3 7 14 6
3 15 14 6
3 34 14 6
3 18 15 6
3 11 18 6
3 17 18 6
3 49 18 6
3 35 22 6
3 17 25 6
3 51 25 6
3 12 27 6
3 21 27 6
3 39 46 6
10 28 2 6
10 59 7 6
10 63 7 6
10 12 12 6
10 17 12 6
10 50 12 6
10 0 14 6
10 1 14 6
10 3 14 6
10 7 14 6
10 15 14 6
10 34 14 6
10 18 15 6
10 11 18 6
10 17 18 6
10 49 18 6
10 35 22 6
10 17 25 6
10 51 25 6
10 12 27 6
10 21 27 6
10 39 46 6
17 28 2 6
17 59 7 6
17 63 7 6
17 71 8 6
17 12 12 6
17 17 12 6
17 50 12 6
17 0 14 6
17 1 14 6
17 3 14 6
17 7 14 6
17 15 14 6
17 34 14 6
17 18 15 6
17 11 18 6
17 17 18 6
17 49 18 6
17 35 22 6
17 17 25 6
17 51 25 6
17 12 27 6
17 21 27 6
17 39 46 6
40 28 2 6
40 59 7 6
40 63 7 6
40 71 8 6
40 12 12 6
40 17 12 6
40 50 12 6
40 0 14 6
40 1 14 6
40 3 14 6
40 7 14 6
40 15 14 6
40 34 14 6
40 18 15 6
40 11 18 6
40 17 18 6
40 49 18 6
40 83 18 6
40 35 22 6
40 17 25 6
40 51 25 6
40 12 27 6
40 21 27 6
40 77 34 6
40 39 46 6
177 180 1 6
177 195 4 6
177 199 5 6
177 195 6 6
177 199 14 6
177 169 15 6
177 189 18 6
177 161 21 6
177 171 22 6
177 183 23 6
177 181 24 6
177 167 25 6
177 211 26 6
177 174 27 6
177 178 28 6
177 162 29 6
177 159 30 6
177 124 31 6
177 128 31 6
177 194 36 6
177 160 46 6
177 207 48 6
363 404 5 6
363 332 7 6
363 322 14 6
363 332 20 6
363 309 22 6
363 402 23 6
363 306 24 6
363 310 25 6
363 361 26 6
363 303 28 6
363 345 29 6
363 361 30 6
363 326 31 6
363 382 33 6
363 344 34 6
363 421 37 6
363 344 46 6
1018 1023 2 6
1018 1023 12 6
1018 1023 21 6
1018 980 23 6
1018 1018 24 6
1018 1017 26 6
1018 959 34 6
1018 977 49 6
180 195 3 7
180 199 4 7
180 195 5 7
180 199 13 7
180 169 14 7
180 189 17 7
180 161 20 7
180 171 21 7
180 183 22 7
180 181 23 7
180 167 24 7
180 211 25 7
180 174 26 7
180 178 27 7
180 162 28 7
180 159 29 7
180 124 30 7
180 128 30 7
180 238 32 7
180 194 35 7
180 160 45 7
180 207 47 7
839 842 27 7
839 850 28 7
839 848 29 7
839 875 47 7
28 59 5 8
28 63 5 8
28 71 6 8
28 12 10 8
28 17 10 8
28 50 10 8
28 0 12 8
28 1 12 8
28 3 12 8
28 7 12 8
28 15 12 8
28 34 12 8
28 18 13 8
28 11 16 8
28 17 16 8
28 49 16 8
28 83 16 8
28 35 20 8
28 17 23 8
28 51 23 8
28 12 25 8
28 21 25 8
28 77 32 8
28 39 44 8
585 576 1 8
585 582 4 8
585 595 5 8
585 593 6 8
585 620 8 8
585 604 9 8
585 579 11 8
585 526 12 8
585 527 17 8
585 533 18 8
585 574 19 8
585 642 20 8
585 534 29 8
585 539 30 8
585 588 31 8
585 623 35 8
585 587 44 8
585 579 45 8
1023 1023 10 8
1023 1023 19 8
1023 980 21 8
1023 1018 22 8
1023 1017 24 8
1023 977 47 8
576 582 3 9
576 595 4 9
576 593 5 9
576 620 7 9
576 604 8 9
576 579 10 9
576 526 11 9
576 527 16 9
576 533 17 9
576 574 18 9
576 534 28 9
576 539 29 9
576 588 30 9
576 623 34 9
576 587 43 9
576 579 44 9
195 199 1 10
195 195 2 10
195 252 8 10
195 199 10 10
195 169 11 10
195 189 14 10
195 161 17 10
195 171 18 10
195 183 19 10
195 181 20 10
195 167 21 10
195 211 22 10
195 174 23 10
195 178 24 10
195 162 25 10
195 159 26 10
195 238 29 10
195 254 30 10
195 250 31 10
195 194 32 10
195 249 33 10
195 160 42 10
195 207 44 10
438 404 1 10
438 481 5 10
438 484 6 10
438 402 19 10
438 382 29 10
438 465 31 10
438 421 33 10
741 714 8 10
741 742 11 10
741 689 13 10
199 195 1 11
199 252 7 11
199 199 9 11
199 169 10 11
199 189 13 11
199 161 16 11
199 171 17 11
199 183 18 11
199 181 19 11
199 167 20 11
199 211 21 11
199 174 22 11
199 178 23 11
199 162 24 11
199 159 25 11
199 238 28 11
199 254 29 11
199 250 30 11
199 194 31 11
199 249 32 11
199 160 41 11
199 207 43 11
404 402 18 11
404 361 21 11
404 345 24 11
404 361 25 11
404 382 28 11
404 344 29 11
404 421 32 11
404 344 41 11
651 595 2 11
651 593 3 11
651 620 5 11
651 604 6 11
651 689 12 11
651 650 13 11
651 642 17 11
651 623 32 11
195 252 6 12
195 199 8 12
195 169 9 12
195 189 12 12
195 161 15 12
195 171 16 12
195 183 17 12
195 181 18 12
195 167 19 12
195 211 20 12
195 174 21 12
195 178 22 12
195 162 23 12
195 159 24 12
195 238 27 12
195 254 28 12
195 250 29 12
195 194 30 12
195 249 31 12
195 160 40 12
195 207 42 12
582 595 1 12
582 593 2 12
582 620 4 12
582 604 5 12
582 579 7 12
582 526 8 12
582 527 13 12
582 533 14 12
582 574 15 12
582 534 25 12
582 539 26 12
582 588 27 12
582 623 31 12
582 587 40 12
582 579 41 12
59 71 1 13
59 12 5 13
59 17 5 13
59 50 5 13
59 100 5 13
59 100 6 13
59 0 7 13
59 1 7 13
59 3 7 13
59 7 7 13
59 15 7 13
59 34 7 13
59 116 7 13
59 18 8 13
59 11 11 13
59 17 11 13
59 49 11 13
59 83 11 13
59 101 12 13
59 35 15 13
59 17 18 13
59 51 18 13
59 12 20 13
59 21 20 13
59 77 27 13
59 39 39 13
63 71 1 13
63 12 5 13
63 17 5 13
63 50 5 13
63 100 5 13
63 100 6 13
63 3 7 13
63 7 7 13
63 15 7 13
63 34 7 13
63 116 7 13
63 18 8 13
63 11 11 13
63 17 11 13
63 49 11 13
63 83 11 13
63 101 12 13
63 35 15 13
63 17 18 13
63 51 18 13
63 12 20 13
63 21 20 13
63 77 27 13
63 39 39 13
332 284 4 13
332 287 5 13
332 322 7 13
332 280 10 13
332 291 11 13
332 288 12 13
332 332 13 13
332 309 15 13
332 306 17 13
332 310 18 13
332 361 19 13
332 302 20 13
332 303 21 13
332 345 22 13
332 361 23 13
332 326 24 13
332 382 26 13
332 344 27 13
332 344 39 13
595 593 1 13
595 620 3 13
595 604 4 13
595 579 6 13
595 650 11 13
595 574 14 13
595 642 15 13
595 539 25 13
595 588 26 13
595 623 30 13
595 587 39 13
595 579 40 13
71 12 4 14
71 17 4 14
71 50 4 14
71 100 4 14
71 100 5 14
71 15 6 14
71 34 6 14
71 116 6 14
71 18 7 14
71 11 10 14
71 17 10 14
71 49 10 14
71 83 10 14
71 101 11 14
71 35 14 14
71 17 17 14
71 51 17 14
71 12 19 14
71 21 19 14
71 124 23 14
71 128 23 14
71 77 26 14
71 39 38 14
593 620 2 14
593 604 3 14
593 579 5 14
593 650 10 14
593 533 12 14
593 574 13 14
593 642 14 14
593 534 23 14
593 539 24 14
593 588 25 14
593 623 29 14
593 587 38 14
593 579 39 14
481 484 1 15
481 526 5 15
481 527 10 15
481 533 11 15
481 515 16 15
481 534 22 15
481 539 23 15
481 465 26 15
481 511 26 15
481 421 28 15
512 484 1 15
512 526 5 15
512 527 10 15
512 533 11 15
512 515 16 15
512 534 22 15
512 539 23 15
512 465 26 15
512 511 26 15
484 526 4 16
484 527 9 16
484 533 10 16
484 515 15 16
484 534 21 16
484 539 22 16
484 465 25 16
484 511 25 16
620 604 1 16
620 579 3 16
620 650 8 16
620 574 11 16
620 642 12 16
620 588 23 16
620 623 27 16
620 587 36 16
620 579 37 16
284 252 1 17
284 287 1 17
284 322 3 17
284 269 4 17
284 280 6 17
284 291 7 17
284 288 8 17
284 332 9 17
284 309 11 17
284 306 13 17
284 310 14 17
284 302 16 17
284 303 17 17
284 326 20 17
284 238 22 17
284 254 23 17
284 250 24 17
284 249 26 17
604 579 2 17
604 650 7 17
604 574 10 17
604 642 11 17
604 588 22 17
604 623 26 17
604 587 35 17
604 579 36 17
12 0 2 18
12 1 2 18
12 3 2 18
12 7 2 18
12 15 2 18
12 34 2 18
12 18 3 18
12 11 6 18
12 17 6 18
12 49 6 18
12 35 10 18
12 17 13 18
12 51 13 18
12 12 15 18
12 21 15 18
12 39 34 18
17 0 2 18
17 1 2 18
17 3 2 18
17 7 2 18
17 15 2 18
17 34 2 18
17 18 3 18
17 11 6 18
17 17 6 18
17 49 6 18
17 35 10 18
17 17 13 18
17 51 13 18
17 12 15 18
17 21 15 18
17 39 34 18
50 100 1 18
50 0 2 18
50 1 2 18
50 3 2 18
50 7 2 18
50 15 2 18
50 34 2 18
50 18 3 18
50 11 6 18
50 17 6 18
50 49 6 18
50 83 6 18
50 101 7 18
50 35 10 18
50 17 13 18
50 51 13 18
50 12 15 18
50 21 15 18
50 77 22 18
50 39 34 18
100 100 1 18
100 116 2 18
100 49 6 18
100 83 6 18
100 101 7 18
100 51 13 18
100 159 18 18
100 124 19 18
100 128 19 18
100 77 22 18
252 199 2 18
252 269 3 18
252 280 5 18
252 291 6 18
252 288 7 18
252 309 10 18
252 306 12 18
252 310 13 18
252 211 14 18
252 302 15 18
252 303 16 18
252 238 21 18
252 254 22 18
252 250 23 18
252 194 24 18
252 249 25 18
252 207 36 18
287 322 2 18
287 269 3 18
287 280 5 18
287 291 6 18
287 288 7 18
287 332 8 18
287 309 10 18
287 306 12 18
287 310 13 18
287 302 15 18
287 303 16 18
287 345 17 18
287 326 19 18
287 238 21 18
287 254 22 18
287 344 22 18
287 250 23 18
287 249 25 18
287 344 34 18
714 742 3 18
714 689 5 18
1023 1023 9 18
1023 980 11 18
1023 1018 12 18
1023 1017 14 18
1023 977 37 18
100 116 1 19
100 49 5 19
100 83 5 19
100 101 6 19
100 51 12 19
100 159 17 19
100 124 18 19
100 128 18 19
100 77 21 19
579 526 1 19
579 527 6 19
579 533 7 19
579 574 8 19
579 534 18 19
579 539 19 19
579 588 20 19
579 623 24 19
579 587 33 19
579 579 34 19
0 18 1 20
0 11 4 20
0 17 4 20
0 49 4 20
0 35 8 20
0 17 11 20
0 51 11 20
0 12 13 20
0 21 13 20
0 39 32 20
1 18 1 20
1 11 4 20
1 17 4 20
1 49 4 20
1 35 8 20
1 17 11 20
1 51 11 20
1 12 13 20
1 21 13 20
1 39 32 20
3 18 1 20
3 11 4 20
3 17 4 20
3 49 4 20
3 35 8 20
3 17 11 20
3 51 11 20
3 12 13 20
3 21 13 20
3 39 32 20
7 18 1 20
7 11 4 20
7 17 4 20
7 49 4 20
7 35 8 20
7 17 11 20
7 51 11 20
7 12 13 20
7 21 13 20
7 39 32 20
15 18 1 20
15 11 4 20
15 17 4 20
15 49 4 20
15 35 8 20
15 17 11 20
15 51 11 20
15 12 13 20
15 21 13 20
15 39 32 20
34 18 1 20
34 11 4 20
34 17 4 20
34 49 4 20
34 83 4 20
34 35 8 20
34 17 11 20
34 51 11 20
34 12 13 20
34 21 13 20
34 77 20 20
34 39 32 20
116 169 1 20
116 83 4 20
116 101 5 20
116 161 7 20
116 171 8 20
116 167 11 20
116 174 13 20
116 162 15 20
116 159 16 20
116 124 17 20
116 128 17 20
116 77 20 20
116 160 32 20
199 169 1 20
199 189 4 20
199 161 7 20
199 171 8 20
199 183 9 20
199 181 10 20
199 167 11 20
199 211 12 20
199 174 13 20
199 178 14 20
199 162 15 20
199 159 16 20
199 238 19 20
199 254 20 20
199 250 21 20
199 194 22 20
199 249 23 20
199 160 32 20
199 207 34 20
322 269 1 20
322 280 3 20
322 291 4 20
322 288 5 20
322 332 6 20
322 309 8 20
322 306 10 20
322 310 11 20
322 361 12 20
322 302 13 20
322 303 14 20
322 345 15 20
322 361 16 20
322 326 17 20
322 344 20 20
322 344 32 20
526 527 5 20
526 533 6 20
526 574 7 20
526 515 11 20
526 534 17 20
526 539 18 20
526 511 21 20
526 579 33 20
18 11 3 21
18 17 3 21
18 49 3 21
18 35 7 21
18 17 10 21
18 51 10 21
18 12 12 21
18 21 12 21
18 77 19 21
18 39 31 21
169 189 3 21
169 161 6 21
169 171 7 21
169 183 8 21
169 181 9 21
169 167 10 21
169 211 11 21
169 174 12 21
169 178 13 21
169 162 14 21
169 159 15 21
169 124 16 21
169 128 16 21
169 194 21 21
169 160 31 21
169 207 33 21
269 280 2 21
269 291 3 21
269 288 4 21
269 309 7 21
269 306 9 21
269 310 10 21
269 211 11 21
269 302 12 21
269 303 13 21
269 326 16 21
269 238 18 21
269 254 19 21
269 250 20 21
269 249 22 21
742 689 2 21
280 291 1 23
280 288 2 23
280 332 3 23
280 309 5 23
280 306 7 23
280 310 8 23
280 302 10 23
280 303 11 23
280 326 14 23
280 238 16 23
280 254 17 23
280 250 18 23
280 249 20 23
689 650 1 23
689 642 5 23
11 35 4 24
11 17 7 24
11 51 7 24
11 12 9 24
11 21 9 24
11 39 28 24
17 35 4 24
17 17 7 24
17 51 7 24
17 12 9 24
17 21 9 24
17 39 28 24
49 101 1 24
49 35 4 24
49 17 7 24
49 51 7 24
49 12 9 24
49 21 9 24
49 77 16 24
49 39 28 24
83 101 1 24
83 35 4 24
83 51 7 24
83 124 13 24
83 128 13 24
83 77 16 24
83 39 28 24
189 161 3 24
189 171 4 24
189 183 5 24
189 181 6 24
189 167 7 24
189 211 8 24
189 174 9 24
189 178 10 24
189 162 11 24
189 159 12 24
189 238 15 24
189 194 18 24
189 160 28 24
189 207 30 24
291 288 1 24
291 332 2 24
291 309 4 24
291 306 6 24
291 310 7 24
291 302 9 24
291 303 10 24
291 345 11 24
291 326 13 24
291 238 15 24
291 254 16 24
291 344 16 24
291 250 17 24
291 249 19 24
291 344 28 24
650 642 4 24
650 623 19 24
101 51 6 25
101 159 11 25
101 124 12 25
101 128 12 25
101 77 15 25
101 160 27 25
288 332 1 25
288 309 3 25
288 306 5 25
288 310 6 25
288 302 8 25
288 303 9 25
288 345 10 25
288 326 12 25
288 238 14 25
288 254 15 25
288 344 15 25
288 250 16 25
288 249 18 25
288 344 27 25
527 533 1 25
527 574 2 25
527 515 6 25
527 534 12 25
527 539 13 25
527 511 16 25
527 579 28 25
332 309 2 26
332 306 4 26
332 310 5 26
332 361 6 26
332 302 7 26
332 303 8 26
332 345 9 26
332 361 10 26
332 326 11 26
332 382 13 26
332 344 14 26
332 344 26 26
533 574 1 26
533 515 5 26
533 534 11 26
533 539 12 26
533 588 13 26
533 511 15 26
533 587 26 26
533 579 27 26
161 171 1 27
161 183 2 27
161 181 3 27
161 167 4 27
161 211 5 27
161 174 6 27
161 178 7 27
161 162 8 27
161 159 9 27
161 124 10 27
161 128 10 27
161 194 15 27
161 160 25 27
161 207 27 27
574 515 4 27
574 534 10 27
574 539 11 27
574 588 12 27
574 623 16 27
574 587 25 27
574 579 26 27
1023 980 2 27
1023 1018 3 27
1023 1017 5 27
1023 977 28 27
35 17 3 28
35 51 3 28
35 12 5 28
35 21 5 28
35 77 12 28
35 39 24 28
171 183 1 28
171 181 2 28
171 167 3 28
171 211 4 28
171 174 5 28
171 178 6 28
171 162 7 28
171 159 8 28
171 124 9 28
171 128 9 28
171 194 14 28
171 160 24 28
171 207 26 28
309 306 2 28
309 310 3 28
309 361 4 28
309 302 5 28
309 303 6 28
309 345 7 28
309 361 8 28
309 326 9 28
309 254 12 28
309 344 12 28
309 250 13 28
309 249 15 28
309 344 24 28
642 588 11 28
642 623 15 28
642 587 24 28
183 181 1 29
183 167 2 29
183 211 3 29
183 174 4 29
183 178 5 29
183 162 6 29
183 159 7 29
183 124 8 29
183 128 8 29
183 238 10 29
183 194 13 29
183 160 23 29
183 207 25 29
402 361 3 29
402 345 6 29
402 361 7 29
402 382 10 29
402 344 11 29
402 421 14 29
402 344 23 29
980 1018 1 29
980 1017 3 29
980 959 11 29
980 977 26 29
181 167 1 30
181 211 2 30
181 174 3 30
181 178 4 30
181 162 5 30
181 159 6 30
181 124 7 30
181 128 7 30
181 238 9 30
181 194 12 30
181 160 22 30
181 207 24 30
306 310 1 30
306 361 2 30
306 302 3 30
306 303 4 30
306 345 5 30
306 361 6 30
306 326 7 30
306 254 10 30
306 344 10 30
306 250 11 30
306 249 13 30
306 344 22 30
1018 1017 2 30
1018 959 10 30
1018 977 25 30
17 12 2 31
17 21 2 31
17 39 21 31
51 12 2 31
51 21 2 31
51 77 9 31
51 39 21 31
167 211 1 31
167 174 2 31
167 178 3 31
167 162 4 31
167 159 5 31
167 124 6 31
167 128 6 31
167 194 11 31
167 160 21 31
167 207 23 31
310 361 1 31
310 302 2 31
310 303 3 31
310 345 4 31
310 361 5 31
310 326 6 31
310 254 9 31
310 344 9 31
310 250 10 31
310 344 21 31
515 534 6 31
515 539 7 31
515 465 10 31
515 511 10 31
211 174 1 32
211 178 2 32
211 162 3 32
211 159 4 32
211 238 7 32
211 254 8 32
211 250 9 32
211 194 10 32
211 249 11 32
211 160 20 32
211 207 22 32
361 302 1 32
361 303 2 32
361 345 3 32
361 361 4 32
361 326 5 32
361 382 7 32
361 344 8 32
361 344 20 32
1017 959 8 32
1017 977 23 32
12 39 19 33
21 77 7 33
21 39 19 33
174 178 1 33
174 162 2 33
174 159 3 33
174 124 4 33
174 128 4 33
174 194 9 33
174 160 19 33
174 207 21 33
302 303 1 33
302 345 2 33
302 361 3 33
302 326 4 33
302 254 7 33
302 344 7 33
302 250 8 33
302 249 10 33
302 344 19 33
178 162 1 34
178 159 2 34
178 124 3 34
178 128 3 34
178 194 8 34
178 160 18 34
178 207 20 34
303 345 1 34
303 361 2 34
303 326 3 34
303 254 6 34
303 344 6 34
303 250 7 34
303 249 9 34
303 344 18 34
842 850 1 34
842 848 2 34
842 875 20 34
162 159 1 35
162 124 2 35
162 128 2 35
162 194 7 35
162 160 17 35
162 207 19 35
345 361 1 35
345 326 2 35
345 382 4 35
345 344 5 35
345 344 17 35
850 848 1 35
850 875 19 35
159 124 1 36
159 128 1 36
159 194 6 36
159 160 16 36
159 207 18 36
361 326 1 36
361 382 3 36
361 344 4 36
361 344 16 36
848 875 18 36
124 77 3 37
124 160 15 37
128 77 3 37
128 160 15 37
326 382 2 37
326 344 3 37
326 344 15 37
534 539 1 37
534 588 2 37
534 511 4 37
534 587 15 37
534 579 16 37
539 588 1 38
539 511 3 38
539 587 14 38
539 579 15 38
238 254 1 39
238 250 2 39
238 194 3 39
238 249 4 39
238 207 15 39
382 344 1 39
382 421 4 39
382 344 13 39
588 623 4 39
588 587 13 39
588 579 14 39
77 39 12 40
254 250 1 40
254 194 2 40
254 249 3 40
254 207 14 40
344 344 12 40
959 977 15 40
250 194 1 41
250 249 2 41
250 207 13 41
465 421 2 41
194 249 1 42
194 160 10 42
194 207 12 42
249 207 11 43
623 587 9 43
623 579 10 43
160 207 2 52
587 579 1 52
