24 26 1 0
24 49 3 0
24 12 4 0
24 16 4 0
24 21 5 0
24 0 7 0
24 2 7 0
24 5 7 0
24 9 7 0
24 48 7 0
24 21 9 0
24 42 15 0
24 52 16 0
24 10 21 0
24 38 21 0
24 63 22 0
24 1 23 0
24 3 23 0
24 8 23 0
24 25 23 0
24 31 23 0
24 4 24 0
24 7 24 0
24 11 25 0
24 5 28 0
24 12 28 0
24 38 28 0
24 65 28 0
24 36 32 0
24 26 33 0
24 2 36 0
24 19 36 0
24 43 36 0
24 58 48 0
24 63 48 0
24 57 52 0
24 29 62 0
24 34 62 0
24 11 64 0
24 14 66 0
24 21 66 0
430 431 1 0
430 445 3 0
430 408 4 0
430 431 5 0
430 432 6 0
430 432 9 0
430 433 10 0
430 437 14 0
430 463 15 0
430 447 16 0
430 381 28 0
430 438 41 0
430 438 42 0
430 404 45 0
430 440 47 0
430 388 48 0
430 439 53 0
430 403 61 0
430 435 63 0
430 470 64 0
430 474 65 0
430 432 66 0
26 49 2 1
26 12 3 1
26 16 3 1
26 21 4 1
26 0 6 1
26 2 6 1
26 5 6 1
26 9 6 1
26 48 6 1
26 21 8 1
26 42 14 1
26 52 15 1
26 10 20 1
26 38 20 1
26 63 21 1
26 1 22 1
26 3 22 1
26 8 22 1
26 25 22 1
26 31 22 1
26 4 23 1
26 7 23 1
26 11 24 1
26 5 27 1
26 12 27 1
26 38 27 1
26 65 27 1
26 74 28 1
26 36 31 1
26 26 32 1
26 2 35 1
26 19 35 1
26 43 35 1
26 58 47 1
26 63 47 1
26 57 51 1
26 75 60 1
26 29 61 1
26 34 61 1
26 11 63 1
26 14 65 1
26 21 65 1
431 445 2 1
431 408 3 1
431 431 4 1
431 432 5 1
431 432 8 1
431 433 9 1
431 437 13 1
431 463 14 1
431 447 15 1
431 381 27 1
431 438 40 1
431 438 41 1
431 404 44 1
431 440 46 1
431 388 47 1
431 439 52 1
431 403 60 1
431 435 62 1
431 470 63 1
431 474 64 1
431 432 65 1
733 694 1 1
733 765 5 1
733 761 9 1
733 704 10 1
733 688 18 1
733 686 21 1
733 734 25 1
733 734 31 1
733 736 33 1
733 694 35 1
733 734 36 1
733 701 42 1
733 720 46 1
733 718 47 1
733 719 50 1
733 719 60 1
733 732 65 1
138 109 2 2
138 131 2 2
138 125 3 2
138 127 3 2
138 132 4 2
138 133 5 2
138 121 8 2
138 103 9 2
138 146 9 2
138 148 10 2
138 181 16 2
138 88 22 2
138 128 22 2
138 127 23 2
138 141 26 2
138 120 30 2
138 128 31 2
138 138 32 2
138 125 34 2
138 137 34 2
138 124 35 2
138 134 35 2
138 158 36 2
138 159 37 2
138 133 38 2
138 121 40 2
138 129 40 2
138 95 41 2
138 101 42 2
138 129 42 2
138 179 44 2
138 149 48 2
138 183 50 2
138 177 51 2
138 152 59 2
138 139 60 2
298 272 5 2
298 326 9 2
298 257 10 2
298 301 11 2
298 262 28 2
298 297 32 2
298 296 33 2
298 272 34 2
298 300 35 2
298 272 36 2
298 293 37 2
298 272 41 2
298 256 42 2
298 287 44 2
298 316 49 2
298 255 50 2
298 258 60 2
694 704 9 2
694 667 11 2
694 666 12 2
694 649 13 2
694 688 17 2
694 686 20 2
694 734 24 2
694 734 30 2
694 736 32 2
694 694 34 2
694 734 35 2
694 645 39 2
694 701 41 2
694 720 45 2
694 718 46 2
694 719 49 2
694 719 59 2
694 658 62 2
694 651 63 2
694 732 64 2
49 12 1 3
49 16 1 3
49 21 2 3
49 0 4 3
49 2 4 3
49 5 4 3
49 9 4 3
49 48 4 3
49 21 6 3
49 42 12 3
49 81 12 3
49 52 13 3
49 10 18 3
49 38 18 3
49 79 18 3
49 63 19 3
49 1 20 3
49 3 20 3
49 8 20 3
49 25 20 3
49 31 20 3
49 4 21 3
49 7 21 3
49 88 21 3
49 11 22 3
49 5 25 3
49 12 25 3
49 38 25 3
49 65 25 3
49 74 26 3
49 77 27 3
49 36 29 3
49 26 30 3
49 2 33 3
49 19 33 3
49 43 33 3
49 95 40 3
49 58 45 3
49 63 45 3
49 57 49 3
49 75 58 3
49 29 59 3
49 34 59 3
49 11 61 3
49 14 63 3
49 21 63 3
230 272 4 3
230 227 5 3
230 257 9 3
230 181 15 3
230 218 17 3
230 217 18 3
230 223 19 3
230 210 24 3
230 216 26 3
230 239 27 3
230 262 27 3
230 231 32 3
230 272 33 3
230 272 35 3
230 227 38 3
230 239 40 3
230 272 40 3
230 256 41 3
230 188 45 3
230 208 46 3
230 210 48 3
230 183 49 3
230 255 49 3
230 258 59 3
230 228 63 3
445 408 1 3
445 431 2 3
445 432 3 3
445 432 6 3
445 433 7 3
445 437 11 3
445 463 12 3
445 447 13 3
445 486 30 3
445 438 38 3
445 438 39 3
445 404 42 3
445 440 44 3
445 439 50 3
445 403 58 3
445 435 60 3
445 470 61 3
445 474 62 3
445 432 63 3
12 21 1 4
12 0 3 4
12 2 3 4
12 5 3 4
12 9 3 4
12 48 3 4
12 21 5 4
12 42 11 4
12 52 12 4
12 10 17 4
12 38 17 4
12 1 19 4
12 3 19 4
12 8 19 4
12 25 19 4
12 31 19 4
12 4 20 4
12 7 20 4
12 11 21 4
12 5 24 4
12 12 24 4
12 38 24 4
12 36 28 4
12 26 29 4
12 2 32 4
12 19 32 4
12 43 32 4
12 58 44 4
12 57 48 4
12 29 58 4
12 34 58 4
12 11 60 4
12 14 62 4
12 21 62 4
16 21 1 4
16 0 3 4
16 2 3 4
16 5 3 4
16 9 3 4
16 48 3 4
16 21 5 4
16 42 11 4
16 52 12 4
16 10 17 4
16 38 17 4
16 63 18 4
16 1 19 4
16 3 19 4
16 8 19 4
16 25 19 4
16 31 19 4
16 4 20 4
16 7 20 4
16 11 21 4
16 5 24 4
16 12 24 4
16 38 24 4
16 65 24 4
16 36 28 4
16 26 29 4
16 2 32 4
16 19 32 4
16 43 32 4
16 58 44 4
16 63 44 4
16 57 48 4
16 29 58 4
16 34 58 4
16 11 60 4
16 14 62 4
16 21 62 4
109 125 1 4
109 127 1 4
109 132 2 4
109 133 3 4
109 121 6 4
109 103 7 4
109 146 7 4
109 148 8 4
109 81 11 4
109 79 17 4
109 63 18 4
109 88 20 4
109 128 20 4
109 127 21 4
109 65 24 4
109 141 24 4
109 74 25 4
109 77 26 4
109 120 28 4
109 128 29 4
109 138 30 4
109 125 32 4
109 137 32 4
109 124 33 4
109 134 33 4
109 158 34 4
109 133 36 4
109 121 38 4
109 129 38 4
109 95 39 4
109 101 40 4
109 129 40 4
109 63 44 4
109 149 46 4
109 75 57 4
109 152 57 4
109 139 58 4
131 125 1 4
131 127 1 4
131 132 2 4
131 133 3 4
131 121 6 4
131 103 7 4
131 146 7 4
131 148 8 4
131 81 11 4
131 88 20 4
131 128 20 4
131 127 21 4
131 141 24 4
131 120 28 4
131 128 29 4
131 138 30 4
131 125 32 4
131 137 32 4
131 124 33 4
131 134 33 4
131 158 34 4
131 159 35 4
131 133 36 4
131 121 38 4
131 129 38 4
131 95 39 4
131 101 40 4
131 129 40 4
131 179 42 4
131 149 46 4
131 177 49 4
131 152 57 4
131 139 58 4
408 431 1 4
408 432 2 4
408 362 4 4
408 432 5 4
408 433 6 4
408 437 10 4
408 447 12 4
408 359 14 4
408 362 15 4
408 376 16 4
408 381 24 4
408 377 25 4
408 363 36 4
408 438 37 4
408 438 38 4
408 404 41 4
408 440 43 4
408 388 44 4
408 439 49 4
408 403 57 4
408 435 59 4
408 432 62 4
583 604 1 4
583 533 16 4
583 540 17 4
583 578 19 4
583 544 20 4
583 537 24 4
583 536 25 4
583 546 26 4
583 556 27 4
583 607 29 4
583 631 36 4
583 598 38 4
583 551 40 4
583 553 41 4
583 626 42 4
583 605 46 4
583 600 49 4
583 607 58 4
21 0 2 5
21 2 2 5
21 5 2 5
21 9 2 5
21 48 2 5
21 21 4 5
21 42 10 5
21 52 11 5
21 10 16 5
21 38 16 5
21 63 17 5
21 1 18 5
21 3 18 5
21 8 18 5
21 25 18 5
21 31 18 5
21 4 19 5
21 7 19 5
21 11 20 5
21 5 23 5
21 12 23 5
21 38 23 5
21 65 23 5
21 36 27 5
21 26 28 5
21 2 31 5
21 19 31 5
21 43 31 5
21 58 43 5
21 63 43 5
21 57 47 5
21 29 57 5
21 34 57 5
21 11 59 5
21 14 61 5
21 21 61 5
125 132 1 5
125 133 2 5
125 121 5 5
125 103 6 5
125 146 6 5
125 148 7 5
125 81 10 5
125 79 16 5
125 88 19 5
125 128 19 5
125 127 20 5
125 141 23 5
125 77 25 5
125 120 27 5
125 128 28 5
125 138 29 5
125 125 31 5
125 137 31 5
125 124 32 5
125 134 32 5
125 158 33 5
125 159 34 5
125 133 35 5
125 121 37 5
125 129 37 5
125 95 38 5
125 101 39 5
125 129 39 5
125 149 45 5
125 75 56 5
125 152 56 5
125 139 57 5
127 132 1 5
127 133 2 5
127 121 5 5
127 103 6 5
127 146 6 5
127 148 7 5
127 81 10 5
127 79 16 5
127 88 19 5
127 128 19 5
127 127 20 5
127 141 23 5
127 77 25 5
127 120 27 5
127 128 28 5
127 138 29 5
127 125 31 5
127 137 31 5
127 124 32 5
127 134 32 5
127 158 33 5
127 159 34 5
127 133 35 5
127 121 37 5
127 129 37 5
127 95 38 5
127 101 39 5
127 129 39 5
127 149 45 5
127 152 56 5
127 139 57 5
431 432 1 5
431 432 4 5
431 433 5 5
431 437 9 5
431 463 10 5
431 447 11 5
431 381 23 5
431 438 36 5
431 438 37 5
431 404 40 5
431 440 42 5
431 388 43 5
431 439 48 5
431 403 56 5
431 435 58 5
431 470 59 5
431 474 60 5
431 432 61 5
604 639 2 5
604 649 10 5
604 578 18 5
604 556 26 5
604 607 28 5
604 631 35 5
604 645 36 5
604 598 37 5
604 626 41 5
604 605 45 5
604 600 48 5
604 607 57 5
604 651 60 5
132 133 1 6
132 121 4 6
132 103 5 6
132 146 5 6
132 148 6 6
132 181 12 6
132 88 18 6
132 128 18 6
132 127 19 6
132 141 22 6
132 120 26 6
132 128 27 6
132 138 28 6
132 125 30 6
132 137 30 6
132 124 31 6
132 134 31 6
132 158 32 6
132 159 33 6
132 133 34 6
132 121 36 6
132 129 36 6
132 95 37 6
132 101 38 6
132 129 38 6
132 179 40 6
132 149 44 6
132 177 47 6
132 152 55 6
132 139 56 6
432 432 3 6
432 433 4 6
432 437 8 6
432 463 9 6
432 447 10 6
432 438 35 6
432 438 36 6
432 404 39 6
432 440 41 6
432 388 42 6
432 439 47 6
432 403 55 6
432 435 57 6
432 470 58 6
432 474 59 6
432 432 60 6
765 761 4 6
765 734 20 6
765 734 26 6
765 736 28 6
765 734 31 6
765 720 41 6
765 718 42 6
765 719 45 6
765 719 55 6
765 732 60 6
0 21 2 7
0 42 8 7
0 10 14 7
0 38 14 7
0 1 16 7
0 3 16 7
0 8 16 7
0 25 16 7
0 31 16 7
0 4 17 7
0 7 17 7
0 11 18 7
0 5 21 7
0 12 21 7
0 38 21 7
0 36 25 7
0 26 26 7
0 2 29 7
0 19 29 7
0 43 29 7
0 29 55 7
0 34 55 7
0 11 57 7
0 14 59 7
0 21 59 7
2 21 2 7
2 42 8 7
2 10 14 7
2 38 14 7
2 1 16 7
2 3 16 7
2 8 16 7
2 25 16 7
2 31 16 7
2 4 17 7
2 7 17 7
2 11 18 7
2 5 21 7
2 12 21 7
2 38 21 7
2 36 25 7
2 26 26 7
2 2 29 7
2 19 29 7
2 43 29 7
2 29 55 7
2 34 55 7
2 11 57 7
2 14 59 7
2 21 59 7
5 21 2 7
5 42 8 7
5 52 9 7
5 10 14 7
5 38 14 7
5 1 16 7
5 3 16 7
5 8 16 7
5 25 16 7
5 31 16 7
5 4 17 7
5 7 17 7
5 11 18 7
5 5 21 7
5 12 21 7
5 38 21 7
5 36 25 7
5 26 26 7
5 2 29 7
5 19 29 7
5 43 29 7
5 29 55 7
5 34 55 7
5 11 57 7
5 14 59 7
5 21 59 7
9 21 2 7
9 42 8 7
9 52 9 7
9 10 14 7
9 38 14 7
9 1 16 7
9 3 16 7
9 8 16 7
9 25 16 7
9 31 16 7
9 4 17 7
9 7 17 7
9 11 18 7
9 5 21 7
9 12 21 7
9 38 21 7
9 36 25 7
9 26 26 7
9 2 29 7
9 19 29 7
9 43 29 7
9 58 41 7
9 57 45 7
9 29 55 7
9 34 55 7
9 11 57 7
9 14 59 7
9 21 59 7
48 21 2 7
48 42 8 7
48 81 8 7
48 52 9 7
48 10 14 7
48 38 14 7
48 79 14 7
48 63 15 7
48 1 16 7
48 3 16 7
48 8 16 7
48 25 16 7
48 31 16 7
48 4 17 7
48 7 17 7
48 88 17 7
48 11 18 7
48 5 21 7
48 12 21 7
48 38 21 7
48 65 21 7
48 74 22 7
48 77 23 7
48 36 25 7
48 26 26 7
48 2 29 7
48 19 29 7
48 43 29 7
48 95 36 7
48 58 41 7
48 63 41 7
48 57 45 7
48 75 54 7
48 29 55 7
48 34 55 7
48 11 57 7
48 14 59 7
48 21 59 7
133 121 3 7
133 103 4 7
133 146 4 7
133 148 5 7
133 181 11 7
133 88 17 7
133 128 17 7
133 127 18 7
133 141 21 7
133 120 25 7
133 128 26 7
133 138 27 7
133 125 29 7
133 137 29 7
133 124 30 7
133 134 30 7
133 158 31 7
133 159 32 7
133 133 33 7
133 121 35 7
133 129 35 7
133 95 36 7
133 101 37 7
133 129 37 7
133 179 39 7
133 149 43 7
133 177 46 7
133 152 54 7
133 139 55 7
272 227 1 7
272 257 5 7
272 301 6 7
272 223 15 7
272 239 23 7
272 262 23 7
272 297 27 7
272 231 28 7
272 296 28 7
272 272 29 7
272 300 30 7
272 272 31 7
272 293 32 7
272 227 34 7
272 239 36 7
272 272 36 7
272 256 37 7
272 287 39 7
272 316 44 7
272 255 45 7
272 258 55 7
272 228 59 7
639 667 6 7
639 666 7 7
639 649 8 7
639 688 12 7
639 686 15 7
639 607 26 7
639 631 33 7
639 645 34 7
639 598 35 7
639 626 39 7
639 605 43 7
639 600 46 7
639 607 55 7
639 658 57 7
639 651 58 7
227 257 4 8
227 181 10 8
227 218 12 8
227 217 13 8
227 223 14 8
227 210 19 8
227 216 21 8
227 239 22 8
227 262 22 8
227 231 27 8
227 272 28 8
227 272 30 8
227 227 33 8
227 239 35 8
227 272 35 8
227 256 36 8
227 179 38 8
227 188 40 8
227 208 41 8
227 210 43 8
227 183 44 8
227 255 44 8
227 177 45 8
227 258 54 8
227 228 58 8
362 326 3 8
362 359 10 8
362 362 11 8
362 376 12 8
362 357 16 8
362 381 20 8
362 377 21 8
362 363 32 8
362 404 37 8
362 388 40 8
362 348 41 8
362 316 43 8
362 403 53 8
21 42 6 9
21 52 7 9
21 10 12 9
21 38 12 9
21 63 13 9
21 1 14 9
21 3 14 9
21 8 14 9
21 25 14 9
21 31 14 9
21 4 15 9
21 7 15 9
21 11 16 9
21 5 19 9
21 12 19 9
21 38 19 9
21 65 19 9
21 36 23 9
21 26 24 9
21 2 27 9
21 19 27 9
21 43 27 9
21 58 39 9
21 63 39 9
21 57 43 9
21 29 53 9
21 34 53 9
21 11 55 9
21 14 57 9
21 21 57 9
432 433 1 9
432 437 5 9
432 463 6 9
432 447 7 9
432 438 32 9
432 438 33 9
432 404 36 9
432 440 38 9
432 388 39 9
432 439 44 9
432 403 52 9
432 435 54 9
432 470 55 9
432 474 56 9
432 432 57 9
121 103 1 10
121 146 1 10
121 148 2 10
121 81 5 10
121 79 11 10
121 88 14 10
121 128 14 10
121 127 15 10
121 141 18 10
121 74 19 10
121 77 20 10
121 120 22 10
121 128 23 10
121 138 24 10
121 125 26 10
121 137 26 10
121 124 27 10
121 134 27 10
121 158 28 10
121 159 29 10
121 133 30 10
121 121 32 10
121 129 32 10
121 95 33 10
121 101 34 10
121 129 34 10
121 149 40 10
121 75 51 10
121 152 51 10
121 139 52 10
433 437 4 10
433 463 5 10
433 447 6 10
433 438 31 10
433 438 32 10
433 404 35 10
433 440 37 10
433 388 38 10
433 439 43 10
433 403 51 10
433 435 53 10
433 470 54 10
433 474 55 10
433 432 56 10
761 734 16 10
761 734 22 10
761 736 24 10
761 734 27 10
761 720 37 10
761 718 38 10
761 719 41 10
761 719 51 10
761 732 56 10
103 148 1 11
103 81 4 11
103 79 10 11
103 63 11 11
103 88 13 11
103 128 13 11
103 127 14 11
103 65 17 11
103 141 17 11
103 74 18 11
103 77 19 11
103 120 21 11
103 128 22 11
103 138 23 11
103 125 25 11
103 137 25 11
103 124 26 11
103 134 26 11
103 133 29 11
103 121 31 11
103 129 31 11
103 95 32 11
103 101 33 11
103 129 33 11
103 58 37 11
103 63 37 11
103 149 39 11
103 57 41 11
103 75 50 11
103 152 50 11
103 139 51 11
146 148 1 11
146 181 7 11
146 128 13 11
146 127 14 11
146 141 17 11
146 120 21 11
146 128 22 11
146 138 23 11
146 125 25 11
146 137 25 11
146 124 26 11
146 134 26 11
146 158 27 11
146 159 28 11
146 133 29 11
146 121 31 11
146 129 31 11
146 101 33 11
146 129 33 11
146 179 35 11
146 188 37 11
146 149 39 11
146 183 41 11
146 177 42 11
146 152 50 11
146 139 51 11
326 301 2 11
326 359 7 11
326 362 8 11
326 357 13 11
326 297 23 11
326 296 24 11
326 300 26 11
326 293 28 11
326 363 29 11
326 287 35 11
326 348 38 11
326 316 40 11
704 667 2 11
704 666 3 11
704 688 8 11
704 686 11 11
704 734 15 11
704 734 21 11
704 736 23 11
704 694 25 11
704 734 26 11
704 701 32 11
704 720 36 11
704 718 37 11
704 719 40 11
704 719 50 11
704 658 53 11
704 732 55 11
148 181 6 12
148 128 12 12
148 127 13 12
148 141 16 12
148 120 20 12
148 128 21 12
148 138 22 12
148 125 24 12
148 137 24 12
148 124 25 12
148 134 25 12
148 158 26 12
148 159 27 12
148 133 28 12
148 121 30 12
148 129 30 12
148 101 32 12
148 129 32 12
148 179 34 12
148 188 36 12
148 149 38 12
148 183 40 12
148 177 41 12
148 152 49 12
148 139 50 12
257 301 1 12
257 218 8 12
257 217 9 12
257 223 10 12
257 210 15 12
257 216 17 12
257 239 18 12
257 262 18 12
257 297 22 12
257 231 23 12
257 296 23 12
257 272 24 12
257 300 25 12
257 272 26 12
257 293 27 12
257 227 29 12
257 239 31 12
257 272 31 12
257 256 32 12
257 287 34 12
257 208 37 12
257 210 39 12
257 255 40 12
257 258 50 12
257 228 54 12
511 463 3 12
511 519 4 12
511 517 6 12
511 533 8 12
511 540 9 12
511 544 12 12
511 518 15 12
511 537 16 12
511 536 17 12
511 546 18 12
511 556 19 12
511 504 20 12
511 486 21 12
511 551 32 12
511 553 33 12
511 519 37 12
511 532 40 12
511 470 52 12
511 474 53 12
301 262 17 13
301 297 21 13
301 296 22 13
301 272 23 13
301 300 24 13
301 272 25 13
301 293 26 13
301 272 30 13
301 256 31 13
301 287 33 13
301 348 36 13
301 316 38 13
301 255 39 13
301 258 49 13
667 666 1 13
667 649 2 13
667 688 6 13
667 686 9 13
667 694 23 13
667 631 27 13
667 645 28 13
667 701 30 13
667 626 33 13
667 658 51 13
667 651 52 13
437 463 1 14
437 447 2 14
437 486 19 14
437 438 27 14
437 438 28 14
437 404 31 14
437 440 33 14
437 388 34 14
437 439 39 14
437 403 47 14
437 435 49 14
437 470 50 14
437 474 51 14
437 432 52 14
666 649 1 14
666 688 5 14
666 686 8 14
666 694 22 14
666 631 26 14
666 645 27 14
666 701 29 14
666 626 32 14
666 658 50 14
666 651 51 14
42 52 1 15
42 10 6 15
42 38 6 15
42 79 6 15
42 63 7 15
42 1 8 15
42 3 8 15
42 8 8 15
42 25 8 15
42 31 8 15
42 4 9 15
42 7 9 15
42 88 9 15
42 11 10 15
42 5 13 15
42 12 13 15
42 38 13 15
42 65 13 15
42 74 14 15
42 77 15 15
42 36 17 15
42 26 18 15
42 2 21 15
42 19 21 15
42 43 21 15
42 58 33 15
42 63 33 15
42 57 37 15
42 75 46 15
42 29 47 15
42 34 47 15
42 11 49 15
42 14 51 15
42 21 51 15
81 52 1 15
81 38 6 15
81 79 6 15
81 63 7 15
81 31 8 15
81 88 9 15
81 128 9 15
81 127 10 15
81 38 13 15
81 65 13 15
81 74 14 15
81 77 15 15
81 36 17 15
81 120 17 15
81 128 18 15
81 43 21 15
81 125 21 15
81 124 22 15
81 121 27 15
81 129 27 15
81 95 28 15
81 101 29 15
81 129 29 15
81 58 33 15
81 63 33 15
81 57 37 15
81 75 46 15
81 34 47 15
463 447 1 15
463 504 17 15
463 486 18 15
463 438 26 15
463 438 27 15
463 440 32 15
463 439 38 15
463 435 48 15
463 470 49 15
463 474 50 15
463 432 51 15
649 688 4 15
649 686 7 15
649 607 18 15
649 694 21 15
649 631 25 15
649 645 26 15
649 626 31 15
649 605 35 15
649 600 38 15
649 607 47 15
649 658 49 15
649 651 50 15
52 10 5 16
52 38 5 16
52 79 5 16
52 63 6 16
52 3 7 16
52 8 7 16
52 25 7 16
52 31 7 16
52 4 8 16
52 7 8 16
52 88 8 16
52 11 9 16
52 5 12 16
52 12 12 16
52 38 12 16
52 65 12 16
52 74 13 16
52 77 14 16
52 36 16 16
52 26 17 16
52 2 20 16
52 19 20 16
52 43 20 16
52 95 27 16
52 101 28 16
52 58 32 16
52 63 32 16
52 57 36 16
52 75 45 16
52 29 46 16
52 34 46 16
52 11 48 16
52 14 50 16
52 21 50 16
447 486 17 16
447 438 25 16
447 438 26 16
447 404 29 16
447 440 31 16
447 439 37 16
447 403 45 16
447 435 47 16
447 470 48 16
447 474 49 16
447 432 50 16
519 517 2 16
519 533 4 16
519 540 5 16
519 544 8 16
519 518 11 16
519 537 12 16
519 536 13 16
519 546 14 16
519 556 15 16
519 504 16 16
519 486 17 16
519 551 28 16
519 553 29 16
519 519 33 16
519 532 36 16
519 470 48 16
519 474 49 16
181 218 2 18
181 217 3 18
181 223 4 18
181 210 9 18
181 141 10 18
181 216 11 18
181 138 16 18
181 137 18 18
181 134 19 18
181 158 20 18
181 159 21 18
181 133 22 18
181 227 23 18
181 179 28 18
181 188 30 18
181 208 31 18
181 149 32 18
181 210 33 18
181 183 34 18
181 177 35 18
181 152 43 18
181 139 44 18
181 228 48 18
359 362 1 18
359 376 2 18
359 357 6 18
359 381 10 18
359 377 11 18
359 363 22 18
359 404 27 18
359 388 30 18
359 348 31 18
359 316 33 18
359 403 43 18
517 533 2 18
517 540 3 18
517 544 6 18
517 518 9 18
517 537 10 18
517 536 11 18
517 546 12 18
517 556 13 18
517 504 14 18
517 486 15 18
517 551 26 18
517 553 27 18
517 519 31 18
517 532 34 18
517 470 46 18
517 474 47 18
362 376 1 19
362 357 5 19
362 381 9 19
362 377 10 19
362 363 21 19
362 404 26 19
362 388 29 19
362 348 30 19
362 316 32 19
362 403 42 19
688 686 3 19
688 734 7 19
688 734 13 19
688 736 15 19
688 694 17 19
688 734 18 19
688 645 22 19
688 701 24 19
688 720 28 19
688 718 29 19
688 719 32 19
688 719 42 19
688 658 45 19
688 651 46 19
688 732 47 19
218 217 1 20
218 223 2 20
218 210 7 20
218 216 9 20
218 239 10 20
218 262 10 20
218 231 15 20
218 227 21 20
218 239 23 20
218 256 24 20
218 179 26 20
218 188 28 20
218 208 29 20
218 210 31 20
218 183 32 20
218 255 32 20
218 177 33 20
218 258 42 20
218 228 46 20
376 357 4 20
376 381 8 20
376 377 9 20
376 363 20 20
376 404 25 20
376 388 28 20
376 348 29 20
376 403 41 20
533 540 1 20
533 578 3 20
533 544 4 20
533 518 7 20
533 537 8 20
533 536 9 20
533 546 10 20
533 556 11 20
533 504 12 20
533 486 13 20
533 551 24 20
533 553 25 20
533 519 29 20
533 532 32 20
10 1 2 21
10 3 2 21
10 8 2 21
10 25 2 21
10 31 2 21
10 4 3 21
10 7 3 21
10 11 4 21
10 5 7 21
10 12 7 21
10 38 7 21
10 36 11 21
10 26 12 21
10 2 15 21
10 19 15 21
10 43 15 21
10 58 27 21
10 57 31 21
10 29 41 21
10 34 41 21
10 11 43 21
10 14 45 21
10 21 45 21
38 63 1 21
38 1 2 21
38 3 2 21
38 8 2 21
38 25 2 21
38 31 2 21
38 4 3 21
38 7 3 21
38 11 4 21
38 5 7 21
38 12 7 21
38 38 7 21
38 65 7 21
38 74 8 21
38 77 9 21
38 36 11 21
38 26 12 21
38 2 15 21
38 19 15 21
38 43 15 21
38 58 27 21
38 63 27 21
38 57 31 21
38 75 40 21
38 29 41 21
38 34 41 21
38 11 43 21
38 14 45 21
38 21 45 21
79 63 1 21
79 31 2 21
79 88 3 21
79 128 3 21
79 127 4 21
79 38 7 21
79 65 7 21
79 74 8 21
79 77 9 21
79 36 11 21
79 120 11 21
79 128 12 21
79 43 15 21
79 125 15 21
79 124 16 21
79 121 21 21
79 95 22 21
79 101 23 21
79 58 27 21
79 63 27 21
79 57 31 21
79 75 40 21
79 29 41 21
79 34 41 21
217 223 1 21
217 210 6 21
217 216 8 21
217 239 9 21
217 262 9 21
217 231 14 21
217 227 20 21
217 239 22 21
217 256 23 21
217 179 25 21
217 188 27 21
217 208 28 21
217 210 30 21
217 183 31 21
217 255 31 21
217 177 32 21
217 258 41 21
217 228 45 21
540 578 2 21
540 544 3 21
540 518 6 21
540 537 7 21
540 536 8 21
540 546 9 21
540 556 10 21
540 504 11 21
540 551 23 21
540 553 24 21
540 519 28 21
540 532 31 21
63 25 1 22
63 31 1 22
63 88 2 22
63 38 6 22
63 65 6 22
63 74 7 22
63 77 8 22
63 36 10 22
63 26 11 22
63 19 14 22
63 43 14 22
63 95 21 22
63 101 22 22
63 58 26 22
63 63 26 22
63 57 30 22
63 75 39 22
63 29 40 22
63 34 40 22
63 14 44 22
63 21 44 22
223 210 5 22
223 216 7 22
223 239 8 22
223 262 8 22
223 231 13 22
223 272 14 22
223 272 16 22
223 227 19 22
223 239 21 22
223 272 21 22
223 256 22 22
223 179 24 22
223 188 26 22
223 208 27 22
223 210 29 22
223 183 30 22
223 255 30 22
223 177 31 22
223 258 40 22
223 228 44 22
686 734 4 22
686 734 10 22
686 694 14 22
686 734 15 22
686 645 19 22
686 701 21 22
686 720 25 22
686 718 26 22
686 719 29 22
686 719 39 22
686 658 42 22
686 651 43 22
686 732 44 22
1 4 1 23
1 7 1 23
1 11 2 23
1 5 5 23
1 12 5 23
1 38 5 23
1 36 9 23
1 26 10 23
1 2 13 23
1 19 13 23
1 43 13 23
1 29 39 23
1 34 39 23
1 11 41 23
1 14 43 23
1 21 43 23
3 4 1 23
3 7 1 23
3 11 2 23
3 5 5 23
3 12 5 23
3 38 5 23
3 36 9 23
3 26 10 23
3 2 13 23
3 19 13 23
3 43 13 23
3 29 39 23
3 34 39 23
3 11 41 23
3 14 43 23
3 21 43 23
8 4 1 23
8 7 1 23
8 11 2 23
8 5 5 23
8 12 5 23
8 38 5 23
8 36 9 23
8 26 10 23
8 2 13 23
8 19 13 23
8 43 13 23
8 57 29 23
8 29 39 23
8 34 39 23
8 11 41 23
8 14 43 23
8 21 43 23
25 4 1 23
25 7 1 23
25 11 2 23
25 5 5 23
25 12 5 23
25 38 5 23
25 65 5 23
25 74 6 23
25 36 9 23
25 26 10 23
25 2 13 23
25 19 13 23
25 43 13 23
25 58 25 23
25 63 25 23
25 57 29 23
25 29 39 23
25 34 39 23
25 11 41 23
25 14 43 23
25 21 43 23
31 4 1 23
31 7 1 23
31 11 2 23
31 5 5 23
31 12 5 23
31 38 5 23
31 65 5 23
31 74 6 23
31 77 7 23
31 36 9 23
31 26 10 23
31 2 13 23
31 19 13 23
31 43 13 23
31 58 25 23
31 63 25 23
31 57 29 23
31 75 38 23
31 29 39 23
31 34 39 23
31 11 41 23
31 14 43 23
31 21 43 23
578 544 1 23
578 537 5 23
578 536 6 23
578 546 7 23
578 556 8 23
578 607 10 23
578 598 19 23
578 551 21 23
578 553 22 23
578 626 23 23
578 605 27 23
578 532 29 23
578 600 30 23
578 607 39 23
4 11 1 24
4 5 4 24
4 12 4 24
4 38 4 24
4 36 8 24
4 26 9 24
4 2 12 24
4 19 12 24
4 43 12 24
4 29 38 24
4 34 38 24
4 11 40 24
4 14 42 24
4 21 42 24
7 11 1 24
7 5 4 24
7 12 4 24
7 38 4 24
7 36 8 24
7 26 9 24
7 2 12 24
7 19 12 24
7 43 12 24
7 29 38 24
7 34 38 24
7 11 40 24
7 14 42 24
7 21 42 24
88 127 1 24
88 38 4 24
88 65 4 24
88 74 5 24
88 77 6 24
88 120 8 24
88 128 9 24
88 43 12 24
88 125 12 24
88 137 12 24
88 124 13 24
88 134 13 24
88 133 16 24
88 121 18 24
88 129 18 24
88 95 19 24
88 101 20 24
88 129 20 24
88 58 24 24
88 63 24 24
88 57 28 24
88 75 37 24
128 127 1 24
128 141 4 24
128 120 8 24
128 128 9 24
128 138 10 24
128 125 12 24
128 137 12 24
128 124 13 24
128 134 13 24
128 158 14 24
128 159 15 24
128 133 16 24
128 121 18 24
128 129 18 24
128 95 19 24
128 101 20 24
128 129 20 24
128 149 26 24
128 177 29 24
128 152 37 24
128 139 38 24
357 381 4 24
357 377 5 24
357 363 16 24
357 404 21 24
357 388 24 24
357 348 25 24
357 316 27 24
357 403 37 24
544 518 3 24
544 537 4 24
544 536 5 24
544 546 6 24
544 556 7 24
544 504 8 24
544 551 20 24
544 553 21 24
544 519 25 24
544 532 28 24
11 5 3 25
11 12 3 25
11 38 3 25
11 36 7 25
11 26 8 25
11 2 11 25
11 19 11 25
11 43 11 25
11 58 23 25
11 57 27 25
11 29 37 25
11 34 37 25
11 11 39 25
11 14 41 25
11 21 41 25
127 141 3 25
127 77 5 25
127 120 7 25
127 128 8 25
127 138 9 25
127 125 11 25
127 137 11 25
127 124 12 25
127 134 12 25
127 158 13 25
127 159 14 25
127 133 15 25
127 121 17 25
127 129 17 25
127 95 18 25
127 101 19 25
127 129 19 25
127 149 25 25
127 152 36 25
127 139 37 25
734 734 6 26
734 736 8 26
734 694 10 26
734 734 11 26
734 701 17 26
734 720 21 26
734 718 22 26
734 719 25 26
734 719 35 26
734 732 40 26
210 216 2 27
210 239 3 27
210 231 8 27
210 227 14 27
210 239 16 27
210 256 17 27
210 179 19 27
210 188 21 27
210 208 22 27
210 210 24 27
210 183 25 27
210 255 25 27
210 177 26 27
210 258 35 27
210 228 39 27
518 537 1 27
518 536 2 27
518 546 3 27
518 556 4 27
518 504 5 27
518 486 6 27
518 551 17 27
518 553 18 27
518 519 22 27
518 532 25 27
518 470 37 27
518 474 38 27
5 36 4 28
5 26 5 28
5 2 8 28
5 19 8 28
5 43 8 28
5 29 34 28
5 34 34 28
5 11 36 28
5 14 38 28
5 21 38 28
12 36 4 28
12 26 5 28
12 2 8 28
12 19 8 28
12 43 8 28
12 58 20 28
12 57 24 28
12 29 34 28
12 34 34 28
12 11 36 28
12 14 38 28
12 21 38 28
38 74 1 28
38 77 2 28
38 36 4 28
38 26 5 28
38 2 8 28
38 19 8 28
38 43 8 28
38 58 20 28
38 63 20 28
38 57 24 28
38 75 33 28
38 29 34 28
38 34 34 28
38 11 36 28
38 14 38 28
38 21 38 28
65 74 1 28
65 77 2 28
65 36 4 28
65 26 5 28
65 19 8 28
65 43 8 28
65 95 15 28
65 101 16 28
65 58 20 28
65 63 20 28
65 57 24 28
65 75 33 28
65 29 34 28
65 34 34 28
65 21 38 28
141 120 4 28
141 128 5 28
141 138 6 28
141 125 8 28
141 137 8 28
141 124 9 28
141 134 9 28
141 158 10 28
141 159 11 28
141 133 12 28
141 121 14 28
141 129 14 28
141 95 15 28
141 101 16 28
141 129 16 28
141 179 18 28
141 188 20 28
141 149 22 28
141 183 24 28
141 177 25 28
141 152 33 28
141 139 34 28
381 377 1 28
381 363 12 28
381 404 17 28
381 388 20 28
381 348 21 28
381 403 33 28
537 536 1 28
537 546 2 28
537 556 3 28
537 504 4 28
537 551 16 28
537 553 17 28
537 519 21 28
537 532 24 28
74 77 1 29
74 36 3 29
74 120 3 29
74 26 4 29
74 43 7 29
74 121 13 29
74 95 14 29
74 101 15 29
74 58 19 29
74 63 19 29
74 57 23 29
74 75 32 29
74 29 33 29
74 34 33 29
216 239 1 29
216 262 1 29
216 231 6 29
216 227 12 29
216 239 14 29
216 256 15 29
216 179 17 29
216 188 19 29
216 208 20 29
216 210 22 29
216 183 23 29
216 255 23 29
216 177 24 29
216 258 33 29
216 228 37 29
377 363 11 29
377 404 16 29
377 388 19 29
377 348 20 29
377 403 32 29
536 546 1 29
536 556 2 29
536 504 3 29
536 486 4 29
536 551 15 29
536 553 16 29
536 519 20 29
536 532 23 29
77 36 2 30
77 120 2 30
77 43 6 30
77 125 6 30
77 124 7 30
77 121 12 30
77 95 13 30
77 101 14 30
77 58 18 30
77 63 18 30
77 57 22 30
77 75 31 30
77 29 32 30
77 34 32 30
239 231 5 30
239 272 6 30
239 272 8 30
239 227 11 30
239 239 13 30
239 272 13 30
239 256 14 30
239 287 16 30
239 208 19 30
239 210 21 30
239 255 22 30
239 258 32 30
239 228 36 30
262 297 4 30
262 231 5 30
262 296 5 30
262 272 6 30
262 300 7 30
262 272 8 30
262 293 9 30
262 227 11 30
262 239 13 30
262 272 13 30
262 256 14 30
262 287 16 30
262 255 22 30
262 258 32 30
262 228 36 30
546 556 1 30
546 504 2 30
546 551 14 30
546 553 15 30
546 519 19 30
546 532 22 30
556 598 11 31
556 551 13 31
556 553 14 31
556 519 18 31
556 605 19 31
556 532 21 31
556 600 22 31
36 26 1 32
36 2 4 32
36 19 4 32
36 43 4 32
36 58 16 32
36 63 16 32
36 57 20 32
36 75 29 32
36 29 30 32
36 34 30 32
36 11 32 32
36 14 34 32
36 21 34 32
120 128 1 32
120 138 2 32
120 125 4 32
120 137 4 32
120 124 5 32
120 134 5 32
120 158 6 32
120 159 7 32
120 133 8 32
120 121 10 32
120 129 10 32
120 95 11 32
120 101 12 32
120 129 12 32
120 149 18 32
120 75 29 32
120 152 29 32
120 139 30 32
504 486 1 32
504 551 12 32
504 553 13 32
504 519 17 32
504 532 20 32
504 470 32 32
504 474 33 32
734 736 2 32
734 694 4 32
734 734 5 32
734 701 11 32
734 720 15 32
734 718 16 32
734 719 19 32
734 719 29 32
734 732 34 32
26 2 3 33
26 19 3 33
26 43 3 33
26 58 15 33
26 63 15 33
26 57 19 33
26 75 28 33
26 29 29 33
26 34 29 33
26 11 31 33
26 14 33 33
26 21 33 33
128 138 1 33
128 125 3 33
128 137 3 33
128 124 4 33
128 134 4 33
128 158 5 33
128 159 6 33
128 133 7 33
128 121 9 33
128 129 9 33
128 95 10 33
128 101 11 33
128 129 11 33
128 149 17 33
128 177 20 33
128 152 28 33
128 139 29 33
486 438 8 33
486 438 9 33
486 440 14 33
486 519 16 33
486 532 19 33
486 439 20 33
486 470 31 33
486 474 32 33
607 631 7 33
607 645 8 33
607 598 9 33
607 626 13 33
607 605 17 33
607 600 20 33
607 607 29 33
607 651 32 33
138 125 2 34
138 137 2 34
138 124 3 34
138 134 3 34
138 158 4 34
138 159 5 34
138 133 6 34
138 121 8 34
138 129 8 34
138 95 9 34
138 101 10 34
138 129 10 34
138 179 12 34
138 149 16 34
138 183 18 34
138 177 19 34
138 152 27 34
138 139 28 34
297 296 1 34
297 272 2 34
297 300 3 34
297 272 4 34
297 293 5 34
297 272 9 34
297 256 10 34
297 287 12 34
297 316 17 34
297 255 18 34
297 258 28 34
736 694 2 34
736 734 3 34
736 701 9 34
736 720 13 34
736 718 14 34
736 719 17 34
736 719 27 34
736 732 32 34
231 272 1 35
231 272 3 35
231 227 6 35
231 239 8 35
231 272 8 35
231 256 9 35
231 188 13 35
231 208 14 35
231 210 16 35
231 183 17 35
231 255 17 35
231 258 27 35
231 228 31 35
296 272 1 35
296 300 2 35
296 272 3 35
296 293 4 35
296 272 8 35
296 256 9 35
296 287 11 35
296 316 16 35
296 255 17 35
296 258 27 35
2 29 26 36
2 34 26 36
2 11 28 36
2 14 30 36
2 21 30 36
19 58 12 36
19 63 12 36
19 57 16 36
19 29 26 36
19 34 26 36
19 11 28 36
19 14 30 36
19 21 30 36
43 58 12 36
43 63 12 36
43 57 16 36
43 75 25 36
43 29 26 36
43 34 26 36
43 11 28 36
43 14 30 36
43 21 30 36
125 124 1 36
125 134 1 36
125 158 2 36
125 159 3 36
125 133 4 36
125 121 6 36
125 129 6 36
125 95 7 36
125 101 8 36
125 129 8 36
125 149 14 36
125 75 25 36
125 152 25 36
125 139 26 36
137 124 1 36
137 134 1 36
137 158 2 36
137 159 3 36
137 133 4 36
137 121 6 36
137 129 6 36
137 95 7 36
137 101 8 36
137 129 8 36
137 179 10 36
137 149 14 36
137 183 16 36
137 177 17 36
137 152 25 36
137 139 26 36
272 300 1 36
272 272 2 36
272 293 3 36
272 227 5 36
272 239 7 36
272 272 7 36
272 256 8 36
272 287 10 36
272 316 15 36
272 255 16 36
272 258 26 36
272 228 30 36
694 734 1 36
694 645 5 36
694 701 7 36
694 720 11 36
694 718 12 36
694 719 15 36
694 719 25 36
694 658 28 36
694 651 29 36
694 732 30 36
124 158 1 37
124 159 2 37
124 133 3 37
124 121 5 37
124 129 5 37
124 95 6 37
124 101 7 37
124 129 7 37
124 149 13 37
124 75 24 37
124 152 24 37
124 139 25 37
134 158 1 37
134 159 2 37
134 133 3 37
134 121 5 37
134 129 5 37
134 95 6 37
134 101 7 37
134 129 7 37
134 179 9 37
134 149 13 37
134 183 15 37
134 177 16 37
134 152 24 37
134 139 25 37
300 272 1 37
300 293 2 37
300 272 6 37
300 256 7 37
300 287 9 37
300 348 12 37
300 316 14 37
300 255 15 37
300 258 25 37
734 701 6 37
734 720 10 37
734 718 11 37
734 719 14 37
734 719 24 37
734 732 29 37
158 159 1 38
158 133 2 38
158 121 4 38
158 129 4 38
158 129 6 38
158 179 8 38
158 188 10 38
158 149 12 38
158 183 14 38
158 177 15 38
158 152 23 38
158 139 24 38
272 293 1 38
272 227 3 38
272 239 5 38
272 272 5 38
272 256 6 38
272 287 8 38
272 316 13 38
272 255 14 38
272 258 24 38
272 228 28 38
159 133 1 39
159 121 3 39
159 129 3 39
159 129 5 39
159 179 7 39
159 188 9 39
159 208 10 39
159 149 11 39
159 183 13 39
159 177 14 39
159 152 22 39
159 139 23 39
293 272 4 39
293 256 5 39
293 287 7 39
293 316 12 39
293 255 13 39
293 258 23 39
133 121 2 40
133 129 2 40
133 95 3 40
133 101 4 40
133 129 4 40
133 179 6 40
133 149 10 40
133 177 13 40
133 152 21 40
133 139 22 40
363 404 5 40
363 388 8 40
363 348 9 40
363 316 11 40
363 403 21 40
631 645 1 40
631 598 2 40
631 626 6 40
631 605 10 40
631 600 13 40
631 607 22 40
631 658 24 40
631 651 25 40
227 239 2 41
227 272 2 41
227 256 3 41
227 179 5 41
227 188 7 41
227 208 8 41
227 210 10 41
227 183 11 41
227 255 11 41
227 177 12 41
227 258 21 41
227 228 25 41
438 438 1 41
438 404 4 41
438 440 6 41
438 388 7 41
438 439 12 41
438 403 20 41
438 435 22 41
438 470 23 41
438 474 24 41
438 432 25 41
645 598 1 41
645 626 5 41
645 605 9 41
645 600 12 41
645 607 21 41
645 658 23 41
645 651 24 41
121 95 1 42
121 101 2 42
121 129 2 42
121 149 8 42
121 75 19 42
121 152 19 42
121 139 20 42
129 95 1 42
129 101 2 42
129 129 2 42
129 149 8 42
129 177 11 42
129 152 19 42
129 139 20 42
438 404 3 42
438 440 5 42
438 388 6 42
438 439 11 42
438 403 19 42
438 435 21 42
438 470 22 42
438 474 23 42
438 432 24 42
598 551 2 42
598 553 3 42
598 626 4 42
598 605 8 42
598 600 11 42
598 607 20 42
95 101 1 43
95 129 1 43
95 58 5 43
95 63 5 43
95 57 9 43
95 75 18 43
95 139 19 43
239 256 1 43
239 287 3 43
239 208 6 43
239 210 8 43
239 255 9 43
239 258 19 43
239 228 23 43
272 256 1 43
272 287 3 43
272 316 8 43
272 255 9 43
272 258 19 43
272 228 23 43
701 720 4 43
701 718 5 43
701 719 8 43
701 719 18 43
701 658 21 43
701 651 22 43
701 732 23 43
101 58 4 44
101 63 4 44
101 149 6 44
101 57 8 44
101 75 17 44
101 139 18 44
129 149 6 44
129 177 9 44
129 152 17 44
129 139 18 44
256 287 2 44
256 208 5 44
256 210 7 44
256 255 8 44
256 258 18 44
256 228 22 44
551 553 1 44
551 519 5 44
551 532 8 44
551 600 9 44
404 440 2 45
404 388 3 45
404 439 8 45
404 403 16 45
404 435 18 45
404 432 21 45
553 519 4 45
553 532 7 45
553 600 8 45
179 188 2 46
179 208 3 46
179 149 4 46
179 210 5 46
179 183 6 46
179 177 7 46
179 152 15 46
179 139 16 46
179 228 20 46
287 316 5 46
287 255 6 46
287 258 16 46
626 605 4 46
626 600 7 46
626 607 16 46
626 658 18 46
626 651 19 46
440 439 6 47
440 403 14 47
440 435 16 47
440 470 17 47
440 474 18 47
440 432 19 47
720 718 1 47
720 719 4 47
720 719 14 47
720 732 19 47
58 57 4 48
58 75 13 48
58 29 14 48
58 34 14 48
58 11 16 48
58 14 18 48
58 21 18 48
63 57 4 48
63 75 13 48
63 29 14 48
63 34 14 48
63 14 18 48
63 21 18 48
188 208 1 48
188 149 2 48
188 210 3 48
188 183 4 48
188 177 5 48
188 152 13 48
188 139 14 48
188 228 18 48
388 348 1 48
388 403 13 48
388 435 15 48
388 432 18 48
718 719 3 48
718 719 13 48
718 732 18 48
208 210 2 49
208 183 3 49
208 255 3 49
208 177 4 49
208 228 17 49
348 316 2 49
519 532 3 49
519 470 15 49
519 474 16 49
149 183 2 50
149 177 3 50
149 152 11 50
149 139 12 50
605 600 3 50
605 607 12 50
605 651 15 50
210 183 1 51
210 255 1 51
210 177 2 51
210 258 11 51
210 228 15 51
719 719 10 51
719 732 15 51
57 75 9 52
57 29 10 52
57 34 10 52
57 11 12 52
57 14 14 52
57 21 14 52
183 177 1 52
183 152 9 52
183 139 10 52
183 228 14 52
255 258 10 52
255 228 14 52
177 152 8 53
177 139 9 53
439 403 8 53
439 435 10 53
439 470 11 53
439 474 12 53
439 432 13 53
600 607 9 53
75 29 1 61
75 34 1 61
152 139 1 61
403 435 2 61
403 432 5 61
719 732 5 61
29 11 2 62
29 14 4 62
29 21 4 62
34 11 2 62
34 14 4 62
34 21 4 62
258 228 4 62
607 651 3 62
435 470 1 63
435 474 2 63
435 432 3 63
11 14 2 64
11 21 2 64
470 474 1 64
470 432 2 64
658 651 1 64
474 432 1 65
