21 8 10 1
21 32 10 1
21 39 11 1
21 32 13 1
21 8 27 1
21 33 29 1
42 32 10 1
42 39 11 1
42 32 13 1
42 55 15 1
42 56 18 1
42 56 19 1
42 33 29 1
65 64 12 1
65 55 15 1
65 56 18 1
65 56 19 1
179 188 15 1
179 164 19 1
518 506 10 1
518 513 10 1
518 512 11 1
518 536 16 1
0 8 26 2
0 14 29 2
0 15 29 2
1 8 26 2
1 14 29 2
1 15 29 2
3 8 26 2
3 14 29 2
3 15 29 2
7 8 26 2
7 14 29 2
7 15 29 2
22 39 10 2
22 32 12 2
22 8 26 2
22 33 28 2
22 14 29 2
22 15 29 2
140 157 10 2
140 142 13 2
140 145 19 2
140 143 20 2
140 141 21 2
140 143 22 2
140 140 23 2
140 146 24 2
140 140 25 2
140 140 28 2
140 151 29 2
260 257 10 2
260 266 15 2
260 259 28 2
260 273 29 2
758 757 20 2
758 749 25 2
21 32 11 3
21 8 25 3
21 33 27 3
21 14 28 3
21 15 28 3
21 12 29 3
21 34 29 3
53 64 10 3
53 55 13 3
53 56 16 3
53 56 17 3
53 33 27 3
53 34 29 3
68 64 10 3
68 55 13 3
68 56 16 3
68 56 17 3
146 142 12 3
146 164 17 3
146 145 18 3
146 143 19 3
146 141 20 3
146 143 21 3
146 140 22 3
146 146 23 3
146 140 24 3
146 140 27 3
146 151 28 3
263 266 14 3
263 259 27 3
263 273 28 3
263 244 29 3
263 256 29 3
633 614 11 3
633 621 12 3
633 631 15 3
633 634 16 3
633 616 17 3
633 617 21 3
633 652 25 3
121 114 10 4
121 113 11 4
121 117 15 4
121 117 16 4
121 114 17 4
121 140 21 4
121 114 22 4
121 140 23 4
121 140 26 4
121 140 29 4
217 205 14 4
217 227 15 4
260 266 13 4
260 259 26 4
260 273 27 4
260 244 28 4
260 256 28 4
559 576 12 4
559 571 21 4
559 569 27 4
559 558 29 4
171 188 11 5
171 164 15 5
171 151 26 5
361 377 13 5
713 711 18 5
713 708 21 5
713 696 24 5
18 8 22 6
18 33 24 6
18 14 25 6
18 15 25 6
18 12 26 6
18 34 26 6
181 188 10 6
181 164 14 6
360 377 12 6
360 360 29 6
574 576 10 6
574 583 15 6
574 571 19 6
574 569 25 6
574 558 27 6
574 554 29 6
30 33 23 7
30 14 24 7
30 15 24 7
30 12 25 7
30 34 25 7
114 117 12 7
114 117 13 7
114 114 14 7
114 114 19 7
114 99 22 7
114 100 25 7
114 116 29 7
150 164 13 7
150 145 14 7
150 143 15 7
150 141 16 7
150 143 17 7
150 140 18 7
150 146 19 7
150 140 20 7
150 140 23 7
150 151 24 7
150 140 26 7
677 696 22 7
14 8 20 8
14 33 22 8
14 14 23 8
14 15 23 8
14 12 24 8
17 8 20 8
17 33 22 8
17 14 23 8
17 15 23 8
17 12 24 8
17 34 24 8
31 33 22 8
31 14 23 8
31 15 23 8
31 12 24 8
31 34 24 8
124 117 11 8
124 117 12 8
124 114 13 8
124 143 14 8
124 141 15 8
124 143 16 8
124 140 17 8
124 114 18 8
124 140 19 8
124 140 22 8
124 140 25 8
124 116 28 8
128 117 11 8
128 117 12 8
128 114 13 8
128 145 13 8
128 143 14 8
128 141 15 8
128 143 16 8
128 140 17 8
128 114 18 8
128 146 18 8
128 140 19 8
128 140 22 8
128 140 25 8
128 116 28 8
274 259 22 8
274 273 23 8
274 256 24 8
274 275 26 8
274 272 29 8
557 571 17 8
557 569 23 8
557 558 25 8
557 554 27 8
557 537 28 8
557 538 29 8
23 8 19 9
23 33 21 9
23 14 22 9
23 15 22 9
23 12 23 9
23 34 23 9
38 56 10 9
38 56 11 9
38 33 21 9
38 34 23 9
38 57 28 9
122 117 10 9
122 117 11 9
122 114 12 9
122 141 14 9
122 140 16 9
122 114 17 9
122 140 18 9
122 140 21 9
122 140 24 9
122 116 27 9
128 117 10 9
128 117 11 9
128 114 12 9
128 145 12 9
128 143 13 9
128 141 14 9
128 143 15 9
128 140 16 9
128 114 17 9
128 146 17 9
128 140 18 9
128 140 21 9
128 140 24 9
128 116 27 9
539 558 24 9
539 528 25 9
539 554 26 9
539 537 27 9
539 538 28 9
695 711 13 10
695 708 16 10
695 696 19 10
8 8 17 11
8 14 20 11
8 15 20 11
8 12 21 11
32 33 19 11
32 14 20 11
32 15 20 11
32 12 21 11
32 34 21 11
32 33 29 11
111 114 10 11
111 114 15 11
111 99 18 11
111 100 21 11
111 116 25 11
148 145 10 11
148 143 11 11
148 141 12 11
148 143 13 11
148 140 14 11
148 146 15 11
148 140 16 11
148 140 19 11
148 151 20 11
148 140 22 11
513 528 23 11
39 33 18 12
39 34 20 12
39 57 25 12
39 33 28 12
157 143 10 12
157 141 11 12
157 143 12 12
157 140 13 12
157 146 14 12
157 140 15 12
157 140 18 12
157 151 19 12
157 140 21 12
157 168 25 12
157 172 28 12
157 142 29 12
257 259 18 12
257 273 19 12
257 244 20 12
257 256 20 12
257 275 22 12
257 272 25 12
257 270 28 12
512 528 22 12
64 59 23 13
64 57 24 13
64 73 27 13
372 385 11 13
372 385 13 13
372 384 16 13
372 360 22 13
372 362 29 13
552 571 12 13
552 569 18 13
552 558 20 13
552 554 22 13
552 537 23 13
552 538 24 13
32 33 16 14
32 14 17 14
32 15 17 14
32 12 18 14
32 34 18 14
32 33 26 14
32 23 28 14
114 114 12 14
114 99 15 14
114 100 18 14
114 116 22 14
614 617 10 14
614 595 16 14
614 604 18 14
614 616 28 14
113 114 11 15
113 99 14 15
113 100 17 15
113 116 21 15
142 140 10 15
142 146 11 15
142 140 12 15
142 140 15 15
142 151 16 15
142 140 18 15
142 142 26 15
142 140 27 15
621 604 17 15
621 616 27 15
55 59 20 16
55 57 21 16
55 73 24 16
55 50 29 16
188 189 20 16
188 168 21 16
188 190 22 16
188 190 23 16
188 172 24 16
576 595 14 16
576 569 15 16
576 558 17 16
576 590 24 16
576 583 29 16
266 259 13 17
266 273 14 17
266 256 15 17
266 275 17 17
266 272 20 17
266 270 23 17
266 283 28 17
536 528 17 17
536 554 18 17
536 537 19 17
536 538 20 17
205 189 18 18
205 190 20 18
205 190 21 18
377 384 11 18
377 360 17 18
377 362 24 18
631 616 24 18
631 646 26 18
56 59 17 19
56 57 18 19
56 73 21 19
56 50 26 19
117 99 10 19
117 100 13 19
117 116 17 19
117 99 28 19
227 244 13 19
332 317 14 19
332 324 20 19
332 316 24 19
634 616 23 19
634 646 25 19
56 59 16 20
56 57 17 20
56 73 20 20
56 50 25 20
117 100 12 20
117 116 16 20
117 99 27 20
164 151 11 20
164 168 17 20
164 172 20 20
164 179 29 20
616 604 12 20
616 616 22 20
114 100 11 21
114 116 15 21
114 99 26 21
145 151 10 21
145 140 12 21
145 142 20 21
145 140 21 21
583 569 10 21
583 590 19 21
583 583 24 21
583 571 25 21
583 594 29 21
143 140 11 22
143 142 19 22
143 140 20 22
143 132 29 22
431 448 14 22
431 439 22 22
757 749 16 22
757 763 19 22
757 762 21 22
757 756 25 22
757 743 26 22
141 140 10 23
141 142 18 23
141 140 19 23
141 132 28 23
421 439 21 23
711 697 26 23
143 142 17 24
143 140 18 24
143 132 27 24
617 616 18 24
140 142 16 25
140 140 17 25
140 132 26 25
571 554 10 25
571 590 15 25
571 583 20 25
571 571 21 25
571 578 26 25
114 116 10 26
114 99 21 26
114 115 25 26
114 132 25 26
114 114 26 26
114 102 28 26
146 142 15 26
146 140 16 26
146 132 25 26
708 697 23 26
140 142 14 27
140 140 15 27
140 132 24 27
749 749 11 27
749 763 14 27
749 762 16 27
749 756 20 27
749 743 21 27
749 748 27 27
8 23 14 28
8 19 28 28
652 646 16 28
99 92 13 29
99 99 18 29
99 115 22 29
99 114 23 29
99 102 25 29
99 115 27 29
696 697 20 29
696 702 29 29
33 33 10 30
33 23 12 30
33 50 15 30
33 32 17 30
33 39 25 30
33 19 26 30
33 36 27 30
33 37 28 30
140 142 11 30
140 140 12 30
140 132 21 30
140 127 27 30
259 270 10 30
259 253 17 30
259 254 24 30
259 262 24 30
595 590 10 30
595 583 15 30
595 594 20 30
595 578 21 30
595 583 25 30
595 584 29 30
14 23 11 31
14 32 16 31
14 19 25 31
15 23 11 31
15 32 16 31
15 19 25 31
151 142 10 31
151 140 11 31
151 132 20 31
151 164 25 31
273 288 10 31
273 283 14 31
273 287 15 31
273 253 16 31
273 284 20 31
273 254 23 31
273 262 23 31
569 583 14 31
569 571 15 31
569 578 20 31
569 583 24 31
569 584 28 31
12 23 10 32
12 19 24 32
34 23 10 32
34 50 13 32
34 32 15 32
34 39 23 32
34 19 24 32
34 36 25 32
34 37 26 32
100 92 10 32
100 99 15 32
100 115 19 32
100 114 20 32
100 102 22 32
100 115 24 32
244 253 15 32
244 254 22 32
244 262 22 32
244 232 28 32
256 253 15 32
256 254 22 32
256 262 22 32
604 616 10 32
604 594 18 32
604 584 27 32
140 132 18 33
140 127 24 33
140 139 28 33
140 124 29 33
140 136 29 33
317 316 10 33
317 320 20 33
317 323 24 33
317 324 27 33
558 571 13 33
558 543 29 33
275 283 11 34
275 287 12 34
275 284 17 34
275 262 20 34
275 293 21 34
275 293 28 34
275 259 29 34
528 531 18 34
528 535 19 34
528 508 22 34
528 511 22 34
528 521 23 34
528 543 28 34
360 360 17 35
554 571 11 35
554 535 18 35
554 543 27 35
59 39 19 36
59 55 20 36
59 67 21 36
116 99 11 36
116 115 15 36
116 132 15 36
116 114 16 36
116 102 18 36
116 115 20 36
116 127 21 36
116 124 26 36
116 128 27 36
189 179 13 36
189 183 14 36
189 206 16 36
189 197 17 36
189 180 19 36
537 531 16 36
537 535 17 36
537 521 21 36
537 543 26 36
57 39 18 37
57 55 19 37
57 67 20 37
57 37 21 37
88 99 10 37
88 102 17 37
168 179 12 37
168 183 13 37
168 180 18 37
168 164 19 37
272 253 10 37
272 284 14 37
272 254 17 37
272 262 17 37
272 259 26 37
538 531 15 37
538 535 16 37
538 521 20 37
538 543 25 37
190 179 11 38
190 183 12 38
190 206 14 38
190 197 15 38
190 180 17 38
190 173 29 38
483 476 27 38
483 474 28 38
749 743 10 38
749 748 16 38
749 759 23 38
190 179 10 39
190 183 11 39
190 206 13 39
190 197 14 39
190 180 16 39
190 173 28 39
190 203 29 39
324 320 14 39
324 323 18 39
324 324 21 39
33 39 15 40
33 19 16 40
33 36 17 40
33 37 18 40
33 35 27 40
73 55 16 40
73 67 17 40
73 63 27 40
73 81 28 40
172 183 10 40
172 180 15 40
172 164 16 40
172 173 27 40
270 284 11 40
270 254 14 40
270 262 14 40
270 259 23 40
270 255 27 40
590 594 10 40
590 578 11 40
590 583 15 40
590 584 19 40
142 132 10 41
142 127 16 41
142 139 20 41
142 124 21 41
142 136 21 41
142 128 22 41
288 284 10 41
288 293 14 41
288 295 20 41
288 293 21 41
763 748 13 41
763 759 20 41
763 765 29 41
23 39 13 42
23 19 14 42
23 36 15 42
23 37 16 42
23 35 25 42
92 102 12 42
92 81 26 42
140 127 15 42
140 139 19 42
140 124 20 42
140 136 20 42
140 128 21 42
362 360 10 42
316 320 10 43
316 323 14 43
316 324 17 43
316 318 27 43
762 748 11 43
762 759 18 43
762 765 27 43
50 39 10 45
50 55 11 45
50 36 12 45
50 67 12 45
50 37 13 45
50 35 22 45
50 63 22 45
283 293 10 45
283 295 16 45
283 293 17 45
283 271 26 45
583 583 10 45
583 584 14 45
583 572 27 45
287 295 15 46
287 293 16 46
287 271 25 46
571 584 13 46
571 572 26 46
32 36 10 47
32 37 11 47
32 35 20 47
99 81 21 47
253 259 16 47
253 255 20 47
253 271 24 47
483 476 18 47
483 474 19 47
756 759 14 47
756 765 23 47
743 759 13 48
179 173 18 49
179 198 22 49
697 697 18 49
697 683 19 49
183 173 17 50
183 198 21 50
115 124 11 51
115 128 12 51
132 139 10 51
132 124 11 51
132 136 11 51
132 128 12 51
284 295 10 51
284 293 11 51
284 271 20 51
578 572 21 51
114 124 10 52
114 128 11 52
206 203 16 52
206 198 19 52
360 358 20 52
531 543 10 52
531 515 12 52
531 514 13 52
197 203 15 53
197 198 18 53
320 318 17 53
535 515 11 53
254 255 13 54
254 271 17 54
262 255 13 54
262 271 17 54
748 765 16 54
39 35 12 55
180 173 12 55
180 198 16 55
583 572 17 55
19 35 11 56
55 35 11 56
55 63 11 56
164 173 11 56
36 35 10 57
67 63 10 57
67 81 11 57
323 318 13 57
220 203 10 58
220 227 12 58
702 683 10 58
584 572 13 59
232 227 10 60
324 318 10 60
