24 42 15 0
24 10 21 0
24 38 21 0
24 8 23 0
24 25 23 0
24 31 23 0
24 4 24 0
24 7 24 0
24 11 25 0
24 5 28 0
24 12 28 0
24 38 28 0
24 36 32 0
24 26 33 0
24 19 36 0
24 43 36 0
430 433 10 0
430 437 14 0
430 447 16 0
430 438 41 0
430 438 42 0
430 440 47 0
430 439 53 0
26 42 14 1
26 10 20 1
26 38 20 1
26 8 22 1
26 25 22 1
26 31 22 1
26 7 23 1
26 11 24 1
26 12 27 1
26 38 27 1
26 36 31 1
26 26 32 1
26 19 35 1
26 43 35 1
431 437 13 1
431 447 15 1
431 438 40 1
431 438 41 1
431 440 46 1
431 439 52 1
733 734 25 1
733 734 31 1
733 736 33 1
733 734 36 1
733 720 46 1
733 718 47 1
733 719 50 1
138 148 10 2
138 128 22 2
138 127 23 2
138 141 26 2
138 120 30 2
138 128 31 2
138 138 32 2
138 125 34 2
138 137 34 2
138 124 35 2
138 134 35 2
138 133 38 2
138 121 40 2
138 129 40 2
138 129 42 2
138 149 48 2
138 152 59 2
298 301 11 2
298 297 32 2
298 296 33 2
298 300 35 2
298 293 37 2
298 287 44 2
298 316 49 2
694 688 17 2
694 686 20 2
694 694 34 2
694 701 41 2
49 42 12 3
49 52 13 3
49 38 18 3
49 63 19 3
49 31 20 3
49 38 25 3
49 65 25 3
49 36 29 3
49 43 33 3
49 58 45 3
49 63 45 3
49 57 49 3
49 29 59 3
49 34 59 3
230 218 17 3
230 217 18 3
230 223 19 3
230 210 24 3
230 216 26 3
230 239 27 3
230 231 32 3
230 227 38 3
230 239 40 3
230 210 48 3
445 437 11 3
445 463 12 3
445 447 13 3
445 438 38 3
445 438 39 3
445 440 44 3
445 439 50 3
12 10 17 4
12 1 19 4
12 3 19 4
12 8 19 4
12 25 19 4
12 31 19 4
12 4 20 4
12 7 20 4
12 11 21 4
12 5 24 4
12 12 24 4
12 26 29 4
12 2 32 4
12 19 32 4
12 29 58 4
16 10 17 4
16 1 19 4
16 3 19 4
16 8 19 4
16 25 19 4
16 31 19 4
16 4 20 4
16 7 20 4
16 11 21 4
16 5 24 4
16 12 24 4
16 26 29 4
16 2 32 4
16 19 32 4
16 29 58 4
16 34 58 4
109 128 20 4
109 127 21 4
109 120 28 4
109 128 29 4
109 125 32 4
109 124 33 4
109 121 38 4
109 95 39 4
109 101 40 4
131 128 20 4
131 127 21 4
131 141 24 4
131 120 28 4
131 128 29 4
131 138 30 4
131 125 32 4
131 137 32 4
131 124 33 4
131 134 33 4
131 133 36 4
131 121 38 4
131 129 38 4
131 129 40 4
131 149 46 4
131 139 58 4
408 404 41 4
408 388 44 4
408 403 57 4
583 578 19 4
583 598 38 4
583 600 49 4
21 10 16 5
21 38 16 5
21 1 18 5
21 3 18 5
21 8 18 5
21 25 18 5
21 31 18 5
21 4 19 5
21 7 19 5
21 11 20 5
21 5 23 5
21 12 23 5
21 38 23 5
21 36 27 5
21 26 28 5
21 2 31 5
21 19 31 5
21 29 57 5
21 34 57 5
21 11 59 5
125 128 19 5
125 127 20 5
125 141 23 5
125 120 27 5
125 128 28 5
125 138 29 5
125 125 31 5
125 137 31 5
125 124 32 5
125 134 32 5
125 133 35 5
125 121 37 5
125 129 37 5
125 129 39 5
125 139 57 5
127 128 19 5
127 127 20 5
127 141 23 5
127 120 27 5
127 128 28 5
127 138 29 5
127 125 31 5
127 137 31 5
127 124 32 5
127 134 32 5
127 133 35 5
127 121 37 5
127 129 37 5
127 129 39 5
127 139 57 5
431 447 11 5
431 438 36 5
431 438 37 5
431 440 42 5
431 439 48 5
431 435 58 5
604 607 28 5
604 598 37 5
604 605 45 5
604 600 48 5
604 607 57 5
132 128 18 6
132 127 19 6
132 141 22 6
132 120 26 6
132 128 27 6
132 138 28 6
132 125 30 6
132 137 30 6
132 124 31 6
132 134 31 6
132 133 34 6
132 121 36 6
132 129 36 6
132 129 38 6
132 149 44 6
132 139 56 6
432 447 10 6
432 438 35 6
432 438 36 6
432 440 41 6
432 439 47 6
432 435 57 6
0 10 14 7
0 1 16 7
0 3 16 7
0 8 16 7
0 4 17 7
0 7 17 7
0 11 18 7
0 5 21 7
0 12 21 7
0 2 29 7
0 19 29 7
0 11 57 7
0 14 59 7
2 10 14 7
2 1 16 7
2 3 16 7
2 8 16 7
2 4 17 7
2 7 17 7
2 11 18 7
2 5 21 7
2 12 21 7
2 2 29 7
2 19 29 7
2 11 57 7
2 14 59 7
2 21 59 7
5 10 14 7
5 1 16 7
5 3 16 7
5 8 16 7
5 4 17 7
5 7 17 7
5 11 18 7
5 5 21 7
5 12 21 7
5 2 29 7
5 19 29 7
5 11 57 7
5 14 59 7
5 21 59 7
9 10 14 7
9 1 16 7
9 3 16 7
9 8 16 7
9 25 16 7
9 4 17 7
9 7 17 7
9 11 18 7
9 5 21 7
9 12 21 7
9 26 26 7
9 2 29 7
9 19 29 7
9 11 57 7
9 14 59 7
9 21 59 7
48 38 14 7
48 63 15 7
48 31 16 7
48 38 21 7
48 65 21 7
48 36 25 7
48 43 29 7
48 58 41 7
48 63 41 7
48 57 45 7
48 29 55 7
48 34 55 7
133 128 17 7
133 127 18 7
133 141 21 7
133 120 25 7
133 128 26 7
133 138 27 7
133 125 29 7
133 137 29 7
133 124 30 7
133 134 30 7
133 133 33 7
133 121 35 7
133 129 35 7
133 129 37 7
133 149 43 7
133 152 54 7
133 139 55 7
272 262 23 7
272 272 29 7
272 272 31 7
272 272 36 7
272 256 37 7
272 287 39 7
272 255 45 7
272 258 55 7
639 631 33 7
639 645 34 7
639 626 39 7
639 658 57 7
639 651 58 7
227 218 12 8
227 217 13 8
227 223 14 8
227 210 19 8
227 216 21 8
227 239 22 8
227 231 27 8
227 227 33 8
227 239 35 8
227 208 41 8
227 210 43 8
227 228 58 8
362 359 10 8
362 362 11 8
362 376 12 8
362 357 16 8
362 381 20 8
362 377 21 8
362 363 32 8
362 348 41 8
21 10 12 9
21 38 12 9
21 1 14 9
21 3 14 9
21 8 14 9
21 25 14 9
21 31 14 9
21 4 15 9
21 7 15 9
21 11 16 9
21 5 19 9
21 12 19 9
21 38 19 9
21 36 23 9
21 26 24 9
21 2 27 9
21 19 27 9
21 29 53 9
21 34 53 9
21 11 55 9
21 14 57 9
21 21 57 9
432 438 32 9
432 438 33 9
432 440 38 9
432 439 44 9
432 435 54 9
432 432 57 9
121 128 14 10
121 127 15 10
121 120 22 10
121 128 23 10
121 138 24 10
121 125 26 10
121 137 26 10
121 124 27 10
121 134 27 10
121 133 30 10
121 121 32 10
121 129 32 10
121 101 34 10
121 129 34 10
121 139 52 10
433 438 31 10
433 438 32 10
433 440 37 10
433 439 43 10
433 435 53 10
433 432 56 10
103 88 13 11
103 120 21 11
103 121 31 11
103 95 32 11
103 101 33 11
146 128 13 11
146 127 14 11
146 141 17 11
146 128 22 11
146 138 23 11
146 137 25 11
146 134 26 11
146 158 27 11
146 159 28 11
146 133 29 11
146 129 31 11
146 129 33 11
146 149 39 11
146 152 50 11
146 139 51 11
326 316 40 11
704 686 11 11
704 694 25 11
704 701 32 11
704 720 36 11
704 718 37 11
704 719 40 11
704 719 50 11
148 128 12 12
148 141 16 12
148 128 21 12
148 138 22 12
148 137 24 12
148 134 25 12
148 158 26 12
148 159 27 12
148 133 28 12
148 129 30 12
148 129 32 12
148 149 38 12
148 152 49 12
148 139 50 12
257 239 18 12
257 262 18 12
257 272 24 12
257 272 26 12
257 239 31 12
257 272 31 12
257 256 32 12
257 255 40 12
257 258 50 12
511 518 15 12
511 504 20 12
511 519 37 12
301 297 21 13
301 296 22 13
301 300 24 13
301 293 26 13
301 287 33 13
301 316 38 13
667 658 51 13
667 651 52 13
437 438 27 14
437 438 28 14
437 440 33 14
437 439 39 14
437 435 49 14
437 432 52 14
666 658 50 14
666 651 51 14
42 38 13 15
42 36 17 15
42 26 18 15
42 43 21 15
42 58 33 15
42 57 37 15
42 29 47 15
42 34 47 15
81 65 13 15
81 74 14 15
81 77 15 15
81 95 28 15
81 63 33 15
81 75 46 15
463 470 49 15
463 474 50 15
649 631 25 15
649 645 26 15
649 658 49 15
649 651 50 15
52 38 12 16
52 65 12 16
52 36 16 16
52 43 20 16
52 58 32 16
52 63 32 16
52 57 36 16
52 34 46 16
447 438 25 16
447 438 26 16
447 440 31 16
447 439 37 16
447 435 47 16
447 432 50 16
519 518 11 16
519 537 12 16
519 536 13 16
519 504 16 16
519 519 33 16
519 532 36 16
181 179 28 18
181 188 30 18
181 183 34 18
181 177 35 18
359 377 11 18
359 363 22 18
359 348 31 18
517 536 11 18
517 504 14 18
517 519 31 18
517 532 34 18
362 377 10 19
362 363 21 19
362 348 30 19
688 694 17 19
688 701 24 19
218 231 15 20
218 227 21 20
218 208 29 20
218 210 31 20
218 228 46 20
376 363 20 20
376 388 28 20
533 546 10 20
533 551 24 20
533 519 29 20
533 532 32 20
10 26 12 21
10 2 15 21
10 19 15 21
10 29 41 21
10 11 43 21
10 14 45 21
10 21 45 21
38 36 11 21
38 26 12 21
38 19 15 21
38 43 15 21
38 57 31 21
38 29 41 21
38 34 41 21
38 21 45 21
79 95 22 21
79 63 27 21
79 75 40 21
217 231 14 21
217 227 20 21
217 208 28 21
217 210 30 21
217 228 45 21
540 556 10 21
540 551 23 21
540 553 24 21
540 532 31 21
63 43 14 22
63 58 26 22
63 63 26 22
63 57 30 22
63 75 39 22
223 231 13 22
223 227 19 22
223 239 21 22
223 208 27 22
223 210 29 22
223 228 44 22
686 694 14 22
686 701 21 22
1 2 13 23
1 19 13 23
1 11 41 23
1 14 43 23
3 2 13 23
3 19 13 23
3 11 41 23
3 14 43 23
3 21 43 23
8 26 10 23
8 2 13 23
8 19 13 23
8 11 41 23
8 14 43 23
8 21 43 23
25 26 10 23
25 19 13 23
25 43 13 23
25 29 39 23
25 34 39 23
25 11 41 23
25 14 43 23
25 21 43 23
31 26 10 23
31 19 13 23
31 43 13 23
31 29 39 23
31 34 39 23
31 11 41 23
31 14 43 23
31 21 43 23
4 2 12 24
4 19 12 24
4 11 40 24
4 14 42 24
4 21 42 24
7 2 12 24
7 19 12 24
7 11 40 24
7 14 42 24
7 21 42 24
88 95 19 24
88 101 20 24
88 75 37 24
128 138 10 24
128 125 12 24
128 137 12 24
128 124 13 24
128 134 13 24
128 133 16 24
128 121 18 24
128 129 18 24
128 129 20 24
128 139 38 24
357 363 16 24
357 348 25 24
544 551 20 24
544 553 21 24
544 532 28 24
11 2 11 25
11 19 11 25
11 29 37 25
11 11 39 25
11 14 41 25
11 21 41 25
127 125 11 25
127 137 11 25
127 124 12 25
127 134 12 25
127 133 15 25
127 121 17 25
127 129 17 25
127 129 19 25
127 139 37 25
734 734 11 26
734 720 21 26
734 718 22 26
734 719 25 26
734 719 35 26
734 732 40 26
210 227 14 27
210 208 22 27
210 210 24 27
210 228 39 27
518 519 22 27
518 532 25 27
5 11 36 28
5 14 38 28
5 21 38 28
12 29 34 28
12 11 36 28
12 14 38 28
12 21 38 28
38 57 24 28
38 29 34 28
38 34 34 28
38 21 38 28
65 58 20 28
65 63 20 28
65 57 24 28
65 75 33 28
141 158 10 28
141 159 11 28
141 133 12 28
141 121 14 28
141 129 14 28
141 129 16 28
141 149 22 28
141 152 33 28
141 139 34 28
381 363 12 28
381 388 20 28
537 551 16 28
537 553 17 28
537 519 21 28
537 532 24 28
74 58 19 29
74 63 19 29
74 57 23 29
74 75 32 29
216 227 12 29
216 208 20 29
216 210 22 29
216 228 37 29
377 363 11 29
377 388 19 29
536 551 15 29
536 553 16 29
536 519 20 29
536 532 23 29
77 95 13 30
77 58 18 30
77 63 18 30
77 57 22 30
77 75 31 30
239 227 11 30
239 239 13 30
239 256 14 30
239 255 22 30
239 258 32 30
239 228 36 30
262 272 13 30
262 256 14 30
262 255 22 30
262 258 32 30
546 551 14 30
546 553 15 30
546 532 22 30
556 551 13 31
556 553 14 31
36 29 30 32
36 34 30 32
36 21 34 32
120 121 10 32
120 129 10 32
120 101 12 32
120 129 12 32
120 139 30 32
504 519 17 32
734 720 15 32
734 718 16 32
734 719 19 32
734 719 29 32
734 732 34 32
26 29 29 33
26 34 29 33
26 11 31 33
26 14 33 33
26 21 33 33
128 129 11 33
128 139 29 33
486 470 31 33
486 474 32 33
607 626 13 33
607 605 17 33
607 600 20 33
607 607 29 33
138 129 10 34
138 149 16 34
138 152 27 34
138 139 28 34
297 287 12 34
297 316 17 34
736 720 13 34
736 718 14 34
736 719 17 34
736 719 27 34
736 732 32 34
231 228 31 35
296 287 11 35
2 11 28 36
2 14 30 36
2 21 30 36
19 29 26 36
19 34 26 36
19 11 28 36
19 14 30 36
19 21 30 36
43 58 12 36
43 57 16 36
43 29 26 36
43 34 26 36
125 139 26 36
137 149 14 36
137 152 25 36
137 139 26 36
272 287 10 36
272 255 16 36
272 258 26 36
124 139 25 37
134 149 13 37
134 152 24 37
134 139 25 37
300 316 14 37
734 720 10 37
734 718 11 37
734 719 14 37
734 719 24 37
734 732 29 37
158 149 12 38
158 177 15 38
158 152 23 38
158 139 24 38
272 255 14 38
272 258 24 38
159 149 11 39
159 177 14 39
159 152 22 39
159 139 23 39
133 149 10 40
133 152 21 40
133 139 22 40
227 210 10 41
227 228 25 41
438 439 12 41
438 435 22 41
438 432 25 41
645 658 23 41
645 651 24 41
121 139 20 42
129 139 20 42
438 439 11 42
438 435 21 42
438 432 24 42
598 600 11 42
598 607 20 42
95 75 18 43
239 258 19 43
239 228 23 43
272 258 19 43
701 719 18 43
129 139 18 44
256 258 18 44
404 403 16 45
626 607 16 46
440 435 16 47
440 432 19 47
720 719 14 47
720 732 19 47
58 75 13 48
63 75 13 48
388 403 13 48
718 719 13 48
718 732 18 48
149 152 11 50
149 139 12 50
605 607 12 50
210 228 15 51
719 719 10 51
719 732 15 51
255 258 10 52
439 435 10 53
439 432 13 53
