255 255 1 0
602 601 17 0
106 100 3 1
106 104 10 1
106 104 11 1
106 105 13 1
106 96 16 1
106 97 18 1
106 98 19 1
106 118 20 1
192 181 15 1
758 758 5 1
758 741 14 1
758 740 15 1
758 740 17 1
758 740 18 1
758 739 19 1
69 69 1 2
223 222 2 2
223 222 3 2
223 234 12 2
223 223 15 2
223 214 17 2
293 293 1 2
293 293 2 2
293 284 3 2
293 293 14 2
293 280 15 2
293 279 17 2
293 293 20 2
727 727 1 2
727 726 2 2
727 726 3 2
727 741 13 2
727 740 14 2
727 740 16 2
727 740 17 2
727 739 18 2
293 293 1 3
293 284 2 3
293 293 13 3
293 280 14 3
293 279 16 3
293 293 19 3
727 726 1 3
727 726 2 3
727 741 12 3
727 740 13 3
727 740 15 3
727 740 16 3
727 739 17 3
100 104 7 4
100 104 8 4
100 105 10 4
100 96 13 4
100 97 15 4
100 98 16 4
100 118 17 4
100 98 19 4
222 222 1 4
222 234 10 4
222 223 13 4
222 214 15 4
293 284 1 4
293 293 12 4
293 280 13 4
293 279 15 4
293 293 18 4
726 726 1 4
726 741 11 4
726 740 12 4
726 740 14 4
726 740 15 4
726 739 16 4
726 741 20 4
222 234 9 5
222 223 12 5
222 214 14 5
284 293 11 5
284 280 12 5
284 279 14 5
284 293 17 5
284 293 20 5
726 741 10 5
726 740 11 5
726 740 13 5
726 740 14 5
726 739 15 5
726 741 19 5
726 741 20 5
0 2 1 6
0 1 13 6
0 1 14 6
1 2 1 6
1 1 13 6
1 1 14 6
758 741 9 6
758 740 10 6
758 740 12 6
758 740 13 6
758 739 14 6
758 741 18 6
758 741 19 6
758 741 20 6
2 1 12 7
2 1 13 7
149 153 2 7
149 142 8 7
149 136 11 7
503 504 1 7
503 504 2 7
503 504 3 7
503 504 4 7
503 517 4 7
503 504 5 7
503 517 16 7
503 517 20 7
703 703 1 7
703 703 2 7
703 703 3 7
703 703 5 7
703 703 7 7
504 504 1 8
504 504 2 8
504 504 3 8
504 517 3 8
504 504 4 8
504 517 15 8
504 517 19 8
703 703 1 8
703 703 2 8
703 703 4 8
703 703 6 8
703 684 20 8
153 142 6 9
153 136 9 9
504 504 1 9
504 504 2 9
504 517 2 9
504 504 3 9
504 517 14 9
504 517 18 9
703 703 1 9
703 703 3 9
703 703 5 9
703 684 19 9
504 504 1 10
504 517 1 10
504 504 2 10
504 517 13 10
504 517 17 10
703 703 2 10
703 703 4 10
703 684 18 10
104 104 1 11
104 105 3 11
104 96 6 11
104 97 8 11
104 98 9 11
104 118 10 11
104 98 12 11
104 98 14 11
104 96 15 11
104 118 16 11
104 96 17 11
104 123 18 11
504 504 1 11
504 517 12 11
504 517 16 11
517 504 1 11
517 517 12 11
517 517 16 11
104 105 2 12
104 96 5 12
104 97 7 12
104 98 8 12
104 118 9 12
104 98 11 12
104 98 13 12
104 96 14 12
104 118 15 12
104 96 16 12
104 123 17 12
104 122 20 12
504 517 11 12
504 517 15 12
703 703 2 12
703 684 16 12
105 96 3 14
105 97 5 14
105 98 6 14
105 118 7 14
105 98 9 14
105 98 11 14
105 96 12 14
105 118 13 14
105 96 14 14
105 123 15 14
105 122 18 14
234 223 3 14
234 214 5 14
234 233 13 14
404 404 7 14
404 404 9 14
404 406 17 14
703 684 14 14
142 136 3 15
142 123 14 15
142 122 17 15
142 142 18 15
322 318 3 15
741 740 1 15
741 740 3 15
741 740 4 15
741 739 5 15
741 741 9 15
741 741 10 15
741 741 11 15
741 741 14 15
741 740 17 15
741 740 18 15
741 758 19 15
741 758 20 15
181 182 14 16
293 280 1 16
293 279 3 16
293 293 6 16
293 293 9 16
293 293 13 16
293 295 16 16
740 740 2 16
740 740 3 16
740 739 4 16
740 741 8 16
740 741 9 16
740 741 10 16
740 741 13 16
740 740 16 16
740 740 17 16
740 758 18 16
740 758 19 16
740 758 20 16
96 97 2 17
96 98 3 17
96 98 6 17
96 98 8 17
96 96 9 17
96 96 11 17
96 109 20 17
223 214 2 17
223 233 10 17
280 279 2 17
280 293 5 17
280 293 8 17
280 293 12 17
280 295 15 17
136 118 3 18
136 118 9 18
136 123 11 18
136 122 14 18
136 142 15 18
136 122 20 18
136 128 20 18
740 740 1 18
740 739 2 18
740 741 6 18
740 741 7 18
740 741 8 18
740 741 11 18
740 740 14 18
740 740 15 18
740 758 16 18
740 758 17 18
740 758 18 18
740 727 19 18
740 741 20 18
1 1 1 19
97 98 1 19
97 98 4 19
97 98 6 19
97 96 7 19
97 96 9 19
97 109 18 19
214 233 8 19
279 293 3 19
279 293 6 19
279 293 10 19
279 295 13 19
740 739 1 19
740 741 5 19
740 741 6 19
740 741 7 19
740 741 10 19
740 740 13 19
740 740 14 19
740 758 15 19
740 758 16 19
740 758 17 19
740 727 18 19
740 741 19 19
740 757 20 19
98 98 3 20
98 98 5 20
98 96 6 20
98 96 8 20
98 109 17 20
739 741 4 20
739 741 5 20
739 741 6 20
739 741 9 20
739 740 12 20
739 740 13 20
739 758 14 20
739 758 15 20
739 758 16 20
739 727 17 20
739 741 18 20
739 757 19 20
739 739 20 20
118 98 2 21
118 98 4 21
118 118 6 21
118 123 8 21
118 122 11 21
118 109 16 21
118 122 17 21
118 128 17 21
404 404 2 21
404 406 10 21
404 403 17 21
629 629 1 21
629 629 9 21
629 629 10 21
293 293 3 22
293 293 7 22
293 295 10 22
293 304 17 22
629 629 8 22
629 629 9 22
98 98 2 23
98 96 3 23
98 96 5 23
98 109 14 23
404 406 8 23
404 403 15 23
517 517 4 23
741 741 1 24
741 741 2 24
741 741 5 24
741 740 8 24
741 740 9 24
741 758 10 24
741 758 11 24
741 758 12 24
741 727 13 24
741 741 14 24
741 757 15 24
741 739 16 24
741 753 18 24
741 755 19 24
98 96 1 25
98 96 3 25
98 109 12 25
293 293 4 25
293 295 7 25
293 304 14 25
741 741 1 25
741 741 4 25
741 740 7 25
741 740 8 25
741 758 9 25
741 758 10 25
741 758 11 25
741 727 12 25
741 741 13 25
741 757 14 25
741 739 15 25
741 753 17 25
741 755 18 25
96 96 2 26
96 109 11 26
741 741 3 26
741 740 6 26
741 740 7 26
741 758 8 26
741 758 9 26
741 758 10 26
741 727 11 26
741 741 12 26
741 757 13 26
741 739 14 26
741 753 16 26
741 755 17 26
118 123 2 27
118 122 5 27
118 109 10 27
118 122 11 27
118 128 11 27
233 224 14 27
347 347 1 27
347 352 14 27
347 342 18 27
347 360 19 27
96 109 9 28
347 352 13 28
347 342 17 28
347 360 18 28
123 122 3 29
123 142 4 29
123 109 8 29
123 122 9 29
123 128 9 29
293 295 3 29
293 304 10 29
741 740 3 29
741 740 4 29
741 758 5 29
741 758 6 29
741 758 7 29
741 727 8 29
741 741 9 29
741 757 10 29
741 739 11 29
741 753 13 29
741 755 14 29
741 758 18 29
741 741 20 29
182 162 10 30
182 192 18 30
629 629 1 30
629 647 15 30
629 629 16 30
406 403 7 31
629 647 14 31
629 629 15 31
122 109 5 32
122 122 6 32
122 128 6 32
295 304 7 32
740 740 1 32
740 758 2 32
740 758 3 32
740 758 4 32
740 727 5 32
740 741 6 32
740 757 7 32
740 739 8 32
740 753 10 32
740 755 11 32
740 758 15 32
740 741 17 32
740 752 20 32
142 122 5 33
142 128 5 33
142 159 19 33
740 758 1 33
740 758 2 33
740 758 3 33
740 727 4 33
740 741 5 33
740 757 6 33
740 739 7 33
740 753 9 33
740 755 10 33
740 758 14 33
740 741 16 33
740 752 19 33
476 475 10 34
476 482 14 34
476 456 18 34
758 758 1 34
758 758 2 34
758 741 4 34
758 757 5 34
758 739 6 34
758 753 8 34
758 755 9 34
758 758 13 34
758 741 15 34
758 752 18 34
758 758 1 35
758 741 3 35
758 757 4 35
758 739 5 35
758 753 7 35
758 755 8 35
758 758 12 35
758 741 14 35
758 752 17 35
758 741 2 36
758 757 3 36
758 739 4 36
758 753 6 36
758 755 7 36
758 758 11 36
758 741 13 36
758 752 16 36
109 122 1 37
109 128 1 37
381 376 10 37
381 382 18 37
727 741 1 37
727 739 3 37
727 741 12 37
741 757 1 38
741 739 2 38
741 753 4 38
741 755 5 38
741 758 9 38
741 741 11 38
741 752 14 38
304 298 15 39
304 298 20 39
757 739 1 39
757 753 3 39
757 755 4 39
757 758 8 39
757 741 10 39
757 752 13 39
162 159 12 40
739 753 2 40
739 755 3 40
739 758 7 40
739 741 9 40
739 752 12 40
352 342 4 41
352 360 5 41
352 357 10 41
352 368 19 41
753 755 1 42
753 758 5 42
753 741 7 42
753 752 10 42
755 758 4 43
755 741 6 43
755 752 9 43
755 758 20 43
475 482 4 44
475 456 8 44
475 471 17 44
571 576 4 44
571 572 11 44
342 360 1 45
342 357 6 45
647 629 1 45
647 664 5 45
647 663 6 45
647 630 8 45
647 629 9 45
647 665 11 45
647 665 14 45
647 664 16 45
647 664 17 45
647 665 20 45
360 376 1 46
360 357 5 46
360 368 14 46
360 373 17 46
629 630 7 46
629 629 8 46
376 357 4 47
376 382 8 47
376 368 13 47
376 373 16 47
758 741 2 47
758 752 5 47
758 758 16 47
192 188 5 48
192 187 10 48
192 177 16 48
192 199 18 48
482 471 13 48
576 572 7 48
576 595 19 48
741 752 3 49
741 758 14 49
664 663 1 50
664 665 6 50
664 665 9 50
664 664 11 50
664 664 12 50
664 665 15 50
664 663 16 50
357 368 9 51
357 373 12 51
357 338 17 51
663 665 5 51
663 665 8 51
663 664 10 51
663 664 11 51
663 665 14 51
663 663 15 51
159 177 12 52
456 471 9 52
752 758 11 52
188 187 5 53
188 177 11 53
188 199 13 53
188 197 18 53
630 629 1 53
630 630 20 53
298 298 5 54
298 292 12 54
629 630 19 54
382 368 5 55
382 373 8 55
382 378 16 55
382 387 19 55
572 570 16 55
572 571 19 55
665 665 3 56
665 664 5 56
665 664 6 56
665 665 9 56
665 663 10 56
665 652 16 56
665 663 19 56
509 517 1 57
515 517 1 57
187 177 6 58
187 199 8 58
187 197 13 58
187 194 20 58
298 292 7 59
665 664 2 59
665 664 3 59
665 665 6 59
665 663 7 59
665 652 13 59
665 663 16 59
665 665 19 59
368 373 3 60
368 378 11 60
368 387 14 60
703 703 9 60
703 703 10 60
471 458 18 61
664 664 1 61
664 665 4 61
664 663 5 61
664 652 11 61
664 663 14 61
664 665 17 61
664 665 3 62
664 663 4 62
664 652 10 62
664 663 13 62
664 665 16 62
373 378 8 63
373 387 11 63
758 741 13 63
758 739 14 63
758 740 16 63
758 741 19 63
758 758 20 63
177 194 14 64
177 164 15 64
406 402 3 64
406 387 10 64
602 595 3 64
602 597 4 64
602 595 20 64
665 663 1 65
665 652 7 65
665 663 10 65
665 665 13 65
199 197 5 66
199 194 12 66
292 297 14 66
292 297 15 66
663 652 6 66
663 663 9 66
663 665 12 66
402 387 7 67
595 597 1 67
595 595 17 67
595 602 18 67
338 319 10 68
338 336 15 68
338 324 19 68
597 595 16 68
597 602 17 68
703 703 1 69
703 699 17 69
703 699 16 70
39 33 6 71
39 24 14 71
39 32 19 71
197 194 7 71
378 387 3 71
378 361 13 71
570 571 3 71
652 663 3 72
652 665 6 72
652 642 16 72
630 630 7 73
630 629 8 73
630 627 14 73
630 642 15 73
630 623 20 73
387 375 20 74
663 665 3 75
741 739 1 76
741 740 3 76
741 741 6 76
741 758 7 76
741 746 13 76
741 726 14 76
741 746 15 76
741 726 16 76
33 24 8 77
33 32 13 77
739 740 2 77
739 741 5 77
739 758 6 77
739 746 12 77
739 726 13 77
739 746 14 77
739 726 15 77
100 89 7 78
194 188 17 78
319 336 5 78
319 324 9 78
665 665 18 78
164 173 18 79
458 441 9 79
740 741 3 79
740 758 4 79
740 746 10 79
740 726 11 79
740 746 12 79
740 726 13 79
297 297 1 80
297 293 9 80
297 294 15 80
297 297 17 80
297 282 20 80
630 629 1 80
630 627 7 80
630 642 8 80
630 623 13 80
630 623 19 80
630 630 20 80
297 293 8 81
297 294 14 81
297 297 16 81
297 282 19 81
629 627 6 81
629 642 7 81
629 623 12 81
629 623 18 81
629 630 19 81
629 642 20 81
254 267 3 82
255 267 3 82
741 758 1 82
741 746 7 82
741 726 8 82
741 746 9 82
741 726 10 82
741 727 20 82
336 324 4 83
336 324 18 83
758 746 6 83
758 746 8 83
361 375 10 84
595 602 1 84
595 598 10 84
595 602 13 84
595 602 14 84
595 602 20 84
24 32 5 85
24 24 19 85
24 31 19 85
89 91 14 85
89 75 15 85
89 106 16 85
89 98 18 85
267 282 15 85
602 598 9 85
602 602 12 85
602 602 13 85
602 602 19 85
324 324 14 87
627 642 1 87
627 623 6 87
627 623 12 87
627 630 13 87
627 642 14 87
627 630 19 87
642 623 5 88
642 623 11 88
642 630 12 88
642 642 13 88
642 630 18 88
293 294 6 89
293 297 8 89
293 282 11 89
293 293 13 89
293 293 14 89
746 726 1 89
746 746 2 89
746 726 3 89
746 727 13 89
746 741 16 89
746 753 18 89
746 741 20 89
32 45 9 90
32 24 14 90
32 31 14 90
726 726 2 90
726 727 12 90
726 741 15 90
726 741 19 90
726 731 20 90
746 726 1 91
746 727 11 91
746 741 14 91
746 753 16 91
746 741 18 91
746 731 19 91
746 740 20 91
726 727 10 92
726 741 13 92
726 741 17 92
726 731 18 92
726 740 19 92
411 405 15 93
623 623 6 93
623 630 7 93
623 642 8 93
623 630 13 93
598 602 3 94
598 602 4 94
598 602 10 94
188 173 2 95
188 204 13 95
188 203 19 95
188 204 20 95
294 297 2 95
294 282 5 95
294 293 7 95
294 293 8 95
522 517 8 95
522 515 17 95
522 517 19 95
522 504 20 95
173 162 8 97
173 186 19 97
297 282 3 97
297 293 5 97
297 293 6 97
602 602 1 97
602 602 7 97
602 614 18 97
67 75 2 98
67 69 10 98
67 67 13 98
67 82 17 98
67 71 20 98
602 602 6 98
602 614 17 98
45 31 5 99
45 39 12 99
45 29 13 99
45 33 13 99
91 75 1 99
91 106 2 99
91 98 4 99
91 89 10 99
91 89 11 99
91 98 14 99
91 82 16 99
91 71 19 99
623 630 1 99
623 642 2 99
623 630 7 99
623 614 16 99
623 629 18 99
623 629 19 99
623 629 20 99
75 69 8 100
75 89 9 100
75 89 10 100
75 67 11 100
75 82 15 100
75 71 18 100
282 293 2 100
282 293 3 100
282 263 7 100
282 265 9 100
282 267 11 100
282 267 19 100
630 642 1 100
630 630 6 100
630 614 15 100
630 629 17 100
630 629 18 100
630 629 19 100
630 629 20 100
106 98 2 101
106 89 8 101
106 89 9 101
106 98 12 101
106 114 16 101
324 323 13 101
324 322 20 101
642 630 5 101
642 629 16 101
642 629 17 101
642 629 18 101
642 629 19 101
293 293 1 102
727 741 3 102
727 741 7 102
727 731 8 102
727 740 9 102
98 89 6 103
98 89 7 103
98 98 10 103
98 82 12 103
98 114 14 103
517 515 9 103
517 517 11 103
517 504 12 103
517 517 18 103
24 39 7 104
24 11 8 104
24 29 8 104
24 33 8 104
31 39 7 104
31 11 8 104
31 29 8 104
31 33 8 104
213 204 4 104
213 203 10 104
213 204 11 104
213 209 15 104
213 195 17 104
602 614 11 104
602 600 18 104
162 162 19 105
741 753 2 105
741 741 4 105
741 731 5 105
741 740 6 105
630 614 9 106
630 629 11 106
630 629 12 106
630 629 13 106
630 629 14 106
630 622 19 106
254 239 2 107
254 265 2 107
254 244 4 107
254 267 4 107
254 267 12 107
263 265 2 107
263 244 4 107
263 267 4 107
263 267 12 107
753 741 2 107
753 740 4 107
69 67 3 108
69 82 7 108
69 71 10 108
204 203 6 108
204 204 7 108
204 186 8 108
204 209 11 108
204 195 13 108
204 208 17 108
204 199 19 108
405 406 9 108
703 711 19 108
89 89 1 109
89 98 4 109
89 82 6 109
89 71 9 109
239 233 1 109
239 244 2 109
239 253 19 109
265 267 2 109
265 267 10 109
265 253 19 109
741 731 1 109
741 740 2 109
89 98 3 110
89 82 5 110
89 71 8 110
233 244 1 110
233 236 20 110
731 740 1 110
731 711 17 110
39 29 1 111
39 33 1 111
39 47 18 111
67 82 4 111
67 71 7 111
67 47 18 111
244 253 17 111
244 236 19 111
267 267 8 111
267 253 17 111
29 47 17 112
33 47 17 112
515 517 2 112
515 504 3 112
515 517 9 112
98 82 2 113
98 114 4 113
98 110 16 113
136 130 4 113
546 554 3 113
546 555 11 113
546 554 13 113
203 204 1 114
203 186 2 114
203 209 5 114
203 195 7 114
203 208 11 114
203 199 13 114
203 188 17 114
323 322 7 114
323 336 10 114
323 303 20 114
517 504 1 114
517 517 7 114
82 71 3 115
82 71 20 115
204 186 1 115
204 209 4 115
204 195 6 115
204 208 10 115
204 199 12 115
204 188 16 115
504 517 6 115
614 629 2 115
614 629 3 115
614 629 4 115
614 629 5 115
614 600 7 115
614 622 10 115
614 617 13 115
614 600 14 115
614 625 16 115
614 629 17 115
614 602 20 115
186 195 5 116
186 199 11 116
186 188 15 116
554 555 8 116
554 554 10 116
114 110 12 117
114 122 17 117
130 110 12 117
130 122 17 117
406 421 13 117
406 409 14 117
406 412 15 117
406 408 19 117
629 629 1 117
629 629 2 117
629 629 3 117
629 622 8 117
629 617 11 117
629 625 14 117
629 629 15 117
71 71 17 118
71 72 19 118
71 71 20 118
629 629 1 118
629 629 2 118
629 622 7 118
629 617 10 118
629 625 13 118
629 629 14 118
209 195 2 119
209 208 6 119
209 199 8 119
267 253 9 119
629 629 1 119
629 622 6 119
629 617 9 119
629 625 12 119
629 629 13 119
629 629 20 119
629 622 5 120
629 617 8 120
629 625 11 120
629 629 12 120
629 629 19 120
629 629 20 120
195 208 4 121
195 199 6 121
195 188 10 121
195 182 16 121
322 336 3 121
322 303 13 121
322 327 17 121
600 617 6 122
600 600 7 122
600 602 13 122
663 653 7 123
663 653 19 123
162 154 18 124
162 177 20 124
336 327 14 124
555 554 2 124
555 554 14 124
555 553 17 124
555 553 19 124
208 199 2 125
208 188 6 125
208 201 20 125
622 617 3 125
622 625 6 125
622 629 7 125
622 602 10 125
622 629 14 125
622 629 15 125
622 628 20 125
554 554 12 126
554 553 15 126
554 553 17 126
199 188 4 127
199 182 10 127
199 201 18 127
253 236 2 128
253 238 7 128
253 270 20 128
296 303 6 128
296 295 7 128
296 294 9 128
617 600 1 128
617 625 3 128
617 629 4 128
617 602 7 128
617 629 11 128
617 629 12 128
617 628 17 128
617 629 18 128
617 627 19 128
47 34 9 129
47 55 13 129
47 47 14 129
47 43 20 129
110 122 5 129
110 106 13 129
600 602 6 129
600 607 20 129
236 238 5 130
421 409 1 130
421 412 2 130
421 408 6 130
421 407 9 130
421 408 11 130
653 653 12 130
188 182 6 131
188 177 13 131
188 201 14 131
188 195 17 131
409 412 1 131
409 408 5 131
409 407 8 131
409 408 10 131
625 629 1 131
625 629 8 131
625 629 9 131
625 628 14 131
625 629 15 131
625 627 16 131
625 607 18 131
625 628 19 131
625 630 20 131
412 408 4 132
412 407 7 132
412 408 9 132
629 629 7 132
629 629 8 132
629 628 13 132
629 629 14 132
629 627 15 132
629 628 18 132
629 630 19 132
122 106 8 134
303 295 1 134
303 294 3 134
684 685 2 134
684 685 3 134
71 72 2 135
71 71 3 135
71 71 4 135
71 71 5 135
71 55 7 135
71 72 10 135
71 72 14 135
295 294 2 135
602 607 14 135
408 407 3 136
408 408 5 136
685 685 1 136
72 71 1 137
72 71 2 137
72 71 3 137
72 55 5 137
72 72 8 137
72 72 12 137
182 177 7 137
182 201 8 137
182 195 11 137
685 684 20 137
24 43 11 138
34 47 5 138
34 43 11 138
71 71 1 138
71 71 2 138
71 55 4 138
71 72 7 138
71 72 11 138
327 331 7 138
554 553 3 138
554 553 5 138
554 556 14 138
554 553 15 138
554 534 16 138
554 553 17 138
554 553 18 138
71 71 1 139
71 55 3 139
71 72 6 139
71 72 10 139
407 408 2 139
629 629 1 139
629 628 6 139
629 629 7 139
629 627 8 139
629 628 11 139
629 630 12 139
71 55 2 140
71 72 5 140
71 72 9 140
629 628 5 140
629 629 6 140
629 627 7 140
629 628 10 140
629 630 11 140
629 628 20 140
408 415 20 141
553 553 2 141
553 556 11 141
553 553 12 141
553 534 13 141
553 553 14 141
553 553 15 141
55 47 1 142
55 72 3 142
55 43 7 142
55 72 7 142
106 123 15 142
154 154 12 142
504 519 2 142
504 517 6 142
504 487 15 142
653 662 17 142
653 663 19 142
47 43 6 143
553 556 9 143
553 553 10 143
553 534 11 143
553 553 12 143
553 553 13 143
177 195 4 144
519 517 4 144
519 534 10 144
72 72 4 145
201 195 3 145
201 204 7 145
201 203 11 145
201 213 12 145
628 629 1 145
628 627 2 145
628 628 5 145
628 630 6 145
628 628 15 145
629 627 1 146
629 628 4 146
629 630 5 146
629 628 14 146
627 607 2 147
627 628 3 147
627 630 4 147
627 628 13 147
627 630 20 147
195 204 4 148
195 203 8 148
195 213 9 148
270 270 8 148
270 254 16 148
270 255 16 148
270 289 17 148
517 534 6 148
43 38 16 149
43 59 20 149
72 59 20 149
607 601 9 149
607 602 13 149
607 597 14 149
628 630 1 150
628 628 10 150
628 630 17 150
628 628 19 150
476 487 6 151
476 471 11 151
476 472 12 151
476 481 20 151
630 628 9 151
630 630 16 151
630 628 18 151
204 203 4 152
204 213 5 152
204 219 16 152
204 223 17 152
556 553 1 152
556 553 3 152
556 553 4 152
556 539 12 152
556 570 14 152
556 554 18 152
556 571 20 152
553 534 1 153
553 553 2 153
553 553 3 153
553 539 11 153
553 570 13 153
553 554 17 153
553 571 19 153
154 154 18 154
534 553 1 154
534 553 2 154
534 539 10 154
534 517 19 154
553 553 1 155
553 539 9 155
553 570 11 155
553 554 15 155
553 571 17 155
203 213 1 156
203 219 12 156
270 254 8 156
270 255 8 156
270 289 9 156
553 539 8 156
553 570 10 156
553 554 14 156
553 571 16 156
213 219 11 157
213 223 12 157
487 471 5 157
487 472 6 157
487 481 14 157
684 664 8 157
684 684 14 157
684 664 20 157
601 602 4 158
601 597 5 158
662 663 2 159
662 664 6 159
662 653 9 159
662 662 15 159
662 662 16 159
662 660 17 159
662 664 18 159
662 665 19 159
662 664 20 159
628 630 7 160
628 628 9 160
628 629 20 160
663 664 4 161
663 653 7 161
663 662 13 161
663 662 14 161
663 660 15 161
663 664 16 161
663 665 17 161
663 664 18 161
471 472 1 162
471 481 9 162
602 597 1 162
472 481 8 163
539 554 6 164
38 34 9 165
289 290 1 165
289 292 2 165
289 284 14 165
289 293 16 165
289 283 20 165
664 653 3 165
664 662 9 165
664 662 10 165
664 660 11 165
664 664 12 165
664 665 13 165
664 664 14 165
290 292 1 166
290 284 13 166
290 293 15 166
290 283 19 166
570 554 4 166
570 571 6 166
292 284 12 167
292 293 14 167
292 283 18 167
630 628 2 167
630 629 13 167
630 628 14 167
630 629 15 167
630 629 16 167
630 629 17 167
630 629 18 167
630 629 20 167
93 93 11 168
93 96 12 168
219 223 1 168
653 662 6 168
653 662 7 168
653 660 8 168
653 664 9 168
653 665 10 168
653 664 11 168
59 71 2 169
59 69 12 169
59 69 13 169
59 71 14 169
59 68 16 169
59 48 17 169
628 629 11 169
628 628 12 169
628 629 13 169
628 629 14 169
628 629 15 169
628 629 16 169
628 629 18 169
322 322 5 170
322 327 17 170
322 322 18 170
322 328 19 170
554 571 2 170
71 69 10 171
71 69 11 171
71 71 12 171
71 68 14 171
71 71 20 171
684 664 6 171
684 665 7 171
684 664 8 171
684 699 17 171
684 702 18 171
684 702 19 171
684 684 20 171
154 160 17 172
517 517 13 173
34 48 12 174
662 662 1 174
662 660 2 174
662 664 3 174
662 665 4 174
662 664 5 174
662 662 18 174
662 664 19 174
322 327 12 175
322 322 13 175
322 328 14 175
662 660 1 175
662 664 2 175
662 665 3 175
662 664 4 175
662 662 17 175
662 664 18 175
660 664 1 176
660 665 2 176
660 664 3 176
660 662 16 176
660 664 17 176
664 665 1 177
664 664 2 177
664 662 15 177
664 664 16 177
349 348 13 178
665 664 1 178
665 684 13 178
665 662 14 178
665 664 15 178
93 96 1 179
284 293 2 179
284 283 6 179
284 283 13 179
284 295 18 179
284 293 19 179
284 295 20 179
664 662 13 179
664 664 14 179
629 628 1 180
629 629 2 180
629 629 3 180
629 629 4 180
629 629 5 180
629 629 7 180
629 630 18 180
69 69 1 181
69 71 2 181
69 68 4 181
69 71 10 181
69 71 13 181
69 70 14 181
69 72 15 181
69 59 20 181
293 283 4 181
293 283 11 181
293 295 16 181
293 293 17 181
293 295 18 181
628 629 1 181
628 629 2 181
628 629 3 181
628 629 4 181
628 629 6 181
628 630 17 181
69 71 1 182
69 68 3 182
69 71 9 182
69 71 12 182
69 70 13 182
69 72 14 182
69 59 19 182
69 61 20 182
182 177 2 182
182 177 6 182
182 177 9 182
182 180 10 182
182 182 13 182
182 181 15 182
182 183 17 182
182 182 18 182
182 180 19 182
182 181 20 182
405 406 1 182
405 405 2 182
405 405 11 182
405 405 13 182
405 404 14 182
405 405 19 182
405 405 20 182
629 629 1 182
629 629 2 182
629 629 3 182
629 629 5 182
629 630 16 182
629 629 20 182
71 68 2 183
71 71 8 183
71 71 11 183
71 70 12 183
71 72 13 183
71 59 18 183
71 61 19 183
71 61 20 183
406 405 1 183
406 405 10 183
406 405 12 183
406 404 13 183
406 405 18 183
406 405 19 183
406 403 20 183
629 629 1 183
629 629 2 183
629 629 4 183
629 630 15 183
629 629 19 183
629 629 20 183
177 177 4 184
177 160 5 184
177 177 7 184
177 180 8 184
177 182 11 184
177 181 13 184
177 183 15 184
177 182 16 184
177 180 17 184
177 181 18 184
177 176 19 184
405 405 9 184
405 405 11 184
405 404 12 184
405 405 17 184
405 405 18 184
405 403 19 184
629 629 1 184
629 629 3 184
629 630 14 184
629 629 18 184
629 629 19 184
68 48 1 185
68 71 6 185
68 71 9 185
68 70 10 185
68 72 11 185
68 59 16 185
68 61 17 185
68 61 18 185
68 62 19 185
68 69 19 185
68 63 20 185
283 283 7 185
283 295 12 185
283 293 13 185
283 295 14 185
283 282 20 185
629 629 2 185
629 630 13 185
629 629 17 185
629 629 18 185
48 35 13 186
48 59 15 186
48 61 16 186
48 61 17 186
48 62 18 186
48 63 19 186
48 58 20 186
48 67 20 186
517 517 15 186
327 322 1 187
327 328 2 187
629 630 11 187
629 629 15 187
629 629 16 187
122 122 1 188
122 124 13 188
122 140 18 188
122 105 20 188
177 160 1 188
177 177 3 188
177 180 4 188
177 182 7 188
177 181 9 188
177 183 11 188
177 182 12 188
177 180 13 188
177 181 14 188
177 176 15 188
177 177 19 188
322 328 1 188
699 702 1 188
699 702 2 188
699 684 3 188
699 703 16 188
122 124 12 189
122 140 17 189
122 105 19 189
160 177 2 189
160 176 14 189
160 143 16 189
160 140 17 189
160 177 18 189
702 702 1 189
702 684 2 189
702 703 15 189
702 703 20 189
702 684 1 190
702 703 14 190
702 703 19 190
10 2 1 191
10 14 8 191
10 23 8 191
71 71 3 191
71 70 4 191
71 72 5 191
71 59 10 191
71 61 11 191
71 61 12 191
71 62 13 191
71 69 13 191
71 63 14 191
71 58 15 191
71 67 15 191
71 59 16 191
177 180 1 191
177 182 4 191
177 181 6 191
177 183 8 191
177 182 9 191
177 180 10 191
177 181 11 191
177 176 12 191
177 177 16 191
348 350 18 191
684 664 2 191
684 703 13 191
684 703 18 191
684 664 19 191
684 664 20 191
2 14 7 192
180 182 3 192
180 181 5 192
180 183 7 192
180 182 8 192
180 180 9 192
180 181 10 192
180 176 11 192
180 177 15 192
180 196 20 192
283 295 5 192
283 293 6 192
283 295 7 192
283 282 13 192
283 289 14 192
283 274 20 192
662 664 1 192
662 664 18 192
662 664 19 192
662 664 20 192
405 405 2 193
405 404 3 193
405 405 8 193
405 405 9 193
405 403 10 193
405 406 14 193
405 405 18 193
405 387 20 193
664 664 17 193
664 664 18 193
664 664 19 193
664 664 20 193
71 70 1 194
71 72 2 194
71 59 7 194
71 61 8 194
71 61 9 194
71 62 10 194
71 69 10 194
71 63 11 194
71 58 12 194
71 67 12 194
71 59 13 194
726 740 1 194
726 740 2 194
726 740 3 194
726 739 5 194
726 740 6 194
726 724 14 194
70 72 1 195
70 59 6 195
70 61 7 195
70 61 8 195
70 62 9 195
70 69 9 195
70 63 10 195
70 58 11 195
70 67 11 195
70 59 12 195
182 181 2 195
182 183 4 195
182 182 5 195
182 180 6 195
182 181 7 195
182 176 8 195
182 177 12 195
182 196 17 195
405 404 1 195
405 405 6 195
405 405 7 195
405 403 8 195
405 406 12 195
405 405 16 195
405 387 18 195
740 740 1 195
740 740 2 195
740 739 4 195
740 740 5 195
740 757 12 195
740 724 13 195
740 727 20 195
72 59 5 196
72 61 6 196
72 61 7 196
72 62 8 196
72 69 8 196
72 63 9 196
72 58 10 196
72 67 10 196
72 59 11 196
404 405 5 196
404 405 6 196
404 403 7 196
404 406 11 196
404 405 15 196
404 387 17 196
740 740 1 196
740 739 3 196
740 740 4 196
740 757 11 196
740 724 12 196
740 727 19 196
181 183 2 197
181 182 3 197
181 180 4 197
181 181 5 197
181 176 6 197
181 177 10 197
181 196 15 197
295 293 1 197
295 295 2 197
295 282 8 197
295 289 9 197
740 739 2 197
740 740 3 197
740 757 10 197
740 724 11 197
740 727 18 197
740 727 20 197
293 295 1 198
293 282 7 198
293 289 8 198
293 274 14 198
630 629 4 198
630 629 5 198
35 48 20 199
183 182 1 199
183 180 2 199
183 181 3 199
183 176 4 199
183 177 8 199
183 196 13 199
183 193 19 199
183 177 20 199
295 282 6 199
295 289 7 199
739 740 1 199
739 757 8 199
739 724 9 199
739 727 16 199
739 727 18 199
739 727 19 199
182 180 1 200
182 181 2 200
182 176 3 200
182 177 7 200
182 196 12 200
182 193 18 200
182 177 19 200
182 199 20 200
740 757 7 200
740 724 8 200
740 727 15 200
740 727 17 200
740 727 18 200
59 61 1 201
59 61 2 201
59 62 3 201
59 69 3 201
59 63 4 201
59 58 5 201
59 67 5 201
59 59 6 201
59 48 18 201
124 143 4 201
124 140 5 201
124 105 7 201
124 107 10 201
124 136 16 201
180 181 1 201
180 176 2 201
180 177 6 201
180 196 11 201
180 193 17 201
180 177 18 201
180 199 19 201
405 405 1 201
405 403 2 201
405 406 6 201
405 405 10 201
405 387 12 201
61 61 1 202
61 62 2 202
61 69 2 202
61 63 3 202
61 58 4 202
61 67 4 202
61 59 5 202
61 48 17 202
181 176 1 202
181 177 5 202
181 196 10 202
181 193 16 202
181 177 17 202
181 199 18 202
405 403 1 202
405 406 5 202
405 405 9 202
405 387 11 202
629 629 1 202
61 62 1 203
61 69 1 203
61 63 2 203
61 58 3 203
61 67 3 203
61 59 4 203
61 48 16 203
176 177 4 203
176 193 15 203
176 177 16 203
403 406 4 203
403 405 8 203
403 387 10 203
62 63 1 204
62 58 2 204
62 67 2 204
62 59 3 204
62 48 15 204
69 63 1 204
69 58 2 204
69 67 2 204
69 59 3 204
703 703 5 204
63 58 1 205
63 67 1 205
63 59 2 205
63 48 14 205
143 140 1 205
143 154 6 205
143 136 12 205
282 289 1 205
282 274 7 205
554 569 1 205
554 542 14 205
554 569 16 205
58 59 1 206
58 48 13 206
67 59 1 206
67 48 13 206
140 154 5 206
140 136 11 206
140 143 20 206
289 274 6 206
569 569 15 206
59 48 12 207
98 105 1 207
98 107 4 207
98 82 20 207
177 196 5 207
177 193 11 207
177 177 12 207
177 172 18 207
406 405 4 207
406 387 6 207
757 740 16 207
105 107 3 208
381 387 5 208
381 376 13 208
381 380 14 208
724 727 7 208
724 727 9 208
724 727 10 208
724 740 15 208
350 359 5 209
664 664 1 210
664 664 2 210
664 664 3 210
664 664 4 210
664 664 6 210
664 662 10 210
664 664 12 210
664 662 14 210
107 100 18 211
154 136 6 211
154 172 14 211
154 143 15 211
154 143 16 211
154 151 17 211
154 150 18 211
154 142 19 211
405 387 2 211
664 664 1 211
664 664 2 211
664 664 3 211
664 664 5 211
664 662 9 211
664 664 11 211
664 662 13 211
196 193 6 212
196 177 7 212
196 199 8 212
196 186 19 212
664 664 1 212
664 664 2 212
664 664 4 212
664 662 8 212
664 664 10 212
664 662 12 212
387 376 8 213
387 380 9 213
387 385 20 213
664 664 1 213
664 664 3 213
664 662 7 213
664 664 9 213
664 662 11 213
359 376 7 214
664 664 2 214
664 662 6 214
664 664 8 214
664 662 10 214
727 727 2 215
727 727 3 215
727 740 8 215
664 662 4 216
664 664 6 216
664 662 8 216
136 143 9 217
136 143 10 217
136 151 11 217
136 150 12 217
136 142 13 217
727 727 1 217
727 740 6 217
193 177 1 218
193 199 2 218
193 186 13 218
193 190 15 218
193 190 16 218
478 466 1 218
478 462 7 218
478 464 8 218
478 470 9 218
727 740 5 218
727 727 20 218
48 58 20 219
177 172 6 219
177 186 12 219
177 190 14 219
177 190 15 219
466 462 6 219
466 464 7 219
466 470 8 219
466 446 18 219
542 554 9 219
542 525 11 219
542 554 16 219
199 186 11 220
199 190 13 220
199 190 14 220
436 432 8 220
436 431 9 220
436 438 11 220
436 437 14 220
436 446 17 220
662 664 2 220
662 662 4 220
376 380 1 221
376 385 12 221
569 554 7 221
569 572 12 221
569 554 14 221
380 385 11 222
664 662 2 222
740 757 14 223
740 727 15 223
740 743 17 223
740 741 20 223
662 660 20 224
172 186 6 225
172 190 8 225
172 190 9 225
462 464 1 225
462 470 2 225
462 446 12 225
462 470 16 225
630 627 1 225
630 630 2 225
630 628 7 225
630 625 14 225
630 630 20 225
143 143 1 226
143 151 2 226
143 150 3 226
143 142 4 226
143 143 13 226
143 137 14 226
464 470 1 226
464 446 11 226
464 470 15 226
627 630 1 226
627 628 6 226
627 625 13 226
627 630 19 226
627 630 20 226
82 100 2 227
82 98 8 227
82 75 12 227
143 151 1 227
143 150 2 227
143 142 3 227
143 143 12 227
143 137 13 227
470 470 14 227
470 479 20 227
630 628 5 227
630 625 12 227
630 630 18 227
630 630 19 227
151 150 1 228
151 142 2 228
151 143 11 228
151 137 12 228
432 431 1 228
432 438 3 228
432 437 6 228
432 446 9 228
554 572 5 228
554 554 7 228
554 553 14 228
100 98 6 229
100 109 12 229
100 106 18 229
100 101 19 229
150 142 1 229
150 143 10 229
150 137 11 229
431 438 2 229
431 437 5 229
431 446 8 229
517 525 1 229
517 514 2 229
517 520 5 229
517 518 18 229
142 143 9 230
142 137 10 230
525 514 1 230
525 520 4 230
525 518 17 230
186 190 2 231
186 190 3 231
186 199 16 231
186 194 17 231
438 437 3 231
438 446 6 231
514 520 3 231
514 518 16 231
628 625 7 232
628 630 13 232
628 630 14 232
190 190 1 233
190 199 14 233
190 194 15 233
572 554 2 233
572 553 9 233
190 199 13 234
190 194 14 234
437 446 3 234
520 518 13 234
98 109 6 235
98 106 12 235
98 101 13 235
554 553 7 235
703 703 5 236
446 459 15 237
446 454 18 237
446 435 20 237
757 743 3 237
757 741 6 237
757 739 12 237
757 740 17 237
727 743 2 238
727 741 5 238
727 739 11 238
727 740 16 238
27 44 15 239
27 7 16 239
27 7 17 239
27 36 17 239
27 35 19 239
58 55 2 239
58 44 15 239
75 55 2 239
143 137 1 239
143 154 14 239
143 148 17 239
625 630 6 239
625 630 7 239
625 630 19 239
625 627 20 239
137 154 13 240
137 148 16 240
743 741 3 240
743 739 9 240
743 740 14 240
55 44 13 241
55 36 15 241
55 35 17 241
109 106 6 241
109 101 7 241
109 100 15 241
109 116 20 241
211 199 6 241
211 194 7 241
211 221 20 241
470 479 6 241
470 478 7 241
470 459 11 241
470 454 14 241
553 537 20 242
741 739 6 243
741 740 11 243
660 664 6 244
660 663 7 244
660 648 8 244
660 664 9 244
660 652 11 244
660 658 12 244
660 664 16 244
630 630 1 245
630 648 7 245
630 630 13 245
630 627 14 245
630 627 18 245
233 221 15 246
233 222 16 246
233 213 19 246
630 648 6 246
630 630 12 246
630 627 13 246
630 627 17 246
106 101 1 247
106 100 9 247
106 116 14 247
106 93 17 247
106 104 19 247
106 100 20 247
199 194 1 247
199 179 12 247
199 180 13 247
199 213 18 247
199 197 19 247
479 478 1 247
479 459 5 247
479 478 19 247
518 511 14 247
518 537 15 247
101 100 8 248
101 116 13 248
101 93 16 248
101 104 18 248
101 100 19 248
101 93 20 248
194 179 11 248
194 180 12 248
194 213 17 248
194 197 18 248
478 459 4 248
478 478 18 248
478 477 20 248
599 601 19 248
739 740 5 249
664 663 1 250
664 648 2 250
664 664 3 250
664 652 5 250
664 658 6 250
664 682 7 250
664 664 10 250
329 327 10 251
329 327 11 251
329 320 13 251
663 648 1 251
663 664 2 251
663 652 4 251
663 658 5 251
663 682 6 251
663 664 9 251
459 454 3 252
459 478 14 252
459 477 16 252
648 664 1 252
648 652 3 252
648 658 4 252
648 630 6 252
648 664 8 252
648 628 16 252
154 148 3 253
664 652 2 253
664 658 3 253
664 682 4 253
664 664 7 253
44 36 2 254
44 35 4 254
44 58 15 254
44 58 16 254
44 57 18 254
44 53 19 254
740 741 17 254
740 728 18 254
7 7 1 255
7 2 20 255
7 3 20 255
454 435 2 255
652 658 1 255
652 664 5 255
7 2 19 256
7 3 19 256
36 35 2 256
36 53 17 256
100 116 5 256
100 93 8 256
100 104 10 256
100 100 11 256
100 93 12 256
100 92 14 256
100 105 16 256
100 94 18 256
148 128 11 256
658 664 4 256
435 433 2 257
682 664 3 257
682 685 18 257
682 685 19 257
35 53 15 258
630 627 1 258
630 627 5 258
630 628 10 258
630 629 15 258
179 180 1 259
179 197 7 259
179 162 19 259
627 627 4 259
627 628 9 259
627 629 14 259
180 197 6 260
180 162 18 260
116 104 5 261
116 100 6 261
116 128 6 261
116 105 11 261
116 118 18 261
116 122 20 261
221 222 1 261
221 213 4 261
221 231 7 261
221 220 9 261
221 235 11 261
221 222 13 261
221 213 16 261
221 214 18 261
221 239 20 261
327 327 1 261
327 320 3 261
327 331 19 261
511 517 8 261
511 497 9 261
511 517 9 261
511 517 13 261
68 68 1 262
68 58 7 262
68 65 7 262
68 58 8 262
68 57 10 262
68 53 11 262
68 67 13 262
68 68 14 262
222 213 3 262
222 231 6 262
222 220 8 262
222 235 10 262
222 222 12 262
222 213 15 262
222 214 17 262
222 239 19 262
327 320 2 262
327 331 18 262
537 552 2 262
537 555 3 262
537 517 7 262
537 517 8 262
537 517 12 262
537 553 16 262
68 58 6 263
68 65 6 263
68 58 7 263
68 57 9 263
68 53 10 263
68 67 12 263
68 68 13 263
627 628 5 263
627 629 10 263
93 104 2 264
93 100 3 264
93 93 4 264
93 92 6 264
93 105 8 264
93 94 10 264
93 94 16 264
93 99 19 264
320 331 16 264
552 555 1 264
552 571 2 264
552 553 14 264
213 197 1 265
213 231 3 265
213 220 5 265
213 222 9 265
213 213 12 265
213 214 14 265
213 225 18 265
555 571 1 265
555 553 13 265
555 572 14 265
104 100 1 266
104 93 2 266
104 92 4 266
104 105 6 266
104 94 8 266
104 118 13 266
104 94 14 266
104 122 15 266
104 123 16 266
104 99 17 266
197 213 11 266
197 214 13 266
197 189 19 266
197 182 20 266
478 477 2 266
478 497 4 266
571 553 12 266
571 572 13 266
100 93 1 267
100 92 3 267
100 105 5 267
100 94 7 267
100 118 12 267
100 94 13 267
100 99 16 267
128 118 12 267
128 122 14 267
128 123 15 267
601 600 10 267
601 601 16 267
601 599 20 267
93 92 2 268
93 105 4 268
93 94 6 268
93 94 12 268
93 99 15 268
231 220 2 268
231 235 4 268
231 222 6 268
231 213 9 268
231 214 11 268
231 239 13 268
231 225 15 268
231 248 16 268
231 233 19 268
628 629 5 268
58 58 1 269
58 57 3 269
58 53 4 269
58 67 6 269
58 68 7 269
58 55 16 269
65 58 1 269
65 57 3 269
65 53 4 269
65 67 6 269
65 68 7 269
65 55 16 269
293 274 3 269
293 292 6 269
293 295 7 269
293 294 8 269
293 305 19 269
517 497 1 269
517 517 1 269
517 517 5 269
58 57 2 270
58 53 3 270
58 67 5 270
58 68 6 270
58 55 15 270
92 105 2 270
92 94 4 270
92 94 10 270
92 99 13 270
92 107 19 270
220 235 2 270
220 222 4 270
220 213 7 270
220 214 9 270
220 239 11 270
220 225 13 270
220 233 17 270
220 232 19 270
497 484 19 270
517 517 4 270
405 390 10 271
405 408 13 271
405 396 15 271
405 397 16 271
405 405 20 271
741 728 1 271
741 758 9 271
741 753 10 271
741 740 13 271
741 740 14 271
57 53 1 272
57 67 3 272
57 68 4 272
57 55 13 272
105 94 2 272
105 118 7 272
105 94 8 272
105 122 9 272
105 123 10 272
105 99 11 272
105 107 17 272
235 254 1 272
235 222 2 272
235 239 9 272
235 225 11 272
235 248 12 272
235 233 15 272
235 252 16 272
235 232 17 272
274 254 1 272
274 259 1 272
274 292 3 272
274 262 6 272
728 740 12 272
728 740 13 272
53 67 2 273
53 68 3 273
53 34 7 273
53 55 12 273
254 262 5 273
254 239 8 273
254 248 11 273
254 252 15 273
254 266 20 273
259 262 5 273
259 239 8 273
259 248 11 273
259 252 15 273
259 266 20 273
629 626 17 273
629 629 19 273
94 94 6 274
94 99 9 274
94 107 15 274
222 213 3 274
222 214 5 274
222 239 7 274
222 225 9 274
222 233 13 274
222 232 15 274
222 202 18 274
517 516 20 274
2 3 3 275
3 3 3 275
67 68 1 275
67 55 10 275
292 295 1 275
292 294 2 275
292 305 13 275
685 685 1 275
685 703 7 275
685 703 11 275
685 701 16 275
68 55 9 276
295 294 1 276
295 305 12 276
685 703 6 276
685 703 10 276
685 701 15 276
213 214 2 277
213 225 6 277
213 232 12 277
213 202 15 277
213 194 17 277
294 305 11 277
600 601 6 277
600 599 10 277
262 248 6 278
262 252 10 278
262 266 15 278
553 572 1 278
553 553 10 278
553 554 11 278
553 554 15 278
118 122 2 279
118 123 3 279
118 99 4 279
118 107 10 279
118 129 12 279
214 225 4 279
214 233 8 279
214 232 10 279
214 202 13 279
214 194 15 279
214 209 20 279
378 390 2 279
378 396 7 279
378 397 8 279
572 553 9 279
572 554 10 279
572 554 14 279
94 99 3 280
94 107 9 280
94 89 18 280
331 349 3 280
331 329 10 280
758 753 1 280
758 740 4 280
758 740 5 280
122 123 1 281
122 107 8 281
122 129 10 281
239 225 2 281
239 248 3 281
239 233 6 281
239 252 7 281
239 232 8 281
390 408 3 281
390 396 5 281
390 397 6 281
390 405 10 281
753 740 3 281
753 740 4 281
123 107 7 282
123 129 9 282
703 703 4 282
703 701 9 282
703 684 15 282
99 107 6 283
99 89 15 283
99 89 19 283
225 233 4 283
225 232 6 283
225 209 16 283
349 329 7 283
601 599 4 283
601 601 16 283
601 601 19 283
248 233 3 284
248 252 4 284
248 232 5 284
248 266 9 284
408 396 2 284
408 397 3 284
408 405 7 284
408 421 19 284
740 740 1 284
55 46 17 285
189 182 1 285
189 202 7 285
189 194 9 285
189 199 16 285
182 194 8 286
182 199 15 286
182 162 17 286
396 397 1 286
396 405 5 286
396 411 20 286
703 701 5 286
703 684 11 286
703 703 18 286
233 252 1 287
233 232 2 287
397 405 4 287
397 411 19 287
599 601 12 287
599 601 15 287
252 232 1 288
252 266 5 288
252 235 20 288
305 297 16 288
305 302 20 288
553 554 1 288
553 554 5 288
553 554 12 288
553 553 15 288
107 89 9 289
107 89 13 289
107 122 18 289
232 235 19 289
554 554 4 289
554 554 11 289
554 553 14 289
329 327 11 290
626 629 2 290
626 628 6 290
626 625 8 290
626 625 15 290
626 629 16 290
626 629 17 290
626 628 18 290
129 137 13 291
129 122 16 291
129 125 20 291
405 421 12 291
405 411 15 291
405 410 18 291
701 684 6 291
701 703 13 291
202 194 2 292
202 209 7 292
202 199 9 292
629 628 4 292
629 625 6 292
629 625 13 292
629 629 14 292
629 629 15 292
629 628 16 292
266 273 18 293
554 554 7 293
554 553 10 293
554 553 18 293
554 570 19 293
194 209 5 294
194 199 7 294
194 210 20 294
516 517 1 294
516 517 16 294
517 517 15 295
460 456 6 296
460 451 20 296
628 625 2 296
628 625 9 296
628 629 10 296
628 629 11 296
628 628 12 296
628 629 17 296
628 628 20 296
684 703 7 297
89 89 4 298
89 70 15 298
89 77 18 298
625 625 7 298
625 629 8 298
625 629 9 298
625 628 10 298
625 629 15 298
625 628 18 298
209 199 2 299
209 210 15 299
209 218 17 299
209 200 20 299
601 601 3 299
601 602 10 299
554 553 3 300
554 553 11 300
554 570 12 300
554 553 15 300
554 554 17 300
554 573 19 300
199 210 13 301
199 218 15 301
199 200 18 301
327 333 13 301
652 665 17 301
46 33 10 302
46 58 13 302
46 37 14 302
89 70 11 302
89 77 14 302
89 78 20 302
456 451 14 302
456 452 15 302
601 602 7 302
601 599 20 302
162 177 15 303
162 144 19 303
162 179 20 303
421 411 3 303
421 410 6 303
421 405 12 303
553 553 8 303
553 570 9 303
553 553 12 303
553 554 14 303
137 122 3 304
137 125 7 304
137 136 11 304
137 144 18 304
297 302 4 304
297 281 20 304
625 629 1 305
625 629 2 305
625 628 3 305
625 629 8 305
625 628 11 305
625 608 18 305
411 410 3 306
411 405 9 306
629 629 1 306
629 628 2 306
629 629 7 306
629 628 10 306
629 629 20 306
122 125 4 307
122 136 8 307
122 110 11 307
629 628 1 307
629 629 6 307
629 628 9 307
629 629 19 307
235 218 8 308
235 233 16 308
628 629 5 308
628 628 8 308
628 608 15 308
628 629 18 308
410 405 6 309
602 599 13 309
602 608 14 309
602 599 16 309
517 517 11 310
517 520 14 310
125 136 4 311
125 110 7 311
125 144 11 311
125 123 20 311
125 127 20 311
273 270 10 311
273 281 13 311
273 270 19 311
553 570 1 311
553 553 4 311
553 554 6 311
553 554 16 311
553 553 17 311
553 553 19 311
33 37 4 312
33 34 12 312
570 553 3 312
570 554 5 312
570 573 7 312
570 554 15 312
570 553 16 312
570 553 18 312
70 58 2 313
70 77 3 313
70 78 9 313
629 628 3 313
629 629 13 313
629 628 16 313
629 629 18 313
629 629 19 313
629 628 20 313
210 218 2 314
210 200 5 314
333 331 9 314
58 77 1 315
136 144 7 315
136 123 16 315
136 127 16 315
553 554 2 315
553 554 12 315
553 553 13 315
553 553 15 315
553 540 20 315
37 34 8 316
77 78 6 316
218 200 3 316
218 233 8 316
451 452 1 316
451 456 10 316
451 460 15 316
628 608 7 316
628 629 10 316
628 628 13 316
628 629 15 316
628 629 16 316
628 628 17 316
452 456 9 317
452 460 14 317
554 573 2 317
554 554 10 317
554 553 11 317
554 553 13 317
554 540 18 317
110 123 13 318
110 127 13 318
177 179 5 318
177 161 7 318
177 186 12 318
665 681 2 318
200 186 11 319
573 554 8 319
573 553 9 319
573 553 11 319
573 554 19 319
573 570 20 319
270 281 3 321
270 270 9 321
270 254 17 321
517 520 3 321
78 90 17 322
144 161 3 322
144 127 9 322
599 608 1 322
599 599 3 322
599 602 12 322
599 597 14 322
599 601 19 322
179 161 2 323
179 186 7 323
179 188 17 323
331 339 13 323
608 599 2 323
608 602 11 323
608 597 13 323
608 627 14 323
608 601 18 323
608 627 19 323
608 602 20 323
233 243 5 324
281 270 6 324
281 291 16 324
599 602 9 325
599 597 11 325
599 601 16 325
599 602 18 325
456 460 5 326
456 446 18 326
629 628 3 326
629 629 5 326
629 629 6 326
629 628 7 326
629 627 11 326
629 627 16 326
629 627 18 326
554 553 1 327
554 553 3 327
554 540 8 327
554 554 11 327
554 570 12 327
554 569 18 327
553 553 2 328
553 540 7 328
553 554 10 328
553 570 11 328
553 569 17 328
553 555 20 328
243 254 9 329
243 252 19 329
628 629 2 329
628 629 3 329
628 628 4 329
628 627 8 329
628 627 13 329
628 627 15 329
186 188 10 330
270 254 8 330
270 252 18 330
270 256 20 330
553 540 5 330
553 554 8 330
553 570 9 330
553 569 15 330
553 555 18 330
553 570 20 330
460 476 4 331
460 446 13 331
629 629 1 331
629 628 2 331
629 627 6 331
629 627 11 331
629 627 13 331
629 628 1 332
629 627 5 332
629 627 10 332
629 627 12 332
629 627 20 332
628 627 4 333
628 627 9 333
628 627 11 333
628 627 19 333
359 339 2 334
359 353 8 334
602 597 2 334
602 601 7 334
602 602 9 334
602 602 15 334
602 605 20 334
476 472 19 335
540 554 3 335
540 555 13 335
540 552 20 335
339 353 6 336
339 327 20 336
597 578 4 336
597 601 5 336
597 602 7 336
597 602 13 336
597 605 18 336
627 627 5 337
627 627 7 337
627 627 15 337
627 628 19 337
254 252 10 338
254 242 12 338
254 256 12 338
554 570 1 338
554 569 7 338
554 555 10 338
554 570 12 338
554 552 17 338
554 555 19 338
554 567 20 338
90 71 6 339
90 94 10 339
90 98 12 339
570 578 1 339
570 569 6 339
570 555 9 339
570 570 11 339
570 552 16 339
570 555 18 339
570 567 19 339
570 553 20 339
291 306 13 340
291 290 18 340
291 295 20 340
578 569 5 340
578 570 10 340
578 567 18 340
601 602 2 341
601 602 8 341
601 605 13 341
627 627 2 342
627 627 10 342
627 628 14 342
627 629 20 342
602 602 6 343
602 605 11 343
446 427 13 344
446 451 17 344
627 627 8 344
627 628 12 344
627 629 18 344
388 402 3 345
388 403 6 345
388 404 7 345
569 555 3 345
569 570 5 345
569 552 10 345
569 555 12 345
569 567 13 345
569 553 14 345
569 552 15 345
569 553 18 345
569 553 19 345
147 149 5 346
147 162 6 346
147 154 12 346
516 517 1 346
516 514 7 346
517 514 6 347
36 37 3 348
36 34 8 348
36 45 13 348
252 242 2 348
252 256 2 348
252 250 11 348
252 246 17 348
402 403 3 348
402 404 4 348
402 408 16 348
555 570 2 348
555 552 7 348
555 555 9 348
555 567 10 348
555 553 11 348
555 552 12 348
555 553 15 348
555 553 16 348
94 98 2 349
602 605 5 349
602 602 16 349
602 590 18 349
602 601 20 349
242 250 9 350
242 246 15 350
256 250 9 350
256 246 15 350
570 552 5 350
570 555 7 350
570 567 8 350
570 553 9 350
570 552 10 350
570 553 13 350
570 553 14 350
37 34 5 351
37 45 10 351
149 162 1 351
149 154 7 351
403 404 1 351
403 408 13 351
403 402 19 351
162 154 6 352
162 177 18 352
404 408 12 352
404 402 18 352
627 628 4 352
627 629 10 352
627 628 14 352
627 627 19 352
306 290 5 353
306 295 7 353
514 514 15 353
514 518 17 353
472 471 11 354
605 602 11 354
605 590 13 354
605 601 15 354
552 555 2 355
552 567 3 355
552 553 4 355
552 552 5 355
552 553 8 355
552 553 9 355
552 554 19 355
34 45 5 356
34 28 17 356
34 35 18 356
34 39 20 356
327 327 3 356
327 318 20 356
628 629 6 356
628 628 10 356
628 627 15 356
628 627 17 356
427 408 7 357
555 567 1 357
555 553 2 357
555 552 3 357
555 553 6 357
555 553 7 357
555 554 17 357
154 166 16 358
154 141 18 358
154 172 19 358
290 295 2 358
290 286 17 358
567 553 1 358
567 552 2 358
567 553 5 358
567 553 6 358
567 554 16 358
250 246 6 359
250 248 16 359
250 250 20 359
250 257 20 359
327 318 17 359
553 552 1 359
553 553 4 359
553 553 5 359
553 554 15 359
295 286 15 360
552 553 3 360
552 553 4 360
552 554 14 360
45 28 12 361
45 35 13 361
45 39 15 361
45 47 18 361
703 683 11 361
629 628 4 362
629 627 9 362
629 627 11 362
553 553 1 363
553 554 11 363
408 402 6 364
408 401 14 364
408 413 16 364
408 402 18 364
553 554 10 364
246 248 10 365
246 250 14 365
246 257 14 365
471 490 19 365
602 590 2 365
602 601 4 365
602 601 10 365
602 603 17 365
628 627 5 366
628 627 7 366
590 601 2 367
590 601 8 367
590 603 15 367
375 375 1 368
514 518 2 368
514 504 17 368
514 512 17 368
601 601 6 369
601 603 13 369
177 180 3 370
177 166 4 370
177 172 7 370
177 177 15 370
402 401 8 370
402 413 10 370
402 402 12 370
518 504 15 370
518 512 15 370
627 627 2 371
627 628 18 371
204 222 9 372
683 664 5 372
683 664 6 372
683 664 8 372
683 702 16 372
683 664 18 372
28 35 1 373
28 39 3 373
28 47 6 373
28 34 11 373
28 10 12 373
28 27 12 373
28 34 12 373
28 28 13 373
28 47 15 373
28 31 16 373
28 36 17 373
104 101 2 373
104 93 7 373
104 123 13 373
104 100 14 373
104 93 16 373
180 166 1 373
180 172 4 373
180 177 12 373
627 628 16 373
627 627 19 373
35 39 2 374
35 47 5 374
35 34 10 374
35 27 11 374
35 34 11 374
35 28 12 374
35 47 14 374
35 31 15 374
35 36 16 374
35 48 17 374
166 172 3 374
166 177 11 374
554 551 13 374
554 551 17 374
554 553 19 374
101 93 5 375
101 81 9 375
101 100 12 375
101 93 14 375
101 93 19 375
248 250 4 375
248 257 4 375
248 242 12 375
248 260 16 375
248 253 17 375
248 256 17 375
286 288 11 375
286 273 12 375
286 285 14 375
601 603 7 375
39 47 3 376
39 34 8 376
39 27 9 376
39 34 9 376
39 28 10 376
39 47 12 376
39 31 13 376
39 36 14 376
39 48 15 376
39 55 16 376
141 136 4 376
141 136 7 376
141 137 8 376
141 123 10 376
141 130 19 376
141 135 20 376
318 309 19 376
727 727 3 376
727 740 19 376
727 741 20 376
172 177 8 377
664 664 1 377
664 664 3 377
664 653 6 377
664 653 7 377
664 664 13 377
0 10 7 378
1 10 7 378
6 10 7 378
7 10 7 378
401 413 2 378
401 402 4 378
401 406 15 378
401 402 16 378
401 406 19 378
664 664 2 378
664 653 5 378
664 653 6 378
664 664 12 378
47 34 5 379
47 27 6 379
47 34 6 379
47 28 7 379
47 47 9 379
47 31 10 379
47 36 11 379
47 48 12 379
47 63 12 379
47 55 13 379
250 242 8 379
250 260 12 379
250 253 13 379
250 256 13 379
250 232 19 379
257 242 8 379
257 273 8 379
257 260 12 379
257 253 13 379
257 256 13 379
727 740 16 379
727 741 17 379
93 81 4 380
93 100 7 380
93 93 9 380
93 78 10 380
93 93 14 380
136 136 3 380
136 137 4 380
136 123 6 380
136 130 15 380
136 135 16 380
136 122 19 380
136 132 19 380
413 402 2 380
413 406 13 380
413 402 14 380
413 423 16 380
413 406 17 380
413 405 19 380
664 653 3 380
664 653 4 380
664 664 10 380
222 212 13 381
222 232 17 381
402 406 11 382
402 402 12 382
402 406 15 382
402 405 17 382
603 586 19 382
603 618 20 382
136 137 1 383
136 123 3 383
136 130 12 383
136 135 13 383
136 122 16 383
136 132 16 383
450 449 5 383
653 653 1 383
653 664 7 383
34 27 1 384
34 34 1 384
34 28 2 384
34 47 4 384
34 31 5 384
34 36 6 384
34 48 7 384
81 100 3 384
81 93 5 384
81 78 6 384
81 63 7 384
81 67 8 384
81 93 10 384
81 71 16 384
81 75 20 384
137 123 2 384
137 130 11 384
137 135 12 384
137 122 15 384
137 132 15 384
490 504 1 384
490 479 6 384
490 478 19 384
653 664 6 384
10 28 1 385
27 28 1 385
27 31 4 385
27 36 5 385
34 28 1 385
34 47 3 385
34 31 4 385
34 36 5 385
34 48 6 385
177 182 19 385
504 517 12 385
504 518 19 385
512 517 12 385
512 518 19 385
28 47 2 386
28 31 3 386
28 36 4 386
123 130 9 386
123 135 10 386
123 122 13 386
123 132 13 386
123 107 17 386
288 273 1 386
288 285 3 386
288 285 12 386
288 295 18 386
288 270 20 386
703 702 2 386
703 702 8 386
703 684 14 386
100 93 2 387
100 93 7 387
100 107 16 387
242 260 4 387
242 253 5 387
242 256 5 387
242 232 11 387
242 257 15 387
242 231 16 387
273 285 2 387
273 260 4 387
273 253 5 387
273 256 5 387
273 285 11 387
273 257 15 387
273 270 19 387
551 551 4 387
551 553 6 387
47 31 1 388
47 36 2 388
47 48 3 388
47 63 3 388
47 55 4 388
702 702 6 388
702 684 12 388
702 704 19 388
31 36 1 389
31 48 2 389
93 78 1 389
93 93 5 389
93 107 14 389
93 75 15 389
285 285 9 389
285 295 15 389
285 270 17 389
628 627 3 389
628 629 10 389
628 618 13 389
36 48 1 390
36 55 2 390
78 63 1 390
78 67 2 390
78 93 4 390
78 71 10 390
78 75 14 390
479 478 13 390
664 664 15 390
664 681 20 390
48 55 1 391
48 67 1 391
63 55 1 391
63 67 1 391
63 71 9 391
63 75 13 391
260 253 1 391
260 256 1 391
260 257 11 391
260 270 15 391
551 553 2 391
55 71 8 392
67 71 8 392
67 75 12 392
253 257 10 392
253 270 14 392
256 257 10 392
256 270 14 392
627 629 7 392
627 618 10 392
406 402 1 393
406 423 3 393
406 406 4 393
406 405 6 393
406 405 14 393
406 405 19 393
93 107 9 394
93 75 10 394
212 199 7 394
212 231 9 394
402 406 3 394
402 405 5 394
402 384 11 394
402 405 13 394
402 405 18 394
702 684 6 394
702 704 13 394
702 703 18 394
130 135 1 395
130 122 4 395
130 132 4 395
130 142 19 395
309 321 6 395
309 295 9 395
740 741 1 395
740 727 18 395
740 727 19 395
740 753 20 395
135 122 3 396
135 132 3 396
135 142 18 396
423 406 1 396
423 405 3 396
423 405 11 396
423 405 16 396
741 727 17 396
741 727 18 396
741 753 19 396
406 405 2 397
406 405 10 397
406 405 15 397
517 518 7 397
517 517 11 397
517 518 12 397
517 518 19 397
232 231 5 398
232 220 17 398
285 295 6 398
285 270 8 398
573 586 3 398
122 107 4 399
132 142 15 399
405 405 8 399
405 405 13 399
629 618 3 399
71 75 4 400
684 664 5 400
684 681 10 400
684 703 12 400
684 702 17 400
684 664 18 400
684 666 19 400
199 182 3 401
199 204 15 401
199 196 17 401
199 185 19 401
199 182 20 401
586 603 2 401
586 600 5 401
586 600 10 401
257 270 4 402
618 603 1 402
618 600 4 402
618 600 9 402
107 93 13 403
107 102 17 403
231 220 12 403
478 475 8 403
603 600 3 403
603 600 8 403
75 93 12 404
182 173 13 404
182 196 14 404
182 185 16 404
182 182 17 404
518 517 4 404
518 518 5 404
518 518 12 404
518 518 16 404
518 517 17 404
384 384 13 405
664 681 5 405
664 664 13 405
664 666 14 405
664 680 17 405
664 680 18 405
664 682 19 405
600 600 5 406
405 405 5 407
704 703 5 407
704 702 10 407
517 518 1 408
517 518 8 408
517 518 12 408
517 517 13 408
518 518 7 409
518 518 11 409
518 517 12 409
518 504 20 409
681 664 8 410
681 666 9 410
681 680 12 410
681 680 13 410
681 682 14 410
475 479 19 411
600 613 18 411
405 405 19 412
703 702 5 412
727 727 1 413
142 142 13 414
142 129 17 414
220 204 1 415
220 203 17 415
93 102 4 416
93 85 11 416
204 196 2 416
204 185 4 416
204 186 14 416
204 203 16 416
446 443 1 416
446 435 4 416
446 460 19 416
518 518 4 416
518 517 5 416
518 504 13 416
518 517 19 416
173 185 3 417
173 182 4 417
173 186 13 417
443 435 3 417
443 460 18 417
702 682 7 417
196 185 2 418
196 182 3 418
196 186 12 418
196 203 14 418
664 666 1 418
664 680 4 418
664 680 5 418
664 682 6 418
664 653 10 418
664 666 16 418
666 680 3 419
666 680 4 419
666 682 5 419
666 653 9 419
666 666 15 419
102 85 7 420
102 107 19 420
185 182 1 420
185 186 10 420
185 203 12 420
518 517 1 420
518 504 9 420
518 517 15 420
518 517 17 420
518 533 18 420
182 186 9 421
517 504 8 421
517 517 14 421
517 517 16 421
517 533 17 421
517 497 19 421
680 680 1 422
680 682 2 422
680 666 12 422
680 682 1 423
680 666 11 423
682 666 10 424
682 665 20 424
553 557 1 425
553 533 13 425
553 553 15 425
553 552 17 425
35 36 1 426
35 16 20 426
35 40 20 426
67 85 1 426
67 71 6 426
67 73 20 426
557 553 14 426
557 552 16 426
36 16 19 427
36 40 19 427
36 40 20 427
85 71 5 427
85 103 16 427
85 89 17 427
85 73 19 427
142 129 4 427
629 613 2 427
629 629 3 427
629 627 4 427
629 630 5 427
629 628 18 427
254 266 5 428
254 238 15 428
254 240 19 428
267 266 5 428
267 274 9 428
267 275 13 428
653 666 6 428
653 653 15 428
653 665 16 428
653 665 18 428
504 517 6 429
504 517 8 429
504 497 11 429
504 515 20 429
613 629 1 429
613 627 2 429
613 630 3 429
613 602 4 429
613 601 7 429
613 600 10 429
613 628 16 429
613 627 19 429
186 203 2 430
479 460 5 430
479 497 10 430
479 464 20 430
629 627 1 430
629 630 2 430
629 628 15 430
629 627 18 430
405 405 11 431
405 395 12 431
405 405 14 431
405 406 20 431
627 630 1 431
627 628 14 431
627 627 17 431
71 89 12 432
71 73 14 432
71 71 16 432
203 209 7 432
203 216 9 432
203 216 16 432
203 215 19 432
330 332 6 432
630 628 13 432
630 627 16 432
266 274 4 433
266 275 8 433
602 601 3 433
602 600 6 433
666 653 9 434
666 665 10 434
666 665 12 434
666 685 17 434
460 464 15 435
460 463 19 435
517 517 2 435
517 533 3 435
517 497 5 435
517 515 14 435
517 517 15 435
362 359 13 436
362 348 17 436
601 600 3 436
601 599 20 436
274 275 4 437
274 292 11 437
517 533 1 437
517 497 3 437
517 515 12 437
517 517 13 437
517 503 19 437
332 348 15 438
533 552 4 438
533 515 11 438
533 517 12 438
533 516 20 438
107 103 4 439
107 89 5 439
107 126 17 439
107 110 19 439
209 216 2 439
209 216 9 439
209 215 12 439
209 202 20 439
600 599 17 439
497 515 9 440
497 503 16 440
497 516 18 440
553 552 2 440
553 554 12 440
553 570 13 440
553 553 17 440
216 233 4 441
216 216 7 441
216 215 10 441
216 202 18 441
275 292 7 441
275 281 17 441
703 685 10 441
703 703 14 441
703 685 20 441
405 395 1 442
405 405 3 442
405 406 9 442
405 403 13 442
552 554 10 442
552 570 11 442
552 553 15 442
103 89 1 443
103 110 15 443
103 98 19 443
238 233 2 443
238 240 4 443
395 405 2 443
395 406 8 443
395 403 12 443
653 665 1 443
653 665 3 443
89 73 2 444
89 71 4 444
89 75 13 444
89 98 18 444
425 405 1 444
425 406 7 444
665 665 2 444
665 681 16 444
233 240 2 445
233 216 3 445
233 215 6 445
405 406 6 445
405 403 10 445
628 627 3 445
628 629 9 445
628 629 14 445
40 40 1 446
40 37 8 446
40 40 10 446
40 36 11 446
40 37 19 446
40 37 20 446
73 71 2 446
73 67 8 446
73 75 11 446
73 89 19 446
665 681 14 446
665 663 19 446
40 37 7 447
40 40 9 447
40 36 10 447
40 37 18 447
40 37 19 447
71 67 6 448
71 75 9 448
71 89 17 448
216 215 3 448
216 202 11 448
216 210 16 448
216 209 17 448
216 204 20 448
292 281 10 448
627 629 6 448
627 629 11 448
627 607 15 448
627 629 18 448
359 348 4 449
359 355 20 449
515 517 1 449
515 503 7 449
515 516 9 449
515 517 15 449
464 463 4 450
464 462 12 450
464 476 15 450
464 453 20 450
517 503 6 450
517 516 8 450
517 517 14 450
215 202 8 451
215 210 13 451
215 209 14 451
215 204 17 451
406 403 4 451
685 703 4 451
685 681 9 451
685 685 10 451
554 570 1 452
554 553 5 452
554 553 15 452
554 541 16 452
554 553 17 452
348 332 10 453
348 355 16 453
570 553 4 453
570 553 14 453
570 553 16 453
37 40 2 454
37 36 3 454
37 37 11 454
37 37 12 454
37 36 14 454
67 75 3 454
67 72 18 454
175 162 4 454
175 173 8 454
175 173 9 454
175 173 16 454
175 194 17 454
463 462 8 454
463 476 11 454
463 453 16 454
463 478 17 454
463 456 20 454
629 629 5 454
629 629 12 454
629 633 16 454
629 629 19 454
703 685 6 455
40 36 1 456
40 37 9 456
40 37 10 456
40 36 12 456
40 37 20 456
126 110 2 456
126 122 8 456
131 122 8 456
503 516 2 456
503 517 8 456
503 518 16 456
599 600 6 456
599 607 7 456
599 604 20 456
36 37 8 457
36 37 9 457
36 36 11 457
36 37 19 457
36 37 20 457
75 89 8 457
75 72 15 457
553 553 10 457
553 541 11 457
553 553 12 457
553 538 18 457
110 98 4 458
110 122 6 458
110 96 17 458
110 98 18 458
162 173 4 458
162 173 5 458
162 173 12 458
281 294 14 458
516 517 6 458
516 518 14 458
202 210 5 459
202 209 6 459
202 204 9 459
202 194 12 459
629 629 7 459
629 633 11 459
629 629 14 459
681 685 1 460
681 663 5 460
681 676 14 460
685 676 13 461
98 89 3 462
98 96 13 462
98 98 14 462
98 90 17 462
98 89 20 462
173 173 1 462
173 173 8 462
462 476 3 462
462 453 8 462
462 478 9 462
462 456 12 462
462 470 14 462
462 466 15 462
600 607 1 462
600 604 14 462
600 603 15 462
173 173 7 463
332 350 12 463
332 351 15 463
332 330 19 463
607 604 13 463
607 603 14 463
607 600 20 463
210 209 1 464
210 204 4 464
210 194 7 464
210 220 18 464
517 518 8 464
517 515 17 464
37 37 1 465
37 36 3 465
37 37 11 465
37 37 12 465
37 37 13 465
37 39 14 465
89 72 7 465
89 96 10 465
89 98 11 465
89 90 14 465
89 89 17 465
209 204 3 465
209 194 6 465
209 220 17 465
476 478 6 465
476 456 9 465
476 470 11 465
476 466 12 465
476 480 20 465
663 676 9 465
663 661 17 465
37 36 2 466
37 37 10 466
37 37 11 466
37 37 12 466
37 39 13 466
629 633 4 466
629 629 7 466
553 541 1 467
553 553 2 467
553 538 8 467
553 554 11 467
553 553 12 467
553 571 13 467
553 554 17 467
553 570 18 467
36 37 8 468
36 37 9 468
36 37 10 468
36 39 11 468
36 34 20 468
204 194 3 468
204 220 14 468
541 553 1 468
541 538 7 468
541 554 10 468
541 553 11 468
541 554 16 468
541 553 20 468
355 350 6 469
355 351 9 469
355 349 15 469
355 348 17 469
553 538 6 469
553 554 9 469
553 553 10 469
553 571 11 469
553 554 15 469
553 570 16 469
553 553 19 469
553 553 20 469
453 456 4 470
453 470 6 470
453 466 7 470
453 433 10 470
633 629 3 470
478 470 5 471
478 466 6 471
478 480 14 471
72 90 7 472
72 89 10 472
294 289 7 472
294 292 9 472
518 515 9 472
518 517 14 472
518 517 15 472
456 470 2 474
456 466 3 474
676 661 8 474
676 684 17 474
96 98 1 475
96 90 4 475
96 89 7 475
96 98 11 475
96 106 14 475
96 107 16 475
96 100 17 475
96 112 19 475
350 351 3 475
350 330 7 475
350 349 9 475
350 348 11 475
538 554 3 475
538 553 4 475
538 554 9 475
538 553 13 475
538 553 14 475
538 551 15 475
538 554 17 475
538 518 20 475
37 37 1 476
37 37 2 476
37 39 3 476
37 34 12 476
98 90 3 476
98 89 6 476
98 98 10 476
98 106 13 476
98 107 15 476
98 100 16 476
98 112 18 476
470 466 1 476
470 480 9 476
604 603 1 476
604 600 7 476
604 602 20 476
37 37 1 477
37 39 2 477
37 34 11 477
466 480 8 477
603 600 6 477
603 602 19 477
603 602 20 477
37 39 1 478
37 34 10 478
254 254 10 478
254 255 10 478
254 256 11 478
254 253 13 478
254 253 14 478
254 255 14 478
254 246 15 478
351 349 6 478
351 348 8 478
351 361 18 478
351 342 20 478
554 553 1 478
554 571 2 478
554 554 6 478
554 570 7 478
554 553 10 478
554 553 11 478
554 551 12 478
554 554 14 478
8 0 15 479
8 1 15 479
8 3 15 479
8 7 15 479
39 34 9 479
90 89 3 479
90 98 7 479
90 106 10 479
90 107 12 479
90 100 13 479
289 292 2 479
289 288 16 479
553 571 1 479
553 554 5 479
553 570 6 479
553 553 9 479
553 553 10 479
553 551 11 479
553 554 13 479
571 554 4 480
571 570 5 480
571 553 8 480
571 553 9 480
571 551 10 480
571 554 12 480
571 570 20 480
292 288 14 481
515 517 5 481
515 517 6 481
515 515 12 481
515 517 13 481
515 518 14 481
515 515 17 481
515 517 18 481
89 98 4 482
89 106 7 482
89 107 9 482
89 100 10 482
220 233 14 482
330 349 2 482
330 348 4 482
330 342 16 482
600 602 13 483
600 602 14 483
600 589 18 483
349 348 2 484
349 361 12 484
349 342 14 484
349 336 20 484
554 570 1 484
554 553 4 484
554 553 5 484
554 551 6 484
554 554 8 484
554 570 16 484
554 553 18 484
554 550 19 484
554 551 20 484
570 553 3 485
570 553 4 485
570 551 5 485
570 554 7 485
570 570 15 485
570 589 16 485
570 553 17 485
570 550 18 485
570 551 19 485
98 106 3 486
98 107 5 486
98 100 6 486
98 112 8 486
148 136 13 486
148 144 14 486
148 167 20 486
348 361 10 486
348 342 12 486
348 336 18 486
348 351 20 486
517 517 1 486
517 515 7 486
517 517 8 486
517 518 9 486
517 515 12 486
517 517 13 486
517 515 6 487
517 517 7 487
517 518 8 487
517 515 11 487
517 517 12 487
517 516 20 487
254 256 1 488
254 253 3 488
254 253 4 488
254 255 4 488
254 246 5 488
254 251 13 488
254 248 14 488
254 253 15 488
254 264 15 488
255 256 1 488
255 253 3 488
255 253 4 488
255 255 4 488
255 246 5 488
255 251 13 488
255 248 14 488
255 253 15 488
255 264 15 488
553 553 1 488
553 551 2 488
553 554 4 488
553 570 12 488
553 553 14 488
553 550 15 488
553 551 16 488
106 107 2 489
106 100 3 489
106 112 5 489
256 253 2 489
256 253 3 489
256 255 3 489
256 246 4 489
256 251 12 489
256 248 13 489
256 253 14 489
256 264 14 489
553 551 1 489
553 554 3 489
553 570 11 489
553 553 13 489
553 550 14 489
553 551 15 489
405 405 1 490
405 399 3 490
405 405 12 490
405 404 15 490
405 422 18 490
405 417 19 490
551 554 2 490
551 570 10 490
551 553 12 490
551 550 13 490
551 551 14 490
107 100 1 491
107 112 3 491
253 253 1 491
253 255 1 491
253 246 2 491
253 233 5 491
253 251 10 491
253 248 11 491
253 253 12 491
253 264 12 491
253 233 17 491
405 399 2 491
405 405 11 491
405 404 14 491
405 422 17 491
405 417 18 491
100 112 2 492
253 246 1 492
253 233 4 492
253 251 9 492
253 248 10 492
253 253 11 492
253 264 11 492
253 233 16 492
255 246 1 492
255 251 9 492
255 248 10 492
255 253 11 492
255 264 11 492
554 570 8 492
554 553 10 492
554 550 11 492
554 551 12 492
554 552 19 492
246 233 3 493
246 251 8 493
246 248 9 493
246 253 10 493
246 264 10 493
246 233 15 493
399 405 9 493
399 404 12 493
399 417 16 493
515 517 1 493
515 518 2 493
515 515 5 493
515 517 6 493
515 516 14 493
515 517 15 493
515 517 16 493
515 515 19 493
515 515 20 493
0 2 13 494
1 2 13 494
3 2 13 494
7 2 13 494
517 518 1 494
517 515 4 494
517 517 5 494
517 516 13 494
517 517 14 494
517 517 15 494
517 515 18 494
517 515 19 494
518 515 3 495
518 517 4 495
518 516 12 495
518 517 13 495
518 517 14 495
518 515 17 495
518 515 18 495
233 251 5 496
233 248 6 496
233 233 12 496
233 249 19 496
361 342 2 496
361 351 10 496
602 602 1 496
602 589 5 496
602 600 14 496
602 589 4 497
602 600 13 497
177 182 6 498
177 167 8 498
177 177 9 498
177 173 14 498
342 336 6 498
342 351 8 498
515 517 1 498
515 516 9 498
515 517 10 498
515 517 11 498
515 515 14 498
515 515 15 498
136 144 1 499
136 146 14 499
517 516 8 499
517 517 9 499
517 517 10 499
517 515 13 499
517 515 14 499
144 146 13 500
570 589 1 500
570 553 2 500
570 550 3 500
570 551 4 500
570 552 11 500
570 553 15 500
570 570 16 500
570 552 17 500
570 553 18 500
570 554 19 500
251 248 1 501
251 253 2 501
251 264 2 501
251 233 7 501
251 249 14 501
251 256 14 501
251 243 16 501
251 257 16 501
251 255 17 501
251 236 18 501
589 600 9 501
589 570 15 501
248 253 1 502
248 264 1 502
248 233 6 502
248 249 13 502
248 256 13 502
248 243 15 502
248 257 15 502
248 255 16 502
248 236 17 502
405 404 3 502
405 422 6 502
405 417 7 502
553 550 1 502
553 551 2 502
553 552 9 502
553 553 13 502
553 570 14 502
553 552 15 502
553 553 16 502
553 554 17 502
253 233 5 503
253 249 12 503
253 256 12 503
253 272 13 503
253 243 14 503
253 257 14 503
253 255 15 503
253 236 16 503
264 249 12 503
264 256 12 503
264 272 13 503
264 257 14 503
264 255 15 503
550 551 1 503
550 552 8 503
550 553 12 503
550 552 14 503
550 553 15 503
550 554 16 503
182 167 2 504
182 177 3 504
182 173 8 504
182 174 16 504
182 180 17 504
182 182 20 504
336 351 2 504
336 352 15 504
336 344 16 504
336 347 18 504
336 348 19 504
336 349 20 504
551 552 7 504
551 553 11 504
551 570 12 504
551 552 13 504
551 553 14 504
551 554 15 504
404 422 3 505
404 417 4 505
629 629 1 505
167 177 1 506
167 173 6 506
167 174 14 506
167 180 15 506
167 182 18 506
351 352 13 506
351 344 14 506
351 347 16 506
351 348 17 506
351 349 18 506
351 366 19 506
177 173 5 507
177 174 13 507
177 180 14 507
177 182 17 507
177 195 18 507
516 517 1 507
516 517 2 507
516 515 5 507
516 515 6 507
516 515 13 507
516 516 14 507
516 516 15 507
516 517 16 507
516 516 17 507
516 514 18 507
233 249 7 508
233 243 9 508
233 236 11 508
422 417 1 508
422 429 18 508
517 517 1 508
517 515 4 508
517 515 5 508
517 515 12 508
517 516 13 508
517 516 14 508
517 517 15 508
517 516 16 508
517 514 17 508
417 429 17 509
517 515 3 509
517 515 4 509
517 515 11 509
517 516 12 509
517 516 13 509
517 517 14 509
517 516 15 509
517 514 16 509
552 553 4 511
552 570 5 511
552 552 6 511
552 553 7 511
552 554 8 511
552 545 15 511
552 557 16 511
552 571 18 511
552 553 19 511
173 174 8 512
173 180 9 512
173 182 12 512
515 515 1 512
515 515 8 512
515 516 9 512
515 516 10 512
515 517 11 512
515 516 12 512
515 514 13 512
146 127 13 513
146 152 15 513
146 139 18 513
515 515 7 513
515 516 8 513
515 516 9 513
515 517 10 513
515 516 11 513
515 514 12 513
33 33 18 514
33 15 20 514
684 685 14 514
684 682 17 514
684 666 18 514
684 703 19 514
249 243 2 515
249 257 2 515
249 255 3 515
249 236 4 515
249 236 17 515
256 272 1 515
256 243 2 515
256 257 2 515
256 255 3 515
256 236 4 515
256 236 17 515
553 570 1 515
553 552 2 515
553 553 3 515
553 554 4 515
553 545 11 515
553 557 12 515
553 571 14 515
553 553 15 515
102 107 1 516
102 101 2 516
102 82 5 516
102 86 10 516
102 98 11 516
102 82 14 516
102 87 15 516
102 102 16 516
102 96 17 516
272 257 1 516
272 255 2 516
272 278 12 516
272 276 14 516
272 282 16 516
272 282 17 516
570 552 1 516
570 553 2 516
570 554 3 516
570 557 11 516
570 571 13 516
570 553 14 516
107 101 1 517
107 98 10 517
107 87 14 517
107 102 15 517
107 96 16 517
243 255 1 517
243 236 2 517
243 236 15 517
257 255 1 517
257 276 13 517
552 553 1 517
552 554 2 517
552 545 9 517
552 557 10 517
552 571 12 517
552 553 13 517
101 82 3 518
101 86 8 518
101 98 9 518
101 82 12 518
101 87 13 518
101 102 14 518
101 96 15 518
205 195 7 518
205 186 18 518
205 186 20 518
255 236 1 518
255 236 14 518
553 554 1 518
553 545 8 518
553 557 9 518
553 571 11 518
553 553 12 518
236 236 13 519
352 344 1 519
352 347 3 519
352 348 4 519
352 349 5 519
352 366 6 519
352 340 12 519
352 349 16 519
352 348 17 519
352 349 18 519
352 353 19 519
352 351 20 519
554 545 7 519
554 557 8 519
554 571 10 519
554 553 11 519
174 180 1 520
174 182 4 520
174 175 13 520
174 182 15 520
174 186 16 520
174 183 17 520
174 186 18 520
174 185 19 520
344 347 2 520
344 348 3 520
344 349 4 520
344 340 11 520
344 349 15 520
344 348 16 520
344 349 17 520
344 353 18 520
344 351 19 520
344 350 20 520
515 516 1 520
515 516 2 520
515 517 3 520
515 516 4 520
515 514 5 520
515 518 14 520
515 517 15 520
515 516 16 520
515 517 17 520
515 521 18 520
515 517 19 520
515 517 20 520
82 86 5 521
82 98 6 521
82 82 9 521
82 87 10 521
82 96 12 521
180 182 3 521
180 195 4 521
180 175 12 521
180 182 14 521
180 186 15 521
180 183 16 521
180 186 17 521
180 185 18 521
516 516 1 521
516 517 2 521
516 516 3 521
516 514 4 521
516 518 13 521
516 517 14 521
516 516 15 521
516 517 16 521
516 521 17 521
516 517 18 521
516 517 19 521
347 348 1 522
347 349 2 522
347 366 3 522
347 340 9 522
347 349 13 522
347 348 14 522
347 349 15 522
347 353 16 522
347 351 17 522
347 350 18 522
516 517 1 522
516 516 2 522
516 514 3 522
516 518 12 522
516 517 13 522
516 516 14 522
516 517 15 522
516 521 16 522
516 517 17 522
516 517 18 522
348 349 1 523
348 366 2 523
348 340 8 523
348 349 12 523
348 348 13 523
348 349 14 523
348 353 15 523
348 351 16 523
348 350 17 523
517 516 1 523
517 514 2 523
517 518 11 523
517 517 12 523
517 516 13 523
517 517 14 523
517 521 15 523
517 517 16 523
517 517 17 523
182 195 1 524
182 175 9 524
182 182 11 524
182 186 12 524
182 183 13 524
182 186 14 524
182 185 15 524
349 366 1 524
349 340 7 524
349 349 11 524
349 348 12 524
349 349 13 524
349 353 14 524
349 351 15 524
349 350 16 524
516 514 1 524
516 518 10 524
516 517 11 524
516 516 12 524
516 517 13 524
516 521 14 524
516 517 15 524
516 517 16 524
195 175 8 525
195 182 10 525
195 186 11 525
195 183 12 525
195 186 13 525
195 185 14 525
195 208 20 525
366 349 10 525
366 348 11 525
366 349 12 525
366 353 13 525
366 351 14 525
366 350 15 525
514 518 9 525
514 517 10 525
514 516 11 525
514 517 12 525
514 521 13 525
514 517 14 525
514 517 15 525
86 98 1 526
86 82 4 526
86 87 5 526
86 102 6 526
86 96 7 526
127 139 5 526
127 110 16 526
545 557 1 526
545 553 4 526
545 548 16 526
545 532 20 526
98 82 3 527
98 87 4 527
98 102 5 527
98 96 6 527
98 110 15 527
557 571 2 527
557 553 3 527
557 548 15 527
152 139 3 528
278 292 1 528
278 276 2 528
278 282 4 528
278 282 5 528
685 682 3 528
685 666 4 528
685 703 5 528
685 685 13 528
292 276 1 529
292 282 3 529
292 282 4 529
571 553 1 529
571 555 20 529
82 87 1 530
82 96 3 530
276 282 2 530
276 282 3 530
553 548 12 530
553 555 19 530
553 547 20 530
87 102 1 531
87 96 2 531
139 125 19 531
340 349 4 531
340 348 5 531
340 349 6 531
340 353 7 531
340 351 8 531
340 350 9 531
340 333 18 531
340 332 19 531
340 328 20 531
682 666 1 531
682 685 10 531
33 15 2 532
33 14 3 532
33 17 4 532
33 39 14 532
33 39 16 532
33 39 19 532
102 96 1 532
102 110 10 532
236 254 9 532
236 255 9 532
236 254 10 532
236 240 15 532
236 236 20 532
282 282 1 532
666 685 9 532
96 110 9 533
175 182 2 533
175 186 3 533
175 183 4 533
175 186 5 533
175 185 6 533
175 162 17 533
175 180 20 533
703 685 8 533
12 14 1 534
12 17 2 534
15 14 1 534
15 17 2 534
518 517 1 534
518 516 2 534
518 517 3 534
518 521 4 534
518 517 5 534
518 517 6 534
518 532 12 534
14 17 1 535
182 186 1 535
182 183 2 535
182 186 3 535
182 185 4 535
182 196 14 535
182 162 15 535
182 180 18 535
349 348 1 535
349 349 2 535
349 353 3 535
349 351 4 535
349 350 5 535
349 368 12 535
349 368 13 535
349 333 14 535
349 332 15 535
517 516 1 535
517 517 2 535
517 521 3 535
517 517 4 535
517 517 5 535
517 532 11 535
186 183 1 536
186 186 2 536
186 185 3 536
186 196 13 536
186 180 17 536
186 199 20 536
348 349 1 536
348 353 2 536
348 351 3 536
348 350 4 536
348 333 13 536
348 332 14 536
348 328 15 536
516 517 1 536
516 521 2 536
516 517 3 536
516 517 4 536
516 532 10 536
516 526 20 536
183 186 1 537
183 185 2 537
183 196 12 537
183 180 16 537
183 199 19 537
349 353 1 537
349 351 2 537
349 350 3 537
349 368 10 537
349 368 11 537
349 333 12 537
349 332 13 537
517 521 1 537
517 517 2 537
517 517 3 537
517 532 9 537
517 526 19 537
186 185 1 538
186 196 11 538
186 180 15 538
186 199 18 538
186 196 20 538
353 351 1 538
353 350 2 538
353 368 9 538
353 368 10 538
353 333 11 538
521 517 1 538
521 517 2 538
521 532 8 538
521 526 18 538
521 529 20 538
185 196 10 539
185 180 14 539
185 199 17 539
185 196 19 539
351 350 1 539
351 368 8 539
351 368 9 539
351 333 10 539
351 332 11 539
517 517 1 539
517 532 7 539
517 526 17 539
517 499 19 539
517 529 19 539
350 368 7 540
350 368 8 540
350 333 9 540
350 332 10 540
517 532 6 540
517 526 16 540
517 499 18 540
517 529 18 540
254 254 1 541
254 240 6 541
254 236 11 541
254 236 13 541
255 254 1 541
255 240 6 541
255 236 11 541
255 236 13 541
685 684 16 541
110 125 8 542
110 122 16 542
254 240 5 542
254 236 10 542
254 236 12 542
254 240 20 542
404 406 2 542
404 406 3 542
404 406 4 542
548 532 4 542
548 555 7 542
548 547 8 542
548 554 9 542
548 554 10 542
548 555 11 542
548 554 12 542
548 555 13 542
548 529 16 542
406 406 1 544
406 406 2 544
406 403 20 544
629 628 1 544
629 629 3 544
629 628 4 544
629 629 15 544
629 628 18 544
208 196 4 545
208 208 10 545
208 199 11 545
208 208 12 545
208 196 13 545
208 207 14 545
208 207 15 545
208 207 16 545
406 406 1 545
406 403 19 545
406 402 20 545
628 629 2 545
628 628 3 545
628 629 14 545
628 628 17 545
39 39 2 546
39 39 5 546
39 47 11 546
406 403 18 546
406 402 19 546
406 401 20 546
532 547 4 546
532 526 10 546
532 529 12 546
532 513 15 546
240 236 5 547
240 236 7 547
240 240 15 547
368 368 1 547
368 372 16 547
629 628 1 547
629 629 12 547
629 628 15 547
39 39 3 548
39 47 9 548
368 372 15 548
628 629 11 548
628 628 14 548
196 180 4 549
196 208 6 549
196 199 7 549
196 208 8 549
196 196 9 549
196 207 10 549
196 207 11 549
196 207 12 549
333 332 1 549
333 328 2 549
333 317 6 549
333 316 8 549
555 547 1 549
555 554 2 549
555 554 3 549
555 555 4 549
555 554 5 549
555 555 6 549
125 122 8 550
162 180 3 550
332 328 1 550
332 317 5 550
332 316 7 550
547 554 1 550
547 554 2 550
547 555 3 550
547 554 4 550
547 555 5 550
547 529 8 550
39 47 6 551
39 36 20 551
328 308 1 551
328 311 2 551
328 308 3 551
328 317 4 551
328 316 6 551
554 554 1 551
554 555 2 551
554 554 3 551
554 555 4 551
236 236 2 552
236 240 10 552
308 311 1 552
308 308 2 552
308 317 3 552
308 316 5 552
554 555 1 552
554 554 2 552
554 555 3 552
180 199 3 553
180 196 5 553
311 308 1 553
311 317 2 553
311 316 4 553
555 554 1 553
555 555 2 553
236 240 8 554
308 317 1 554
308 316 3 554
554 555 1 554
208 199 1 555
208 208 2 555
208 196 3 555
208 207 4 555
208 207 5 555
208 207 6 555
317 316 2 555
199 208 1 556
199 196 2 556
199 207 3 556
199 207 4 556
199 207 5 556
493 499 2 556
493 495 3 556
493 494 4 556
493 508 5 556
493 502 6 556
526 529 2 556
526 508 5 556
526 513 5 556
47 36 14 557
47 34 16 557
47 35 17 557
47 36 18 557
47 36 19 557
208 196 1 557
208 207 2 557
208 207 3 557
208 207 4 557
684 684 6 557
684 684 8 557
684 703 10 557
684 703 11 557
684 685 13 557
684 703 15 557
684 703 16 557
684 703 17 557
684 703 19 557
684 703 20 557
196 207 1 558
196 207 2 558
196 207 3 558
499 495 1 558
499 494 2 558
499 508 3 558
499 513 3 558
499 502 4 558
529 513 3 558
207 207 1 559
207 207 2 559
495 494 1 559
495 508 2 559
495 513 2 559
495 502 3 559
629 628 3 559
629 628 12 559
629 628 16 559
207 207 1 560
494 508 1 560
494 513 1 560
494 502 2 560
758 741 4 560
758 741 6 560
758 741 9 560
508 502 1 561
513 502 1 561
628 628 9 562
628 628 13 562
684 684 2 563
684 703 4 563
684 703 5 563
684 685 7 563
684 703 9 563
684 703 10 563
684 703 11 563
684 703 13 563
684 703 14 563
684 702 15 563
684 703 16 563
684 703 17 563
684 702 18 563
684 702 19 563
684 703 20 563
403 402 1 564
403 401 2 564
403 402 3 564
403 401 4 564
403 401 5 564
403 402 6 564
403 401 7 564
403 399 8 564
403 402 9 564
403 402 10 564
403 401 11 564
403 401 12 564
403 400 13 564
403 403 14 564
403 404 15 564
403 402 16 564
403 402 17 564
403 401 18 564
741 741 2 564
741 741 5 564
402 401 1 565
402 402 2 565
402 401 3 565
402 401 4 565
402 402 5 565
402 401 6 565
402 399 7 565
402 402 8 565
402 402 9 565
402 401 10 565
402 401 11 565
402 400 12 565
402 403 13 565
402 404 14 565
402 402 15 565
402 402 16 565
402 401 17 565
684 703 2 565
684 703 3 565
684 685 5 565
684 703 7 565
684 703 8 565
684 703 9 565
684 703 11 565
684 703 12 565
684 702 13 565
684 703 14 565
684 703 15 565
684 702 16 565
684 702 17 565
684 703 18 565
684 703 19 565
401 402 1 566
401 401 2 566
401 401 3 566
401 402 4 566
401 401 5 566
401 399 6 566
401 402 7 566
401 402 8 566
401 401 9 566
401 401 10 566
401 400 11 566
401 403 12 566
401 404 13 566
401 402 14 566
401 402 15 566
401 401 16 566
741 741 3 566
402 401 1 567
402 401 2 567
402 402 3 567
402 401 4 567
402 399 5 567
402 402 6 567
402 402 7 567
402 401 8 567
402 401 9 567
402 400 10 567
402 403 11 567
402 404 12 567
402 402 13 567
402 402 14 567
402 401 15 567
703 703 1 567
703 685 3 567
703 703 5 567
703 703 6 567
703 703 7 567
703 703 9 567
703 703 10 567
703 702 11 567
703 703 12 567
703 703 13 567
703 702 14 567
703 702 15 567
703 703 16 567
703 703 17 567
401 401 1 568
401 402 2 568
401 401 3 568
401 399 4 568
401 402 5 568
401 402 6 568
401 401 7 568
401 401 8 568
401 400 9 568
401 403 10 568
401 404 11 568
401 402 12 568
401 402 13 568
401 401 14 568
703 685 2 568
703 703 4 568
703 703 5 568
703 703 6 568
703 703 8 568
703 703 9 568
703 702 10 568
703 703 11 568
703 703 12 568
703 702 13 568
703 702 14 568
703 703 15 568
703 703 16 568
401 402 1 569
401 401 2 569
401 399 3 569
401 402 4 569
401 402 5 569
401 401 6 569
401 401 7 569
401 400 8 569
401 403 9 569
401 404 10 569
401 402 11 569
401 402 12 569
401 401 13 569
402 401 1 570
402 399 2 570
402 402 3 570
402 402 4 570
402 401 5 570
402 401 6 570
402 400 7 570
402 403 8 570
402 404 9 570
402 402 10 570
402 402 11 570
402 401 12 570
685 703 2 570
685 703 3 570
685 703 4 570
685 703 6 570
685 703 7 570
685 702 8 570
685 703 9 570
685 703 10 570
685 702 11 570
685 702 12 570
685 703 13 570
685 703 14 570
36 34 2 571
36 35 3 571
36 36 4 571
36 36 5 571
401 399 1 571
401 402 2 571
401 402 3 571
401 401 4 571
401 401 5 571
401 400 6 571
401 403 7 571
401 404 8 571
401 402 9 571
401 402 10 571
401 401 11 571
628 628 4 571
399 402 1 572
399 402 2 572
399 401 3 572
399 401 4 572
399 400 5 572
399 403 6 572
399 404 7 572
399 402 8 572
399 402 9 572
399 401 10 572
703 703 1 572
703 703 2 572
703 703 4 572
703 703 5 572
703 702 6 572
703 703 7 572
703 703 8 572
703 702 9 572
703 702 10 572
703 703 11 572
703 703 12 572
34 35 1 573
34 36 2 573
34 36 3 573
402 402 1 573
402 401 2 573
402 401 3 573
402 400 4 573
402 403 5 573
402 404 6 573
402 402 7 573
402 402 8 573
402 401 9 573
703 703 1 573
703 703 3 573
703 703 4 573
703 702 5 573
703 703 6 573
703 703 7 573
703 702 8 573
703 702 9 573
703 703 10 573
703 703 11 573
35 36 1 574
35 36 2 574
402 401 1 574
402 401 2 574
402 400 3 574
402 403 4 574
402 404 5 574
402 402 6 574
402 402 7 574
402 401 8 574
703 703 2 574
703 703 3 574
703 702 4 574
703 703 5 574
703 703 6 574
703 702 7 574
703 702 8 574
703 703 9 574
703 703 10 574
36 36 1 575
401 401 1 575
401 400 2 575
401 403 3 575
401 404 4 575
401 402 5 575
401 402 6 575
401 401 7 575
401 400 1 576
401 403 2 576
401 404 3 576
401 402 4 576
401 402 5 576
401 401 6 576
703 703 1 576
703 702 2 576
703 703 3 576
703 703 4 576
703 702 5 576
703 702 6 576
703 703 7 576
703 703 8 576
400 403 1 577
400 404 2 577
400 402 3 577
400 402 4 577
400 401 5 577
703 702 1 577
703 703 2 577
703 703 3 577
703 702 4 577
703 702 5 577
703 703 6 577
703 703 7 577
403 404 1 578
403 402 2 578
403 402 3 578
403 401 4 578
702 703 1 578
702 703 2 578
702 702 3 578
702 702 4 578
702 703 5 578
702 703 6 578
404 402 1 579
404 402 2 579
404 401 3 579
703 703 1 579
703 702 2 579
703 702 3 579
703 703 4 579
703 703 5 579
402 402 1 580
402 401 2 580
703 702 1 580
703 702 2 580
703 703 3 580
703 703 4 580
402 401 1 581
702 702 1 581
702 703 2 581
702 703 3 581
702 703 1 582
702 703 2 582
703 703 1 583
