763 763 1 0
763 720 2 0
763 763 3 0
763 763 4 0
763 763 6 0
763 763 7 0
763 763 8 0
763 763 10 0
763 719 18 0
763 720 19 0
763 735 20 0
763 747 21 0
763 734 23 0
763 764 24 0
763 734 26 0
763 734 30 0
763 753 31 0
763 734 32 0
763 753 33 0
763 748 37 0
763 747 38 0
763 747 40 0
763 746 41 0
763 746 43 0
763 747 44 0
763 747 45 0
763 747 46 0
763 746 48 0
763 763 50 0
146 105 8 1
146 190 8 1
146 140 22 1
146 193 35 1
146 182 41 1
146 143 42 1
317 322 19 1
317 354 27 1
763 720 1 1
763 763 2 1
763 763 3 1
763 763 5 1
763 763 6 1
763 763 7 1
763 763 9 1
763 719 17 1
763 720 18 1
763 735 19 1
763 747 20 1
763 734 22 1
763 764 23 1
763 734 25 1
763 734 29 1
763 753 30 1
763 734 31 1
763 753 32 1
763 748 36 1
763 747 37 1
763 747 39 1
763 746 40 1
763 746 42 1
763 747 43 1
763 747 44 1
763 747 45 1
763 746 47 1
763 763 49 1
499 499 2 2
499 487 7 2
499 487 9 2
499 502 10 2
499 538 12 2
499 451 31 2
499 501 43 2
499 511 49 2
720 763 1 2
720 763 2 2
720 763 4 2
720 763 5 2
720 763 6 2
720 763 8 2
720 677 10 2
720 691 11 2
720 689 13 2
720 688 14 2
720 685 15 2
720 719 16 2
720 720 17 2
720 735 18 2
720 747 19 2
720 734 21 2
720 764 22 2
720 734 24 2
720 734 28 2
720 753 29 2
720 734 30 2
720 753 31 2
720 700 33 2
720 748 35 2
720 747 36 2
720 712 37 2
720 747 38 2
720 746 39 2
720 746 41 2
720 747 42 2
720 747 43 2
720 747 44 2
720 746 46 2
720 712 47 2
720 763 48 2
388 435 4 3
388 371 7 3
388 389 10 3
388 374 11 3
388 434 14 3
388 431 15 3
388 374 16 3
388 374 19 3
388 416 20 3
388 380 23 3
388 371 24 3
388 354 25 3
388 374 26 3
388 434 28 3
388 371 31 3
388 428 33 3
388 427 34 3
388 427 35 3
388 428 36 3
388 426 37 3
388 419 38 3
388 408 39 3
388 418 40 3
388 419 41 3
388 410 43 3
388 409 44 3
763 763 1 3
763 763 3 3
763 763 4 3
763 763 5 3
763 763 7 3
763 719 15 3
763 720 16 3
763 735 17 3
763 747 18 3
763 734 20 3
763 764 21 3
763 734 23 3
763 734 27 3
763 753 28 3
763 734 29 3
763 753 30 3
763 748 34 3
763 747 35 3
763 747 37 3
763 746 38 3
763 746 40 3
763 747 41 3
763 747 42 3
763 747 43 3
763 746 45 3
763 763 47 3
763 747 50 3
499 487 5 4
499 487 7 4
499 502 8 4
499 538 10 4
499 451 29 4
499 501 41 4
499 511 47 4
763 763 2 4
763 763 3 4
763 763 4 4
763 763 6 4
763 719 14 4
763 720 15 4
763 735 16 4
763 747 17 4
763 734 19 4
763 764 20 4
763 734 22 4
763 734 26 4
763 753 27 4
763 734 28 4
763 753 29 4
763 748 33 4
763 747 34 4
763 747 36 4
763 746 37 4
763 746 39 4
763 747 40 4
763 747 41 4
763 747 42 4
763 746 44 4
763 763 46 4
763 747 49 4
763 763 50 4
763 763 1 6
763 763 2 6
763 763 4 6
763 719 12 6
763 720 13 6
763 735 14 6
763 747 15 6
763 734 17 6
763 764 18 6
763 734 20 6
763 734 24 6
763 753 25 6
763 734 26 6
763 753 27 6
763 748 31 6
763 747 32 6
763 747 34 6
763 746 35 6
763 746 37 6
763 747 38 6
763 747 39 6
763 747 40 6
763 746 42 6
763 763 44 6
763 747 47 6
763 763 48 6
763 747 49 6
763 728 50 6
435 441 1 7
435 389 6 7
435 434 10 7
435 431 11 7
435 416 16 7
435 438 23 7
435 434 24 7
435 438 25 7
435 451 26 7
435 445 28 7
435 428 29 7
435 427 30 7
435 427 31 7
435 428 32 7
435 426 33 7
435 419 34 7
435 408 35 7
435 418 36 7
435 419 37 7
435 410 39 7
435 409 40 7
435 431 50 7
763 763 1 7
763 763 3 7
763 719 11 7
763 720 12 7
763 735 13 7
763 747 14 7
763 734 16 7
763 764 17 7
763 734 19 7
763 734 23 7
763 753 24 7
763 734 25 7
763 753 26 7
763 748 30 7
763 747 31 7
763 747 33 7
763 746 34 7
763 746 36 7
763 747 37 7
763 747 38 7
763 747 39 7
763 746 41 7
763 763 43 7
763 747 46 7
763 763 47 7
763 747 48 7
763 728 49 7
763 720 50 7
441 487 1 8
441 487 3 8
441 434 9 8
441 431 10 8
441 416 15 8
441 438 22 8
441 434 23 8
441 438 24 8
441 451 25 8
441 445 27 8
441 428 28 8
441 427 29 8
441 427 30 8
441 428 31 8
441 426 32 8
441 419 33 8
441 408 34 8
441 418 35 8
441 419 36 8
441 410 38 8
441 409 39 8
441 431 49 8
441 430 50 8
763 763 2 8
763 719 10 8
763 720 11 8
763 735 12 8
763 747 13 8
763 734 15 8
763 764 16 8
763 734 18 8
763 734 22 8
763 753 23 8
763 734 24 8
763 753 25 8
763 748 29 8
763 747 30 8
763 747 32 8
763 746 33 8
763 746 35 8
763 747 36 8
763 747 37 8
763 747 38 8
763 746 40 8
763 763 42 8
763 747 45 8
763 763 46 8
763 747 47 8
763 728 48 8
763 720 49 8
763 719 50 8
0 30 4 9
0 31 4 9
0 10 5 9
0 0 6 9
0 1 6 9
0 5 6 9
0 9 6 9
0 0 7 9
0 1 7 9
0 4 7 9
0 10 7 9
0 0 8 9
0 1 8 9
0 4 8 9
0 10 8 9
0 1 9 9
0 14 9 9
0 15 9 9
0 0 10 9
0 1 10 9
0 10 10 9
0 1 11 9
0 3 11 9
0 7 11 9
0 15 11 9
0 2 13 9
0 8 13 9
0 29 13 9
0 38 13 9
0 10 14 9
0 1 21 9
0 9 21 9
0 30 21 9
0 0 22 9
0 1 22 9
0 11 22 9
0 15 22 9
0 12 23 9
0 31 23 9
0 1 25 9
0 49 25 9
0 0 26 9
0 2 26 9
0 4 26 9
0 8 26 9
0 0 27 9
0 1 27 9
0 3 27 9
0 14 27 9
0 15 27 9
0 0 28 9
0 3 28 9
0 8 28 9
0 3 29 9
0 10 29 9
0 6 30 9
0 7 30 9
0 10 31 9
0 26 33 9
0 10 34 9
0 30 34 9
0 31 34 9
0 10 37 9
0 6 49 9
0 7 49 9
0 6 50 9
0 7 50 9
1 30 4 9
1 31 4 9
1 10 5 9
1 0 6 9
1 1 6 9
1 5 6 9
1 9 6 9
1 0 7 9
1 1 7 9
1 4 7 9
1 10 7 9
1 0 8 9
1 1 8 9
1 4 8 9
1 10 8 9
1 1 9 9
1 14 9 9
1 15 9 9
1 0 10 9
1 1 10 9
1 10 10 9
1 1 11 9
1 3 11 9
1 7 11 9
1 15 11 9
1 2 13 9
1 8 13 9
1 29 13 9
1 38 13 9
1 10 14 9
1 1 21 9
1 9 21 9
1 30 21 9
1 0 22 9
1 1 22 9
1 11 22 9
1 15 22 9
1 12 23 9
1 31 23 9
1 1 25 9
1 49 25 9
1 0 26 9
1 2 26 9
1 4 26 9
1 8 26 9
1 0 27 9
1 1 27 9
1 3 27 9
1 14 27 9
1 15 27 9
1 0 28 9
1 3 28 9
1 8 28 9
1 3 29 9
1 10 29 9
1 6 30 9
1 7 30 9
1 10 31 9
1 26 33 9
1 10 34 9
1 30 34 9
1 31 34 9
1 10 37 9
1 6 49 9
1 7 49 9
1 6 50 9
1 7 50 9
44 55 2 9
44 30 4 9
44 31 4 9
44 10 5 9
44 0 6 9
44 1 6 9
44 5 6 9
44 9 6 9
44 0 7 9
44 1 7 9
44 4 7 9
44 10 7 9
44 0 8 9
44 1 8 9
44 4 8 9
44 10 8 9
44 1 9 9
44 14 9 9
44 15 9 9
44 0 10 9
44 1 10 9
44 10 10 9
44 1 11 9
44 3 11 9
44 7 11 9
44 15 11 9
44 58 11 9
44 2 13 9
44 8 13 9
44 29 13 9
44 38 13 9
44 10 14 9
44 54 18 9
44 1 21 9
44 9 21 9
44 30 21 9
44 54 21 9
44 0 22 9
44 1 22 9
44 11 22 9
44 15 22 9
44 12 23 9
44 31 23 9
44 1 25 9
44 49 25 9
44 0 26 9
44 2 26 9
44 4 26 9
44 8 26 9
44 0 27 9
44 1 27 9
44 3 27 9
44 14 27 9
44 15 27 9
44 0 28 9
44 3 28 9
44 8 28 9
44 3 29 9
44 10 29 9
44 6 30 9
44 7 30 9
44 10 31 9
44 26 33 9
44 75 33 9
44 10 34 9
44 30 34 9
44 31 34 9
44 92 34 9
44 10 37 9
44 58 48 9
44 71 48 9
44 6 49 9
44 7 49 9
44 6 50 9
44 7 50 9
105 55 2 9
105 58 11 9
105 140 14 9
105 75 33 9
105 92 34 9
105 143 34 9
105 105 43 9
105 144 43 9
105 58 48 9
105 71 48 9
190 140 14 9
190 222 20 9
190 193 27 9
190 196 28 9
190 182 33 9
190 143 34 9
190 208 42 9
190 144 43 9
190 189 48 9
190 196 49 9
190 189 50 9
487 487 2 9
487 502 3 9
487 438 21 9
487 438 23 9
487 451 24 9
487 445 26 9
487 501 36 9
487 511 42 9
595 626 13 9
595 634 27 9
595 630 33 9
595 572 38 9
371 389 3 10
371 374 4 10
371 374 9 10
371 322 10 10
371 374 12 10
371 416 13 10
371 380 16 10
371 371 17 10
371 354 18 10
371 374 19 10
371 371 24 10
371 419 31 10
371 408 32 10
371 418 33 10
371 419 34 10
371 410 36 10
371 409 37 10
371 331 49 10
763 719 8 10
763 720 9 10
763 735 10 10
763 747 11 10
763 734 13 10
763 764 14 10
763 734 16 10
763 734 20 10
763 753 21 10
763 734 22 10
763 753 23 10
763 748 27 10
763 747 28 10
763 747 30 10
763 746 31 10
763 746 33 10
763 747 34 10
763 747 35 10
763 747 36 10
763 746 38 10
763 763 40 10
763 747 43 10
763 763 44 10
763 747 45 10
763 728 46 10
763 720 47 10
763 719 48 10
763 720 49 10
763 723 50 10
55 30 2 11
55 31 2 11
55 10 3 11
55 5 4 11
55 9 4 11
55 10 5 11
55 10 6 11
55 14 7 11
55 15 7 11
55 10 8 11
55 7 9 11
55 15 9 11
55 58 9 11
55 8 11 11
55 29 11 11
55 38 11 11
55 10 12 11
55 54 16 11
55 9 19 11
55 30 19 11
55 54 19 11
55 11 20 11
55 15 20 11
55 12 21 11
55 31 21 11
55 49 23 11
55 8 24 11
55 14 25 11
55 15 25 11
55 8 26 11
55 10 27 11
55 6 28 11
55 7 28 11
55 10 29 11
55 26 31 11
55 75 31 11
55 10 32 11
55 30 32 11
55 31 32 11
55 92 32 11
55 10 35 11
55 58 46 11
55 71 46 11
55 6 47 11
55 7 47 11
55 6 48 11
55 7 48 11
55 8 49 11
487 502 1 11
487 438 19 11
487 438 21 11
487 451 22 11
487 445 24 11
487 501 34 11
487 511 40 11
487 504 50 11
667 677 1 11
667 691 2 11
667 689 4 11
667 688 5 11
667 685 6 11
667 626 11 11
667 657 14 11
667 654 16 11
667 661 17 11
667 653 18 11
667 661 23 11
667 700 24 11
667 634 25 11
667 712 28 11
667 630 31 11
667 712 38 11
667 648 41 11
502 538 2 12
502 501 33 12
502 511 39 12
502 504 49 12
502 515 50 12
677 691 1 12
677 689 3 12
677 688 4 12
677 685 5 12
677 719 6 12
677 720 7 12
677 657 13 12
677 654 15 12
677 661 16 12
677 653 17 12
677 661 22 12
677 700 23 12
677 634 24 12
677 712 27 12
677 630 30 12
677 712 37 12
677 648 40 12
677 720 45 12
677 719 46 12
677 720 47 12
677 723 48 12
30 10 1 13
30 0 2 13
30 1 2 13
30 5 2 13
30 9 2 13
30 0 3 13
30 1 3 13
30 4 3 13
30 10 3 13
30 0 4 13
30 1 4 13
30 4 4 13
30 10 4 13
30 1 5 13
30 14 5 13
30 15 5 13
30 0 6 13
30 1 6 13
30 10 6 13
30 1 7 13
30 3 7 13
30 7 7 13
30 15 7 13
30 58 7 13
30 2 9 13
30 8 9 13
30 29 9 13
30 38 9 13
30 10 10 13
30 54 14 13
30 1 17 13
30 9 17 13
30 30 17 13
30 54 17 13
30 0 18 13
30 1 18 13
30 11 18 13
30 15 18 13
30 12 19 13
30 31 19 13
30 1 21 13
30 49 21 13
30 0 22 13
30 2 22 13
30 4 22 13
30 8 22 13
30 0 23 13
30 1 23 13
30 3 23 13
30 14 23 13
30 15 23 13
30 0 24 13
30 3 24 13
30 8 24 13
30 3 25 13
30 10 25 13
30 6 26 13
30 7 26 13
30 10 27 13
30 26 29 13
30 75 29 13
30 10 30 13
30 30 30 13
30 31 30 13
30 10 33 13
30 58 44 13
30 71 44 13
30 6 45 13
30 7 45 13
30 6 46 13
30 7 46 13
30 8 47 13
30 55 49 13
30 6 50 13
30 7 50 13
30 58 50 13
31 10 1 13
31 0 2 13
31 1 2 13
31 5 2 13
31 9 2 13
31 0 3 13
31 1 3 13
31 4 3 13
31 10 3 13
31 0 4 13
31 1 4 13
31 4 4 13
31 10 4 13
31 1 5 13
31 14 5 13
31 15 5 13
31 0 6 13
31 1 6 13
31 10 6 13
31 1 7 13
31 3 7 13
31 7 7 13
31 15 7 13
31 58 7 13
31 2 9 13
31 8 9 13
31 29 9 13
31 38 9 13
31 10 10 13
31 54 14 13
31 1 17 13
31 9 17 13
31 30 17 13
31 54 17 13
31 0 18 13
31 1 18 13
31 11 18 13
31 15 18 13
31 12 19 13
31 31 19 13
31 1 21 13
31 49 21 13
31 0 22 13
31 2 22 13
31 4 22 13
31 8 22 13
31 0 23 13
31 1 23 13
31 3 23 13
31 14 23 13
31 15 23 13
31 0 24 13
31 3 24 13
31 8 24 13
31 3 25 13
31 10 25 13
31 6 26 13
31 7 26 13
31 10 27 13
31 26 29 13
31 75 29 13
31 10 30 13
31 30 30 13
31 31 30 13
31 10 33 13
31 58 44 13
31 71 44 13
31 6 45 13
31 7 45 13
31 6 46 13
31 7 46 13
31 8 47 13
31 55 49 13
31 6 50 13
31 7 50 13
31 58 50 13
389 374 1 13
389 434 4 13
389 431 5 13
389 374 6 13
389 374 9 13
389 416 10 13
389 380 13 13
389 371 14 13
389 354 15 13
389 374 16 13
389 438 17 13
389 434 18 13
389 438 19 13
389 371 21 13
389 428 23 13
389 427 24 13
389 427 25 13
389 428 26 13
389 426 27 13
389 419 28 13
389 408 29 13
389 418 30 13
389 419 31 13
389 410 33 13
389 409 34 13
389 431 44 13
389 430 45 13
389 430 49 13
389 430 50 13
691 689 2 13
691 688 3 13
691 685 4 13
691 719 5 13
691 720 6 13
691 735 7 13
691 734 10 13
691 657 12 13
691 734 13 13
691 654 14 13
691 661 15 13
691 653 16 13
691 734 17 13
691 734 19 13
691 661 21 13
691 700 22 13
691 712 26 13
691 712 36 13
691 648 39 13
691 728 43 13
691 720 44 13
691 719 45 13
691 720 46 13
691 723 47 13
10 0 1 14
10 1 1 14
10 5 1 14
10 9 1 14
10 0 2 14
10 1 2 14
10 4 2 14
10 10 2 14
10 0 3 14
10 1 3 14
10 4 3 14
10 10 3 14
10 1 4 14
10 14 4 14
10 15 4 14
10 0 5 14
10 1 5 14
10 10 5 14
10 1 6 14
10 3 6 14
10 7 6 14
10 15 6 14
10 58 6 14
10 2 8 14
10 8 8 14
10 29 8 14
10 38 8 14
10 10 9 14
10 54 13 14
10 1 16 14
10 9 16 14
10 30 16 14
10 54 16 14
10 0 17 14
10 1 17 14
10 11 17 14
10 15 17 14
10 12 18 14
10 31 18 14
10 1 20 14
10 49 20 14
10 0 21 14
10 2 21 14
10 4 21 14
10 8 21 14
10 0 22 14
10 1 22 14
10 3 22 14
10 14 22 14
10 15 22 14
10 0 23 14
10 3 23 14
10 8 23 14
10 3 24 14
10 10 24 14
10 6 25 14
10 7 25 14
10 10 26 14
10 26 28 14
10 10 29 14
10 30 29 14
10 31 29 14
10 10 32 14
10 58 43 14
10 6 44 14
10 7 44 14
10 6 45 14
10 7 45 14
10 8 46 14
10 55 48 14
10 6 49 14
10 7 49 14
10 58 49 14
10 6 50 14
10 7 50 14
10 30 50 14
374 374 5 14
374 374 8 14
374 416 9 14
374 380 12 14
374 371 13 14
374 354 14 14
374 374 15 14
374 371 20 14
374 419 27 14
374 408 28 14
374 418 29 14
374 419 30 14
374 410 32 14
374 409 33 14
374 331 45 14
538 501 31 14
538 572 33 14
538 511 37 14
538 504 47 14
538 582 47 14
538 515 48 14
0 0 1 15
0 1 1 15
0 4 1 15
0 10 1 15
0 0 2 15
0 1 2 15
0 4 2 15
0 10 2 15
0 1 3 15
0 14 3 15
0 15 3 15
0 0 4 15
0 1 4 15
0 10 4 15
0 1 5 15
0 3 5 15
0 7 5 15
0 15 5 15
0 2 7 15
0 8 7 15
0 29 7 15
0 38 7 15
0 10 8 15
0 1 15 15
0 9 15 15
0 30 15 15
0 0 16 15
0 1 16 15
0 11 16 15
0 15 16 15
0 12 17 15
0 31 17 15
0 1 19 15
0 49 19 15
0 0 20 15
0 2 20 15
0 4 20 15
0 8 20 15
0 0 21 15
0 1 21 15
0 3 21 15
0 14 21 15
0 15 21 15
0 0 22 15
0 3 22 15
0 8 22 15
0 3 23 15
0 10 23 15
0 6 24 15
0 7 24 15
0 10 25 15
0 26 27 15
0 10 28 15
0 30 28 15
0 31 28 15
0 10 31 15
0 6 43 15
0 7 43 15
0 6 44 15
0 7 44 15
0 8 45 15
0 6 48 15
0 7 48 15
0 6 49 15
0 7 49 15
0 30 49 15
1 0 1 15
1 1 1 15
1 4 1 15
1 10 1 15
1 0 2 15
1 1 2 15
1 4 2 15
1 10 2 15
1 1 3 15
1 14 3 15
1 15 3 15
1 0 4 15
1 1 4 15
1 10 4 15
1 1 5 15
1 3 5 15
1 7 5 15
1 15 5 15
1 2 7 15
1 8 7 15
1 29 7 15
1 38 7 15
1 10 8 15
1 1 15 15
1 9 15 15
1 30 15 15
1 0 16 15
1 1 16 15
1 11 16 15
1 15 16 15
1 12 17 15
1 31 17 15
1 1 19 15
1 49 19 15
1 0 20 15
1 2 20 15
1 4 20 15
1 8 20 15
1 0 21 15
1 1 21 15
1 3 21 15
1 14 21 15
1 15 21 15
1 0 22 15
1 3 22 15
1 8 22 15
1 3 23 15
1 10 23 15
1 6 24 15
1 7 24 15
1 10 25 15
1 26 27 15
1 10 28 15
1 30 28 15
1 31 28 15
1 10 31 15
1 6 43 15
1 7 43 15
1 6 44 15
1 7 44 15
1 8 45 15
1 6 48 15
1 7 48 15
1 6 49 15
1 7 49 15
1 30 49 15
5 0 1 15
5 1 1 15
5 4 1 15
5 10 1 15
5 0 2 15
5 1 2 15
5 4 2 15
5 10 2 15
5 1 3 15
5 14 3 15
5 15 3 15
5 0 4 15
5 1 4 15
5 10 4 15
5 1 5 15
5 3 5 15
5 7 5 15
5 15 5 15
5 2 7 15
5 8 7 15
5 29 7 15
5 38 7 15
5 10 8 15
5 54 12 15
5 1 15 15
5 9 15 15
5 30 15 15
5 54 15 15
5 0 16 15
5 1 16 15
5 11 16 15
5 15 16 15
5 12 17 15
5 31 17 15
5 1 19 15
5 49 19 15
5 0 20 15
5 2 20 15
5 4 20 15
5 8 20 15
5 0 21 15
5 1 21 15
5 3 21 15
5 14 21 15
5 15 21 15
5 0 22 15
5 3 22 15
5 8 22 15
5 3 23 15
5 10 23 15
5 6 24 15
5 7 24 15
5 10 25 15
5 26 27 15
5 10 28 15
5 30 28 15
5 31 28 15
5 10 31 15
5 6 43 15
5 7 43 15
5 6 44 15
5 7 44 15
5 8 45 15
5 6 48 15
5 7 48 15
5 6 49 15
5 7 49 15
5 30 49 15
9 0 1 15
9 1 1 15
9 4 1 15
9 10 1 15
9 0 2 15
9 1 2 15
9 4 2 15
9 10 2 15
9 1 3 15
9 14 3 15
9 15 3 15
9 0 4 15
9 1 4 15
9 10 4 15
9 1 5 15
9 3 5 15
9 7 5 15
9 15 5 15
9 58 5 15
9 2 7 15
9 8 7 15
9 29 7 15
9 38 7 15
9 10 8 15
9 54 12 15
9 1 15 15
9 9 15 15
9 30 15 15
9 54 15 15
9 0 16 15
9 1 16 15
9 11 16 15
9 15 16 15
9 12 17 15
9 31 17 15
9 1 19 15
9 49 19 15
9 0 20 15
9 2 20 15
9 4 20 15
9 8 20 15
9 0 21 15
9 1 21 15
9 3 21 15
9 14 21 15
9 15 21 15
9 0 22 15
9 3 22 15
9 8 22 15
9 3 23 15
9 10 23 15
9 6 24 15
9 7 24 15
9 10 25 15
9 26 27 15
9 10 28 15
9 30 28 15
9 31 28 15
9 10 31 15
9 58 42 15
9 6 43 15
9 7 43 15
9 6 44 15
9 7 44 15
9 8 45 15
9 55 47 15
9 6 48 15
9 7 48 15
9 58 48 15
9 6 49 15
9 7 49 15
9 30 49 15
689 688 1 15
689 685 2 15
689 719 3 15
689 720 4 15
689 735 5 15
689 734 8 15
689 657 10 15
689 734 11 15
689 654 12 15
689 661 13 15
689 653 14 15
689 734 15 15
689 734 17 15
689 661 19 15
689 700 20 15
689 712 24 15
689 712 34 15
689 648 37 15
689 728 41 15
689 720 42 15
689 719 43 15
689 720 44 15
689 723 45 15
0 0 1 16
0 1 1 16
0 4 1 16
0 10 1 16
0 1 2 16
0 14 2 16
0 15 2 16
0 0 3 16
0 1 3 16
0 10 3 16
0 1 4 16
0 3 4 16
0 7 4 16
0 15 4 16
0 2 6 16
0 8 6 16
0 29 6 16
0 38 6 16
0 10 7 16
0 1 14 16
0 9 14 16
0 30 14 16
0 0 15 16
0 1 15 16
0 11 15 16
0 15 15 16
0 12 16 16
0 31 16 16
0 1 18 16
0 49 18 16
0 0 19 16
0 2 19 16
0 4 19 16
0 8 19 16
0 0 20 16
0 1 20 16
0 3 20 16
0 14 20 16
0 15 20 16
0 0 21 16
0 3 21 16
0 8 21 16
0 3 22 16
0 10 22 16
0 6 23 16
0 7 23 16
0 10 24 16
0 26 26 16
0 10 27 16
0 30 27 16
0 31 27 16
0 10 30 16
0 6 42 16
0 7 42 16
0 6 43 16
0 7 43 16
0 8 44 16
0 6 47 16
0 7 47 16
0 6 48 16
0 7 48 16
0 30 48 16
1 0 1 16
1 1 1 16
1 4 1 16
1 10 1 16
1 1 2 16
1 14 2 16
1 15 2 16
1 0 3 16
1 1 3 16
1 10 3 16
1 1 4 16
1 3 4 16
1 7 4 16
1 15 4 16
1 2 6 16
1 8 6 16
1 29 6 16
1 38 6 16
1 10 7 16
1 1 14 16
1 9 14 16
1 30 14 16
1 0 15 16
1 1 15 16
1 11 15 16
1 15 15 16
1 12 16 16
1 31 16 16
1 1 18 16
1 49 18 16
1 0 19 16
1 2 19 16
1 4 19 16
1 8 19 16
1 0 20 16
1 1 20 16
1 3 20 16
1 14 20 16
1 15 20 16
1 0 21 16
1 3 21 16
1 8 21 16
1 3 22 16
1 10 22 16
1 6 23 16
1 7 23 16
1 10 24 16
1 26 26 16
1 10 27 16
1 30 27 16
1 31 27 16
1 10 30 16
1 6 42 16
1 7 42 16
1 6 43 16
1 7 43 16
1 8 44 16
1 6 47 16
1 7 47 16
1 6 48 16
1 7 48 16
1 30 48 16
4 0 1 16
4 1 1 16
4 4 1 16
4 10 1 16
4 1 2 16
4 14 2 16
4 15 2 16
4 0 3 16
4 1 3 16
4 10 3 16
4 1 4 16
4 3 4 16
4 7 4 16
4 15 4 16
4 2 6 16
4 8 6 16
4 29 6 16
4 38 6 16
4 10 7 16
4 1 14 16
4 9 14 16
4 30 14 16
4 0 15 16
4 1 15 16
4 11 15 16
4 15 15 16
4 12 16 16
4 31 16 16
4 1 18 16
4 49 18 16
4 0 19 16
4 2 19 16
4 4 19 16
4 8 19 16
4 0 20 16
4 1 20 16
4 3 20 16
4 14 20 16
4 15 20 16
4 0 21 16
4 3 21 16
4 8 21 16
4 3 22 16
4 10 22 16
4 6 23 16
4 7 23 16
4 10 24 16
4 26 26 16
4 10 27 16
4 30 27 16
4 31 27 16
4 10 30 16
4 6 42 16
4 7 42 16
4 6 43 16
4 7 43 16
4 8 44 16
4 6 47 16
4 7 47 16
4 6 48 16
4 7 48 16
4 30 48 16
10 0 1 16
10 1 1 16
10 4 1 16
10 10 1 16
10 1 2 16
10 14 2 16
10 15 2 16
10 0 3 16
10 1 3 16
10 10 3 16
10 1 4 16
10 3 4 16
10 7 4 16
10 15 4 16
10 58 4 16
10 2 6 16
10 8 6 16
10 29 6 16
10 38 6 16
10 10 7 16
10 54 11 16
10 1 14 16
10 9 14 16
10 30 14 16
10 54 14 16
10 0 15 16
10 1 15 16
10 11 15 16
10 15 15 16
10 12 16 16
10 31 16 16
10 1 18 16
10 49 18 16
10 0 19 16
10 2 19 16
10 4 19 16
10 8 19 16
10 0 20 16
10 1 20 16
10 3 20 16
10 14 20 16
10 15 20 16
10 0 21 16
10 3 21 16
10 8 21 16
10 3 22 16
10 10 22 16
10 6 23 16
10 7 23 16
10 10 24 16
10 26 26 16
10 10 27 16
10 30 27 16
10 31 27 16
10 10 30 16
10 58 41 16
10 6 42 16
10 7 42 16
10 6 43 16
10 7 43 16
10 8 44 16
10 55 46 16
10 6 47 16
10 7 47 16
10 58 47 16
10 6 48 16
10 7 48 16
10 30 48 16
10 55 50 16
688 685 1 16
688 719 2 16
688 720 3 16
688 735 4 16
688 734 7 16
688 657 9 16
688 734 10 16
688 654 11 16
688 661 12 16
688 653 13 16
688 734 14 16
688 734 16 16
688 661 18 16
688 700 19 16
688 712 23 16
688 712 33 16
688 648 36 16
688 728 40 16
688 720 41 16
688 719 42 16
688 720 43 16
688 723 44 16
688 644 50 16
0 1 1 17
0 14 1 17
0 15 1 17
0 0 2 17
0 1 2 17
0 10 2 17
0 1 3 17
0 3 3 17
0 7 3 17
0 15 3 17
0 2 5 17
0 8 5 17
0 29 5 17
0 38 5 17
0 10 6 17
0 1 13 17
0 9 13 17
0 30 13 17
0 0 14 17
0 1 14 17
0 11 14 17
0 15 14 17
0 12 15 17
0 31 15 17
0 1 17 17
0 49 17 17
0 0 18 17
0 2 18 17
0 4 18 17
0 8 18 17
0 0 19 17
0 1 19 17
0 3 19 17
0 14 19 17
0 15 19 17
0 0 20 17
0 3 20 17
0 8 20 17
0 3 21 17
0 10 21 17
0 6 22 17
0 7 22 17
0 10 23 17
0 26 25 17
0 10 26 17
0 30 26 17
0 31 26 17
0 10 29 17
0 6 41 17
0 7 41 17
0 6 42 17
0 7 42 17
0 8 43 17
0 6 46 17
0 7 46 17
0 6 47 17
0 7 47 17
0 30 47 17
1 1 1 17
1 14 1 17
1 15 1 17
1 0 2 17
1 1 2 17
1 10 2 17
1 1 3 17
1 3 3 17
1 7 3 17
1 15 3 17
1 2 5 17
1 8 5 17
1 29 5 17
1 38 5 17
1 10 6 17
1 1 13 17
1 9 13 17
1 30 13 17
1 0 14 17
1 1 14 17
1 11 14 17
1 15 14 17
1 12 15 17
1 31 15 17
1 1 17 17
1 49 17 17
1 0 18 17
1 2 18 17
1 4 18 17
1 8 18 17
1 0 19 17
1 1 19 17
1 3 19 17
1 14 19 17
1 15 19 17
1 0 20 17
1 3 20 17
1 8 20 17
1 3 21 17
1 10 21 17
1 6 22 17
1 7 22 17
1 10 23 17
1 26 25 17
1 10 26 17
1 30 26 17
1 31 26 17
1 10 29 17
1 6 41 17
1 7 41 17
1 6 42 17
1 7 42 17
1 8 43 17
1 6 46 17
1 7 46 17
1 6 47 17
1 7 47 17
1 30 47 17
4 1 1 17
4 14 1 17
4 15 1 17
4 0 2 17
4 1 2 17
4 10 2 17
4 1 3 17
4 3 3 17
4 7 3 17
4 15 3 17
4 2 5 17
4 8 5 17
4 29 5 17
4 38 5 17
4 10 6 17
4 1 13 17
4 9 13 17
4 30 13 17
4 0 14 17
4 1 14 17
4 11 14 17
4 15 14 17
4 12 15 17
4 31 15 17
4 1 17 17
4 49 17 17
4 0 18 17
4 2 18 17
4 4 18 17
4 8 18 17
4 0 19 17
4 1 19 17
4 3 19 17
4 14 19 17
4 15 19 17
4 0 20 17
4 3 20 17
4 8 20 17
4 3 21 17
4 10 21 17
4 6 22 17
4 7 22 17
4 10 23 17
4 26 25 17
4 10 26 17
4 30 26 17
4 31 26 17
4 10 29 17
4 6 41 17
4 7 41 17
4 6 42 17
4 7 42 17
4 8 43 17
4 6 46 17
4 7 46 17
4 6 47 17
4 7 47 17
4 30 47 17
10 1 1 17
10 14 1 17
10 15 1 17
10 0 2 17
10 1 2 17
10 10 2 17
10 1 3 17
10 3 3 17
10 7 3 17
10 15 3 17
10 58 3 17
10 2 5 17
10 8 5 17
10 29 5 17
10 38 5 17
10 10 6 17
10 54 10 17
10 1 13 17
10 9 13 17
10 30 13 17
10 54 13 17
10 0 14 17
10 1 14 17
10 11 14 17
10 15 14 17
10 12 15 17
10 31 15 17
10 1 17 17
10 49 17 17
10 0 18 17
10 2 18 17
10 4 18 17
10 8 18 17
10 0 19 17
10 1 19 17
10 3 19 17
10 14 19 17
10 15 19 17
10 0 20 17
10 3 20 17
10 8 20 17
10 3 21 17
10 10 21 17
10 6 22 17
10 7 22 17
10 10 23 17
10 26 25 17
10 10 26 17
10 30 26 17
10 31 26 17
10 10 29 17
10 58 40 17
10 6 41 17
10 7 41 17
10 6 42 17
10 7 42 17
10 8 43 17
10 55 45 17
10 6 46 17
10 7 46 17
10 58 46 17
10 6 47 17
10 7 47 17
10 30 47 17
10 55 49 17
10 55 50 17
434 431 1 17
434 416 6 17
434 438 13 17
434 434 14 17
434 438 15 17
434 451 16 17
434 445 18 17
434 428 19 17
434 427 20 17
434 427 21 17
434 428 22 17
434 426 23 17
434 419 24 17
434 408 25 17
434 418 26 17
434 419 27 17
434 410 29 17
434 409 30 17
434 431 40 17
434 430 41 17
434 430 45 17
434 430 46 17
434 429 47 17
434 429 48 17
685 719 1 17
685 720 2 17
685 734 6 17
685 657 8 17
685 734 9 17
685 654 10 17
685 661 11 17
685 653 12 17
685 734 13 17
685 734 15 17
685 661 17 17
685 700 18 17
685 712 22 17
685 712 32 17
685 648 35 17
685 728 39 17
685 720 40 17
685 719 41 17
685 720 42 17
685 723 43 17
685 644 49 17
685 639 50 17
1 0 1 18
1 1 1 18
1 10 1 18
1 1 2 18
1 3 2 18
1 7 2 18
1 15 2 18
1 2 4 18
1 8 4 18
1 29 4 18
1 38 4 18
1 10 5 18
1 1 12 18
1 9 12 18
1 30 12 18
1 0 13 18
1 1 13 18
1 11 13 18
1 15 13 18
1 12 14 18
1 31 14 18
1 1 16 18
1 49 16 18
1 0 17 18
1 2 17 18
1 4 17 18
1 8 17 18
1 0 18 18
1 1 18 18
1 3 18 18
1 14 18 18
1 15 18 18
1 0 19 18
1 3 19 18
1 8 19 18
1 3 20 18
1 10 20 18
1 6 21 18
1 7 21 18
1 10 22 18
1 26 24 18
1 10 25 18
1 30 25 18
1 31 25 18
1 10 28 18
1 6 40 18
1 7 40 18
1 6 41 18
1 7 41 18
1 8 42 18
1 6 45 18
1 7 45 18
1 6 46 18
1 7 46 18
1 30 46 18
1 14 50 18
1 15 50 18
14 0 1 18
14 1 1 18
14 10 1 18
14 1 2 18
14 3 2 18
14 7 2 18
14 15 2 18
14 58 2 18
14 2 4 18
14 8 4 18
14 29 4 18
14 38 4 18
14 10 5 18
14 54 9 18
14 1 12 18
14 9 12 18
14 30 12 18
14 54 12 18
14 0 13 18
14 1 13 18
14 11 13 18
14 15 13 18
14 12 14 18
14 31 14 18
14 1 16 18
14 49 16 18
14 0 17 18
14 2 17 18
14 4 17 18
14 8 17 18
14 0 18 18
14 1 18 18
14 3 18 18
14 14 18 18
14 15 18 18
14 0 19 18
14 3 19 18
14 8 19 18
14 3 20 18
14 10 20 18
14 6 21 18
14 7 21 18
14 10 22 18
14 26 24 18
14 10 25 18
14 30 25 18
14 31 25 18
14 10 28 18
14 58 39 18
14 6 40 18
14 7 40 18
14 6 41 18
14 7 41 18
14 8 42 18
14 55 44 18
14 6 45 18
14 7 45 18
14 58 45 18
14 6 46 18
14 7 46 18
14 30 46 18
14 55 48 18
14 55 49 18
14 14 50 18
14 15 50 18
15 0 1 18
15 1 1 18
15 10 1 18
15 1 2 18
15 3 2 18
15 7 2 18
15 15 2 18
15 58 2 18
15 2 4 18
15 8 4 18
15 29 4 18
15 38 4 18
15 10 5 18
15 54 9 18
15 1 12 18
15 9 12 18
15 30 12 18
15 54 12 18
15 0 13 18
15 1 13 18
15 11 13 18
15 15 13 18
15 12 14 18
15 31 14 18
15 1 16 18
15 49 16 18
15 0 17 18
15 2 17 18
15 4 17 18
15 8 17 18
15 0 18 18
15 1 18 18
15 3 18 18
15 14 18 18
15 15 18 18
15 0 19 18
15 3 19 18
15 8 19 18
15 3 20 18
15 10 20 18
15 6 21 18
15 7 21 18
15 10 22 18
15 26 24 18
15 10 25 18
15 30 25 18
15 31 25 18
15 10 28 18
15 58 39 18
15 6 40 18
15 7 40 18
15 6 41 18
15 7 41 18
15 8 42 18
15 55 44 18
15 6 45 18
15 7 45 18
15 58 45 18
15 6 46 18
15 7 46 18
15 30 46 18
15 55 48 18
15 55 49 18
15 14 50 18
15 15 50 18
431 416 5 18
431 438 12 18
431 434 13 18
431 438 14 18
431 451 15 18
431 445 17 18
431 428 18 18
431 427 19 18
431 427 20 18
431 428 21 18
431 426 22 18
431 419 23 18
431 408 24 18
431 418 25 18
431 419 26 18
431 410 28 18
431 409 29 18
431 431 39 18
431 430 40 18
431 430 44 18
431 430 45 18
431 429 46 18
431 429 47 18
431 430 50 18
719 720 1 18
719 735 2 18
719 747 3 18
719 734 5 18
719 764 6 18
719 734 8 18
719 734 12 18
719 753 13 18
719 734 14 18
719 753 15 18
719 700 17 18
719 748 19 18
719 747 20 18
719 712 21 18
719 747 22 18
719 746 23 18
719 746 25 18
719 747 26 18
719 747 27 18
719 747 28 18
719 746 30 18
719 712 31 18
719 763 32 18
719 747 35 18
719 763 36 18
719 747 37 18
719 728 38 18
719 720 39 18
719 719 40 18
719 720 41 18
719 723 42 18
719 747 45 18
719 767 47 18
0 1 1 19
0 3 1 19
0 7 1 19
0 15 1 19
0 2 3 19
0 8 3 19
0 29 3 19
0 38 3 19
0 10 4 19
0 1 11 19
0 9 11 19
0 30 11 19
0 0 12 19
0 1 12 19
0 11 12 19
0 15 12 19
0 12 13 19
0 31 13 19
0 1 15 19
0 49 15 19
0 0 16 19
0 2 16 19
0 4 16 19
0 8 16 19
0 0 17 19
0 1 17 19
0 3 17 19
0 14 17 19
0 15 17 19
0 0 18 19
0 3 18 19
0 8 18 19
0 3 19 19
0 10 19 19
0 6 20 19
0 7 20 19
0 10 21 19
0 26 23 19
0 10 24 19
0 30 24 19
0 31 24 19
0 10 27 19
0 6 39 19
0 7 39 19
0 6 40 19
0 7 40 19
0 8 41 19
0 6 44 19
0 7 44 19
0 6 45 19
0 7 45 19
0 30 45 19
0 14 49 19
0 15 49 19
1 1 1 19
1 3 1 19
1 7 1 19
1 15 1 19
1 2 3 19
1 8 3 19
1 29 3 19
1 38 3 19
1 10 4 19
1 1 11 19
1 9 11 19
1 30 11 19
1 0 12 19
1 1 12 19
1 11 12 19
1 15 12 19
1 12 13 19
1 31 13 19
1 1 15 19
1 49 15 19
1 0 16 19
1 2 16 19
1 4 16 19
1 8 16 19
1 0 17 19
1 1 17 19
1 3 17 19
1 14 17 19
1 15 17 19
1 0 18 19
1 3 18 19
1 8 18 19
1 3 19 19
1 10 19 19
1 6 20 19
1 7 20 19
1 10 21 19
1 26 23 19
1 10 24 19
1 30 24 19
1 31 24 19
1 10 27 19
1 6 39 19
1 7 39 19
1 6 40 19
1 7 40 19
1 8 41 19
1 6 44 19
1 7 44 19
1 6 45 19
1 7 45 19
1 30 45 19
1 14 49 19
1 15 49 19
10 1 1 19
10 3 1 19
10 7 1 19
10 15 1 19
10 58 1 19
10 2 3 19
10 8 3 19
10 29 3 19
10 38 3 19
10 10 4 19
10 54 8 19
10 1 11 19
10 9 11 19
10 30 11 19
10 54 11 19
10 0 12 19
10 1 12 19
10 11 12 19
10 15 12 19
10 12 13 19
10 31 13 19
10 1 15 19
10 49 15 19
10 0 16 19
10 2 16 19
10 4 16 19
10 8 16 19
10 0 17 19
10 1 17 19
10 3 17 19
10 14 17 19
10 15 17 19
10 0 18 19
10 3 18 19
10 8 18 19
10 3 19 19
10 10 19 19
10 6 20 19
10 7 20 19
10 10 21 19
10 26 23 19
10 10 24 19
10 30 24 19
10 31 24 19
10 10 27 19
10 58 38 19
10 6 39 19
10 7 39 19
10 6 40 19
10 7 40 19
10 8 41 19
10 55 43 19
10 6 44 19
10 7 44 19
10 58 44 19
10 6 45 19
10 7 45 19
10 30 45 19
10 55 47 19
10 55 48 19
10 14 49 19
10 15 49 19
374 374 3 19
374 416 4 19
374 380 7 19
374 371 8 19
374 354 9 19
374 374 10 19
374 371 15 19
374 419 22 19
374 408 23 19
374 418 24 19
374 419 25 19
374 410 27 19
374 409 28 19
374 331 40 19
374 377 47 19
720 735 1 19
720 747 2 19
720 734 4 19
720 764 5 19
720 734 7 19
720 734 11 19
720 753 12 19
720 734 13 19
720 753 14 19
720 700 16 19
720 748 18 19
720 747 19 19
720 712 20 19
720 747 21 19
720 746 22 19
720 746 24 19
720 747 25 19
720 747 26 19
720 747 27 19
720 746 29 19
720 712 30 19
720 763 31 19
720 747 34 19
720 763 35 19
720 747 36 19
720 728 37 19
720 720 38 19
720 719 39 19
720 720 40 19
720 723 41 19
720 747 44 19
720 767 46 19
1 2 2 20
1 8 2 20
1 29 2 20
1 38 2 20
1 10 3 20
1 1 10 20
1 9 10 20
1 30 10 20
1 0 11 20
1 1 11 20
1 11 11 20
1 15 11 20
1 12 12 20
1 31 12 20
1 1 14 20
1 49 14 20
1 0 15 20
1 2 15 20
1 4 15 20
1 8 15 20
1 0 16 20
1 1 16 20
1 3 16 20
1 14 16 20
1 15 16 20
1 0 17 20
1 3 17 20
1 8 17 20
1 3 18 20
1 10 18 20
1 6 19 20
1 7 19 20
1 10 20 20
1 26 22 20
1 10 23 20
1 30 23 20
1 31 23 20
1 10 26 20
1 6 38 20
1 7 38 20
1 6 39 20
1 7 39 20
1 8 40 20
1 6 43 20
1 7 43 20
1 6 44 20
1 7 44 20
1 30 44 20
1 14 48 20
1 15 48 20
3 2 2 20
3 8 2 20
3 29 2 20
3 38 2 20
3 10 3 20
3 1 10 20
3 9 10 20
3 30 10 20
3 0 11 20
3 1 11 20
3 11 11 20
3 15 11 20
3 12 12 20
3 31 12 20
3 1 14 20
3 49 14 20
3 0 15 20
3 2 15 20
3 4 15 20
3 8 15 20
3 0 16 20
3 1 16 20
3 3 16 20
3 14 16 20
3 15 16 20
3 0 17 20
3 3 17 20
3 8 17 20
3 3 18 20
3 10 18 20
3 6 19 20
3 7 19 20
3 10 20 20
3 26 22 20
3 10 23 20
3 30 23 20
3 31 23 20
3 10 26 20
3 6 38 20
3 7 38 20
3 6 39 20
3 7 39 20
3 8 40 20
3 6 43 20
3 7 43 20
3 6 44 20
3 7 44 20
3 30 44 20
3 14 48 20
3 15 48 20
7 2 2 20
7 8 2 20
7 29 2 20
7 38 2 20
7 10 3 20
7 54 7 20
7 1 10 20
7 9 10 20
7 30 10 20
7 54 10 20
7 0 11 20
7 1 11 20
7 11 11 20
7 15 11 20
7 12 12 20
7 31 12 20
7 1 14 20
7 49 14 20
7 0 15 20
7 2 15 20
7 4 15 20
7 8 15 20
7 0 16 20
7 1 16 20
7 3 16 20
7 14 16 20
7 15 16 20
7 0 17 20
7 3 17 20
7 8 17 20
7 3 18 20
7 10 18 20
7 6 19 20
7 7 19 20
7 10 20 20
7 26 22 20
7 10 23 20
7 30 23 20
7 31 23 20
7 10 26 20
7 6 38 20
7 7 38 20
7 6 39 20
7 7 39 20
7 8 40 20
7 55 42 20
7 6 43 20
7 7 43 20
7 6 44 20
7 7 44 20
7 30 44 20
7 55 46 20
7 55 47 20
7 14 48 20
7 15 48 20
15 2 2 20
15 8 2 20
15 29 2 20
15 38 2 20
15 10 3 20
15 54 7 20
15 1 10 20
15 9 10 20
15 30 10 20
15 54 10 20
15 0 11 20
15 1 11 20
15 11 11 20
15 15 11 20
15 12 12 20
15 31 12 20
15 1 14 20
15 49 14 20
15 0 15 20
15 2 15 20
15 4 15 20
15 8 15 20
15 0 16 20
15 1 16 20
15 3 16 20
15 14 16 20
15 15 16 20
15 0 17 20
15 3 17 20
15 8 17 20
15 3 18 20
15 10 18 20
15 6 19 20
15 7 19 20
15 10 20 20
15 26 22 20
15 10 23 20
15 30 23 20
15 31 23 20
15 10 26 20
15 58 37 20
15 6 38 20
15 7 38 20
15 6 39 20
15 7 39 20
15 8 40 20
15 55 42 20
15 6 43 20
15 7 43 20
15 58 43 20
15 6 44 20
15 7 44 20
15 30 44 20
15 55 46 20
15 55 47 20
15 14 48 20
15 15 48 20
58 8 2 20
58 29 2 20
58 38 2 20
58 10 3 20
58 54 7 20
58 9 10 20
58 30 10 20
58 54 10 20
58 11 11 20
58 15 11 20
58 12 12 20
58 31 12 20
58 49 14 20
58 8 15 20
58 14 16 20
58 15 16 20
58 8 17 20
58 10 18 20
58 10 20 20
58 26 22 20
58 75 22 20
58 10 23 20
58 30 23 20
58 31 23 20
58 92 23 20
58 10 26 20
58 105 32 20
58 58 37 20
58 71 37 20
58 8 40 20
58 55 42 20
58 58 43 20
58 30 44 20
58 55 46 20
58 55 47 20
58 14 48 20
58 15 48 20
322 371 7 20
322 354 8 20
322 371 14 20
322 272 32 20
322 331 39 20
322 322 47 20
735 747 1 20
735 734 3 20
735 764 4 20
735 734 6 20
735 734 10 20
735 753 11 20
735 734 12 20
735 753 13 20
735 700 15 20
735 748 17 20
735 747 18 20
735 712 19 20
735 747 20 20
735 746 21 20
735 746 23 20
735 747 24 20
735 747 25 20
735 747 26 20
735 746 28 20
735 712 29 20
735 763 30 20
735 747 33 20
735 763 34 20
735 747 35 20
735 728 36 20
735 720 37 20
735 719 38 20
735 720 39 20
735 723 40 20
735 747 43 20
735 767 45 20
747 734 2 21
747 764 3 21
747 734 5 21
747 734 9 21
747 753 10 21
747 734 11 21
747 753 12 21
747 700 14 21
747 748 16 21
747 747 17 21
747 712 18 21
747 747 19 21
747 746 20 21
747 746 22 21
747 747 23 21
747 747 24 21
747 747 25 21
747 746 27 21
747 712 28 21
747 763 29 21
747 747 32 21
747 763 33 21
747 747 34 21
747 728 35 21
747 720 36 21
747 719 37 21
747 720 38 21
747 723 39 21
747 747 42 21
747 767 44 21
2 10 1 22
2 1 8 22
2 9 8 22
2 30 8 22
2 0 9 22
2 1 9 22
2 11 9 22
2 15 9 22
2 12 10 22
2 31 10 22
2 1 12 22
2 49 12 22
2 0 13 22
2 2 13 22
2 4 13 22
2 8 13 22
2 0 14 22
2 1 14 22
2 3 14 22
2 14 14 22
2 15 14 22
2 0 15 22
2 3 15 22
2 8 15 22
2 3 16 22
2 10 16 22
2 6 17 22
2 7 17 22
2 10 18 22
2 26 20 22
2 10 21 22
2 30 21 22
2 31 21 22
2 10 24 22
2 6 36 22
2 7 36 22
2 6 37 22
2 7 37 22
2 8 38 22
2 6 41 22
2 7 41 22
2 6 42 22
2 7 42 22
2 30 42 22
2 14 46 22
2 15 46 22
2 49 49 22
8 10 1 22
8 54 5 22
8 1 8 22
8 9 8 22
8 30 8 22
8 54 8 22
8 0 9 22
8 1 9 22
8 11 9 22
8 15 9 22
8 12 10 22
8 31 10 22
8 1 12 22
8 49 12 22
8 0 13 22
8 2 13 22
8 4 13 22
8 8 13 22
8 0 14 22
8 1 14 22
8 3 14 22
8 14 14 22
8 15 14 22
8 0 15 22
8 3 15 22
8 8 15 22
8 3 16 22
8 10 16 22
8 6 17 22
8 7 17 22
8 10 18 22
8 26 20 22
8 10 21 22
8 30 21 22
8 31 21 22
8 10 24 22
8 6 36 22
8 7 36 22
8 6 37 22
8 7 37 22
8 8 38 22
8 55 40 22
8 6 41 22
8 7 41 22
8 6 42 22
8 7 42 22
8 30 42 22
8 55 44 22
8 55 45 22
8 14 46 22
8 15 46 22
8 49 49 22
29 10 1 22
29 54 5 22
29 1 8 22
29 9 8 22
29 30 8 22
29 54 8 22
29 0 9 22
29 1 9 22
29 11 9 22
29 15 9 22
29 12 10 22
29 31 10 22
29 1 12 22
29 49 12 22
29 0 13 22
29 2 13 22
29 4 13 22
29 8 13 22
29 0 14 22
29 1 14 22
29 3 14 22
29 14 14 22
29 15 14 22
29 0 15 22
29 3 15 22
29 8 15 22
29 3 16 22
29 10 16 22
29 6 17 22
29 7 17 22
29 10 18 22
29 26 20 22
29 75 20 22
29 10 21 22
29 30 21 22
29 31 21 22
29 10 24 22
29 58 35 22
29 71 35 22
29 6 36 22
29 7 36 22
29 6 37 22
29 7 37 22
29 8 38 22
29 55 40 22
29 6 41 22
29 7 41 22
29 58 41 22
29 6 42 22
29 7 42 22
29 30 42 22
29 55 44 22
29 55 45 22
29 14 46 22
29 15 46 22
29 49 49 22
29 71 49 22
38 10 1 22
38 54 5 22
38 1 8 22
38 9 8 22
38 30 8 22
38 54 8 22
38 0 9 22
38 1 9 22
38 11 9 22
38 15 9 22
38 12 10 22
38 31 10 22
38 1 12 22
38 49 12 22
38 0 13 22
38 2 13 22
38 4 13 22
38 8 13 22
38 0 14 22
38 1 14 22
38 3 14 22
38 14 14 22
38 15 14 22
38 0 15 22
38 3 15 22
38 8 15 22
38 3 16 22
38 10 16 22
38 6 17 22
38 7 17 22
38 10 18 22
38 26 20 22
38 75 20 22
38 10 21 22
38 30 21 22
38 31 21 22
38 10 24 22
38 58 35 22
38 71 35 22
38 6 36 22
38 7 36 22
38 6 37 22
38 7 37 22
38 8 38 22
38 55 40 22
38 6 41 22
38 7 41 22
38 58 41 22
38 6 42 22
38 7 42 22
38 30 42 22
38 55 44 22
38 55 45 22
38 14 46 22
38 15 46 22
38 49 49 22
38 71 49 22
374 416 1 22
374 380 4 22
374 371 5 22
374 354 6 22
374 374 7 22
374 371 12 22
374 419 19 22
374 408 20 22
374 418 21 22
374 419 22 22
374 410 24 22
374 409 25 22
374 331 37 22
374 377 44 22
626 657 3 22
626 654 5 22
626 661 6 22
626 653 7 22
626 661 12 22
626 634 14 22
626 630 20 22
626 648 30 22
626 582 39 22
626 644 44 22
626 639 45 22
626 616 46 22
626 586 47 22
626 578 49 22
10 54 4 23
10 1 7 23
10 9 7 23
10 30 7 23
10 54 7 23
10 0 8 23
10 1 8 23
10 11 8 23
10 15 8 23
10 12 9 23
10 31 9 23
10 1 11 23
10 49 11 23
10 0 12 23
10 2 12 23
10 4 12 23
10 8 12 23
10 0 13 23
10 1 13 23
10 3 13 23
10 14 13 23
10 15 13 23
10 0 14 23
10 3 14 23
10 8 14 23
10 3 15 23
10 10 15 23
10 6 16 23
10 7 16 23
10 10 17 23
10 26 19 23
10 10 20 23
10 30 20 23
10 31 20 23
10 10 23 23
10 58 34 23
10 6 35 23
10 7 35 23
10 6 36 23
10 7 36 23
10 8 37 23
10 55 39 23
10 6 40 23
10 7 40 23
10 58 40 23
10 6 41 23
10 7 41 23
10 30 41 23
10 55 43 23
10 55 44 23
10 14 45 23
10 15 45 23
10 49 48 23
10 14 50 23
10 15 50 23
10 56 50 23
140 182 19 23
140 92 20 23
140 143 20 23
140 105 29 23
140 144 29 23
140 189 34 23
140 189 36 23
140 188 38 23
140 189 39 23
140 188 41 23
140 188 43 23
140 188 44 23
140 188 46 23
140 188 49 23
416 380 3 23
416 371 4 23
416 374 6 23
416 438 7 23
416 434 8 23
416 438 9 23
416 451 10 23
416 371 11 23
416 445 12 23
416 428 13 23
416 427 14 23
416 427 15 23
416 428 16 23
416 426 17 23
416 419 18 23
416 408 19 23
416 418 20 23
416 419 21 23
416 410 23 23
416 409 24 23
416 431 34 23
416 430 35 23
416 430 39 23
416 430 40 23
416 429 41 23
416 429 42 23
416 377 43 23
416 430 45 23
416 429 49 23
734 764 1 23
734 734 3 23
734 734 7 23
734 753 8 23
734 734 9 23
734 753 10 23
734 700 12 23
734 748 14 23
734 747 15 23
734 712 16 23
734 747 17 23
734 746 18 23
734 746 20 23
734 747 21 23
734 747 22 23
734 747 23 23
734 746 25 23
734 712 26 23
734 763 27 23
734 747 30 23
734 763 31 23
734 747 32 23
734 728 33 23
734 720 34 23
734 719 35 23
734 720 36 23
734 723 37 23
734 747 40 23
734 767 42 23
734 731 49 23
734 733 50 23
764 734 2 24
764 734 6 24
764 753 7 24
764 734 8 24
764 753 9 24
764 748 13 24
764 747 14 24
764 747 16 24
764 746 17 24
764 746 19 24
764 747 20 24
764 747 21 24
764 747 22 24
764 746 24 24
764 763 26 24
764 747 29 24
764 763 30 24
764 747 31 24
764 728 32 24
764 720 33 24
764 719 34 24
764 720 35 24
764 723 36 24
764 747 39 24
764 767 41 24
764 731 48 24
764 733 49 24
657 654 2 25
657 661 3 25
657 653 4 25
657 661 9 25
657 700 10 25
657 634 11 25
657 630 17 25
657 648 27 25
657 644 41 25
657 639 42 25
657 616 43 25
380 371 1 26
380 354 2 26
380 374 3 26
380 371 8 26
380 428 10 26
380 427 11 26
380 427 12 26
380 428 13 26
380 426 14 26
380 419 15 26
380 408 16 26
380 418 17 26
380 419 18 26
380 410 20 26
380 409 21 26
380 331 33 26
380 429 38 26
380 429 39 26
380 377 40 26
380 429 46 26
380 350 47 26
734 734 4 26
734 753 5 26
734 734 6 26
734 753 7 26
734 700 9 26
734 748 11 26
734 747 12 26
734 712 13 26
734 747 14 26
734 746 15 26
734 746 17 26
734 747 18 26
734 747 19 26
734 747 20 26
734 746 22 26
734 712 23 26
734 763 24 26
734 747 27 26
734 763 28 26
734 747 29 26
734 728 30 26
734 720 31 26
734 719 32 26
734 720 33 26
734 723 34 26
734 747 37 26
734 767 39 26
734 731 46 26
734 733 47 26
54 9 3 27
54 30 3 27
54 54 3 27
54 11 4 27
54 15 4 27
54 12 5 27
54 31 5 27
54 49 7 27
54 4 8 27
54 8 8 27
54 14 9 27
54 15 9 27
54 8 10 27
54 10 11 27
54 6 12 27
54 7 12 27
54 10 13 27
54 26 15 27
54 75 15 27
54 10 16 27
54 30 16 27
54 31 16 27
54 92 16 27
54 10 19 27
54 58 30 27
54 71 30 27
54 6 31 27
54 7 31 27
54 6 32 27
54 7 32 27
54 8 33 27
54 55 35 27
54 6 36 27
54 7 36 27
54 58 36 27
54 6 37 27
54 7 37 27
54 30 37 27
54 55 39 27
54 55 40 27
54 14 41 27
54 15 41 27
54 49 44 27
54 71 44 27
54 14 46 27
54 15 46 27
54 56 46 27
371 354 1 27
371 374 2 27
371 371 7 27
371 419 14 27
371 408 15 27
371 418 16 27
371 419 17 27
371 410 19 27
371 409 20 27
371 331 32 27
371 377 39 27
371 322 40 27
371 350 46 27
654 661 1 27
654 653 2 27
654 661 7 27
654 700 8 27
654 634 9 27
654 630 15 27
654 648 25 27
654 644 39 27
654 639 40 27
654 616 41 27
354 374 1 28
354 371 6 28
354 331 31 28
354 377 38 28
354 322 39 28
354 350 45 28
661 653 1 28
661 661 6 28
661 700 7 28
661 634 8 28
661 630 14 28
661 648 24 28
661 644 38 28
661 639 39 28
661 616 40 28
222 193 7 29
222 196 8 29
222 182 13 29
222 208 22 29
222 256 22 29
222 189 28 29
222 196 29 29
222 189 30 29
222 188 32 29
222 189 33 29
222 188 35 29
222 188 37 29
222 188 38 29
222 188 40 29
222 188 43 29
222 271 50 29
374 371 5 29
374 419 12 29
374 408 13 29
374 418 14 29
374 419 15 29
374 410 17 29
374 409 18 29
374 331 30 29
374 377 37 29
374 350 44 29
653 661 5 29
653 700 6 29
653 634 7 29
653 630 13 29
653 648 23 29
653 644 37 29
653 639 38 29
653 616 39 29
653 658 50 29
1 0 1 30
1 1 1 30
1 11 1 30
1 15 1 30
1 12 2 30
1 31 2 30
1 1 4 30
1 49 4 30
1 0 5 30
1 2 5 30
1 4 5 30
1 8 5 30
1 0 6 30
1 1 6 30
1 3 6 30
1 14 6 30
1 15 6 30
1 0 7 30
1 3 7 30
1 8 7 30
1 3 8 30
1 10 8 30
1 6 9 30
1 7 9 30
1 10 10 30
1 26 12 30
1 10 13 30
1 30 13 30
1 31 13 30
1 10 16 30
1 6 28 30
1 7 28 30
1 6 29 30
1 7 29 30
1 8 30 30
1 6 33 30
1 7 33 30
1 6 34 30
1 7 34 30
1 30 34 30
1 14 38 30
1 15 38 30
1 49 41 30
1 14 43 30
1 15 43 30
9 0 1 30
9 1 1 30
9 11 1 30
9 15 1 30
9 12 2 30
9 31 2 30
9 1 4 30
9 49 4 30
9 0 5 30
9 2 5 30
9 4 5 30
9 8 5 30
9 0 6 30
9 1 6 30
9 3 6 30
9 14 6 30
9 15 6 30
9 0 7 30
9 3 7 30
9 8 7 30
9 3 8 30
9 10 8 30
9 6 9 30
9 7 9 30
9 10 10 30
9 26 12 30
9 10 13 30
9 30 13 30
9 31 13 30
9 10 16 30
9 58 27 30
9 6 28 30
9 7 28 30
9 6 29 30
9 7 29 30
9 8 30 30
9 55 32 30
9 6 33 30
9 7 33 30
9 58 33 30
9 6 34 30
9 7 34 30
9 30 34 30
9 55 36 30
9 55 37 30
9 14 38 30
9 15 38 30
9 49 41 30
9 14 43 30
9 15 43 30
9 56 43 30
30 0 1 30
30 1 1 30
30 11 1 30
30 15 1 30
30 12 2 30
30 31 2 30
30 1 4 30
30 49 4 30
30 0 5 30
30 2 5 30
30 4 5 30
30 8 5 30
30 0 6 30
30 1 6 30
30 3 6 30
30 14 6 30
30 15 6 30
30 0 7 30
30 3 7 30
30 8 7 30
30 3 8 30
30 10 8 30
30 6 9 30
30 7 9 30
30 10 10 30
30 26 12 30
30 75 12 30
30 10 13 30
30 30 13 30
30 31 13 30
30 10 16 30
30 58 27 30
30 71 27 30
30 6 28 30
30 7 28 30
30 6 29 30
30 7 29 30
30 8 30 30
30 55 32 30
30 6 33 30
30 7 33 30
30 58 33 30
30 6 34 30
30 7 34 30
30 30 34 30
30 55 36 30
30 55 37 30
30 14 38 30
30 15 38 30
30 49 41 30
30 71 41 30
30 14 43 30
30 15 43 30
30 56 43 30
54 11 1 30
54 15 1 30
54 12 2 30
54 31 2 30
54 49 4 30
54 4 5 30
54 8 5 30
54 14 6 30
54 15 6 30
54 8 7 30
54 10 8 30
54 6 9 30
54 7 9 30
54 10 10 30
54 26 12 30
54 75 12 30
54 10 13 30
54 30 13 30
54 31 13 30
54 92 13 30
54 10 16 30
54 58 27 30
54 71 27 30
54 6 28 30
54 7 28 30
54 6 29 30
54 7 29 30
54 8 30 30
54 55 32 30
54 6 33 30
54 7 33 30
54 58 33 30
54 6 34 30
54 7 34 30
54 30 34 30
54 55 36 30
54 55 37 30
54 14 38 30
54 15 38 30
54 49 41 30
54 71 41 30
54 14 43 30
54 15 43 30
54 56 43 30
438 434 1 30
438 438 2 30
438 451 3 30
438 445 5 30
438 428 6 30
438 427 7 30
438 427 8 30
438 428 9 30
438 426 10 30
438 419 11 30
438 408 12 30
438 418 13 30
438 419 14 30
438 410 16 30
438 409 17 30
438 431 27 30
438 430 28 30
438 430 32 30
438 430 33 30
438 429 34 30
438 429 35 30
438 430 38 30
438 429 42 30
734 753 1 30
734 734 2 30
734 753 3 30
734 700 5 30
734 748 7 30
734 747 8 30
734 712 9 30
734 747 10 30
734 746 11 30
734 746 13 30
734 747 14 30
734 747 15 30
734 747 16 30
734 746 18 30
734 712 19 30
734 763 20 30
734 747 23 30
734 763 24 30
734 747 25 30
734 728 26 30
734 720 27 30
734 719 28 30
734 720 29 30
734 723 30 30
734 747 33 30
734 767 35 30
734 731 42 30
734 733 43 30
0 12 1 31
0 31 1 31
0 1 3 31
0 49 3 31
0 0 4 31
0 2 4 31
0 4 4 31
0 8 4 31
0 0 5 31
0 1 5 31
0 3 5 31
0 14 5 31
0 15 5 31
0 0 6 31
0 3 6 31
0 8 6 31
0 3 7 31
0 10 7 31
0 6 8 31
0 7 8 31
0 10 9 31
0 26 11 31
0 10 12 31
0 30 12 31
0 31 12 31
0 10 15 31
0 6 27 31
0 7 27 31
0 6 28 31
0 7 28 31
0 8 29 31
0 6 32 31
0 7 32 31
0 6 33 31
0 7 33 31
0 30 33 31
0 14 37 31
0 15 37 31
0 49 40 31
0 14 42 31
0 15 42 31
1 12 1 31
1 31 1 31
1 1 3 31
1 49 3 31
1 0 4 31
1 2 4 31
1 4 4 31
1 8 4 31
1 0 5 31
1 1 5 31
1 3 5 31
1 14 5 31
1 15 5 31
1 0 6 31
1 3 6 31
1 8 6 31
1 3 7 31
1 10 7 31
1 6 8 31
1 7 8 31
1 10 9 31
1 26 11 31
1 10 12 31
1 30 12 31
1 31 12 31
1 10 15 31
1 6 27 31
1 7 27 31
1 6 28 31
1 7 28 31
1 8 29 31
1 6 32 31
1 7 32 31
1 6 33 31
1 7 33 31
1 30 33 31
1 14 37 31
1 15 37 31
1 49 40 31
1 14 42 31
1 15 42 31
11 12 1 31
11 31 1 31
11 1 3 31
11 49 3 31
11 0 4 31
11 2 4 31
11 4 4 31
11 8 4 31
11 0 5 31
11 1 5 31
11 3 5 31
11 14 5 31
11 15 5 31
11 0 6 31
11 3 6 31
11 8 6 31
11 3 7 31
11 10 7 31
11 6 8 31
11 7 8 31
11 10 9 31
11 26 11 31
11 10 12 31
11 30 12 31
11 31 12 31
11 10 15 31
11 58 26 31
11 6 27 31
11 7 27 31
11 6 28 31
11 7 28 31
11 8 29 31
11 55 31 31
11 6 32 31
11 7 32 31
11 58 32 31
11 6 33 31
11 7 33 31
11 30 33 31
11 55 35 31
11 55 36 31
11 14 37 31
11 15 37 31
11 49 40 31
11 14 42 31
11 15 42 31
11 56 42 31
15 12 1 31
15 31 1 31
15 1 3 31
15 49 3 31
15 0 4 31
15 2 4 31
15 4 4 31
15 8 4 31
15 0 5 31
15 1 5 31
15 3 5 31
15 14 5 31
15 15 5 31
15 0 6 31
15 3 6 31
15 8 6 31
15 3 7 31
15 10 7 31
15 6 8 31
15 7 8 31
15 10 9 31
15 26 11 31
15 10 12 31
15 30 12 31
15 31 12 31
15 10 15 31
15 58 26 31
15 6 27 31
15 7 27 31
15 6 28 31
15 7 28 31
15 8 29 31
15 55 31 31
15 6 32 31
15 7 32 31
15 58 32 31
15 6 33 31
15 7 33 31
15 30 33 31
15 55 35 31
15 55 36 31
15 14 37 31
15 15 37 31
15 49 40 31
15 14 42 31
15 15 42 31
15 56 42 31
434 438 1 31
434 451 2 31
434 445 4 31
434 428 5 31
434 427 6 31
434 427 7 31
434 428 8 31
434 426 9 31
434 419 10 31
434 408 11 31
434 418 12 31
434 419 13 31
434 410 15 31
434 409 16 31
434 431 26 31
434 430 27 31
434 430 31 31
434 430 32 31
434 429 33 31
434 429 34 31
434 430 37 31
434 429 41 31
753 734 1 31
753 753 2 31
753 748 6 31
753 747 7 31
753 712 8 31
753 747 9 31
753 746 10 31
753 746 12 31
753 747 13 31
753 747 14 31
753 747 15 31
753 746 17 31
753 712 18 31
753 763 19 31
753 747 22 31
753 763 23 31
753 747 24 31
753 728 25 31
753 720 26 31
753 719 27 31
753 720 28 31
753 723 29 31
753 747 32 31
753 767 34 31
753 731 41 31
753 733 42 31
12 1 2 32
12 49 2 32
12 0 3 32
12 2 3 32
12 4 3 32
12 8 3 32
12 0 4 32
12 1 4 32
12 3 4 32
12 14 4 32
12 15 4 32
12 0 5 32
12 3 5 32
12 8 5 32
12 3 6 32
12 10 6 32
12 6 7 32
12 7 7 32
12 10 8 32
12 26 10 32
12 10 11 32
12 30 11 32
12 31 11 32
12 10 14 32
12 58 25 32
12 6 26 32
12 7 26 32
12 6 27 32
12 7 27 32
12 8 28 32
12 55 30 32
12 6 31 32
12 7 31 32
12 58 31 32
12 6 32 32
12 7 32 32
12 30 32 32
12 55 34 32
12 55 35 32
12 14 36 32
12 15 36 32
12 49 39 32
12 14 41 32
12 15 41 32
12 56 41 32
31 1 2 32
31 49 2 32
31 0 3 32
31 2 3 32
31 4 3 32
31 8 3 32
31 0 4 32
31 1 4 32
31 3 4 32
31 14 4 32
31 15 4 32
31 0 5 32
31 3 5 32
31 8 5 32
31 3 6 32
31 10 6 32
31 6 7 32
31 7 7 32
31 10 8 32
31 26 10 32
31 75 10 32
31 10 11 32
31 30 11 32
31 31 11 32
31 10 14 32
31 58 25 32
31 71 25 32
31 6 26 32
31 7 26 32
31 6 27 32
31 7 27 32
31 8 28 32
31 55 30 32
31 6 31 32
31 7 31 32
31 58 31 32
31 6 32 32
31 7 32 32
31 30 32 32
31 55 34 32
31 55 35 32
31 14 36 32
31 15 36 32
31 49 39 32
31 71 39 32
31 14 41 32
31 15 41 32
31 56 41 32
438 451 1 32
438 445 3 32
438 428 4 32
438 427 5 32
438 427 6 32
438 428 7 32
438 426 8 32
438 419 9 32
438 408 10 32
438 418 11 32
438 419 12 32
438 410 14 32
438 409 15 32
438 431 25 32
438 430 26 32
438 430 30 32
438 430 31 32
438 429 32 32
438 429 33 32
438 430 36 32
438 429 40 32
734 753 1 32
734 700 3 32
734 748 5 32
734 747 6 32
734 712 7 32
734 747 8 32
734 746 9 32
734 746 11 32
734 747 12 32
734 747 13 32
734 747 14 32
734 746 16 32
734 712 17 32
734 763 18 32
734 747 21 32
734 763 22 32
734 747 23 32
734 728 24 32
734 720 25 32
734 719 26 32
734 720 27 32
734 723 28 32
734 747 31 32
734 767 33 32
734 731 40 32
734 733 41 32
451 445 2 33
451 428 3 33
451 427 4 33
451 427 5 33
451 428 6 33
451 426 7 33
451 419 8 33
451 408 9 33
451 418 10 33
451 419 11 33
451 410 13 33
451 409 14 33
451 431 24 33
451 430 25 33
451 430 29 33
451 430 30 33
451 429 31 33
451 429 32 33
451 430 35 33
451 429 39 33
753 748 4 33
753 747 5 33
753 712 6 33
753 747 7 33
753 746 8 33
753 746 10 33
753 747 11 33
753 747 12 33
753 747 13 33
753 746 15 33
753 712 16 33
753 763 17 33
753 747 20 33
753 763 21 33
753 747 22 33
753 728 23 33
753 720 24 33
753 719 25 33
753 720 26 33
753 723 27 33
753 747 30 33
753 767 32 33
753 731 39 33
753 733 40 33
1 0 1 34
1 2 1 34
1 4 1 34
1 8 1 34
1 0 2 34
1 1 2 34
1 3 2 34
1 14 2 34
1 15 2 34
1 0 3 34
1 3 3 34
1 8 3 34
1 3 4 34
1 10 4 34
1 6 5 34
1 7 5 34
1 10 6 34
1 26 8 34
1 10 9 34
1 30 9 34
1 31 9 34
1 10 12 34
1 6 24 34
1 7 24 34
1 6 25 34
1 7 25 34
1 8 26 34
1 6 29 34
1 7 29 34
1 6 30 34
1 7 30 34
1 30 30 34
1 14 34 34
1 15 34 34
1 49 37 34
1 14 39 34
1 15 39 34
49 0 1 34
49 2 1 34
49 4 1 34
49 8 1 34
49 0 2 34
49 1 2 34
49 3 2 34
49 14 2 34
49 15 2 34
49 0 3 34
49 3 3 34
49 8 3 34
49 3 4 34
49 10 4 34
49 6 5 34
49 7 5 34
49 10 6 34
49 26 8 34
49 75 8 34
49 10 9 34
49 30 9 34
49 31 9 34
49 92 9 34
49 10 12 34
49 58 23 34
49 71 23 34
49 6 24 34
49 7 24 34
49 6 25 34
49 7 25 34
49 8 26 34
49 55 28 34
49 6 29 34
49 7 29 34
49 58 29 34
49 6 30 34
49 7 30 34
49 30 30 34
49 55 32 34
49 55 33 34
49 14 34 34
49 15 34 34
49 49 37 34
49 71 37 34
49 14 39 34
49 15 39 34
49 56 39 34
371 419 7 34
371 408 8 34
371 418 9 34
371 419 10 34
371 410 12 34
371 409 13 34
371 331 25 34
371 377 32 34
371 322 33 34
371 350 39 34
371 381 49 34
661 700 1 34
661 634 2 34
661 630 8 34
661 648 18 34
661 644 32 34
661 639 33 34
661 616 34 34
661 658 45 34
661 692 49 34
0 0 1 35
0 1 1 35
0 3 1 35
0 14 1 35
0 15 1 35
0 0 2 35
0 3 2 35
0 8 2 35
0 3 3 35
0 10 3 35
0 6 4 35
0 7 4 35
0 10 5 35
0 26 7 35
0 10 8 35
0 30 8 35
0 31 8 35
0 10 11 35
0 6 23 35
0 7 23 35
0 6 24 35
0 7 24 35
0 8 25 35
0 6 28 35
0 7 28 35
0 6 29 35
0 7 29 35
0 30 29 35
0 14 33 35
0 15 33 35
0 49 36 35
0 14 38 35
0 15 38 35
2 0 1 35
2 1 1 35
2 3 1 35
2 14 1 35
2 15 1 35
2 0 2 35
2 3 2 35
2 8 2 35
2 3 3 35
2 10 3 35
2 6 4 35
2 7 4 35
2 10 5 35
2 26 7 35
2 10 8 35
2 30 8 35
2 31 8 35
2 10 11 35
2 6 23 35
2 7 23 35
2 6 24 35
2 7 24 35
2 8 25 35
2 6 28 35
2 7 28 35
2 6 29 35
2 7 29 35
2 30 29 35
2 14 33 35
2 15 33 35
2 49 36 35
2 14 38 35
2 15 38 35
4 0 1 35
4 1 1 35
4 3 1 35
4 14 1 35
4 15 1 35
4 0 2 35
4 3 2 35
4 8 2 35
4 3 3 35
4 10 3 35
4 6 4 35
4 7 4 35
4 10 5 35
4 26 7 35
4 10 8 35
4 30 8 35
4 31 8 35
4 10 11 35
4 6 23 35
4 7 23 35
4 6 24 35
4 7 24 35
4 8 25 35
4 6 28 35
4 7 28 35
4 6 29 35
4 7 29 35
4 30 29 35
4 14 33 35
4 15 33 35
4 49 36 35
4 14 38 35
4 15 38 35
8 0 1 35
8 1 1 35
8 3 1 35
8 14 1 35
8 15 1 35
8 0 2 35
8 3 2 35
8 8 2 35
8 3 3 35
8 10 3 35
8 6 4 35
8 7 4 35
8 10 5 35
8 26 7 35
8 10 8 35
8 30 8 35
8 31 8 35
8 10 11 35
8 6 23 35
8 7 23 35
8 6 24 35
8 7 24 35
8 8 25 35
8 55 27 35
8 6 28 35
8 7 28 35
8 6 29 35
8 7 29 35
8 30 29 35
8 55 31 35
8 55 32 35
8 14 33 35
8 15 33 35
8 49 36 35
8 14 38 35
8 15 38 35
8 56 38 35
445 428 1 35
445 427 2 35
445 427 3 35
445 428 4 35
445 426 5 35
445 419 6 35
445 408 7 35
445 418 8 35
445 419 9 35
445 410 11 35
445 409 12 35
445 431 22 35
445 430 23 35
445 430 27 35
445 430 28 35
445 429 29 35
445 429 30 35
445 430 33 35
445 429 37 35
700 748 2 35
700 747 3 35
700 712 4 35
700 747 5 35
700 746 6 35
700 746 8 35
700 747 9 35
700 747 10 35
700 747 11 35
700 746 13 35
700 712 14 35
700 747 18 35
700 747 20 35
700 728 21 35
700 720 22 35
700 719 23 35
700 720 24 35
700 723 25 35
700 747 28 35
700 731 37 35
700 733 38 35
700 658 44 35
700 692 48 35
0 0 1 36
0 3 1 36
0 8 1 36
0 3 2 36
0 10 2 36
0 6 3 36
0 7 3 36
0 10 4 36
0 26 6 36
0 10 7 36
0 30 7 36
0 31 7 36
0 10 10 36
0 6 22 36
0 7 22 36
0 6 23 36
0 7 23 36
0 8 24 36
0 6 27 36
0 7 27 36
0 6 28 36
0 7 28 36
0 30 28 36
0 14 32 36
0 15 32 36
0 49 35 36
0 14 37 36
0 15 37 36
1 0 1 36
1 3 1 36
1 8 1 36
1 3 2 36
1 10 2 36
1 6 3 36
1 7 3 36
1 10 4 36
1 26 6 36
1 10 7 36
1 30 7 36
1 31 7 36
1 10 10 36
1 6 22 36
1 7 22 36
1 6 23 36
1 7 23 36
1 8 24 36
1 6 27 36
1 7 27 36
1 6 28 36
1 7 28 36
1 30 28 36
1 14 32 36
1 15 32 36
1 49 35 36
1 14 37 36
1 15 37 36
3 0 1 36
3 3 1 36
3 8 1 36
3 3 2 36
3 10 2 36
3 6 3 36
3 7 3 36
3 10 4 36
3 26 6 36
3 10 7 36
3 30 7 36
3 31 7 36
3 10 10 36
3 6 22 36
3 7 22 36
3 6 23 36
3 7 23 36
3 8 24 36
3 6 27 36
3 7 27 36
3 6 28 36
3 7 28 36
3 30 28 36
3 14 32 36
3 15 32 36
3 49 35 36
3 14 37 36
3 15 37 36
14 0 1 36
14 3 1 36
14 8 1 36
14 3 2 36
14 10 2 36
14 6 3 36
14 7 3 36
14 10 4 36
14 26 6 36
14 10 7 36
14 30 7 36
14 31 7 36
14 10 10 36
14 58 21 36
14 6 22 36
14 7 22 36
14 6 23 36
14 7 23 36
14 8 24 36
14 55 26 36
14 6 27 36
14 7 27 36
14 58 27 36
14 6 28 36
14 7 28 36
14 30 28 36
14 55 30 36
14 55 31 36
14 14 32 36
14 15 32 36
14 49 35 36
14 14 37 36
14 15 37 36
14 56 37 36
15 0 1 36
15 3 1 36
15 8 1 36
15 3 2 36
15 10 2 36
15 6 3 36
15 7 3 36
15 10 4 36
15 26 6 36
15 10 7 36
15 30 7 36
15 31 7 36
15 10 10 36
15 58 21 36
15 6 22 36
15 7 22 36
15 6 23 36
15 7 23 36
15 8 24 36
15 55 26 36
15 6 27 36
15 7 27 36
15 58 27 36
15 6 28 36
15 7 28 36
15 30 28 36
15 55 30 36
15 55 31 36
15 14 32 36
15 15 32 36
15 49 35 36
15 14 37 36
15 15 37 36
15 56 37 36
193 196 1 36
193 182 6 36
193 143 7 36
193 208 15 36
193 144 16 36
193 189 21 36
193 196 22 36
193 189 23 36
193 188 25 36
193 189 26 36
193 188 28 36
193 188 30 36
193 188 31 36
193 188 33 36
193 188 36 36
428 427 1 36
428 427 2 36
428 428 3 36
428 426 4 36
428 419 5 36
428 408 6 36
428 418 7 36
428 419 8 36
428 410 10 36
428 409 11 36
428 431 21 36
428 430 22 36
428 430 26 36
428 430 27 36
428 429 28 36
428 429 29 36
428 430 32 36
428 429 36 36
428 381 47 36
634 630 6 36
634 648 16 36
634 644 30 36
634 639 31 36
634 616 32 36
634 586 33 36
634 658 43 36
0 3 1 37
0 10 1 37
0 6 2 37
0 7 2 37
0 10 3 37
0 26 5 37
0 10 6 37
0 30 6 37
0 31 6 37
0 10 9 37
0 6 21 37
0 7 21 37
0 6 22 37
0 7 22 37
0 8 23 37
0 6 26 37
0 7 26 37
0 6 27 37
0 7 27 37
0 30 27 37
0 14 31 37
0 15 31 37
0 49 34 37
0 14 36 37
0 15 36 37
3 3 1 37
3 10 1 37
3 6 2 37
3 7 2 37
3 10 3 37
3 26 5 37
3 10 6 37
3 30 6 37
3 31 6 37
3 10 9 37
3 6 21 37
3 7 21 37
3 6 22 37
3 7 22 37
3 8 23 37
3 6 26 37
3 7 26 37
3 6 27 37
3 7 27 37
3 30 27 37
3 14 31 37
3 15 31 37
3 49 34 37
3 14 36 37
3 15 36 37
8 3 1 37
8 10 1 37
8 6 2 37
8 7 2 37
8 10 3 37
8 26 5 37
8 10 6 37
8 30 6 37
8 31 6 37
8 10 9 37
8 6 21 37
8 7 21 37
8 6 22 37
8 7 22 37
8 8 23 37
8 55 25 37
8 6 26 37
8 7 26 37
8 6 27 37
8 7 27 37
8 30 27 37
8 55 29 37
8 55 30 37
8 14 31 37
8 15 31 37
8 49 34 37
8 14 36 37
8 15 36 37
8 56 36 37
196 182 5 37
196 208 14 37
196 189 20 37
196 196 21 37
196 189 22 37
196 188 24 37
196 189 25 37
196 188 27 37
196 188 29 37
196 188 30 37
196 188 32 37
196 188 35 37
427 427 1 37
427 428 2 37
427 426 3 37
427 419 4 37
427 408 5 37
427 418 6 37
427 419 7 37
427 410 9 37
427 409 10 37
427 431 20 37
427 430 21 37
427 430 25 37
427 430 26 37
427 429 27 37
427 429 28 37
427 377 29 37
427 430 31 37
427 429 35 37
427 381 46 37
748 747 1 37
748 712 2 37
748 747 3 37
748 746 4 37
748 746 6 37
748 747 7 37
748 747 8 37
748 747 9 37
748 746 11 37
748 712 12 37
748 763 13 37
748 747 16 37
748 763 17 37
748 747 18 37
748 728 19 37
748 720 20 37
748 719 21 37
748 720 22 37
748 723 23 37
748 747 26 37
748 767 28 37
748 731 35 37
748 733 36 37
3 6 1 38
3 7 1 38
3 10 2 38
3 26 4 38
3 10 5 38
3 30 5 38
3 31 5 38
3 10 8 38
3 6 20 38
3 7 20 38
3 6 21 38
3 7 21 38
3 8 22 38
3 6 25 38
3 7 25 38
3 6 26 38
3 7 26 38
3 30 26 38
3 14 30 38
3 15 30 38
3 49 33 38
3 14 35 38
3 15 35 38
10 6 1 38
10 7 1 38
10 10 2 38
10 26 4 38
10 10 5 38
10 30 5 38
10 31 5 38
10 10 8 38
10 58 19 38
10 6 20 38
10 7 20 38
10 6 21 38
10 7 21 38
10 8 22 38
10 55 24 38
10 6 25 38
10 7 25 38
10 58 25 38
10 6 26 38
10 7 26 38
10 30 26 38
10 55 28 38
10 55 29 38
10 14 30 38
10 15 30 38
10 49 33 38
10 14 35 38
10 15 35 38
10 56 35 38
427 428 1 38
427 426 2 38
427 419 3 38
427 408 4 38
427 418 5 38
427 419 6 38
427 410 8 38
427 409 9 38
427 431 19 38
427 430 20 38
427 430 24 38
427 430 25 38
427 429 26 38
427 429 27 38
427 377 28 38
427 430 30 38
427 429 34 38
427 381 45 38
747 712 1 38
747 747 2 38
747 746 3 38
747 746 5 38
747 747 6 38
747 747 7 38
747 747 8 38
747 746 10 38
747 712 11 38
747 763 12 38
747 747 15 38
747 763 16 38
747 747 17 38
747 728 18 38
747 720 19 38
747 719 20 38
747 720 21 38
747 723 22 38
747 747 25 38
747 767 27 38
747 731 34 38
747 733 35 38
6 10 1 39
6 26 3 39
6 10 4 39
6 30 4 39
6 31 4 39
6 10 7 39
6 6 19 39
6 7 19 39
6 6 20 39
6 7 20 39
6 8 21 39
6 55 23 39
6 6 24 39
6 7 24 39
6 6 25 39
6 7 25 39
6 30 25 39
6 55 27 39
6 55 28 39
6 14 29 39
6 15 29 39
6 49 32 39
6 14 34 39
6 15 34 39
7 10 1 39
7 26 3 39
7 10 4 39
7 30 4 39
7 31 4 39
7 10 7 39
7 6 19 39
7 7 19 39
7 6 20 39
7 7 20 39
7 8 21 39
7 55 23 39
7 6 24 39
7 7 24 39
7 6 25 39
7 7 25 39
7 30 25 39
7 55 27 39
7 55 28 39
7 14 29 39
7 15 29 39
7 49 32 39
7 14 34 39
7 15 34 39
7 56 34 39
428 426 1 39
428 419 2 39
428 408 3 39
428 418 4 39
428 419 5 39
428 410 7 39
428 409 8 39
428 431 18 39
428 430 19 39
428 430 23 39
428 430 24 39
428 429 25 39
428 429 26 39
428 430 29 39
428 429 33 39
428 381 44 39
712 747 1 39
712 746 2 39
712 746 4 39
712 747 5 39
712 747 6 39
712 747 7 39
712 746 9 39
712 712 10 39
712 747 14 39
712 747 16 39
712 728 17 39
712 720 18 39
712 719 19 39
712 720 20 39
712 723 21 39
712 747 24 39
712 731 33 39
712 733 34 39
712 692 44 39
10 26 2 40
10 10 3 40
10 30 3 40
10 31 3 40
10 10 6 40
10 58 17 40
10 6 18 40
10 7 18 40
10 6 19 40
10 7 19 40
10 8 20 40
10 55 22 40
10 6 23 40
10 7 23 40
10 58 23 40
10 6 24 40
10 7 24 40
10 30 24 40
10 55 26 40
10 55 27 40
10 14 28 40
10 15 28 40
10 49 31 40
10 14 33 40
10 15 33 40
10 56 33 40
426 419 1 40
426 408 2 40
426 418 3 40
426 419 4 40
426 410 6 40
426 409 7 40
426 431 17 40
426 430 18 40
426 430 22 40
426 430 23 40
426 429 24 40
426 429 25 40
426 377 26 40
426 430 28 40
426 429 32 40
426 381 43 40
747 746 1 40
747 746 3 40
747 747 4 40
747 747 5 40
747 747 6 40
747 746 8 40
747 712 9 40
747 763 10 40
747 747 13 40
747 763 14 40
747 747 15 40
747 728 16 40
747 720 17 40
747 719 18 40
747 720 19 40
747 723 20 40
747 747 23 40
747 767 25 40
747 731 32 40
747 733 33 40
419 408 1 41
419 418 2 41
419 419 3 41
419 410 5 41
419 409 6 41
419 431 16 41
419 430 17 41
419 430 21 41
419 430 22 41
419 429 23 41
419 429 24 41
419 377 25 41
419 430 27 41
419 429 31 41
419 381 42 41
746 746 2 41
746 747 3 41
746 747 4 41
746 747 5 41
746 746 7 41
746 712 8 41
746 763 9 41
746 747 12 41
746 763 13 41
746 747 14 41
746 728 15 41
746 720 16 41
746 719 17 41
746 720 18 41
746 723 19 41
746 747 22 41
746 767 24 41
746 731 31 41
746 733 32 41
26 10 1 42
26 30 1 42
26 31 1 42
26 10 4 42
26 58 15 42
26 71 15 42
26 6 16 42
26 7 16 42
26 6 17 42
26 7 17 42
26 8 18 42
26 55 20 42
26 6 21 42
26 7 21 42
26 58 21 42
26 6 22 42
26 7 22 42
26 30 22 42
26 55 24 42
26 55 25 42
26 14 26 42
26 15 26 42
26 49 29 42
26 71 29 42
26 14 31 42
26 15 31 42
26 56 31 42
75 30 1 42
75 31 1 42
75 92 1 42
75 105 10 42
75 58 15 42
75 71 15 42
75 55 20 42
75 58 21 42
75 30 22 42
75 55 24 42
75 55 25 42
75 49 29 42
75 71 29 42
75 56 31 42
182 143 1 42
182 208 9 42
182 144 10 42
182 189 15 42
182 196 16 42
182 189 17 42
182 188 19 42
182 189 20 42
182 188 22 42
182 188 24 42
182 188 25 42
182 188 27 42
182 188 30 42
182 142 37 42
408 418 1 42
408 419 2 42
408 410 4 42
408 409 5 42
408 431 15 42
408 430 16 42
408 430 20 42
408 430 21 42
408 429 22 42
408 429 23 42
408 377 24 42
408 430 26 42
408 429 30 42
408 381 41 42
630 648 10 42
630 582 19 42
630 644 24 42
630 639 25 42
630 616 26 42
630 586 27 42
630 658 37 42
10 10 3 43
10 58 14 43
10 6 15 43
10 7 15 43
10 6 16 43
10 7 16 43
10 8 17 43
10 55 19 43
10 6 20 43
10 7 20 43
10 58 20 43
10 6 21 43
10 7 21 43
10 30 21 43
10 55 23 43
10 55 24 43
10 14 25 43
10 15 25 43
10 49 28 43
10 14 30 43
10 15 30 43
10 56 30 43
30 10 3 43
30 58 14 43
30 71 14 43
30 6 15 43
30 7 15 43
30 6 16 43
30 7 16 43
30 8 17 43
30 55 19 43
30 6 20 43
30 7 20 43
30 58 20 43
30 6 21 43
30 7 21 43
30 30 21 43
30 55 23 43
30 55 24 43
30 14 25 43
30 15 25 43
30 49 28 43
30 71 28 43
30 14 30 43
30 15 30 43
30 56 30 43
31 10 3 43
31 58 14 43
31 71 14 43
31 6 15 43
31 7 15 43
31 6 16 43
31 7 16 43
31 8 17 43
31 55 19 43
31 6 20 43
31 7 20 43
31 58 20 43
31 6 21 43
31 7 21 43
31 30 21 43
31 55 23 43
31 55 24 43
31 14 25 43
31 15 25 43
31 49 28 43
31 71 28 43
31 14 30 43
31 15 30 43
31 56 30 43
92 105 9 43
92 58 14 43
92 71 14 43
92 55 19 43
92 58 20 43
92 55 23 43
92 55 24 43
92 49 28 43
92 71 28 43
92 56 30 43
143 105 9 43
143 144 9 43
143 189 14 43
143 189 16 43
143 188 18 43
143 189 19 43
143 188 21 43
143 188 23 43
143 188 24 43
143 188 26 43
143 188 29 43
143 142 36 43
418 419 1 43
418 410 3 43
418 409 4 43
418 431 14 43
418 430 15 43
418 430 19 43
418 430 20 43
418 429 21 43
418 429 22 43
418 377 23 43
418 430 25 43
418 429 29 43
418 381 40 43
746 747 1 43
746 747 2 43
746 747 3 43
746 746 5 43
746 712 6 43
746 763 7 43
746 747 10 43
746 763 11 43
746 747 12 43
746 728 13 43
746 720 14 43
746 719 15 43
746 720 16 43
746 723 17 43
746 747 20 43
746 767 22 43
746 731 29 43
746 733 30 43
419 410 2 44
419 409 3 44
419 431 13 44
419 430 14 44
419 430 18 44
419 430 19 44
419 429 20 44
419 429 21 44
419 377 22 44
419 430 24 44
419 429 28 44
419 381 39 44
747 747 1 44
747 747 2 44
747 746 4 44
747 712 5 44
747 763 6 44
747 747 9 44
747 763 10 44
747 747 11 44
747 728 12 44
747 720 13 44
747 719 14 44
747 720 15 44
747 723 16 44
747 747 19 44
747 767 21 44
747 731 28 44
747 733 29 44
501 511 6 45
501 504 16 45
501 515 17 45
747 747 1 45
747 746 3 45
747 712 4 45
747 763 5 45
747 747 8 45
747 763 9 45
747 747 10 45
747 728 11 45
747 720 12 45
747 719 13 45
747 720 14 45
747 723 15 45
747 747 18 45
747 767 20 45
747 731 27 45
747 733 28 45
10 58 11 46
10 6 12 46
10 7 12 46
10 6 13 46
10 7 13 46
10 8 14 46
10 55 16 46
10 6 17 46
10 7 17 46
10 58 17 46
10 6 18 46
10 7 18 46
10 30 18 46
10 55 20 46
10 55 21 46
10 14 22 46
10 15 22 46
10 49 25 46
10 14 27 46
10 15 27 46
10 56 27 46
410 409 1 46
410 431 11 46
410 430 12 46
410 430 16 46
410 430 17 46
410 429 18 46
410 429 19 46
410 377 20 46
410 430 22 46
410 429 26 46
410 381 37 46
747 746 2 46
747 712 3 46
747 763 4 46
747 747 7 46
747 763 8 46
747 747 9 46
747 728 10 46
747 720 11 46
747 719 12 46
747 720 13 46
747 723 14 46
747 747 17 46
747 767 19 46
747 731 26 46
747 733 27 46
409 431 10 47
409 430 11 47
409 430 15 47
409 430 16 47
409 429 17 47
409 429 18 47
409 377 19 47
409 430 21 47
409 429 25 47
409 381 36 47
572 582 14 47
572 616 21 47
572 586 22 47
572 578 24 47
746 712 1 48
746 763 2 48
746 747 5 48
746 763 6 48
746 747 7 48
746 728 8 48
746 720 9 48
746 719 10 48
746 720 11 48
746 723 12 48
746 747 15 48
746 767 17 48
746 731 24 48
746 733 25 48
712 747 4 49
712 747 6 49
712 728 7 49
712 720 8 49
712 719 9 49
712 720 10 49
712 723 11 49
712 747 14 49
712 731 23 49
712 733 24 49
712 692 34 49
763 747 3 50
763 763 4 50
763 747 5 50
763 728 6 50
763 720 7 50
763 719 8 50
763 720 9 50
763 723 10 50
763 747 13 50
763 767 15 50
763 731 22 50
763 733 23 50
208 189 6 51
208 196 7 51
208 189 8 51
208 188 10 51
208 189 11 51
208 188 13 51
208 188 15 51
208 188 16 51
208 188 18 51
208 188 21 51
256 272 1 51
256 271 28 51
511 504 10 51
511 515 11 51
105 58 5 52
105 71 5 52
105 55 10 52
105 58 11 52
105 55 14 52
105 55 15 52
105 71 19 52
105 56 21 52
105 142 27 52
144 189 5 52
144 189 7 52
144 188 9 52
144 189 10 52
144 188 12 52
144 188 14 52
144 188 15 52
144 188 17 52
144 188 20 52
144 142 27 52
272 271 27 52
648 644 14 52
648 639 15 52
648 616 16 52
648 658 27 52
648 692 31 52
747 763 1 53
747 747 2 53
747 728 3 53
747 720 4 53
747 719 5 53
747 720 6 53
747 723 7 53
747 747 10 53
747 767 12 53
747 731 19 53
747 733 20 53
763 747 1 54
763 728 2 54
763 720 3 54
763 719 4 54
763 720 5 54
763 723 6 54
763 747 9 54
763 767 11 54
763 731 18 54
763 733 19 54
747 728 1 55
747 720 2 55
747 719 3 55
747 720 4 55
747 723 5 55
747 747 8 55
747 767 10 55
747 731 17 55
747 733 18 55
728 720 1 56
728 719 2 56
728 720 3 56
728 723 4 56
728 747 7 56
728 767 9 56
728 731 16 56
728 733 17 56
728 692 27 56
58 8 3 57
58 55 5 57
58 58 6 57
58 30 7 57
58 55 9 57
58 55 10 57
58 14 11 57
58 15 11 57
58 49 14 57
58 71 14 57
58 14 16 57
58 15 16 57
58 56 16 57
71 55 5 57
71 58 6 57
71 30 7 57
71 55 9 57
71 55 10 57
71 49 14 57
71 71 14 57
71 56 16 57
189 196 1 57
189 189 2 57
189 188 4 57
189 189 5 57
189 188 7 57
189 188 9 57
189 188 10 57
189 188 12 57
189 188 15 57
189 142 22 57
431 430 1 57
431 430 5 57
431 430 6 57
431 429 7 57
431 429 8 57
431 430 11 57
431 429 15 57
431 381 26 57
720 719 1 57
720 720 2 57
720 723 3 57
720 747 6 57
720 767 8 57
720 731 15 57
720 733 16 57
720 692 26 57
6 6 1 58
6 7 1 58
6 8 2 58
6 55 4 58
6 6 5 58
6 7 5 58
6 6 6 58
6 7 6 58
6 30 6 58
6 55 8 58
6 55 9 58
6 14 10 58
6 15 10 58
6 49 13 58
6 14 15 58
6 15 15 58
7 6 1 58
7 7 1 58
7 8 2 58
7 55 4 58
7 6 5 58
7 7 5 58
7 6 6 58
7 7 6 58
7 30 6 58
7 55 8 58
7 55 9 58
7 14 10 58
7 15 10 58
7 49 13 58
7 14 15 58
7 15 15 58
7 56 15 58
196 189 1 58
196 188 3 58
196 189 4 58
196 188 6 58
196 188 8 58
196 188 9 58
196 188 11 58
196 188 14 58
430 430 4 58
430 430 5 58
430 429 6 58
430 429 7 58
430 430 10 58
430 429 14 58
430 381 25 58
719 720 1 58
719 723 2 58
719 747 5 58
719 767 7 58
719 731 14 58
719 733 15 58
719 692 25 58
6 8 1 59
6 55 3 59
6 6 4 59
6 7 4 59
6 6 5 59
6 7 5 59
6 30 5 59
6 55 7 59
6 55 8 59
6 14 9 59
6 15 9 59
6 49 12 59
6 14 14 59
6 15 14 59
7 8 1 59
7 55 3 59
7 6 4 59
7 7 4 59
7 6 5 59
7 7 5 59
7 30 5 59
7 55 7 59
7 55 8 59
7 14 9 59
7 15 9 59
7 49 12 59
7 14 14 59
7 15 14 59
7 56 14 59
189 188 2 59
189 189 3 59
189 188 5 59
189 188 7 59
189 188 8 59
189 188 10 59
189 188 13 59
189 142 20 59
331 377 7 59
331 322 8 59
331 350 14 59
720 723 1 59
720 747 4 59
720 767 6 59
720 731 13 59
720 733 14 59
720 692 24 59
8 55 2 60
8 6 3 60
8 7 3 60
8 6 4 60
8 7 4 60
8 30 4 60
8 55 6 60
8 55 7 60
8 14 8 60
8 15 8 60
8 49 11 60
8 14 13 60
8 15 13 60
8 56 13 60
723 747 3 60
723 767 5 60
723 731 12 60
723 733 13 60
723 692 23 60
188 189 1 61
188 188 3 61
188 188 5 61
188 188 6 61
188 188 8 61
188 188 11 61
188 142 18 61
504 515 1 61
582 616 7 61
582 586 8 61
582 578 10 61
55 6 1 62
55 7 1 62
55 58 1 62
55 6 2 62
55 7 2 62
55 30 2 62
55 55 4 62
55 55 5 62
55 14 6 62
55 15 6 62
55 49 9 62
55 71 9 62
55 14 11 62
55 15 11 62
55 56 11 62
189 188 2 62
189 188 4 62
189 188 5 62
189 188 7 62
189 188 10 62
189 142 17 62
430 430 1 62
430 429 2 62
430 429 3 62
430 430 6 62
430 429 10 62
430 381 21 62
6 6 1 63
6 7 1 63
6 30 1 63
6 55 3 63
6 55 4 63
6 14 5 63
6 15 5 63
6 49 8 63
6 14 10 63
6 15 10 63
7 6 1 63
7 7 1 63
7 30 1 63
7 55 3 63
7 55 4 63
7 14 5 63
7 15 5 63
7 49 8 63
7 14 10 63
7 15 10 63
7 56 10 63
58 30 1 63
58 55 3 63
58 55 4 63
58 14 5 63
58 15 5 63
58 49 8 63
58 71 8 63
58 14 10 63
58 15 10 63
58 56 10 63
430 429 1 63
430 429 2 63
430 430 5 63
430 429 9 63
430 381 20 63
747 767 2 63
747 731 9 63
747 733 10 63
6 55 2 64
6 55 3 64
6 14 4 64
6 15 4 64
6 49 7 64
6 14 9 64
6 15 9 64
7 55 2 64
7 55 3 64
7 14 4 64
7 15 4 64
7 49 7 64
7 14 9 64
7 15 9 64
7 56 9 64
30 55 2 64
30 55 3 64
30 14 4 64
30 15 4 64
30 49 7 64
30 71 7 64
30 14 9 64
30 15 9 64
30 56 9 64
188 188 2 64
188 188 3 64
188 188 5 64
188 188 8 64
188 142 15 64
429 429 1 64
429 430 4 64
429 429 8 64
429 381 19 64
429 430 3 65
429 429 7 65
429 381 18 65
767 731 7 65
767 733 8 65
55 55 1 66
55 14 2 66
55 15 2 66
55 49 5 66
55 71 5 66
55 14 7 66
55 15 7 66
55 56 7 66
188 188 1 66
188 188 3 66
188 188 6 66
188 142 13 66
377 350 7 66
377 381 17 66
644 639 1 66
644 616 2 66
644 658 13 66
644 692 17 66
55 14 1 67
55 15 1 67
55 49 4 67
55 71 4 67
55 14 6 67
55 15 6 67
55 56 6 67
188 188 2 67
188 188 5 67
188 142 12 67
322 350 6 67
639 616 1 67
639 658 12 67
14 49 3 68
14 14 5 68
14 15 5 68
14 56 5 68
15 49 3 68
15 14 5 68
15 15 5 68
15 56 5 68
430 429 4 68
430 381 15 68
616 586 1 68
616 578 3 68
616 658 11 68
188 188 3 69
188 142 10 69
586 578 2 69
49 14 2 71
49 15 2 71
49 56 2 71
71 56 2 71
188 142 7 72
429 381 11 72
731 733 1 72
731 692 11 72
350 381 10 73
733 692 10 73
658 692 4 79
