98 57 1 2
98 100 1 2
98 54 8 2
98 94 8 2
98 54 10 2
98 93 12 2
98 120 13 2
98 58 20 2
98 120 20 2
98 139 20 2
98 116 22 2
98 57 24 2
98 115 26 2
98 144 27 2
98 143 33 2
98 54 34 2
98 58 35 2
98 55 41 2
98 120 43 2
98 57 59 2
98 56 61 2
98 93 63 2
98 147 63 2
98 93 64 2
98 68 68 2
249 250 3 2
249 279 3 2
249 216 4 2
249 258 4 2
249 223 12 2
249 279 12 2
249 265 13 2
249 272 14 2
249 279 15 2
249 233 17 2
249 209 21 2
249 266 21 2
249 241 25 2
249 212 26 2
249 232 32 2
249 274 33 2
249 250 34 2
249 292 35 2
249 252 39 2
249 250 40 2
249 238 43 2
249 232 44 2
249 204 45 2
249 232 46 2
249 256 46 2
249 233 47 2
249 278 68 2
257 250 3 2
257 279 3 2
257 216 4 2
257 258 4 2
257 223 12 2
257 279 12 2
257 265 13 2
257 272 14 2
257 279 15 2
257 233 17 2
257 209 21 2
257 266 21 2
257 241 25 2
257 212 26 2
257 232 32 2
257 305 32 2
257 274 33 2
257 250 34 2
257 292 35 2
257 252 39 2
257 250 40 2
257 238 43 2
257 232 44 2
257 232 46 2
257 256 46 2
257 233 47 2
257 278 68 2
550 589 1 2
550 591 2 2
550 569 9 2
550 576 13 2
550 586 17 2
550 534 19 2
550 532 20 2
550 559 21 2
550 553 22 2
550 573 25 2
550 582 26 2
550 506 28 2
550 521 32 2
550 568 33 2
550 548 39 2
550 558 42 2
550 594 43 2
550 516 62 2
550 520 68 2
57 54 7 3
57 94 7 3
57 54 9 3
57 93 11 3
57 12 19 3
57 20 19 3
57 58 19 3
57 57 23 3
57 10 25 3
57 54 33 3
57 58 34 3
57 55 40 3
57 57 58 3
57 56 60 3
57 7 62 3
57 15 62 3
57 34 62 3
57 93 62 3
57 93 63 3
57 24 67 3
57 38 67 3
57 68 67 3
57 56 70 3
57 80 70 3
100 54 7 3
100 94 7 3
100 54 9 3
100 93 11 3
100 120 12 3
100 58 19 3
100 120 19 3
100 139 19 3
100 116 21 3
100 57 23 3
100 115 25 3
100 144 26 3
100 143 32 3
100 54 33 3
100 58 34 3
100 55 40 3
100 120 42 3
100 57 58 3
100 56 60 3
100 93 62 3
100 147 62 3
100 93 63 3
100 68 67 3
100 56 70 3
100 80 70 3
465 469 22 3
465 469 23 3
465 417 24 3
465 506 27 3
465 469 44 3
465 495 60 3
589 591 1 3
589 569 8 3
589 636 11 3
589 576 12 3
589 620 13 3
589 586 16 3
589 559 20 3
589 553 21 3
589 573 24 3
589 582 25 3
589 616 26 3
589 568 32 3
589 606 37 3
589 548 38 3
589 630 39 3
589 558 41 3
589 594 42 3
589 609 46 3
589 609 59 3
589 548 70 3
591 569 7 4
591 636 10 4
591 576 11 4
591 620 12 4
591 586 15 4
591 559 19 4
591 553 20 4
591 573 23 4
591 582 24 4
591 616 25 4
591 568 31 4
591 606 36 4
591 548 37 4
591 630 38 4
591 558 40 4
591 594 41 4
591 609 45 4
591 640 46 4
591 609 58 4
591 548 69 4
250 216 1 5
250 258 1 5
250 223 9 5
250 279 9 5
250 265 10 5
250 272 11 5
250 279 12 5
250 233 14 5
250 209 18 5
250 266 18 5
250 241 22 5
250 212 23 5
250 232 29 5
250 274 30 5
250 250 31 5
250 292 32 5
250 252 36 5
250 250 37 5
250 238 40 5
250 232 41 5
250 204 42 5
250 232 43 5
250 256 43 5
250 233 44 5
250 278 65 5
279 258 1 5
279 279 9 5
279 265 10 5
279 272 11 5
279 279 12 5
279 233 14 5
279 266 18 5
279 241 22 5
279 232 29 5
279 305 29 5
279 274 30 5
279 250 31 5
279 292 32 5
279 252 36 5
279 250 37 5
279 238 40 5
279 232 41 5
279 323 41 5
279 232 43 5
279 256 43 5
279 233 44 5
279 278 65 5
714 714 1 5
714 705 2 5
714 694 3 5
714 691 4 5
714 676 5 5
714 709 13 5
714 703 20 5
714 706 21 5
714 678 25 5
714 685 26 5
714 681 28 5
714 751 32 5
714 724 34 5
714 667 38 5
714 667 41 5
714 684 42 5
714 730 43 5
714 672 58 5
714 678 60 5
714 693 61 5
216 223 8 6
216 265 9 6
216 233 13 6
216 209 17 6
216 241 21 6
216 212 22 6
216 232 28 6
216 250 30 6
216 175 34 6
216 252 35 6
216 250 36 6
216 176 37 6
216 176 38 6
216 238 39 6
216 232 40 6
216 204 41 6
216 232 42 6
216 256 42 6
216 233 43 6
216 182 55 6
216 188 67 6
258 223 8 6
258 279 8 6
258 265 9 6
258 272 10 6
258 279 11 6
258 233 13 6
258 209 17 6
258 266 17 6
258 241 21 6
258 212 22 6
258 232 28 6
258 305 28 6
258 274 29 6
258 250 30 6
258 292 31 6
258 252 35 6
258 250 36 6
258 238 39 6
258 232 40 6
258 232 42 6
258 256 42 6
258 233 43 6
258 278 64 6
714 705 1 6
714 694 2 6
714 691 3 6
714 676 4 6
714 709 12 6
714 703 19 6
714 706 20 6
714 678 24 6
714 685 25 6
714 681 27 6
714 751 31 6
714 724 33 6
714 667 37 6
714 667 40 6
714 684 41 6
714 730 42 6
714 672 57 6
714 678 59 6
714 693 60 6
405 400 1 7
405 411 2 7
405 388 4 7
405 404 15 7
405 388 17 7
405 417 20 7
405 363 21 7
405 388 22 7
405 388 29 7
405 359 32 7
405 404 33 7
405 359 35 7
405 360 36 7
405 363 38 7
405 388 42 7
405 405 54 7
705 694 1 7
705 691 2 7
705 676 3 7
705 709 11 7
705 703 18 7
705 706 19 7
705 678 23 7
705 685 24 7
705 681 26 7
705 751 30 7
705 724 32 7
705 667 36 7
705 667 39 7
705 684 40 7
705 730 41 7
705 672 56 7
705 678 58 7
705 693 59 7
400 411 1 8
400 388 3 8
400 404 14 8
400 388 16 8
400 417 19 8
400 363 20 8
400 388 21 8
400 388 28 8
400 359 31 8
400 404 32 8
400 359 34 8
400 360 35 8
400 363 37 8
400 388 41 8
400 405 53 8
694 691 1 8
694 676 2 8
694 653 4 8
694 649 5 8
694 644 9 8
694 709 10 8
694 703 17 8
694 706 18 8
694 678 22 8
694 685 23 8
694 681 25 8
694 648 28 8
694 724 31 8
694 667 35 8
694 667 38 8
694 684 39 8
694 730 40 8
694 672 55 8
694 678 57 8
694 693 58 8
411 388 2 9
411 404 13 9
411 388 15 9
411 417 18 9
411 363 19 9
411 388 20 9
411 388 27 9
411 404 31 9
411 363 36 9
411 388 40 9
411 405 52 9
691 676 1 9
691 653 3 9
691 649 4 9
691 644 8 9
691 709 9 9
691 703 16 9
691 706 17 9
691 678 21 9
691 685 22 9
691 681 24 9
691 648 27 9
691 724 30 9
691 667 34 9
691 667 37 9
691 684 38 9
691 730 39 9
691 672 54 9
691 678 56 9
691 693 57 9
54 54 2 10
54 93 4 10
54 12 12 10
54 20 12 10
54 58 12 10
54 57 16 10
54 10 18 10
54 54 26 10
54 58 27 10
54 55 33 10
54 57 51 10
54 56 53 10
54 7 55 10
54 15 55 10
54 34 55 10
54 93 55 10
54 93 56 10
54 24 60 10
54 38 60 10
54 68 60 10
54 56 63 10
54 80 63 10
94 54 2 10
94 93 4 10
94 120 5 10
94 58 12 10
94 120 12 10
94 139 12 10
94 116 14 10
94 57 16 10
94 115 18 10
94 143 25 10
94 54 26 10
94 58 27 10
94 55 33 10
94 120 35 10
94 57 51 10
94 56 53 10
94 93 55 10
94 93 56 10
94 68 60 10
94 56 63 10
94 80 63 10
676 653 2 10
676 649 3 10
676 636 4 10
676 644 7 10
676 709 8 10
676 703 15 10
676 706 16 10
676 678 20 10
676 685 21 10
676 681 23 10
676 648 26 10
676 724 29 10
676 630 32 10
676 667 33 10
676 667 36 10
676 684 37 10
676 640 40 10
676 672 53 10
676 678 55 10
676 693 56 10
388 404 11 11
388 388 13 11
388 417 16 11
388 363 17 11
388 388 18 11
388 388 25 11
388 359 28 11
388 404 29 11
388 345 30 11
388 359 31 11
388 360 32 11
388 363 34 11
388 388 38 11
388 405 50 11
388 348 53 11
388 349 62 11
569 576 4 11
569 586 8 11
569 534 10 11
569 532 11 11
569 559 12 11
569 553 13 11
569 573 16 11
569 582 17 11
569 616 18 11
569 521 23 11
569 568 24 11
569 606 29 11
569 548 30 11
569 558 33 11
569 594 34 11
569 609 38 11
569 609 51 11
569 520 59 11
569 548 62 11
54 93 2 12
54 12 10 12
54 20 10 12
54 58 10 12
54 57 14 12
54 10 16 12
54 54 24 12
54 58 25 12
54 55 31 12
54 57 49 12
54 56 51 12
54 7 53 12
54 15 53 12
54 34 53 12
54 93 53 12
54 93 54 12
54 24 58 12
54 38 58 12
54 68 58 12
54 56 61 12
54 80 61 12
653 649 1 12
653 636 2 12
653 620 4 12
653 644 5 12
653 616 17 12
653 678 18 12
653 685 19 12
653 681 21 12
653 648 24 12
653 606 28 12
653 630 30 12
653 667 31 12
653 667 34 12
653 684 35 12
653 609 37 12
653 640 38 12
653 609 50 12
653 672 51 12
653 678 53 12
653 693 54 12
649 636 1 13
649 620 3 13
649 644 4 13
649 616 16 13
649 678 17 13
649 685 18 13
649 681 20 13
649 648 23 13
649 606 27 13
649 630 29 13
649 667 30 13
649 667 33 13
649 684 34 13
649 609 36 13
649 640 37 13
649 609 49 13
649 672 50 13
649 678 52 13
649 693 53 13
93 120 1 14
93 58 8 14
93 120 8 14
93 139 8 14
93 116 10 14
93 57 12 14
93 115 14 14
93 54 22 14
93 58 23 14
93 55 29 14
93 120 31 14
93 57 47 14
93 56 49 14
93 93 51 14
93 93 52 14
93 68 56 14
93 56 59 14
93 80 59 14
223 265 1 14
223 272 2 14
223 233 5 14
223 209 9 14
223 266 9 14
223 241 13 14
223 212 14 14
223 232 20 14
223 250 22 14
223 175 26 14
223 252 27 14
223 250 28 14
223 176 29 14
223 176 30 14
223 238 31 14
223 232 32 14
223 204 33 14
223 232 34 14
223 256 34 14
223 233 35 14
223 182 47 14
223 188 59 14
279 265 1 14
279 272 2 14
279 279 3 14
279 233 5 14
279 266 9 14
279 241 13 14
279 232 20 14
279 305 20 14
279 274 21 14
279 250 22 14
279 292 23 14
279 252 27 14
279 250 28 14
279 238 31 14
279 232 32 14
279 323 32 14
279 232 34 14
279 256 34 14
279 233 35 14
279 278 56 14
636 620 2 14
636 644 3 14
636 586 5 14
636 616 15 14
636 678 16 14
636 685 17 14
636 681 19 14
636 648 22 14
636 606 26 14
636 630 28 14
636 667 29 14
636 594 31 14
636 667 32 14
636 684 33 14
636 609 35 14
636 640 36 14
636 609 48 14
636 672 49 14
636 678 51 14
120 120 7 15
120 139 7 15
120 116 9 15
120 115 13 15
120 144 14 15
120 143 20 15
120 120 30 15
120 93 50 15
120 147 50 15
120 93 51 15
120 164 55 15
120 80 58 15
265 272 1 15
265 279 2 15
265 233 4 15
265 266 8 15
265 241 12 15
265 232 19 15
265 305 19 15
265 274 20 15
265 250 21 15
265 292 22 15
265 252 26 15
265 250 27 15
265 238 30 15
265 232 31 15
265 232 33 15
265 256 33 15
265 233 34 15
265 278 55 15
576 620 1 15
576 586 4 15
576 534 6 15
576 532 7 15
576 559 8 15
576 553 9 15
576 573 12 15
576 582 13 15
576 616 14 15
576 568 20 15
576 606 25 15
576 548 26 15
576 558 29 15
576 594 30 15
576 609 34 15
576 609 47 15
576 548 58 15
272 279 1 16
272 233 3 16
272 266 7 16
272 241 11 16
272 232 18 16
272 305 18 16
272 274 19 16
272 250 20 16
272 292 21 16
272 252 25 16
272 250 26 16
272 238 29 16
272 232 30 16
272 232 32 16
272 256 32 16
272 233 33 16
272 278 54 16
620 644 1 16
620 586 3 16
620 573 11 16
620 582 12 16
620 616 13 16
620 648 20 16
620 606 24 16
620 630 26 16
620 667 27 16
620 594 29 16
620 667 30 16
620 609 33 16
620 640 34 16
620 609 46 16
279 233 2 17
279 266 6 17
279 241 10 17
279 232 17 17
279 305 17 17
279 274 18 17
279 250 19 17
279 292 20 17
279 252 24 17
279 250 25 17
279 238 28 17
279 232 29 17
279 323 29 17
279 232 31 17
279 256 31 17
279 233 32 17
279 278 53 17
644 616 12 17
644 678 13 17
644 685 14 17
644 681 16 17
644 648 19 17
644 606 23 17
644 630 25 17
644 667 26 17
644 594 28 17
644 667 29 17
644 684 30 17
644 609 32 17
644 640 33 17
644 609 45 17
644 672 46 17
644 678 48 17
644 693 49 17
709 703 7 18
709 706 8 18
709 678 12 18
709 685 13 18
709 681 15 18
709 751 19 18
709 724 21 18
709 667 25 18
709 667 28 18
709 684 29 18
709 730 30 18
709 672 45 18
709 678 47 18
709 693 48 18
233 209 4 19
233 266 4 19
233 241 8 19
233 212 9 19
233 232 15 19
233 274 16 19
233 250 17 19
233 252 22 19
233 250 23 19
233 238 26 19
233 232 27 19
233 204 28 19
233 232 29 19
233 256 29 19
233 233 30 19
233 278 51 19
233 188 54 19
586 559 4 19
586 553 5 19
586 573 8 19
586 582 9 19
586 616 10 19
586 568 16 19
586 606 21 19
586 548 22 19
586 630 23 19
586 558 25 19
586 594 26 19
586 609 30 19
586 609 43 19
586 548 54 19
534 532 1 21
534 559 2 21
534 553 3 21
534 573 6 21
534 582 7 21
534 506 9 21
534 521 13 21
534 568 14 21
534 548 20 21
534 558 23 21
534 495 42 21
534 516 43 21
534 520 49 21
534 548 52 21
12 57 4 22
12 10 6 22
12 54 14 22
12 58 15 22
12 55 21 22
12 57 39 22
12 56 41 22
12 3 43 22
12 7 43 22
12 15 43 22
12 34 43 22
12 24 48 22
12 38 48 22
12 56 51 22
20 57 4 22
20 10 6 22
20 54 14 22
20 58 15 22
20 55 21 22
20 57 39 22
20 56 41 22
20 3 43 22
20 7 43 22
20 15 43 22
20 34 43 22
20 24 48 22
20 38 48 22
20 68 48 22
20 56 51 22
58 57 4 22
58 10 6 22
58 54 14 22
58 58 15 22
58 55 21 22
58 57 39 22
58 56 41 22
58 15 43 22
58 34 43 22
58 93 43 22
58 93 44 22
58 24 48 22
58 38 48 22
58 68 48 22
58 56 51 22
58 80 51 22
120 116 2 22
120 115 6 22
120 144 7 22
120 143 13 22
120 120 23 22
120 93 43 22
120 147 43 22
120 93 44 22
120 164 48 22
120 80 51 22
139 116 2 22
139 115 6 22
139 144 7 22
139 143 13 22
139 175 18 22
139 176 21 22
139 176 22 22
139 120 23 22
139 182 39 22
139 93 43 22
139 147 43 22
139 93 44 22
139 164 48 22
139 188 51 22
404 388 2 22
404 417 5 22
404 363 6 22
404 388 7 22
404 388 14 22
404 359 17 22
404 404 18 22
404 359 20 22
404 360 21 22
404 363 23 22
404 388 27 22
404 405 39 22
532 559 1 22
532 553 2 22
532 573 5 22
532 506 8 22
532 521 12 22
532 568 13 22
532 548 19 22
532 558 22 22
532 495 41 22
532 516 42 22
532 520 48 22
532 548 51 22
209 241 4 23
209 212 5 23
209 232 11 23
209 250 13 23
209 175 17 23
209 252 18 23
209 250 19 23
209 176 20 23
209 176 21 23
209 238 22 23
209 232 23 23
209 204 24 23
209 232 25 23
209 256 25 23
209 233 26 23
209 182 38 23
209 164 47 23
209 188 50 23
266 241 4 23
266 232 11 23
266 305 11 23
266 274 12 23
266 250 13 23
266 292 14 23
266 252 18 23
266 250 19 23
266 238 22 23
266 232 23 23
266 232 25 23
266 256 25 23
266 233 26 23
266 278 47 23
559 553 1 23
559 573 4 23
559 582 5 23
559 521 11 23
559 568 12 23
559 606 17 23
559 548 18 23
559 558 21 23
559 594 22 23
559 516 41 23
559 520 47 23
559 548 50 23
116 115 4 24
116 144 5 24
116 143 11 24
116 120 21 24
116 93 41 24
116 147 41 24
116 93 42 24
116 68 46 24
116 164 46 24
116 80 49 24
388 417 3 24
388 363 4 24
388 388 5 24
388 388 12 24
388 359 15 24
388 404 16 24
388 345 17 24
388 359 18 24
388 360 19 24
388 363 21 24
388 388 25 24
388 405 37 24
388 348 40 24
388 349 49 24
553 573 3 24
553 582 4 24
553 506 6 24
553 521 10 24
553 568 11 24
553 548 17 24
553 558 20 24
553 594 21 24
553 516 40 24
553 520 46 24
553 548 49 24
469 469 1 25
469 506 5 25
469 469 22 25
469 495 38 25
469 516 39 25
703 706 1 25
703 678 5 25
703 685 6 25
703 681 8 25
703 751 12 25
703 724 14 25
703 667 18 25
703 667 21 25
703 684 22 25
703 730 23 25
703 672 38 25
703 678 40 25
703 693 41 25
57 10 2 26
57 54 10 26
57 58 11 26
57 55 17 26
57 57 35 26
57 56 37 26
57 7 39 26
57 15 39 26
57 34 39 26
57 93 39 26
57 93 40 26
57 24 44 26
57 38 44 26
57 68 44 26
57 56 47 26
57 80 47 26
469 506 4 26
469 469 21 26
469 495 37 26
469 516 38 26
706 678 4 26
706 685 5 26
706 681 7 26
706 751 11 26
706 724 13 26
706 667 17 26
706 667 20 26
706 684 21 26
706 730 22 26
706 672 37 26
706 678 39 26
706 693 40 26
241 212 1 27
241 232 7 27
241 274 8 27
241 250 9 27
241 252 14 27
241 250 15 27
241 238 18 27
241 232 19 27
241 204 20 27
241 232 21 27
241 256 21 27
241 233 22 27
241 278 43 27
417 388 2 27
417 388 9 27
417 404 13 27
417 388 22 27
417 405 34 27
573 582 1 27
573 616 2 27
573 568 8 27
573 606 13 27
573 548 14 27
573 558 17 27
573 594 18 27
573 609 22 27
573 609 35 27
573 548 46 27
10 54 8 28
10 58 9 28
10 55 15 28
10 57 33 28
10 56 35 28
10 3 37 28
10 7 37 28
10 15 37 28
10 34 37 28
10 24 42 28
10 38 42 28
10 56 45 28
115 144 1 28
115 143 7 28
115 120 17 28
115 93 37 28
115 147 37 28
115 93 38 28
115 68 42 28
115 164 42 28
115 80 45 28
212 232 6 28
212 250 8 28
212 175 12 28
212 252 13 28
212 250 14 28
212 176 15 28
212 176 16 28
212 238 17 28
212 232 18 28
212 204 19 28
212 232 20 28
212 256 20 28
212 233 21 28
212 182 33 28
212 164 42 28
212 188 45 28
363 388 1 28
363 388 8 28
363 359 11 28
363 404 12 28
363 345 13 28
363 359 14 28
363 360 15 28
363 363 17 28
363 323 18 28
363 388 21 28
363 405 33 28
363 348 36 28
363 349 45 28
582 616 1 28
582 568 7 28
582 606 12 28
582 548 13 28
582 630 14 28
582 558 16 28
582 594 17 28
582 609 21 28
582 609 34 28
582 548 45 28
144 143 6 29
144 175 11 29
144 176 14 29
144 176 15 29
144 120 16 29
144 182 32 29
144 147 36 29
144 164 41 29
144 188 44 29
388 388 7 29
388 359 10 29
388 404 11 29
388 345 12 29
388 359 13 29
388 360 14 29
388 363 16 29
388 388 20 29
388 405 32 29
388 348 35 29
388 349 44 29
616 568 6 29
616 648 7 29
616 606 11 29
616 630 13 29
616 594 16 29
616 609 20 29
616 640 21 29
616 609 33 29
506 521 4 30
506 548 11 30
506 469 17 30
506 495 33 30
506 516 34 30
506 520 40 30
506 548 43 30
678 685 1 30
678 681 3 30
678 648 6 30
678 724 9 30
678 630 12 30
678 667 13 30
678 667 16 30
678 684 17 30
678 640 20 30
678 672 33 30
678 678 35 30
678 693 36 30
685 681 2 31
685 648 5 31
685 724 8 31
685 667 12 31
685 667 15 31
685 684 16 31
685 730 17 31
685 640 19 31
685 672 32 31
685 678 34 31
685 693 35 31
681 648 3 33
681 724 6 33
681 667 10 33
681 667 13 33
681 684 14 33
681 730 15 33
681 640 17 33
681 672 30 33
681 678 32 33
681 693 33 33
232 274 1 34
232 250 2 34
232 252 7 34
232 250 8 34
232 238 11 34
232 232 12 34
232 204 13 34
232 232 14 34
232 256 14 34
232 233 15 34
232 182 27 34
232 278 36 34
232 188 39 34
305 274 1 34
305 292 3 34
305 345 7 34
305 323 12 34
305 256 14 34
305 348 30 34
305 278 36 34
305 349 39 34
521 568 1 34
521 548 7 34
521 558 10 34
521 495 29 34
521 516 30 34
521 520 36 34
521 548 39 34
143 175 5 35
143 176 8 35
143 176 9 35
143 120 10 35
143 182 26 35
143 93 30 35
143 147 30 35
143 93 31 35
143 164 35 35
143 188 38 35
274 250 1 35
274 292 2 35
274 252 6 35
274 250 7 35
274 238 10 35
274 232 11 35
274 323 11 35
274 232 13 35
274 256 13 35
274 233 14 35
274 278 35 35
568 606 5 35
568 548 6 35
568 558 9 35
568 594 10 35
568 609 14 35
568 609 27 35
568 520 35 35
568 548 38 35
54 58 1 36
54 55 7 36
54 57 25 36
54 56 27 36
54 7 29 36
54 15 29 36
54 34 29 36
54 93 29 36
54 93 30 36
54 24 34 36
54 38 34 36
54 68 34 36
54 56 37 36
54 80 37 36
250 292 1 36
250 252 5 36
250 250 6 36
250 238 9 36
250 232 10 36
250 204 11 36
250 232 12 36
250 256 12 36
250 233 13 36
250 278 34 36
388 359 3 36
388 404 4 36
388 345 5 36
388 359 6 36
388 360 7 36
388 363 9 36
388 388 13 36
388 405 25 36
388 348 28 36
388 349 37 36
648 606 4 36
648 630 6 36
648 667 7 36
648 667 10 36
648 684 11 36
648 609 13 36
648 640 14 36
648 609 26 36
648 672 27 36
648 678 29 36
648 693 30 36
58 55 6 37
58 57 24 37
58 56 26 37
58 15 28 37
58 34 28 37
58 93 28 37
58 93 29 37
58 24 33 37
58 38 33 37
58 68 33 37
58 56 36 37
58 80 36 37
292 252 4 37
292 250 5 37
292 323 9 37
292 256 11 37
292 278 33 37
751 724 2 37
751 730 11 37
359 404 1 39
359 345 2 39
359 359 3 39
359 360 4 39
359 363 6 39
359 323 7 39
359 388 10 39
359 405 22 39
359 348 25 39
359 349 34 39
724 684 8 39
724 730 9 39
724 678 26 39
724 693 27 39
175 176 3 40
175 176 4 40
175 204 7 40
175 182 21 40
175 147 25 40
175 164 30 40
175 188 33 40
404 359 2 40
404 360 3 40
404 363 5 40
404 388 9 40
404 405 21 40
606 630 2 40
606 558 4 40
606 594 5 40
606 609 9 40
606 640 10 40
606 609 22 40
252 250 1 41
252 238 4 41
252 232 5 41
252 204 6 41
252 232 7 41
252 256 7 41
252 233 8 41
252 278 29 41
345 359 1 41
345 360 2 41
345 363 4 41
345 323 5 41
345 388 8 41
345 348 23 41
345 349 32 41
548 558 3 41
548 594 4 41
548 516 23 41
548 520 29 41
548 548 32 41
250 238 3 42
250 232 4 42
250 204 5 42
250 232 6 42
250 256 6 42
250 233 7 42
250 278 28 42
359 360 1 42
359 363 3 42
359 323 4 42
359 388 7 42
359 405 19 42
359 348 22 42
359 349 31 42
630 667 1 42
630 594 3 42
630 667 4 42
630 609 7 42
630 640 8 42
630 609 20 42
630 672 21 42
630 678 23 42
55 57 18 43
55 56 20 43
55 7 22 43
55 15 22 43
55 34 22 43
55 93 22 43
55 93 23 43
55 24 27 43
55 38 27 43
55 68 27 43
55 56 30 43
55 80 30 43
176 176 1 43
176 204 4 43
176 182 18 43
176 147 22 43
176 164 27 43
176 188 30 43
360 363 2 43
360 323 3 43
360 388 6 43
360 405 18 43
360 348 21 43
360 349 30 43
667 667 3 43
667 684 4 43
667 640 7 43
667 672 20 43
667 678 22 43
667 693 23 43
176 204 3 44
176 182 17 44
176 147 21 44
176 164 26 44
176 188 29 44
558 594 1 44
558 516 20 44
558 520 26 44
558 548 29 44
120 93 20 45
120 147 20 45
120 93 21 45
120 164 25 45
120 80 28 45
238 232 1 45
238 204 2 45
238 232 3 45
238 256 3 45
238 233 4 45
238 278 25 45
238 188 28 45
363 323 1 45
363 388 4 45
363 405 16 45
363 348 19 45
363 349 28 45
594 609 4 45
594 640 5 45
594 609 17 45
594 548 28 45
232 204 1 46
232 232 2 46
232 256 2 46
232 233 3 46
232 182 15 46
232 278 24 46
232 188 27 46
323 348 18 46
323 278 24 46
323 349 27 46
667 684 1 46
667 640 4 46
667 672 17 46
667 678 19 46
667 693 20 46
204 232 1 47
204 233 2 47
204 182 14 47
204 164 23 47
204 188 26 47
469 495 16 47
469 516 17 47
684 730 1 47
684 640 3 47
684 672 16 47
684 678 18 47
684 693 19 47
232 233 1 48
232 182 13 48
232 278 22 48
232 188 25 48
256 233 1 48
256 278 22 48
730 693 18 48
233 278 21 49
233 188 24 49
388 405 12 49
388 348 15 49
388 349 24 49
609 640 1 49
609 609 13 49
640 609 12 50
640 672 13 50
640 678 15 50
57 56 2 61
57 7 4 61
57 15 4 61
57 34 4 61
57 93 4 61
57 93 5 61
57 24 9 61
57 38 9 61
57 68 9 61
57 56 12 61
57 80 12 61
182 147 4 61
182 164 9 61
182 188 12 61
56 7 2 63
56 15 2 63
56 34 2 63
56 93 2 63
56 93 3 63
56 24 7 63
56 38 7 63
56 68 7 63
56 56 10 63
56 80 10 63
495 516 1 63
495 520 7 63
672 678 2 63
672 693 3 63
348 349 9 64
516 520 6 64
516 548 9 64
3 24 5 65
3 38 5 65
7 24 5 65
7 38 5 65
7 56 8 65
15 24 5 65
15 38 5 65
15 56 8 65
34 24 5 65
34 38 5 65
34 68 5 65
34 56 8 65
34 80 8 65
93 93 1 65
93 68 5 65
93 56 8 65
93 80 8 65
147 164 5 65
147 188 8 65
678 693 1 65
93 68 4 66
93 56 7 66
93 80 7 66
24 56 3 70
38 56 3 70
38 80 3 70
68 56 3 70
68 80 3 70
164 188 3 70
520 548 3 70
