430 430 3 0
430 385 4 0
430 431 6 0
710 710 1 0
710 739 2 0
710 664 4 0
710 711 5 0
710 709 6 0
710 710 7 0
710 711 8 0
710 739 9 0
710 739 10 0
710 711 11 0
710 739 12 0
710 711 13 0
710 710 14 0
710 709 15 0
710 712 16 0
710 740 17 0
710 695 18 0
710 694 19 0
710 727 20 0
362 385 3 1
362 362 8 1
710 739 1 1
710 664 3 1
710 711 4 1
710 709 5 1
710 710 6 1
710 711 7 1
710 739 8 1
710 739 9 1
710 711 10 1
710 739 11 1
710 711 12 1
710 710 13 1
710 709 14 1
710 712 15 1
710 740 16 1
710 695 17 1
710 694 18 1
710 727 19 1
710 726 20 1
739 711 3 2
739 709 4 2
739 710 5 2
739 711 6 2
739 739 7 2
739 739 8 2
739 711 9 2
739 739 10 2
739 711 11 2
739 710 12 2
739 709 13 2
739 712 14 2
739 740 15 2
739 695 16 2
739 694 17 2
739 727 18 2
739 726 19 2
739 694 20 2
79 75 8 3
79 72 9 3
79 79 10 3
79 79 11 3
79 80 13 3
79 73 14 3
79 36 18 3
79 84 19 3
79 45 20 3
79 123 20 3
79 128 20 3
430 385 1 3
430 431 3 3
195 197 1 4
195 235 3 4
195 199 18 4
385 431 2 4
385 362 5 4
664 711 1 4
664 709 2 4
664 710 3 4
664 711 4 4
664 711 7 4
664 711 9 4
664 710 10 4
664 709 11 4
664 712 12 4
664 695 14 4
664 694 15 4
664 694 18 4
664 695 19 4
197 235 2 5
197 199 17 5
711 709 1 5
711 710 2 5
711 711 3 5
711 739 4 5
711 739 5 5
711 711 6 5
711 739 7 5
711 711 8 5
711 710 9 5
711 709 10 5
711 712 11 5
711 740 12 5
711 695 13 5
711 694 14 5
711 727 15 5
711 726 16 5
711 694 17 5
711 695 18 5
711 727 19 5
711 739 20 5
709 710 1 6
709 711 2 6
709 739 3 6
709 739 4 6
709 711 5 6
709 739 6 6
709 711 7 6
709 710 8 6
709 709 9 6
709 712 10 6
709 740 11 6
709 695 12 6
709 694 13 6
709 727 14 6
709 726 15 6
709 694 16 6
709 695 17 6
709 727 18 6
709 739 19 6
235 268 5 7
235 267 8 7
235 269 10 7
235 199 15 7
235 278 15 7
710 711 1 7
710 739 2 7
710 739 3 7
710 711 4 7
710 739 5 7
710 711 6 7
710 710 7 7
710 709 8 7
710 712 9 7
710 740 10 7
710 695 11 7
710 694 12 7
710 727 13 7
710 726 14 7
710 694 15 7
710 695 16 7
710 727 17 7
710 739 18 7
711 739 1 8
711 739 2 8
711 711 3 8
711 739 4 8
711 711 5 8
711 710 6 8
711 709 7 8
711 712 8 8
711 740 9 8
711 695 10 8
711 694 11 8
711 727 12 8
711 726 13 8
711 694 14 8
711 695 15 8
711 727 16 8
711 739 17 8
362 333 15 9
362 369 20 9
739 739 1 9
739 711 2 9
739 739 3 9
739 711 4 9
739 710 5 9
739 709 6 9
739 712 7 9
739 740 8 9
739 695 9 9
739 694 10 9
739 727 11 9
739 726 12 9
739 694 13 9
739 695 14 9
739 727 15 9
739 739 16 9
739 711 1 10
739 739 2 10
739 711 3 10
739 710 4 10
739 709 5 10
739 712 6 10
739 740 7 10
739 695 8 10
739 694 9 10
739 727 10 10
739 726 11 10
739 694 12 10
739 695 13 10
739 727 14 10
739 739 15 10
75 72 1 11
75 79 2 11
75 79 3 11
75 80 5 11
75 73 6 11
75 36 10 11
75 84 11 11
75 45 12 11
75 123 12 11
75 44 13 11
75 84 13 11
75 41 15 11
75 82 15 11
75 42 18 11
75 124 18 11
711 739 1 11
711 711 2 11
711 710 3 11
711 709 4 11
711 712 5 11
711 740 6 11
711 695 7 11
711 694 8 11
711 727 9 11
711 726 10 11
711 694 11 11
711 695 12 11
711 727 13 11
711 739 14 11
711 724 20 11
72 79 1 12
72 79 2 12
72 80 4 12
72 73 5 12
72 36 9 12
72 84 10 12
72 45 11 12
72 44 12 12
72 84 12 12
72 41 14 12
72 82 14 12
72 42 17 12
72 37 20 12
72 81 20 12
268 267 3 12
268 269 5 12
268 300 6 12
268 278 10 12
268 310 11 12
268 296 14 12
739 711 1 12
739 710 2 12
739 709 3 12
739 712 4 12
739 740 5 12
739 695 6 12
739 694 7 12
739 727 8 12
739 726 9 12
739 694 10 12
739 695 11 12
739 727 12 12
739 739 13 12
739 724 19 12
79 79 1 13
79 80 3 13
79 73 4 13
79 36 8 13
79 84 9 13
79 45 10 13
79 123 10 13
79 128 10 13
79 44 11 13
79 84 11 13
79 41 13 13
79 82 13 13
79 128 14 13
79 42 16 13
79 124 16 13
79 37 19 13
79 81 19 13
711 710 1 13
711 709 2 13
711 712 3 13
711 740 4 13
711 695 5 13
711 694 6 13
711 727 7 13
711 726 8 13
711 694 9 13
711 695 10 13
711 727 11 13
711 739 12 13
711 724 18 13
711 664 19 13
711 726 20 13
79 80 2 14
79 73 3 14
79 36 7 14
79 84 8 14
79 45 9 14
79 123 9 14
79 128 9 14
79 44 10 14
79 84 10 14
79 41 12 14
79 82 12 14
79 128 13 14
79 42 15 14
79 124 15 14
79 37 18 14
79 81 18 14
501 501 2 14
501 460 13 14
710 709 1 14
710 712 2 14
710 740 3 14
710 695 4 14
710 694 5 14
710 727 6 14
710 726 7 14
710 694 8 14
710 695 9 14
710 727 10 14
710 739 11 14
710 724 17 14
710 664 18 14
710 726 19 14
710 726 20 14
267 269 2 15
267 300 3 15
267 278 7 15
267 310 8 15
267 296 11 15
267 267 20 15
709 712 1 15
709 740 2 15
709 695 3 15
709 694 4 15
709 727 5 15
709 726 6 15
709 694 7 15
709 695 8 15
709 727 9 15
709 739 10 15
709 724 16 15
709 664 17 15
709 726 18 15
709 726 19 15
709 726 20 15
80 73 1 16
80 36 5 16
80 84 6 16
80 45 7 16
80 123 7 16
80 128 7 16
80 44 8 16
80 84 8 16
80 41 10 16
80 82 10 16
80 129 10 16
80 128 11 16
80 42 13 16
80 124 13 16
80 37 16 16
80 81 16 16
80 38 19 16
80 40 20 16
80 84 20 16
80 129 20 16
501 460 11 16
712 740 1 16
712 695 2 16
712 694 3 16
712 727 4 16
712 726 5 16
712 694 6 16
712 695 7 16
712 727 8 16
712 739 9 16
712 724 15 16
712 664 16 16
712 726 17 16
712 726 18 16
712 726 19 16
712 726 20 16
73 36 4 17
73 84 5 17
73 45 6 17
73 44 7 17
73 84 7 17
73 41 9 17
73 82 9 17
73 42 12 17
73 37 15 17
73 81 15 17
73 38 18 17
73 40 19 17
73 84 19 17
269 300 1 17
269 278 5 17
269 310 6 17
269 296 9 17
269 267 18 17
740 695 1 17
740 694 2 17
740 727 3 17
740 726 4 17
740 694 5 17
740 695 6 17
740 727 7 17
740 739 8 17
740 724 14 17
740 726 16 17
740 726 17 17
740 726 18 17
740 726 19 17
300 278 4 18
300 310 5 18
300 333 6 18
300 296 8 18
300 267 17 18
695 694 1 18
695 727 2 18
695 726 3 18
695 694 4 18
695 695 5 18
695 727 6 18
695 739 7 18
695 724 13 18
695 664 14 18
695 726 15 18
695 726 16 18
695 726 17 18
695 726 18 18
695 664 19 18
694 727 1 19
694 726 2 19
694 694 3 19
694 695 4 19
694 727 5 19
694 739 6 19
694 724 12 19
694 664 13 19
694 726 14 19
694 726 15 19
694 726 16 19
694 726 17 19
694 664 18 19
694 663 20 19
727 726 1 20
727 694 2 20
727 695 3 20
727 727 4 20
727 739 5 20
727 724 11 20
727 726 13 20
727 726 14 20
727 726 15 20
727 726 16 20
36 84 1 21
36 45 2 21
36 44 3 21
36 84 3 21
36 41 5 21
36 82 5 21
36 42 8 21
36 37 11 21
36 81 11 21
36 38 14 21
36 40 15 21
36 84 15 21
36 42 18 21
726 694 1 21
726 695 2 21
726 727 3 21
726 739 4 21
726 724 10 21
726 726 12 21
726 726 13 21
726 726 14 21
726 726 15 21
84 45 1 22
84 123 1 22
84 128 1 22
84 44 2 22
84 84 2 22
84 130 2 22
84 41 4 22
84 82 4 22
84 129 4 22
84 128 5 22
84 42 7 22
84 124 7 22
84 37 10 22
84 81 10 22
84 38 13 22
84 40 14 22
84 84 14 22
84 129 14 22
84 42 17 22
84 44 20 22
84 76 20 22
199 165 12 22
199 196 17 22
199 193 18 22
199 204 20 22
278 310 1 22
278 296 4 22
278 267 13 22
278 275 17 22
278 305 20 22
694 695 1 22
694 727 2 22
694 739 3 22
694 724 9 22
694 664 10 22
694 726 11 22
694 726 12 22
694 726 13 22
694 726 14 22
694 664 15 22
694 663 17 22
694 663 18 22
694 664 19 22
694 710 20 22
45 44 1 23
45 84 1 23
45 41 3 23
45 82 3 23
45 42 6 23
45 37 9 23
45 81 9 23
45 38 12 23
45 40 13 23
45 84 13 23
45 42 16 23
45 44 19 23
45 76 19 23
123 84 1 23
123 130 1 23
123 82 3 23
123 129 3 23
123 128 4 23
123 124 6 23
123 81 9 23
123 165 11 23
123 84 13 23
123 129 13 23
123 76 19 23
128 84 1 23
128 130 1 23
128 82 3 23
128 129 3 23
128 128 4 23
128 124 6 23
128 81 9 23
128 165 11 23
128 84 13 23
128 129 13 23
310 333 1 23
310 296 3 23
310 267 12 23
310 275 16 23
310 305 19 23
695 727 1 23
695 739 2 23
695 724 8 23
695 664 9 23
695 726 10 23
695 726 11 23
695 726 12 23
695 726 13 23
695 664 14 23
695 663 16 23
695 663 17 23
695 664 18 23
695 710 19 23
695 710 20 23
44 41 2 24
44 82 2 24
44 42 5 24
44 37 8 24
44 81 8 24
44 38 11 24
44 40 12 24
44 84 12 24
44 42 15 24
44 44 18 24
44 76 18 24
84 41 2 24
84 82 2 24
84 129 2 24
84 128 3 24
84 42 5 24
84 124 5 24
84 37 8 24
84 81 8 24
84 38 11 24
84 40 12 24
84 84 12 24
84 129 12 24
84 42 15 24
84 44 18 24
84 76 18 24
130 82 2 24
130 129 2 24
130 128 3 24
130 124 5 24
130 81 8 24
130 165 10 24
130 84 12 24
130 129 12 24
333 296 2 24
333 369 5 24
333 367 12 24
333 305 18 24
727 739 1 24
727 724 7 24
727 726 9 24
727 726 10 24
727 726 11 24
727 726 12 24
727 710 18 24
727 710 19 24
727 710 20 24
739 724 6 25
739 726 8 25
739 726 9 25
739 726 10 25
739 726 11 25
739 710 17 25
739 710 18 25
739 710 19 25
739 710 20 25
41 42 3 26
41 37 6 26
41 81 6 26
41 38 9 26
41 40 10 26
41 84 10 26
41 42 13 26
41 44 16 26
41 76 16 26
82 128 1 26
82 42 3 26
82 124 3 26
82 37 6 26
82 81 6 26
82 38 9 26
82 40 10 26
82 84 10 26
82 129 10 26
82 42 13 26
82 44 16 26
82 76 16 26
129 128 1 26
129 124 3 26
129 81 6 26
129 165 8 26
129 84 10 26
129 129 10 26
296 267 9 26
296 275 13 26
296 305 16 26
630 628 1 26
630 629 2 26
630 629 3 26
630 627 4 26
630 664 6 26
630 664 11 26
630 663 13 26
630 663 14 26
630 664 15 26
128 124 2 27
128 81 5 27
128 165 7 27
128 84 9 27
128 129 9 27
460 414 5 27
460 477 13 27
628 629 1 27
628 629 2 27
628 627 3 27
628 664 5 27
628 664 10 27
628 663 12 27
628 663 13 27
628 664 14 27
629 629 1 28
629 627 2 28
629 664 4 28
629 664 9 28
629 663 11 28
629 663 12 28
629 664 13 28
42 37 3 29
42 81 3 29
42 38 6 29
42 40 7 29
42 84 7 29
42 42 10 29
42 44 13 29
42 76 13 29
42 73 18 29
42 74 19 29
42 43 20 29
42 74 20 29
124 81 3 29
124 165 5 29
124 84 7 29
124 129 7 29
124 76 13 29
124 74 19 29
124 74 20 29
369 414 3 29
369 367 7 29
369 385 9 29
629 627 1 29
629 664 3 29
629 664 8 29
629 663 10 29
629 663 11 29
629 664 12 29
627 664 2 30
627 664 7 30
627 663 9 30
627 663 10 30
627 664 11 30
627 627 20 30
724 726 2 31
724 726 3 31
724 726 4 31
724 726 5 31
724 710 11 31
724 710 12 31
724 710 13 31
724 710 14 31
724 710 15 31
724 711 16 31
724 709 17 31
724 711 18 31
37 38 3 32
37 40 4 32
37 84 4 32
37 42 7 32
37 44 10 32
37 76 10 32
37 73 15 32
37 74 16 32
37 43 17 32
37 74 17 32
81 38 3 32
81 40 4 32
81 84 4 32
81 129 4 32
81 42 7 32
81 44 10 32
81 76 10 32
81 73 15 32
81 74 16 32
81 43 17 32
81 74 17 32
414 367 4 32
414 385 6 32
414 367 20 32
664 664 5 32
664 663 7 32
664 663 8 32
664 664 9 32
664 710 10 32
664 710 11 32
664 710 12 32
664 710 13 32
664 710 14 32
664 711 15 32
664 709 16 32
664 711 17 32
664 627 18 32
726 726 1 33
726 726 2 33
726 726 3 33
726 710 9 33
726 710 10 33
726 710 11 33
726 710 12 33
726 710 13 33
726 711 14 33
726 709 15 33
726 711 16 33
165 129 2 34
165 196 5 34
165 193 6 34
165 204 8 34
165 207 15 34
726 726 1 34
726 726 2 34
726 710 8 34
726 710 9 34
726 710 10 34
726 710 11 34
726 710 12 34
726 711 13 34
726 709 14 34
726 711 15 34
38 40 1 35
38 84 1 35
38 42 4 35
38 44 7 35
38 76 7 35
38 73 12 35
38 74 13 35
38 43 14 35
38 74 14 35
267 275 4 35
267 305 7 35
267 309 14 35
726 726 1 35
726 710 7 35
726 710 8 35
726 710 9 35
726 710 10 35
726 710 11 35
726 711 12 35
726 709 13 35
726 711 14 35
40 42 3 36
40 44 6 36
40 76 6 36
40 73 11 36
40 74 12 36
40 43 13 36
40 74 13 36
84 42 3 36
84 44 6 36
84 76 6 36
84 73 11 36
84 74 12 36
84 43 13 36
84 74 13 36
367 385 2 36
367 367 16 36
367 394 19 36
726 710 6 36
726 710 7 36
726 710 8 36
726 710 9 36
726 710 10 36
726 711 11 36
726 709 12 36
726 711 13 36
664 663 2 37
664 663 3 37
664 664 4 37
664 710 5 37
664 710 6 37
664 710 7 37
664 710 8 37
664 710 9 37
664 711 10 37
664 709 11 37
664 711 12 37
664 627 13 37
664 626 16 37
664 626 17 37
664 626 19 37
664 628 20 37
385 367 14 38
385 394 17 38
385 430 18 38
571 571 13 38
571 571 14 38
571 571 17 38
42 44 3 39
42 76 3 39
42 73 8 39
42 74 9 39
42 43 10 39
42 74 10 39
42 80 19 39
196 193 1 39
196 204 3 39
196 207 10 39
275 305 3 39
275 309 10 39
663 663 1 39
663 664 2 39
663 710 3 39
663 710 4 39
663 710 5 39
663 710 6 39
663 710 7 39
663 711 8 39
663 709 9 39
663 711 10 39
663 627 11 39
663 626 14 39
663 626 15 39
663 626 17 39
663 628 18 39
663 628 19 39
663 641 20 39
193 204 2 40
193 207 9 40
477 430 16 40
663 664 1 40
663 710 2 40
663 710 3 40
663 710 4 40
663 710 5 40
663 710 6 40
663 711 7 40
663 709 8 40
663 711 9 40
663 627 10 40
663 626 13 40
663 626 14 40
663 626 16 40
663 628 17 40
663 628 18 40
663 641 19 40
663 672 20 40
664 710 1 41
664 710 2 41
664 710 3 41
664 710 4 41
664 710 5 41
664 711 6 41
664 709 7 41
664 711 8 41
664 627 9 41
664 626 12 41
664 626 13 41
664 626 15 41
664 628 16 41
664 628 17 41
664 641 18 41
664 672 19 41
664 635 20 41
44 73 5 42
44 74 6 42
44 43 7 42
44 74 7 42
44 80 16 42
44 76 19 42
76 73 5 42
76 74 6 42
76 43 7 42
76 74 7 42
76 80 16 42
76 76 19 42
204 207 7 42
305 309 7 42
710 710 1 42
710 710 2 42
710 710 3 42
710 710 4 42
710 711 5 42
710 709 6 42
710 711 7 42
710 672 18 42
710 661 20 42
710 710 1 43
710 710 2 43
710 710 3 43
710 711 4 43
710 709 5 43
710 711 6 43
710 672 17 43
710 661 19 43
710 710 1 44
710 710 2 44
710 711 3 44
710 709 4 44
710 711 5 44
710 672 16 44
710 661 18 44
710 710 1 45
710 711 2 45
710 709 3 45
710 711 4 45
710 672 15 45
710 661 17 45
710 664 20 45
710 711 1 46
710 709 2 46
710 711 3 46
710 672 14 46
710 661 16 46
710 664 19 46
710 709 20 46
73 74 1 47
73 43 2 47
73 74 2 47
73 80 11 47
73 76 14 47
73 42 18 47
73 75 18 47
711 709 1 47
711 711 2 47
711 672 13 47
711 661 15 47
711 664 18 47
711 709 19 47
711 711 20 47
74 43 1 48
74 74 1 48
74 80 10 48
74 76 13 48
74 42 17 48
74 75 17 48
74 84 20 48
709 711 1 48
709 672 12 48
709 661 14 48
709 664 17 48
709 709 18 48
709 711 19 48
709 709 20 48
43 80 9 49
43 76 12 49
43 42 16 49
43 75 16 49
43 84 19 49
74 80 9 49
74 76 12 49
74 42 16 49
74 75 16 49
74 84 19 49
711 672 11 49
711 661 13 49
711 664 16 49
711 709 17 49
711 711 18 49
711 709 19 49
627 626 3 50
627 626 4 50
627 626 6 50
627 628 7 50
627 628 8 50
627 641 9 50
627 672 10 50
627 635 11 50
627 661 12 50
627 664 15 50
627 601 20 50
571 571 1 51
571 571 4 51
571 570 12 51
571 571 13 51
571 571 18 51
571 601 19 51
571 601 20 51
367 394 3 52
367 367 13 52
367 367 16 52
367 360 17 52
367 337 19 52
367 405 20 52
571 571 3 52
571 570 11 52
571 571 12 52
571 571 17 52
571 601 18 52
571 601 19 52
571 593 20 52
626 626 1 53
626 626 3 53
626 628 4 53
626 628 5 53
626 641 6 53
626 672 7 53
626 635 8 53
626 661 9 53
626 664 12 53
626 601 17 53
626 601 18 53
626 593 19 53
626 627 20 53
626 626 2 54
626 628 3 54
626 628 4 54
626 641 5 54
626 672 6 54
626 635 7 54
626 661 8 54
626 664 11 54
626 601 16 54
626 601 17 54
626 593 18 54
626 627 19 54
626 601 20 54
394 430 1 55
394 431 6 55
394 429 8 55
394 367 10 55
394 430 11 55
394 367 13 55
394 360 14 55
394 405 17 55
571 570 8 55
571 571 9 55
571 571 14 55
571 601 15 55
571 601 16 55
571 593 17 55
571 601 19 55
430 431 5 56
430 429 7 56
430 430 10 56
430 405 16 56
626 628 1 56
626 628 2 56
626 641 3 56
626 672 4 56
626 635 5 56
626 661 6 56
626 664 9 56
626 601 14 56
626 601 15 56
626 593 16 56
626 627 17 56
626 601 18 56
626 663 19 56
628 628 1 57
628 641 2 57
628 672 3 57
628 635 4 57
628 661 5 57
628 664 8 57
628 601 13 57
628 601 14 57
628 593 15 57
628 627 16 57
628 601 17 57
628 663 18 57
80 76 3 58
80 42 7 58
80 75 7 58
80 84 10 58
80 36 13 58
80 85 13 58
80 37 16 58
80 75 16 58
80 75 19 58
80 42 20 58
80 121 20 58
628 641 1 58
628 672 2 58
628 635 3 58
628 661 4 58
628 664 7 58
628 601 12 58
628 601 13 58
628 593 14 58
628 627 15 58
628 601 16 58
628 663 17 58
641 672 1 59
641 635 2 59
641 661 3 59
641 664 6 59
641 601 11 59
641 601 12 59
641 593 13 59
641 627 14 59
641 601 15 59
641 663 16 59
672 635 1 60
672 661 2 60
672 664 5 60
672 709 6 60
672 711 7 60
672 709 8 60
672 627 13 60
672 663 15 60
672 701 18 60
672 629 20 60
76 42 4 61
76 75 4 61
76 84 7 61
76 36 10 61
76 85 10 61
76 37 13 61
76 75 13 61
76 75 16 61
76 42 17 61
76 121 17 61
76 72 19 61
76 43 20 61
76 75 20 61
431 429 2 61
431 430 5 61
431 405 11 61
431 403 18 61
635 661 1 61
635 664 4 61
635 601 9 61
635 601 10 61
635 593 11 61
635 627 12 61
635 601 13 61
635 663 14 61
635 629 19 61
635 662 20 61
661 664 3 62
661 709 4 62
661 709 6 62
661 627 11 62
661 663 13 62
661 701 16 62
661 629 18 62
661 662 19 62
661 661 20 62
429 430 3 63
429 405 9 63
429 403 16 63
570 571 1 63
570 571 6 63
570 601 7 63
570 601 8 63
570 593 9 63
570 601 11 63
570 553 13 63
570 554 14 63
570 555 16 63
571 571 5 64
571 601 6 64
571 601 7 64
571 593 8 64
571 601 10 64
571 553 12 64
571 554 13 64
571 555 15 64
42 84 3 65
42 36 6 65
42 85 6 65
42 37 9 65
42 75 9 65
42 75 12 65
42 42 13 65
42 72 15 65
42 43 16 65
42 75 16 65
42 42 19 65
75 84 3 65
75 36 6 65
75 85 6 65
75 37 9 65
75 75 9 65
75 75 12 65
75 42 13 65
75 121 13 65
75 72 15 65
75 43 16 65
75 75 16 65
75 42 19 65
367 367 3 65
367 360 4 65
367 337 6 65
367 405 7 65
367 367 13 65
367 403 14 65
367 367 19 65
664 709 1 65
664 711 2 65
664 709 3 65
664 627 8 65
664 663 10 65
664 701 13 65
664 629 15 65
664 662 16 65
664 661 17 65
664 665 18 65
664 664 19 65
664 683 20 65
430 405 6 66
430 403 13 66
709 711 1 66
709 709 2 66
709 663 9 66
709 701 12 66
709 662 15 66
709 661 16 66
709 665 17 66
709 664 18 66
709 683 19 66
711 709 1 67
711 663 8 67
711 701 11 67
711 662 14 67
711 661 15 67
711 665 16 67
711 664 17 67
711 683 18 67
84 36 3 68
84 85 3 68
84 37 6 68
84 75 6 68
84 75 9 68
84 42 10 68
84 121 10 68
84 72 12 68
84 43 13 68
84 75 13 68
84 128 13 68
84 126 14 68
84 42 16 68
84 45 19 68
84 76 19 68
367 360 1 68
367 337 3 68
367 405 4 68
367 367 10 68
367 403 11 68
367 367 16 68
367 405 20 68
709 663 7 68
709 701 10 68
709 662 13 68
709 661 14 68
709 665 15 68
709 664 16 68
709 683 17 68
360 337 2 69
360 405 3 69
360 367 9 69
360 403 10 69
360 367 15 69
360 312 18 69
360 405 19 69
571 601 1 69
571 601 2 69
571 593 3 69
571 601 5 69
571 553 7 69
571 554 8 69
571 555 10 69
571 600 17 69
571 552 18 69
571 553 19 69
571 569 20 69
601 601 1 70
601 593 2 70
601 627 3 70
601 601 4 70
601 553 6 70
601 554 7 70
601 555 9 70
601 629 10 70
601 600 16 70
601 552 17 70
601 553 18 70
601 569 19 70
601 570 20 70
36 37 3 71
36 75 3 71
36 75 6 71
36 42 7 71
36 72 9 71
36 43 10 71
36 75 10 71
36 42 13 71
36 45 16 71
36 76 16 71
85 37 3 71
85 75 3 71
85 75 6 71
85 42 7 71
85 121 7 71
85 72 9 71
85 43 10 71
85 75 10 71
85 128 10 71
85 126 11 71
85 42 13 71
85 45 16 71
85 76 16 71
337 306 3 71
337 367 7 71
337 297 10 71
337 367 13 71
337 312 16 71
601 593 1 71
601 627 2 71
601 601 3 71
601 553 5 71
601 554 6 71
601 555 8 71
601 629 9 71
601 600 15 71
601 552 16 71
601 553 17 71
601 569 18 71
601 570 19 71
405 367 6 72
405 403 7 72
405 367 12 72
405 405 16 72
593 627 1 72
593 601 2 72
593 553 4 72
593 554 5 72
593 555 7 72
593 629 8 72
593 600 14 72
593 552 15 72
593 553 16 72
593 569 17 72
593 570 18 72
593 627 20 72
627 601 1 73
627 663 2 73
627 629 7 73
627 662 8 73
627 661 9 73
627 665 10 73
627 664 11 73
627 600 13 73
627 666 18 73
627 627 19 73
627 629 20 73
37 75 3 74
37 42 4 74
37 72 6 74
37 43 7 74
37 75 7 74
37 42 10 74
37 45 13 74
37 76 13 74
37 75 20 74
75 75 3 74
75 42 4 74
75 121 4 74
75 72 6 74
75 43 7 74
75 75 7 74
75 42 10 74
75 45 13 74
75 76 13 74
75 75 20 74
306 297 7 74
306 312 13 74
601 553 2 74
601 554 3 74
601 555 5 74
601 629 6 74
601 600 12 74
601 552 13 74
601 553 14 74
601 569 15 74
601 570 16 74
601 627 18 74
601 629 19 74
663 701 3 75
663 629 5 75
663 662 6 75
663 661 7 75
663 665 8 75
663 664 9 75
663 683 10 75
663 666 16 75
663 627 17 75
663 629 18 75
663 663 19 75
553 554 1 76
553 555 3 76
553 600 10 76
553 552 11 76
553 553 12 76
553 569 13 76
553 570 14 76
553 569 19 76
553 571 20 76
75 42 1 77
75 121 1 77
75 72 3 77
75 43 4 77
75 75 4 77
75 42 7 77
75 45 10 77
75 76 10 77
75 75 17 77
554 555 2 77
554 600 9 77
554 552 10 77
554 553 11 77
554 569 12 77
554 570 13 77
554 569 18 77
554 571 19 77
42 72 2 78
42 43 3 78
42 75 3 78
42 42 6 78
42 45 9 78
42 76 9 78
42 75 16 78
121 72 2 78
121 75 3 78
121 128 3 78
121 126 4 78
121 76 9 78
121 165 9 78
121 75 16 78
367 403 1 78
367 367 6 78
367 405 10 78
701 662 3 78
701 661 4 78
701 665 5 78
701 664 6 78
701 683 7 78
701 666 13 78
701 663 16 78
701 675 20 78
403 367 5 79
403 405 9 79
555 600 7 79
555 552 8 79
555 553 9 79
555 569 10 79
555 570 11 79
555 569 16 79
555 571 17 79
555 599 20 79
72 43 1 80
72 75 1 80
72 42 4 80
72 45 7 80
72 76 7 80
72 75 14 80
629 662 1 80
629 661 2 80
629 665 3 80
629 664 4 80
629 600 6 80
629 666 11 80
629 627 12 80
629 629 13 80
629 663 14 80
629 629 17 80
629 675 18 80
629 599 19 80
629 675 20 80
43 42 3 81
43 45 6 81
43 76 6 81
43 75 13 81
75 42 3 81
75 45 6 81
75 76 6 81
75 75 13 81
128 126 1 81
128 165 6 81
297 312 6 81
297 276 14 81
662 661 1 81
662 665 2 81
662 664 3 81
662 683 4 81
662 666 10 81
662 627 11 81
662 629 12 81
662 663 13 81
662 629 16 81
662 675 17 81
662 675 19 81
662 683 20 81
126 76 5 82
126 165 5 82
204 165 5 82
204 195 10 82
204 195 11 82
204 234 15 82
204 232 16 82
661 665 1 82
661 664 2 82
661 683 3 82
661 666 9 82
661 627 10 82
661 629 11 82
661 663 12 82
661 629 15 82
661 675 16 82
661 675 18 82
661 683 19 82
661 626 20 82
665 664 1 83
665 683 2 83
665 666 8 83
665 627 9 83
665 629 10 83
665 663 11 83
665 629 14 83
665 675 15 83
665 675 17 83
665 683 18 83
665 626 19 83
42 45 3 84
42 76 3 84
42 75 10 84
42 79 19 84
367 405 4 84
664 683 1 84
664 666 7 84
664 627 8 84
664 629 9 84
664 663 10 84
664 629 13 84
664 675 14 84
664 675 16 84
664 683 17 84
664 626 18 84
664 628 20 84
683 666 6 85
683 663 9 85
683 675 13 85
683 675 15 85
683 683 16 85
600 552 1 86
600 553 2 86
600 569 3 86
600 570 4 86
600 627 6 86
600 629 7 86
600 569 9 86
600 571 10 86
600 629 11 86
600 599 13 86
600 626 16 86
600 571 17 86
600 628 18 86
600 626 19 86
600 627 20 86
45 75 7 87
45 79 16 87
45 78 20 87
76 75 7 87
76 79 16 87
76 105 18 87
76 102 19 87
76 78 20 87
165 195 5 87
165 195 6 87
312 276 8 87
312 287 16 87
552 553 1 87
552 569 2 87
552 570 3 87
552 569 8 87
552 571 9 87
552 599 12 87
552 571 16 87
405 431 18 88
553 569 1 88
553 570 2 88
553 569 7 88
553 571 8 88
553 599 11 88
553 571 15 88
569 570 1 89
569 569 6 89
569 571 7 89
569 599 10 89
569 571 14 89
570 569 5 90
570 571 6 90
570 599 9 90
570 571 13 90
666 627 1 91
666 629 2 91
666 663 3 91
666 629 6 91
666 675 7 91
666 675 9 91
666 683 10 91
666 626 11 91
666 628 13 91
666 626 14 91
666 627 15 91
666 627 16 91
666 629 17 91
666 628 18 91
666 629 19 91
666 643 20 91
195 195 1 92
195 234 5 92
195 232 6 92
627 629 1 92
627 663 2 92
627 629 5 92
627 675 6 92
627 599 7 92
627 675 8 92
627 626 10 92
627 628 12 92
627 626 13 92
627 627 14 92
627 627 15 92
627 629 16 92
627 628 17 92
627 629 18 92
627 643 19 92
627 629 20 92
195 234 4 93
195 232 5 93
629 663 1 93
629 629 4 93
629 675 5 93
629 599 6 93
629 675 7 93
629 626 9 93
629 628 11 93
629 626 12 93
629 627 13 93
629 627 14 93
629 629 15 93
629 628 16 93
629 629 17 93
629 643 18 93
629 629 19 93
629 638 20 93
75 79 9 94
75 105 11 94
75 102 12 94
75 78 13 94
75 122 16 94
663 629 3 94
663 675 4 94
663 675 6 94
663 683 7 94
663 626 8 94
663 628 10 94
663 626 11 94
663 627 12 94
663 627 13 94
663 629 14 94
663 628 15 94
663 629 16 94
663 643 17 94
663 629 18 94
663 638 19 94
663 642 20 94
276 234 2 95
276 232 3 95
276 287 8 95
276 314 13 95
276 315 15 95
569 571 1 95
569 599 4 95
569 571 8 95
569 568 20 95
571 599 3 96
571 571 7 96
571 568 19 96
234 232 1 97
234 267 19 97
234 272 20 97
629 675 1 97
629 599 2 97
629 675 3 97
629 626 5 97
629 628 7 97
629 626 8 97
629 627 9 97
629 627 10 97
629 629 11 97
629 628 12 97
629 629 13 97
629 643 14 97
629 629 15 97
629 638 16 97
629 642 17 97
629 664 19 97
629 665 20 97
232 267 18 98
232 182 19 98
232 272 19 98
232 182 20 98
232 268 20 98
675 675 2 98
675 683 3 98
675 626 4 98
675 628 6 98
675 626 7 98
675 627 8 98
675 627 9 98
675 629 10 98
675 628 11 98
675 629 12 98
675 643 13 98
675 629 14 98
675 638 15 98
675 642 16 98
675 664 18 98
675 665 19 98
675 709 20 98
599 626 3 99
599 571 4 99
599 628 5 99
599 626 6 99
599 627 7 99
599 627 8 99
599 629 9 99
599 628 10 99
599 629 11 99
599 643 12 99
599 629 13 99
599 638 14 99
599 642 15 99
599 568 16 99
675 683 1 100
675 626 2 100
675 628 4 100
675 626 5 100
675 627 6 100
675 627 7 100
675 629 8 100
675 628 9 100
675 629 10 100
675 643 11 100
675 629 12 100
675 638 13 100
675 642 14 100
675 664 16 100
675 665 17 100
675 709 18 100
675 709 20 100
683 643 10 101
683 638 12 101
683 642 13 101
683 664 15 101
683 665 16 101
683 709 17 101
683 709 19 101
626 628 2 102
626 626 3 102
626 627 4 102
626 627 5 102
626 629 6 102
626 628 7 102
626 629 8 102
626 643 9 102
626 629 10 102
626 638 11 102
626 642 12 102
626 664 14 102
626 665 15 102
626 600 19 102
79 105 2 103
79 102 3 103
79 78 4 103
79 122 7 103
79 43 17 103
79 75 17 103
79 54 19 103
79 56 20 103
287 314 5 103
287 315 7 103
287 334 10 103
287 267 13 103
287 272 14 103
287 268 15 103
287 267 16 103
287 300 20 103
571 568 12 103
571 600 18 103
571 532 19 103
571 594 20 103
628 626 1 104
628 627 2 104
628 627 3 104
628 629 4 104
628 628 5 104
628 629 6 104
628 643 7 104
628 629 8 104
628 638 9 104
628 642 10 104
628 664 12 104
628 665 13 104
628 600 17 104
628 594 19 104
628 600 20 104
105 102 1 105
105 78 2 105
105 122 5 105
105 130 5 105
105 136 6 105
105 140 7 105
105 146 9 105
105 75 15 105
105 56 18 105
105 60 19 105
105 65 19 105
105 63 20 105
626 627 1 105
626 627 2 105
626 629 3 105
626 628 4 105
626 629 5 105
626 643 6 105
626 629 7 105
626 638 8 105
626 642 9 105
626 664 11 105
626 665 12 105
626 600 16 105
626 594 18 105
626 600 19 105
102 78 1 106
102 122 4 106
102 130 4 106
102 136 5 106
102 140 6 106
102 146 8 106
102 75 14 106
102 54 16 106
102 56 17 106
102 60 18 106
102 65 18 106
102 63 19 106
102 61 20 106
102 121 20 106
431 430 9 106
627 627 1 106
627 629 2 106
627 628 3 106
627 629 4 106
627 643 5 106
627 629 6 106
627 638 7 106
627 642 8 106
627 664 10 106
627 665 11 106
627 600 15 106
627 594 17 106
627 600 18 106
78 122 3 107
78 43 13 107
78 75 13 107
78 54 15 107
78 56 16 107
78 60 17 107
78 65 17 107
78 63 18 107
78 61 19 107
78 121 19 107
627 629 1 107
627 628 2 107
627 629 3 107
627 643 4 107
627 629 5 107
627 638 6 107
627 642 7 107
627 664 9 107
627 665 10 107
627 600 14 107
627 594 16 107
627 600 17 107
627 665 20 107
314 315 2 108
314 334 5 108
314 267 8 108
314 272 9 108
314 268 10 108
314 267 11 108
314 300 15 108
314 300 18 108
629 628 1 108
629 629 2 108
629 643 3 108
629 629 4 108
629 638 5 108
629 642 6 108
629 664 8 108
629 665 9 108
629 600 13 108
629 594 15 108
629 600 16 108
629 665 19 108
628 629 1 109
628 643 2 109
628 629 3 109
628 638 4 109
628 642 5 109
628 664 7 109
628 665 8 109
628 600 12 109
628 594 14 109
628 600 15 109
628 665 18 109
122 136 1 110
122 140 2 110
122 146 4 110
122 170 9 110
122 75 10 110
122 121 16 110
130 136 1 110
130 140 2 110
130 146 4 110
130 170 9 110
130 121 16 110
315 334 3 110
315 267 6 110
315 272 7 110
315 268 8 110
315 267 9 110
315 300 13 110
315 300 16 110
315 331 19 110
629 643 1 110
629 629 2 110
629 638 3 110
629 642 4 110
629 664 6 110
629 665 7 110
629 600 11 110
629 594 13 110
629 600 14 110
629 665 17 110
136 140 1 111
136 146 3 111
136 182 6 111
136 182 7 111
136 170 8 111
136 181 9 111
136 121 15 111
643 629 1 111
643 638 2 111
643 642 3 111
643 664 5 111
643 665 6 111
643 600 10 111
643 594 12 111
643 600 13 111
643 665 16 111
140 146 2 112
140 182 5 112
140 182 6 112
140 170 7 112
140 181 8 112
140 121 14 112
140 127 20 112
497 498 2 112
497 517 7 112
497 532 10 112
497 536 13 112
497 537 14 112
629 638 1 112
629 642 2 112
629 664 4 112
629 665 5 112
629 600 9 112
629 594 11 112
629 600 12 112
629 665 15 112
334 374 9 113
334 300 10 113
334 378 11 113
334 300 13 113
334 331 16 113
638 642 1 113
638 664 3 113
638 665 4 113
638 600 8 113
638 594 10 113
638 600 11 113
638 665 14 113
638 662 20 113
146 182 3 114
146 182 4 114
146 170 5 114
146 181 6 114
146 121 12 114
146 127 18 114
146 117 19 114
498 517 5 114
498 532 8 114
498 536 11 114
498 537 12 114
642 664 2 114
642 665 3 114
642 600 7 114
642 594 9 114
642 600 10 114
642 665 13 114
642 662 19 114
642 661 20 114
568 600 6 115
568 532 7 115
568 594 8 115
568 600 9 115
568 536 10 115
568 537 11 115
568 552 13 115
568 554 14 115
568 552 16 115
568 555 17 115
24 19 2 116
24 43 4 116
24 54 6 116
24 56 7 116
24 60 8 116
24 65 8 116
24 63 9 116
24 61 10 116
24 33 15 116
24 34 16 116
267 272 1 116
267 268 2 116
267 267 3 116
267 300 7 116
267 221 8 116
267 220 9 116
267 300 10 116
267 249 13 116
267 251 14 116
267 255 14 116
267 246 15 116
267 255 15 116
267 257 16 116
267 254 17 116
267 265 17 116
267 248 18 116
267 262 18 116
664 665 1 116
664 709 2 116
664 709 4 116
664 665 11 116
664 701 14 116
664 662 17 116
664 661 18 116
664 665 20 116
182 182 1 117
182 170 2 117
182 181 3 117
182 207 6 117
182 221 7 117
182 220 8 117
182 182 18 117
182 180 19 117
182 163 20 117
272 268 1 117
272 267 2 117
272 300 6 117
272 300 9 117
272 249 12 117
272 251 13 117
272 255 13 117
272 246 14 117
272 255 14 117
272 257 15 117
272 254 16 117
272 265 16 117
272 248 17 117
272 262 17 117
665 709 1 117
665 709 3 117
665 665 10 117
665 701 13 117
665 662 16 117
665 661 17 117
665 665 19 117
665 683 20 117
19 43 2 118
19 54 4 118
19 56 5 118
19 60 6 118
19 65 6 118
19 63 7 118
19 61 8 118
19 33 13 118
19 34 14 118
19 20 19 118
182 170 1 118
182 181 2 118
182 207 5 118
182 221 6 118
182 220 7 118
182 182 17 118
182 180 18 118
182 163 19 118
182 182 20 118
268 267 1 118
268 300 5 118
268 221 6 118
268 220 7 118
268 300 8 118
268 249 11 118
268 251 12 118
268 255 12 118
268 246 13 118
268 255 13 118
268 257 14 118
268 254 15 118
268 265 15 118
268 248 16 118
268 262 16 118
709 709 2 118
709 665 9 118
709 701 12 118
709 662 15 118
709 661 16 118
709 665 18 118
709 683 19 118
170 181 1 119
170 207 4 119
170 121 7 119
170 127 13 119
170 182 16 119
170 180 17 119
170 163 18 119
170 182 19 119
170 168 20 119
267 300 4 119
267 221 5 119
267 220 6 119
267 300 7 119
267 249 10 119
267 251 11 119
267 255 11 119
267 246 12 119
267 255 12 119
267 257 13 119
267 254 14 119
267 265 14 119
267 248 15 119
267 262 15 119
517 532 3 119
517 536 6 119
517 537 7 119
517 552 9 119
517 554 10 119
517 552 12 119
517 555 13 119
517 517 16 119
517 518 19 119
43 54 2 120
43 56 3 120
43 60 4 120
43 65 4 120
43 63 5 120
43 61 6 120
43 33 11 120
43 34 12 120
43 20 17 120
43 23 19 120
43 26 20 120
75 54 2 120
75 56 3 120
75 60 4 120
75 65 4 120
75 63 5 120
75 61 6 120
75 121 6 120
75 33 11 120
75 34 12 120
75 117 13 120
75 26 20 120
181 207 3 120
181 221 4 120
181 220 5 120
181 182 15 120
181 180 16 120
181 163 17 120
181 182 18 120
181 168 19 120
181 160 20 120
709 665 7 120
709 701 10 120
709 662 13 120
709 661 14 120
709 665 16 120
709 683 17 120
709 683 19 120
600 594 2 121
600 600 3 121
600 552 7 121
600 554 8 121
600 552 10 121
600 555 11 121
600 552 19 121
600 569 20 121
54 56 1 122
54 60 2 122
54 65 2 122
54 63 3 122
54 61 4 122
54 33 9 122
54 34 10 122
54 20 15 122
54 23 17 122
54 26 18 122
54 44 20 122
54 75 20 122
374 378 2 122
374 331 7 122
374 350 14 122
374 405 18 122
532 536 3 122
532 537 4 122
532 552 6 122
532 554 7 122
532 552 9 122
532 555 10 122
532 517 13 122
532 518 16 122
532 552 18 122
532 569 19 122
56 60 1 123
56 65 1 123
56 63 2 123
56 61 3 123
56 33 8 123
56 34 9 123
56 20 14 123
56 23 16 123
56 26 17 123
56 44 19 123
56 75 19 123
56 104 20 123
207 221 1 123
207 220 2 123
207 249 6 123
207 251 7 123
207 255 7 123
207 246 8 123
207 255 8 123
207 254 10 123
207 248 11 123
207 182 12 123
207 180 13 123
207 163 14 123
207 182 15 123
207 168 16 123
207 160 17 123
207 196 20 123
300 300 3 123
300 331 6 123
300 251 7 123
300 255 7 123
300 255 8 123
300 257 9 123
300 254 10 123
300 265 10 123
300 262 11 123
300 297 19 123
594 600 1 123
594 552 5 123
594 554 6 123
594 552 8 123
594 555 9 123
594 552 17 123
594 569 18 123
60 63 1 124
60 61 2 124
60 33 7 124
60 34 8 124
60 20 13 124
60 23 15 124
60 26 16 124
60 44 18 124
60 75 18 124
60 104 19 124
60 99 20 124
65 63 1 124
65 61 2 124
65 33 7 124
65 34 8 124
65 20 13 124
65 23 15 124
65 26 16 124
65 44 18 124
65 75 18 124
65 104 19 124
65 99 20 124
221 220 1 124
221 249 5 124
221 251 6 124
221 255 6 124
221 246 7 124
221 255 7 124
221 257 8 124
221 254 9 124
221 265 9 124
221 248 10 124
221 262 10 124
221 182 11 124
221 180 12 124
221 182 14 124
221 196 19 124
378 331 5 124
378 350 12 124
378 405 16 124
600 552 4 124
600 554 5 124
600 552 7 124
600 555 8 124
600 552 16 124
600 569 17 124
600 626 20 124
63 61 1 125
63 33 6 125
63 34 7 125
63 20 12 125
63 23 14 125
63 26 15 125
63 44 17 125
63 75 17 125
63 104 18 125
63 99 19 125
63 90 20 125
220 249 4 125
220 251 5 125
220 255 5 125
220 246 6 125
220 255 6 125
220 257 7 125
220 254 8 125
220 265 8 125
220 248 9 125
220 262 9 125
220 182 10 125
220 180 11 125
220 182 13 125
220 196 18 125
536 537 1 125
536 552 3 125
536 554 4 125
536 552 6 125
536 555 7 125
536 517 10 125
536 518 13 125
536 552 15 125
536 569 16 125
61 33 5 126
61 34 6 126
61 20 11 126
61 23 13 126
61 26 14 126
61 44 16 126
61 75 16 126
61 104 17 126
61 99 18 126
61 90 19 126
61 93 20 126
121 127 6 126
121 117 7 126
121 163 11 126
121 168 13 126
121 160 14 126
121 75 16 126
121 104 17 126
121 99 18 126
121 90 19 126
121 93 20 126
300 331 3 126
300 251 4 126
300 255 4 126
300 255 5 126
300 257 6 126
300 254 7 126
300 265 7 126
300 262 8 126
300 297 16 126
537 552 2 126
537 554 3 126
537 552 5 126
537 555 6 126
537 517 9 126
537 518 12 126
537 552 14 126
537 569 15 126
665 701 3 127
665 662 6 127
665 661 7 127
665 665 9 127
665 683 10 127
665 683 12 127
665 664 15 127
665 664 16 127
665 626 17 127
665 711 19 127
552 554 1 128
552 552 3 128
552 555 4 128
552 517 7 128
552 518 10 128
552 552 12 128
552 569 13 128
552 570 19 128
552 571 20 128
249 251 1 129
249 255 1 129
249 246 2 129
249 255 2 129
249 257 3 129
249 254 4 129
249 265 4 129
249 248 5 129
249 262 5 129
249 297 13 129
331 350 7 129
331 297 13 129
331 323 20 129
554 552 2 129
554 555 3 129
554 517 6 129
554 518 9 129
554 552 11 129
554 569 12 129
554 570 18 129
554 571 19 129
251 246 1 130
251 255 1 130
251 257 2 130
251 254 3 130
251 265 3 130
251 248 4 130
251 262 4 130
251 297 12 130
255 246 1 130
255 255 1 130
255 257 2 130
255 254 3 130
255 265 3 130
255 248 4 130
255 262 4 130
255 297 12 130
701 662 3 130
701 661 4 130
701 665 6 130
701 683 7 130
701 683 9 130
701 664 12 130
701 664 13 130
701 733 15 130
701 711 16 130
701 707 19 130
33 34 1 131
33 20 6 131
33 23 8 131
33 26 9 131
33 44 11 131
33 75 11 131
246 257 1 131
246 254 2 131
246 265 2 131
246 248 3 131
246 262 3 131
246 196 12 131
255 257 1 131
255 254 2 131
255 265 2 131
255 248 3 131
255 262 3 131
255 297 11 131
552 555 1 131
552 517 4 131
552 518 7 131
552 552 9 131
552 569 10 131
552 570 16 131
552 571 17 131
552 600 19 131
552 601 20 131
34 20 5 132
34 23 7 132
34 26 8 132
34 44 10 132
34 75 10 132
127 117 1 132
127 163 5 132
127 168 7 132
127 160 8 132
127 104 11 132
127 99 12 132
127 90 13 132
127 93 14 132
127 142 17 132
127 151 18 132
127 147 19 132
127 142 20 132
257 254 1 132
257 265 1 132
257 248 2 132
257 262 2 132
257 297 10 132
555 517 3 132
555 518 6 132
555 552 8 132
555 569 9 132
555 570 15 132
555 571 16 132
555 600 18 132
555 601 19 132
117 163 4 133
117 160 7 133
117 75 9 133
117 104 10 133
117 99 11 133
117 90 12 133
117 93 13 133
117 142 16 133
117 151 17 133
117 147 18 133
117 142 19 133
254 248 1 133
254 262 1 133
254 297 9 133
265 248 1 133
265 262 1 133
265 297 9 133
662 661 1 133
662 665 3 133
662 683 4 133
662 683 6 133
662 664 9 133
662 664 10 133
662 626 11 133
662 711 13 133
662 707 16 133
662 684 19 133
662 683 20 133
248 297 8 134
262 297 8 134
661 665 2 134
661 683 3 134
661 683 5 134
661 664 8 134
661 664 9 134
661 626 10 134
661 707 15 134
661 684 18 134
661 683 19 134
661 626 20 134
182 180 1 135
182 163 2 135
182 182 3 135
182 168 4 135
182 160 5 135
182 196 8 135
182 142 14 135
182 151 15 135
182 147 16 135
182 142 17 135
517 518 3 135
517 552 5 135
517 476 8 135
517 476 9 135
517 476 11 135
517 497 15 135
517 497 16 135
180 163 1 136
180 182 2 136
180 168 3 136
180 160 4 136
180 196 7 136
180 142 13 136
180 151 14 136
180 147 15 136
180 142 16 136
180 194 20 136
350 323 13 136
350 327 16 136
665 683 1 136
665 683 3 136
665 664 6 136
665 664 7 136
665 626 8 136
665 711 10 136
665 707 13 136
665 684 16 136
665 683 17 136
665 626 18 136
665 620 19 136
665 627 20 136
20 23 2 137
20 26 3 137
20 44 5 137
20 42 16 137
163 182 1 137
163 168 2 137
163 160 3 137
163 196 6 137
163 142 12 137
163 151 13 137
163 147 14 137
163 142 15 137
163 194 19 137
163 199 20 137
683 683 2 137
683 664 5 137
683 664 6 137
683 711 9 137
683 707 12 137
683 684 15 137
683 683 16 137
182 168 1 138
182 160 2 138
182 196 5 138
182 142 11 138
182 151 12 138
182 147 13 138
182 142 14 138
182 194 18 138
182 199 19 138
518 552 2 138
518 476 5 138
518 476 6 138
518 476 8 138
518 497 12 138
518 497 13 138
518 477 19 138
23 26 1 139
23 44 3 139
23 42 14 139
168 160 1 139
168 196 4 139
168 142 10 139
168 151 11 139
168 147 12 139
168 142 13 139
168 194 17 139
168 199 18 139
683 664 3 139
683 664 4 139
683 711 7 139
683 707 10 139
683 684 13 139
683 683 14 139
26 44 2 140
26 75 2 140
26 42 13 140
160 196 3 140
160 142 9 140
160 151 10 140
160 147 11 140
160 142 12 140
160 194 16 140
160 199 17 140
405 430 1 140
552 569 1 140
552 570 7 140
552 571 8 140
552 600 10 140
552 601 11 140
430 476 2 141
430 476 3 141
430 476 5 141
430 477 16 141
430 476 18 141
569 570 6 141
569 571 7 141
569 600 9 141
569 601 10 141
569 613 17 141
44 90 3 142
44 93 4 142
44 42 11 142
44 91 13 142
44 92 16 142
75 104 1 142
75 99 2 142
75 90 3 142
75 93 4 142
75 42 11 142
75 91 13 142
75 100 14 142
75 95 15 142
75 92 16 142
75 100 17 142
297 323 7 142
297 327 10 142
297 286 13 142
297 284 16 142
297 313 18 142
297 324 20 142
664 664 1 142
664 626 2 142
664 711 4 142
664 707 7 142
664 684 10 142
664 683 11 142
664 626 12 142
664 620 13 142
664 627 14 142
664 625 15 142
664 625 17 142
664 638 18 142
664 628 19 142
664 641 20 142
104 99 1 143
104 90 2 143
104 93 3 143
104 142 6 143
104 151 7 143
104 147 8 143
104 142 9 143
104 91 12 143
104 100 13 143
104 95 14 143
104 92 15 143
104 100 16 143
104 149 20 143
196 151 7 143
196 147 8 143
196 194 13 143
196 199 14 143
196 149 20 143
476 476 1 143
476 476 3 143
476 497 7 143
476 497 8 143
476 477 14 143
476 476 16 143
476 497 18 143
664 626 1 143
664 711 3 143
664 707 6 143
664 684 9 143
664 683 10 143
664 626 11 143
664 620 12 143
664 627 13 143
664 625 14 143
664 625 16 143
664 638 17 143
664 628 18 143
664 641 19 143
664 672 20 143
99 90 1 144
99 93 2 144
99 142 5 144
99 147 7 144
99 142 8 144
99 91 11 144
99 100 12 144
99 95 13 144
99 92 14 144
99 100 15 144
476 476 2 144
476 497 6 144
476 497 7 144
476 477 13 144
476 476 15 144
476 497 17 144
476 496 20 144
626 600 6 144
626 601 7 144
626 626 10 144
626 620 11 144
626 627 12 144
626 625 13 144
626 613 14 144
626 625 15 144
626 638 16 144
626 628 17 144
626 641 18 144
626 672 19 144
626 638 20 144
90 93 1 145
90 42 8 145
90 91 10 145
90 100 11 145
90 95 12 145
90 92 13 145
90 100 14 145
733 711 1 145
733 707 4 145
733 684 7 145
733 683 8 145
93 142 3 146
93 142 6 146
93 91 9 146
93 100 10 146
93 95 11 146
93 92 12 146
93 100 13 146
93 142 19 146
476 497 4 146
476 497 5 146
476 477 11 146
476 476 13 146
476 497 15 146
476 496 18 146
476 499 20 146
711 707 3 146
711 684 6 146
711 683 7 146
711 672 17 146
570 571 1 147
570 600 3 147
570 601 4 147
570 613 11 147
570 571 20 147
571 600 2 148
571 601 3 148
571 620 7 148
571 613 10 148
571 571 19 148
142 151 1 149
142 147 2 149
142 142 3 149
142 100 7 149
142 95 8 149
142 92 9 149
142 100 10 149
142 149 14 149
142 153 15 149
142 142 16 149
142 146 17 149
142 183 19 149
142 168 20 149
323 327 3 149
323 286 6 149
323 284 9 149
323 313 11 149
323 324 13 149
323 322 14 149
323 322 16 149
323 352 20 149
707 684 3 149
707 683 4 149
707 672 14 149
707 658 17 149
707 664 19 149
707 708 20 149
151 147 1 150
151 142 2 150
151 194 6 150
151 199 7 150
151 149 13 150
151 153 14 150
151 142 15 150
151 146 16 150
151 183 18 150
151 168 19 150
151 176 20 150
497 497 1 150
497 477 7 150
497 476 9 150
497 497 11 150
497 496 14 150
497 499 16 150
600 601 1 150
600 626 4 150
600 620 5 150
600 627 6 150
600 625 7 150
600 613 8 150
600 625 9 150
600 638 10 150
600 628 11 150
600 641 12 150
600 638 14 150
600 638 15 150
600 571 17 150
147 142 1 151
147 100 5 151
147 194 5 151
147 100 8 151
147 149 12 151
147 153 13 151
147 142 14 151
147 146 15 151
147 183 17 151
147 168 18 151
147 176 19 151
147 180 20 151
497 477 6 151
497 476 8 151
497 497 10 151
497 496 13 151
497 499 15 151
601 626 3 151
601 620 4 151
601 627 5 151
601 625 6 151
601 613 7 151
601 625 8 151
601 638 9 151
601 628 10 151
601 641 11 151
601 638 13 151
601 638 14 151
601 571 16 151
142 100 4 152
142 95 5 152
142 92 6 152
142 100 7 152
142 149 11 152
142 153 12 152
142 142 13 152
142 146 14 152
142 183 16 152
142 168 17 152
142 176 18 152
142 180 19 152
142 167 20 152
327 286 3 152
327 284 6 152
327 313 8 152
327 324 10 152
327 322 11 152
327 322 13 152
327 352 17 152
327 351 18 152
327 362 19 152
684 683 1 152
684 638 8 152
684 641 10 152
684 672 11 152
684 638 12 152
684 638 13 152
684 658 14 152
684 664 16 152
684 708 17 152
684 685 18 152
684 709 19 152
684 709 20 152
42 91 2 153
42 20 15 153
42 14 16 153
42 15 16 153
683 638 7 153
683 641 9 153
683 672 10 153
683 638 11 153
683 638 12 153
683 658 13 153
683 664 15 153
683 708 16 153
683 685 17 153
683 709 18 153
683 709 19 153
626 620 1 154
626 627 2 154
626 625 3 154
626 613 4 154
626 625 5 154
626 638 6 154
626 628 7 154
626 641 8 154
626 672 9 154
626 638 10 154
626 638 11 154
626 658 12 154
626 664 14 154
626 601 19 154
626 600 20 154
91 100 1 155
91 95 2 155
91 92 3 155
91 100 4 155
91 68 19 155
286 284 3 155
286 313 5 155
286 324 7 155
286 322 8 155
286 322 10 155
286 272 13 155
620 627 1 155
620 625 2 155
620 613 3 155
620 625 4 155
620 638 5 155
620 628 6 155
620 641 7 155
620 638 9 155
620 638 10 155
620 658 11 155
620 571 12 155
620 664 13 155
620 601 18 155
620 600 19 155
620 596 20 155
100 95 1 156
100 92 2 156
100 100 3 156
100 149 7 156
100 142 9 156
100 146 10 156
100 68 18 156
100 62 20 156
100 70 20 156
194 199 1 156
194 149 7 156
194 153 8 156
194 146 10 156
194 183 12 156
194 168 13 156
194 176 14 156
194 180 15 156
194 167 16 156
194 169 17 156
194 224 19 156
194 219 20 156
627 625 1 156
627 613 2 156
627 625 3 156
627 638 4 156
627 628 5 156
627 641 6 156
627 672 7 156
627 638 8 156
627 638 9 156
627 658 10 156
627 664 12 156
627 601 17 156
627 600 18 156
627 596 19 156
95 92 1 157
95 100 2 157
95 142 8 157
95 68 17 157
95 62 19 157
95 70 19 157
199 149 6 157
199 153 7 157
199 183 11 157
199 168 12 157
199 176 13 157
199 180 14 157
199 167 15 157
199 169 16 157
199 224 18 157
199 219 19 157
199 223 20 157
477 476 2 157
477 497 4 157
477 496 7 157
477 499 9 157
477 430 10 157
625 613 1 157
625 625 2 157
625 638 3 157
625 628 4 157
625 641 5 157
625 672 6 157
625 638 7 157
625 638 8 157
625 658 9 157
625 664 11 157
625 601 16 157
625 600 17 157
625 596 18 157
625 602 20 157
92 100 1 158
92 68 16 158
92 62 18 158
92 70 18 158
284 313 2 158
284 324 4 158
284 322 5 158
284 322 7 158
284 272 10 158
613 625 1 158
613 638 2 158
613 628 3 158
613 641 4 158
613 638 6 158
613 638 7 158
613 658 8 158
613 571 9 158
613 601 15 158
613 600 16 158
613 596 17 158
613 602 19 158
100 149 4 159
100 142 6 159
100 146 7 159
100 68 15 159
100 62 17 159
100 70 17 159
100 64 20 159
476 497 2 159
476 496 5 159
476 499 7 159
476 430 8 159
476 448 20 159
625 638 1 159
625 628 2 159
625 641 3 159
625 672 4 159
625 638 5 159
625 638 6 159
625 658 7 159
625 664 9 159
625 601 14 159
625 600 15 159
625 596 16 159
625 602 18 159
625 602 20 159
313 324 2 160
313 322 3 160
313 322 5 160
313 272 8 160
313 352 9 160
313 351 10 160
313 362 11 160
638 628 1 160
638 641 2 160
638 672 3 160
638 638 4 160
638 638 5 160
638 658 6 160
638 664 8 160
638 685 10 160
638 601 13 160
638 600 14 160
638 596 15 160
638 602 17 160
638 602 19 160
497 496 3 161
497 499 5 161
497 541 15 161
497 537 17 161
497 448 18 161
628 641 1 161
628 672 2 161
628 638 3 161
628 638 4 161
628 658 5 161
628 664 7 161
628 601 12 161
628 600 13 161
628 596 14 161
628 602 16 161
628 602 18 161
628 665 20 161
324 322 1 162
324 322 3 162
324 352 7 162
324 351 8 162
324 362 9 162
324 329 19 162
324 332 20 162
641 672 1 162
641 638 2 162
641 638 3 162
641 658 4 162
641 664 6 162
641 685 8 162
641 601 11 162
641 600 12 162
641 596 13 162
641 602 15 162
641 602 17 162
641 665 19 162
149 153 1 163
149 142 2 163
149 146 3 163
149 183 5 163
149 168 6 163
149 176 7 163
149 180 8 163
149 167 9 163
149 169 10 163
149 111 20 163
322 322 2 163
322 272 5 163
322 352 6 163
322 351 7 163
322 362 8 163
322 329 18 163
322 332 19 163
672 638 1 163
672 638 2 163
672 658 3 163
672 664 5 163
672 708 6 163
672 685 7 163
672 709 8 163
672 709 9 163
672 665 18 163
672 701 19 163
153 142 1 164
153 146 2 164
153 183 4 164
153 168 5 164
153 176 6 164
153 180 7 164
153 167 8 164
153 169 9 164
153 111 19 164
496 499 2 164
496 541 12 164
496 537 14 164
496 448 15 164
638 638 1 164
638 658 2 164
638 664 4 164
638 685 6 164
638 601 9 164
638 600 10 164
638 596 11 164
638 602 13 164
638 602 15 164
638 665 17 164
638 662 20 164
142 146 1 165
142 183 3 165
142 168 4 165
142 176 5 165
142 180 6 165
142 167 7 165
142 169 8 165
142 111 18 165
322 272 3 165
322 352 4 165
322 351 5 165
322 362 6 165
322 329 16 165
322 332 17 165
638 658 1 165
638 664 3 165
638 685 5 165
638 601 8 165
638 600 9 165
638 596 10 165
638 602 12 165
638 602 14 165
638 665 16 165
638 662 19 165
638 662 20 165
146 183 2 166
146 168 3 166
146 176 4 166
146 180 5 166
146 167 6 166
146 169 7 166
146 111 17 166
499 541 10 166
499 537 12 166
499 516 20 166
658 664 2 166
658 685 4 166
658 665 15 166
658 701 16 166
658 662 18 166
658 662 19 166
430 381 7 167
430 384 8 167
430 383 9 167
430 382 10 167
430 381 11 167
430 448 12 167
571 601 6 167
571 600 7 167
571 596 8 167
571 541 9 167
571 602 10 167
571 537 11 167
571 602 12 167
571 552 13 167
571 554 16 167
20 14 1 168
20 15 1 168
20 68 6 168
20 62 8 168
20 64 11 168
20 36 15 168
20 13 19 168
183 168 1 168
183 176 2 168
183 180 3 168
183 167 4 168
183 169 5 168
183 224 7 168
183 219 8 168
183 223 9 168
183 220 10 168
183 182 20 168
272 224 7 168
272 223 9 168
272 252 13 168
272 250 14 168
272 251 15 168
272 255 15 168
272 246 16 168
272 264 16 168
272 251 17 168
272 258 17 168
272 274 18 168
664 708 1 168
664 685 2 168
664 709 3 168
664 709 4 168
664 665 13 168
664 701 14 168
664 662 16 168
664 662 17 168
664 662 19 168
664 665 20 168
14 62 7 169
14 36 14 169
14 13 18 169
14 21 20 169
15 62 7 169
15 64 10 169
15 36 14 169
15 13 18 169
15 21 20 169
168 176 1 169
168 180 2 169
168 167 3 169
168 169 4 169
168 182 19 169
168 181 20 169
352 351 1 169
352 362 2 169
352 381 5 169
352 384 6 169
352 383 7 169
352 382 8 169
352 381 9 169
352 329 12 169
352 332 13 169
352 334 18 169
352 351 19 169
352 388 20 169
708 685 1 169
708 709 2 169
708 709 3 169
708 665 12 169
708 701 13 169
708 662 15 169
708 662 16 169
708 662 18 169
708 665 19 169
708 683 20 169
176 180 1 170
176 167 2 170
176 169 3 170
176 224 5 170
176 219 6 170
176 223 7 170
176 220 8 170
176 182 18 170
176 181 19 170
176 182 20 170
351 362 1 170
351 381 4 170
351 384 5 170
351 383 6 170
351 382 7 170
351 381 8 170
351 329 11 170
351 332 12 170
351 334 17 170
351 351 18 170
351 388 19 170
685 709 1 170
685 709 2 170
685 665 11 170
685 701 12 170
685 662 14 170
685 662 15 170
685 662 17 170
685 665 18 170
685 683 19 170
180 167 1 171
180 169 2 171
180 224 4 171
180 219 5 171
180 223 6 171
180 220 7 171
180 182 17 171
180 181 18 171
180 182 19 171
180 184 20 171
362 381 3 171
362 384 4 171
362 383 5 171
362 382 6 171
362 381 7 171
362 329 10 171
362 332 11 171
362 334 16 171
362 351 17 171
362 388 18 171
362 405 19 171
362 353 20 171
709 709 1 171
709 665 10 171
709 701 11 171
709 662 13 171
709 662 14 171
709 662 16 171
709 665 17 171
709 683 18 171
709 683 20 171
167 169 1 172
167 182 16 172
167 181 17 172
167 182 18 172
167 184 19 172
167 187 20 172
709 665 9 172
709 701 10 172
709 662 12 172
709 662 13 172
709 662 15 172
709 665 16 172
709 683 17 172
709 683 19 172
169 182 15 173
169 181 16 173
169 182 17 173
169 184 18 173
169 187 19 173
601 600 1 173
601 596 2 173
601 602 4 173
601 602 6 173
601 552 7 173
601 554 10 173
601 554 19 173
601 571 20 173
68 62 2 174
68 70 2 174
68 64 5 174
68 36 9 174
68 111 9 174
68 21 15 174
68 20 17 174
68 100 20 174
381 384 1 174
381 383 2 174
381 382 3 174
381 381 4 174
381 332 8 174
381 334 13 174
381 351 14 174
381 388 15 174
381 405 16 174
381 353 17 174
381 388 18 174
600 596 1 174
600 602 3 174
600 602 5 174
600 552 6 174
600 554 9 174
600 554 18 174
600 571 19 174
224 219 1 175
224 223 2 175
224 220 3 175
224 252 6 175
224 250 7 175
224 251 8 175
224 255 8 175
224 246 9 175
224 264 9 175
224 251 10 175
224 258 10 175
224 182 13 175
224 181 14 175
224 182 15 175
224 184 16 175
224 187 17 175
384 383 1 175
384 382 2 175
384 381 3 175
384 334 12 175
384 351 13 175
384 388 14 175
384 405 15 175
384 353 16 175
384 388 17 175
596 602 2 175
596 602 4 175
596 552 5 175
596 554 8 175
596 554 17 175
596 571 18 175
62 64 3 176
62 36 7 176
62 111 7 176
62 13 11 176
62 21 13 176
62 20 15 176
62 100 18 176
62 74 19 176
62 89 20 176
70 64 3 176
70 36 7 176
70 111 7 176
70 21 13 176
70 20 15 176
70 100 18 176
70 74 19 176
70 89 20 176
219 223 1 176
219 220 2 176
219 252 5 176
219 250 6 176
219 251 7 176
219 255 7 176
219 246 8 176
219 264 8 176
219 251 9 176
219 258 9 176
219 182 12 176
219 181 13 176
219 182 14 176
219 184 15 176
219 187 16 176
219 199 20 176
383 382 1 176
383 381 2 176
383 334 11 176
383 351 12 176
383 388 13 176
383 405 14 176
383 353 15 176
383 388 16 176
541 537 2 176
541 552 4 176
541 554 7 176
541 516 10 176
541 517 14 176
541 554 16 176
541 571 17 176
223 220 1 177
223 252 4 177
223 250 5 177
223 251 6 177
223 255 6 177
223 246 7 177
223 264 7 177
223 251 8 177
223 258 8 177
223 182 11 177
223 181 12 177
223 182 13 177
223 184 14 177
223 187 15 177
223 199 19 177
223 204 20 177
382 381 1 177
382 332 5 177
382 334 10 177
382 351 11 177
382 388 12 177
382 405 13 177
382 353 14 177
382 388 15 177
382 386 20 177
602 602 2 177
602 552 3 177
602 554 6 177
602 554 15 177
602 571 16 177
602 629 19 177
220 252 3 178
220 250 4 178
220 251 5 178
220 255 5 178
220 246 6 178
220 264 6 178
220 251 7 178
220 258 7 178
220 182 10 178
220 181 11 178
220 182 12 178
220 184 13 178
220 187 14 178
220 199 18 178
220 204 19 178
381 332 4 178
381 334 9 178
381 351 10 178
381 388 11 178
381 405 12 178
381 353 13 178
381 388 14 178
381 386 19 178
537 552 2 178
537 554 5 178
537 516 8 178
537 517 12 178
537 554 14 178
537 571 15 178
64 36 4 179
64 111 4 179
64 21 10 179
64 20 12 179
64 100 15 179
64 74 16 179
64 89 17 179
64 101 18 179
64 98 19 179
448 405 11 179
448 475 16 179
448 477 17 179
448 476 19 179
448 430 20 179
602 552 1 179
602 554 4 179
602 554 13 179
602 571 14 179
602 629 17 179
602 570 20 179
552 554 3 180
552 516 6 180
552 517 10 180
552 554 12 180
552 571 13 180
552 570 19 180
252 250 1 181
252 251 2 181
252 255 2 181
252 246 3 181
252 264 3 181
252 251 4 181
252 258 4 181
252 274 5 181
252 285 13 181
252 204 16 181
329 332 1 181
329 334 6 181
329 351 7 181
329 353 10 181
329 285 13 181
329 328 20 181
665 701 1 181
665 662 3 181
665 662 4 181
665 662 6 181
665 665 7 181
665 683 8 181
665 683 10 181
665 703 13 181
665 664 14 181
665 629 15 181
665 710 19 181
665 711 20 181
250 251 1 182
250 255 1 182
250 246 2 182
250 264 2 182
250 251 3 182
250 258 3 182
250 274 4 182
250 285 12 182
250 204 15 182
332 334 5 182
332 351 6 182
332 353 9 182
332 285 12 182
332 328 19 182
332 369 20 182
701 662 2 182
701 662 3 182
701 662 5 182
701 665 6 182
701 683 7 182
701 683 9 182
701 703 12 182
701 664 13 182
701 735 15 182
701 737 16 182
701 710 18 182
701 711 19 182
36 13 4 183
36 21 6 183
36 20 8 183
36 74 12 183
111 100 11 183
111 74 12 183
111 89 13 183
111 101 14 183
111 98 15 183
111 150 17 183
111 142 18 183
111 144 19 183
111 142 20 183
251 246 1 183
251 264 1 183
251 251 2 183
251 258 2 183
251 274 3 183
251 285 11 183
251 204 14 183
255 246 1 183
255 264 1 183
255 251 2 183
255 258 2 183
255 274 3 183
255 285 11 183
554 516 3 183
554 517 7 183
554 554 9 183
554 571 10 183
554 570 16 183
554 601 19 183
246 251 1 184
246 258 1 184
246 274 2 184
246 285 10 184
246 199 12 184
246 204 13 184
264 251 1 184
264 258 1 184
264 274 2 184
264 285 10 184
662 662 1 184
662 662 3 184
662 665 4 184
662 683 5 184
662 683 7 184
662 703 10 184
662 664 11 184
662 629 12 184
662 710 16 184
662 711 17 184
251 274 1 185
251 285 9 185
251 204 12 185
258 274 1 185
258 285 9 185
662 662 2 185
662 665 3 185
662 683 4 185
662 683 6 185
662 703 9 185
662 664 10 185
662 629 11 185
662 710 15 185
662 711 16 185
662 625 20 185
274 285 8 186
516 517 4 186
516 554 6 186
516 475 9 186
516 477 10 186
516 476 12 186
516 498 17 186
13 21 2 187
13 20 4 187
334 351 1 187
334 353 4 187
334 285 7 187
334 328 14 187
334 369 15 187
334 369 17 187
334 340 18 187
662 665 1 187
662 683 2 187
662 683 4 187
662 703 7 187
662 664 8 187
662 629 9 187
662 710 13 187
662 711 14 187
662 625 18 187
182 181 1 188
182 182 2 188
182 184 3 188
182 187 4 188
182 199 8 188
182 204 9 188
182 150 12 188
182 142 13 188
182 144 14 188
182 142 15 188
182 138 16 188
351 388 1 188
351 353 3 188
351 388 4 188
351 386 9 188
351 328 13 188
351 369 14 188
351 369 16 188
351 340 17 188
665 683 1 188
665 683 3 188
665 703 6 188
665 664 7 188
665 629 8 188
665 710 12 188
665 711 13 188
665 625 17 188
21 20 2 189
181 182 1 189
181 184 2 189
181 187 3 189
181 199 7 189
181 204 8 189
181 150 11 189
181 142 12 189
181 144 13 189
181 142 14 189
181 138 15 189
388 405 1 189
388 353 2 189
388 388 3 189
388 386 8 189
388 430 10 189
388 369 13 189
388 369 15 189
388 340 16 189
683 683 2 189
683 703 5 189
683 664 6 189
683 710 11 189
683 711 12 189
683 720 14 189
182 184 1 190
182 187 2 190
182 199 6 190
182 204 7 190
182 150 10 190
182 142 11 190
182 144 12 190
182 142 13 190
182 138 14 190
405 388 2 190
405 386 7 190
405 430 9 190
405 369 12 190
405 369 14 190
517 554 2 190
517 475 5 190
517 477 6 190
517 476 8 190
517 498 13 190
184 187 1 191
184 199 5 191
184 204 6 191
184 150 9 191
184 142 10 191
184 144 11 191
184 142 12 191
184 138 13 191
353 388 1 191
353 386 6 191
353 328 10 191
353 369 11 191
353 369 13 191
353 340 14 191
683 703 3 191
683 664 4 191
683 710 9 191
683 711 10 191
683 720 12 191
187 199 4 192
187 204 5 192
187 150 8 192
187 142 9 192
187 144 10 192
187 142 11 192
187 138 12 192
388 386 5 192
388 430 7 192
388 369 10 192
388 369 12 192
388 340 13 192
554 571 1 192
554 570 7 192
554 601 10 192
554 588 12 192
571 570 6 193
571 601 9 193
571 588 11 193
100 74 1 194
100 89 2 194
100 101 3 194
100 98 4 194
100 142 7 194
100 144 8 194
100 142 9 194
100 138 10 194
285 328 7 194
703 664 1 194
703 735 3 194
703 737 4 194
703 710 6 194
703 711 7 194
703 720 9 194
74 89 1 195
74 101 2 195
74 98 3 195
475 477 1 195
475 476 3 195
475 430 4 195
475 498 8 195
664 629 1 195
664 710 5 195
664 711 6 195
664 625 10 195
89 101 1 196
89 98 2 196
89 138 8 196
199 204 1 196
199 150 4 196
477 476 2 196
477 430 3 196
477 498 7 196
629 601 6 196
629 588 8 196
629 625 9 196
101 98 1 197
101 150 3 197
101 142 4 197
101 144 5 197
101 142 6 197
101 138 7 197
386 430 2 197
386 369 5 197
386 369 7 197
386 340 8 197
735 737 1 197
735 710 3 197
735 711 4 197
735 720 6 197
98 142 3 198
98 144 4 198
98 142 5 198
98 138 6 198
476 430 1 198
476 498 5 198
737 710 2 198
737 711 3 198
737 720 5 198
570 601 3 199
570 588 5 199
150 142 1 200
150 144 2 200
150 142 3 200
150 138 4 200
710 711 1 200
710 720 3 200
142 144 1 201
142 142 2 201
142 138 3 201
328 369 1 201
328 369 3 201
328 340 4 201
711 720 2 201
144 142 1 202
144 138 2 202
369 369 2 202
369 340 3 202
601 588 2 202
601 625 3 202
142 138 1 203
369 340 1 204
588 625 1 204
495 509 1 256
495 515 2 256
515 509 1 256
515 515 2 256
509 515 1 257
600 601 2 257
600 602 3 257
600 602 4 257
600 602 6 257
600 602 7 257
600 602 8 257
600 602 9 257
600 601 10 257
600 602 11 257
601 602 1 259
601 602 2 259
601 602 4 259
601 602 5 259
601 602 6 259
601 602 7 259
601 601 8 259
601 602 9 259
602 602 1 260
602 602 3 260
602 602 4 260
602 602 5 260
602 602 6 260
602 601 7 260
602 602 8 260
602 602 2 261
602 602 3 261
602 602 4 261
602 602 5 261
602 601 6 261
602 602 7 261
602 602 1 263
602 602 2 263
602 602 3 263
602 601 4 263
602 602 5 263
602 602 1 264
602 602 2 264
602 601 3 264
602 602 4 264
602 602 1 265
602 601 2 265
602 602 3 265
602 601 1 266
602 602 2 266
601 602 1 267
