43 92 17 3
213 214 10 3
213 214 11 3
213 215 12 3
213 214 13 3
213 215 14 3
213 214 15 3
213 214 16 3
213 214 17 3
213 214 18 3
213 253 20 3
213 214 21 3
213 214 23 3
213 214 24 3
213 214 25 3
213 213 27 3
213 214 28 3
213 214 29 3
509 469 10 3
509 469 12 3
509 468 13 3
509 479 14 3
509 490 15 3
509 490 16 3
509 490 19 3
509 478 21 3
509 468 22 3
509 468 23 3
509 468 26 3
509 479 27 3
509 479 28 3
509 490 29 3
511 469 10 3
511 469 12 3
511 468 13 3
511 479 14 3
511 490 15 3
511 490 16 3
511 490 19 3
511 478 21 3
511 468 22 3
511 468 23 3
511 468 26 3
511 479 27 3
511 479 28 3
511 490 29 3
253 214 10 4
253 215 11 4
253 214 12 4
253 215 13 4
253 214 14 4
253 214 15 4
253 214 16 4
253 214 17 4
253 253 19 4
253 214 20 4
253 214 22 4
253 214 23 4
253 214 24 4
253 213 26 4
253 214 27 4
253 214 28 4
253 214 29 4
510 469 11 4
510 468 12 4
510 479 13 4
510 490 14 4
510 490 15 4
510 490 18 4
510 478 20 4
510 468 21 4
510 468 22 4
510 468 25 4
510 479 26 4
510 479 27 4
510 490 28 4
510 490 29 4
511 469 11 4
511 468 12 4
511 479 13 4
511 490 14 4
511 490 15 4
511 490 18 4
511 478 20 4
511 468 21 4
511 468 22 4
511 468 25 4
511 479 26 4
511 479 27 4
511 490 28 4
511 490 29 4
510 469 10 5
510 468 11 5
510 479 12 5
510 490 13 5
510 490 14 5
510 490 17 5
510 478 19 5
510 468 20 5
510 468 21 5
510 468 24 5
510 479 25 5
510 479 26 5
510 490 27 5
510 490 28 5
411 450 14 6
411 450 15 6
411 410 17 6
411 450 22 6
411 410 28 6
411 450 29 6
96 96 10 9
96 92 11 9
96 96 17 9
96 96 18 9
96 96 22 9
96 96 23 9
96 96 24 9
96 96 25 9
253 214 10 9
253 214 11 9
253 214 12 9
253 253 14 9
253 214 15 9
253 214 17 9
253 214 18 9
253 214 19 9
253 213 21 9
253 214 22 9
253 214 23 9
253 214 24 9
253 214 25 9
253 254 29 9
480 490 10 9
480 450 11 9
480 450 12 9
480 490 13 9
480 478 15 9
480 468 16 9
480 468 17 9
480 450 19 9
480 468 20 9
480 479 21 9
480 479 22 9
480 490 23 9
480 490 24 9
480 450 26 9
480 473 28 9
480 478 29 9
36 72 29 10
215 214 10 10
215 214 11 10
215 253 13 10
215 214 14 10
215 214 16 10
215 214 17 10
215 214 18 10
215 213 20 10
215 214 21 10
215 214 22 10
215 214 23 10
215 214 24 10
215 254 28 10
215 171 29 10
478 450 10 10
478 450 11 10
478 490 12 10
478 478 14 10
478 468 15 10
478 468 16 10
478 450 18 10
478 468 19 10
478 479 20 10
478 479 21 10
478 490 22 10
478 490 23 10
478 450 25 10
478 473 27 10
478 478 28 10
70 96 15 11
70 96 16 11
70 96 20 11
70 96 21 11
70 96 22 11
70 96 23 11
70 72 28 11
70 75 29 11
469 450 10 11
469 490 11 11
469 478 13 11
469 468 14 11
469 468 15 11
469 450 17 11
469 468 18 11
469 479 19 11
469 479 20 11
469 490 21 11
469 490 22 11
469 450 24 11
469 473 26 11
469 478 27 11
97 96 14 12
97 96 15 12
97 96 19 12
97 96 20 12
97 96 21 12
97 96 22 12
97 72 27 12
97 75 28 12
97 75 29 12
214 253 11 12
214 214 12 12
214 214 14 12
214 214 15 12
214 214 16 12
214 213 18 12
214 214 19 12
214 214 20 12
214 214 21 12
214 214 22 12
214 254 26 12
214 171 27 12
214 214 28 12
469 490 10 12
469 478 12 12
469 468 13 12
469 468 14 12
469 450 16 12
469 468 17 12
469 479 18 12
469 479 19 12
469 490 20 12
469 490 21 12
469 450 23 12
469 473 25 12
469 478 26 12
96 96 13 13
96 96 14 13
96 96 18 13
96 96 19 13
96 96 20 13
96 96 21 13
96 72 26 13
96 75 27 13
96 75 28 13
96 75 29 13
214 253 10 13
214 214 11 13
214 214 13 13
214 214 14 13
214 214 15 13
214 213 17 13
214 214 18 13
214 214 19 13
214 214 20 13
214 214 21 13
214 254 25 13
214 171 26 13
214 214 27 13
214 173 29 13
469 478 11 13
469 468 12 13
469 468 13 13
469 450 15 13
469 468 16 13
469 479 17 13
469 479 18 13
469 490 19 13
469 490 20 13
469 450 22 13
469 473 24 13
469 478 25 13
214 214 10 14
214 214 12 14
214 214 13 14
214 214 14 14
214 213 16 14
214 214 17 14
214 214 18 14
214 214 19 14
214 214 20 14
214 254 24 14
214 171 25 14
214 214 26 14
214 173 28 14
451 478 10 14
451 468 11 14
451 468 12 14
451 450 14 14
451 468 15 14
451 479 16 14
451 479 17 14
451 490 18 14
451 490 19 14
451 410 20 14
451 450 21 14
451 473 23 14
451 478 24 14
451 470 29 14
96 96 11 15
96 96 12 15
96 96 16 15
96 96 17 15
96 96 18 15
96 96 19 15
96 72 24 15
96 75 25 15
96 75 26 15
96 75 27 15
96 125 29 15
215 214 11 15
215 214 12 15
215 214 13 15
215 213 15 15
215 214 16 15
215 214 17 15
215 214 18 15
215 214 19 15
215 254 23 15
215 171 24 15
215 214 25 15
215 173 27 15
215 214 29 15
469 468 10 15
469 468 11 15
469 450 13 15
469 468 14 15
469 479 15 15
469 479 16 15
469 490 17 15
469 490 18 15
469 450 20 15
469 473 22 15
469 478 23 15
469 470 28 15
214 214 10 16
214 214 11 16
214 214 12 16
214 213 14 16
214 214 15 16
214 214 16 16
214 214 17 16
214 214 18 16
214 254 22 16
214 171 23 16
214 214 24 16
214 173 26 16
214 214 28 16
214 214 29 16
468 468 10 16
468 450 12 16
468 468 13 16
468 479 14 16
468 479 15 16
468 490 16 16
468 490 17 16
468 450 19 16
468 473 21 16
468 478 22 16
468 470 27 16
468 479 29 16
96 96 10 17
96 96 14 17
96 96 15 17
96 96 16 17
96 96 17 17
96 72 22 17
96 75 23 17
96 75 24 17
96 75 25 17
96 125 27 17
96 96 28 17
215 214 10 17
215 214 11 17
215 213 13 17
215 214 14 17
215 214 15 17
215 214 16 17
215 214 17 17
215 254 21 17
215 171 22 17
215 214 23 17
215 173 25 17
215 214 27 17
215 214 28 17
215 214 29 17
479 450 11 17
479 468 12 17
479 479 13 17
479 479 14 17
479 490 15 17
479 490 16 17
479 450 18 17
479 473 20 17
479 478 21 17
479 470 26 17
479 479 28 17
96 96 13 18
96 96 14 18
96 96 15 18
96 96 16 18
96 72 21 18
96 75 22 18
96 75 23 18
96 75 24 18
96 125 26 18
96 96 27 18
214 214 10 18
214 213 12 18
214 214 13 18
214 214 14 18
214 214 15 18
214 214 16 18
214 254 20 18
214 171 21 18
214 214 22 18
214 173 24 18
214 214 26 18
214 214 27 18
214 214 28 18
214 214 29 18
490 450 10 18
490 468 11 18
490 479 12 18
490 479 13 18
490 490 14 18
490 490 15 18
490 450 17 18
490 473 19 18
490 478 20 18
490 470 25 18
490 479 27 18
96 96 12 19
96 96 13 19
96 96 14 19
96 96 15 19
96 72 20 19
96 75 21 19
96 75 22 19
96 75 23 19
96 125 25 19
96 96 26 19
214 213 11 19
214 214 12 19
214 214 13 19
214 214 14 19
214 214 15 19
214 254 19 19
214 171 20 19
214 214 21 19
214 173 23 19
214 214 25 19
214 214 26 19
214 214 27 19
214 214 28 19
214 214 29 19
490 468 10 19
490 479 11 19
490 479 12 19
490 490 13 19
490 490 14 19
490 450 16 19
490 473 18 19
490 478 19 19
490 470 24 19
490 479 26 19
490 498 29 19
92 96 11 20
92 96 12 20
92 96 13 20
92 96 14 20
92 72 19 20
92 75 20 20
92 75 21 20
92 75 22 20
92 125 24 20
92 96 25 20
214 213 10 20
214 214 11 20
214 214 12 20
214 214 13 20
214 214 14 20
214 254 18 20
214 171 19 20
214 214 20 20
214 173 22 20
214 214 24 20
214 214 25 20
214 214 26 20
214 214 27 20
214 214 28 20
450 479 10 20
450 479 11 20
450 490 12 20
450 490 13 20
450 410 14 20
450 450 15 20
450 473 17 20
450 478 18 20
450 470 23 20
450 479 25 20
450 406 26 20
450 408 27 20
450 498 28 20
450 450 29 20
214 214 10 21
214 214 11 21
214 214 12 21
214 214 13 21
214 254 17 21
214 171 18 21
214 214 19 21
214 173 21 21
214 214 23 21
214 214 24 21
214 214 25 21
214 214 26 21
214 214 27 21
450 479 10 21
450 490 11 21
450 490 12 21
450 410 13 21
450 450 14 21
450 473 16 21
450 478 17 21
450 470 22 21
450 479 24 21
450 406 25 21
450 408 26 21
450 498 27 21
450 450 28 21
450 447 29 21
490 490 10 22
490 490 11 22
490 450 13 22
490 473 15 22
490 478 16 22
490 470 21 22
490 479 23 22
490 498 26 22
490 450 27 22
490 447 28 22
490 449 29 22
253 214 10 23
253 214 11 23
253 254 15 23
253 270 16 23
253 214 17 23
253 272 17 23
253 272 18 23
253 272 19 23
253 214 21 23
253 302 21 23
253 214 22 23
253 214 23 23
253 214 24 23
253 214 25 23
253 214 28 23
253 214 29 23
410 410 11 23
410 450 12 23
410 406 23 23
410 408 24 23
410 450 26 23
410 447 27 23
410 449 28 23
214 214 10 24
214 254 14 24
214 171 15 24
214 214 16 24
214 173 18 24
214 214 20 24
214 214 21 24
214 214 22 24
214 214 23 24
214 214 24 24
214 214 27 24
214 214 28 24
478 450 11 24
478 473 13 24
478 478 14 24
478 470 19 24
478 479 21 24
478 498 24 24
478 450 25 24
478 447 26 24
478 449 27 24
478 490 28 24
468 450 10 25
468 473 12 25
468 478 13 25
468 470 18 25
468 479 20 25
468 498 23 25
468 450 24 25
468 447 25 25
468 449 26 25
468 490 27 25
468 468 29 25
96 72 13 26
96 75 14 26
96 75 15 26
96 75 16 26
96 125 18 26
96 96 19 26
96 97 25 26
96 96 28 26
214 254 12 26
214 171 13 26
214 214 14 26
214 173 16 26
214 214 18 26
214 214 19 26
214 214 20 26
214 214 21 26
214 214 22 26
214 214 25 26
214 214 26 26
214 214 28 26
214 214 29 26
468 473 11 26
468 478 12 26
468 470 17 26
468 479 19 26
468 498 22 26
468 450 23 26
468 447 24 26
468 449 25 26
468 490 26 26
468 468 28 26
96 72 12 27
96 75 13 27
96 75 14 27
96 75 15 27
96 125 17 27
96 96 18 27
96 97 24 27
96 96 27 27
214 254 11 27
214 171 12 27
214 214 13 27
214 173 15 27
214 214 17 27
214 214 18 27
214 214 19 27
214 214 20 27
214 214 21 27
214 214 24 27
214 214 25 27
214 214 27 27
214 214 28 27
332 302 17 27
332 368 26 27
332 369 28 27
214 254 10 28
214 171 11 28
214 214 12 28
214 173 14 28
214 214 16 28
214 214 17 28
214 214 18 28
214 214 19 28
214 214 20 28
214 214 23 28
214 214 24 28
214 214 26 28
214 214 27 28
214 214 29 28
450 478 10 28
450 470 15 28
450 479 17 28
450 406 18 28
450 408 19 28
450 498 20 28
450 450 21 28
450 447 22 28
450 449 23 28
450 490 24 28
450 468 26 28
450 468 28 28
450 473 29 28
468 470 14 29
468 479 16 29
468 498 19 29
468 450 20 29
468 447 21 29
468 449 22 29
468 490 23 29
468 468 25 29
468 468 27 29
468 473 28 29
213 214 10 30
213 173 12 30
213 214 14 30
213 214 15 30
213 214 16 30
213 214 17 30
213 214 18 30
213 214 21 30
213 214 22 30
213 214 24 30
213 214 25 30
213 214 27 30
213 214 28 30
213 214 29 30
479 470 13 30
479 479 15 30
479 498 18 30
479 450 19 30
479 447 20 30
479 449 21 30
479 490 22 30
479 468 24 30
479 468 26 30
479 473 27 30
96 75 10 31
96 75 11 31
96 125 13 31
96 96 14 31
96 97 20 31
96 96 23 31
96 96 27 31
96 96 28 31
214 173 11 31
214 214 13 31
214 214 14 31
214 214 15 31
214 214 16 31
214 214 17 31
214 214 20 31
214 214 21 31
214 214 23 31
214 214 24 31
214 214 26 31
214 214 27 31
214 214 28 31
214 173 29 31
479 470 12 31
479 479 14 31
479 498 17 31
479 450 18 31
479 447 19 31
479 449 20 31
479 490 21 31
479 468 23 31
479 468 25 31
479 473 26 31
96 75 10 32
96 125 12 32
96 96 13 32
96 97 19 32
96 96 22 32
96 96 26 32
96 96 27 32
214 173 10 32
214 214 12 32
214 214 13 32
214 214 14 32
214 214 15 32
214 214 16 32
214 214 19 32
214 214 20 32
214 214 22 32
214 214 23 32
214 214 25 32
214 214 26 32
214 214 27 32
214 173 28 32
214 214 29 32
490 470 11 32
490 479 13 32
490 498 16 32
490 450 17 32
490 447 18 32
490 449 19 32
490 490 20 32
490 468 22 32
490 468 24 32
490 473 25 32
490 489 29 32
96 125 11 33
96 96 12 33
96 97 18 33
96 96 21 33
96 96 25 33
96 96 26 33
214 214 11 33
214 214 12 33
214 214 13 33
214 214 14 33
214 214 15 33
214 214 18 33
214 214 19 33
214 214 21 33
214 214 22 33
214 214 24 33
214 214 25 33
214 214 26 33
214 173 27 33
214 214 28 33
214 214 29 33
490 470 10 33
490 479 12 33
490 498 15 33
490 450 16 33
490 447 17 33
490 449 18 33
490 490 19 33
490 468 21 33
490 468 23 33
490 473 24 33
490 489 28 33
96 125 10 34
96 96 11 34
96 97 17 34
96 96 20 34
96 96 24 34
96 96 25 34
214 214 10 34
214 214 11 34
214 214 12 34
214 214 13 34
214 214 14 34
214 214 17 34
214 214 18 34
214 214 20 34
214 214 21 34
214 214 23 34
214 214 24 34
214 214 25 34
214 173 26 34
214 214 27 34
214 214 28 34
410 406 12 34
410 408 13 34
410 450 15 34
410 447 16 34
410 449 17 34
410 368 19 34
410 369 21 34
410 410 25 34
410 407 26 34
450 479 10 35
450 406 11 35
450 408 12 35
450 498 13 35
450 450 14 35
450 447 15 35
450 449 16 35
450 490 17 35
450 468 19 35
450 468 21 35
450 473 22 35
450 410 24 35
450 407 25 35
450 489 26 35
450 490 29 35
473 498 11 37
473 450 12 37
473 447 13 37
473 449 14 37
473 490 15 37
473 468 17 37
473 468 19 37
473 473 20 37
473 489 24 37
473 490 27 37
473 468 29 37
254 214 10 38
254 214 13 38
254 214 14 38
254 214 16 38
254 214 17 38
254 214 19 38
254 214 20 38
254 214 21 38
254 214 23 38
254 214 24 38
254 215 26 38
254 212 27 38
254 214 28 38
254 214 29 38
478 498 10 38
478 450 11 38
478 447 12 38
478 449 13 38
478 490 14 38
478 468 16 38
478 468 18 38
478 473 19 38
478 489 23 38
478 490 26 38
478 468 28 38
72 22 12 39
72 97 12 39
72 96 15 39
72 96 19 39
72 96 20 39
72 56 26 39
72 93 26 39
72 70 29 39
171 214 12 39
171 214 13 39
171 214 15 39
171 214 16 39
171 214 18 39
171 214 19 39
171 214 20 39
171 173 21 39
171 214 22 39
171 214 23 39
171 215 25 39
171 212 26 39
171 214 27 39
171 214 28 39
171 214 29 39
75 97 11 40
75 96 14 40
75 96 18 40
75 96 19 40
75 56 25 40
75 93 25 40
75 70 28 40
75 71 29 40
214 214 11 40
214 214 12 40
214 214 14 40
214 214 15 40
214 214 17 40
214 214 18 40
214 214 19 40
214 173 20 40
214 214 21 40
214 214 22 40
214 215 24 40
214 212 25 40
214 214 26 40
214 214 27 40
214 214 28 40
75 97 10 41
75 96 13 41
75 96 17 41
75 96 18 41
75 56 24 41
75 93 24 41
75 70 27 41
75 71 28 41
75 96 12 42
75 96 16 42
75 96 17 42
75 56 23 42
75 93 23 42
75 70 26 42
75 71 27 42
173 214 10 42
173 214 12 42
173 214 13 42
173 214 15 42
173 214 16 42
173 214 17 42
173 173 18 42
173 214 19 42
173 214 20 42
173 215 22 42
173 212 23 42
173 214 24 42
173 214 25 42
173 214 26 42
470 468 11 43
470 468 13 43
470 473 14 43
470 489 18 43
470 490 21 43
470 468 23 43
470 467 28 43
39 56 21 44
39 70 24 44
39 71 25 44
125 96 10 44
125 96 14 44
125 96 15 44
125 173 16 44
125 93 21 44
125 94 28 44
214 214 10 44
214 214 11 44
214 214 13 44
214 214 14 44
214 214 15 44
214 173 16 44
214 214 17 44
214 214 18 44
214 215 20 44
214 212 21 44
214 214 22 44
214 214 23 44
214 214 24 44
214 214 28 44
214 214 29 44
302 332 14 44
302 332 18 44
302 329 21 44
96 96 13 45
96 96 14 45
96 56 20 45
96 93 20 45
96 70 23 45
96 71 24 45
96 94 27 45
214 214 10 45
214 214 12 45
214 214 13 45
214 214 14 45
214 173 15 45
214 214 16 45
214 214 17 45
214 215 19 45
214 212 20 45
214 214 21 45
214 214 22 45
214 214 23 45
214 214 27 45
214 214 28 45
214 173 29 45
479 468 11 45
479 473 12 45
479 489 16 45
479 490 19 45
479 468 21 45
479 467 26 45
214 214 11 46
214 214 12 46
214 214 13 46
214 173 14 46
214 214 15 46
214 214 16 46
214 215 18 46
214 212 19 46
214 214 20 46
214 214 21 46
214 214 22 46
214 214 26 46
214 214 27 46
214 173 28 46
214 214 29 46
406 410 13 46
406 407 14 46
406 369 21 46
406 369 22 46
406 367 23 46
406 368 24 46
406 375 26 46
406 410 27 46
214 214 10 47
214 214 11 47
214 214 12 47
214 173 13 47
214 214 14 47
214 214 15 47
214 215 17 47
214 212 18 47
214 214 19 47
214 214 20 47
214 214 21 47
214 214 25 47
214 214 26 47
214 173 27 47
214 214 28 47
408 410 12 47
408 407 13 47
408 369 20 47
408 369 21 47
408 367 22 47
408 368 23 47
408 375 25 47
408 410 26 47
214 214 10 48
214 214 11 48
214 173 12 48
214 214 13 48
214 214 14 48
214 215 16 48
214 212 17 48
214 214 18 48
214 214 19 48
214 214 20 48
214 214 24 48
214 214 25 48
214 173 26 48
214 214 27 48
498 489 13 48
498 490 16 48
498 468 18 48
498 467 23 48
498 479 28 48
450 410 10 49
450 407 11 49
450 489 12 49
450 490 15 49
450 468 17 49
450 467 22 49
450 410 24 49
450 479 27 49
450 410 29 49
447 407 10 50
447 489 11 50
447 490 14 50
447 468 16 50
447 467 21 50
447 410 23 50
447 479 26 50
447 410 28 50
447 481 29 50
22 56 14 51
22 70 17 51
22 71 18 51
22 22 27 51
97 56 14 51
97 93 14 51
97 70 17 51
97 71 18 51
97 94 21 51
214 214 10 51
214 214 11 51
214 215 13 51
214 212 14 51
214 214 15 51
214 214 16 51
214 214 17 51
214 214 21 51
214 214 22 51
214 173 23 51
214 214 24 51
214 215 29 51
449 489 10 51
449 490 13 51
449 468 15 51
449 467 20 51
449 410 22 51
449 479 25 51
449 410 27 51
449 481 28 51
214 214 10 52
214 215 12 52
214 212 13 52
214 214 14 52
214 214 15 52
214 214 16 52
214 214 20 52
214 214 21 52
214 173 22 52
214 214 23 52
214 215 28 52
490 490 12 52
490 468 14 52
490 467 19 52
490 479 24 52
490 481 27 52
368 329 12 53
368 369 14 53
368 369 15 53
368 367 16 53
368 368 17 53
368 375 19 53
368 410 20 53
368 331 21 53
368 331 22 53
368 410 25 53
368 389 27 53
368 410 28 53
96 56 11 54
96 93 11 54
96 70 14 54
96 71 15 54
96 94 18 54
96 96 28 54
214 215 10 54
214 212 11 54
214 214 12 54
214 214 13 54
214 214 14 54
214 214 18 54
214 214 19 54
214 173 20 54
214 214 21 54
214 215 26 54
214 214 28 54
468 490 10 54
468 468 12 54
468 467 17 54
468 479 22 54
468 481 25 54
468 428 28 54
468 448 29 54
214 212 10 55
214 214 11 55
214 214 12 55
214 214 13 55
214 214 17 55
214 214 18 55
214 173 19 55
214 214 20 55
214 215 25 55
214 214 27 55
369 329 10 55
369 369 12 55
369 369 13 55
369 367 14 55
369 368 15 55
369 375 17 55
369 410 18 55
369 331 19 55
369 331 20 55
369 410 23 55
369 389 25 55
369 410 26 55
468 468 10 56
468 467 15 56
468 479 20 56
468 481 23 56
468 428 26 56
468 448 27 56
468 468 28 56
468 450 29 56
214 214 10 57
214 214 11 57
214 214 15 57
214 214 16 57
214 173 17 57
214 214 18 57
214 215 23 57
214 214 25 57
473 467 14 57
473 479 19 57
473 481 22 57
473 428 25 57
473 448 26 57
473 468 27 57
473 450 28 57
473 449 29 57
96 70 10 58
96 71 11 58
96 94 14 58
96 96 24 58
96 96 29 58
214 214 10 58
214 214 14 58
214 214 15 58
214 173 16 58
214 214 17 58
214 215 22 58
214 214 24 58
214 214 29 58
332 369 10 58
332 367 11 58
332 368 12 58
332 375 14 58
332 331 16 58
332 331 17 58
96 71 10 59
96 94 13 59
96 96 23 59
96 96 28 59
214 214 13 59
214 214 14 59
214 173 15 59
214 214 16 59
214 215 21 59
214 214 23 59
214 214 28 59
214 253 29 59
410 367 10 59
410 368 11 59
410 375 13 59
410 410 14 59
410 410 19 59
410 389 21 59
410 410 22 59
410 428 23 59
410 448 24 59
410 450 26 59
410 449 27 59
410 450 28 59
410 449 29 59
173 214 12 60
173 214 13 60
173 173 14 60
173 214 15 60
173 215 20 60
173 214 22 60
173 214 27 60
173 214 29 60
407 368 10 60
407 375 12 60
407 410 13 60
407 410 18 60
407 389 20 60
407 410 21 60
407 428 22 60
407 448 23 60
407 450 25 60
407 449 26 60
407 450 27 60
407 449 28 60
407 449 29 60
214 214 11 61
214 214 12 61
214 173 13 61
214 214 14 61
214 215 19 61
214 214 21 61
214 214 26 61
214 253 27 61
214 214 28 61
214 214 29 61
489 467 10 61
489 479 15 61
489 481 18 61
489 448 22 61
489 468 23 61
489 450 24 61
489 449 25 61
489 450 26 61
489 449 27 61
489 449 28 61
214 214 10 62
214 214 11 62
214 173 12 62
214 214 13 62
214 215 18 62
214 214 20 62
214 214 25 62
214 253 26 62
214 214 27 62
214 214 28 62
214 253 29 62
332 375 10 62
332 331 12 62
332 331 13 62
332 332 28 62
332 332 29 62
215 173 10 64
215 214 11 64
215 215 16 64
215 214 18 64
215 214 23 64
215 253 24 64
215 214 25 64
215 214 26 64
215 253 27 64
215 253 28 64
490 479 12 64
490 481 15 64
490 448 19 64
490 468 20 64
490 450 21 64
490 449 22 64
490 450 23 64
490 449 24 64
490 449 25 64
56 22 13 65
56 96 17 65
56 96 22 65
56 17 23 65
93 96 17 65
93 96 22 65
212 214 10 65
212 215 15 65
212 214 17 65
212 214 22 65
212 253 23 65
212 214 24 65
212 214 25 65
212 253 26 65
212 253 27 65
329 331 10 65
329 332 25 65
329 332 26 65
214 215 14 66
214 214 16 66
214 214 21 66
214 253 22 66
214 214 23 66
214 214 24 66
214 253 25 66
214 253 26 66
468 479 10 66
468 481 13 66
468 428 16 66
468 448 17 66
468 468 18 66
468 450 19 66
468 449 20 66
468 450 21 66
468 449 22 66
468 449 23 66
468 478 28 66
468 468 29 66
214 215 13 67
214 214 15 67
214 214 20 67
214 253 21 67
214 214 22 67
214 214 23 67
214 253 24 67
214 253 25 67
369 410 11 67
369 389 13 67
369 410 14 67
369 332 23 67
369 332 24 67
369 409 25 67
369 410 26 67
369 368 29 67
70 22 10 68
70 96 14 68
70 96 19 68
70 72 28 68
70 72 29 68
214 215 12 68
214 214 14 68
214 214 19 68
214 253 20 68
214 214 21 68
214 214 22 68
214 253 23 68
214 253 24 68
214 214 29 68
369 410 10 68
369 389 12 68
369 410 13 68
369 332 22 68
369 332 23 68
369 409 24 68
369 410 25 68
369 368 28 68
369 369 29 68
71 96 13 69
71 96 18 69
71 72 27 69
71 72 28 69
71 71 29 69
367 389 11 69
367 410 12 69
367 332 21 69
367 332 22 69
367 409 23 69
367 410 24 69
367 368 27 69
367 369 28 69
367 369 29 69
368 389 10 70
368 410 11 70
368 332 20 70
368 332 21 70
368 409 22 70
368 410 23 70
368 368 26 70
368 369 27 70
368 369 28 70
467 428 11 71
467 448 12 71
467 468 13 71
467 450 14 71
467 449 15 71
467 450 16 71
467 449 17 71
467 449 18 71
467 478 23 71
467 468 24 71
467 466 28 71
467 479 29 71
94 96 10 72
94 96 15 72
94 72 24 72
94 72 25 72
94 71 26 72
214 214 10 72
214 214 15 72
214 253 16 72
214 214 17 72
214 214 18 72
214 253 19 72
214 253 20 72
214 214 25 72
214 214 26 72
375 332 18 72
375 332 19 72
375 409 20 72
375 410 21 72
375 368 24 72
375 369 25 72
375 369 26 72
214 214 14 73
214 253 15 73
214 214 16 73
214 214 17 73
214 253 18 73
214 253 19 73
214 214 24 73
214 214 25 73
410 448 10 73
410 450 12 73
410 449 13 73
410 450 14 73
410 449 15 73
410 449 16 73
410 409 19 73
410 410 20 73
410 368 23 73
410 369 24 73
410 369 25 73
410 428 28 73
173 214 13 74
173 214 15 74
173 214 16 74
173 214 23 74
173 214 24 74
331 332 16 74
331 332 17 74
331 368 22 74
331 369 23 74
331 369 24 74
214 214 12 75
214 253 13 75
214 214 14 75
214 214 15 75
214 253 16 75
214 253 17 75
214 214 22 75
214 214 23 75
214 214 29 75
331 332 15 75
331 332 16 75
331 368 21 75
331 369 22 75
331 369 23 75
331 332 29 75
479 449 10 76
479 450 11 76
479 449 12 76
479 449 13 76
479 478 18 76
479 468 19 76
479 466 23 76
479 479 24 76
479 488 26 76
479 487 27 76
479 511 27 76
479 510 29 76
479 511 29 76
22 17 10 78
22 71 20 78
410 449 10 78
410 449 11 78
410 409 14 78
410 410 15 78
410 368 18 78
410 369 19 78
410 369 20 78
410 428 23 78
410 449 28 78
481 449 10 79
481 478 15 79
481 468 16 79
481 466 20 79
481 479 21 79
481 488 23 79
481 487 24 79
481 511 24 79
481 510 26 79
481 511 26 79
481 449 27 79
481 511 27 79
481 480 28 79
215 214 10 80
215 253 11 80
215 253 12 80
215 214 17 80
215 214 18 80
215 214 24 80
215 214 25 80
389 409 12 80
389 410 13 80
389 368 16 80
389 369 17 80
389 369 18 80
389 428 21 80
389 383 28 80
389 369 29 80
410 409 11 81
410 410 12 81
410 368 15 81
410 369 16 81
410 369 17 81
410 428 20 81
410 449 25 81
410 383 27 81
410 369 28 81
96 72 14 82
96 72 15 82
96 71 16 82
96 96 22 82
214 253 10 82
214 214 15 82
214 214 16 82
214 214 22 82
214 214 23 82
214 214 28 82
428 409 10 82
428 410 11 82
428 468 13 82
428 466 17 82
428 428 19 82
428 449 24 82
428 383 26 82
428 387 29 82
448 410 10 83
448 478 11 83
448 468 12 83
448 466 16 83
448 479 17 83
448 428 18 83
448 488 19 83
448 487 20 83
448 449 23 83
448 480 24 83
448 480 29 83
468 478 10 84
468 468 11 84
468 466 15 84
468 479 16 84
468 428 17 84
468 488 18 84
468 487 19 84
468 511 19 84
468 510 21 84
468 511 21 84
468 449 22 84
468 511 22 84
468 480 23 84
468 480 28 84
450 468 10 85
450 466 14 85
450 479 15 85
450 428 16 85
450 488 17 85
450 487 18 85
450 449 21 85
450 480 22 85
450 480 27 85
449 466 13 86
449 479 14 86
449 428 15 86
449 488 16 86
449 487 17 86
449 449 20 86
449 480 21 86
449 480 26 86
449 487 29 86
96 72 10 87
96 71 11 87
96 96 17 87
96 72 26 87
214 214 10 87
214 214 11 87
214 214 17 87
214 214 18 87
214 214 23 87
450 466 12 87
450 479 13 87
450 428 14 87
450 488 15 87
450 487 16 87
450 449 19 87
450 480 20 87
450 480 25 87
450 487 28 87
450 487 29 87
253 214 10 88
253 214 16 88
253 214 17 88
253 214 22 88
253 269 22 88
253 272 25 88
253 214 29 88
449 466 11 88
449 479 12 88
449 428 13 88
449 488 14 88
449 487 15 88
449 449 18 88
449 480 19 88
449 480 24 88
449 487 27 88
449 487 28 88
449 490 29 88
214 214 15 89
214 214 16 89
214 214 21 89
214 214 28 89
449 466 10 89
449 479 11 89
449 428 12 89
449 488 13 89
449 487 14 89
449 449 17 89
449 480 18 89
449 480 23 89
449 487 26 89
449 487 27 89
449 490 28 89
449 410 29 89
214 214 14 90
214 214 15 90
214 214 20 90
214 214 27 90
332 332 14 90
332 369 19 90
253 214 13 91
253 214 14 91
253 214 19 91
253 269 19 91
253 272 22 91
253 214 26 91
332 332 13 91
332 369 18 91
253 214 12 92
253 214 13 92
253 214 18 92
253 269 18 92
253 272 21 92
253 214 25 92
253 215 29 92
409 449 14 92
409 383 16 92
409 369 17 92
409 387 19 92
409 390 22 92
409 410 26 92
409 451 28 92
410 449 13 93
410 383 15 93
410 369 16 93
410 387 18 93
410 390 21 93
410 410 25 93
410 451 27 93
478 510 11 94
478 511 11 94
478 449 12 94
478 511 12 94
478 480 13 94
478 480 18 94
478 487 21 94
478 487 22 94
478 490 23 94
478 451 26 94
478 511 26 94
478 469 28 94
478 463 29 94
468 510 10 95
468 511 10 95
468 449 11 95
468 511 11 95
468 480 12 95
468 480 17 95
468 487 20 95
468 487 21 95
468 490 22 95
468 451 25 95
468 511 25 95
468 469 27 95
468 463 28 95
72 72 17 96
72 95 25 96
368 383 12 96
368 369 13 96
368 387 15 96
368 390 18 96
368 410 22 96
368 333 25 96
368 369 28 96
368 369 29 96
72 72 16 97
72 95 24 97
214 214 13 97
214 214 20 97
214 215 24 97
214 214 27 97
369 383 11 97
369 369 12 97
369 387 14 97
369 390 17 97
369 410 21 97
369 333 24 97
369 369 27 97
369 369 28 97
71 72 15 98
71 95 23 98
214 214 12 98
214 214 19 98
214 215 23 98
214 214 26 98
214 210 29 98
369 383 10 98
369 369 11 98
369 387 13 98
369 390 16 98
369 410 20 98
369 333 23 98
369 369 26 98
369 369 27 98
369 387 29 98
466 480 13 99
466 487 16 99
466 487 17 99
466 490 18 99
466 451 21 99
466 511 21 99
466 469 23 99
466 463 24 99
466 476 27 99
479 480 12 100
479 487 15 100
479 487 16 100
479 490 17 100
479 451 20 100
479 511 20 100
479 469 22 100
479 463 23 100
479 476 26 100
479 462 29 100
428 387 10 101
428 390 13 101
428 410 17 101
428 451 19 101
428 469 21 101
428 463 22 101
428 476 25 101
428 387 26 101
428 410 27 101
428 462 28 101
428 459 29 101
488 480 10 102
488 487 13 102
488 487 14 102
488 490 15 102
488 451 18 102
488 511 18 102
488 469 20 102
488 463 21 102
488 476 24 102
488 462 27 102
488 459 28 102
488 462 29 102
487 487 12 103
487 487 13 103
487 490 14 103
487 451 17 103
487 511 17 103
487 469 19 103
487 463 20 103
487 476 23 103
487 462 26 103
487 459 27 103
487 462 28 103
487 467 29 103
511 487 12 103
511 487 13 103
511 490 14 103
511 511 17 103
511 469 19 103
511 463 20 103
511 476 23 103
511 462 26 103
511 462 28 103
511 467 29 103
96 95 17 104
214 214 13 104
214 215 17 104
214 214 20 104
214 210 23 104
214 214 26 104
214 214 27 104
332 333 17 104
332 369 20 104
332 369 21 104
214 214 12 105
214 215 16 105
214 214 19 105
214 210 22 105
214 214 25 105
214 214 26 105
510 487 10 105
510 487 11 105
510 490 12 105
510 511 15 105
510 469 17 105
510 463 18 105
510 476 21 105
510 462 24 105
510 462 26 105
510 467 27 105
510 475 28 105
510 511 29 105
511 487 10 105
511 487 11 105
511 490 12 105
511 511 15 105
511 469 17 105
511 463 18 105
511 476 21 105
511 462 24 105
511 462 26 105
511 467 27 105
511 475 28 105
511 511 29 105
449 487 10 106
449 490 11 106
449 410 12 106
449 451 14 106
449 469 16 106
449 463 17 106
449 476 20 106
449 410 22 106
449 462 23 106
449 459 24 106
449 462 25 106
449 467 26 106
449 475 27 106
449 415 28 106
449 479 29 106
511 487 10 106
511 490 11 106
511 511 14 106
511 469 16 106
511 463 17 106
511 476 20 106
511 462 23 106
511 462 25 106
511 467 26 106
511 475 27 106
511 511 28 106
511 479 29 106
480 490 10 107
480 451 13 107
480 511 13 107
480 469 15 107
480 463 16 107
480 476 19 107
480 462 22 107
480 459 23 107
480 462 24 107
480 467 25 107
480 475 26 107
480 511 27 107
480 479 28 107
383 410 10 108
383 333 13 108
383 369 16 108
383 369 17 108
383 387 19 108
383 410 20 108
383 415 26 108
383 391 28 108
383 410 29 108
369 333 12 109
369 369 15 109
369 369 16 109
369 387 18 109
369 410 19 109
369 415 25 109
369 391 27 109
369 410 28 109
214 215 11 110
214 214 14 110
214 210 17 110
214 214 20 110
214 214 21 110
214 214 27 110
214 214 28 110
214 253 29 110
269 253 29 110
387 369 13 111
387 369 14 111
387 387 16 111
387 410 17 111
387 415 23 111
387 391 25 111
387 410 26 111
480 469 10 112
480 463 11 112
480 476 14 112
480 462 17 112
480 459 18 112
480 462 19 112
480 467 20 112
480 475 21 112
480 511 22 112
480 479 23 112
480 451 26 112
480 511 26 112
480 447 27 112
480 511 27 112
480 468 28 112
480 468 29 112
72 24 15 113
72 96 25 113
272 253 26 113
272 253 28 113
390 369 10 114
390 369 11 114
390 387 13 114
390 410 14 114
390 415 20 114
390 391 22 114
390 410 23 114
487 476 11 115
487 462 14 115
487 459 15 115
487 462 16 115
487 467 17 115
487 475 18 115
487 511 19 115
487 479 20 115
487 451 23 115
487 511 23 115
487 447 24 115
487 511 24 115
487 468 25 115
487 468 26 115
487 450 27 115
487 478 28 115
487 476 10 116
487 462 13 116
487 459 14 116
487 462 15 116
487 467 16 116
487 475 17 116
487 511 18 116
487 479 19 116
487 451 22 116
487 511 22 116
487 447 23 116
487 511 23 116
487 468 24 116
487 468 25 116
487 450 26 116
487 478 27 116
487 449 29 116
214 210 10 117
214 214 13 117
214 214 14 117
214 214 20 117
214 214 21 117
214 253 22 117
214 214 23 117
214 253 24 117
214 214 26 117
214 214 27 117
214 214 28 117
490 462 12 117
490 459 13 117
490 462 14 117
490 467 15 117
490 475 16 117
490 511 17 117
490 479 18 117
490 451 21 117
490 511 21 117
490 447 22 117
490 511 22 117
490 468 23 117
490 468 24 117
490 450 25 117
490 478 26 117
490 449 28 117
410 410 10 118
410 459 12 118
410 415 16 118
410 391 18 118
410 410 19 118
410 451 20 118
410 447 21 118
410 450 24 118
410 449 27 118
451 459 10 120
451 462 11 120
451 467 12 120
451 475 13 120
451 415 14 120
451 479 15 120
451 410 17 120
451 451 18 120
451 447 19 120
451 468 20 120
451 468 21 120
451 450 22 120
451 478 23 120
451 449 25 120
451 489 27 120
451 403 28 120
451 447 29 120
511 462 11 120
511 467 12 120
511 475 13 120
511 511 14 120
511 479 15 120
511 511 18 120
511 511 19 120
511 468 20 120
511 468 21 120
511 478 23 120
511 489 27 120
4 38 29 121
9 38 29 121
95 96 17 121
95 96 22 121
95 96 23 121
95 61 28 121
95 94 29 121
215 214 10 121
215 214 16 121
215 214 17 121
215 253 18 121
215 214 19 121
215 253 20 121
215 214 22 121
215 214 23 121
215 214 24 121
333 332 25 121
333 304 29 121
469 467 10 122
469 475 11 122
469 511 12 122
469 479 13 122
469 451 16 122
469 511 16 122
469 447 17 122
469 511 17 122
469 468 18 122
469 468 19 122
469 450 20 122
469 478 21 122
469 449 23 122
469 489 25 122
469 447 27 122
463 475 10 123
463 415 11 123
463 511 11 123
463 479 12 123
463 451 15 123
463 511 15 123
463 447 16 123
463 511 16 123
463 468 17 123
463 468 18 123
463 450 19 123
463 478 20 123
463 449 22 123
463 489 24 123
463 447 26 123
214 214 13 124
214 214 14 124
214 253 15 124
214 214 16 124
214 253 17 124
214 214 19 124
214 214 20 124
214 214 21 124
214 215 27 124
214 171 28 124
369 415 10 124
369 391 12 124
369 410 13 124
369 332 22 124
369 403 24 124
369 330 27 124
369 336 29 124
369 391 11 125
369 410 12 125
369 332 21 125
369 403 23 125
369 330 26 125
369 336 28 125
369 371 29 125
476 451 12 126
476 511 12 126
476 447 13 126
476 511 13 126
476 468 14 126
476 468 15 126
476 450 16 126
476 478 17 126
476 449 19 126
476 489 21 126
476 447 23 126
210 214 10 127
210 214 11 127
210 253 12 127
210 214 13 127
210 253 14 127
210 214 16 127
210 214 17 127
210 214 18 127
210 215 24 127
210 171 25 127
210 214 29 127
387 410 10 127
387 403 21 127
387 371 27 127
7 38 22 128
24 61 21 128
24 38 22 128
410 451 10 128
410 447 11 128
410 450 14 128
410 449 17 128
410 403 20 128
410 447 21 128
410 371 26 128
410 410 29 128
462 447 10 129
462 511 10 129
462 468 11 129
462 468 12 129
462 450 13 129
462 478 14 129
462 449 16 129
462 489 18 129
462 447 20 129
214 214 10 130
214 253 11 130
214 214 13 130
214 214 14 130
214 214 15 130
214 215 21 130
214 171 22 130
214 214 26 130
459 468 10 130
459 468 11 130
459 450 12 130
459 478 13 130
459 449 15 130
459 489 17 130
459 447 19 130
459 410 27 130
459 411 29 130
214 253 10 131
214 214 12 131
214 214 13 131
214 214 14 131
214 215 20 131
214 171 21 131
214 214 25 131
462 468 10 131
462 450 11 131
462 478 12 131
462 449 14 131
462 489 16 131
462 447 18 131
467 450 10 132
467 478 11 132
467 449 13 132
467 489 15 132
467 447 17 132
475 478 10 133
475 449 12 133
475 489 14 133
475 447 16 133
415 449 11 134
415 403 14 134
415 447 15 134
415 371 20 134
415 410 23 134
415 390 24 134
415 411 25 134
415 410 26 134
511 489 13 134
479 449 10 135
479 489 12 135
479 447 14 135
391 403 12 136
391 371 18 136
391 410 21 136
391 390 22 136
391 411 23 136
391 410 24 136
214 215 14 137
214 171 15 137
214 214 19 137
214 171 27 137
214 172 28 137
214 170 29 137
410 403 11 137
410 447 12 137
410 371 17 137
410 410 20 137
410 390 21 137
410 411 22 137
410 410 23 137
96 61 11 138
96 94 12 138
96 90 13 138
96 89 14 138
96 73 26 138
96 70 28 138
214 215 13 138
214 171 14 138
214 214 18 138
214 171 26 138
214 172 27 138
214 170 28 138
214 253 29 138
451 403 10 138
451 447 11 138
451 410 19 138
451 411 21 138
451 410 22 138
253 215 12 139
253 269 13 139
253 214 17 139
253 264 23 139
253 302 25 139
253 269 27 139
253 253 28 139
253 253 29 139
447 447 10 139
447 410 18 139
447 411 20 139
447 410 21 139
214 215 11 140
214 171 12 140
214 214 16 140
214 171 24 140
214 172 25 140
214 170 26 140
214 253 27 140
214 253 28 140
214 253 29 140
253 215 10 141
253 269 11 141
253 214 15 141
253 264 21 141
253 302 23 141
253 269 25 141
253 253 26 141
253 253 27 141
253 253 28 141
450 410 15 142
450 411 17 142
450 410 18 142
96 73 21 143
96 70 23 143
214 214 13 143
214 171 21 143
214 172 22 143
214 170 23 143
214 253 24 143
214 253 25 143
214 253 26 143
214 173 27 143
214 213 28 143
214 194 29 143
96 73 20 144
96 70 22 144
214 214 12 144
214 171 20 144
214 172 21 144
214 170 22 144
214 253 23 144
214 253 24 144
214 253 25 144
214 173 26 144
214 213 27 144
214 194 28 144
271 303 17 144
271 264 18 144
271 302 20 144
271 269 22 144
271 253 23 144
271 253 24 144
271 253 25 144
271 301 28 144
214 214 11 145
214 171 19 145
214 172 20 145
214 170 21 145
214 253 22 145
214 253 23 145
214 253 24 145
214 173 25 145
214 213 26 145
214 194 27 145
449 410 12 145
449 411 14 145
449 410 15 145
449 419 28 145
332 331 10 146
332 303 15 146
332 328 17 146
332 302 18 146
332 330 19 146
332 331 21 146
332 331 22 146
332 331 23 146
332 370 24 146
332 345 25 146
332 301 26 146
489 511 27 147
489 449 28 147
403 390 10 148
403 411 11 148
403 410 12 148
403 370 22 148
403 419 25 148
403 390 26 148
403 449 27 148
61 37 15 149
61 73 15 149
61 70 17 149
61 91 28 149
447 411 10 149
447 410 11 149
447 419 24 149
447 449 26 149
38 37 14 150
38 73 14 150
38 70 16 150
94 73 14 150
94 70 16 150
94 91 27 150
147 159 12 150
147 171 14 150
147 172 15 150
147 170 16 150
147 173 20 150
147 194 22 150
147 170 27 150
304 303 11 150
304 264 12 150
304 328 13 150
304 302 14 150
304 330 15 150
304 269 16 150
304 331 17 150
304 331 18 150
304 331 19 150
304 345 21 150
304 301 22 150
304 258 26 150
304 329 27 150
304 303 28 150
304 331 29 150
90 73 13 151
90 70 15 151
90 91 26 151
215 264 11 151
215 171 13 151
215 172 14 151
215 170 15 151
215 253 16 151
215 253 17 151
215 253 18 151
215 173 19 151
215 213 20 151
215 194 21 151
215 258 25 151
215 170 26 151
215 171 29 151
330 303 10 151
330 328 12 151
330 302 13 151
330 330 14 151
330 331 16 151
330 331 17 151
330 331 18 151
330 370 19 151
330 345 20 151
330 301 21 151
330 329 26 151
330 303 27 151
330 331 28 151
89 73 12 152
89 70 14 152
89 91 25 152
171 159 10 152
171 171 12 152
171 172 13 152
171 170 14 152
171 173 18 152
171 213 19 152
171 194 20 152
171 170 25 152
171 171 28 152
269 264 10 152
269 302 12 152
269 269 14 152
269 253 15 152
269 253 16 152
269 253 17 152
269 301 20 152
269 258 24 152
269 303 26 152
269 270 28 152
336 328 10 153
336 302 11 153
336 330 12 153
336 331 14 153
336 331 15 153
336 331 16 153
336 370 17 153
336 345 18 153
336 301 19 153
336 329 24 153
336 303 25 153
336 331 26 153
336 332 29 153
371 330 11 154
371 331 13 154
371 331 14 154
371 331 15 154
371 370 16 154
371 345 17 154
371 419 19 154
371 390 20 154
371 329 23 154
371 331 25 154
371 410 27 154
371 332 28 154
332 330 10 155
332 331 12 155
332 331 13 155
332 331 14 155
332 370 15 155
332 345 16 155
332 301 17 155
332 329 22 155
332 303 23 155
332 331 24 155
332 332 27 155
332 301 28 155
214 170 10 156
214 253 11 156
214 253 12 156
214 253 13 156
214 173 14 156
214 213 15 156
214 194 16 156
214 258 20 156
214 170 21 156
214 171 24 156
331 331 11 156
331 331 12 156
331 331 13 156
331 370 14 156
331 345 15 156
331 301 16 156
331 329 21 156
331 303 22 156
331 331 23 156
331 332 26 156
331 301 27 156
410 370 13 157
410 419 16 157
410 390 17 157
410 449 18 157
410 410 24 157
410 450 27 157
390 370 12 158
390 345 13 158
390 419 15 158
390 390 16 158
390 410 23 158
411 370 11 159
411 419 14 159
411 390 15 159
411 449 16 159
411 410 22 159
411 450 25 159
410 370 10 160
410 419 13 160
410 390 14 160
410 449 15 160
410 410 21 160
410 450 24 160
303 345 10 161
303 301 11 161
303 258 15 161
303 329 16 161
303 303 17 161
303 331 18 161
303 270 19 161
303 332 21 161
303 301 22 161
303 270 24 161
159 194 10 162
159 170 15 162
159 171 18 162
264 301 10 162
264 258 14 162
264 303 16 162
264 270 18 162
264 301 21 162
264 270 23 162
328 329 14 163
328 303 15 163
328 331 16 163
328 332 19 163
328 301 20 163
73 91 13 164
171 170 13 164
171 171 16 164
302 258 12 164
302 329 13 164
302 303 14 164
302 331 15 164
302 270 16 164
302 332 18 164
302 301 19 164
302 270 21 164
172 170 12 165
172 171 15 165
330 329 12 165
330 303 13 165
330 331 14 165
330 332 17 165
330 301 18 165
70 91 11 166
170 170 11 166
170 171 14 166
170 214 29 166
269 258 10 166
269 303 12 166
269 270 14 166
269 301 17 166
269 270 19 166
253 270 13 167
253 301 16 167
253 270 18 167
253 214 28 167
331 329 10 167
331 303 11 167
331 331 12 167
331 332 15 167
331 301 16 167
253 270 12 168
253 301 15 168
253 270 17 168
253 214 27 168
253 268 29 168
331 303 10 168
331 331 11 168
331 332 14 168
331 301 15 168
253 270 11 169
253 301 14 169
253 270 16 169
253 214 26 169
253 268 28 169
253 269 29 169
331 331 10 169
331 332 13 169
331 301 14 169
173 171 10 170
173 214 25 170
370 410 11 170
370 332 12 170
370 403 22 170
370 410 23 170
370 410 29 170
213 214 24 171
213 252 29 171
345 332 11 171
345 301 12 171
345 330 29 171
194 214 23 172
301 332 10 172
301 301 11 172
301 270 13 172
301 268 25 172
301 269 26 172
301 252 28 172
301 330 28 172
301 252 29 172
301 330 29 172
419 450 11 173
419 403 19 173
419 410 20 173
419 422 21 173
419 464 23 173
419 410 26 173
419 463 29 173
390 403 18 174
390 410 19 174
390 422 20 174
390 410 25 174
390 410 29 174
511 511 20 174
511 489 21 174
511 464 22 174
511 463 28 174
449 403 17 175
449 410 18 175
449 422 19 175
449 489 20 175
449 464 21 175
449 410 24 175
449 463 27 175
449 410 28 175
449 410 29 175
258 214 19 176
258 268 21 176
258 269 22 176
258 252 24 176
258 252 25 176
91 68 20 177
91 71 21 177
91 96 23 177
170 214 18 177
329 330 23 177
329 330 24 177
329 331 29 177
303 268 19 178
303 269 20 178
303 330 22 178
303 330 23 178
303 331 28 178
303 331 29 178
331 330 21 179
331 330 22 179
331 331 27 179
331 331 28 179
331 331 29 179
171 214 15 180
171 214 28 180
270 268 17 180
270 269 18 180
270 252 20 180
270 252 21 180
410 403 11 181
410 410 12 181
410 422 13 181
410 410 18 181
410 410 22 181
410 410 23 181
410 388 24 181
410 447 29 181
332 330 18 182
332 330 19 182
332 331 24 182
332 331 25 182
332 331 26 182
332 332 27 182
301 268 14 183
301 269 15 183
301 252 17 183
301 330 17 183
301 252 18 183
301 330 18 183
301 331 23 183
301 331 24 183
301 331 25 183
301 332 26 183
450 422 10 184
450 489 11 184
450 464 12 184
450 410 15 184
450 463 18 184
450 410 19 184
450 410 20 184
450 447 26 184
450 450 27 184
450 449 28 184
450 450 29 184
270 268 12 185
270 269 13 185
270 252 15 185
270 252 16 185
403 410 11 192
403 410 12 192
403 388 13 192
403 447 18 192
403 450 19 192
403 449 20 192
403 450 21 192
403 449 22 192
403 410 23 192
403 391 25 192
403 390 27 192
403 370 28 192
403 368 29 192
410 410 10 193
410 410 11 193
410 388 12 193
410 447 17 193
410 450 18 193
410 449 19 193
410 450 20 193
410 449 21 193
410 410 22 193
410 391 24 193
410 390 26 193
410 370 27 193
410 368 28 193
422 410 10 194
422 388 11 194
422 447 16 194
422 450 17 194
422 449 18 194
422 450 19 194
422 449 20 194
422 410 21 194
422 391 23 194
422 390 25 194
511 511 14 194
511 511 15 194
511 511 17 194
511 511 23 194
511 511 24 194
214 214 13 195
214 214 19 195
214 214 20 195
214 205 23 195
214 255 23 195
214 253 25 195
489 511 13 195
489 511 14 195
489 447 15 195
489 450 16 195
489 511 16 195
489 449 17 195
489 450 18 195
489 449 19 195
489 511 22 195
489 511 23 195
464 511 12 196
464 511 13 196
464 447 14 196
464 450 15 196
464 511 15 196
464 449 16 196
464 450 17 196
464 449 18 196
464 511 21 196
464 511 22 196
464 511 29 196
268 255 21 197
268 253 23 197
268 253 29 197
269 255 20 198
269 253 22 198
269 253 28 198
269 250 29 198
269 257 29 198
410 447 11 199
410 450 12 199
410 449 13 199
410 450 14 199
410 449 15 199
410 410 16 199
410 391 18 199
410 390 20 199
410 370 21 199
410 368 22 199
410 410 26 199
252 214 14 200
252 214 15 200
252 205 18 200
252 255 18 200
252 253 20 200
252 253 26 200
252 250 27 200
252 257 27 200
252 252 28 200
330 332 16 200
330 370 20 200
330 368 21 200
330 331 22 200
330 331 23 200
330 331 24 200
330 331 26 200
330 331 28 200
252 214 13 201
252 214 14 201
252 205 17 201
252 255 17 201
252 253 19 201
252 253 25 201
252 250 26 201
252 257 26 201
252 252 27 201
252 252 29 201
330 332 15 201
330 370 19 201
330 368 20 201
330 331 21 201
330 331 22 201
330 331 23 201
330 331 25 201
330 331 27 201
463 449 10 202
463 450 11 202
463 449 12 202
463 511 15 202
463 511 16 202
463 511 23 202
410 450 10 203
410 449 11 203
410 410 12 203
410 391 14 203
410 390 16 203
410 370 17 203
410 368 18 203
410 410 22 203
410 410 26 203
410 410 27 203
410 410 28 203
410 410 29 203
410 449 10 204
410 410 11 204
410 391 13 204
410 390 15 204
410 370 16 204
410 368 17 204
410 410 21 204
410 410 25 204
410 410 26 204
410 410 27 204
410 410 28 204
410 387 29 204
388 410 10 205
388 391 12 205
388 390 14 205
388 370 15 205
388 368 16 205
388 410 20 205
388 410 24 205
388 410 25 205
388 410 26 205
388 410 27 205
388 387 28 205
331 332 10 206
331 370 14 206
331 368 15 206
331 331 16 206
331 331 17 206
331 331 18 206
331 331 20 206
331 331 22 206
331 367 29 206
331 370 13 207
331 368 14 207
331 331 15 207
331 331 16 207
331 331 17 207
331 331 19 207
331 331 21 207
331 367 28 207
331 369 29 207
214 205 10 208
214 255 10 208
214 253 12 208
214 253 18 208
214 250 19 208
214 257 19 208
214 252 20 208
214 252 22 208
214 214 23 208
214 214 28 208
331 370 12 208
331 368 13 208
331 331 14 208
331 331 15 208
331 331 16 208
331 331 18 208
331 331 20 208
331 367 27 208
331 369 28 208
511 511 10 208
511 511 17 208
511 511 24 208
332 370 11 209
332 368 12 209
332 331 13 209
332 331 14 209
332 331 15 209
332 331 17 209
332 331 19 209
332 367 26 209
332 369 27 209
511 511 16 209
511 511 23 209
447 410 15 210
447 410 19 210
447 410 20 210
447 410 21 210
447 410 22 210
447 410 27 210
447 410 28 210
447 410 29 210
450 410 14 211
450 410 18 211
450 410 19 211
450 410 20 211
450 410 21 211
450 410 26 211
450 410 27 211
450 410 28 211
450 449 29 211
511 511 14 211
511 511 21 211
511 511 28 211
449 410 13 212
449 410 17 212
449 410 18 212
449 410 19 212
449 410 20 212
449 410 25 212
449 410 26 212
449 410 27 212
449 449 28 212
450 410 12 213
450 410 16 213
450 410 17 213
450 410 18 213
450 410 19 213
450 410 24 213
450 410 25 213
450 410 26 213
450 449 27 213
214 253 12 214
214 250 13 214
214 257 13 214
214 252 14 214
214 252 16 214
214 214 17 214
214 214 22 214
214 252 26 214
214 214 29 214
449 410 11 214
449 410 15 214
449 410 16 214
449 410 17 214
449 410 18 214
449 410 23 214
449 410 24 214
449 410 25 214
449 449 26 214
449 410 29 214
214 253 11 215
214 250 12 215
214 257 12 215
214 252 13 215
214 252 15 215
214 214 16 215
214 214 21 215
214 252 25 215
214 214 28 215
410 410 10 215
410 410 14 215
410 410 15 215
410 410 16 215
410 410 17 215
410 387 18 215
410 367 20 215
410 369 21 215
410 410 22 215
410 410 23 215
410 410 24 215
410 449 25 215
410 410 28 215
410 368 29 215
332 331 10 216
332 331 12 216
332 367 19 216
332 369 20 216
332 331 25 216
332 331 26 216
332 368 28 216
332 369 29 216
391 410 12 217
391 410 13 217
391 410 14 217
391 410 15 217
391 387 16 217
391 367 18 217
391 369 19 217
391 410 20 217
391 410 21 217
391 410 22 217
391 410 26 217
391 368 27 217
391 369 28 217
511 511 15 217
511 511 22 217
511 511 29 217
205 252 10 218
205 252 12 218
205 214 13 218
205 214 18 218
205 252 22 218
205 214 25 218
205 236 28 218
255 252 10 218
255 252 12 218
255 214 13 218
255 270 16 218
255 214 18 218
255 252 22 218
255 214 25 218
255 236 28 218
255 262 28 218
511 511 14 218
511 511 21 218
511 511 28 218
390 410 10 219
390 410 11 219
390 410 12 219
390 410 13 219
390 387 14 219
390 367 16 219
390 369 17 219
390 410 18 219
390 410 19 219
390 410 20 219
390 410 24 219
390 368 25 219
390 369 26 219
253 252 10 220
253 214 11 220
253 270 14 220
253 214 16 220
253 252 20 220
253 214 23 220
253 236 26 220
253 262 26 220
370 410 10 220
370 410 11 220
370 410 12 220
370 387 13 220
370 367 15 220
370 369 16 220
370 410 17 220
370 410 18 220
370 410 19 220
370 331 21 220
370 331 22 220
370 410 23 220
370 368 24 220
370 369 25 220
368 410 10 221
368 410 11 221
368 387 12 221
368 367 14 221
368 369 15 221
368 410 16 221
368 410 17 221
368 410 18 221
368 331 20 221
368 331 21 221
368 410 22 221
368 368 23 221
368 369 24 221
331 367 13 222
331 369 14 222
331 331 19 222
331 331 20 222
331 368 22 222
331 369 23 222
331 367 12 223
331 369 13 223
331 331 18 223
331 331 19 223
331 368 21 223
331 369 22 223
331 367 11 224
331 369 12 224
331 331 17 224
331 331 18 224
331 368 20 224
331 369 21 224
410 367 10 225
410 369 11 225
410 410 12 225
410 410 13 225
410 410 14 225
410 449 15 225
410 410 18 225
410 368 19 225
410 369 20 225
511 511 14 225
511 511 21 225
253 214 10 226
253 252 14 226
253 214 17 226
253 236 20 226
253 262 20 226
331 369 10 226
331 331 15 226
331 331 16 226
331 368 18 226
331 369 19 226
9 24 14 227
9 25 19 227
250 252 13 227
250 214 16 227
250 236 19 227
250 262 19 227
257 252 13 227
257 214 16 227
257 236 19 227
257 262 19 227
252 252 12 228
252 214 15 228
252 236 18 228
252 262 18 228
331 331 13 228
331 331 14 228
331 368 16 228
331 369 17 228
410 410 10 229
410 449 11 229
410 410 14 229
410 368 15 229
410 369 16 229
252 252 10 230
252 214 13 230
252 236 16 230
252 262 16 230
410 449 10 230
410 410 13 230
410 368 14 230
410 369 15 230
214 214 12 231
214 236 15 231
214 262 15 231
410 410 12 231
410 368 13 231
410 369 14 231
410 410 11 232
410 368 12 232
410 369 13 232
511 511 14 232
387 410 10 233
387 368 11 233
387 369 12 233
270 236 12 234
270 262 12 234
367 369 10 235
214 236 10 236
214 262 10 236
410 410 29 238
410 410 28 239
410 410 29 239
511 511 28 239
449 410 27 240
449 410 28 240
24 34 28 241
331 331 28 241
331 332 29 241
331 331 27 242
331 332 28 242
331 331 29 242
214 252 28 243
410 410 24 243
410 410 25 243
368 410 23 244
368 410 24 244
368 331 25 244
368 332 26 244
368 331 27 244
369 410 22 245
369 410 23 245
369 331 24 245
369 332 25 245
369 331 26 245
25 34 23 246
25 11 25 246
25 38 25 246
236 252 25 246
262 252 25 246
511 511 21 246
295 331 10 365
295 331 11 365
295 331 12 365
295 331 22 365
330 331 10 366
330 331 11 366
330 331 21 366
330 331 10 367
330 331 20 367
331 331 13 374
331 331 12 375
331 331 11 376
331 331 10 377
331 333 18 488
331 332 22 488
331 332 23 488
331 333 17 489
331 332 21 489
331 332 22 489
410 450 10 490
410 450 11 490
410 450 12 490
410 450 13 490
410 450 14 490
410 450 15 490
410 450 17 490
410 450 18 490
410 419 19 490
410 450 22 490
410 410 24 490
410 450 27 490
511 511 10 490
511 511 11 490
511 511 14 490
511 511 16 490
511 511 17 490
511 511 18 490
511 511 21 490
511 489 23 490
511 511 24 490
511 489 25 490
511 488 26 490
511 501 28 490
511 501 29 490
489 450 10 491
489 511 10 491
489 450 11 491
489 450 12 491
489 450 13 491
489 511 13 491
489 450 14 491
489 511 15 491
489 450 16 491
489 511 16 491
489 450 17 491
489 511 17 491
489 511 20 491
489 450 21 491
489 489 22 491
489 511 23 491
489 489 24 491
489 488 25 491
489 450 26 491
489 501 27 491
489 501 28 491
489 450 29 491
511 511 10 491
511 511 13 491
511 511 15 491
511 511 16 491
511 511 17 491
511 511 20 491
511 489 22 491
511 511 23 491
511 489 24 491
511 488 25 491
511 501 27 491
511 501 28 491
489 450 10 492
489 450 11 492
489 450 12 492
489 511 12 492
489 450 13 492
489 511 14 492
489 450 15 492
489 511 15 492
489 450 16 492
489 511 16 492
489 511 19 492
489 450 20 492
489 489 21 492
489 511 22 492
489 489 23 492
489 488 24 492
489 450 25 492
489 501 26 492
489 501 27 492
489 450 28 492
489 450 29 492
489 511 29 492
489 450 10 493
489 450 11 493
489 511 11 493
489 450 12 493
489 511 13 493
489 450 14 493
489 511 14 493
489 450 15 493
489 511 15 493
489 511 18 493
489 450 19 493
489 489 20 493
489 511 21 493
489 489 22 493
489 488 23 493
489 450 24 493
489 501 25 493
489 501 26 493
489 450 27 493
489 450 28 493
489 511 28 493
489 450 29 493
511 511 11 493
511 511 13 493
511 511 14 493
511 511 15 493
511 511 18 493
511 489 20 493
511 511 21 493
511 489 22 493
511 488 23 493
511 501 25 493
511 501 26 493
511 511 28 493
489 450 10 494
489 511 10 494
489 450 11 494
489 511 12 494
489 450 13 494
489 511 13 494
489 450 14 494
489 511 14 494
489 511 17 494
489 450 18 494
489 489 19 494
489 511 20 494
489 489 21 494
489 488 22 494
489 450 23 494
489 501 24 494
489 501 25 494
489 450 26 494
489 450 27 494
489 511 27 494
489 450 28 494
489 450 29 494
511 511 10 494
511 511 12 494
511 511 13 494
511 511 14 494
511 511 17 494
511 489 19 494
511 511 20 494
511 489 21 494
511 488 22 494
511 501 24 494
511 501 25 494
511 511 27 494
450 450 10 495
450 450 12 495
450 450 13 495
450 419 14 495
450 450 17 495
450 489 18 495
450 410 19 495
450 489 20 495
450 488 21 495
450 450 22 495
450 450 25 495
450 450 26 495
450 450 27 495
450 450 28 495
450 450 29 495
450 450 11 496
450 450 12 496
450 419 13 496
450 450 16 496
450 489 17 496
450 410 18 496
450 489 19 496
450 488 20 496
450 450 21 496
450 450 24 496
450 450 25 496
450 450 26 496
450 450 27 496
450 450 28 496
450 450 29 496
490 450 10 497
490 511 10 497
490 450 11 497
490 511 11 497
490 511 14 497
490 450 15 497
490 489 16 497
490 511 17 497
490 489 18 497
490 488 19 497
490 450 20 497
490 501 21 497
490 501 22 497
490 450 23 497
490 450 24 497
490 511 24 497
490 450 25 497
490 450 26 497
490 450 27 497
490 450 28 497
490 511 28 497
490 449 29 497
511 511 10 497
511 511 11 497
511 511 14 497
511 489 16 497
511 511 17 497
511 489 18 497
511 488 19 497
511 501 21 497
511 501 22 497
511 511 24 497
511 511 28 497
450 450 10 498
450 419 11 498
450 450 14 498
450 489 15 498
450 410 16 498
450 489 17 498
450 488 18 498
450 450 19 498
450 450 22 498
450 450 23 498
450 450 24 498
450 450 25 498
450 450 26 498
450 450 27 498
450 449 28 498
450 490 29 498
214 253 11 499
214 214 13 499
214 214 14 499
214 253 15 499
214 253 18 499
214 214 20 499
214 214 21 499
214 253 22 499
214 253 25 499
214 214 27 499
214 214 28 499
214 253 29 499
489 511 12 499
489 450 13 499
489 489 14 499
489 511 15 499
489 489 16 499
489 488 17 499
489 450 18 499
489 501 19 499
489 501 20 499
489 450 21 499
489 450 22 499
489 511 22 499
489 450 23 499
489 450 24 499
489 450 25 499
489 450 26 499
489 511 26 499
489 449 27 499
489 490 28 499
489 450 29 499
489 511 29 499
450 450 12 500
450 489 13 500
450 410 14 500
450 489 15 500
450 488 16 500
450 450 17 500
450 450 20 500
450 450 21 500
450 450 22 500
450 450 23 500
450 450 24 500
450 450 25 500
450 449 26 500
450 490 27 500
450 450 28 500
450 490 29 500
511 511 11 500
511 489 13 500
511 511 14 500
511 489 15 500
511 488 16 500
511 501 18 500
511 501 19 500
511 511 21 500
511 511 25 500
511 490 27 500
511 511 28 500
511 490 29 500
511 511 29 500
450 450 11 501
450 489 12 501
450 410 13 501
450 489 14 501
450 488 15 501
450 450 16 501
450 450 19 501
450 450 20 501
450 450 21 501
450 450 22 501
450 450 23 501
450 450 24 501
450 449 25 501
450 490 26 501
450 450 27 501
450 490 28 501
450 450 29 501
511 511 10 501
511 489 12 501
511 511 13 501
511 489 14 501
511 488 15 501
511 501 17 501
511 501 18 501
511 511 20 501
511 511 24 501
511 490 26 501
511 511 27 501
511 490 28 501
511 511 28 501
450 450 10 502
450 489 11 502
450 410 12 502
450 489 13 502
450 488 14 502
450 450 15 502
450 450 18 502
450 450 19 502
450 450 20 502
450 450 21 502
450 450 22 502
450 450 23 502
450 449 24 502
450 490 25 502
450 450 26 502
450 490 27 502
450 450 28 502
450 450 29 502
253 214 10 503
253 253 11 503
253 253 14 503
253 214 16 503
253 214 17 503
253 253 18 503
253 253 21 503
253 214 23 503
253 214 24 503
253 253 25 503
253 253 28 503
450 489 10 503
450 410 11 503
450 489 12 503
450 488 13 503
450 450 14 503
450 450 17 503
450 450 18 503
450 450 19 503
450 450 20 503
450 450 21 503
450 450 22 503
450 449 23 503
450 490 24 503
450 450 25 503
450 490 26 503
450 450 27 503
450 450 28 503
450 435 29 503
450 410 10 504
450 489 11 504
450 488 12 504
450 450 13 504
450 450 16 504
450 450 17 504
450 450 18 504
450 450 19 504
450 450 20 504
450 450 21 504
450 449 22 504
450 490 23 504
450 450 24 504
450 490 25 504
450 450 26 504
450 450 27 504
450 435 28 504
450 451 29 504
511 511 10 504
511 489 11 504
511 488 12 504
511 501 14 504
511 501 15 504
511 511 17 504
511 511 21 504
511 490 23 504
511 511 24 504
511 490 25 504
511 511 25 504
511 511 28 504
214 253 12 505
214 214 14 505
214 214 15 505
214 253 16 505
214 253 19 505
214 214 21 505
214 214 22 505
214 253 23 505
214 253 26 505
214 170 27 505
214 214 28 505
214 214 29 505
450 489 10 505
450 488 11 505
450 450 12 505
450 450 15 505
450 450 16 505
450 450 17 505
450 450 18 505
450 450 19 505
450 450 20 505
450 449 21 505
450 490 22 505
450 450 23 505
450 490 24 505
450 450 25 505
450 450 26 505
450 435 27 505
450 451 28 505
214 253 11 506
214 214 13 506
214 214 14 506
214 253 15 506
214 253 18 506
214 214 20 506
214 214 21 506
214 253 22 506
214 253 25 506
214 170 26 506
214 214 27 506
214 214 28 506
214 253 29 506
333 332 28 506
511 488 10 506
511 501 12 506
511 501 13 506
511 511 15 506
511 511 19 506
511 490 21 506
511 511 22 506
511 490 23 506
511 511 23 506
511 511 26 506
511 509 29 506
511 511 29 506
214 253 10 507
214 214 12 507
214 214 13 507
214 253 14 507
214 253 17 507
214 214 19 507
214 214 20 507
214 253 21 507
214 253 24 507
214 170 25 507
214 214 26 507
214 214 27 507
214 253 28 507
450 450 10 507
450 450 13 507
450 450 14 507
450 450 15 507
450 450 16 507
450 450 17 507
450 450 18 507
450 449 19 507
450 490 20 507
450 450 21 507
450 490 22 507
450 450 23 507
450 450 24 507
450 435 25 507
450 451 26 507
450 450 29 507
511 501 11 507
511 501 12 507
511 511 14 507
511 511 18 507
511 490 20 507
511 511 21 507
511 490 22 507
511 511 22 507
511 511 25 507
511 509 28 507
511 511 28 507
511 511 29 507
450 450 12 508
450 450 13 508
450 450 14 508
450 450 15 508
450 450 16 508
450 450 17 508
450 449 18 508
450 490 19 508
450 450 20 508
450 490 21 508
450 450 22 508
450 450 23 508
450 435 24 508
450 451 25 508
450 450 28 508
450 450 29 508
511 501 10 508
511 501 11 508
511 511 13 508
511 511 17 508
511 490 19 508
511 511 20 508
511 490 21 508
511 511 21 508
511 511 24 508
511 509 27 508
511 511 27 508
511 511 28 508
121 170 23 509
419 450 11 509
419 450 12 509
419 450 13 509
419 450 14 509
419 450 15 509
419 450 16 509
419 449 17 509
419 450 19 509
419 450 21 509
419 450 22 509
419 435 23 509
419 451 24 509
419 450 27 509
419 450 28 509
253 214 10 510
253 253 11 510
253 253 14 510
253 214 16 510
253 214 17 510
253 253 18 510
253 253 21 510
253 214 23 510
253 214 24 510
253 253 25 510
253 253 28 510
332 332 24 510
332 332 23 511
511 511 10 511
511 511 14 511
511 490 16 511
511 511 17 511
511 490 18 511
511 511 18 511
511 511 21 511
511 509 24 511
511 511 24 511
511 511 25 511
511 489 27 511
511 490 28 511
511 511 28 511
214 253 12 512
214 214 14 512
214 214 15 512
214 253 16 512
214 253 19 512
214 170 20 512
214 214 21 512
214 214 22 512
214 253 23 512
214 253 26 512
214 170 27 512
214 214 28 512
214 253 29 512
450 450 10 512
450 450 11 512
450 450 12 512
450 450 13 512
450 449 14 512
450 490 15 512
450 450 16 512
450 490 17 512
450 450 18 512
450 450 19 512
450 435 20 512
450 451 21 512
450 450 24 512
450 450 25 512
450 489 26 512
450 490 27 512
450 450 28 512
450 450 29 512
214 253 11 513
214 214 13 513
214 214 14 513
214 253 15 513
214 253 18 513
214 170 19 513
214 214 20 513
214 214 21 513
214 253 22 513
214 253 25 513
214 170 26 513
214 214 27 513
214 253 28 513
489 450 10 513
489 450 11 513
489 450 12 513
489 511 12 513
489 449 13 513
489 490 14 513
489 450 15 513
489 511 15 513
489 490 16 513
489 511 16 513
489 450 17 513
489 450 18 513
489 511 19 513
489 451 20 513
489 509 22 513
489 511 22 513
489 450 23 513
489 511 23 513
489 450 24 513
489 489 25 513
489 490 26 513
489 511 26 513
489 450 27 513
489 450 28 513
253 253 10 514
253 214 12 514
253 214 13 514
253 253 14 514
253 253 17 514
253 214 19 514
253 214 20 514
253 253 21 514
253 253 24 514
253 214 26 514
253 253 27 514
410 450 10 514
410 450 11 514
410 449 12 514
410 450 14 514
410 450 16 514
410 450 17 514
410 435 18 514
410 451 19 514
410 450 22 514
410 450 23 514
410 450 26 514
410 450 27 514
410 450 29 514
511 511 11 514
511 490 13 514
511 511 14 514
511 490 15 514
511 511 15 514
511 511 18 514
511 509 21 514
511 511 21 514
511 511 22 514
511 489 24 514
511 490 25 514
511 511 25 514
489 450 10 515
489 511 10 515
489 449 11 515
489 490 12 515
489 450 13 515
489 511 13 515
489 490 14 515
489 511 14 515
489 450 15 515
489 450 16 515
489 511 17 515
489 451 18 515
489 509 20 515
489 511 20 515
489 450 21 515
489 511 21 515
489 450 22 515
489 489 23 515
489 490 24 515
489 511 24 515
489 450 25 515
489 450 26 515
489 450 28 515
489 450 29 515
488 449 10 516
488 490 11 516
488 450 12 516
488 511 12 516
488 490 13 516
488 511 13 516
488 450 14 516
488 450 15 516
488 511 16 516
488 451 17 516
488 509 19 516
488 511 19 516
488 450 20 516
488 511 20 516
488 450 21 516
488 489 22 516
488 490 23 516
488 511 23 516
488 450 24 516
488 450 25 516
488 450 27 516
488 450 28 516
488 450 29 516
253 214 10 517
253 253 11 517
253 253 14 517
253 214 16 517
253 214 17 517
253 253 18 517
253 253 21 517
253 214 23 517
253 253 24 517
450 490 10 517
450 450 11 517
450 490 12 517
450 450 13 517
450 450 14 517
450 435 15 517
450 451 16 517
450 450 19 517
450 450 20 517
450 489 21 517
450 490 22 517
450 450 23 517
450 450 24 517
450 450 26 517
450 450 27 517
450 450 28 517
450 450 29 517
501 511 10 518
501 490 11 518
501 511 11 518
501 511 14 518
501 451 15 518
501 509 17 518
501 511 17 518
501 511 18 518
501 489 20 518
501 490 21 518
501 511 21 518
214 253 12 519
214 170 13 519
214 214 14 519
214 214 15 519
214 253 16 519
214 253 19 519
214 170 20 519
214 214 21 519
214 253 22 519
214 214 28 519
501 490 10 519
501 511 10 519
501 511 13 519
501 451 14 519
501 509 16 519
501 511 16 519
501 511 17 519
501 489 19 519
501 490 20 519
501 511 20 519
501 490 29 519
214 253 11 520
214 170 12 520
214 214 13 520
214 214 14 520
214 253 15 520
214 253 18 520
214 170 19 520
214 214 20 520
214 253 21 520
214 214 27 520
450 450 10 520
450 450 11 520
450 435 12 520
450 451 13 520
450 450 16 520
450 450 17 520
450 489 18 520
450 490 19 520
450 450 20 520
450 450 21 520
450 450 23 520
450 450 24 520
450 450 25 520
450 450 26 520
450 450 27 520
450 490 28 520
450 450 29 520
253 253 10 521
253 214 12 521
253 214 13 521
253 253 14 521
253 253 17 521
253 214 19 521
253 253 20 521
253 214 26 521
450 450 10 521
450 435 11 521
450 451 12 521
450 450 15 521
450 450 16 521
450 489 17 521
450 490 18 521
450 450 19 521
450 450 20 521
450 450 22 521
450 450 23 521
450 450 24 521
450 450 25 521
450 450 26 521
450 490 27 521
450 450 28 521
450 450 29 521
511 511 11 521
511 509 14 521
511 511 14 521
511 511 15 521
511 489 17 521
511 490 18 521
511 511 18 521
511 490 27 521
450 435 10 522
450 451 11 522
450 450 14 522
450 450 15 522
450 489 16 522
450 490 17 522
450 450 18 522
450 450 19 522
450 450 21 522
450 450 22 522
450 450 23 522
450 450 24 522
450 450 25 522
450 490 26 522
450 450 27 522
450 450 28 522
450 451 29 522
450 451 10 523
450 450 13 523
450 450 14 523
450 489 15 523
450 490 16 523
450 450 17 523
450 450 18 523
450 450 20 523
450 450 21 523
450 450 22 523
450 450 23 523
450 450 24 523
450 490 25 523
450 450 26 523
450 450 27 523
450 451 28 523
450 450 29 523
253 214 10 524
253 253 11 524
253 253 14 524
253 214 16 524
253 253 17 524
253 214 23 524
450 450 12 524
450 450 13 524
450 489 14 524
450 490 15 524
450 450 16 524
450 450 17 524
450 450 19 524
450 450 20 524
450 450 21 524
450 450 22 524
450 450 23 524
450 490 24 524
450 450 25 524
450 450 26 524
450 451 27 524
450 450 28 524
450 450 29 524
450 450 11 525
450 450 12 525
450 489 13 525
450 490 14 525
450 450 15 525
450 450 16 525
450 450 18 525
450 450 19 525
450 450 20 525
450 450 21 525
450 450 22 525
450 490 23 525
450 450 24 525
450 450 25 525
450 451 26 525
450 450 27 525
450 450 28 525
450 450 29 525
511 509 10 525
511 511 10 525
511 511 11 525
511 489 13 525
511 490 14 525
511 511 14 525
511 490 23 525
214 253 12 526
214 170 13 526
214 214 14 526
214 253 15 526
214 214 21 526
449 450 10 526
449 450 11 526
449 489 12 526
449 490 13 526
449 450 14 526
449 450 15 526
449 450 17 526
449 450 18 526
449 450 19 526
449 450 20 526
449 450 21 526
449 490 22 526
449 450 23 526
449 450 24 526
449 451 25 526
449 450 26 526
449 450 27 526
449 450 28 526
449 450 29 526
36 37 12 527
214 253 11 527
214 170 12 527
214 214 13 527
214 253 14 527
214 214 20 527
490 450 10 527
490 489 11 527
490 490 12 527
490 511 12 527
490 450 13 527
490 450 14 527
490 450 16 527
490 450 17 527
490 450 18 527
490 450 19 527
490 450 20 527
490 490 21 527
490 450 22 527
490 450 23 527
490 451 24 527
490 450 25 527
490 450 26 527
490 450 27 527
490 450 28 527
253 253 10 528
253 214 12 528
253 253 13 528
253 214 19 528
450 489 10 528
450 490 11 528
450 450 12 528
450 450 13 528
450 450 15 528
450 450 16 528
450 450 17 528
450 450 18 528
450 450 19 528
450 490 20 528
450 450 21 528
450 450 22 528
450 451 23 528
450 450 24 528
450 450 25 528
450 450 26 528
450 450 27 528
511 489 10 528
511 490 11 528
511 511 11 528
511 490 20 528
490 490 10 529
490 511 10 529
490 450 11 529
490 450 12 529
490 450 14 529
490 450 15 529
490 450 16 529
490 450 17 529
490 450 18 529
490 490 19 529
490 450 20 529
490 450 21 529
490 451 22 529
490 450 23 529
490 450 24 529
490 450 25 529
490 450 26 529
511 490 10 529
511 511 10 529
511 490 19 529
450 450 10 530
450 450 11 530
450 450 13 530
450 450 14 530
450 450 15 530
450 450 16 530
450 450 17 530
450 490 18 530
450 450 19 530
450 450 20 530
450 451 21 530
450 450 22 530
450 450 23 530
450 450 24 530
450 450 25 530
253 253 10 531
253 214 16 531
450 450 10 531
450 450 12 531
450 450 13 531
450 450 14 531
450 450 15 531
450 450 16 531
450 490 17 531
450 450 18 531
450 450 19 531
450 451 20 531
450 450 21 531
450 450 22 531
450 450 23 531
450 450 24 531
170 214 15 532
435 450 11 532
435 450 12 532
435 450 13 532
435 450 14 532
435 450 15 532
435 450 17 532
435 450 18 532
435 451 19 532
435 450 20 532
435 450 21 532
435 450 22 532
435 450 23 532
511 490 16 532
214 214 14 533
451 450 10 533
451 450 11 533
451 450 12 533
451 450 13 533
451 450 14 533
451 490 15 533
451 450 16 533
451 450 17 533
451 451 18 533
451 450 19 533
451 450 20 533
451 450 21 533
451 450 22 533
214 214 13 534
253 214 12 535
509 490 13 535
511 490 13 535
450 450 10 536
450 450 11 536
450 490 12 536
450 450 13 536
450 450 14 536
450 451 15 536
450 450 16 536
450 450 17 536
450 450 18 536
450 450 19 536
511 490 12 536
450 450 10 537
450 490 11 537
450 450 12 537
450 450 13 537
450 451 14 537
450 450 15 537
450 450 16 537
450 450 17 537
450 450 18 537
489 490 10 538
489 450 11 538
489 450 12 538
489 451 13 538
489 450 14 538
489 450 15 538
489 450 16 538
489 450 17 538
490 450 10 539
490 450 11 539
490 451 12 539
490 450 13 539
490 450 14 539
490 450 15 539
490 450 16 539
96 96 13 540
450 450 10 540
450 451 11 540
450 450 12 540
450 450 13 540
450 450 14 540
450 450 15 540
450 451 10 541
450 450 11 541
450 450 12 541
450 450 13 541
450 450 14 541
450 450 10 543
450 450 11 543
450 450 12 543
450 450 10 544
450 450 11 544
450 450 10 545
