252 193 10 0
252 292 14 0
252 231 25 0
252 231 26 0
252 245 27 0
252 245 28 0
252 244 29 0
252 226 30 0
252 228 31 0
252 288 32 0
252 275 33 0
252 229 34 0
252 228 35 0
252 228 36 0
252 296 37 0
252 237 39 0
252 228 41 0
252 231 51 0
252 289 51 0
252 291 54 0
252 303 55 0
252 231 56 0
252 303 56 0
252 231 57 0
252 228 59 0
252 228 60 0
252 229 63 0
252 231 64 0
252 296 65 0
252 228 66 0
252 231 67 0
257 292 14 0
257 231 25 0
257 231 26 0
257 245 27 0
257 245 28 0
257 244 29 0
257 226 30 0
257 228 31 0
257 288 32 0
257 275 33 0
257 229 34 0
257 228 35 0
257 228 36 0
257 316 36 0
257 296 37 0
257 237 39 0
257 228 41 0
257 231 51 0
257 289 51 0
257 291 54 0
257 303 55 0
257 231 56 0
257 303 56 0
257 231 57 0
257 228 59 0
257 228 60 0
257 229 63 0
257 231 64 0
257 296 65 0
257 228 66 0
257 231 67 0
322 326 12 1
322 292 13 1
322 350 24 1
322 348 25 1
322 348 26 1
322 348 27 1
322 370 28 1
322 350 29 1
322 350 30 1
322 288 31 1
322 275 32 1
322 348 33 1
322 350 34 1
322 316 35 1
322 296 36 1
322 348 37 1
322 348 38 1
322 365 39 1
322 350 40 1
322 289 50 1
322 291 53 1
322 303 54 1
322 303 55 1
322 348 56 1
322 350 57 1
322 350 59 1
322 364 60 1
322 348 61 1
322 373 62 1
322 296 64 1
322 364 66 1
322 341 68 1
744 767 11 1
744 739 24 1
744 724 25 1
744 739 27 1
744 735 29 1
744 767 30 1
744 753 31 1
744 729 32 1
744 735 33 1
744 732 34 1
744 767 35 1
744 729 36 1
744 734 37 1
744 728 53 1
744 737 56 1
744 739 57 1
744 732 58 1
744 767 59 1
744 734 62 1
744 721 63 1
744 690 66 1
744 724 67 1
253 292 12 2
253 231 23 2
253 231 24 2
253 245 25 2
253 245 26 2
253 244 27 2
253 226 28 2
253 228 29 2
253 288 30 2
253 275 31 2
253 229 32 2
253 228 33 2
253 228 34 2
253 296 35 2
253 237 37 2
253 228 39 2
253 231 49 2
253 289 49 2
253 291 52 2
253 303 53 2
253 231 54 2
253 303 54 2
253 231 55 2
253 228 57 2
253 228 58 2
253 229 61 2
253 231 62 2
253 296 63 2
253 228 64 2
253 231 65 2
256 292 12 2
256 231 23 2
256 231 24 2
256 245 25 2
256 245 26 2
256 244 27 2
256 226 28 2
256 228 29 2
256 288 30 2
256 275 31 2
256 229 32 2
256 228 33 2
256 228 34 2
256 296 35 2
256 237 37 2
256 228 39 2
256 231 49 2
256 289 49 2
256 291 52 2
256 303 53 2
256 231 54 2
256 303 54 2
256 231 55 2
256 228 57 2
256 228 58 2
256 229 61 2
256 231 62 2
256 296 63 2
256 228 64 2
256 231 65 2
763 767 10 2
763 739 23 2
763 724 24 2
763 739 26 2
763 735 28 2
763 767 29 2
763 753 30 2
763 729 31 2
763 735 32 2
763 732 33 2
763 767 34 2
763 729 35 2
763 734 36 2
763 728 52 2
763 737 55 2
763 739 56 2
763 732 57 2
763 767 58 2
763 734 61 2
763 721 62 2
763 724 66 2
84 119 10 3
84 103 11 3
84 109 24 3
84 119 28 3
84 97 29 3
84 84 30 3
84 84 31 3
84 119 38 3
84 85 48 3
84 95 51 3
84 109 52 3
84 25 58 3
84 84 58 3
84 25 66 3
84 118 66 3
251 292 11 3
251 231 22 3
251 231 23 3
251 245 24 3
251 245 25 3
251 244 26 3
251 226 27 3
251 228 28 3
251 288 29 3
251 275 30 3
251 229 31 3
251 228 32 3
251 228 33 3
251 296 34 3
251 237 36 3
251 228 38 3
251 231 48 3
251 289 48 3
251 291 51 3
251 303 52 3
251 231 53 3
251 303 53 3
251 231 54 3
251 228 56 3
251 228 57 3
251 229 60 3
251 231 61 3
251 296 62 3
251 228 63 3
251 231 64 3
257 292 11 3
257 231 22 3
257 231 23 3
257 245 24 3
257 245 25 3
257 244 26 3
257 226 27 3
257 228 28 3
257 288 29 3
257 275 30 3
257 229 31 3
257 228 32 3
257 228 33 3
257 316 33 3
257 296 34 3
257 237 36 3
257 228 38 3
257 231 48 3
257 289 48 3
257 291 51 3
257 303 52 3
257 231 53 3
257 303 53 3
257 231 54 3
257 228 56 3
257 228 57 3
257 229 60 3
257 231 61 3
257 296 62 3
257 228 63 3
257 231 64 3
764 739 22 3
764 724 23 3
764 739 25 3
764 735 27 3
764 767 28 3
764 753 29 3
764 729 30 3
764 735 31 3
764 732 32 3
764 767 33 3
764 729 34 3
764 734 35 3
764 728 51 3
764 737 54 3
764 739 55 3
764 732 56 3
764 767 57 3
764 734 60 3
764 721 61 3
764 724 65 3
253 292 10 4
253 231 21 4
253 231 22 4
253 245 23 4
253 245 24 4
253 244 25 4
253 226 26 4
253 228 27 4
253 288 28 4
253 275 29 4
253 229 30 4
253 228 31 4
253 228 32 4
253 296 33 4
253 237 35 4
253 228 37 4
253 231 47 4
253 289 47 4
253 291 50 4
253 303 51 4
253 231 52 4
253 303 52 4
253 231 53 4
253 228 55 4
253 228 56 4
253 229 59 4
253 231 60 4
253 296 61 4
253 228 62 4
253 231 63 4
255 292 10 4
255 231 21 4
255 231 22 4
255 245 23 4
255 245 24 4
255 244 25 4
255 226 26 4
255 228 27 4
255 288 28 4
255 275 29 4
255 229 30 4
255 228 31 4
255 228 32 4
255 296 33 4
255 237 35 4
255 228 37 4
255 231 47 4
255 289 47 4
255 291 50 4
255 303 51 4
255 231 52 4
255 303 52 4
255 231 53 4
255 228 55 4
255 228 56 4
255 229 59 4
255 231 60 4
255 296 61 4
255 228 62 4
255 231 63 4
95 109 22 5
95 119 26 5
95 97 27 5
95 84 28 5
95 84 29 5
95 119 36 5
95 85 46 5
95 95 49 5
95 109 50 5
95 84 56 5
95 153 63 5
95 118 64 5
95 153 64 5
489 540 22 5
489 535 24 5
489 542 46 5
489 540 47 5
489 514 50 5
489 492 59 5
489 492 63 5
489 511 64 5
96 109 21 6
96 119 25 6
96 97 26 6
96 84 27 6
96 84 28 6
96 119 35 6
96 85 45 6
96 95 48 6
96 109 49 6
96 84 55 6
96 153 62 6
96 118 63 6
96 153 63 6
294 350 19 6
294 348 20 6
294 245 21 6
294 348 21 6
294 245 22 6
294 348 22 6
294 244 23 6
294 350 24 6
294 350 25 6
294 288 26 6
294 275 27 6
294 348 28 6
294 350 29 6
294 316 30 6
294 296 31 6
294 348 32 6
294 237 33 6
294 348 33 6
294 350 35 6
294 289 45 6
294 291 48 6
294 303 49 6
294 303 50 6
294 348 51 6
294 350 52 6
294 350 54 6
294 348 56 6
294 296 59 6
294 341 63 6
515 540 21 6
515 535 23 6
515 552 35 6
515 542 45 6
515 540 46 6
515 553 47 6
515 514 49 6
515 553 50 6
515 492 58 6
515 492 62 6
515 511 63 6
294 350 18 7
294 348 19 7
294 245 20 7
294 348 20 7
294 245 21 7
294 348 21 7
294 244 22 7
294 350 23 7
294 350 24 7
294 288 25 7
294 275 26 7
294 348 27 7
294 350 28 7
294 316 29 7
294 296 30 7
294 348 31 7
294 237 32 7
294 348 32 7
294 350 34 7
294 289 44 7
294 291 47 7
294 303 48 7
294 303 49 7
294 348 50 7
294 350 51 7
294 350 53 7
294 348 55 7
294 296 58 7
294 341 62 7
767 739 18 7
767 724 19 7
767 739 21 7
767 735 23 7
767 767 24 7
767 753 25 7
767 729 26 7
767 735 27 7
767 732 28 7
767 767 29 7
767 729 30 7
767 734 31 7
767 728 47 7
767 737 50 7
767 739 51 7
767 732 52 7
767 767 53 7
767 734 56 7
767 721 57 7
767 724 61 7
385 350 17 8
385 348 18 8
385 348 19 8
385 348 20 8
385 370 21 8
385 350 22 8
385 350 23 8
385 348 26 8
385 350 27 8
385 348 30 8
385 348 31 8
385 365 32 8
385 350 33 8
385 388 44 8
385 348 49 8
385 350 50 8
385 350 52 8
385 364 53 8
385 348 54 8
385 373 55 8
385 364 59 8
385 341 61 8
741 739 17 8
741 724 18 8
741 739 20 8
741 735 22 8
741 767 23 8
741 753 24 8
741 729 25 8
741 735 26 8
741 732 27 8
741 767 28 8
741 729 29 8
741 734 30 8
741 728 46 8
741 737 49 8
741 739 50 8
741 732 51 8
741 767 52 8
741 734 55 8
741 721 56 8
741 690 59 8
741 724 60 8
245 231 16 9
245 231 17 9
245 245 18 9
245 245 19 9
245 244 20 9
245 226 21 9
245 228 22 9
245 288 23 9
245 275 24 9
245 229 25 9
245 228 26 9
245 228 27 9
245 296 28 9
245 237 30 9
245 228 32 9
245 231 42 9
245 289 42 9
245 291 45 9
245 303 46 9
245 231 47 9
245 303 47 9
245 231 48 9
245 228 50 9
245 228 51 9
245 229 54 9
245 231 55 9
245 296 56 9
245 228 57 9
245 231 58 9
257 231 16 9
257 231 17 9
257 245 18 9
257 245 19 9
257 244 20 9
257 226 21 9
257 228 22 9
257 288 23 9
257 275 24 9
257 229 25 9
257 228 26 9
257 228 27 9
257 316 27 9
257 296 28 9
257 237 30 9
257 228 32 9
257 231 42 9
257 289 42 9
257 291 45 9
257 303 46 9
257 231 47 9
257 303 47 9
257 231 48 9
257 228 50 9
257 228 51 9
257 229 54 9
257 231 55 9
257 296 56 9
257 228 57 9
257 231 58 9
554 540 18 9
554 535 20 9
554 579 31 9
554 552 32 9
554 542 42 9
554 540 43 9
554 553 44 9
554 514 46 9
554 553 47 9
554 511 60 9
193 231 15 10
193 231 16 10
193 245 17 10
193 245 18 10
193 244 19 10
193 226 20 10
193 228 21 10
193 229 24 10
193 228 25 10
193 228 26 10
193 237 29 10
193 228 31 10
193 231 41 10
193 231 46 10
193 231 47 10
193 228 49 10
193 228 50 10
193 229 53 10
193 231 54 10
193 228 56 10
193 231 57 10
193 153 58 10
193 153 59 10
411 370 19 10
411 365 30 10
411 388 42 10
411 364 51 10
411 373 53 10
411 364 57 10
191 231 14 11
191 231 15 11
191 245 16 11
191 245 17 11
191 244 18 11
191 226 19 11
191 228 20 11
191 229 23 11
191 228 24 11
191 228 25 11
191 237 28 11
191 228 30 11
191 231 40 11
191 231 45 11
191 231 46 11
191 228 48 11
191 228 49 11
191 229 52 11
191 231 53 11
191 228 55 11
191 231 56 11
191 153 57 11
191 153 58 11
385 350 14 11
385 348 15 11
385 348 16 11
385 348 17 11
385 370 18 11
385 350 19 11
385 350 20 11
385 348 23 11
385 350 24 11
385 348 27 11
385 348 28 11
385 365 29 11
385 350 30 11
385 388 41 11
385 348 46 11
385 350 47 11
385 350 49 11
385 364 50 11
385 348 51 11
385 373 52 11
385 364 56 11
385 341 58 11
179 231 13 12
179 231 14 12
179 226 18 12
179 119 19 12
179 228 19 12
179 229 22 12
179 228 23 12
179 228 24 12
179 237 27 12
179 119 29 12
179 228 29 12
179 231 39 12
179 231 44 12
179 231 45 12
179 228 47 12
179 228 48 12
179 229 51 12
179 231 52 12
179 228 54 12
179 231 55 12
179 153 56 12
179 153 57 12
390 350 13 12
390 348 14 12
390 348 15 12
390 348 16 12
390 370 17 12
390 350 18 12
390 350 19 12
390 348 22 12
390 350 23 12
390 348 26 12
390 348 27 12
390 365 28 12
390 350 29 12
390 388 40 12
390 348 45 12
390 350 46 12
390 350 48 12
390 364 49 12
390 348 50 12
390 373 51 12
390 364 55 12
390 341 57 12
767 739 13 12
767 724 14 12
767 739 16 12
767 735 18 12
767 767 19 12
767 753 20 12
767 729 21 12
767 735 22 12
767 732 23 12
767 767 24 12
767 729 25 12
767 734 26 12
767 728 42 12
767 737 45 12
767 739 46 12
767 732 47 12
767 767 48 12
767 734 51 12
767 721 52 12
767 724 56 12
119 109 14 13
119 119 18 13
119 97 19 13
119 84 20 13
119 84 21 13
119 119 28 13
119 85 38 13
119 95 41 13
119 109 42 13
119 84 48 13
119 153 55 13
119 118 56 13
119 153 56 13
326 350 12 13
326 348 13 13
326 348 14 13
326 348 15 13
326 370 16 13
326 350 17 13
326 350 18 13
326 288 19 13
326 275 20 13
326 348 21 13
326 350 22 13
326 316 23 13
326 296 24 13
326 348 25 13
326 348 26 13
326 365 27 13
326 350 28 13
326 289 38 13
326 291 41 13
326 303 42 13
326 303 43 13
326 348 44 13
326 350 45 13
326 350 47 13
326 364 48 13
326 348 49 13
326 373 50 13
326 296 52 13
326 364 54 13
326 341 56 13
518 540 14 13
518 535 16 13
518 552 28 13
518 542 38 13
518 540 39 13
518 553 40 13
518 514 42 13
518 553 43 13
518 492 51 13
518 492 55 13
518 511 56 13
103 109 13 14
103 119 17 14
103 97 18 14
103 84 19 14
103 84 20 14
103 119 27 14
103 85 37 14
103 95 40 14
103 109 41 14
103 84 47 14
103 153 54 14
103 118 55 14
103 153 55 14
292 350 11 14
292 348 12 14
292 245 13 14
292 348 13 14
292 245 14 14
292 348 14 14
292 244 15 14
292 350 16 14
292 350 17 14
292 288 18 14
292 275 19 14
292 348 20 14
292 350 21 14
292 316 22 14
292 296 23 14
292 348 24 14
292 237 25 14
292 348 25 14
292 350 27 14
292 289 37 14
292 291 40 14
292 303 41 14
292 303 42 14
292 348 43 14
292 350 44 14
292 350 46 14
292 348 48 14
292 296 51 14
292 341 55 14
231 228 10 25
231 228 11 25
231 237 14 25
231 228 16 25
231 231 26 25
231 289 26 25
231 231 31 25
231 231 32 25
231 228 34 25
231 228 35 25
231 229 38 25
231 231 39 25
231 228 41 25
231 231 42 25
350 350 10 25
350 316 11 25
350 296 12 25
350 348 13 25
350 348 14 25
350 365 15 25
350 350 16 25
350 388 27 25
350 291 29 25
350 303 30 25
350 303 31 25
350 348 32 25
350 350 33 25
350 350 35 25
350 364 36 25
350 348 37 25
350 373 38 25
350 296 40 25
350 364 42 25
350 341 44 25
739 732 10 25
739 767 11 25
739 729 12 25
739 734 13 25
739 728 29 25
739 737 32 25
739 739 33 25
739 732 34 25
739 767 35 25
739 734 38 25
739 721 39 25
739 690 42 25
739 724 43 25
231 228 10 26
231 237 13 26
231 228 15 26
231 231 25 26
231 289 25 26
231 231 30 26
231 231 31 26
231 228 33 26
231 228 34 26
231 229 37 26
231 231 38 26
231 228 40 26
231 231 41 26
348 316 10 26
348 296 11 26
348 348 12 26
348 348 13 26
348 365 14 26
348 350 15 26
348 289 25 26
348 388 26 26
348 291 28 26
348 303 29 26
348 303 30 26
348 348 31 26
348 350 32 26
348 350 34 26
348 364 35 26
348 348 36 26
348 373 37 26
348 296 39 26
348 364 41 26
348 341 43 26
724 767 10 26
724 729 11 26
724 734 12 26
724 664 13 26
724 728 28 26
724 737 31 26
724 739 32 26
724 732 33 26
724 767 34 26
724 734 37 26
724 721 38 26
724 690 41 26
724 724 42 26
109 119 14 27
109 85 24 27
109 95 27 27
109 109 28 27
109 84 34 27
109 153 41 27
109 118 42 27
109 153 42 27
245 296 10 27
245 237 12 27
245 228 14 27
245 231 24 27
245 289 24 27
245 291 27 27
245 303 28 27
245 231 29 27
245 303 29 27
245 231 30 27
245 228 32 27
245 228 33 27
245 229 36 27
245 231 37 27
245 296 38 27
245 228 39 27
245 231 40 27
348 296 10 27
348 348 11 27
348 348 12 27
348 365 13 27
348 350 14 27
348 289 24 27
348 388 25 27
348 291 27 27
348 303 28 27
348 303 29 27
348 348 30 27
348 350 31 27
348 350 33 27
348 364 34 27
348 348 35 27
348 373 36 27
348 296 38 27
348 364 40 27
348 341 42 27
540 579 13 27
540 552 14 27
540 542 24 27
540 540 25 27
540 553 26 27
540 514 28 27
540 553 29 27
540 492 37 27
540 492 41 27
540 511 42 27
245 237 11 28
245 228 13 28
245 231 23 28
245 289 23 28
245 291 26 28
245 303 27 28
245 231 28 28
245 303 28 28
245 231 29 28
245 228 31 28
245 228 32 28
245 229 35 28
245 231 36 28
245 296 37 28
245 228 38 28
245 231 39 28
348 348 10 28
348 348 11 28
348 365 12 28
348 350 13 28
348 289 23 28
348 388 24 28
348 291 26 28
348 303 27 28
348 303 28 28
348 348 29 28
348 350 30 28
348 350 32 28
348 364 33 28
348 348 34 28
348 373 35 28
348 296 37 28
348 364 39 28
348 341 41 28
739 734 10 28
739 728 26 28
739 737 29 28
739 739 30 28
739 732 31 28
739 767 32 28
739 734 35 28
739 721 36 28
739 690 39 28
739 724 40 28
244 237 10 29
244 228 12 29
244 231 22 29
244 289 22 29
244 291 25 29
244 303 26 29
244 231 27 29
244 303 27 29
244 231 28 29
244 228 30 29
244 228 31 29
244 229 34 29
244 231 35 29
244 296 36 29
244 228 37 29
244 231 38 29
370 348 10 29
370 365 11 29
370 350 12 29
370 388 23 29
370 348 28 29
370 350 29 29
370 350 31 29
370 364 32 29
370 348 33 29
370 373 34 29
370 364 38 29
370 341 40 29
535 579 11 29
535 552 12 29
535 542 22 29
535 540 23 29
535 553 24 29
535 514 26 29
535 553 27 29
535 492 35 29
535 492 39 29
535 511 40 29
226 228 11 30
226 231 21 30
226 231 26 30
226 231 27 30
226 228 29 30
226 228 30 30
226 229 33 30
226 231 34 30
226 228 36 30
226 231 37 30
350 365 10 30
350 350 11 30
350 388 22 30
350 291 24 30
350 303 25 30
350 303 26 30
350 348 27 30
350 350 28 30
350 350 30 30
350 364 31 30
350 348 32 30
350 373 33 30
350 296 35 30
350 364 37 30
350 341 39 30
735 728 24 30
735 737 27 30
735 739 28 30
735 732 29 30
735 767 30 30
735 734 33 30
735 721 34 30
735 690 37 30
735 724 38 30
119 119 10 31
119 85 20 31
119 95 23 31
119 109 24 31
119 84 30 31
119 153 37 31
119 118 38 31
119 153 38 31
228 228 10 31
228 231 20 31
228 231 25 31
228 231 26 31
228 228 28 31
228 228 29 31
228 229 32 31
228 231 33 31
228 228 35 31
228 231 36 31
350 350 10 31
350 388 21 31
350 291 23 31
350 303 24 31
350 303 25 31
350 348 26 31
350 350 27 31
350 350 29 31
350 364 30 31
350 348 31 31
350 373 32 31
350 296 34 31
350 364 36 31
350 341 38 31
767 728 23 31
767 737 26 31
767 739 27 31
767 732 28 31
767 767 29 31
767 734 32 31
767 721 33 31
767 724 37 31
97 85 19 32
97 95 22 32
97 109 23 32
97 84 29 32
97 153 36 32
97 118 37 32
97 153 37 32
288 231 19 32
288 289 19 32
288 291 22 32
288 303 23 32
288 231 24 32
288 303 24 32
288 231 25 32
288 228 27 32
288 228 28 32
288 229 31 32
288 231 32 32
288 296 33 32
288 228 34 32
288 231 35 32
288 341 37 32
753 728 22 32
753 737 25 32
753 739 26 32
753 732 27 32
753 767 28 32
753 734 31 32
753 721 32 32
753 724 36 32
84 85 18 33
84 95 21 33
84 109 22 33
84 25 28 33
84 84 28 33
84 25 36 33
84 118 36 33
275 231 18 33
275 289 18 33
275 291 21 33
275 303 22 33
275 231 23 33
275 303 23 33
275 231 24 33
275 228 26 33
275 228 27 33
275 229 30 33
275 231 31 33
275 296 32 33
275 228 33 33
275 231 34 33
729 728 21 33
729 737 24 33
729 739 25 33
729 732 26 33
729 767 27 33
729 734 30 33
729 721 31 33
729 690 34 33
729 724 35 33
84 85 17 34
84 95 20 34
84 109 21 34
84 25 27 34
84 84 27 34
84 25 35 34
84 118 35 34
229 231 17 34
229 231 22 34
229 231 23 34
229 228 25 34
229 228 26 34
229 229 29 34
229 231 30 34
229 228 32 34
229 231 33 34
348 289 17 34
348 388 18 34
348 291 20 34
348 303 21 34
348 303 22 34
348 348 23 34
348 350 24 34
348 350 26 34
348 364 27 34
348 348 28 34
348 373 29 34
348 296 31 34
348 364 33 34
348 341 35 34
735 728 20 34
735 737 23 34
735 739 24 34
735 732 25 34
735 767 26 34
735 734 29 34
735 721 30 34
735 690 33 34
735 724 34 34
228 231 16 35
228 231 21 35
228 231 22 35
228 228 24 35
228 228 25 35
228 229 28 35
228 231 29 35
228 228 31 35
228 231 32 35
350 388 17 35
350 291 19 35
350 303 20 35
350 303 21 35
350 348 22 35
350 350 23 35
350 350 25 35
350 364 26 35
350 348 27 35
350 373 28 35
350 296 30 35
350 364 32 35
350 341 34 35
732 728 19 35
732 737 22 35
732 739 23 35
732 732 24 35
732 767 25 35
732 734 28 35
732 721 29 35
732 690 32 35
732 724 33 35
228 231 15 36
228 231 20 36
228 231 21 36
228 228 23 36
228 228 24 36
228 229 27 36
228 231 28 36
228 228 30 36
228 231 31 36
316 289 15 36
316 291 18 36
316 303 19 36
316 303 20 36
316 348 21 36
316 350 22 36
316 350 24 36
316 364 25 36
316 348 26 36
316 373 27 36
316 296 29 36
316 364 31 36
316 341 33 36
767 728 18 36
767 737 21 36
767 739 22 36
767 732 23 36
767 767 24 36
767 734 27 36
767 721 28 36
767 724 32 36
296 289 14 37
296 291 17 37
296 303 18 37
296 303 19 37
296 348 20 37
296 350 21 37
296 350 23 37
296 348 25 37
296 296 28 37
296 341 32 37
729 728 17 37
729 737 20 37
729 739 21 37
729 732 22 37
729 767 23 37
729 734 26 37
729 721 27 37
729 690 30 37
729 724 31 37
348 289 13 38
348 388 14 38
348 291 16 38
348 303 17 38
348 303 18 38
348 348 19 38
348 350 20 38
348 350 22 38
348 364 23 38
348 348 24 38
348 373 25 38
348 296 27 38
348 364 29 38
348 341 31 38
734 728 16 38
734 737 19 38
734 739 20 38
734 732 21 38
734 767 22 38
734 734 25 38
734 721 26 38
734 690 29 38
734 724 30 38
237 231 12 39
237 289 12 39
237 291 15 39
237 231 17 39
237 231 18 39
237 228 20 39
237 228 21 39
237 229 24 39
237 231 25 39
237 296 26 39
237 228 27 39
237 231 28 39
348 289 12 39
348 388 13 39
348 291 15 39
348 303 16 39
348 303 17 39
348 348 18 39
348 350 19 39
348 350 21 39
348 364 22 39
348 348 23 39
348 373 24 39
348 296 26 39
348 364 28 39
348 341 30 39
664 721 25 39
664 649 27 39
664 690 28 39
365 388 12 40
365 348 17 40
365 350 18 40
365 350 20 40
365 364 21 40
365 348 22 40
365 373 23 40
365 364 27 40
365 341 29 40
579 542 11 40
579 540 12 40
579 553 13 40
579 553 16 40
119 85 10 41
119 95 13 41
119 109 14 41
119 84 20 41
119 153 27 41
119 118 28 41
119 153 28 41
228 231 10 41
228 231 15 41
228 231 16 41
228 228 18 41
228 228 19 41
228 229 22 41
228 231 23 41
228 228 25 41
228 231 26 41
350 388 11 41
350 291 13 41
350 303 14 41
350 303 15 41
350 348 16 41
350 350 17 41
350 350 19 41
350 364 20 41
350 348 21 41
350 373 22 41
350 296 24 41
350 364 26 41
350 341 28 41
552 542 10 41
552 540 11 41
552 553 12 41
552 514 14 41
552 553 15 41
552 492 23 41
552 492 27 41
552 511 28 41
85 25 10 51
85 84 10 51
85 25 18 51
85 118 18 51
231 229 12 51
231 231 13 51
231 228 15 51
231 231 16 51
289 348 11 51
289 229 12 51
289 231 13 51
289 296 14 51
289 231 16 51
289 341 18 51
542 492 13 51
542 492 17 51
542 511 18 51
388 348 10 52
388 373 11 52
388 364 15 52
388 341 17 52
540 492 12 52
540 492 16 52
540 511 17 52
553 511 16 53
95 153 14 54
95 118 15 54
95 153 15 54
291 231 10 54
291 296 11 54
291 231 13 54
291 341 15 54
728 721 10 54
728 690 13 54
728 724 14 54
109 153 13 55
109 118 14 55
109 153 14 55
303 296 10 55
303 341 14 55
514 492 13 55
514 511 14 55
231 228 10 56
231 231 11 56
303 341 13 56
553 511 13 56
231 231 10 57
348 364 10 57
348 341 12 57
737 690 10 57
737 724 11 57
350 341 11 58
739 724 10 58
