100 95 10 1
100 110 16 1
100 110 20 1
100 99 41 1
100 101 42 1
100 127 42 1
100 129 46 1
100 89 50 1
100 94 52 1
100 102 53 1
490 511 48 1
490 491 50 1
490 465 52 1
675 658 45 1
675 683 51 1
96 110 15 2
96 110 19 2
96 99 40 2
96 101 41 2
96 69 45 2
96 89 49 2
96 94 51 2
96 102 52 2
207 227 10 2
207 227 11 2
207 228 12 2
207 208 13 2
207 207 17 2
207 213 18 2
207 211 20 2
207 221 21 2
207 223 22 2
207 223 23 2
207 223 24 2
207 215 25 2
207 185 26 2
207 182 27 2
207 211 43 2
207 229 46 2
207 228 47 2
207 213 49 2
207 235 50 2
395 405 17 2
395 391 21 2
395 382 26 2
395 378 27 2
395 388 47 2
395 422 52 2
803 814 11 2
803 798 12 2
803 797 16 2
56 62 13 3
56 46 25 3
56 64 25 3
56 40 27 3
56 63 27 3
56 28 39 3
56 34 39 3
56 26 40 3
56 31 40 3
56 69 44 3
56 26 48 3
56 32 48 3
56 54 51 3
126 131 13 3
126 110 14 3
126 110 18 3
126 143 18 3
126 132 27 3
126 99 39 3
126 101 40 3
126 127 40 3
126 129 44 3
126 102 51 3
227 227 10 3
227 228 11 3
227 208 12 3
227 207 16 3
227 213 17 3
227 211 19 3
227 221 20 3
227 223 21 3
227 223 22 3
227 223 23 3
227 215 24 3
227 211 42 3
227 229 45 3
227 255 45 3
227 228 46 3
227 213 48 3
227 235 49 3
424 405 16 3
424 438 17 3
424 442 19 3
424 443 47 3
424 450 49 3
424 422 51 3
676 658 43 3
676 683 49 3
948 969 15 4
948 977 19 4
948 943 24 4
95 110 12 5
95 110 16 5
95 99 37 5
95 101 38 5
95 69 42 5
95 89 46 5
95 94 48 5
95 102 49 5
392 405 14 5
392 391 18 5
392 382 23 5
392 378 24 5
392 388 44 5
895 867 16 5
85 62 10 6
85 110 11 6
85 110 15 6
85 64 22 6
85 63 24 6
85 99 36 6
85 101 37 6
85 69 41 6
85 89 45 6
85 94 47 6
85 102 48 6
207 207 13 6
207 213 14 6
207 211 16 6
207 221 17 6
207 223 18 6
207 223 19 6
207 223 20 6
207 215 21 6
207 185 22 6
207 182 23 6
207 211 39 6
207 229 42 6
207 228 43 6
207 213 45 6
207 235 46 6
562 540 18 6
562 541 19 6
562 546 20 6
562 551 37 6
562 543 42 6
562 564 44 6
562 539 45 6
562 539 47 6
201 207 12 7
201 213 13 7
201 211 15 7
201 221 16 7
201 223 17 7
201 223 18 7
201 223 19 7
201 215 20 7
201 185 21 7
201 182 22 7
201 172 35 7
201 211 38 7
201 229 41 7
201 228 42 7
201 213 44 7
613 626 10 7
613 615 38 7
89 110 13 8
89 64 20 8
89 63 22 8
89 99 34 8
89 101 35 8
89 69 39 8
89 89 43 8
89 94 45 8
89 102 46 8
223 207 11 8
223 213 12 8
223 211 14 8
223 221 15 8
223 223 16 8
223 223 17 8
223 223 18 8
223 215 19 8
223 211 37 8
223 229 40 8
223 228 41 8
223 213 43 8
223 235 44 8
378 405 11 8
378 391 15 8
378 382 20 8
378 378 21 8
378 388 41 8
715 719 12 8
715 733 22 8
715 744 39 8
627 615 36 9
89 110 11 10
89 64 18 10
89 63 20 10
89 99 32 10
89 101 33 10
89 69 37 10
89 89 41 10
89 94 43 10
89 102 44 10
679 658 36 10
679 683 42 10
95 110 10 11
95 99 31 11
95 101 32 11
95 69 36 11
95 89 40 11
95 94 42 11
95 102 43 11
730 733 19 11
730 744 36 11
730 756 43 11
227 211 10 12
227 221 11 12
227 223 12 12
227 223 13 12
227 223 14 12
227 215 15 12
227 211 33 12
227 229 36 12
227 255 36 12
227 228 37 12
227 213 39 12
227 235 40 12
721 733 18 12
721 744 35 12
227 221 10 13
227 223 11 13
227 223 12 13
227 223 13 13
227 215 14 13
227 211 32 13
227 229 35 13
227 255 35 13
227 228 36 13
227 213 38 13
227 235 39 13
355 382 15 13
355 378 16 13
228 223 10 14
228 223 11 14
228 223 12 14
228 215 13 14
228 211 31 14
228 229 34 14
228 255 34 14
228 228 35 14
228 213 37 14
228 235 38 14
293 273 28 14
293 266 29 14
293 264 30 14
208 223 10 15
208 223 11 15
208 215 12 15
208 185 13 15
208 182 14 15
208 211 30 15
208 229 33 15
208 228 34 15
208 213 36 15
208 235 37 15
712 733 15 15
712 683 37 15
62 46 12 16
62 64 12 16
62 40 14 16
62 63 14 16
62 34 26 16
62 69 31 16
62 32 35 16
62 89 35 16
62 54 38 16
131 132 14 16
131 101 27 16
131 127 27 16
131 129 31 16
131 102 38 16
721 733 14 16
721 744 31 16
110 132 13 17
110 99 25 17
110 101 26 17
110 127 26 17
110 129 30 17
110 89 34 17
110 94 36 17
110 102 37 17
626 615 28 17
207 182 10 19
207 211 26 19
207 229 29 19
207 228 30 19
207 213 32 19
207 235 33 19
405 378 10 19
405 388 30 19
405 422 35 19
213 211 25 20
213 229 28 20
213 228 29 20
213 213 31 20
213 235 32 20
438 443 30 20
438 450 32 20
438 465 33 20
438 422 34 20
719 733 10 20
719 744 27 20
9 28 21 21
9 34 21 21
9 1 22 21
9 6 22 21
9 8 22 21
9 26 22 21
9 31 22 21
9 26 30 21
9 32 30 21
16 28 21 21
16 34 21 21
16 1 22 21
16 6 22 21
16 8 22 21
16 26 22 21
16 31 22 21
16 26 30 21
16 32 30 21
110 99 21 21
110 101 22 21
110 127 22 21
110 129 26 21
110 89 30 21
110 94 32 21
110 102 33 21
143 172 21 21
143 127 22 21
143 129 26 21
211 211 23 22
211 229 26 22
211 228 27 22
211 213 29 22
211 235 30 22
442 443 28 22
442 450 30 22
442 465 31 22
442 422 32 22
1004 1023 30 22
1004 1023 31 22
221 211 22 23
221 229 25 23
221 228 26 23
221 213 28 23
221 235 29 23
391 388 26 23
223 211 21 24
223 229 24 24
223 228 25 24
223 213 27 24
223 235 28 24
540 551 19 24
540 543 24 24
540 511 25 24
540 564 26 24
540 539 27 24
540 539 29 24
223 211 20 25
223 229 23 25
223 228 24 25
223 213 26 25
223 235 27 25
541 551 18 25
541 543 23 25
541 511 24 25
541 564 25 25
541 539 26 25
541 539 28 25
223 211 19 26
223 229 22 26
223 228 23 26
223 213 25 26
223 235 26 26
546 551 17 26
546 543 22 26
546 564 24 26
546 539 25 26
546 539 27 26
215 211 18 27
215 229 21 27
215 228 22 27
215 213 24 27
215 235 25 27
1019 1023 25 27
1019 1023 26 27
46 28 14 28
46 34 14 28
46 26 15 28
46 31 15 28
46 69 19 28
46 26 23 28
46 32 23 28
46 54 26 28
64 34 14 28
64 69 19 28
64 89 23 28
64 54 26 28
185 172 14 28
185 211 17 28
185 213 23 28
382 388 21 28
182 172 13 29
182 211 16 29
378 388 20 29
761 764 15 29
761 744 18 29
761 756 25 29
40 28 12 30
40 34 12 30
40 26 13 30
40 31 13 30
40 69 17 30
40 26 21 30
40 32 21 30
40 54 24 30
63 34 12 30
63 69 17 30
63 89 21 30
63 54 24 30
132 127 13 30
132 129 17 30
132 102 24 30
733 744 17 30
733 756 24 30
28 54 12 42
34 54 12 42
99 94 11 42
99 102 12 42
26 54 11 43
31 54 11 43
101 94 10 43
101 102 11 43
127 102 11 43
551 539 10 43
764 756 10 44
