5 0 1 0
5 0 10 0
5 4 10 0
5 18 13 0
7 0 1 0
7 0 10 0
7 4 10 0
7 18 13 0
75 55 1 0
75 81 12 0
75 67 13 0
75 86 18 0
75 77 19 0
75 76 20 0
160 154 1 0
160 150 2 0
160 155 3 0
160 163 9 0
160 159 13 0
160 149 14 0
160 168 15 0
160 162 16 0
160 166 20 0
287 285 2 0
287 291 3 0
287 270 5 0
287 277 12 0
287 272 19 0
287 296 20 0
0 0 9 1
0 4 9 1
0 18 12 1
55 37 6 1
55 51 9 1
55 67 12 1
55 36 13 1
55 45 19 1
55 44 20 1
123 116 1 1
123 121 2 1
123 120 5 1
123 130 11 1
123 112 13 1
123 127 18 1
123 119 20 1
123 129 20 1
154 150 1 1
154 155 2 1
154 163 8 1
154 159 12 1
154 149 13 1
154 168 14 1
154 162 15 1
154 166 19 1
116 121 1 2
116 120 4 2
116 99 9 2
116 130 10 2
116 112 12 2
116 127 17 2
116 119 19 2
116 129 19 2
116 135 20 2
150 155 1 2
150 163 7 2
150 130 10 2
150 159 11 2
150 149 12 2
150 168 13 2
150 162 14 2
150 166 18 2
150 135 20 2
285 291 1 2
285 270 3 2
285 277 10 2
285 272 17 2
285 296 18 2
285 269 19 2
121 120 3 3
121 130 9 3
121 112 11 3
121 127 16 3
121 119 18 3
121 129 18 3
121 135 19 3
121 139 20 3
155 163 6 3
155 159 10 3
155 149 11 3
155 168 12 3
155 162 13 3
155 166 17 3
155 135 19 3
155 139 20 3
291 277 9 3
291 272 16 3
291 296 17 3
270 277 7 5
270 255 9 5
270 272 14 5
270 269 16 5
270 263 18 5
120 130 6 6
120 112 8 6
120 127 13 6
120 119 15 6
120 129 15 6
120 135 16 6
120 139 17 6
120 124 19 6
120 100 20 6
37 51 3 7
37 18 6 7
37 28 7 7
37 36 7 7
37 32 10 7
37 45 13 7
37 28 14 7
37 44 14 7
37 55 16 7
37 42 20 7
242 245 1 7
242 255 7 7
505 511 2 7
511 511 2 7
245 255 6 8
245 263 15 8
245 245 20 8
451 453 2 8
451 445 3 8
451 452 9 8
451 447 10 8
451 435 14 8
163 159 4 9
163 149 5 9
163 168 6 9
163 162 7 9
163 166 11 9
163 165 18 9
329 333 6 9
329 338 7 9
329 319 17 9
329 324 19 9
0 18 3 10
0 0 14 10
4 18 3 10
4 0 14 10
51 67 3 10
51 36 4 10
51 32 7 10
51 45 10 10
51 44 11 10
51 55 13 10
51 42 17 10
51 43 18 10
453 445 1 10
453 452 7 10
453 447 8 10
453 435 12 10
453 437 19 10
99 81 1 11
99 112 3 11
99 86 7 11
99 100 15 11
99 79 16 11
445 452 6 11
445 447 7 11
445 435 11 11
445 437 18 11
81 67 1 12
81 86 6 12
81 77 7 12
81 76 8 12
81 100 14 12
81 79 15 12
130 112 2 12
130 149 2 12
130 127 7 12
130 119 9 12
130 129 9 12
130 135 10 12
130 139 11 12
130 124 13 12
130 136 17 12
277 272 7 12
277 296 8 12
277 269 9 12
277 263 11 12
277 274 15 12
18 28 1 13
18 36 1 13
18 32 4 13
18 28 8 13
18 0 11 13
18 26 16 13
18 28 18 13
18 31 18 13
67 86 5 13
67 77 6 13
67 76 7 13
67 55 10 13
67 79 14 13
67 57 19 13
159 149 1 13
159 168 2 13
159 162 3 13
159 166 7 13
159 139 10 13
159 165 14 13
28 32 3 14
28 45 6 14
28 28 7 14
28 44 7 14
28 42 13 14
28 43 14 14
28 26 15 14
28 28 17 14
28 31 17 14
36 32 3 14
36 45 6 14
36 28 7 14
36 44 7 14
36 55 9 14
36 42 13 14
36 43 14 14
36 26 15 14
36 28 17 14
36 31 17 14
112 127 5 14
112 119 7 14
112 129 7 14
112 124 11 14
112 100 12 14
112 106 18 14
112 99 19 14
149 168 1 14
149 162 2 14
149 166 6 14
149 129 7 14
149 135 8 14
149 139 9 14
149 165 13 14
149 136 15 14
255 272 5 14
255 269 7 14
255 263 9 14
255 274 13 14
255 245 14 14
255 273 20 14
168 162 1 15
168 166 5 15
168 165 12 15
168 187 15 15
333 338 1 15
333 319 11 15
333 324 13 15
333 313 15 15
333 315 18 15
162 166 4 16
162 165 11 16
338 319 10 16
338 324 12 16
338 354 19 16
32 45 3 17
32 28 4 17
32 44 4 17
32 42 10 17
32 43 11 17
32 26 12 17
32 28 14 17
32 31 14 17
32 27 18 17
32 41 18 17
452 447 1 17
452 435 5 17
452 437 12 17
86 77 1 18
86 76 2 18
86 100 8 18
86 79 9 18
86 99 15 18
86 68 16 18
447 435 4 18
447 437 11 18
77 76 1 19
77 79 8 19
77 57 13 19
77 68 15 19
127 119 2 19
127 129 2 19
127 135 3 19
127 139 4 19
127 124 6 19
127 136 10 19
127 114 16 19
272 269 2 19
272 263 4 19
272 274 8 19
272 273 15 19
45 28 1 20
45 44 1 20
45 55 3 20
45 42 7 20
45 43 8 20
45 26 9 20
45 28 11 20
45 31 11 20
45 57 12 20
45 27 15 20
45 41 15 20
76 79 7 20
76 57 12 20
76 68 14 20
166 165 7 20
296 313 10 20
296 315 13 20
28 42 6 21
28 43 7 21
28 26 8 21
28 28 10 21
28 31 10 21
28 27 14 21
28 41 14 21
44 55 2 21
44 42 6 21
44 43 7 21
44 26 8 21
44 28 10 21
44 31 10 21
44 57 11 21
44 27 14 21
44 41 14 21
44 48 20 21
44 63 20 21
119 135 1 21
119 124 4 21
119 100 5 21
119 136 8 21
119 106 11 21
119 99 12 21
119 114 14 21
129 135 1 21
129 139 2 21
129 124 4 21
129 136 8 21
129 114 14 21
269 263 2 21
269 274 6 21
269 273 13 21
269 256 20 21
135 139 1 22
135 124 3 22
135 136 7 22
435 417 2 22
435 424 3 22
435 437 7 22
435 418 9 22
55 42 4 23
55 43 5 23
55 57 9 23
55 68 11 23
55 41 12 23
55 48 18 23
55 63 18 23
55 59 19 23
55 66 19 23
139 124 2 23
139 136 6 23
139 157 18 23
263 274 4 23
263 245 5 23
263 273 11 23
263 256 18 23
417 424 1 24
417 418 7 24
417 414 8 24
417 400 18 24
124 136 4 25
124 106 7 25
124 114 10 25
424 437 4 25
424 418 6 25
424 414 7 25
100 106 6 26
100 99 7 26
100 114 9 26
194 187 4 26
194 178 16 26
319 324 2 26
319 313 4 26
319 315 7 26
319 316 10 26
42 43 1 27
42 26 2 27
42 28 4 27
42 31 4 27
42 57 5 27
42 27 8 27
42 41 8 27
42 48 14 27
42 59 15 27
79 68 7 27
79 63 14 27
79 59 15 27
79 66 15 27
165 157 14 27
165 178 15 27
165 173 16 27
274 273 7 27
274 256 14 27
274 288 16 27
43 26 1 28
43 28 3 28
43 31 3 28
43 57 4 28
43 27 7 28
43 41 7 28
43 48 13 28
43 59 14 28
245 225 5 28
245 256 13 28
324 313 2 28
324 315 5 28
324 316 8 28
26 28 2 29
26 31 2 29
26 27 6 29
26 41 6 29
437 418 2 29
187 178 12 30
187 173 13 30
313 315 3 30
313 316 6 30
313 302 19 30
28 27 4 31
28 41 4 31
31 27 4 31
31 41 4 31
31 48 10 31
418 414 1 31
418 400 11 31
57 68 2 32
57 41 3 32
57 48 9 32
57 63 9 32
57 59 10 32
57 66 10 32
57 51 17 32
106 99 1 32
106 114 3 32
106 100 20 32
414 400 10 32
99 114 2 33
99 100 19 33
225 215 1 33
225 217 2 33
315 316 3 33
315 302 16 33
68 48 7 34
68 63 7 34
68 59 8 34
68 66 8 34
68 51 15 34
215 217 1 34
273 256 7 34
273 288 9 34
27 28 17 35
27 36 17 35
41 48 6 35
41 59 7 35
41 51 14 35
41 28 17 35
41 36 17 35
41 51 20 35
114 100 17 35
316 302 13 36
48 59 1 41
48 66 1 41
48 51 8 41
48 28 11 41
48 36 11 41
48 51 14 41
48 51 15 41
63 59 1 41
63 66 1 41
63 51 8 41
63 51 14 41
63 51 15 41
157 173 2 41
59 51 7 42
59 51 13 42
59 51 14 42
59 51 20 42
66 51 7 42
66 51 13 42
66 51 14 42
66 51 20 42
178 173 1 42
178 185 15 42
173 185 14 43
288 302 6 43
481 478 3 45
481 481 6 45
481 473 7 45
481 481 8 45
481 484 9 45
481 492 10 45
481 472 13 45
481 477 17 45
481 478 18 45
481 484 20 45
478 481 3 48
478 473 4 48
478 481 5 48
478 484 6 48
478 492 7 48
478 459 9 48
478 472 10 48
478 477 14 48
478 478 15 48
478 484 17 48
51 36 3 49
51 51 6 49
51 51 7 49
51 51 13 49
51 51 17 49
455 473 2 50
455 459 7 50
455 472 8 50
511 511 1 50
511 511 4 50
511 492 5 50
511 508 9 50
511 501 11 50
511 510 14 50
511 510 18 50
511 511 18 50
511 504 19 50
481 473 1 51
481 481 2 51
481 484 3 51
481 492 4 51
481 472 7 51
481 477 11 51
481 478 12 51
481 484 14 51
511 511 3 51
511 492 4 51
511 508 8 51
511 501 10 51
511 510 13 51
511 510 17 51
511 511 17 51
511 504 18 51
28 27 5 52
28 18 14 52
36 51 3 52
36 51 4 52
36 27 5 52
36 51 10 52
36 18 14 52
36 51 14 52
100 116 14 52
473 481 1 52
473 484 2 52
473 492 3 52
473 459 5 52
473 472 6 52
473 477 10 52
473 478 11 52
473 484 13 52
481 484 1 53
481 492 2 53
481 472 5 53
481 477 9 53
481 478 10 53
481 484 12 53
484 492 1 54
484 472 4 54
484 501 7 54
484 477 8 54
484 478 9 54
484 484 11 54
511 492 1 54
511 508 5 54
511 501 7 54
511 510 10 54
511 510 14 54
511 511 14 54
511 504 15 54
511 511 19 54
51 51 1 55
51 51 7 55
51 51 11 55
51 31 18 55
492 472 3 55
492 508 4 55
492 501 6 55
492 477 7 55
492 478 8 55
492 510 9 55
492 484 10 55
492 510 13 55
492 511 13 55
492 504 14 55
492 511 18 55
492 509 20 55
51 51 6 56
51 51 10 56
51 31 17 56
51 55 20 56
430 412 20 56
27 18 9 57
27 26 16 57
27 31 16 57
185 185 16 57
459 472 1 57
459 477 5 57
459 478 6 57
472 477 4 58
472 478 5 58
472 484 7 58
508 501 2 59
508 510 5 59
508 510 9 59
508 511 9 59
508 504 10 59
508 511 14 59
508 509 16 59
501 510 3 61
501 484 4 61
501 510 7 61
501 511 7 61
501 504 8 61
501 511 12 61
501 509 14 61
51 51 4 62
51 31 11 62
51 55 14 62
477 478 1 62
477 484 3 62
478 484 2 63
510 510 4 64
510 511 4 64
510 504 5 64
510 511 9 64
510 509 11 64
18 26 7 66
18 31 7 66
51 31 7 66
51 55 10 66
384 394 1 66
384 380 5 66
384 390 7 66
213 210 4 67
213 214 9 67
394 380 4 67
394 390 6 67
394 412 9 67
510 504 1 68
510 511 5 68
510 509 7 68
511 504 1 68
511 511 5 68
511 509 7 68
504 511 4 69
504 509 6 69
302 302 4 70
210 214 5 71
380 390 2 71
511 509 2 73
