23 44 1 1
23 18 2 1
23 47 2 1
23 41 3 1
23 21 4 1
23 41 4 1
23 41 7 1
23 41 12 1
23 20 13 1
23 29 14 1
23 31 14 1
23 18 18 1
23 0 19 1
23 1 19 1
23 19 19 1
23 0 20 1
23 1 20 1
37 44 1 1
37 18 2 1
37 47 2 1
37 41 3 1
37 21 4 1
37 41 4 1
37 41 7 1
37 41 12 1
37 20 13 1
37 29 14 1
37 31 14 1
37 79 15 1
37 18 18 1
37 0 19 1
37 1 19 1
37 19 19 1
37 0 20 1
37 1 20 1
134 173 2 1
134 113 3 1
134 161 5 1
134 98 13 1
134 173 15 1
134 143 16 1
134 104 18 1
134 99 19 1
134 128 19 1
456 416 1 1
456 411 3 1
456 425 4 1
456 409 18 1
456 439 19 1
720 755 1 1
720 757 2 1
720 714 4 1
720 742 5 1
720 730 9 1
720 729 10 1
720 727 14 1
720 746 19 1
720 747 20 1
44 18 1 2
44 47 1 2
44 41 2 2
44 21 3 2
44 41 3 2
44 41 6 2
44 41 11 2
44 20 12 2
44 29 13 2
44 31 13 2
44 79 14 2
44 18 17 2
44 0 18 2
44 1 18 2
44 19 18 2
44 0 19 2
44 1 19 2
44 0 20 2
416 397 1 2
416 411 2 2
416 425 3 2
416 387 7 2
416 401 11 2
416 398 15 2
416 409 17 2
416 439 18 2
416 395 20 2
755 757 1 2
755 714 3 2
755 742 4 2
755 730 8 2
755 729 9 2
755 727 13 2
755 746 18 2
755 747 19 2
755 747 20 2
18 41 1 3
18 21 2 3
18 41 2 3
18 41 5 3
18 41 10 3
18 20 11 3
18 29 12 3
18 31 12 3
18 18 16 3
18 0 17 3
18 1 17 3
18 19 17 3
18 0 18 3
18 1 18 3
18 0 19 3
47 41 1 3
47 21 2 3
47 41 2 3
47 41 5 3
47 41 10 3
47 20 11 3
47 29 12 3
47 31 12 3
47 79 13 3
47 18 16 3
47 0 17 3
47 1 17 3
47 19 17 3
47 0 18 3
47 1 18 3
47 0 19 3
173 161 3 3
173 185 11 3
173 173 13 3
173 143 14 3
173 128 17 3
397 411 1 3
397 425 2 3
397 387 6 3
397 348 7 3
397 401 10 3
397 398 14 3
397 409 16 3
397 439 17 3
397 360 18 3
397 395 19 3
397 402 20 3
757 714 2 3
757 742 3 3
757 730 7 3
757 729 8 3
757 727 12 3
757 746 17 3
757 747 18 3
757 747 19 3
757 764 20 3
41 21 1 4
41 41 1 4
41 41 4 4
41 41 9 4
41 20 10 4
41 29 11 4
41 31 11 4
41 79 12 4
41 18 15 4
41 0 16 4
41 1 16 4
41 19 16 4
41 0 17 4
41 1 17 4
41 0 18 4
41 4 20 4
41 41 20 4
41 72 20 4
113 161 2 4
113 98 10 4
113 79 12 4
113 143 13 4
113 104 15 4
113 99 16 4
113 128 16 4
113 72 20 4
411 425 1 4
411 387 5 4
411 401 9 4
411 398 13 4
411 409 15 4
411 439 16 4
411 395 18 4
411 402 19 4
614 598 4 4
614 612 5 4
614 626 9 4
614 649 14 4
21 41 3 5
21 41 8 5
21 20 9 5
21 29 10 5
21 31 10 5
21 18 14 5
21 0 15 5
21 1 15 5
21 19 15 5
21 0 16 5
21 1 16 5
21 0 17 5
21 4 19 5
21 41 19 5
41 41 3 5
41 41 8 5
41 20 9 5
41 29 10 5
41 31 10 5
41 79 11 5
41 18 14 5
41 0 15 5
41 1 15 5
41 19 15 5
41 0 16 5
41 1 16 5
41 0 17 5
41 4 19 5
41 41 19 5
41 72 19 5
425 387 4 5
425 401 8 5
425 398 12 5
425 409 14 5
425 439 15 5
425 395 17 5
425 402 18 5
714 742 1 5
714 730 5 5
714 729 6 5
714 727 10 5
714 669 12 5
714 746 15 5
714 747 16 5
714 747 17 5
714 747 20 5
161 185 8 6
161 173 10 6
161 143 11 6
161 128 14 6
306 264 2 6
306 348 4 6
306 256 8 6
306 339 10 6
306 329 12 6
742 730 4 6
742 729 5 6
742 727 9 6
742 746 14 6
742 747 15 6
742 747 16 6
742 764 17 6
742 764 18 6
742 747 19 6
742 747 20 6
41 41 5 8
41 20 6 8
41 29 7 8
41 31 7 8
41 79 8 8
41 18 11 8
41 0 12 8
41 1 12 8
41 19 12 8
41 0 13 8
41 1 13 8
41 0 14 8
41 4 16 8
41 41 16 8
41 72 16 8
41 41 18 8
41 4 19 8
247 256 6 8
247 234 10 8
247 233 11 8
247 209 20 8
264 256 6 8
264 234 10 8
264 233 11 8
598 612 1 8
598 626 5 8
387 348 1 9
387 401 4 9
387 339 7 9
387 398 8 9
387 409 10 9
387 360 12 9
387 395 13 9
387 402 14 9
387 358 15 9
387 358 16 9
387 395 17 9
612 626 4 9
612 649 9 9
348 339 6 10
348 329 8 10
348 360 11 10
348 395 12 10
348 358 14 10
348 358 15 10
348 395 16 10
348 336 19 10
730 729 1 10
730 727 5 10
730 746 10 10
730 747 11 10
730 747 12 10
730 764 13 10
730 764 14 10
730 747 15 10
730 747 16 10
730 763 17 10
730 745 19 10
729 727 4 11
729 746 9 11
729 747 10 11
729 747 11 11
729 764 12 11
729 764 13 11
729 747 14 11
729 747 15 11
729 763 16 11
729 745 18 11
41 20 1 13
41 29 2 13
41 31 2 13
41 79 3 13
41 18 6 13
41 0 7 13
41 1 7 13
41 19 7 13
41 0 8 13
41 1 8 13
41 0 9 13
41 4 11 13
41 41 11 13
41 72 11 13
41 41 13 13
41 4 14 13
41 68 16 13
41 46 17 13
401 398 4 13
401 409 6 13
401 439 7 13
401 360 8 13
401 395 9 13
401 402 10 13
401 358 11 13
401 358 12 13
401 395 13 13
626 669 4 13
626 649 5 13
20 29 1 14
20 31 1 14
20 18 5 14
20 0 6 14
20 1 6 14
20 19 6 14
20 0 7 14
20 1 7 14
20 0 8 14
20 4 10 14
20 41 10 14
20 41 12 14
20 4 13 14
20 68 15 14
20 46 16 14
98 79 2 14
98 143 3 14
98 104 5 14
98 99 6 14
98 128 6 14
98 72 10 14
98 141 13 14
98 68 15 14
98 137 15 14
98 144 17 14
98 96 18 14
185 173 2 14
185 143 3 14
185 234 4 14
185 233 5 14
185 141 13 14
185 209 14 14
185 137 15 14
185 189 16 14
185 144 17 14
185 165 18 14
185 206 20 14
256 234 4 14
256 233 5 14
256 209 14 14
256 262 17 14
256 296 18 14
256 206 20 14
29 18 4 15
29 0 5 15
29 1 5 15
29 19 5 15
29 0 6 15
29 1 6 15
29 0 7 15
29 4 9 15
29 41 9 15
29 72 9 15
29 41 11 15
29 4 12 15
29 68 14 15
29 46 15 15
31 79 1 15
31 18 4 15
31 0 5 15
31 1 5 15
31 19 5 15
31 0 6 15
31 1 6 15
31 0 7 15
31 4 9 15
31 41 9 15
31 72 9 15
31 41 11 15
31 4 12 15
31 68 14 15
31 46 15 15
727 746 5 15
727 747 6 15
727 747 7 15
727 764 8 15
727 764 9 15
727 747 10 15
727 747 11 15
727 763 12 15
727 745 14 15
79 104 3 16
79 99 4 16
79 128 4 16
79 41 8 16
79 72 8 16
79 41 10 16
79 68 13 16
79 46 14 16
79 96 16 16
79 47 20 16
79 126 20 16
79 127 20 16
173 143 1 16
173 128 4 16
173 141 11 16
173 209 12 16
173 137 13 16
173 189 14 16
173 144 15 16
173 165 16 16
173 206 18 16
173 126 20 16
173 127 20 16
339 329 2 16
339 360 5 16
339 358 8 16
339 358 9 16
339 336 13 16
339 296 16 16
339 364 18 16
511 533 3 16
511 483 14 16
511 536 14 16
511 519 18 16
143 104 2 17
143 99 3 17
143 128 3 17
143 141 10 17
143 137 12 17
143 189 13 17
143 144 14 17
143 96 15 17
143 165 15 17
143 126 19 17
143 127 19 17
143 147 20 17
398 409 2 17
398 439 3 17
398 360 4 17
398 395 5 17
398 402 6 17
398 358 7 17
398 358 8 17
398 395 9 17
398 364 17 17
669 649 1 17
669 693 19 17
234 233 1 18
234 209 10 18
234 189 12 18
234 262 13 18
234 206 16 18
234 190 20 18
329 360 3 18
329 358 6 18
329 358 7 18
329 336 11 18
329 296 14 18
329 364 16 18
329 321 20 18
649 693 18 18
18 0 1 19
18 1 1 19
18 19 1 19
18 0 2 19
18 1 2 19
18 0 3 19
18 4 5 19
18 41 5 19
18 41 7 19
18 4 8 19
18 46 11 19
18 47 17 19
18 49 20 19
104 99 1 19
104 128 1 19
104 72 5 19
104 141 8 19
104 68 10 19
104 137 10 19
104 144 12 19
104 96 13 19
104 126 17 19
104 127 17 19
104 147 18 19
104 114 20 19
233 209 9 19
233 189 11 19
233 262 12 19
233 206 15 19
233 190 19 19
409 439 1 19
409 360 2 19
409 395 3 19
409 402 4 19
409 395 7 19
409 454 8 19
409 364 15 19
533 483 11 19
533 536 11 19
533 563 12 19
533 519 15 19
533 510 18 19
533 577 18 19
533 581 20 19
0 0 1 20
0 1 1 20
0 0 2 20
0 4 4 20
0 41 4 20
0 41 6 20
0 4 7 20
0 46 10 20
0 47 16 20
0 49 19 20
1 0 1 20
1 1 1 20
1 0 2 20
1 4 4 20
1 41 4 20
1 41 6 20
1 4 7 20
1 46 10 20
1 47 16 20
1 49 19 20
19 0 1 20
19 1 1 20
19 0 2 20
19 4 4 20
19 41 4 20
19 41 6 20
19 4 7 20
19 68 9 20
19 46 10 20
19 47 16 20
19 49 19 20
99 72 4 20
99 141 7 20
99 68 9 20
99 137 9 20
99 144 11 20
99 96 12 20
99 126 16 20
99 127 16 20
99 147 17 20
99 49 19 20
99 114 19 20
128 141 7 20
128 137 9 20
128 144 11 20
128 96 12 20
128 165 12 20
128 126 16 20
128 127 16 20
128 147 17 20
128 114 19 20
439 395 2 20
439 402 3 20
439 395 6 20
439 454 7 20
439 483 10 20
746 747 1 20
746 747 2 20
746 764 3 20
746 764 4 20
746 747 5 20
746 747 6 20
746 763 7 20
746 745 9 20
746 719 18 20
0 0 1 21
0 4 3 21
0 41 3 21
0 41 5 21
0 4 6 21
0 46 9 21
0 47 15 21
0 49 18 21
0 43 20 21
1 0 1 21
1 4 3 21
1 41 3 21
1 41 5 21
1 4 6 21
1 46 9 21
1 47 15 21
1 49 18 21
1 43 20 21
360 395 1 21
360 402 2 21
360 358 3 21
360 358 4 21
360 395 5 21
360 336 8 21
360 364 13 21
360 321 17 21
747 747 1 21
747 764 2 21
747 764 3 21
747 747 4 21
747 747 5 21
747 763 6 21
747 745 8 21
747 719 17 21
747 747 20 21
0 4 2 22
0 41 2 22
0 41 4 22
0 4 5 22
0 46 8 22
0 47 14 22
0 49 17 22
0 43 19 22
395 402 1 22
395 358 2 22
395 358 3 22
395 395 4 22
395 364 12 22
747 764 1 22
747 764 2 22
747 747 3 22
747 747 4 22
747 763 5 22
747 745 7 22
747 719 16 22
747 747 19 22
402 358 1 23
402 358 2 23
402 395 3 23
402 364 11 23
764 764 1 23
764 747 2 23
764 747 3 23
764 763 4 23
764 745 6 23
764 719 15 23
764 747 18 23
764 720 20 23
4 41 2 24
4 4 3 24
4 46 6 24
4 47 12 24
4 49 15 24
4 43 17 24
41 41 2 24
41 4 3 24
41 68 5 24
41 46 6 24
41 47 12 24
41 49 15 24
41 43 17 24
72 41 2 24
72 68 5 24
72 46 6 24
72 96 8 24
72 47 12 24
72 49 15 24
72 114 15 24
72 43 17 24
358 358 1 24
358 395 2 24
358 336 5 24
358 364 10 24
358 321 14 24
764 747 1 24
764 747 2 24
764 763 3 24
764 745 5 24
764 719 14 24
764 747 17 24
764 720 19 24
764 724 20 24
358 395 1 25
358 336 4 25
358 364 9 25
358 321 13 25
747 747 1 25
747 763 2 25
747 745 4 25
747 719 13 25
747 747 16 25
747 720 18 25
747 724 19 25
41 4 1 26
41 68 3 26
41 46 4 26
41 47 10 26
41 49 13 26
41 43 15 26
41 41 19 26
41 78 19 26
395 364 8 26
747 763 1 26
747 745 3 26
747 719 12 26
747 747 15 26
747 720 17 26
747 724 18 26
4 46 3 27
4 47 9 27
4 49 12 27
4 43 14 27
4 41 18 27
4 22 20 27
4 37 20 27
141 137 2 27
141 189 3 27
141 144 4 27
141 96 5 27
141 165 5 27
141 126 9 27
141 127 9 27
141 147 10 27
141 190 11 27
141 114 12 27
141 182 12 27
141 136 16 27
141 136 18 27
454 483 3 27
454 452 15 27
454 454 16 27
454 451 17 27
763 745 2 27
763 719 11 27
763 747 14 27
763 720 16 27
763 724 17 27
763 733 20 27
209 189 2 28
209 165 4 28
209 206 6 28
209 190 10 28
209 182 11 28
209 187 20 28
68 46 1 29
68 96 3 29
68 47 7 29
68 49 10 29
68 114 10 29
68 43 12 29
68 41 16 29
68 78 16 29
68 22 18 29
68 37 18 29
137 144 2 29
137 96 3 29
137 165 3 29
137 126 7 29
137 127 7 29
137 147 8 29
137 114 10 29
137 182 10 29
137 136 14 29
137 136 16 29
336 296 3 29
336 364 5 29
336 321 9 29
336 305 10 29
336 320 19 29
745 719 9 29
745 747 12 29
745 720 14 29
745 724 15 29
745 733 18 29
745 719 19 29
46 47 6 30
46 49 9 30
46 43 11 30
46 41 15 30
46 78 15 30
46 22 17 30
46 37 17 30
189 144 1 30
189 165 2 30
189 206 4 30
189 147 7 30
189 190 8 30
189 182 9 30
189 187 18 30
483 519 4 30
483 510 7 30
483 452 12 30
483 454 13 30
483 451 14 30
483 508 15 30
483 531 15 30
536 563 1 30
536 519 4 30
536 510 7 30
536 577 7 30
536 581 9 30
536 508 15 30
536 531 15 30
144 96 1 31
144 165 1 31
144 126 5 31
144 127 5 31
144 147 6 31
144 190 7 31
144 114 8 31
144 182 8 31
144 136 12 31
144 136 14 31
144 187 17 31
262 296 1 31
262 305 8 31
262 243 18 31
262 255 18 31
262 257 19 31
563 519 3 31
563 577 6 31
563 581 8 31
563 591 9 31
563 531 14 31
563 599 18 31
96 47 4 32
96 126 4 32
96 127 4 32
96 49 7 32
96 114 7 32
96 136 11 32
96 78 13 32
96 136 13 32
165 206 2 32
165 126 4 32
165 127 4 32
165 147 5 32
165 190 6 32
165 182 7 32
165 136 11 32
165 136 13 32
165 187 16 32
296 321 6 32
296 305 7 32
296 320 16 32
296 255 17 32
296 257 18 32
296 249 20 32
206 190 4 34
206 182 5 34
206 187 14 34
206 243 15 34
206 255 15 34
206 249 18 34
364 321 4 34
364 320 14 34
364 401 18 34
364 395 19 34
519 510 3 34
519 508 11 34
519 531 11 34
519 475 17 34
47 49 3 36
47 43 5 36
47 41 9 36
47 78 9 36
47 22 11 36
47 37 11 36
47 41 15 36
47 39 16 36
126 147 1 36
126 114 3 36
126 136 7 36
126 78 9 36
126 136 9 36
126 97 17 36
126 97 18 36
126 97 20 36
127 147 1 36
127 114 3 36
127 136 7 36
127 78 9 36
127 136 9 36
127 97 17 36
127 97 18 36
127 97 20 36
693 719 2 36
693 720 7 36
693 724 8 36
693 680 10 36
693 733 11 36
693 719 12 36
693 665 14 36
693 732 15 36
693 735 16 36
693 664 17 36
693 668 18 36
147 190 1 37
147 114 2 37
147 182 2 37
147 136 6 37
147 136 8 37
147 187 11 37
147 97 16 37
147 97 17 37
147 97 19 37
147 97 20 37
510 508 8 37
510 531 8 37
510 475 14 37
577 581 2 37
577 591 3 37
577 531 8 37
577 599 12 37
577 606 19 37
577 619 20 37
190 182 1 38
190 187 10 38
321 305 1 38
321 320 10 38
719 747 3 38
719 720 5 38
719 724 6 38
719 680 8 38
719 733 9 38
719 719 10 38
719 732 13 38
719 735 14 38
719 755 17 38
49 43 2 39
49 41 6 39
49 78 6 39
49 22 8 39
49 37 8 39
49 41 12 39
49 39 13 39
49 97 14 39
49 97 15 39
49 97 17 39
49 97 18 39
49 50 19 39
49 41 20 39
49 97 20 39
114 136 4 39
114 78 6 39
114 136 6 39
114 97 14 39
114 97 15 39
114 97 17 39
114 97 18 39
114 136 19 39
114 97 20 39
182 136 4 39
182 136 6 39
182 187 9 39
182 136 19 39
182 202 20 39
305 320 9 39
305 255 10 39
305 257 11 39
305 257 16 39
305 258 17 39
581 591 1 39
581 531 6 39
581 599 10 39
581 606 17 39
581 619 18 39
581 579 19 39
581 578 20 39
591 599 9 40
591 606 16 40
591 619 17 40
591 579 18 40
591 578 19 40
591 629 20 40
43 41 4 41
43 78 4 41
43 22 6 41
43 37 6 41
43 41 10 41
43 39 11 41
43 50 17 41
43 41 18 41
43 38 19 41
43 71 19 41
43 0 20 41
43 2 20 41
43 5 20 41
43 8 20 41
43 18 20 41
747 720 2 41
747 724 3 41
747 733 6 41
747 719 7 41
747 732 10 41
747 735 11 41
747 755 14 41
452 454 1 42
452 451 2 42
452 475 9 42
452 416 15 42
452 456 16 42
452 416 17 42
452 402 18 42
452 498 19 42
136 136 2 43
136 97 10 43
136 97 11 43
136 97 13 43
136 97 14 43
136 136 15 43
136 97 16 43
136 143 17 43
136 144 18 43
136 142 20 43
454 451 1 43
454 475 8 43
454 416 14 43
454 456 15 43
454 416 16 43
454 498 18 43
720 724 1 43
720 680 3 43
720 733 4 43
720 719 5 43
720 732 8 43
720 735 9 43
720 755 12 43
720 747 20 43
451 475 7 44
451 401 8 44
451 416 13 44
451 456 14 44
451 416 15 44
451 402 16 44
451 498 17 44
451 453 20 44
724 680 2 44
724 733 3 44
724 719 4 44
724 732 7 44
724 735 8 44
724 755 11 44
724 747 19 44
724 766 20 44
41 22 2 45
41 37 2 45
41 41 6 45
41 39 7 45
41 50 13 45
41 41 14 45
41 38 15 45
41 71 15 45
41 0 16 45
41 2 16 45
41 5 16 45
41 8 16 45
41 18 16 45
78 37 2 45
78 41 6 45
78 39 7 45
78 97 8 45
78 97 9 45
78 97 11 45
78 97 12 45
78 50 13 45
78 41 14 45
78 97 14 45
78 38 15 45
78 71 15 45
136 97 8 45
136 97 9 45
136 97 11 45
136 97 12 45
136 136 13 45
136 97 14 45
136 143 15 45
136 144 16 45
136 142 18 45
136 141 19 45
136 141 20 45
508 475 6 45
508 498 16 45
508 534 16 45
531 579 13 45
531 578 14 45
531 498 16 45
531 534 16 45
680 719 2 46
680 665 4 46
680 664 7 46
680 668 8 46
680 637 16 46
22 41 4 47
22 39 5 47
22 50 11 47
22 41 12 47
22 38 13 47
22 71 13 47
22 0 14 47
22 2 14 47
22 5 14 47
22 8 14 47
22 18 14 47
22 2 19 47
22 3 19 47
22 41 19 47
22 3 20 47
22 41 20 47
37 41 4 47
37 39 5 47
37 50 11 47
37 41 12 47
37 38 13 47
37 71 13 47
37 0 14 47
37 2 14 47
37 5 14 47
37 8 14 47
37 18 14 47
37 2 19 47
37 3 19 47
37 41 19 47
37 3 20 47
37 41 20 47
733 719 1 47
733 732 4 47
733 735 5 47
733 755 8 47
733 747 16 47
733 766 17 47
733 767 18 47
733 764 19 47
733 746 20 47
187 202 11 48
187 143 12 48
187 144 13 48
187 142 15 48
187 141 16 48
187 141 17 48
187 138 18 48
187 139 19 48
187 140 20 48
320 359 14 48
719 732 3 48
719 735 4 48
719 755 7 48
719 747 15 48
719 766 16 48
719 767 17 48
719 764 18 48
719 746 19 48
719 746 20 48
243 257 1 49
243 249 3 49
243 257 6 49
243 249 7 49
243 258 7 49
243 202 10 49
255 257 1 49
255 249 3 49
255 257 6 49
255 249 7 49
255 258 7 49
599 606 7 49
599 619 8 49
599 579 9 49
599 578 10 49
599 629 11 49
599 637 13 49
257 249 2 50
257 257 5 50
257 249 6 50
257 258 6 50
257 289 20 50
665 664 3 50
665 668 4 50
665 619 7 50
665 629 10 50
665 637 12 50
665 628 20 50
41 39 1 51
41 50 7 51
41 41 8 51
41 38 9 51
41 71 9 51
41 0 10 51
41 2 10 51
41 5 10 51
41 8 10 51
41 18 10 51
41 2 15 51
41 3 15 51
41 41 15 51
41 3 16 51
41 41 16 51
41 47 17 51
41 5 19 51
41 68 19 51
41 70 20 51
475 456 7 51
475 498 10 51
475 453 13 51
475 429 16 51
475 451 17 51
732 735 1 51
732 755 4 51
732 747 12 51
732 766 13 51
732 767 14 51
732 764 15 51
732 746 16 51
732 746 17 51
732 746 18 51
39 50 6 52
39 41 7 52
39 38 8 52
39 71 8 52
39 0 9 52
39 2 9 52
39 5 9 52
39 8 9 52
39 18 9 52
39 2 14 52
39 3 14 52
39 41 14 52
39 3 15 52
39 41 15 52
39 47 16 52
39 5 18 52
39 68 18 52
39 70 19 52
249 257 3 52
249 249 4 52
249 258 4 52
249 202 7 52
249 289 18 52
401 395 1 52
401 416 5 52
401 416 7 52
401 402 8 52
401 359 10 52
401 400 13 52
401 424 14 52
401 429 15 52
735 755 3 52
735 747 11 52
735 766 12 52
735 767 13 52
735 764 14 52
735 746 15 52
735 746 16 52
735 746 17 52
97 97 1 53
97 97 3 53
97 97 4 53
97 50 5 53
97 136 5 53
97 97 6 53
97 71 7 53
97 143 7 53
97 144 8 53
97 142 10 53
97 141 11 53
97 141 12 53
97 138 13 53
97 139 14 53
97 47 15 53
97 140 15 53
97 139 16 53
97 68 17 53
97 70 18 53
97 134 18 53
395 416 4 53
395 416 6 53
395 402 7 53
395 359 9 53
395 400 12 53
395 424 13 53
395 429 14 53
664 668 1 53
664 619 4 53
664 629 7 53
664 637 9 53
664 628 17 53
97 97 2 54
97 97 3 54
97 50 4 54
97 136 4 54
97 97 5 54
97 71 6 54
97 143 6 54
97 144 7 54
97 142 9 54
97 141 10 54
97 141 11 54
97 138 12 54
97 139 13 54
97 47 14 54
97 140 14 54
97 139 15 54
97 68 16 54
97 70 17 54
97 134 17 54
97 112 20 54
668 619 3 54
668 629 6 54
668 637 8 54
668 628 16 54
257 249 1 55
257 258 1 55
257 289 15 55
257 280 18 55
755 747 8 55
755 766 9 55
755 767 10 55
755 764 11 55
755 746 12 55
755 746 13 55
755 746 14 55
97 97 1 56
97 50 2 56
97 136 2 56
97 97 3 56
97 71 4 56
97 143 4 56
97 144 5 56
97 142 7 56
97 141 8 56
97 141 9 56
97 138 10 56
97 139 11 56
97 47 12 56
97 140 12 56
97 139 13 56
97 68 14 56
97 70 15 56
97 134 15 56
97 112 18 56
97 64 19 56
249 202 3 56
249 289 14 56
249 280 17 56
249 222 20 56
258 289 14 56
258 280 17 56
258 222 20 56
606 619 1 56
606 579 2 56
606 578 3 56
606 629 4 56
606 637 6 56
606 628 14 56
606 592 15 56
606 573 18 56
606 648 20 56
97 50 1 57
97 136 1 57
97 97 2 57
97 71 3 57
97 143 3 57
97 144 4 57
97 142 6 57
97 141 7 57
97 141 8 57
97 138 9 57
97 139 10 57
97 47 11 57
97 140 11 57
97 139 12 57
97 68 13 57
97 70 14 57
97 134 14 57
97 112 17 57
97 64 18 57
416 456 1 57
416 416 2 57
416 402 3 57
416 453 7 57
416 400 8 57
416 424 9 57
416 429 10 57
416 451 11 57
416 411 19 57
619 579 1 57
619 578 2 57
619 629 3 57
619 637 5 57
619 628 13 57
619 592 14 57
619 573 17 57
619 648 19 57
619 641 20 57
50 41 1 58
50 97 1 58
50 38 2 58
50 71 2 58
50 0 3 58
50 2 3 58
50 5 3 58
50 8 3 58
50 18 3 58
50 2 8 58
50 3 8 58
50 41 8 58
50 3 9 58
50 41 9 58
50 47 10 58
50 5 12 58
50 68 12 58
50 70 13 58
50 46 17 58
50 64 17 58
50 10 18 58
50 23 18 58
50 39 18 58
50 6 19 58
50 7 19 58
50 15 19 58
136 97 1 58
136 143 2 58
136 144 3 58
136 142 5 58
136 141 6 58
136 141 7 58
136 138 8 58
136 139 9 58
136 140 10 58
136 139 11 58
136 134 13 58
136 179 14 58
136 112 16 58
456 416 1 58
456 498 3 58
456 453 6 58
456 424 8 58
456 429 9 58
456 451 10 58
456 411 18 58
579 578 1 58
579 534 3 58
579 628 12 58
579 592 13 58
579 535 14 58
579 551 15 58
579 573 16 58
41 38 1 59
41 71 1 59
41 0 2 59
41 2 2 59
41 5 2 59
41 8 2 59
41 18 2 59
41 2 7 59
41 3 7 59
41 41 7 59
41 3 8 59
41 41 8 59
41 47 9 59
41 5 11 59
41 68 11 59
41 70 12 59
41 46 16 59
41 64 16 59
41 10 17 59
41 23 17 59
41 39 17 59
41 6 18 59
41 7 18 59
41 15 18 59
97 71 1 59
97 143 1 59
97 144 2 59
97 142 4 59
97 141 5 59
97 141 6 59
97 138 7 59
97 139 8 59
97 47 9 59
97 140 9 59
97 139 10 59
97 68 11 59
97 70 12 59
97 134 12 59
97 112 15 59
97 64 16 59
202 179 13 59
202 222 17 59
416 402 1 59
416 453 5 59
416 400 6 59
416 424 7 59
416 429 8 59
416 451 9 59
416 411 17 59
578 534 2 59
578 592 12 59
578 535 13 59
578 551 14 59
578 573 15 59
38 0 1 60
38 2 1 60
38 5 1 60
38 8 1 60
38 18 1 60
38 2 6 60
38 3 6 60
38 41 6 60
38 3 7 60
38 41 7 60
38 47 8 60
38 5 10 60
38 68 10 60
38 70 11 60
38 46 15 60
38 64 15 60
38 10 16 60
38 23 16 60
38 39 16 60
38 6 17 60
38 7 17 60
38 15 17 60
71 41 6 60
71 41 7 60
71 47 8 60
71 68 10 60
71 70 11 60
71 112 14 60
71 46 15 60
71 64 15 60
71 23 16 60
71 39 16 60
143 144 1 60
143 142 3 60
143 141 4 60
143 141 5 60
143 138 6 60
143 139 7 60
143 140 8 60
143 139 9 60
143 134 11 60
143 179 12 60
143 112 14 60
402 359 2 60
402 400 5 60
402 424 6 60
402 429 7 60
402 451 8 60
402 411 16 60
629 637 2 60
629 628 10 60
629 592 11 60
629 648 16 60
629 641 17 60
0 2 5 61
0 3 5 61
0 41 5 61
0 3 6 61
0 41 6 61
0 47 7 61
0 5 9 61
0 46 14 61
0 10 15 61
0 23 15 61
0 39 15 61
0 6 16 61
0 7 16 61
0 15 16 61
2 2 5 61
2 3 5 61
2 41 5 61
2 3 6 61
2 41 6 61
2 47 7 61
2 5 9 61
2 46 14 61
2 10 15 61
2 23 15 61
2 39 15 61
2 6 16 61
2 7 16 61
2 15 16 61
5 2 5 61
5 3 5 61
5 41 5 61
5 3 6 61
5 41 6 61
5 47 7 61
5 5 9 61
5 46 14 61
5 10 15 61
5 23 15 61
5 39 15 61
5 6 16 61
5 7 16 61
5 15 16 61
8 2 5 61
8 3 5 61
8 41 5 61
8 3 6 61
8 41 6 61
8 47 7 61
8 5 9 61
8 46 14 61
8 10 15 61
8 23 15 61
8 39 15 61
8 6 16 61
8 7 16 61
8 15 16 61
18 2 5 61
18 3 5 61
18 41 5 61
18 3 6 61
18 41 6 61
18 47 7 61
18 5 9 61
18 46 14 61
18 64 14 61
18 10 15 61
18 23 15 61
18 39 15 61
18 6 16 61
18 7 16 61
18 15 16 61
144 142 2 61
144 141 3 61
144 141 4 61
144 138 5 61
144 139 6 61
144 140 7 61
144 139 8 61
144 134 10 61
144 179 11 61
144 112 13 61
498 453 3 61
498 451 7 61
498 535 11 61
534 535 11 61
534 551 12 61
534 573 13 61
359 400 3 62
359 309 9 62
359 318 10 62
359 343 12 62
637 628 8 62
637 592 9 62
637 648 14 62
637 641 15 62
142 141 1 63
142 141 2 63
142 138 3 63
142 139 4 63
142 140 5 63
142 139 6 63
142 134 8 63
142 179 9 63
142 112 11 63
747 766 1 63
747 767 2 63
747 764 3 63
747 746 4 63
747 746 5 63
747 746 6 63
141 141 1 64
141 138 2 64
141 139 3 64
141 140 4 64
141 139 5 64
141 134 7 64
141 179 8 64
141 112 10 64
453 424 2 64
453 429 3 64
453 451 4 64
453 411 12 64
766 767 1 64
766 764 2 64
766 746 3 64
766 746 4 64
766 746 5 64
141 138 1 65
141 139 2 65
141 140 3 65
141 139 4 65
141 134 6 65
141 179 7 65
141 112 9 65
400 424 1 65
400 429 2 65
400 411 11 65
767 764 1 65
767 746 2 65
767 746 3 65
767 746 4 65
2 3 1 66
2 41 1 66
2 47 2 66
2 5 4 66
2 46 9 66
2 10 10 66
2 23 10 66
2 39 10 66
2 6 11 66
2 7 11 66
2 15 11 66
3 3 1 66
3 41 1 66
3 47 2 66
3 5 4 66
3 46 9 66
3 10 10 66
3 23 10 66
3 39 10 66
3 6 11 66
3 7 11 66
3 15 11 66
41 3 1 66
41 41 1 66
41 47 2 66
41 5 4 66
41 68 4 66
41 70 5 66
41 46 9 66
41 64 9 66
41 10 10 66
41 23 10 66
41 39 10 66
41 6 11 66
41 7 11 66
41 15 11 66
138 139 1 66
138 140 2 66
138 139 3 66
138 134 5 66
138 179 6 66
138 112 8 66
424 429 1 66
424 451 2 66
424 411 10 66
764 746 1 66
764 746 2 66
764 746 3 66
3 47 1 67
3 5 3 67
3 46 8 67
3 10 9 67
3 23 9 67
3 39 9 67
3 6 10 67
3 7 10 67
3 15 10 67
41 47 1 67
41 5 3 67
41 68 3 67
41 70 4 67
41 46 8 67
41 64 8 67
41 10 9 67
41 23 9 67
41 39 9 67
41 6 10 67
41 7 10 67
41 15 10 67
139 140 1 67
139 139 2 67
139 134 4 67
139 179 5 67
139 112 7 67
429 451 1 67
429 411 9 67
746 746 1 67
746 746 2 67
47 5 2 68
47 68 2 68
47 70 3 68
47 46 7 68
47 64 7 68
47 10 8 68
47 23 8 68
47 39 8 68
47 6 9 68
47 7 9 68
47 15 9 68
140 139 1 68
140 134 3 68
140 179 4 68
140 112 6 68
451 411 8 68
746 746 1 68
139 134 2 69
139 179 3 69
139 112 5 69
5 46 5 70
5 10 6 70
5 23 6 70
5 39 6 70
5 6 7 70
5 7 7 70
5 15 7 70
68 70 1 70
68 112 4 70
68 46 5 70
68 64 5 70
68 23 6 70
68 39 6 70
289 309 1 70
289 318 2 70
289 280 3 70
628 592 1 70
628 648 6 70
628 641 7 70
70 112 3 71
70 46 4 71
70 64 4 71
70 23 5 71
70 39 5 71
134 179 1 71
134 112 3 71
309 318 1 71
309 280 2 71
309 343 3 71
592 551 2 71
592 573 3 71
592 641 6 71
179 222 4 72
318 280 1 72
318 343 2 72
535 551 1 72
535 573 2 72
551 573 1 73
112 64 1 74
46 10 1 75
46 23 1 75
46 39 1 75
46 6 2 75
46 7 2 75
46 15 2 75
64 23 1 75
64 39 1 75
64 15 2 75
694 648 1 75
10 6 1 76
10 7 1 76
10 15 1 76
23 6 1 76
23 7 1 76
23 15 1 76
39 6 1 76
39 7 1 76
39 15 1 76
648 641 1 76
