368 405 3 1
766 767 1 1
75 72 1 2
75 71 2 2
75 40 3 2
75 78 3 2
75 72 4 2
75 72 6 2
75 72 7 2
75 78 8 2
75 85 12 2
75 72 16 2
75 44 20 2
72 71 1 3
72 40 2 3
72 78 2 3
72 72 3 3
72 72 5 3
72 72 6 3
72 78 7 3
72 85 11 3
72 72 15 3
72 44 19 3
167 155 1 3
167 154 7 3
167 151 9 3
167 172 18 3
167 198 19 3
295 295 4 3
295 294 6 3
295 317 18 3
295 304 19 3
612 602 1 3
612 612 13 3
612 614 17 3
612 646 19 3
612 599 20 3
71 40 1 4
71 78 1 4
71 72 2 4
71 72 4 4
71 72 5 4
71 78 6 4
71 85 10 4
71 72 14 4
71 44 18 4
155 154 6 4
155 151 8 4
155 172 17 4
155 198 18 4
405 425 9 4
405 454 14 4
405 358 20 4
602 612 12 4
602 614 16 4
602 646 18 4
602 599 19 4
602 639 20 4
40 72 1 5
40 72 3 5
40 72 4 5
40 78 5 5
40 85 9 5
40 72 13 5
40 44 17 5
78 72 1 5
78 72 3 5
78 72 4 5
78 78 5 5
78 85 9 5
78 72 13 5
78 44 17 5
243 198 17 5
243 220 18 5
243 227 19 5
243 252 20 5
507 506 1 5
507 518 2 5
507 508 6 5
507 468 7 5
507 544 7 5
507 536 8 5
507 487 9 5
507 473 10 5
507 508 11 5
507 508 12 5
507 511 12 5
507 548 13 5
507 538 14 5
507 532 16 5
507 534 20 5
512 506 1 5
512 518 2 5
512 508 6 5
512 468 7 5
512 544 7 5
512 536 8 5
512 487 9 5
512 473 10 5
512 508 11 5
512 508 12 5
512 511 12 5
512 548 13 5
512 538 14 5
512 532 16 5
512 534 20 5
72 72 2 6
72 72 3 6
72 78 4 6
72 85 8 6
72 72 12 6
72 44 16 6
506 518 1 6
506 456 4 6
506 508 5 6
506 468 6 6
506 544 6 6
506 536 7 6
506 487 8 6
506 473 9 6
506 508 10 6
506 508 11 6
506 511 11 6
506 548 12 6
506 538 13 6
506 532 15 6
506 534 19 6
506 540 20 6
710 681 2 6
710 672 3 6
710 695 4 6
710 679 5 6
710 678 8 6
295 294 2 7
295 317 14 7
295 304 15 7
295 252 18 7
295 321 18 7
295 302 19 7
518 508 4 7
518 468 5 7
518 544 5 7
518 536 6 7
518 487 7 7
518 473 8 7
518 508 9 7
518 508 10 7
518 511 10 7
518 548 11 7
518 538 12 7
518 532 14 7
518 534 18 7
518 540 19 7
72 72 1 8
72 78 2 8
72 85 6 8
72 72 10 8
72 44 14 8
72 44 19 8
72 77 19 8
681 672 1 8
681 695 2 8
681 679 3 8
681 678 6 8
681 646 14 8
681 639 16 8
72 78 1 9
72 85 5 9
72 72 9 9
72 44 13 9
72 44 18 9
72 77 18 9
294 317 12 9
294 304 13 9
294 252 16 9
294 321 16 9
294 302 17 9
294 301 19 9
672 695 1 9
672 679 2 9
672 678 5 9
672 646 13 9
672 639 15 9
78 85 4 10
78 72 8 10
78 44 12 10
78 44 17 10
78 77 17 10
154 151 2 10
154 172 11 10
154 198 12 10
154 155 17 10
154 167 18 10
456 468 2 10
456 425 3 10
456 487 4 10
456 473 5 10
456 454 8 10
695 679 1 10
695 678 4 10
695 646 12 10
508 468 1 11
508 544 1 11
508 536 2 11
508 487 3 11
508 473 4 11
508 508 5 11
508 508 6 11
508 511 6 11
508 548 7 11
508 538 8 11
508 532 10 11
508 534 14 11
508 540 15 11
508 543 17 11
508 548 20 11
679 678 3 11
679 646 11 11
679 639 13 11
151 172 9 12
151 198 10 12
151 155 15 12
151 167 16 12
151 156 19 12
468 425 1 12
468 487 2 12
468 473 3 12
468 508 4 12
468 508 5 12
468 511 5 12
468 454 6 12
468 442 20 12
544 536 1 12
544 508 4 12
544 508 5 12
544 511 5 12
544 548 6 12
544 538 7 12
544 532 9 12
544 534 13 12
544 540 14 12
544 543 16 12
544 548 19 12
544 539 20 12
425 473 2 13
425 454 5 13
425 442 19 13
536 487 1 13
536 508 3 13
536 508 4 13
536 511 4 13
536 548 5 13
536 538 6 13
536 532 8 13
536 534 12 13
536 540 13 13
536 543 15 13
536 548 18 13
536 539 19 13
85 72 4 14
85 44 8 14
85 44 13 14
85 77 13 14
85 39 17 14
85 105 19 14
85 98 20 14
85 129 20 14
487 473 1 14
487 508 2 14
487 508 3 14
487 511 3 14
487 454 4 14
487 532 7 14
487 534 11 14
487 442 18 14
678 646 8 14
678 639 10 14
678 649 20 14
473 508 1 15
473 508 2 15
473 511 2 15
473 454 3 15
473 442 17 15
508 508 1 16
508 511 1 16
508 548 2 16
508 538 3 16
508 532 5 16
508 534 9 16
508 540 10 16
508 543 12 16
508 548 15 16
508 539 16 16
508 541 19 16
612 614 4 16
612 646 6 16
612 599 7 16
612 639 8 16
612 598 11 16
612 649 18 16
508 548 1 17
508 538 2 17
508 532 4 17
508 534 8 17
508 540 9 17
508 543 11 17
508 548 14 17
508 539 15 17
508 541 18 17
511 548 1 17
511 538 2 17
511 532 4 17
511 534 8 17
511 540 9 17
511 543 11 17
511 548 14 17
511 539 15 17
511 541 18 17
72 44 4 18
72 44 9 18
72 77 9 18
72 28 13 18
72 39 13 18
72 105 15 18
72 98 16 18
72 83 17 18
454 442 14 18
454 441 18 18
548 538 1 18
548 532 3 18
548 534 7 18
548 540 8 18
548 543 10 18
548 548 13 18
548 539 14 18
548 541 17 18
548 519 20 18
538 532 2 19
538 534 6 19
538 540 7 19
538 543 9 19
538 548 12 19
538 539 13 19
538 541 16 19
538 519 19 19
614 646 2 20
614 599 3 20
614 639 4 20
614 598 7 20
614 649 14 20
172 198 1 21
172 220 2 21
172 155 6 21
172 167 7 21
172 156 10 21
172 129 13 21
172 169 16 21
172 167 17 21
172 168 18 21
172 156 19 21
317 304 1 21
317 358 3 21
317 321 4 21
317 302 5 21
317 355 6 21
317 301 7 21
317 303 10 21
317 335 12 21
317 329 14 21
317 298 16 21
317 291 17 21
532 534 4 21
532 540 5 21
532 543 7 21
532 548 10 21
532 539 11 21
532 541 14 21
532 519 17 21
532 522 19 21
532 523 20 21
44 44 5 22
44 77 5 22
44 28 9 22
44 39 9 22
44 10 11 22
44 5 12 22
44 7 12 22
44 83 13 22
198 220 1 22
198 227 2 22
198 155 5 22
198 167 6 22
198 156 9 22
198 223 11 22
198 169 15 22
198 167 16 22
198 168 17 22
198 156 18 22
304 321 3 22
304 302 4 22
304 301 6 22
304 303 9 22
304 335 11 22
304 329 13 22
304 298 15 22
304 291 16 22
646 599 1 22
646 639 2 22
646 598 5 22
646 649 12 22
646 624 20 22
220 227 1 23
220 252 2 23
220 223 10 23
599 639 1 23
599 598 4 23
599 624 19 23
227 252 1 24
227 223 9 24
358 321 1 24
358 355 3 24
358 335 9 24
358 329 11 24
358 405 15 24
358 406 16 24
358 403 17 24
639 598 3 24
639 649 10 24
639 624 18 24
252 301 3 25
252 223 8 25
252 298 12 25
252 291 13 25
321 302 1 25
321 355 2 25
321 301 3 25
321 303 6 25
321 335 8 25
321 329 10 25
321 298 12 25
321 291 13 25
534 540 1 25
534 543 3 25
534 548 6 25
534 539 7 25
534 541 10 25
534 519 13 25
534 522 15 25
534 523 16 25
534 491 19 25
302 301 2 26
302 303 5 26
302 335 7 26
302 329 9 26
302 298 11 26
302 291 12 26
302 287 20 26
540 543 2 26
540 548 5 26
540 539 6 26
540 541 9 26
540 519 12 26
540 522 14 26
540 523 15 26
540 491 18 26
540 571 20 26
44 28 4 27
44 39 4 27
44 10 6 27
44 5 7 27
44 7 7 27
44 83 8 27
44 28 18 27
44 37 18 27
44 5 19 27
44 5 20 27
44 7 20 27
77 28 4 27
77 39 4 27
77 105 6 27
77 98 7 27
77 83 8 27
77 28 18 27
77 37 18 27
155 167 1 27
155 156 4 27
155 105 6 27
155 129 7 27
155 169 10 27
155 167 11 27
155 168 12 27
155 156 13 27
155 129 17 27
155 155 18 27
155 139 19 27
155 138 20 27
355 335 6 27
355 329 8 27
355 403 14 27
598 548 4 27
598 624 15 27
598 571 19 27
598 578 20 27
167 156 3 28
167 129 6 28
167 169 9 28
167 167 10 28
167 168 11 28
167 156 12 28
167 129 16 28
167 155 17 28
167 139 18 28
167 138 19 28
167 157 20 28
301 303 3 28
301 335 5 28
301 329 7 28
301 298 9 28
301 291 10 28
301 287 18 28
301 283 19 28
543 548 3 28
543 539 4 28
543 541 7 28
543 519 10 28
543 522 12 28
543 523 13 28
543 571 18 28
543 578 19 28
543 549 20 28
760 766 4 29
760 735 7 29
760 743 8 29
760 744 10 29
760 764 14 29
28 10 2 31
28 5 3 31
28 7 3 31
28 28 14 31
28 37 14 31
28 5 15 31
28 5 16 31
28 7 16 31
28 30 17 31
28 45 17 31
39 10 2 31
39 5 3 31
39 7 3 31
39 83 4 31
39 28 14 31
39 37 14 31
39 5 15 31
39 5 16 31
39 7 16 31
39 30 17 31
39 45 17 31
156 129 3 31
156 169 6 31
156 167 7 31
156 168 8 31
156 156 9 31
156 129 13 31
156 155 14 31
156 139 15 31
156 138 16 31
156 157 17 31
156 129 20 31
303 335 2 31
303 329 4 31
303 298 6 31
303 291 7 31
303 287 15 31
303 283 16 31
548 539 1 31
548 541 4 31
548 519 7 31
548 522 9 31
548 523 10 31
548 571 15 31
548 578 16 31
548 549 17 31
548 588 18 31
442 441 4 32
442 405 7 32
442 406 8 32
442 403 9 32
442 444 10 32
442 491 12 32
539 541 3 32
539 519 6 32
539 522 8 32
539 523 9 32
539 491 12 32
539 571 14 32
539 578 15 32
539 549 16 32
539 588 17 32
539 557 20 32
10 5 1 33
10 7 1 33
10 28 12 33
10 37 12 33
10 5 13 33
10 5 14 33
10 7 14 33
10 30 15 33
10 45 15 33
105 98 1 33
105 129 1 33
105 83 2 33
105 129 11 33
105 139 13 33
105 138 14 33
105 98 16 33
105 129 18 33
105 85 19 33
223 178 19 33
223 261 19 33
223 253 20 33
223 255 20 33
335 329 2 33
335 298 4 33
335 291 5 33
335 287 13 33
766 735 3 33
766 743 4 33
766 744 6 33
766 764 10 33
5 28 11 34
5 37 11 34
5 5 12 34
5 5 13 34
5 7 13 34
5 30 14 34
5 45 14 34
5 9 20 34
7 28 11 34
7 37 11 34
7 5 12 34
7 5 13 34
7 7 13 34
7 30 14 34
7 45 14 34
7 9 20 34
98 83 1 34
98 129 10 34
98 139 12 34
98 138 13 34
98 98 15 34
98 129 17 34
98 85 18 34
98 88 20 34
129 83 1 34
129 169 3 34
129 167 4 34
129 168 5 34
129 156 6 34
129 129 10 34
129 155 11 34
129 139 12 34
129 138 13 34
129 157 14 34
129 98 15 34
129 129 17 34
129 85 18 34
129 178 18 34
129 88 20 34
129 166 20 34
649 624 8 34
649 641 17 34
649 644 20 34
83 129 9 35
83 37 10 35
83 45 13 35
83 98 14 35
83 129 16 35
83 85 17 35
83 88 19 35
329 298 2 35
329 291 3 35
329 287 11 35
329 283 12 35
541 519 3 35
541 522 5 35
541 523 6 35
541 491 9 35
541 571 11 35
541 578 12 35
541 549 13 35
541 588 14 35
541 557 17 35
541 520 18 35
441 405 3 36
441 406 4 36
441 403 5 36
441 444 6 36
735 743 1 36
735 744 3 36
735 764 7 36
735 709 9 36
169 167 1 37
169 168 2 37
169 156 3 37
169 129 7 37
169 155 8 37
169 139 9 37
169 138 10 37
169 157 11 37
169 129 14 37
169 178 15 37
169 166 17 37
298 291 1 37
298 287 9 37
298 283 10 37
298 261 15 37
298 253 16 37
298 255 16 37
743 744 2 37
743 764 6 37
743 709 8 37
167 168 1 38
167 156 2 38
167 129 6 38
167 155 7 38
167 139 8 38
167 138 9 38
167 157 10 38
167 129 13 38
167 178 14 38
167 166 16 38
167 127 20 38
291 287 8 38
291 283 9 38
291 261 14 38
291 253 15 38
291 255 15 38
519 522 2 38
519 523 3 38
519 491 6 38
519 549 10 38
519 557 14 38
519 520 15 38
168 156 1 39
168 129 5 39
168 155 6 39
168 139 7 39
168 138 8 39
168 157 9 39
168 129 12 39
168 178 13 39
168 166 15 39
168 127 19 39
168 154 20 39
405 406 1 39
405 403 2 39
405 444 3 39
405 386 20 39
744 764 4 39
744 709 6 39
156 129 4 40
156 155 5 40
156 139 6 40
156 138 7 40
156 157 8 40
156 129 11 40
156 178 12 40
156 166 14 40
156 127 18 40
156 154 19 40
406 403 1 40
406 444 2 40
406 386 19 40
406 372 20 40
522 523 1 40
522 491 4 40
522 571 6 40
522 549 8 40
522 557 12 40
522 520 13 40
522 554 19 40
522 559 20 40
403 444 1 41
403 386 18 41
403 372 19 41
523 491 3 41
523 571 5 41
523 549 7 41
523 557 11 41
523 520 12 41
523 554 18 41
523 559 19 41
444 491 2 42
624 578 5 42
624 588 7 42
624 641 9 42
624 644 12 42
624 601 16 42
624 639 19 42
624 652 20 42
129 155 1 44
129 139 2 44
129 138 3 44
129 157 4 44
129 98 5 44
129 129 7 44
129 85 8 44
129 178 8 44
129 88 10 44
129 166 10 44
129 127 14 44
129 154 15 44
129 105 18 44
129 158 19 44
491 520 9 44
491 519 20 44
28 5 1 45
28 5 2 45
28 7 2 45
28 30 3 45
28 45 3 45
28 9 9 45
28 1 13 45
28 3 13 45
28 7 13 45
28 17 13 45
28 44 13 45
28 63 13 45
28 19 18 45
28 0 20 45
37 5 1 45
37 5 2 45
37 7 2 45
37 30 3 45
37 45 3 45
37 85 7 45
37 9 9 45
37 1 13 45
37 3 13 45
37 7 13 45
37 17 13 45
37 44 13 45
37 63 13 45
37 19 18 45
37 0 20 45
155 139 1 45
155 138 2 45
155 157 3 45
155 129 6 45
155 178 7 45
155 166 9 45
155 127 13 45
155 154 14 45
155 105 17 45
155 195 17 45
155 158 18 45
155 167 20 45
5 5 1 46
5 7 1 46
5 30 2 46
5 45 2 46
5 9 8 46
5 1 12 46
5 3 12 46
5 7 12 46
5 17 12 46
5 44 12 46
5 19 17 46
5 0 19 46
139 138 1 46
139 157 2 46
139 98 3 46
139 129 5 46
139 178 6 46
139 166 8 46
139 127 12 46
139 154 13 46
139 105 16 46
139 158 17 46
139 167 19 46
287 283 1 46
287 261 6 46
287 253 7 46
287 255 7 46
287 299 16 46
287 279 18 46
571 578 1 46
571 549 2 46
571 588 3 46
571 557 6 46
571 601 12 46
571 554 13 46
571 559 14 46
5 30 1 47
5 45 1 47
5 9 7 47
5 1 11 47
5 3 11 47
5 7 11 47
5 17 11 47
5 44 11 47
5 19 16 47
5 0 18 47
7 30 1 47
7 45 1 47
7 9 7 47
7 1 11 47
7 3 11 47
7 7 11 47
7 17 11 47
7 44 11 47
7 19 16 47
7 0 18 47
138 157 1 47
138 98 2 47
138 129 4 47
138 178 5 47
138 88 7 47
138 166 7 47
138 127 11 47
138 154 12 47
138 105 15 47
138 158 16 47
138 167 18 47
138 137 20 47
283 261 5 47
283 253 6 47
283 255 6 47
283 299 15 47
283 279 17 47
578 549 1 47
578 588 2 47
578 557 5 47
578 601 11 47
578 554 12 47
578 559 13 47
30 9 6 48
30 1 10 48
30 3 10 48
30 7 10 48
30 17 10 48
30 44 10 48
30 63 10 48
30 19 15 48
30 0 17 48
30 59 19 48
30 0 20 48
30 4 20 48
30 15 20 48
30 31 20 48
30 78 20 48
45 85 4 48
45 9 6 48
45 88 6 48
45 1 10 48
45 3 10 48
45 7 10 48
45 17 10 48
45 44 10 48
45 63 10 48
45 19 15 48
45 0 17 48
45 59 19 48
45 84 19 48
45 0 20 48
45 4 20 48
45 15 20 48
45 31 20 48
45 78 20 48
157 129 3 48
157 178 4 48
157 166 6 48
157 127 10 48
157 154 11 48
157 195 14 48
157 158 15 48
157 167 17 48
157 137 19 48
157 137 20 48
549 588 1 48
549 557 4 48
549 520 5 48
549 554 11 48
549 559 12 48
549 519 16 48
98 129 2 49
98 85 3 49
98 88 5 49
98 63 9 49
98 127 9 49
98 105 13 49
98 59 18 49
98 84 18 49
98 137 18 49
98 78 19 49
98 137 19 49
98 86 20 49
588 557 3 49
588 601 9 49
588 554 10 49
588 559 11 49
588 613 19 49
129 85 1 51
129 178 1 51
129 88 3 51
129 166 3 51
129 127 7 51
129 154 8 51
129 105 11 51
129 158 12 51
129 167 14 51
129 84 16 51
129 137 16 51
129 137 17 51
129 86 18 51
641 644 3 51
641 601 7 51
641 639 10 51
641 652 11 51
641 638 12 51
641 613 17 51
85 88 2 52
85 44 6 52
85 63 6 52
85 127 6 52
85 105 10 52
85 59 15 52
85 84 15 52
85 78 16 52
85 86 17 52
85 75 18 52
178 166 2 52
178 154 7 52
178 226 8 52
178 222 9 52
178 195 10 52
178 158 11 52
178 167 13 52
178 137 15 52
178 137 16 52
178 179 17 52
178 201 19 52
178 157 20 52
261 253 1 52
261 255 1 52
261 226 8 52
261 222 9 52
261 299 10 52
261 279 12 52
261 267 17 52
557 520 1 52
557 601 6 52
557 554 7 52
557 559 8 52
557 519 12 52
557 521 17 52
557 514 18 52
557 573 19 52
557 604 20 52
253 226 7 53
253 222 8 53
253 299 9 53
253 279 11 53
253 267 16 53
255 226 7 53
255 222 8 53
255 299 9 53
255 279 11 53
255 267 16 53
520 554 6 53
520 559 7 53
520 519 11 53
520 483 13 53
520 521 16 53
520 514 17 53
520 513 20 53
9 1 4 54
9 3 4 54
9 7 4 54
9 17 4 54
9 44 4 54
9 19 9 54
9 0 11 54
9 0 14 54
9 4 14 54
9 15 14 54
9 31 14 54
9 25 15 54
9 32 15 54
88 44 4 54
88 63 4 54
88 127 4 54
88 105 8 54
88 59 13 54
88 84 13 54
88 137 13 54
88 78 14 54
88 137 14 54
88 86 15 54
88 75 16 54
166 127 4 54
166 154 5 54
166 195 8 54
166 158 9 54
166 167 11 54
166 137 13 54
166 137 14 54
166 179 15 54
166 201 17 54
166 157 18 54
644 601 4 54
644 639 7 54
644 652 8 54
644 638 9 54
644 613 14 54
644 604 18 54
1 19 5 58
1 0 7 58
1 0 10 58
1 4 10 58
1 15 10 58
1 31 10 58
1 25 11 58
1 32 11 58
3 19 5 58
3 0 7 58
3 0 10 58
3 4 10 58
3 15 10 58
3 31 10 58
3 25 11 58
3 32 11 58
3 51 17 58
7 19 5 58
7 0 7 58
7 0 10 58
7 4 10 58
7 15 10 58
7 31 10 58
7 25 11 58
7 32 11 58
7 51 17 58
17 19 5 58
17 0 7 58
17 59 9 58
17 0 10 58
17 4 10 58
17 15 10 58
17 31 10 58
17 25 11 58
17 32 11 58
17 51 17 58
44 19 5 58
44 0 7 58
44 59 9 58
44 84 9 58
44 0 10 58
44 4 10 58
44 15 10 58
44 31 10 58
44 78 10 58
44 25 11 58
44 32 11 58
44 86 11 58
44 75 12 58
44 51 17 58
44 73 17 58
44 91 18 58
63 105 4 58
63 19 5 58
63 59 9 58
63 84 9 58
63 15 10 58
63 31 10 58
63 78 10 58
63 25 11 58
63 32 11 58
63 86 11 58
63 75 12 58
63 51 17 58
63 73 17 58
63 91 18 58
127 154 1 58
127 105 4 58
127 158 5 58
127 167 7 58
127 84 9 58
127 137 9 58
127 78 10 58
127 137 10 58
127 86 11 58
127 157 14 58
127 151 17 58
127 91 18 58
127 171 19 58
601 554 1 58
601 559 2 58
601 639 3 58
601 638 5 58
601 613 10 58
601 573 13 58
601 604 14 58
601 552 17 58
154 105 3 59
154 195 3 59
154 158 4 59
154 167 6 59
154 137 8 59
154 137 9 59
154 179 10 59
154 201 12 59
154 157 13 59
154 151 16 59
154 195 17 59
154 171 18 59
386 372 1 59
386 425 4 59
386 367 6 59
386 340 11 59
386 407 18 59
554 559 1 59
554 519 5 59
554 521 10 59
554 514 11 59
554 573 12 59
554 513 14 59
554 518 15 59
554 552 16 59
554 541 20 59
226 222 1 60
226 195 2 60
226 179 9 60
226 267 9 60
226 201 11 60
226 195 16 60
372 367 5 60
372 334 7 60
372 340 10 60
372 407 17 60
372 335 19 60
372 331 20 60
559 519 4 60
559 521 9 60
559 514 10 60
559 573 11 60
559 604 12 60
559 513 13 60
559 518 14 60
559 552 15 60
559 541 19 60
559 543 20 60
222 195 1 61
222 179 8 61
222 267 8 61
222 201 10 61
222 195 15 61
222 260 20 61
639 652 1 61
639 638 2 61
639 613 7 61
639 604 11 61
105 59 5 62
105 84 5 62
105 137 5 62
105 78 6 62
105 137 6 62
105 86 7 62
105 75 8 62
105 73 13 62
105 151 13 62
105 91 14 62
105 74 17 62
105 73 19 62
105 73 20 62
195 158 1 62
195 167 3 62
195 179 7 62
195 201 9 62
195 157 10 62
195 151 13 62
195 195 14 62
195 171 15 62
195 159 19 62
299 279 2 62
299 334 5 62
299 267 7 62
299 340 8 62
299 283 13 62
299 335 17 62
299 331 18 62
299 260 19 62
652 638 1 62
652 613 6 62
652 604 10 62
652 696 20 62
19 0 2 63
19 59 4 63
19 0 5 63
19 4 5 63
19 15 5 63
19 31 5 63
19 25 6 63
19 32 6 63
19 51 12 63
19 28 18 63
158 167 2 63
158 137 4 63
158 137 5 63
158 179 6 63
158 201 8 63
158 157 9 63
158 151 12 63
158 195 13 63
158 171 14 63
158 159 18 63
425 463 10 63
425 407 14 63
425 404 19 63
638 613 5 63
638 604 9 63
279 267 5 64
279 283 11 64
279 260 17 64
279 252 19 64
519 483 2 64
519 521 5 64
519 514 6 64
519 513 9 64
519 493 10 64
519 518 10 64
519 552 11 64
519 541 15 64
519 543 16 64
519 511 19 64
519 508 20 64
519 528 20 64
0 0 3 65
0 4 3 65
0 15 3 65
0 31 3 65
0 25 4 65
0 32 4 65
0 28 16 65
167 137 2 65
167 137 3 65
167 179 4 65
167 201 6 65
167 157 7 65
167 151 10 65
167 195 11 65
167 171 12 65
167 159 16 65
367 334 2 65
367 340 5 65
367 407 12 65
367 335 14 65
367 331 15 65
367 404 17 65
367 338 18 65
367 364 20 65
483 521 3 66
483 514 4 66
483 463 7 66
483 513 7 66
483 493 8 66
483 518 8 66
483 511 17 66
483 508 18 66
483 528 18 66
726 757 11 66
726 749 15 66
726 696 16 66
726 764 19 66
59 15 1 67
59 31 1 67
59 78 1 67
59 25 2 67
59 32 2 67
59 86 2 67
59 75 3 67
59 51 8 67
59 73 8 67
59 91 9 67
59 74 12 67
59 28 14 67
59 73 14 67
59 73 15 67
59 71 18 67
59 40 19 67
59 70 19 67
84 78 1 67
84 86 2 67
84 75 3 67
84 51 8 67
84 73 8 67
84 91 9 67
84 74 12 67
84 73 14 67
84 73 15 67
84 71 18 67
84 40 19 67
84 70 19 67
137 137 1 67
137 179 2 67
137 157 5 67
137 151 8 67
137 91 9 67
137 171 10 67
137 159 14 67
137 159 19 67
137 166 20 67
334 340 3 67
334 335 12 67
334 331 13 67
334 338 16 67
334 364 18 67
334 361 19 67
0 25 1 68
0 32 1 68
0 28 13 68
0 40 18 68
4 25 1 68
4 32 1 68
4 51 7 68
4 28 13 68
4 40 18 68
15 25 1 68
15 32 1 68
15 51 7 68
15 28 13 68
15 40 18 68
31 25 1 68
31 32 1 68
31 75 2 68
31 51 7 68
31 73 7 68
31 74 11 68
31 28 13 68
31 73 13 68
31 73 14 68
31 71 17 68
31 40 18 68
31 70 18 68
78 32 1 68
78 86 1 68
78 75 2 68
78 51 7 68
78 73 7 68
78 91 8 68
78 74 11 68
78 28 13 68
78 73 13 68
78 73 14 68
78 71 17 68
78 40 18 68
78 70 18 68
78 93 20 68
137 179 1 68
137 157 4 68
137 151 7 68
137 91 8 68
137 171 9 68
137 159 13 68
137 159 18 68
137 166 19 68
137 93 20 68
137 168 20 68
613 573 3 68
613 604 4 68
613 567 18 68
613 594 20 68
25 51 6 69
25 73 6 69
25 74 10 69
25 28 12 69
25 73 12 69
25 73 13 69
25 71 16 69
25 40 17 69
25 70 17 69
32 75 1 69
32 51 6 69
32 73 6 69
32 74 10 69
32 28 12 69
32 73 12 69
32 73 13 69
32 71 16 69
32 40 17 69
32 70 17 69
86 75 1 69
86 51 6 69
86 73 6 69
86 91 7 69
86 74 10 69
86 73 12 69
86 73 13 69
86 71 16 69
86 40 17 69
86 70 17 69
86 93 19 69
179 201 2 69
179 157 3 69
179 151 6 69
179 195 7 69
179 171 8 69
179 159 12 69
179 159 17 69
179 166 18 69
179 168 19 69
267 283 6 69
267 260 12 69
267 252 14 69
267 314 19 69
521 514 1 69
521 513 4 69
521 493 5 69
521 518 5 69
521 552 6 69
521 541 10 69
521 543 11 69
521 511 14 69
521 508 15 69
521 528 15 69
521 567 17 69
75 51 5 70
75 73 5 70
75 91 6 70
75 74 9 70
75 28 11 70
75 73 11 70
75 73 12 70
75 71 15 70
75 40 16 70
75 70 16 70
75 93 18 70
340 335 9 70
340 331 10 70
340 338 13 70
340 364 15 70
340 361 16 70
340 314 18 70
514 513 3 70
514 493 4 70
514 518 4 70
514 552 5 70
514 541 9 70
514 543 10 70
514 511 13 70
514 508 14 70
514 528 14 70
201 157 1 71
201 151 4 71
201 195 5 71
201 171 6 71
201 159 10 71
201 159 15 71
201 166 16 71
201 168 17 71
573 604 1 71
573 552 4 71
573 541 8 71
573 543 9 71
573 528 13 71
573 567 15 71
573 594 17 71
157 151 3 72
157 195 4 72
157 171 5 72
157 159 9 72
157 159 14 72
157 166 15 72
157 168 16 72
604 567 14 72
604 594 16 72
463 493 1 73
463 511 10 73
463 508 11 73
463 455 14 73
513 493 1 73
513 518 1 73
513 552 2 73
513 541 6 73
513 543 7 73
513 511 10 73
513 508 11 73
513 528 11 73
493 541 5 74
493 511 9 74
493 508 10 74
493 528 10 74
493 455 13 74
518 552 1 74
518 541 5 74
518 543 6 74
518 511 9 74
518 508 10 74
518 528 10 74
518 567 12 74
51 91 1 75
51 74 4 75
51 28 6 75
51 73 6 75
51 73 7 75
51 71 10 75
51 40 11 75
51 70 11 75
51 93 13 75
73 91 1 75
73 74 4 75
73 28 6 75
73 73 6 75
73 73 7 75
73 71 10 75
73 40 11 75
73 70 11 75
73 93 13 75
151 195 1 75
151 171 2 75
151 159 6 75
151 159 11 75
151 166 12 75
151 168 13 75
283 331 5 75
283 260 6 75
283 252 8 75
283 314 13 75
552 541 4 75
552 543 5 75
552 511 8 75
552 508 9 75
552 528 9 75
552 567 11 75
552 594 13 75
91 74 3 76
91 73 5 76
91 73 6 76
91 71 9 76
91 70 10 76
91 93 12 76
195 171 1 76
195 159 5 76
195 159 10 76
195 166 11 76
195 168 12 76
171 159 4 77
171 159 9 77
171 166 10 77
171 168 11 77
407 404 5 77
407 364 8 77
407 361 9 77
407 455 10 77
757 749 4 77
757 764 8 77
74 28 2 79
74 73 2 79
74 73 3 79
74 71 6 79
74 40 7 79
74 70 7 79
74 93 9 79
335 331 1 79
335 338 4 79
335 364 6 79
335 361 7 79
335 314 9 79
541 543 1 79
541 511 4 79
541 508 5 79
541 528 5 79
541 567 7 79
331 338 3 80
331 364 5 80
331 361 6 80
331 314 8 80
543 511 3 80
543 508 4 80
543 528 4 80
543 567 6 80
28 73 1 81
28 71 4 81
28 40 5 81
28 70 5 81
73 73 1 81
73 71 4 81
73 40 5 81
73 70 5 81
73 93 7 81
159 159 5 81
159 166 6 81
159 168 7 81
260 252 2 81
749 764 4 81
73 71 3 82
73 40 4 82
73 70 4 82
73 93 6 82
404 364 3 82
404 361 4 82
338 364 2 83
338 361 3 83
338 314 5 83
511 508 1 83
511 528 1 83
528 567 2 84
71 40 1 85
71 70 1 85
71 93 3 85
364 361 1 85
364 314 3 85
70 93 2 86
159 166 1 86
159 168 2 86
361 314 2 86
567 594 2 86
166 168 1 87
