701 743 2 1
701 746 3 1
701 739 6 1
701 738 10 1
701 700 16 1
313 321 2 2
313 297 3 2
313 295 4 2
313 295 16 2
431 414 5 3
431 413 6 3
431 413 7 3
431 414 8 3
431 459 9 3
431 425 13 3
743 746 1 3
743 756 2 3
743 739 4 3
743 738 8 3
743 764 9 3
743 700 14 3
321 297 1 4
321 295 2 4
321 295 14 4
746 756 1 4
746 739 3 4
746 738 7 4
746 764 8 4
746 700 13 4
188 154 15 5
297 295 1 5
297 295 13 5
756 739 2 5
756 738 6 5
756 764 7 5
295 295 12 6
625 626 2 6
625 631 3 6
625 624 4 6
625 630 10 6
625 586 14 6
739 738 4 7
739 764 5 7
739 700 10 7
414 413 1 8
414 413 2 8
414 414 3 8
414 459 4 8
414 425 8 8
626 631 1 8
626 624 2 8
626 630 8 8
626 586 12 8
413 413 1 9
413 414 2 9
413 459 3 9
413 425 7 9
631 624 1 9
631 630 7 9
631 586 11 9
413 414 1 10
413 459 2 10
413 425 6 10
624 630 6 10
624 586 10 10
414 459 1 11
414 425 5 11
738 764 1 11
738 700 6 11
30 71 4 12
30 71 6 12
459 425 4 12
764 751 20 12
518 518 1 14
518 518 4 14
518 518 3 15
71 71 2 16
71 26 17 16
71 36 17 16
71 96 17 16
630 586 4 16
630 666 17 16
700 666 16 17
700 695 17 17
71 26 15 18
71 36 15 18
71 96 15 18
295 295 13 18
295 289 16 18
518 513 19 18
518 519 20 18
586 544 20 20
295 289 3 31
751 761 7 32
751 759 17 32
751 749 19 32
26 72 6 33
26 70 19 33
36 72 6 33
36 70 19 33
96 72 6 33
96 93 9 33
96 98 10 33
96 93 11 33
96 108 13 33
96 70 19 33
351 374 14 33
351 390 17 33
351 343 19 33
666 695 1 33
666 655 14 33
666 662 17 33
666 696 19 33
289 289 19 34
695 655 13 34
695 662 16 34
695 696 18 34
695 741 19 34
456 455 1 37
456 406 2 37
456 424 5 37
456 474 6 37
456 474 7 37
456 473 11 37
456 451 19 37
513 519 1 37
513 544 3 37
513 524 5 37
513 474 6 37
513 474 7 37
513 544 9 37
513 473 11 37
513 522 17 37
513 517 18 37
513 522 19 37
455 406 1 38
455 424 4 38
455 474 5 38
455 474 6 38
455 473 10 38
455 451 18 38
519 544 2 38
519 524 4 38
519 474 5 38
519 474 6 38
519 544 8 38
519 473 10 38
519 568 10 38
519 522 16 38
519 517 17 38
519 522 18 38
72 93 3 39
72 98 4 39
72 93 5 39
72 108 7 39
72 70 13 39
72 30 15 39
72 31 15 39
72 71 15 39
406 424 3 39
406 374 8 39
406 390 11 39
406 359 15 39
406 451 17 39
761 759 10 39
761 749 12 39
761 741 14 39
761 767 18 39
544 524 2 40
544 574 3 40
544 544 6 40
544 568 8 40
544 522 14 40
544 517 15 40
544 522 16 40
191 191 1 41
93 98 1 42
93 93 2 42
93 108 4 42
93 70 10 42
93 71 12 42
424 374 5 42
424 473 6 42
424 390 8 42
424 451 14 42
524 474 1 42
524 474 2 42
524 544 4 42
524 568 6 42
524 522 12 42
524 517 13 42
524 522 14 42
98 93 1 43
98 108 3 43
98 70 9 43
98 71 11 43
474 474 1 43
474 473 5 43
474 522 11 43
474 517 12 43
474 451 13 43
474 522 13 43
474 429 20 43
574 595 1 43
574 594 2 43
574 544 3 43
574 568 5 43
93 108 2 44
93 70 8 44
93 71 10 44
474 473 4 44
474 522 10 44
474 517 11 44
474 451 12 44
474 522 12 44
474 429 19 44
595 594 1 44
595 568 4 44
594 544 1 45
594 568 3 45
108 70 6 46
108 71 8 46
108 63 20 46
108 145 20 46
544 568 2 46
544 522 8 46
544 517 9 46
544 522 10 46
544 564 20 46
374 390 3 47
374 343 5 47
374 359 7 47
374 377 19 47
655 662 3 47
655 696 5 47
655 680 12 47
655 693 20 47
473 522 6 48
473 517 7 48
473 451 8 48
473 522 8 48
473 429 15 48
568 522 6 48
568 522 8 48
568 564 18 48
759 749 2 49
759 741 4 49
759 767 8 49
759 713 11 49
759 751 15 49
759 748 16 49
390 343 2 50
390 359 4 50
390 429 13 50
390 377 16 50
662 696 2 50
662 680 9 50
662 693 17 50
662 668 18 50
749 741 2 51
749 767 6 51
749 713 9 51
749 751 13 51
749 748 14 51
70 30 2 52
70 31 2 52
70 71 2 52
70 23 12 52
70 31 12 52
70 30 13 52
70 31 13 52
70 30 14 52
70 40 14 52
70 63 14 52
70 37 16 52
70 93 16 52
343 359 2 52
343 377 14 52
343 345 19 52
696 741 1 52
696 680 7 52
696 713 8 52
696 693 15 52
696 668 16 52
696 694 19 52
741 767 4 53
741 713 7 53
741 751 11 53
741 748 12 53
741 693 14 53
741 694 18 53
30 15 9 54
30 14 10 54
30 23 10 54
30 31 10 54
30 30 11 54
30 31 11 54
30 0 12 54
30 2 12 54
30 30 12 54
30 40 12 54
30 63 12 54
30 14 14 54
30 15 14 54
30 37 14 54
30 2 20 54
30 4 20 54
30 14 20 54
30 18 20 54
30 36 20 54
31 15 9 54
31 14 10 54
31 23 10 54
31 31 10 54
31 30 11 54
31 31 11 54
31 0 12 54
31 2 12 54
31 30 12 54
31 40 12 54
31 63 12 54
31 14 14 54
31 15 14 54
31 37 14 54
31 2 20 54
31 4 20 54
31 14 20 54
31 18 20 54
31 36 20 54
71 23 10 54
71 31 10 54
71 30 11 54
71 31 11 54
71 30 12 54
71 40 12 54
71 63 12 54
71 37 14 54
71 93 14 54
71 36 20 54
359 377 12 54
359 345 17 54
359 345 19 54
522 517 1 54
522 522 2 54
522 564 12 54
522 483 18 54
517 522 1 55
517 564 11 55
517 483 17 55
451 429 7 56
451 483 16 56
522 564 10 56
522 483 16 56
767 751 7 57
767 748 8 57
680 713 1 59
680 693 8 59
680 668 9 59
680 694 12 59
680 633 13 59
680 703 15 59
680 712 16 59
680 713 18 59
680 673 19 59
680 654 20 59
713 751 4 60
713 748 5 60
713 693 7 60
713 668 8 60
713 694 11 60
713 703 14 60
713 712 15 60
713 713 17 60
713 673 18 60
713 666 20 60
15 14 1 63
15 23 1 63
15 31 1 63
15 30 2 63
15 31 2 63
15 0 3 63
15 2 3 63
15 30 3 63
15 40 3 63
15 63 3 63
15 14 5 63
15 15 5 63
15 37 5 63
15 2 11 63
15 4 11 63
15 14 11 63
15 18 11 63
15 36 11 63
15 0 12 63
15 1 12 63
15 3 12 63
15 13 12 63
15 5 13 63
15 21 13 63
15 0 16 63
15 4 16 63
15 9 16 63
15 17 16 63
15 50 16 63
15 2 17 63
15 6 17 63
15 7 17 63
15 2 19 63
15 5 19 63
15 12 19 63
14 30 1 64
14 31 1 64
14 0 2 64
14 2 2 64
14 30 2 64
14 40 2 64
14 63 2 64
14 14 4 64
14 15 4 64
14 37 4 64
14 2 10 64
14 4 10 64
14 14 10 64
14 18 10 64
14 36 10 64
14 0 11 64
14 1 11 64
14 3 11 64
14 13 11 64
14 5 12 64
14 21 12 64
14 0 15 64
14 4 15 64
14 9 15 64
14 17 15 64
14 50 15 64
14 2 16 64
14 6 16 64
14 7 16 64
14 2 18 64
14 5 18 64
14 12 18 64
23 30 1 64
23 31 1 64
23 0 2 64
23 2 2 64
23 30 2 64
23 40 2 64
23 63 2 64
23 14 4 64
23 15 4 64
23 37 4 64
23 2 10 64
23 4 10 64
23 14 10 64
23 18 10 64
23 36 10 64
23 0 11 64
23 1 11 64
23 3 11 64
23 13 11 64
23 5 12 64
23 21 12 64
23 0 15 64
23 4 15 64
23 9 15 64
23 17 15 64
23 50 15 64
23 67 15 64
23 2 16 64
23 6 16 64
23 7 16 64
23 2 18 64
23 5 18 64
23 12 18 64
31 30 1 64
31 31 1 64
31 0 2 64
31 2 2 64
31 30 2 64
31 40 2 64
31 63 2 64
31 14 4 64
31 15 4 64
31 37 4 64
31 2 10 64
31 4 10 64
31 14 10 64
31 18 10 64
31 36 10 64
31 0 11 64
31 1 11 64
31 3 11 64
31 13 11 64
31 5 12 64
31 21 12 64
31 0 15 64
31 4 15 64
31 9 15 64
31 17 15 64
31 50 15 64
31 67 15 64
31 2 16 64
31 6 16 64
31 7 16 64
31 2 18 64
31 5 18 64
31 12 18 64
751 748 1 64
751 703 10 64
751 712 11 64
751 713 13 64
751 767 17 64
751 758 19 64
30 0 1 65
30 2 1 65
30 30 1 65
30 40 1 65
30 63 1 65
30 14 3 65
30 15 3 65
30 37 3 65
30 2 9 65
30 4 9 65
30 14 9 65
30 18 9 65
30 36 9 65
30 0 10 65
30 1 10 65
30 3 10 65
30 13 10 65
30 5 11 65
30 21 11 65
30 0 14 65
30 4 14 65
30 9 14 65
30 17 14 65
30 50 14 65
30 67 14 65
30 2 15 65
30 6 15 65
30 7 15 65
30 2 17 65
30 5 17 65
30 12 17 65
31 0 1 65
31 2 1 65
31 30 1 65
31 40 1 65
31 63 1 65
31 14 3 65
31 15 3 65
31 37 3 65
31 2 9 65
31 4 9 65
31 14 9 65
31 18 9 65
31 36 9 65
31 0 10 65
31 1 10 65
31 3 10 65
31 13 10 65
31 5 11 65
31 21 11 65
31 0 14 65
31 4 14 65
31 9 14 65
31 17 14 65
31 50 14 65
31 67 14 65
31 2 15 65
31 6 15 65
31 7 15 65
31 2 17 65
31 5 17 65
31 12 17 65
748 703 9 65
748 712 10 65
748 713 12 65
748 767 16 65
748 758 18 65
748 752 20 65
0 14 2 66
0 15 2 66
0 37 2 66
0 2 8 66
0 4 8 66
0 14 8 66
0 18 8 66
0 36 8 66
0 0 9 66
0 1 9 66
0 3 9 66
0 13 9 66
0 5 10 66
0 21 10 66
0 0 13 66
0 4 13 66
0 9 13 66
0 17 13 66
0 2 14 66
0 6 14 66
0 7 14 66
0 2 16 66
0 5 16 66
0 12 16 66
0 21 20 66
2 14 2 66
2 15 2 66
2 37 2 66
2 2 8 66
2 4 8 66
2 14 8 66
2 18 8 66
2 36 8 66
2 0 9 66
2 1 9 66
2 3 9 66
2 13 9 66
2 5 10 66
2 21 10 66
2 0 13 66
2 4 13 66
2 9 13 66
2 17 13 66
2 50 13 66
2 2 14 66
2 6 14 66
2 7 14 66
2 2 16 66
2 5 16 66
2 12 16 66
2 21 20 66
30 14 2 66
30 15 2 66
30 37 2 66
30 2 8 66
30 4 8 66
30 14 8 66
30 18 8 66
30 36 8 66
30 0 9 66
30 1 9 66
30 3 9 66
30 13 9 66
30 5 10 66
30 21 10 66
30 0 13 66
30 4 13 66
30 9 13 66
30 17 13 66
30 50 13 66
30 67 13 66
30 2 14 66
30 6 14 66
30 7 14 66
30 2 16 66
30 5 16 66
30 12 16 66
30 21 20 66
40 14 2 66
40 15 2 66
40 37 2 66
40 2 8 66
40 4 8 66
40 14 8 66
40 18 8 66
40 36 8 66
40 0 9 66
40 1 9 66
40 3 9 66
40 13 9 66
40 5 10 66
40 21 10 66
40 0 13 66
40 4 13 66
40 9 13 66
40 17 13 66
40 50 13 66
40 67 13 66
40 2 14 66
40 6 14 66
40 7 14 66
40 2 16 66
40 5 16 66
40 12 16 66
40 21 20 66
63 14 2 66
63 15 2 66
63 37 2 66
63 93 2 66
63 14 8 66
63 18 8 66
63 36 8 66
63 13 9 66
63 21 10 66
63 17 13 66
63 50 13 66
63 67 13 66
63 106 16 66
63 21 20 66
63 107 20 66
145 153 9 66
145 106 16 66
145 107 20 66
377 345 5 66
377 345 7 66
377 343 17 66
377 343 18 66
564 599 7 66
564 573 16 66
564 608 20 66
693 668 1 67
693 694 4 67
693 703 7 67
693 712 8 67
693 713 10 67
693 673 11 67
693 654 12 67
693 666 13 67
693 645 17 67
14 2 6 68
14 4 6 68
14 14 6 68
14 18 6 68
14 36 6 68
14 0 7 68
14 1 7 68
14 3 7 68
14 13 7 68
14 5 8 68
14 21 8 68
14 0 11 68
14 4 11 68
14 9 11 68
14 17 11 68
14 50 11 68
14 2 12 68
14 6 12 68
14 7 12 68
14 2 14 68
14 5 14 68
14 12 14 68
14 21 18 68
15 2 6 68
15 4 6 68
15 14 6 68
15 18 6 68
15 36 6 68
15 0 7 68
15 1 7 68
15 3 7 68
15 13 7 68
15 5 8 68
15 21 8 68
15 0 11 68
15 4 11 68
15 9 11 68
15 17 11 68
15 50 11 68
15 2 12 68
15 6 12 68
15 7 12 68
15 2 14 68
15 5 14 68
15 12 14 68
15 21 18 68
37 2 6 68
37 4 6 68
37 14 6 68
37 18 6 68
37 36 6 68
37 0 7 68
37 1 7 68
37 3 7 68
37 13 7 68
37 5 8 68
37 21 8 68
37 0 11 68
37 4 11 68
37 9 11 68
37 17 11 68
37 50 11 68
37 67 11 68
37 2 12 68
37 6 12 68
37 7 12 68
37 2 14 68
37 5 14 68
37 12 14 68
37 21 18 68
93 50 11 68
93 67 11 68
93 106 14 68
93 107 18 68
668 694 3 68
668 633 4 68
668 703 6 68
668 712 7 68
668 623 8 68
668 713 9 68
668 673 10 68
668 654 11 68
668 666 12 68
668 645 16 68
668 713 20 68
345 345 2 71
345 304 11 71
345 343 12 71
345 343 13 71
345 389 17 71
345 389 18 71
694 703 3 71
694 712 4 71
694 713 6 71
694 673 7 71
694 654 8 71
694 666 9 71
694 645 13 71
694 713 17 71
483 518 15 72
483 525 20 72
633 599 1 72
633 623 4 72
633 673 6 72
633 654 7 72
633 666 8 72
633 645 12 72
633 608 14 72
633 606 17 72
633 591 19 72
345 304 9 73
345 343 10 73
345 343 11 73
345 389 15 73
345 389 16 73
345 328 19 73
345 329 20 73
599 623 3 73
599 573 9 73
599 645 11 73
599 608 13 73
599 606 16 73
599 591 18 73
2 0 1 74
2 1 1 74
2 3 1 74
2 13 1 74
2 5 2 74
2 21 2 74
2 0 5 74
2 4 5 74
2 9 5 74
2 17 5 74
2 50 5 74
2 2 6 74
2 6 6 74
2 7 6 74
2 2 8 74
2 5 8 74
2 12 8 74
2 21 12 74
2 18 19 74
4 0 1 74
4 1 1 74
4 3 1 74
4 13 1 74
4 5 2 74
4 21 2 74
4 0 5 74
4 4 5 74
4 9 5 74
4 17 5 74
4 50 5 74
4 2 6 74
4 6 6 74
4 7 6 74
4 2 8 74
4 5 8 74
4 12 8 74
4 21 12 74
4 18 19 74
14 0 1 74
14 1 1 74
14 3 1 74
14 13 1 74
14 5 2 74
14 21 2 74
14 0 5 74
14 4 5 74
14 9 5 74
14 17 5 74
14 50 5 74
14 2 6 74
14 6 6 74
14 7 6 74
14 2 8 74
14 5 8 74
14 12 8 74
14 21 12 74
14 18 19 74
18 0 1 74
18 1 1 74
18 3 1 74
18 13 1 74
18 5 2 74
18 21 2 74
18 0 5 74
18 4 5 74
18 9 5 74
18 17 5 74
18 50 5 74
18 67 5 74
18 2 6 74
18 6 6 74
18 7 6 74
18 2 8 74
18 5 8 74
18 12 8 74
18 21 12 74
18 18 19 74
36 0 1 74
36 1 1 74
36 3 1 74
36 13 1 74
36 5 2 74
36 21 2 74
36 0 5 74
36 4 5 74
36 9 5 74
36 17 5 74
36 50 5 74
36 67 5 74
36 2 6 74
36 6 6 74
36 7 6 74
36 2 8 74
36 5 8 74
36 12 8 74
36 21 12 74
36 18 19 74
703 712 1 74
703 713 3 74
703 673 4 74
703 654 5 74
703 666 6 74
703 752 11 74
703 713 14 74
703 694 20 74
0 5 1 75
0 21 1 75
0 0 4 75
0 4 4 75
0 9 4 75
0 17 4 75
0 2 5 75
0 6 5 75
0 7 5 75
0 2 7 75
0 5 7 75
0 12 7 75
0 21 11 75
0 18 18 75
1 5 1 75
1 21 1 75
1 0 4 75
1 4 4 75
1 9 4 75
1 17 4 75
1 50 4 75
1 2 5 75
1 6 5 75
1 7 5 75
1 2 7 75
1 5 7 75
1 12 7 75
1 21 11 75
1 18 18 75
3 5 1 75
3 21 1 75
3 0 4 75
3 4 4 75
3 9 4 75
3 17 4 75
3 50 4 75
3 2 5 75
3 6 5 75
3 7 5 75
3 2 7 75
3 5 7 75
3 12 7 75
3 21 11 75
3 18 18 75
13 5 1 75
13 21 1 75
13 0 4 75
13 4 4 75
13 9 4 75
13 17 4 75
13 50 4 75
13 2 5 75
13 6 5 75
13 7 5 75
13 2 7 75
13 5 7 75
13 12 7 75
13 21 11 75
13 18 18 75
153 106 7 75
153 107 11 75
712 713 2 75
712 673 3 75
712 666 5 75
712 758 8 75
712 752 10 75
712 713 13 75
712 694 19 75
712 710 20 75
5 0 3 76
5 4 3 76
5 9 3 76
5 17 3 76
5 50 3 76
5 2 4 76
5 6 4 76
5 7 4 76
5 2 6 76
5 5 6 76
5 12 6 76
5 21 10 76
5 18 17 76
21 0 3 76
21 4 3 76
21 9 3 76
21 17 3 76
21 50 3 76
21 67 3 76
21 2 4 76
21 6 4 76
21 7 4 76
21 2 6 76
21 5 6 76
21 12 6 76
21 21 10 76
21 18 17 76
623 654 3 76
623 666 4 76
623 573 6 76
623 645 8 76
623 608 10 76
623 606 13 76
623 591 15 76
713 673 1 77
713 666 3 77
713 758 6 77
713 752 8 77
713 713 11 77
713 694 17 77
713 710 18 77
673 654 1 78
673 666 2 78
673 645 6 78
673 713 10 78
673 694 16 78
673 710 17 78
0 2 1 79
0 6 1 79
0 7 1 79
0 2 3 79
0 5 3 79
0 12 3 79
0 21 7 79
0 18 14 79
4 2 1 79
4 6 1 79
4 7 1 79
4 2 3 79
4 5 3 79
4 12 3 79
4 21 7 79
4 18 14 79
9 2 1 79
9 6 1 79
9 7 1 79
9 2 3 79
9 5 3 79
9 12 3 79
9 21 7 79
9 18 14 79
17 2 1 79
17 6 1 79
17 7 1 79
17 2 3 79
17 5 3 79
17 12 3 79
17 21 7 79
17 18 14 79
50 2 1 79
50 6 1 79
50 7 1 79
50 2 3 79
50 5 3 79
50 12 3 79
50 21 7 79
50 18 14 79
67 106 3 79
67 21 7 79
67 107 7 79
67 18 14 79
67 101 14 79
654 666 1 79
654 645 5 79
654 608 7 79
654 606 10 79
654 694 15 79
2 2 2 80
2 5 2 80
2 12 2 80
2 21 6 80
2 18 13 80
6 2 2 80
6 5 2 80
6 12 2 80
6 21 6 80
6 18 13 80
7 2 2 80
7 5 2 80
7 12 2 80
7 21 6 80
7 18 13 80
666 645 4 80
666 713 8 80
666 694 14 80
666 710 15 80
767 758 2 81
767 752 4 81
2 21 4 82
2 18 11 82
5 21 4 82
5 18 11 82
12 21 4 82
12 18 11 82
106 107 4 82
106 101 11 82
106 154 14 82
304 343 1 82
304 343 2 82
304 328 10 82
304 329 11 82
304 295 12 82
304 316 13 82
573 608 4 82
573 606 7 82
573 591 9 82
573 525 10 82
573 528 14 82
343 343 1 83
343 389 5 83
343 389 6 83
343 328 9 83
343 329 10 83
343 295 11 83
343 316 12 83
343 363 13 83
758 752 2 83
758 713 5 83
758 710 12 83
343 389 4 84
343 389 5 84
343 328 8 84
343 329 9 84
343 295 10 84
343 316 11 84
343 363 12 84
645 608 2 84
645 606 5 84
645 694 10 84
752 713 3 85
752 710 10 85
21 18 7 86
107 101 7 86
107 154 10 86
608 606 3 86
608 591 5 86
518 525 5 87
518 521 6 87
518 528 9 87
389 389 1 88
389 363 8 88
713 694 6 88
713 710 7 88
389 363 7 89
606 591 2 89
223 228 1 92
328 329 1 92
328 295 2 92
328 316 3 92
328 363 4 92
525 521 1 92
525 528 4 92
329 295 1 93
329 316 2 93
329 363 3 93
521 528 3 93
295 316 1 94
694 710 1 94
316 363 1 95
