497 499 10 1
497 498 19 1
615 615 15 1
615 629 19 1
615 629 23 1
104 110 10 2
104 110 11 2
104 99 28 2
104 99 29 2
254 258 10 2
254 259 12 2
254 255 20 2
407 404 19 2
407 401 24 2
551 545 10 2
551 553 11 2
551 554 13 2
551 556 16 2
551 554 20 2
551 551 24 2
551 536 25 2
551 551 27 2
109 110 10 3
109 99 27 3
109 99 28 3
404 404 18 3
404 401 23 3
552 553 10 3
552 554 12 3
552 556 15 3
552 554 19 3
552 551 23 3
552 536 24 3
552 551 26 3
103 99 26 4
103 99 27 4
178 178 20 4
178 170 22 4
178 185 26 4
329 320 11 4
329 320 15 4
329 321 19 4
329 329 20 4
329 319 26 4
554 554 11 4
554 556 14 4
554 554 18 4
554 551 22 4
554 536 23 4
554 551 25 4
554 557 29 4
185 178 19 5
185 170 21 5
185 185 25 5
319 320 10 5
319 299 12 5
319 320 14 5
319 321 18 5
319 329 19 5
319 319 25 5
612 615 10 6
612 629 14 6
612 629 18 6
612 608 25 6
612 616 26 6
612 609 29 6
219 219 20 7
377 359 24 7
377 378 26 7
377 387 28 7
531 525 14 7
531 519 18 7
531 536 20 7
531 544 27 7
224 219 19 8
453 449 19 8
453 453 20 8
532 525 13 8
532 519 17 8
532 551 18 8
532 536 19 8
532 551 21 8
532 544 26 8
298 298 20 9
298 298 28 9
298 298 29 9
553 554 13 9
553 551 17 9
553 536 18 9
553 551 20 9
553 557 24 9
553 544 25 9
29 17 22 10
29 18 28 10
99 99 20 10
99 99 21 10
99 89 24 10
298 298 19 10
298 298 27 10
298 298 28 10
673 670 13 10
673 675 27 10
499 490 25 11
734 729 25 11
18 17 20 12
18 18 26 12
110 99 18 12
110 99 19 12
258 255 10 12
258 258 20 12
258 259 29 12
545 554 10 12
545 551 14 12
545 536 15 12
545 551 17 12
545 557 21 12
545 544 22 12
545 542 28 12
110 99 17 13
110 99 18 13
110 103 29 13
378 359 18 13
378 378 20 13
378 387 22 13
553 551 13 13
553 536 14 13
553 551 16 13
553 557 20 13
553 544 21 13
553 542 27 13
553 549 29 13
259 258 18 14
259 259 27 14
259 254 28 14
259 254 29 14
675 675 23 14
675 676 27 14
320 319 15 15
320 329 24 15
554 551 11 15
554 536 12 15
554 551 14 15
554 557 18 15
554 544 19 15
554 542 25 15
554 549 27 15
554 554 28 15
298 298 13 16
298 298 21 16
298 298 22 16
298 293 24 16
615 608 15 16
615 616 16 16
615 609 19 16
615 615 22 16
299 298 12 17
299 298 20 17
299 298 21 17
299 293 23 17
583 581 11 17
583 586 13 17
583 584 27 17
583 581 28 17
583 586 29 17
18 17 14 18
18 18 20 18
298 298 11 18
298 298 19 18
298 298 20 18
298 293 22 18
556 551 11 18
556 557 15 18
556 544 16 18
556 542 22 18
556 549 24 18
556 554 25 18
556 536 29 18
144 146 14 19
144 158 21 19
144 153 22 19
320 319 11 19
320 329 20 19
674 675 18 19
674 676 22 19
498 490 16 20
498 496 23 20
498 496 24 20
629 616 12 20
629 609 15 20
629 615 18 20
629 613 29 20
404 404 13 21
404 387 14 21
404 404 21 21
525 544 13 21
525 542 19 21
525 536 26 21
525 536 27 21
255 258 10 22
255 259 19 22
255 254 20 22
255 254 21 22
255 253 27 22
554 557 11 22
554 544 12 22
554 542 18 22
554 549 20 22
554 554 21 22
554 536 25 22
554 536 26 22
321 329 16 23
670 675 14 23
670 676 18 23
178 183 15 24
178 158 16 24
178 178 20 24
178 185 26 24
329 329 15 24
329 348 22 24
629 609 11 24
629 615 14 24
629 613 25 24
629 612 26 24
519 536 22 25
519 536 23 25
170 183 13 26
170 158 14 26
170 153 15 26
170 178 18 26
170 185 24 26
401 404 16 26
551 542 14 26
551 549 16 26
551 554 17 26
551 536 21 26
551 536 22 26
536 542 13 27
536 549 15 27
536 554 16 27
536 536 20 27
536 536 21 27
536 516 29 27
581 584 16 28
581 581 17 28
581 586 18 28
581 585 23 28
581 586 25 28
298 293 11 29
298 298 20 29
298 292 22 29
298 298 28 29
298 298 29 29
551 542 11 29
551 549 13 29
551 554 14 29
551 536 18 29
551 536 19 29
99 103 12 30
99 103 13 30
185 178 14 30
185 185 20 30
319 329 29 30
586 584 14 30
586 581 15 30
586 586 16 30
586 585 21 30
586 586 23 30
99 103 11 31
99 103 12 31
359 378 14 31
359 348 15 31
359 378 16 31
359 354 19 31
359 377 21 31
359 378 22 31
608 613 18 31
608 612 19 31
608 615 26 31
17 17 20 32
17 18 21 32
17 18 23 32
17 18 26 32
258 254 10 32
258 254 11 32
258 253 17 32
258 258 22 32
616 613 17 32
616 612 18 32
616 615 25 32
616 629 29 32
146 132 26 33
146 158 27 33
378 378 12 33
378 378 14 33
378 377 19 33
378 378 20 33
378 384 23 33
557 554 10 33
404 384 22 34
404 405 27 34
544 536 13 34
544 536 14 34
387 378 10 35
387 378 12 35
387 377 17 35
387 378 18 35
387 384 21 35
387 405 26 35
609 613 14 35
609 612 15 35
609 615 22 35
490 497 19 36
490 497 26 36
729 713 16 36
729 732 19 36
729 733 23 36
298 298 12 37
298 292 14 37
298 298 20 37
298 298 21 37
675 675 17 37
675 674 21 37
675 673 25 37
675 676 26 37
675 673 27 37
18 17 14 38
18 18 15 38
18 18 17 38
18 18 20 38
18 3 29 38
298 298 11 38
298 292 13 38
298 298 19 38
298 298 20 38
615 613 11 38
615 612 12 38
615 615 19 38
615 629 23 38
183 185 11 39
183 185 29 39
329 329 20 39
329 329 21 39
329 329 25 39
329 329 26 39
329 348 27 39
158 158 20 40
158 139 23 40
293 292 11 40
293 298 17 40
293 298 18 40
293 298 29 40
542 534 27 40
542 536 28 40
542 535 29 40
153 158 19 41
153 139 22 41
259 258 13 41
259 255 22 41
676 675 13 41
676 674 17 41
676 673 21 41
676 676 22 41
676 673 23 41
103 99 29 42
254 258 12 42
254 255 21 42
404 384 14 42
404 405 19 42
549 534 25 42
549 536 26 42
549 535 27 42
103 99 28 43
254 258 11 43
254 255 20 43
496 497 12 43
496 497 19 43
554 534 24 43
554 536 25 43
554 535 26 43
178 158 16 44
178 185 24 44
178 185 26 44
496 497 11 44
496 497 18 44
584 585 16 44
584 586 26 44
378 384 11 45
378 381 22 45
378 379 23 45
378 378 27 45
581 585 15 45
581 586 25 45
348 329 13 46
348 329 14 46
348 329 18 46
348 329 19 46
348 348 20 46
586 585 14 46
586 586 24 46
378 381 20 47
378 379 21 47
378 378 25 47
378 397 29 47
536 519 19 47
536 534 20 47
536 536 21 47
536 535 22 47
536 530 27 47
536 519 18 48
536 534 19 48
536 536 20 48
536 535 21 48
536 530 26 48
253 255 14 49
253 255 25 49
298 298 20 49
298 292 22 49
298 298 28 49
298 297 29 49
613 629 12 49
613 615 22 49
613 613 23 49
613 615 24 49
185 185 18 50
185 185 20 50
354 348 16 50
612 629 11 50
612 615 21 50
612 613 22 50
612 615 23 50
292 298 18 51
292 292 20 51
292 298 26 51
292 297 27 51
585 586 19 51
17 3 15 52
17 18 21 52
377 381 15 52
377 379 16 52
377 378 20 52
713 694 25 52
18 3 14 53
18 18 20 53
378 381 14 53
378 379 15 53
378 378 19 53
378 397 23 53
586 586 17 53
586 587 28 53
258 255 20 54
258 255 29 54
675 673 10 54
675 694 23 54
675 675 24 54
18 3 12 55
18 18 18 55
497 511 21 55
497 493 25 55
384 381 11 56
384 379 12 56
384 378 16 56
384 397 20 56
516 519 10 56
516 534 11 56
516 535 13 56
516 530 18 56
516 511 20 56
298 298 12 57
298 292 14 57
298 298 20 57
298 297 21 57
298 317 29 57
615 615 14 57
615 613 15 57
615 615 16 57
615 611 23 57
18 18 15 58
298 298 11 58
298 292 13 58
298 298 19 58
298 297 20 58
298 317 28 58
674 675 20 58
132 140 14 59
329 319 14 59
329 329 20 59
329 319 25 59
329 329 26 59
329 317 27 59
158 140 13 60
158 158 19 60
158 174 26 60
329 319 13 60
329 329 19 60
329 319 24 60
329 329 25 60
329 317 26 60
585 586 10 60
585 587 21 60
585 585 24 60
585 587 25 60
405 404 14 61
405 397 15 61
405 401 28 61
629 615 10 61
629 613 11 61
629 615 12 61
629 611 19 61
497 511 14 62
497 493 18 62
673 675 16 62
139 140 10 63
139 158 16 63
255 255 11 63
255 255 20 63
255 254 26 63
676 694 14 63
676 675 15 63
676 695 19 63
329 329 15 64
329 319 20 64
329 329 21 64
329 317 22 64
673 675 14 64
58 56 20 65
58 53 26 65
75 56 20 65
75 81 21 65
329 329 14 65
329 319 19 65
329 329 20 65
329 317 21 65
653 651 14 65
348 329 13 66
348 329 19 66
519 511 10 66
519 519 20 66
519 536 22 66
3 18 26 67
218 219 21 67
381 378 21 67
381 378 26 67
381 378 27 67
534 519 19 67
534 536 21 67
534 550 22 67
185 184 16 68
185 174 18 68
185 181 22 68
185 189 23 68
379 378 20 68
379 378 25 68
379 378 26 68
536 519 18 68
536 536 20 68
536 550 21 68
58 56 16 69
58 53 22 69
298 317 17 69
298 297 21 69
298 292 22 69
298 298 28 69
298 299 29 69
535 519 17 69
535 536 19 69
535 550 20 69
185 184 14 70
185 174 16 70
185 181 20 70
185 189 21 70
586 587 11 70
586 585 14 70
586 587 15 70
586 583 20 70
586 587 21 70
586 581 23 70
99 81 15 71
99 99 20 71
292 297 19 71
292 292 20 71
292 298 26 71
292 299 27 71
615 615 23 71
615 615 24 71
615 615 25 71
378 378 16 72
378 378 21 72
378 378 22 72
613 615 22 72
613 615 23 72
613 615 24 72
613 630 29 72
18 18 20 73
18 31 23 73
18 18 25 73
140 149 23 73
140 158 26 73
319 319 11 73
319 329 12 73
319 317 13 73
319 299 25 73
319 329 26 73
319 330 27 73
615 615 21 73
615 615 22 73
615 615 23 73
615 630 28 73
69 56 11 74
69 81 12 74
69 53 17 74
69 82 27 74
255 254 15 74
530 519 12 74
530 536 14 74
530 519 28 74
404 401 14 75
404 404 20 75
404 401 26 75
559 550 14 75
397 378 12 76
397 401 13 76
397 378 17 76
397 378 18 76
397 404 19 76
397 401 25 76
511 519 10 76
511 519 26 76
298 297 13 77
298 292 14 77
298 298 20 77
298 299 21 77
298 298 25 77
298 298 26 77
694 694 20 77
694 675 21 77
694 675 22 77
297 297 12 78
297 292 13 78
297 298 19 78
297 299 20 78
297 298 24 78
297 298 25 78
675 694 19 78
675 675 20 78
675 675 21 78
158 149 17 79
158 158 20 79
329 329 20 79
329 330 21 79
493 479 25 80
611 615 14 80
611 615 15 80
611 615 16 80
611 630 21 80
611 615 23 80
611 614 28 80
611 614 29 80
587 587 10 81
587 581 12 81
587 580 23 81
587 581 24 81
695 694 15 82
695 675 16 82
695 675 17 82
562 581 10 83
562 580 21 83
562 581 22 83
562 556 23 83
562 578 28 83
319 299 14 84
319 329 15 84
319 330 16 84
319 299 25 84
319 299 26 84
585 580 20 84
585 581 21 84
585 578 27 84
329 329 14 85
329 330 15 85
587 580 19 85
587 581 20 85
587 578 26 85
81 82 15 86
174 158 13 86
317 298 11 86
317 299 12 86
317 329 13 86
317 330 14 86
317 298 16 86
317 298 17 86
317 298 22 86
317 299 23 86
317 299 24 86
317 298 25 86
519 519 16 86
519 537 21 86
536 519 14 88
536 537 19 88
401 401 12 89
550 556 17 89
550 537 18 89
297 298 12 90
297 298 13 90
297 298 18 90
297 299 19 90
297 299 20 90
297 298 21 90
583 580 14 90
583 581 15 90
583 578 21 90
99 82 10 91
292 298 11 91
292 298 12 91
292 298 17 91
292 299 18 91
292 299 19 91
292 298 20 91
587 580 13 91
587 581 14 91
587 578 20 91
18 18 10 93
18 18 15 93
581 580 11 93
581 581 12 93
581 578 18 93
615 614 14 94
615 614 15 94
615 616 16 94
615 614 18 94
615 614 13 95
615 614 14 95
615 616 15 95
615 614 17 95
31 18 12 96
615 614 12 96
615 614 13 96
615 616 14 96
615 614 16 96
298 298 11 97
298 299 12 97
298 299 13 97
298 298 14 97
18 18 10 98
299 298 10 98
299 299 11 98
299 299 12 98
299 298 13 98
630 614 11 101
141 153 11 165
141 158 15 165
329 317 15 165
329 341 19 165
329 317 25 165
553 555 11 165
553 538 12 165
553 537 13 165
553 534 15 165
553 536 16 165
553 554 18 165
553 534 24 165
553 536 25 165
553 537 26 165
553 552 27 165
153 158 24 176
404 402 20 176
404 408 21 176
404 401 25 176
555 536 14 176
555 537 15 176
555 552 16 176
555 552 20 176
555 554 28 176
555 553 29 176
408 402 19 177
408 408 20 177
408 401 24 177
538 534 12 177
538 536 13 177
538 537 14 177
538 552 15 177
538 523 17 177
538 534 18 177
538 552 19 177
538 532 20 177
538 554 27 177
538 553 28 177
298 317 12 178
298 298 20 178
298 298 21 178
537 534 11 178
537 536 12 178
537 537 13 178
537 552 14 178
537 523 16 178
537 534 17 178
537 552 18 178
537 532 19 178
537 554 26 178
537 553 27 178
537 519 29 178
18 4 12 179
18 12 12 179
18 33 12 179
18 18 16 179
18 24 18 179
18 35 18 179
18 18 20 179
18 0 26 179
298 317 11 179
298 298 19 179
298 298 20 179
582 587 27 179
158 158 20 180
317 317 10 180
317 298 18 180
317 298 19 180
317 329 20 180
317 319 25 180
317 330 26 180
317 323 27 180
534 536 10 180
534 537 11 180
534 552 12 180
534 523 14 180
534 534 15 180
534 552 16 180
534 532 17 180
534 553 25 180
534 519 27 180
401 402 15 181
401 408 16 181
401 401 20 181
536 537 10 181
536 552 11 181
536 523 13 181
536 534 14 181
536 552 15 181
536 532 16 181
536 554 23 181
536 553 24 181
536 519 26 181
615 615 17 182
615 616 18 182
615 617 20 182
495 494 11 183
554 534 12 183
554 552 13 183
554 554 21 183
554 553 22 183
254 254 10 184
254 259 18 184
254 254 20 184
254 255 20 184
341 329 16 184
341 330 22 184
341 323 23 184
511 494 10 184
511 523 10 184
511 519 23 184
629 615 14 185
629 616 15 185
629 617 17 185
629 614 27 185
47 35 11 186
47 60 20 186
253 259 16 186
253 254 18 186
253 255 18 186
253 254 28 186
253 258 29 186
451 453 24 186
254 259 13 189
254 254 15 189
254 255 15 189
254 254 25 189
254 258 26 189
454 453 21 189
534 553 16 189
534 519 18 189
317 329 10 190
317 319 15 190
317 330 16 190
317 323 17 190
317 318 26 190
317 298 28 190
536 554 14 190
536 553 15 190
536 519 17 190
536 554 24 190
4 0 14 191
4 18 24 191
4 18 28 191
12 0 14 191
12 18 24 191
12 18 28 191
33 18 24 191
33 18 28 191
87 99 21 191
378 378 22 191
378 378 28 191
537 554 13 191
537 553 14 191
537 519 16 191
537 554 23 191
537 534 29 191
99 99 20 192
552 554 12 192
552 553 13 192
552 554 22 192
552 534 28 192
65 60 12 194
254 254 10 194
254 255 10 194
254 254 20 194
254 258 21 194
523 519 13 194
523 534 26 194
523 525 29 194
18 0 10 195
18 18 20 195
18 18 24 195
84 99 17 195
378 378 18 195
378 378 24 195
378 365 28 195
534 553 10 195
534 519 12 195
534 534 25 195
534 525 28 195
534 553 29 195
402 408 21 196
552 554 18 196
552 534 24 196
552 553 28 196
24 18 18 197
24 18 22 197
35 18 18 197
35 18 22 197
408 408 20 197
532 519 10 197
532 534 23 197
532 525 26 197
298 282 14 198
298 298 20 198
298 313 23 198
18 18 16 199
18 18 20 199
298 282 13 199
298 298 19 199
298 313 22 199
615 614 13 199
615 612 16 199
615 615 17 199
615 617 19 199
615 610 20 199
615 629 23 199
158 150 23 200
329 318 16 200
329 313 21 200
329 318 22 200
616 614 12 200
616 612 15 200
616 615 16 200
616 617 18 200
616 610 19 200
616 629 22 200
401 408 16 201
259 254 12 202
259 258 13 202
259 255 22 202
617 614 10 202
617 612 13 202
617 615 14 202
617 617 16 202
617 610 17 202
617 629 20 202
254 254 10 204
254 258 11 204
254 255 20 204
255 254 10 204
255 258 11 204
255 255 20 204
554 554 10 204
554 534 16 204
554 553 20 204
0 18 10 205
0 18 14 205
319 318 11 205
319 313 16 205
319 318 17 205
553 534 15 205
553 553 19 205
330 318 10 206
330 313 15 206
330 318 16 206
587 584 15 206
323 313 14 207
323 318 15 207
519 534 13 207
519 525 16 207
586 584 11 210
282 297 26 212
282 299 27 212
282 298 28 212
614 629 10 212
614 615 26 212
614 615 28 212
378 365 10 213
254 255 10 214
254 259 29 214
554 553 10 214
554 546 22 214
554 552 29 214
258 259 28 215
612 615 23 215
612 615 25 215
612 629 27 215
318 299 23 216
318 298 24 216
318 319 26 216
615 615 22 216
615 615 24 216
615 629 26 216
408 408 20 217
298 297 20 218
298 299 21 218
298 298 22 218
617 615 20 218
617 615 22 218
617 629 24 218
610 615 19 219
610 615 21 219
610 629 23 219
534 546 16 220
534 552 23 220
313 297 17 221
313 299 18 221
313 298 19 221
313 319 21 221
318 299 17 222
318 298 18 222
318 319 20 222
629 615 16 222
629 615 18 222
629 629 20 222
255 259 19 224
553 546 12 224
553 552 19 224
546 548 21 236
297 297 20 238
297 297 21 238
615 616 16 238
615 615 18 238
615 614 20 238
615 617 21 238
299 297 19 239
299 297 20 239
298 297 18 240
298 297 19 240
615 616 14 240
615 615 16 240
615 614 18 240
615 617 19 240
629 616 12 242
629 615 14 242
629 614 16 242
629 617 17 242
259 258 13 243
552 548 14 243
18 14 18 322
22 14 17 323
22 38 17 323
141 139 10 323
141 139 11 323
613 613 11 323
613 614 15 323
298 299 14 324
298 299 15 324
298 285 19 324
298 298 20 324
554 572 16 324
298 299 13 325
298 299 14 325
298 285 18 325
298 298 19 325
615 614 13 325
298 299 12 326
298 299 13 326
298 285 17 326
298 298 18 326
615 614 12 326
58 38 13 327
58 54 16 327
63 54 16 327
298 299 11 327
298 299 12 327
298 285 16 327
298 298 17 327
617 614 11 327
85 86 12 328
137 145 29 328
298 299 10 328
298 299 11 328
298 285 15 328
298 298 16 328
298 298 29 328
579 572 12 328
139 145 24 333
139 147 27 333
139 144 29 333
378 384 26 333
378 378 28 333
511 528 11 333
511 526 29 333
139 145 23 334
139 147 26 334
139 144 28 334
299 298 19 338
299 292 20 338
299 297 26 338
299 298 27 338
299 298 18 339
299 292 19 339
299 297 25 339
299 298 26 339
519 532 17 339
519 526 23 339
519 536 24 339
519 535 25 339
14 18 20 340
38 18 20 340
378 384 19 340
378 378 21 340
572 554 17 340
572 555 25 340
674 673 16 342
285 298 14 343
285 292 15 343
285 297 21 343
285 298 22 343
531 532 13 343
531 544 17 343
531 526 19 343
531 536 20 343
531 535 21 343
298 298 13 344
298 292 14 344
298 297 20 344
298 298 21 344
528 532 12 344
528 544 16 344
528 526 18 344
528 536 19 344
528 535 20 344
136 143 12 454
136 146 14 454
136 146 24 454
136 143 29 454
317 318 14 454
317 297 16 454
317 299 17 454
317 298 18 454
317 323 19 454
317 329 20 454
317 298 29 454
615 611 19 454
615 608 20 454
143 143 10 456
143 146 12 456
143 146 22 456
143 143 27 456
255 258 10 456
255 255 11 456
255 254 20 456
255 255 20 456
255 255 21 456
255 255 22 456
255 257 25 456
554 553 10 456
554 553 11 456
554 534 13 456
554 537 14 456
554 554 15 456
554 554 20 456
554 553 21 456
554 554 22 456
554 534 25 456
554 536 26 456
554 537 27 456
554 553 28 456
554 551 29 456
257 255 10 457
257 254 19 457
257 255 19 457
257 255 20 457
257 255 21 457
257 257 24 457
257 259 29 457
555 553 10 457
555 537 13 457
555 554 14 457
555 554 19 457
555 553 20 457
555 554 21 457
555 536 25 457
555 537 26 457
555 553 27 457
555 551 28 457
555 554 29 457
255 254 18 458
255 255 18 458
255 255 19 458
255 255 20 458
255 257 23 458
255 259 28 458
255 254 29 458
255 255 29 458
616 611 15 458
616 608 16 458
57 60 10 459
57 60 20 459
57 56 25 459
222 219 22 459
222 223 23 459
319 299 12 459
319 323 14 459
319 329 15 459
319 319 25 459
319 323 29 459
519 534 10 459
519 537 11 459
519 512 13 459
519 519 20 459
519 534 22 459
519 536 23 459
519 537 24 459
454 456 19 460
454 455 20 460
454 452 25 460
538 537 10 460
538 554 11 460
538 554 16 460
538 553 17 460
538 554 18 460
538 519 19 460
538 534 21 460
538 536 22 460
538 537 23 460
538 553 24 460
538 551 25 460
538 554 26 460
538 553 27 460
538 537 29 460
219 219 20 461
219 223 21 461
219 221 28 461
258 254 15 461
258 255 15 461
258 255 16 461
258 255 17 461
258 257 20 461
258 259 25 461
258 254 26 461
258 255 26 461
534 553 16 461
534 519 18 461
534 534 20 461
534 536 21 461
534 537 22 461
534 553 23 461
534 551 24 461
534 553 26 461
534 537 28 461
534 537 29 461
253 254 14 462
253 255 14 462
253 255 15 462
253 255 16 462
253 257 19 462
253 259 24 462
253 254 25 462
253 255 25 462
453 456 17 462
453 455 18 462
453 452 23 462
534 553 15 462
534 519 17 462
534 534 19 462
534 536 20 462
534 537 21 462
534 553 22 462
534 551 23 462
534 553 25 462
534 537 27 462
534 537 28 462
141 146 15 463
141 143 20 463
141 147 25 463
298 298 20 463
298 297 27 463
298 297 28 463
298 298 29 463
552 554 13 463
552 553 14 463
552 554 15 463
552 534 18 463
552 536 19 463
552 537 20 463
552 553 21 463
552 551 22 463
552 554 23 463
552 553 24 463
552 537 26 463
552 537 27 463
99 109 13 464
99 87 19 464
99 99 20 464
99 110 23 464
99 84 25 464
256 254 12 464
256 255 12 464
256 255 13 464
256 255 14 464
256 257 17 464
256 259 22 464
256 254 23 464
256 255 23 464
555 554 12 464
555 553 13 464
555 554 14 464
555 536 18 464
555 537 19 464
555 553 20 464
555 551 21 464
555 554 22 464
555 553 23 464
555 537 25 464
555 537 26 464
17 17 20 466
17 22 23 466
143 146 12 466
143 143 17 466
143 147 22 466
143 158 29 466
258 254 10 466
258 255 10 466
258 255 11 466
258 255 12 466
258 257 15 466
258 259 20 466
258 254 21 466
258 255 21 466
553 554 10 466
553 553 11 466
553 554 12 466
553 534 15 466
553 536 16 466
553 537 17 466
553 553 18 466
553 551 19 466
553 554 20 466
553 553 21 466
553 537 23 466
553 537 24 466
553 542 28 466
255 255 10 467
255 255 11 467
255 257 14 467
255 259 19 467
255 254 20 467
255 255 20 467
553 553 10 467
553 554 11 467
553 534 14 467
553 536 15 467
553 537 16 467
553 553 17 467
553 551 18 467
553 554 19 467
553 553 20 467
553 537 22 467
553 537 23 467
553 542 27 467
146 146 10 468
146 143 15 468
146 147 20 468
146 158 27 468
146 158 28 468
146 158 29 468
318 298 15 468
318 319 16 468
318 323 20 468
318 298 24 468
318 324 25 468
318 319 26 468
318 319 27 468
318 319 28 468
318 319 29 468
525 519 11 468
525 534 13 468
525 536 14 468
525 537 15 468
525 537 21 468
525 537 22 468
525 542 26 468
60 60 10 469
60 56 15 469
60 59 22 469
60 49 25 469
377 377 20 469
534 519 10 469
534 534 12 469
534 536 13 469
534 537 14 469
534 553 15 469
534 551 16 469
534 553 18 469
534 537 20 469
534 537 21 469
534 542 25 469
297 298 13 470
297 297 20 470
297 297 21 470
297 298 22 470
537 534 11 470
537 536 12 470
537 537 13 470
537 553 14 470
537 551 15 470
537 554 16 470
537 553 17 470
537 537 19 470
537 537 20 470
537 542 24 470
299 298 12 471
299 297 19 471
299 297 20 471
299 298 21 471
299 317 28 471
299 318 29 471
554 534 10 471
554 536 11 471
554 537 12 471
554 553 13 471
554 551 14 471
554 554 15 471
554 553 16 471
554 537 18 471
554 537 19 471
554 542 23 471
298 298 11 472
298 297 18 472
298 297 19 472
298 298 20 472
298 317 27 472
323 319 11 473
323 323 15 473
323 324 20 473
323 319 21 473
323 319 22 473
323 319 23 473
323 319 24 473
323 319 25 473
323 317 26 473
323 318 27 473
323 318 28 473
323 318 29 473
329 319 10 474
329 323 14 474
329 324 19 474
329 319 20 474
329 319 21 474
329 319 22 474
329 319 23 474
329 319 24 474
329 317 25 474
329 318 26 474
329 318 27 474
329 318 28 474
329 318 29 474
254 259 10 476
254 254 11 476
254 255 11 476
255 259 10 476
255 254 11 476
255 255 11 476
554 554 10 476
554 553 11 476
554 537 13 476
554 537 14 476
554 542 18 476
554 542 28 476
109 110 10 477
255 254 10 477
255 255 10 477
553 553 10 477
553 537 12 477
553 537 13 477
553 542 17 477
553 542 27 477
146 147 10 478
146 158 17 478
146 158 18 478
146 158 19 478
146 158 21 478
146 158 22 478
146 140 24 478
146 158 25 478
554 537 11 478
554 537 12 478
554 542 16 478
554 542 26 478
60 59 12 479
60 49 15 479
519 537 10 479
519 537 11 479
219 224 11 481
534 542 13 481
534 542 23 481
223 224 10 482
536 542 12 482
536 542 22 482
143 158 12 483
143 158 13 483
143 158 14 483
143 158 16 483
143 158 17 483
143 140 19 483
143 158 20 483
298 317 16 483
537 542 11 483
537 542 21 483
56 49 10 484
188 183 10 484
188 183 14 484
188 183 17 484
188 183 20 484
319 319 10 484
319 319 11 484
319 319 12 484
319 319 13 484
319 319 14 484
319 317 15 484
319 318 16 484
319 318 17 484
319 318 18 484
319 318 19 484
319 330 21 484
553 542 10 484
553 542 20 484
551 542 19 485
554 542 18 486
553 542 17 487
147 158 11 488
147 158 12 488
147 140 14 488
147 158 15 488
323 319 10 488
323 317 11 488
323 318 12 488
323 318 13 488
323 318 14 488
323 318 15 488
323 330 17 488
676 675 10 488
676 674 11 488
676 674 12 488
676 675 13 488
676 674 14 488
676 674 15 488
537 542 15 489
537 542 14 490
675 675 10 491
675 674 11 491
675 674 12 491
674 674 10 492
674 674 11 492
324 318 10 493
324 330 12 493
675 674 10 493
183 183 10 494
319 330 11 494
542 542 10 494
319 330 10 495
