39 20 10 1
39 38 10 1
39 31 12 1
39 19 14 1
39 37 14 1
39 20 16 1
39 31 16 1
39 55 18 1
39 42 19 1
39 56 21 1
39 56 22 1
39 30 35 1
39 39 36 1
39 35 37 1
39 57 43 1
39 42 46 1
39 26 47 1
39 33 47 1
39 22 49 1
39 32 54 1
111 122 10 1
111 128 10 1
111 92 12 1
111 113 13 1
111 114 16 1
111 112 17 1
111 116 22 1
111 116 23 1
111 128 23 1
111 118 24 1
111 124 25 1
111 114 30 1
111 115 36 1
111 99 37 1
111 118 41 1
111 113 47 1
111 92 48 1
111 108 54 1
111 116 57 1
2 19 13 2
2 20 15 2
2 0 31 2
2 4 31 2
2 5 35 2
2 10 35 2
2 16 35 2
8 19 13 2
8 20 15 2
8 0 31 2
8 4 31 2
8 5 35 2
8 10 35 2
8 16 35 2
8 26 46 2
8 22 48 2
22 31 11 2
22 19 13 2
22 37 13 2
22 20 15 2
22 31 15 2
22 4 31 2
22 30 34 2
22 5 35 2
22 10 35 2
22 16 35 2
22 39 35 2
22 35 36 2
22 26 46 2
22 33 46 2
22 22 48 2
22 32 53 2
61 65 13 2
61 55 17 2
61 42 18 2
61 56 20 2
61 56 21 2
61 59 40 2
61 60 41 2
61 67 41 2
61 57 42 2
61 42 45 2
61 73 45 2
66 65 13 2
66 55 17 2
66 56 20 2
66 56 21 2
66 84 32 2
66 59 40 2
66 60 41 2
66 67 41 2
66 57 42 2
66 85 42 2
66 73 45 2
179 186 13 2
179 195 17 2
179 165 19 2
179 195 32 2
179 175 36 2
179 186 41 2
179 190 42 2
179 190 43 2
179 190 44 2
179 195 51 2
179 183 56 2
179 178 57 2
353 368 16 2
353 362 47 2
353 333 51 2
353 336 54 2
353 359 59 2
518 506 11 2
518 515 11 2
518 500 12 2
518 536 13 2
518 535 16 2
518 528 38 2
518 537 40 2
0 19 12 3
0 0 30 3
0 4 30 3
0 5 34 3
0 10 34 3
0 16 34 3
1 19 12 3
1 20 14 3
1 0 30 3
1 4 30 3
1 5 34 3
1 10 34 3
1 16 34 3
3 19 12 3
3 20 14 3
3 0 30 3
3 4 30 3
3 5 34 3
3 10 34 3
3 16 34 3
3 22 47 3
7 19 12 3
7 20 14 3
7 0 30 3
7 4 30 3
7 5 34 3
7 10 34 3
7 16 34 3
7 26 45 3
7 22 47 3
19 31 10 3
19 19 12 3
19 37 12 3
19 20 14 3
19 31 14 3
19 0 30 3
19 4 30 3
19 30 33 3
19 5 34 3
19 10 34 3
19 16 34 3
19 35 35 3
19 26 45 3
19 33 45 3
19 22 47 3
19 32 52 3
139 149 11 3
139 150 14 3
139 142 15 3
139 128 21 3
139 145 22 3
139 124 23 3
139 148 23 3
139 141 24 3
139 150 25 3
139 139 28 3
139 140 29 3
139 142 30 3
139 140 32 3
139 151 34 3
139 140 36 3
139 143 45 3
139 131 57 3
369 368 15 3
369 386 23 3
369 386 26 3
369 362 46 3
369 387 52 3
369 359 58 3
758 761 23 3
758 766 25 3
758 761 26 3
21 19 11 4
21 37 11 4
21 20 13 4
21 31 13 4
21 4 29 4
21 30 32 4
21 5 33 4
21 10 33 4
21 16 33 4
21 39 33 4
21 35 34 4
21 26 44 4
21 33 44 4
21 22 46 4
21 32 51 4
53 37 11 4
53 65 11 4
53 55 15 4
53 42 16 4
53 56 18 4
53 56 19 4
53 39 33 4
53 35 34 4
53 59 38 4
53 60 39 4
53 67 39 4
53 57 40 4
53 42 43 4
53 33 44 4
68 65 11 4
68 55 15 4
68 56 18 4
68 56 19 4
68 84 30 4
68 59 38 4
68 60 39 4
68 67 39 4
68 57 40 4
68 85 40 4
68 73 43 4
212 195 15 4
212 205 18 4
212 228 19 4
212 195 30 4
212 205 43 4
212 195 49 4
212 206 57 4
212 195 59 4
263 256 11 4
263 266 17 4
263 259 31 4
263 258 34 4
263 273 37 4
263 268 40 4
263 270 43 4
263 243 45 4
263 261 59 4
761 761 22 4
761 766 24 4
761 761 25 4
122 114 12 5
122 112 13 5
122 116 18 5
122 116 19 5
122 128 19 5
122 118 20 5
122 124 21 5
122 141 22 5
122 114 26 5
122 139 26 5
122 140 27 5
122 140 30 5
122 115 32 5
122 140 34 5
122 118 37 5
122 113 43 5
122 108 50 5
122 116 53 5
122 131 55 5
122 103 58 5
215 195 14 5
215 205 17 5
215 228 18 5
215 195 29 5
215 205 42 5
215 195 48 5
215 206 56 5
215 195 58 5
311 316 17 5
311 302 29 5
311 317 34 5
311 304 35 5
311 297 43 5
311 316 45 5
311 319 57 5
559 576 14 5
559 569 20 5
559 569 25 5
559 556 26 5
559 556 27 5
559 573 32 5
559 542 34 5
559 578 36 5
559 549 38 5
559 558 48 5
559 571 49 5
559 568 55 5
121 114 11 6
121 112 12 6
121 116 17 6
121 116 18 6
121 128 18 6
121 118 19 6
121 124 20 6
121 114 25 6
121 139 25 6
121 140 26 6
121 140 29 6
121 115 31 6
121 140 33 6
121 118 36 6
121 113 42 6
121 108 49 6
121 116 52 6
121 131 54 6
121 103 57 6
171 165 15 6
171 151 31 6
171 175 32 6
171 186 37 6
171 190 38 6
171 190 39 6
171 190 40 6
171 183 52 6
171 178 53 6
171 179 59 6
260 266 15 6
260 259 29 6
260 258 32 6
260 273 35 6
260 268 38 6
260 270 41 6
260 243 43 6
260 261 57 6
653 639 10 6
653 641 27 6
653 641 45 6
653 656 46 6
653 650 50 6
359 368 11 7
359 362 42 7
359 359 54 7
687 695 28 7
687 696 50 7
687 695 51 7
14 0 25 8
14 4 25 8
14 30 28 8
14 5 29 8
14 10 29 8
14 16 29 8
14 26 40 8
14 33 40 8
14 22 42 8
14 32 47 8
14 19 58 8
19 0 25 8
19 4 25 8
19 30 28 8
19 5 29 8
19 10 29 8
19 16 29 8
19 35 30 8
19 26 40 8
19 33 40 8
19 22 42 8
19 32 47 8
19 19 58 8
19 36 59 8
158 142 10 8
158 165 13 8
158 145 17 8
158 148 18 8
158 141 19 8
158 150 20 8
158 139 23 8
158 140 24 8
158 142 25 8
158 140 27 8
158 151 29 8
158 175 30 8
158 140 31 8
158 143 40 8
497 483 37 8
497 509 58 8
497 512 58 8
574 576 11 8
574 587 14 8
574 569 17 8
574 569 22 8
574 556 23 8
574 556 24 8
574 573 29 8
574 578 33 8
574 590 39 8
574 558 45 8
574 571 46 8
574 579 51 8
574 568 52 8
574 586 57 8
14 0 24 9
14 4 24 9
14 30 27 9
14 5 28 9
14 10 28 9
14 16 28 9
14 26 39 9
14 33 39 9
14 22 41 9
14 32 46 9
14 19 57 9
15 0 24 9
15 4 24 9
15 30 27 9
15 5 28 9
15 10 28 9
15 16 28 9
15 26 39 9
15 33 39 9
15 22 41 9
15 32 46 9
15 19 57 9
124 116 14 9
124 116 15 9
124 128 15 9
124 118 16 9
124 124 17 9
124 141 18 9
124 114 22 9
124 139 22 9
124 140 23 9
124 142 24 9
124 140 26 9
124 115 28 9
124 140 30 9
124 118 33 9
124 113 39 9
124 143 39 9
124 108 46 9
124 116 49 9
124 131 51 9
124 109 58 9
124 127 58 9
124 117 59 9
150 165 12 9
150 145 16 9
150 148 17 9
150 141 18 9
150 150 19 9
150 139 22 9
150 140 23 9
150 142 24 9
150 140 26 9
150 151 28 9
150 140 30 9
150 143 39 9
150 131 51 9
290 288 19 9
290 287 22 9
290 302 25 9
290 283 28 9
290 304 31 9
290 273 32 9
290 270 38 9
290 297 39 9
290 286 45 9
290 284 51 9
290 298 56 9
612 616 12 9
612 617 14 9
612 628 15 9
612 595 27 9
612 604 29 9
612 626 52 9
612 622 54 9
20 0 23 10
20 4 23 10
20 30 26 10
20 5 27 10
20 10 27 10
20 16 27 10
20 39 27 10
20 35 28 10
20 26 38 10
20 33 38 10
20 22 40 10
20 32 45 10
20 39 55 10
20 19 56 10
20 36 57 10
20 37 59 10
34 42 10 10
34 30 26 10
34 16 27 10
34 39 27 10
34 35 28 10
34 42 37 10
34 26 38 10
34 33 38 10
34 22 40 10
34 32 45 10
34 39 55 10
34 19 56 10
34 36 57 10
34 37 59 10
118 116 13 10
118 116 14 10
118 128 14 10
118 118 15 10
118 124 16 10
118 114 21 10
118 115 27 10
118 99 28 10
118 118 32 10
118 113 38 10
118 108 45 10
118 116 48 10
118 131 50 10
118 103 53 10
118 102 56 10
118 109 57 10
118 127 57 10
118 117 58 10
128 116 13 10
128 116 14 10
128 128 14 10
128 118 15 10
128 145 15 10
128 124 16 10
128 141 17 10
128 114 21 10
128 139 21 10
128 140 22 10
128 142 23 10
128 140 25 10
128 115 27 10
128 140 29 10
128 118 32 10
128 113 38 10
128 143 38 10
128 108 45 10
128 116 48 10
128 131 50 10
128 109 57 10
128 127 57 10
128 117 58 10
424 435 13 10
424 410 15 10
424 427 17 10
424 440 32 10
424 429 41 10
424 435 49 10
424 435 58 10
549 556 21 10
549 556 22 10
549 542 29 10
549 537 32 10
549 549 33 10
549 558 43 10
549 568 50 10
549 534 52 10
549 553 58 10
549 535 59 10
20 0 22 11
20 4 22 11
20 30 25 11
20 5 26 11
20 10 26 11
20 16 26 11
20 39 26 11
20 35 27 11
20 26 37 11
20 33 37 11
20 22 39 11
20 32 44 11
20 39 54 11
20 19 55 11
20 36 56 11
20 37 58 11
38 56 11 11
38 56 12 11
38 30 25 11
38 39 26 11
38 35 27 11
38 57 33 11
38 42 36 11
38 26 37 11
38 33 37 11
38 22 39 11
38 32 44 11
38 39 54 11
38 19 55 11
38 54 55 11
38 36 56 11
38 37 58 11
122 116 12 11
122 116 13 11
122 128 13 11
122 118 14 11
122 124 15 11
122 141 16 11
122 114 20 11
122 139 20 11
122 140 21 11
122 140 24 11
122 115 26 11
122 140 28 11
122 118 31 11
122 113 37 11
122 108 44 11
122 116 47 11
122 131 49 11
122 103 52 11
122 102 55 11
122 109 56 11
122 127 56 11
122 117 57 11
128 116 12 11
128 116 13 11
128 128 13 11
128 118 14 11
128 145 14 11
128 124 15 11
128 141 16 11
128 114 20 11
128 139 20 11
128 140 21 11
128 142 22 11
128 140 24 11
128 115 26 11
128 140 28 11
128 118 31 11
128 113 37 11
128 143 37 11
128 108 44 11
128 116 47 11
128 131 49 11
128 109 56 11
128 127 56 11
128 117 57 11
395 410 14 11
395 386 15 11
395 386 18 11
395 395 19 11
395 396 22 11
395 387 44 11
539 556 20 11
539 556 21 11
539 542 28 11
539 528 29 11
539 537 31 11
539 549 32 11
539 558 42 11
539 534 51 11
539 521 56 11
539 553 57 11
539 535 58 11
697 711 15 12
697 695 23 12
697 696 45 12
697 695 46 12
31 30 23 13
31 16 24 13
31 39 24 13
31 35 25 13
31 42 34 13
31 26 35 13
31 33 35 13
31 22 37 13
31 32 42 13
31 39 52 13
31 19 53 13
31 36 54 13
31 37 56 13
92 84 21 13
92 99 25 13
92 85 31 13
92 73 34 13
92 92 36 13
92 108 42 13
92 88 48 13
92 103 50 13
92 102 53 13
92 109 54 13
203 195 21 13
203 186 30 13
203 190 31 13
203 190 32 13
203 190 33 13
203 205 34 13
203 195 40 13
203 183 45 13
203 206 48 13
203 195 50 13
203 219 55 13
506 509 53 13
506 512 53 13
506 521 54 13
515 528 27 13
515 534 49 13
515 509 53 13
515 512 53 13
515 521 54 13
113 116 10 14
113 128 10 14
113 118 11 14
113 124 12 14
113 114 17 14
113 115 23 14
113 99 24 14
113 118 28 14
113 113 34 14
113 108 41 14
113 116 44 14
113 131 46 14
113 103 49 14
113 102 52 14
113 109 53 14
113 127 53 14
113 117 54 14
149 145 11 14
149 148 12 14
149 141 13 14
149 150 14 14
149 139 17 14
149 140 18 14
149 142 19 14
149 140 21 14
149 151 23 14
149 140 25 14
149 143 34 14
149 131 46 14
149 140 57 14
149 146 58 14
149 136 59 14
500 483 31 14
500 509 52 14
500 512 52 14
570 569 11 14
570 569 16 14
570 556 17 14
570 556 18 14
570 573 23 14
570 578 27 14
570 558 39 14
570 571 40 14
570 579 45 14
570 568 46 14
570 586 51 14
570 553 54 14
570 583 56 14
19 0 18 15
19 4 18 15
19 30 21 15
19 5 22 15
19 10 22 15
19 16 22 15
19 35 23 15
19 26 33 15
19 33 33 15
19 22 35 15
19 32 40 15
19 19 51 15
19 36 52 15
19 37 54 15
37 30 21 15
37 39 22 15
37 35 23 15
37 42 32 15
37 26 33 15
37 33 33 15
37 22 35 15
37 32 40 15
37 39 50 15
37 19 51 15
37 54 51 15
37 36 52 15
37 37 54 15
65 84 19 15
65 59 27 15
65 60 28 15
65 67 28 15
65 57 29 15
65 73 32 15
65 54 51 15
186 195 19 15
186 175 23 15
186 186 28 15
186 190 29 15
186 190 30 15
186 190 31 15
186 205 32 15
186 195 38 15
186 183 43 15
186 178 44 15
186 195 48 15
186 179 50 15
186 178 51 15
256 259 20 15
256 258 23 15
256 273 26 15
256 268 29 15
256 270 32 15
256 243 34 15
256 238 40 15
256 261 48 15
256 259 59 15
536 542 24 15
536 528 25 15
536 537 27 15
536 549 28 15
536 534 47 15
536 521 52 15
536 553 53 15
536 535 54 15
536 544 58 15
395 386 10 16
395 386 13 16
395 395 14 16
395 396 17 16
395 387 39 16
395 399 59 16
639 641 17 16
639 641 35 16
639 656 36 16
639 650 40 16
639 626 45 16
639 622 47 16
20 0 16 17
20 4 16 17
20 30 19 17
20 5 20 17
20 10 20 17
20 16 20 17
20 39 20 17
20 35 21 17
20 26 31 17
20 33 31 17
20 22 33 17
20 32 38 17
20 39 48 17
20 19 49 17
20 36 50 17
20 37 52 17
31 30 19 17
31 16 20 17
31 39 20 17
31 35 21 17
31 42 30 17
31 26 31 17
31 33 31 17
31 22 33 17
31 32 38 17
31 39 48 17
31 19 49 17
31 36 50 17
31 37 52 17
114 114 14 17
114 115 20 17
114 99 21 17
114 118 25 17
114 113 31 17
114 108 38 17
114 116 41 17
114 131 43 17
114 103 46 17
114 102 49 17
114 109 50 17
114 127 50 17
114 117 51 17
114 128 57 17
150 141 10 17
150 150 11 17
150 139 14 17
150 140 15 17
150 142 16 17
150 140 18 17
150 151 20 17
150 140 22 17
150 143 31 17
150 131 43 17
150 140 54 17
150 146 55 17
150 136 56 17
614 595 19 17
614 604 21 17
614 626 44 17
614 622 46 17
112 114 13 18
112 115 19 18
112 99 20 18
112 118 24 18
112 113 30 18
112 92 31 18
112 108 37 18
112 116 40 18
112 131 42 18
112 103 45 18
112 102 48 18
112 109 49 18
112 127 49 18
112 117 50 18
112 128 56 18
142 150 10 18
142 139 13 18
142 140 14 18
142 142 15 18
142 140 17 18
142 151 19 18
142 140 21 18
142 143 30 18
142 131 42 18
142 127 49 18
142 140 53 18
142 146 54 18
142 136 55 18
142 128 56 18
142 142 59 18
368 386 11 18
368 362 31 18
368 387 37 18
368 359 43 18
535 542 21 18
535 528 22 18
535 537 24 18
535 549 25 18
535 534 44 18
535 521 49 18
535 553 50 18
535 535 51 18
535 544 55 18
55 39 18 19
55 35 19 19
55 59 23 19
55 60 24 19
55 67 24 19
55 57 25 19
55 42 28 19
55 73 28 19
55 39 46 19
55 54 47 19
55 36 48 19
55 37 50 19
55 64 58 19
55 63 59 19
195 195 15 19
195 175 19 19
195 186 24 19
195 190 25 19
195 190 26 19
195 190 27 19
195 205 28 19
195 195 34 19
195 183 39 19
195 178 40 19
195 206 42 19
195 195 44 19
195 179 46 19
195 178 47 19
195 192 56 19
195 195 57 19
576 569 11 19
576 556 12 19
576 556 13 19
576 595 17 19
576 573 18 19
576 578 22 19
576 590 28 19
576 558 34 19
576 571 35 19
576 579 40 19
576 568 41 19
576 586 46 19
576 583 51 19
576 557 59 19
42 30 16 20
42 39 17 20
42 35 18 20
42 59 22 20
42 60 23 20
42 57 24 20
42 42 27 20
42 26 28 20
42 33 28 20
42 22 30 20
42 32 35 20
42 39 45 20
42 54 46 20
42 36 47 20
42 37 49 20
42 35 59 20
715 695 15 20
715 721 24 20
715 731 29 20
715 726 35 20
715 696 37 20
715 695 38 20
165 151 16 21
165 175 17 21
165 183 37 21
165 178 38 21
165 179 44 21
165 178 45 21
165 146 51 21
165 173 57 21
165 176 58 21
266 259 14 21
266 283 16 21
266 258 17 21
266 273 20 21
266 268 23 21
266 270 26 21
266 284 39 21
266 261 42 21
266 259 53 21
266 255 58 21
616 604 17 21
616 626 40 21
616 622 42 21
56 39 15 22
56 59 20 22
56 60 21 22
56 67 21 22
56 57 22 22
56 42 25 22
56 73 25 22
56 39 43 22
56 54 44 22
56 36 45 22
56 37 47 22
56 64 55 22
56 63 56 22
205 195 12 22
205 186 21 22
205 190 22 22
205 190 23 22
205 190 24 22
205 205 25 22
205 195 31 22
205 206 39 22
205 195 41 22
205 219 46 22
205 192 53 22
205 195 54 22
316 302 12 22
316 317 17 22
316 304 18 22
316 297 26 22
316 316 28 22
316 333 31 22
316 319 40 22
316 298 43 22
316 323 45 22
316 311 51 22
587 595 14 22
587 573 15 22
587 604 16 22
587 578 19 22
587 590 25 22
587 571 32 22
587 579 37 22
587 568 38 22
587 586 43 22
587 583 48 22
56 39 14 23
56 59 19 23
56 60 20 23
56 67 20 23
56 57 21 23
56 42 24 23
56 73 24 23
56 39 42 23
56 54 43 23
56 36 44 23
56 37 46 23
56 64 54 23
56 63 55 23
116 115 14 23
116 99 15 23
116 118 19 23
116 113 25 23
116 108 32 23
116 116 35 23
116 131 37 23
116 103 40 23
116 102 43 23
116 109 44 23
116 127 44 23
116 117 45 23
116 128 51 23
228 243 26 23
228 238 32 23
228 219 45 23
228 234 59 23
435 447 13 23
435 440 19 23
435 448 20 23
435 429 28 23
435 435 36 23
435 435 45 23
617 604 15 23
617 626 38 23
617 622 40 23
116 115 13 24
116 99 14 24
116 118 18 24
116 113 24 24
116 108 31 24
116 116 34 24
116 131 36 24
116 103 39 24
116 102 42 24
116 109 43 24
116 127 43 24
116 117 44 24
116 128 50 24
128 140 11 24
128 115 13 24
128 140 15 24
128 118 18 24
128 113 24 24
128 143 24 24
128 108 31 24
128 116 34 24
128 131 36 24
128 109 43 24
128 127 43 24
128 117 44 24
128 140 47 24
128 146 48 24
128 136 49 24
128 128 50 24
128 142 53 24
628 641 27 24
628 626 37 24
628 622 39 24
118 115 12 25
118 99 13 25
118 118 17 25
118 113 23 25
118 108 30 25
118 116 33 25
118 131 35 25
118 103 38 25
118 102 41 25
118 109 42 25
118 127 42 25
118 117 43 25
118 136 48 25
118 128 49 25
118 111 59 25
145 140 10 25
145 151 12 25
145 140 14 25
145 143 23 25
145 131 35 25
145 127 42 25
145 140 46 25
145 146 47 25
145 136 48 25
145 128 49 25
145 142 52 25
410 429 26 25
410 399 50 25
410 397 51 25
569 573 12 25
569 578 16 25
569 549 18 25
569 558 28 25
569 571 29 25
569 579 34 25
569 568 35 25
569 586 40 25
569 553 43 25
569 583 45 25
569 557 53 25
569 572 59 25
124 115 11 26
124 140 13 26
124 118 16 26
124 113 22 26
124 143 22 26
124 108 29 26
124 116 32 26
124 131 34 26
124 109 41 26
124 127 41 26
124 117 42 26
124 140 45 26
124 136 47 26
124 128 48 26
124 142 51 26
124 111 58 26
148 151 11 26
148 140 13 26
148 143 22 26
148 131 34 26
148 140 45 26
148 146 46 26
148 136 47 26
148 128 48 26
148 142 51 26
386 387 29 26
386 399 49 26
386 397 50 26
386 389 52 26
761 747 38 26
761 759 46 26
761 765 56 26
761 753 59 26
141 151 10 27
141 140 12 27
141 143 21 27
141 131 33 27
141 127 40 27
141 140 44 27
141 146 45 27
141 136 46 27
141 128 47 27
141 142 50 27
427 440 15 27
427 429 24 27
427 435 32 27
427 435 41 27
711 721 17 27
711 726 28 27
711 696 30 27
711 695 31 27
150 140 11 28
150 143 20 28
150 131 32 28
150 140 43 28
150 146 44 28
150 136 45 28
150 142 49 28
288 304 12 28
288 273 13 28
288 268 16 28
288 270 19 28
288 297 20 28
288 286 26 28
288 284 32 28
288 298 37 28
288 290 43 28
288 293 44 28
288 302 55 28
288 296 56 28
288 290 57 28
766 747 36 28
766 759 44 28
766 765 54 28
766 753 57 28
386 387 26 29
386 399 46 29
386 397 47 29
386 389 49 29
761 747 35 29
761 759 43 29
761 765 53 29
761 753 56 29
395 387 25 30
395 399 45 30
395 397 46 30
395 389 48 30
569 578 11 30
569 549 13 30
569 558 23 30
569 571 24 30
569 579 29 30
569 568 30 30
569 586 35 30
569 553 38 30
569 583 40 30
569 557 48 30
569 572 54 30
569 553 59 30
114 118 11 31
114 113 17 31
114 108 24 31
114 116 27 31
114 131 29 31
114 103 32 31
114 102 35 31
114 109 36 31
114 127 36 31
114 117 37 31
114 128 43 31
114 111 53 31
139 143 17 31
139 131 29 31
139 127 36 31
139 140 40 31
139 146 41 31
139 136 42 31
139 128 43 31
139 142 46 31
287 273 10 31
287 268 13 31
287 270 16 31
287 297 17 31
287 286 23 31
287 284 29 31
287 298 34 31
287 290 40 31
287 293 41 31
287 302 52 31
287 296 53 31
287 290 54 31
556 537 11 31
556 549 12 31
556 558 22 31
556 571 23 31
556 568 29 31
556 553 37 31
556 544 42 31
556 557 47 31
556 548 48 31
556 572 53 31
556 553 58 31
140 143 16 32
140 131 28 32
140 127 35 32
140 140 39 32
140 146 40 32
140 136 41 32
140 128 42 32
140 142 45 32
556 537 10 32
556 549 11 32
556 558 21 32
556 571 22 32
556 568 28 32
556 553 36 32
556 544 41 32
556 557 46 32
556 548 47 32
556 572 52 32
556 553 57 32
0 19 33 33
4 22 17 33
4 19 33 33
142 143 15 33
142 131 27 33
142 127 34 33
142 140 38 33
142 146 39 33
142 136 40 33
142 128 41 33
142 142 44 33
396 387 22 33
396 399 42 33
396 397 43 33
396 389 45 33
641 641 18 33
641 656 19 33
641 650 23 33
641 626 28 33
641 622 30 33
84 85 10 34
84 73 13 34
84 92 15 34
84 88 27 34
84 103 29 34
84 102 32 34
84 64 43 34
195 190 10 34
195 190 11 34
195 190 12 34
195 205 13 34
195 195 19 34
195 183 24 34
195 178 25 34
195 206 27 34
195 195 29 34
195 179 31 34
195 178 32 34
195 192 41 34
195 195 42 34
195 176 45 34
195 195 49 34
195 211 50 34
302 297 14 34
302 316 16 34
302 286 20 34
302 284 26 34
302 319 28 34
302 298 31 34
302 290 37 34
302 293 38 34
302 311 39 34
302 318 48 34
302 302 49 34
302 296 50 34
302 290 51 34
736 721 10 34
736 731 15 34
736 735 16 34
736 726 21 34
736 747 30 34
736 753 51 34
140 143 13 35
140 131 25 35
140 127 32 35
140 140 36 35
140 146 37 35
140 136 38 35
140 128 39 35
140 142 42 35
259 270 12 35
259 243 14 35
259 261 28 35
259 259 39 35
259 255 44 35
695 696 22 35
695 695 23 35
695 681 45 35
30 42 11 36
30 26 12 36
30 33 12 36
30 22 14 36
30 32 19 36
30 39 29 36
30 19 30 36
30 36 31 36
30 37 33 36
30 35 43 36
447 429 15 36
447 435 23 36
447 435 32 36
595 590 11 36
595 579 23 36
595 586 29 36
595 583 34 36
5 22 13 37
5 19 29 37
10 26 11 37
10 22 13 37
10 19 29 37
16 26 11 37
16 33 11 37
16 22 13 37
16 32 18 37
16 19 29 37
16 35 42 37
39 42 10 37
39 26 11 37
39 33 11 37
39 22 13 37
39 32 18 37
39 39 28 37
39 19 29 37
39 54 29 37
39 36 30 37
39 37 32 37
39 35 42 37
115 113 11 37
115 108 18 37
115 116 21 37
115 131 23 37
115 103 26 37
115 102 29 37
115 109 30 37
115 127 30 37
115 117 31 37
115 128 37 37
115 111 47 37
151 143 11 37
151 131 23 37
151 140 34 37
151 146 35 37
151 136 36 37
151 142 40 37
283 270 10 37
283 297 11 37
283 286 17 37
283 284 23 37
283 298 28 37
283 290 34 37
283 293 35 37
283 302 46 37
283 296 47 37
283 290 48 37
573 590 10 37
573 558 16 37
573 571 17 37
573 579 22 37
573 568 23 37
573 586 28 37
573 553 31 37
573 583 33 37
573 557 41 37
573 572 47 37
573 553 52 37
35 26 10 38
35 33 10 38
35 22 12 38
35 32 17 38
35 39 27 38
35 19 28 38
35 54 28 38
35 36 29 38
35 37 31 38
35 35 41 38
99 113 10 38
99 92 11 38
99 108 17 38
99 116 20 38
99 88 23 38
99 103 25 38
99 102 28 38
99 109 29 38
99 117 30 38
99 111 46 38
175 183 20 38
175 178 21 38
175 179 27 38
175 178 28 38
175 192 37 38
175 173 40 38
175 176 41 38
258 243 11 38
258 238 17 38
258 261 25 38
258 259 36 38
258 255 41 38
604 622 25 38
604 586 27 38
140 131 21 39
140 127 28 39
140 140 32 39
140 146 33 39
140 136 34 39
140 128 35 39
140 142 38 39
317 316 11 39
317 333 14 39
317 336 17 39
317 319 23 39
317 298 26 39
317 323 28 39
317 311 34 39
317 318 43 39
317 302 44 39
542 558 14 39
542 534 23 39
542 553 29 39
542 535 30 39
542 544 34 39
542 557 39 39
542 548 40 39
542 553 50 39
304 316 10 40
304 286 14 40
304 284 20 40
304 319 22 40
304 298 25 40
304 323 27 40
304 290 31 40
304 293 32 40
304 311 33 40
304 318 42 40
304 302 43 40
304 296 44 40
304 290 45 40
528 534 22 40
528 509 26 40
528 512 26 40
528 521 27 40
528 535 29 40
528 544 33 40
528 511 36 40
273 286 13 41
273 284 19 41
273 261 22 41
273 290 30 41
273 259 33 41
273 255 38 41
273 290 44 41
578 558 12 41
578 571 13 41
578 579 18 41
578 568 19 41
578 586 24 41
578 583 29 41
578 572 43 41
59 39 23 42
59 54 24 42
59 64 35 42
59 63 36 42
118 108 13 42
118 116 16 42
118 131 18 42
118 103 21 42
118 102 24 42
118 109 25 42
118 127 25 42
118 117 26 42
118 136 31 42
118 128 32 42
118 111 42 42
440 435 17 42
440 435 26 42
537 534 20 42
537 521 25 42
537 553 26 42
537 535 27 42
537 544 31 42
537 548 37 42
537 553 47 42
60 54 23 43
60 64 34 43
60 63 35 43
67 54 23 43
67 64 34 43
67 63 35 43
186 195 10 43
186 183 15 43
186 178 16 43
186 195 20 43
186 179 22 43
186 178 23 43
186 192 32 43
186 195 33 43
186 173 35 43
186 176 36 43
186 195 40 43
448 435 16 43
448 435 25 43
549 558 10 43
549 568 17 43
549 534 19 43
549 553 25 43
549 535 26 43
549 544 30 43
549 557 35 43
549 548 36 43
549 553 46 43
57 39 21 44
57 54 22 44
57 37 25 44
57 64 33 44
57 63 34 44
85 88 17 44
85 103 19 44
85 102 22 44
190 183 14 44
190 178 15 44
190 206 17 44
190 195 19 44
190 179 21 44
190 178 22 44
190 192 31 44
190 195 32 44
190 173 34 44
190 176 35 44
190 195 39 44
268 286 10 44
268 284 16 44
268 261 19 44
268 259 30 44
268 255 35 44
721 726 11 44
190 183 13 45
190 178 14 45
190 206 16 45
190 195 18 45
190 179 20 45
190 178 21 45
190 192 30 45
190 195 31 45
190 173 33 45
190 176 34 45
190 195 38 45
483 473 32 45
190 183 12 46
190 178 13 46
190 206 15 46
190 195 17 46
190 179 19 46
190 178 20 46
190 192 29 46
190 195 30 46
190 173 32 46
190 176 33 46
190 195 37 46
42 39 18 47
42 54 19 47
42 36 20 47
42 37 22 47
42 35 32 47
73 88 14 47
73 54 19 47
73 64 30 47
73 63 31 47
205 206 14 47
205 195 16 47
205 219 21 47
205 192 28 47
205 195 29 47
205 195 36 47
205 211 37 47
270 284 13 47
270 261 16 47
270 259 27 47
270 255 32 47
590 579 12 47
590 586 18 47
590 583 23 47
590 572 37 47
26 39 17 48
26 19 18 48
26 36 19 48
26 37 21 48
26 35 31 48
33 39 17 48
33 19 18 48
33 36 19 48
33 37 21 48
33 35 31 48
113 116 10 48
113 131 12 48
113 103 15 48
113 102 18 48
113 109 19 48
113 127 19 48
113 117 20 48
113 128 26 48
113 111 36 48
143 131 12 48
143 127 19 48
143 140 23 48
143 146 24 48
143 136 25 48
143 128 26 48
143 142 29 48
297 284 12 48
297 298 17 48
297 290 23 48
297 293 24 48
297 311 25 48
297 302 35 48
297 296 36 48
297 290 37 48
92 88 12 49
92 103 14 49
92 102 17 49
92 109 18 49
92 111 35 49
243 261 14 49
243 259 25 49
243 255 30 49
243 234 33 49
362 359 12 49
731 747 15 49
22 39 15 50
22 19 16 50
22 36 17 50
22 37 19 50
22 35 29 50
316 319 12 50
316 298 15 50
316 323 17 50
316 311 23 50
316 318 32 50
316 302 33 50
316 296 34 50
735 747 14 50
735 753 35 50
429 435 17 51
641 626 10 51
641 622 12 51
656 664 25 52
656 671 29 52
195 195 10 53
195 179 12 53
195 178 13 53
195 192 22 53
195 195 23 53
195 176 26 53
195 195 30 53
195 211 31 53
333 323 14 53
333 318 29 53
558 553 15 53
558 544 20 53
558 557 25 53
558 548 26 53
558 572 31 53
558 553 36 53
286 298 11 54
286 290 17 54
286 293 18 54
286 302 29 54
286 296 30 54
286 290 31 54
571 586 11 54
571 553 14 54
571 583 16 54
571 557 24 54
571 572 30 54
571 553 35 54
32 39 10 55
32 19 11 55
32 36 12 55
32 37 14 55
32 35 24 55
108 102 11 55
108 109 12 55
108 127 12 55
108 117 13 55
108 111 29 55
238 219 13 55
238 255 24 55
238 234 27 55
387 399 20 55
387 397 21 55
387 389 23 55
336 323 11 56
336 318 26 56
650 664 21 56
696 681 23 57
116 117 10 58
116 128 16 58
116 111 26 58
183 192 17 58
183 195 18 58
183 173 20 58
183 176 21 58
183 195 25 58
695 681 22 58
178 192 16 59
178 195 17 59
178 173 19 59
178 176 20 59
178 195 24 59
579 583 11 59
579 572 25 59
131 140 11 60
131 146 12 60
131 136 13 60
131 128 14 60
131 142 17 60
131 111 24 60
284 290 11 60
284 293 12 60
284 302 23 60
284 296 24 60
284 290 25 60
568 583 10 60
568 557 18 60
568 548 19 60
568 572 24 60
568 553 29 60
206 192 14 61
206 195 15 61
206 195 22 61
206 211 23 61
319 311 11 62
319 318 20 62
319 302 21 62
534 544 11 62
534 548 17 62
534 553 27 62
103 111 21 63
195 192 12 63
195 195 13 63
195 176 16 63
195 195 20 63
195 211 21 63
261 259 11 63
261 255 16 63
747 765 18 64
747 753 21 64
39 35 14 65
179 192 10 65
179 195 11 65
179 173 13 65
179 176 14 65
179 195 18 65
298 302 18 65
298 296 19 65
298 290 20 65
586 572 19 65
19 35 13 66
54 64 11 66
54 63 12 66
54 35 13 66
102 111 18 66
178 195 10 66
178 173 12 66
178 176 13 66
178 195 17 66
509 511 10 66
512 511 10 66
36 35 12 67
109 111 17 67
127 142 10 67
127 111 17 67
323 318 15 67
117 111 16 68
219 234 14 68
219 211 16 68
553 557 10 68
553 548 11 68
553 572 16 68
553 553 21 68
37 35 10 69
535 548 10 69
535 553 20 69
583 572 14 70
290 302 12 71
290 296 13 71
290 290 14 71
293 302 11 72
293 296 12 72
293 290 13 72
759 765 10 72
759 753 13 72
311 302 10 73
311 296 11 73
544 553 16 73
128 111 10 74
557 553 11 78
548 553 10 79
