85 98 1 0
85 73 10 0
85 100 14 0
85 80 16 0
85 82 18 0
85 79 19 0
85 74 25 0
85 79 26 0
85 81 31 0
85 65 33 0
85 70 37 0
85 75 38 0
85 104 49 0
85 77 51 0
297 278 17 0
297 308 18 0
297 284 19 0
297 309 24 0
297 291 36 0
297 315 38 0
785 780 5 0
785 773 14 0
98 100 13 1
98 113 14 1
98 80 15 1
98 82 17 1
98 79 18 1
98 109 23 1
98 79 25 1
98 112 27 1
98 81 30 1
98 108 35 1
98 104 48 1
98 111 51 1
162 148 10 1
162 158 11 1
162 147 15 1
162 150 16 1
162 152 30 1
318 334 5 1
318 333 15 1
318 308 17 1
318 309 23 1
318 335 27 1
318 315 37 1
318 336 47 1
726 723 1 1
726 730 3 1
726 725 5 1
726 743 6 1
458 472 27 2
458 473 48 2
458 474 50 2
723 730 2 2
723 725 4 2
136 139 1 3
136 121 6 3
136 132 6 3
136 124 8 3
136 148 8 3
136 147 13 3
136 150 14 3
136 128 24 3
136 136 25 3
136 152 28 3
136 122 29 3
136 128 45 3
136 135 46 3
136 130 49 3
549 531 5 3
549 561 9 3
549 555 10 3
549 544 14 3
549 535 27 3
549 540 48 3
139 121 5 4
139 132 5 4
139 124 7 4
139 148 7 4
139 158 8 4
139 147 12 4
139 150 13 4
139 128 23 4
139 136 24 4
139 152 27 4
139 122 28 4
139 128 44 4
139 135 45 4
139 130 48 4
730 725 2 4
730 743 3 4
35 48 6 5
35 40 8 5
35 39 10 5
35 18 11 5
35 41 11 5
35 44 14 5
35 22 18 5
35 36 18 5
35 30 20 5
35 47 20 5
35 41 24 5
35 16 27 5
35 16 28 5
35 15 31 5
35 33 31 5
35 37 32 5
780 773 9 5
334 347 1 6
334 353 6 6
334 333 10 6
334 351 14 6
334 335 22 6
334 342 26 6
334 315 32 6
334 336 42 6
334 339 43 6
725 743 1 6
347 353 5 7
347 364 6 7
347 333 9 7
347 351 13 7
347 355 20 7
347 335 21 7
347 358 23 7
347 342 25 7
347 336 41 7
347 339 42 7
743 751 2 7
743 757 8 7
64 73 2 8
64 48 3 8
64 64 5 8
64 80 8 8
64 64 9 8
64 82 10 8
64 44 11 8
64 79 11 8
64 64 15 8
64 47 17 8
64 74 17 8
64 79 18 8
64 81 23 8
64 65 25 8
64 70 29 8
64 75 30 8
64 77 43 8
531 544 9 8
531 520 12 8
531 518 16 8
531 511 18 8
531 535 22 8
531 516 29 8
531 527 30 8
531 540 43 8
121 124 2 9
121 113 6 9
121 109 15 9
121 128 18 9
121 112 19 9
121 136 19 9
121 122 23 9
121 108 27 9
121 128 39 9
121 104 40 9
121 135 40 9
121 111 43 9
121 130 43 9
132 124 2 9
132 148 2 9
132 113 6 9
132 147 7 9
132 150 8 9
132 128 18 9
132 112 19 9
132 136 19 9
132 122 23 9
132 128 39 9
132 135 40 9
132 130 43 9
387 390 16 9
387 392 25 9
751 757 6 9
73 64 3 10
73 80 6 10
73 64 7 10
73 82 8 10
73 79 9 10
73 64 13 10
73 74 15 10
73 79 16 10
73 81 21 10
73 65 23 10
73 70 27 10
73 75 28 10
73 77 41 10
251 267 1 10
251 233 20 10
251 270 23 10
251 256 27 10
251 244 41 10
866 847 1 10
866 862 22 10
866 883 24 10
48 40 2 11
48 64 2 11
48 39 4 11
48 41 5 11
48 64 6 11
48 44 8 11
48 36 12 11
48 64 12 11
48 30 14 11
48 47 14 11
48 41 18 11
48 65 22 11
48 33 25 11
48 37 26 11
124 113 4 11
124 109 13 11
124 128 16 11
124 112 17 11
124 136 17 11
124 122 21 11
124 108 25 11
124 128 37 11
124 104 38 11
124 135 38 11
124 111 41 11
124 130 41 11
148 158 1 11
148 147 5 11
148 150 6 11
148 128 16 11
148 136 17 11
148 152 20 11
148 128 37 11
148 135 38 11
148 130 41 11
267 278 6 11
267 284 8 11
267 270 22 11
267 256 26 11
847 845 16 11
847 838 20 11
847 862 21 11
847 842 29 11
158 147 4 12
158 150 5 12
158 152 19 12
353 364 1 12
353 333 4 12
353 351 8 12
353 355 15 12
353 335 16 12
353 358 18 12
353 342 20 12
353 336 36 12
353 339 37 12
561 555 1 12
561 571 4 12
561 544 5 12
561 575 21 12
40 39 2 13
40 41 3 13
40 44 6 13
40 22 10 13
40 36 10 13
40 30 12 13
40 47 12 13
40 41 16 13
40 33 23 13
40 37 24 13
64 80 3 13
64 64 4 13
64 82 5 13
64 44 6 13
64 79 6 13
64 64 10 13
64 47 12 13
64 74 12 13
64 79 13 13
64 81 18 13
64 65 20 13
64 70 24 13
64 75 25 13
64 77 38 13
364 351 7 13
364 355 14 13
364 358 17 13
555 571 3 13
555 544 4 13
555 535 17 13
555 540 38 13
100 113 1 14
100 80 2 14
100 82 4 14
100 109 10 14
100 112 14 14
100 81 17 14
100 108 22 14
100 104 35 14
100 111 38 14
773 757 1 14
39 41 1 15
39 44 4 15
39 22 8 15
39 36 8 15
39 30 10 15
39 47 10 15
39 41 14 15
39 33 21 15
39 37 22 15
113 109 9 15
113 128 12 15
113 112 13 15
113 122 17 15
113 108 21 15
113 128 33 15
113 104 34 15
113 111 37 15
113 130 37 15
196 202 8 15
196 185 9 15
196 199 10 15
196 199 21 15
196 198 22 15
18 22 7 16
18 36 7 16
18 1 9 16
18 6 9 16
18 7 9 16
18 30 9 16
18 4 16 16
18 8 16 16
18 16 16 16
18 14 17 16
18 16 17 16
18 8 20 16
18 15 20 16
18 33 20 16
18 11 21 16
18 37 21 16
41 44 3 16
41 22 7 16
41 36 7 16
41 30 9 16
41 47 9 16
41 41 13 16
41 33 20 16
41 37 21 16
80 64 1 16
80 82 2 16
80 79 3 16
80 64 7 16
80 74 9 16
80 79 10 16
80 81 15 16
80 65 17 16
80 70 21 16
80 75 22 16
80 77 35 16
147 150 1 16
147 128 11 16
147 136 12 16
147 152 15 16
147 128 32 16
147 135 33 16
147 130 36 16
333 351 4 16
333 335 12 16
333 342 16 16
333 315 22 16
333 336 32 16
333 339 33 16
571 575 17 16
571 583 20 16
64 82 1 17
64 44 2 17
64 79 2 17
64 64 6 17
64 47 8 17
64 74 8 17
64 79 9 17
64 81 14 17
64 65 16 17
64 70 20 17
64 75 21 17
64 77 34 17
150 136 11 17
150 152 14 17
150 135 32 17
150 130 35 17
278 284 2 17
278 270 16 17
278 291 19 17
544 535 13 17
544 527 21 17
544 540 34 17
82 79 1 18
82 64 5 18
82 74 7 18
82 79 8 18
82 81 13 18
82 65 15 18
82 70 19 18
82 75 20 18
82 77 33 18
308 309 6 18
308 291 18 18
308 315 20 18
625 633 11 18
625 644 17 18
625 634 31 18
625 639 32 18
625 620 34 18
44 36 4 19
44 30 6 19
44 47 6 19
44 41 10 19
44 33 17 19
44 37 18 19
79 64 4 19
79 74 6 19
79 79 7 19
79 81 12 19
79 65 14 19
79 70 18 19
79 75 19 19
79 77 32 19
284 270 14 19
284 291 17 19
593 575 14 19
593 583 17 19
351 355 7 20
351 335 8 20
351 358 10 20
351 342 12 20
351 336 28 20
351 339 29 20
520 518 4 20
520 511 6 20
520 535 10 20
520 516 17 20
520 527 18 20
22 6 2 23
22 7 2 23
22 30 2 23
22 41 6 23
22 4 9 23
22 8 9 23
22 16 9 23
22 14 10 23
22 16 10 23
22 8 13 23
22 15 13 23
22 33 13 23
22 11 14 23
22 37 14 23
36 30 2 23
36 47 2 23
36 41 6 23
36 16 9 23
36 16 10 23
36 33 13 23
36 37 14 23
64 47 2 23
64 74 2 23
64 79 3 23
64 81 8 23
64 65 10 23
64 70 14 23
64 75 15 23
64 77 28 23
202 185 1 23
202 199 2 23
202 199 13 23
202 198 14 23
109 128 3 24
109 112 4 24
109 122 8 24
109 108 12 24
109 128 24 24
109 104 25 24
109 111 28 24
185 199 1 24
185 199 12 24
185 198 13 24
309 291 12 24
309 315 14 24
518 511 2 24
518 535 6 24
518 516 13 24
518 527 14 24
1 4 7 25
1 8 7 25
1 16 7 25
1 14 8 25
1 16 8 25
1 8 11 25
1 15 11 25
1 11 12 25
6 4 7 25
6 8 7 25
6 16 7 25
6 14 8 25
6 16 8 25
6 8 11 25
6 15 11 25
6 11 12 25
7 4 7 25
7 8 7 25
7 16 7 25
7 14 8 25
7 16 8 25
7 8 11 25
7 15 11 25
7 11 12 25
30 41 4 25
30 16 7 25
30 14 8 25
30 16 8 25
30 15 11 25
30 33 11 25
30 11 12 25
30 37 12 25
47 41 4 25
47 65 8 25
47 33 11 25
47 37 12 25
74 79 1 25
74 81 6 25
74 65 8 25
74 70 12 25
74 75 13 25
74 77 26 25
199 199 11 25
199 198 12 25
390 392 9 25
650 633 4 25
650 644 10 25
650 634 24 25
650 639 25 25
79 81 5 26
79 65 7 26
79 70 11 26
79 75 12 26
79 77 25 26
423 430 5 26
511 516 11 26
511 527 12 26
128 112 1 27
128 136 1 27
128 122 5 27
128 108 9 27
128 128 21 27
128 135 22 27
128 111 25 27
128 130 25 27
355 335 1 27
355 358 3 27
355 342 5 27
355 336 21 27
355 339 22 27
845 838 4 27
845 862 5 27
845 842 13 27
112 122 4 28
112 108 8 28
112 128 20 28
112 104 21 28
112 111 24 28
112 130 24 28
136 152 3 28
136 122 4 28
136 128 20 28
136 135 21 28
136 130 24 28
335 342 4 28
335 315 10 28
335 336 20 28
335 339 21 28
41 33 7 29
41 37 8 29
228 233 1 29
228 227 21 29
228 244 22 29
472 473 21 29
472 484 22 29
472 474 23 29
633 644 6 29
633 634 20 29
633 639 21 29
633 620 23 29
233 227 20 30
233 244 21 30
358 342 2 30
358 339 19 30
535 516 7 30
535 527 8 30
535 540 21 30
81 65 2 31
81 70 6 31
81 75 7 31
81 77 20 31
152 135 18 31
838 842 9 31
4 14 1 32
4 16 1 32
4 8 4 32
4 15 4 32
4 11 5 32
8 14 1 32
8 16 1 32
8 8 4 32
8 15 4 32
8 11 5 32
16 14 1 32
16 16 1 32
16 8 4 32
16 15 4 32
16 33 4 32
16 11 5 32
122 108 4 32
122 128 16 32
122 104 17 32
122 135 17 32
122 111 20 32
122 130 20 32
342 336 16 32
342 339 17 32
862 842 8 32
1023 1023 3 32
14 8 3 33
14 15 3 33
14 33 3 33
14 11 4 33
16 8 3 33
16 15 3 33
16 33 3 33
16 11 4 33
65 70 4 33
65 75 5 33
65 77 18 33
270 256 4 33
575 583 3 33
644 634 14 35
644 639 15 35
8 11 1 36
15 11 1 36
33 37 1 36
108 104 13 36
108 111 16 36
199 198 1 36
70 75 1 37
70 77 14 37
256 244 14 37
516 527 1 37
75 77 13 38
527 540 13 38
128 135 1 48
128 111 4 48
128 130 4 48
336 339 1 48
104 111 3 49
135 130 3 49
634 639 1 49
634 620 3 49
227 244 1 50
473 484 1 50
473 474 2 50
639 620 2 50
484 474 1 51
