98 93 1 1
98 93 8 1
98 95 11 1
98 106 17 1
98 115 22 1
163 153 17 1
163 153 27 1
163 176 32 1
163 176 34 1
163 176 36 1
163 148 53 1
256 250 1 1
256 250 3 1
256 267 3 1
256 258 4 1
256 257 5 1
256 266 11 1
256 272 12 1
256 274 13 1
256 267 18 1
256 270 28 1
256 252 29 1
256 251 33 1
256 256 39 1
697 714 3 1
697 694 5 1
697 703 20 1
697 679 24 1
697 689 26 1
697 686 53 1
57 58 7 2
57 58 16 2
57 46 28 2
57 64 49 2
57 64 52 2
93 93 7 2
93 95 10 2
93 106 16 2
250 250 2 2
250 267 2 2
250 258 3 2
250 257 4 2
250 266 10 2
250 267 17 2
250 252 28 2
250 251 32 2
250 232 36 2
250 232 38 2
250 256 38 2
418 399 5 2
418 409 16 2
418 405 31 2
545 553 3 2
545 554 5 2
545 563 7 2
545 532 16 2
545 556 17 2
545 558 18 2
545 534 21 2
590 577 9 3
590 586 12 3
590 585 13 3
590 572 19 3
590 602 33 3
590 580 48 3
250 258 1 4
250 257 2 4
250 266 8 4
250 267 15 4
250 252 26 4
250 251 30 4
250 232 34 4
250 232 36 4
250 256 36 4
267 258 1 4
267 257 2 4
267 280 7 4
267 266 8 4
267 272 9 4
267 274 10 4
267 267 15 4
267 277 19 4
267 270 25 4
267 252 26 4
267 251 30 4
267 256 36 4
714 694 2 4
714 722 7 4
714 703 17 4
714 724 28 4
714 732 29 4
714 718 35 4
714 730 36 4
211 211 7 5
211 209 14 5
211 212 18 5
211 211 19 5
211 215 34 5
258 257 1 5
258 266 7 5
258 272 8 5
258 274 9 5
258 267 14 5
258 277 18 5
258 270 24 5
258 252 25 5
258 251 29 5
258 256 35 5
553 554 2 5
553 563 4 5
553 556 14 5
553 558 15 5
553 572 17 5
553 534 18 5
553 568 24 5
257 266 6 6
257 272 7 6
257 274 8 6
257 267 13 6
257 270 23 6
257 252 24 6
257 251 28 6
257 256 34 6
694 676 2 6
694 703 15 6
694 679 19 6
694 689 21 6
694 686 48 6
399 409 11 7
399 389 17 7
399 405 26 7
554 563 2 7
554 556 12 7
554 558 13 7
554 572 15 7
554 534 16 7
554 568 22 7
676 679 17 8
676 689 19 8
676 666 26 8
676 686 46 8
58 58 9 9
58 46 21 9
58 64 42 9
58 64 45 9
93 95 3 9
93 106 9 9
370 389 15 9
370 359 26 9
370 363 28 9
563 577 3 9
563 556 10 9
563 558 11 9
563 572 13 9
563 568 20 9
563 580 42 9
650 644 4 10
650 666 24 10
280 266 1 11
280 272 2 11
280 274 3 11
280 267 8 11
280 277 12 11
280 270 18 11
280 293 19 11
722 703 10 11
722 724 21 11
722 732 22 11
722 718 28 11
722 730 29 11
95 106 6 12
211 209 7 12
211 212 11 12
211 211 12 12
211 215 27 12
266 272 1 12
266 274 2 12
266 267 7 12
266 277 11 12
266 270 17 12
266 252 18 12
266 251 22 12
266 256 28 12
577 586 3 12
577 585 4 12
577 558 8 12
577 572 10 12
577 568 17 12
577 580 39 12
272 274 1 13
272 267 6 13
272 277 10 13
272 270 16 13
272 252 17 13
272 256 27 13
619 618 4 13
619 617 11 13
619 614 17 13
619 618 22 13
619 602 23 13
619 610 24 13
619 620 25 13
274 267 5 14
274 277 9 14
274 270 15 14
274 293 16 14
274 256 26 14
586 585 1 15
586 572 7 15
586 568 14 15
586 602 21 15
586 580 36 15
585 572 6 16
585 568 13 16
585 602 20 16
585 580 35 16
618 617 7 17
618 614 13 17
618 618 18 17
618 602 19 17
618 610 20 17
618 620 21 17
13 10 5 18
13 3 36 18
13 7 36 18
13 15 36 18
21 10 5 18
21 3 36 18
21 7 36 18
21 15 36 18
21 34 36 18
58 46 12 18
58 64 33 18
58 64 36 18
106 115 5 18
153 153 10 18
153 141 11 18
153 148 36 18
409 389 6 18
409 405 15 18
532 534 5 18
532 521 10 18
532 515 35 18
209 212 4 19
209 211 5 19
209 215 20 19
267 277 4 19
267 270 10 19
267 252 11 19
267 251 15 19
267 256 21 19
556 558 1 19
556 572 3 19
556 568 10 19
491 476 16 20
558 572 2 20
558 568 9 20
334 334 4 21
334 316 10 21
334 345 13 21
334 323 17 21
334 343 32 21
703 689 6 21
703 718 18 21
703 686 33 21
446 462 17 22
572 568 7 22
572 580 29 22
10 3 31 23
10 7 31 23
10 15 31 23
212 211 1 23
212 215 16 23
277 270 6 23
277 293 7 23
534 521 5 23
534 515 30 23
211 215 15 24
389 405 9 24
617 614 6 24
617 618 11 24
617 602 12 24
617 610 13 24
617 620 14 24
334 316 6 25
334 345 9 25
334 323 13 25
334 343 28 25
679 689 2 25
679 666 9 25
679 686 29 25
689 686 27 27
153 141 1 28
153 148 26 28
521 515 25 28
141 148 25 29
270 252 1 29
270 251 5 29
270 256 11 29
568 580 22 29
46 64 21 30
46 34 24 30
46 64 24 30
252 251 4 30
252 232 8 30
252 232 10 30
252 256 10 30
614 618 5 30
614 602 6 30
614 610 7 30
614 620 8 30
316 323 7 31
724 732 1 32
724 718 7 32
724 730 8 32
176 176 2 33
176 176 4 33
732 718 6 33
732 730 7 33
251 232 4 34
251 232 6 34
251 256 6 34
345 359 1 34
345 363 3 34
345 343 19 34
176 176 2 35
359 363 2 35
359 343 18 35
618 602 1 35
618 610 2 35
618 620 3 35
476 462 3 36
602 610 1 36
602 620 2 36
363 343 16 37
610 620 1 37
232 215 1 38
232 232 2 38
215 232 1 39
718 730 1 39
64 64 3 51
