24 25 1 2
185 186 1 2
185 196 2 2
185 196 4 2
185 196 6 2
185 196 9 2
185 196 10 2
185 196 15 2
997 979 1 2
186 196 1 3
186 196 3 3
186 196 5 3
186 196 8 3
186 196 9 3
186 196 14 3
196 196 2 4
196 196 4 4
196 196 7 4
196 196 8 4
196 196 13 4
901 901 20 4
56 53 5 5
56 51 9 5
56 53 13 5
56 51 18 5
63 53 5 5
63 51 9 5
63 53 13 5
63 51 18 5
149 149 2 5
149 160 5 5
149 159 9 5
385 385 1 5
385 385 2 5
385 369 13 5
1023 1023 5 5
1023 1023 9 5
1023 1023 13 5
1023 1023 18 5
1023 1023 19 5
196 196 2 6
196 196 5 6
196 196 6 6
196 196 11 6
196 195 19 6
196 183 20 6
385 385 1 6
385 369 12 6
949 950 1 6
949 950 2 6
949 950 3 6
949 951 4 6
949 949 6 6
949 950 7 6
949 949 8 6
949 950 9 6
949 951 10 6
949 949 11 6
949 949 12 6
949 949 13 6
949 950 14 6
949 949 15 6
949 950 16 6
149 160 3 7
149 159 7 7
385 369 11 7
950 950 1 7
950 950 2 7
950 951 3 7
950 949 5 7
950 950 6 7
950 949 7 7
950 950 8 7
950 951 9 7
950 949 10 7
950 949 11 7
950 949 12 7
950 950 13 7
950 949 14 7
950 950 15 7
950 949 20 7
196 196 3 8
196 196 4 8
196 196 9 8
196 195 17 8
196 183 18 8
950 950 1 8
950 951 2 8
950 949 4 8
950 950 5 8
950 949 6 8
950 950 7 8
950 951 8 8
950 949 9 8
950 949 10 8
950 949 11 8
950 950 12 8
950 949 13 8
950 950 14 8
950 949 19 8
950 951 1 9
950 949 3 9
950 950 4 9
950 949 5 9
950 950 6 9
950 951 7 9
950 949 8 9
950 949 9 9
950 949 10 9
950 950 11 9
950 949 12 9
950 950 13 9
950 949 18 9
950 950 20 9
53 51 4 10
53 53 8 10
53 51 13 10
95 95 4 10
95 112 8 10
95 106 9 10
95 110 13 10
160 159 4 10
951 949 2 10
951 950 3 10
951 949 4 10
951 950 5 10
951 951 6 10
951 949 7 10
951 949 8 10
951 949 9 10
951 950 10 10
951 949 11 10
951 950 12 10
951 949 17 10
951 950 19 10
951 950 20 10
1023 1023 4 10
1023 1023 8 10
1023 1023 13 10
1023 1023 14 10
196 196 1 11
196 196 6 11
196 195 14 11
196 183 15 11
926 926 17 11
196 196 5 12
196 195 13 12
196 183 14 12
258 257 1 12
258 238 6 12
258 256 17 12
258 256 18 12
949 950 1 12
949 949 2 12
949 950 3 12
949 951 4 12
949 949 5 12
949 949 6 12
949 949 7 12
949 950 8 12
949 949 9 12
949 950 10 12
949 949 15 12
949 950 17 12
949 950 18 12
949 950 20 12
257 238 5 13
257 256 16 13
257 256 17 13
950 949 1 13
950 950 2 13
950 951 3 13
950 949 4 13
950 949 5 13
950 949 6 13
950 950 7 13
950 949 8 13
950 950 9 13
950 949 14 13
950 950 16 13
950 950 17 13
950 950 19 13
51 53 4 14
51 51 9 14
95 112 4 14
95 106 5 14
95 110 9 14
949 950 1 14
949 951 2 14
949 949 3 14
949 949 4 14
949 949 5 14
949 950 6 14
949 949 7 14
949 950 8 14
949 949 13 14
949 950 15 14
949 950 16 14
949 950 18 14
949 950 20 14
1023 1023 4 14
1023 1023 9 14
1023 1023 10 14
1023 1015 19 14
950 951 1 15
950 949 2 15
950 949 3 15
950 949 4 15
950 950 5 15
950 949 6 15
950 950 7 15
950 949 12 15
950 950 14 15
950 950 15 15
950 950 17 15
950 950 19 15
951 949 1 16
951 949 2 16
951 949 3 16
951 950 4 16
951 949 5 16
951 950 6 16
951 949 11 16
951 950 13 16
951 950 14 16
951 950 16 16
951 950 18 16
196 195 8 17
196 183 9 17
949 949 1 17
949 949 2 17
949 950 3 17
949 949 4 17
949 950 5 17
949 949 10 17
949 950 12 17
949 950 13 17
949 950 15 17
949 950 17 17
53 51 5 18
53 71 16 18
53 60 17 18
53 51 20 18
112 106 1 18
112 110 5 18
112 107 18 18
238 229 1 18
238 230 5 18
238 256 11 18
238 256 12 18
238 229 18 18
949 949 1 18
949 950 2 18
949 949 3 18
949 950 4 18
949 949 9 18
949 950 11 18
949 950 12 18
949 950 14 18
949 950 16 18
1023 1023 5 18
1023 1023 6 18
1023 1015 15 18
1023 1023 17 18
1023 1023 18 18
106 110 4 19
106 107 17 19
229 230 4 19
229 229 17 19
279 297 12 19
279 277 18 19
279 294 19 19
949 950 1 19
949 949 2 19
949 950 3 19
949 949 8 19
949 950 10 19
949 950 11 19
949 950 13 19
949 950 15 19
950 949 1 20
950 950 2 20
950 949 7 20
950 950 9 20
950 950 10 20
950 950 12 20
950 950 14 20
949 950 1 21
949 949 6 21
949 950 8 21
949 950 9 21
949 950 11 21
949 950 13 21
950 949 5 22
950 950 7 22
950 950 8 22
950 950 10 22
950 950 12 22
51 60 12 23
51 51 15 23
110 107 13 23
230 229 13 23
230 217 20 23
1023 1023 1 23
1023 1015 10 23
1023 1023 12 23
1023 1023 13 23
1023 1023 17 23
1023 1023 19 23
901 900 12 24
901 898 17 24
901 901 18 24
1023 1015 9 24
1023 1023 11 24
1023 1023 12 24
1023 1023 16 24
1023 1023 18 24
1023 1023 20 24
195 183 1 25
782 788 1 25
782 762 14 25
949 950 2 27
949 950 3 27
949 950 5 27
949 950 7 27
949 949 19 27
256 256 1 29
950 950 1 29
950 950 3 29
950 950 5 29
950 949 17 29
950 950 2 30
950 950 4 30
950 949 16 30
297 277 6 31
297 294 7 31
297 316 15 31
297 296 20 31
999 1015 2 31
999 1011 17 31
950 950 2 32
950 949 14 32
950 949 20 32
1015 1023 2 33
1015 1023 3 33
1015 1023 7 33
1015 1023 9 33
1015 1023 11 33
1015 1023 13 33
1015 1011 15 33
1015 1023 15 33
1015 1020 20 33
1015 1023 20 33
71 60 1 34
71 51 4 34
71 55 19 34
950 949 12 34
950 949 18 34
950 949 20 34
60 51 3 35
60 55 18 35
853 856 3 35
853 856 5 35
1023 1023 1 35
1023 1023 5 35
1023 1023 7 35
1023 1023 9 35
1023 1023 11 35
1023 1011 13 35
1023 1023 13 35
1023 1020 18 35
1023 1023 18 35
107 110 15 36
107 99 16 36
107 106 17 36
229 217 7 36
229 211 10 36
229 235 17 36
900 898 5 36
900 901 6 36
900 901 19 36
1023 1023 4 36
1023 1023 6 36
1023 1023 8 36
1023 1023 10 36
1023 1011 12 36
1023 1023 12 36
1023 1020 17 36
1023 1023 17 36
277 294 1 37
277 296 14 37
51 55 15 38
158 166 11 38
294 296 13 38
856 856 2 38
856 857 18 38
762 761 5 39
762 761 8 39
762 746 11 39
856 857 16 40
1023 1023 2 40
1023 1023 4 40
1023 1023 6 40
1023 1011 8 40
1023 1023 8 40
1023 1020 13 40
1023 1023 13 40
1023 1019 17 40
1023 1023 17 40
898 901 1 41
898 901 14 41
898 895 17 41
898 896 18 41
901 901 13 42
901 895 16 42
901 896 17 42
1023 1023 2 42
1023 1023 4 42
1023 1011 6 42
1023 1023 6 42
1023 1020 11 42
1023 1023 11 42
1023 1019 15 42
1023 1023 15 42
1023 1021 19 42
1023 1023 19 42
217 211 3 43
217 235 10 43
674 669 8 43
482 479 3 44
761 761 3 44
761 746 6 44
761 779 16 44
1023 1023 2 44
1023 1011 4 44
1023 1023 4 44
1023 1020 9 44
1023 1023 9 44
1023 1019 13 44
1023 1023 13 44
1023 1021 17 44
1023 1023 17 44
1023 1011 20 44
400 387 11 45
211 196 5 46
316 296 5 46
316 329 7 46
316 321 15 46
949 949 6 46
949 949 8 46
949 949 17 46
1023 1011 2 46
1023 1023 2 46
1023 1020 7 46
1023 1023 7 46
1023 1019 11 46
1023 1023 11 46
1023 1021 15 46
1023 1023 15 46
1023 1011 18 46
1023 1011 19 46
1023 1023 19 46
1023 1023 20 46
761 746 3 47
761 779 13 47
1011 1020 5 48
1011 1023 5 48
1011 1019 9 48
1011 1023 9 48
1011 1021 13 48
1011 1023 13 48
1011 1011 16 48
1011 1011 17 48
1011 1023 17 48
1011 1023 18 48
1011 1018 19 48
1023 1020 5 48
1023 1023 5 48
1023 1019 9 48
1023 1023 9 48
1023 1021 13 48
1023 1023 13 48
1023 1011 16 48
1023 1011 17 48
1023 1023 17 48
1023 1023 18 48
1023 1018 19 48
166 177 12 49
166 152 14 49
166 152 20 49
365 370 20 50
746 762 20 50
110 99 1 51
110 106 2 51
110 113 19 51
196 177 10 51
99 106 1 52
99 113 18 52
949 949 2 52
949 949 11 52
949 949 17 52
55 73 7 53
55 57 8 53
55 73 15 53
55 59 17 53
55 56 18 53
106 113 17 53
235 226 17 53
329 321 8 53
329 316 15 53
1020 1019 4 53
1020 1023 4 53
1020 1021 8 53
1020 1023 8 53
1020 1011 11 53
1020 1011 12 53
1020 1023 12 53
1020 1023 13 53
1020 1018 14 53
1020 1023 17 53
1020 1009 18 53
1023 1019 4 53
1023 1023 4 53
1023 1021 8 53
1023 1023 8 53
1023 1011 11 53
1023 1011 12 53
1023 1023 12 53
1023 1023 13 53
1023 1018 14 53
1023 1023 17 53
1023 1009 18 53
949 949 9 54
949 949 15 54
901 895 3 55
901 896 4 55
901 896 20 55
387 370 14 56
857 857 17 56
1019 1021 4 57
1019 1023 4 57
1019 1011 7 57
1019 1011 8 57
1019 1023 8 57
1019 1023 9 57
1019 1018 10 57
1019 1023 13 57
1019 1009 14 57
1019 1023 17 57
1019 1023 18 57
1019 1001 19 57
1023 1021 4 57
1023 1023 4 57
1023 1011 7 57
1023 1011 8 57
1023 1023 8 57
1023 1023 9 57
1023 1018 10 57
1023 1023 13 57
1023 1009 14 57
1023 1023 17 57
1023 1023 18 57
895 896 1 58
895 880 8 58
895 896 17 58
896 880 7 59
896 896 16 59
73 57 1 60
73 73 8 60
73 59 10 60
73 56 11 60
779 786 8 60
779 762 10 60
779 760 17 60
779 762 18 60
57 73 7 61
57 59 9 61
57 56 10 61
321 316 7 61
1021 1011 3 61
1021 1011 4 61
1021 1023 4 61
1021 1023 5 61
1021 1018 6 61
1021 1023 9 61
1021 1009 10 61
1021 1023 13 61
1021 1023 14 61
1021 1001 15 61
1021 1023 17 61
1023 1011 3 61
1023 1011 4 61
1023 1023 4 61
1023 1023 5 61
1023 1018 6 61
1023 1023 9 61
1023 1009 10 61
1023 1023 13 61
1023 1023 14 61
1023 1023 17 61
927 926 12 62
152 152 6 63
152 143 9 63
949 949 6 63
949 949 20 63
257 257 1 64
257 263 2 64
257 258 20 64
1011 1011 1 64
1011 1023 1 64
1011 1023 2 64
1011 1018 3 64
1011 1023 6 64
1011 1009 7 64
1011 997 8 64
1011 1023 10 64
1011 1023 11 64
1011 1001 12 64
1011 1023 14 64
1011 1023 19 64
257 263 1 65
257 258 19 65
257 256 20 65
1011 1023 1 65
1011 1018 2 65
1011 1023 5 65
1011 1009 6 65
1011 997 7 65
1011 1023 9 65
1011 1023 10 65
1011 1001 11 65
1011 1023 13 65
1011 1023 18 65
1023 1023 1 65
1023 1018 2 65
1023 1023 5 65
1023 1009 6 65
1023 1023 9 65
1023 1023 10 65
1023 1023 13 65
1023 1023 18 65
263 258 18 66
263 256 19 66
880 896 9 66
1023 1018 1 66
1023 1023 4 66
1023 1009 5 66
1023 1023 8 66
1023 1023 9 66
1023 1023 12 66
1023 1023 17 66
1018 1023 3 67
1018 1009 4 67
1018 1023 7 67
1018 1023 8 67
1018 1001 9 67
1018 1023 11 67
1018 1023 16 67
1018 1023 20 67
73 59 2 68
73 56 3 68
73 55 16 68
73 62 19 68
73 73 19 68
73 80 20 68
786 774 16 68
152 143 3 69
152 153 16 69
152 153 17 69
949 949 14 69
949 949 16 69
949 950 17 69
949 943 20 69
59 56 1 70
59 51 13 70
59 55 14 70
59 62 17 70
59 73 17 70
113 112 4 70
113 95 10 70
226 230 17 70
762 760 7 70
762 762 8 70
762 761 12 70
762 774 14 70
1023 1009 1 70
1023 1023 4 70
1023 1023 5 70
1023 1023 8 70
1023 1023 13 70
1023 1023 17 70
56 51 12 71
56 55 13 71
56 62 16 71
56 73 16 71
56 69 20 71
1009 997 1 71
1009 1023 3 71
1009 1023 4 71
1009 1001 5 71
1009 1023 7 71
1009 1023 12 71
1009 1023 16 71
1009 1023 20 71
143 153 13 72
143 153 14 72
997 1001 4 72
857 845 6 73
857 851 7 73
857 855 8 73
112 95 6 74
112 112 20 74
926 926 14 74
926 943 15 74
926 926 16 74
926 926 17 74
926 926 18 74
1023 1023 1 74
1023 1023 4 74
1023 1023 9 74
1023 1023 13 74
1023 1023 17 74
896 887 18 75
1023 1023 3 75
1023 1023 8 75
1023 1023 12 75
1023 1023 16 75
1023 1011 20 75
1001 1011 19 76
760 762 1 77
760 761 5 77
760 774 7 77
762 761 4 78
762 774 6 78
1023 1023 5 78
1023 1023 9 78
1023 1023 13 78
1023 1011 17 78
1023 1023 18 78
485 481 1 79
485 481 16 79
845 851 1 79
845 855 2 79
845 839 18 79
845 852 19 79
95 80 8 80
95 112 14 80
95 109 18 80
95 108 20 80
481 481 15 80
851 855 1 80
851 839 17 80
851 852 18 80
341 321 11 81
855 839 16 81
855 852 17 81
761 774 2 82
51 55 1 83
51 62 4 83
51 69 8 83
51 57 9 83
51 53 16 83
51 47 17 83
949 949 2 83
949 950 3 83
949 943 6 83
949 950 11 83
949 942 20 83
1023 1023 4 83
1023 1023 8 83
1023 1011 12 83
1023 1023 13 83
1023 1012 16 83
1023 1011 17 83
1023 1023 17 83
1023 1021 19 83
1023 1023 19 83
55 62 3 84
55 73 3 84
55 69 7 84
55 57 8 84
55 53 15 84
55 47 16 84
258 256 1 84
258 262 9 84
258 259 10 84
258 257 13 84
258 256 16 84
258 263 19 84
153 153 1 85
153 146 8 85
153 146 9 85
256 262 8 85
256 259 9 85
256 257 12 85
256 256 15 85
256 263 18 85
949 950 1 85
949 943 4 85
949 950 9 85
949 942 18 85
949 950 19 85
153 146 7 86
153 146 8 86
414 397 10 86
950 943 3 86
950 950 8 86
950 942 17 86
950 950 18 86
62 80 1 87
62 69 4 87
62 57 5 87
62 53 12 87
62 47 13 87
73 80 1 87
73 69 4 87
73 57 5 87
73 53 12 87
1023 1023 4 87
1023 1011 8 87
1023 1023 9 87
1023 1012 12 87
1023 1011 13 87
1023 1023 13 87
1023 1021 15 87
1023 1023 15 87
80 69 3 88
926 943 1 88
926 926 2 88
926 926 3 88
926 926 4 88
926 926 13 88
926 942 15 88
943 926 1 89
943 926 2 89
943 926 3 89
943 950 5 89
943 926 12 89
943 942 14 89
943 950 15 89
926 926 1 90
926 926 2 90
926 926 11 90
926 942 13 90
69 57 1 91
69 53 8 91
69 74 20 91
204 186 5 91
204 189 15 91
204 194 16 91
926 926 1 91
926 926 10 91
926 942 12 91
1023 1011 4 91
1023 1023 5 91
1023 1012 8 91
1023 1011 9 91
1023 1023 9 91
1023 1021 11 91
1023 1023 11 91
1023 1019 17 91
1023 1023 17 91
57 53 7 92
57 47 8 92
57 74 19 92
57 76 20 92
177 186 4 92
177 189 14 92
177 194 15 92
926 926 9 92
926 942 11 92
146 146 1 93
146 150 20 93
262 259 1 93
262 257 4 93
262 256 7 93
262 263 10 93
262 267 13 93
262 263 14 93
887 900 14 93
887 900 16 93
112 109 4 94
112 108 6 94
112 107 8 94
112 112 10 94
146 150 19 94
146 148 20 94
259 257 3 94
259 256 6 94
259 263 9 94
259 267 12 94
259 263 13 94
950 942 9 94
950 950 10 94
950 949 20 94
481 500 17 95
1011 1023 1 95
1011 1012 4 95
1011 1011 5 95
1011 1023 5 95
1011 1021 7 95
1011 1023 7 95
1011 991 11 95
1011 1019 13 95
1011 1023 13 95
1011 1023 18 95
1011 1011 20 95
186 189 10 96
186 194 11 96
186 186 19 96
186 195 20 96
397 379 5 96
397 415 12 96
1023 1012 3 96
1023 1011 4 96
1023 1023 4 96
1023 1021 6 96
1023 1023 6 96
1023 1019 12 96
1023 1023 12 96
1023 1023 17 96
1023 1011 19 96
257 256 3 97
257 263 6 97
257 267 9 97
257 263 10 97
257 257 18 97
839 852 1 97
839 857 15 97
109 108 2 98
109 107 4 98
109 112 6 98
109 107 17 98
852 857 14 98
53 47 1 99
53 61 14 99
53 71 17 99
1012 1011 1 99
1012 1023 1 99
1012 1021 3 99
1012 1023 3 99
1012 1019 9 99
1012 1023 9 99
1012 1023 14 99
1012 1011 16 99
47 61 13 100
47 29 16 100
47 31 16 100
47 40 20 100
108 107 2 100
108 112 4 100
108 107 15 100
108 122 20 100
256 263 3 100
256 267 6 100
256 263 7 100
256 257 15 100
1011 1021 2 100
1011 1023 2 100
1011 991 6 100
1011 1019 8 100
1011 1023 8 100
1011 1023 13 100
1011 1011 15 100
1023 1021 2 100
1023 1023 2 100
1023 1019 8 100
1023 1023 8 100
1023 1023 13 100
1023 1011 15 100
926 942 2 101
107 112 2 102
107 107 13 102
107 122 18 102
107 112 19 102
1021 1019 6 102
1021 1023 6 102
1021 1023 11 102
1021 1011 13 102
1021 1023 19 102
1023 1019 6 102
1023 1023 6 102
1023 1023 11 102
1023 1011 13 102
1023 1023 19 102
263 267 3 103
263 263 4 103
263 257 12 103
263 271 20 103
942 950 1 103
942 949 11 103
942 951 15 103
942 950 16 103
942 950 17 103
942 950 18 103
942 926 19 103
942 926 20 103
7 11 9 104
7 22 9 104
7 0 11 104
7 2 11 104
7 3 11 104
7 9 11 104
7 18 11 104
7 3 15 104
7 25 15 104
7 22 16 104
7 11 19 104
112 107 11 104
112 122 16 104
112 112 17 104
112 112 19 104
950 949 10 104
950 951 14 104
950 950 15 104
950 950 16 104
950 950 17 104
984 991 1 105
189 194 1 106
189 186 9 106
189 195 10 106
189 177 14 106
189 189 19 106
267 263 1 106
267 257 9 106
267 271 17 106
194 186 8 107
194 195 9 107
194 211 12 107
194 177 13 107
194 209 17 107
194 189 18 107
263 257 8 107
263 271 16 107
263 277 20 107
900 900 2 107
900 900 17 107
900 901 19 107
415 433 6 108
1019 1023 5 108
1019 1011 7 108
1019 1023 13 108
1019 1023 15 108
1023 1023 5 108
1023 1011 7 108
1023 1023 13 108
1023 1023 15 108
233 228 9 109
233 229 14 109
435 435 2 109
435 433 5 109
900 900 15 109
900 901 17 109
74 76 1 111
74 61 2 111
74 74 2 111
74 71 5 111
74 54 10 111
74 56 12 111
74 60 15 111
74 56 16 111
74 74 17 111
74 56 18 111
74 73 18 111
74 75 19 111
74 75 20 111
435 433 3 111
76 61 1 112
76 74 1 112
76 71 4 112
76 56 11 112
76 60 14 112
76 56 15 112
76 74 16 112
76 56 17 112
76 73 17 112
76 75 18 112
76 75 19 112
76 69 20 112
500 514 4 112
500 481 7 112
500 507 17 112
857 856 13 112
11 0 2 113
11 2 2 113
11 3 2 113
11 9 2 113
11 18 2 113
11 29 3 113
11 3 6 113
11 25 6 113
11 22 7 113
11 27 8 113
11 11 10 113
11 28 13 113
22 2 2 113
22 3 2 113
22 9 2 113
22 18 2 113
22 29 3 113
22 31 3 113
22 3 6 113
22 25 6 113
22 22 7 113
22 40 7 113
22 27 8 113
22 11 10 113
22 28 13 113
61 71 3 113
61 54 8 113
61 56 10 113
61 60 13 113
61 56 14 113
61 74 15 113
61 56 16 113
61 73 16 113
61 75 17 113
61 75 18 113
61 69 19 113
74 71 3 113
74 54 8 113
74 56 10 113
74 60 13 113
74 56 14 113
74 74 15 113
74 56 16 113
74 73 16 113
74 75 17 113
74 75 18 113
74 69 19 113
150 148 1 113
150 166 8 113
150 146 9 113
150 157 13 113
150 149 14 113
747 761 4 113
1023 1011 2 113
1023 1023 8 113
1023 1023 10 113
1023 1023 17 113
148 166 7 114
148 146 8 114
148 157 12 114
148 149 13 114
949 951 4 114
949 950 5 114
949 950 6 114
949 950 7 114
949 949 13 114
949 949 18 114
949 949 19 114
0 3 4 115
0 11 8 115
2 3 4 115
2 11 8 115
3 3 4 115
3 22 5 115
3 11 8 115
9 3 4 115
9 25 4 115
9 22 5 115
9 27 6 115
9 11 8 115
9 28 11 115
18 29 1 115
18 31 1 115
18 3 4 115
18 25 4 115
18 22 5 115
18 27 6 115
18 11 8 115
18 28 11 115
107 122 5 115
107 112 6 115
107 112 8 115
107 115 12 115
186 195 1 115
186 177 5 115
186 166 6 115
186 189 10 115
186 191 17 115
186 189 18 115
186 185 19 115
186 186 20 115
257 271 8 115
257 258 19 115
1011 1023 6 115
1011 1023 8 115
1011 1023 15 115
1011 1023 19 115
29 25 3 116
29 22 4 116
29 40 4 116
29 27 5 116
29 11 7 116
29 28 10 116
31 25 3 116
31 22 4 116
31 40 4 116
31 27 5 116
31 11 7 116
31 28 10 116
71 54 5 116
71 56 7 116
71 60 10 116
71 56 11 116
71 74 12 116
71 56 13 116
71 73 13 116
71 75 14 116
71 75 15 116
71 69 16 116
71 74 18 116
195 211 3 116
195 177 4 116
195 209 8 116
195 189 9 116
195 191 16 116
195 189 17 116
195 185 18 116
195 186 19 116
351 357 5 116
351 339 8 116
514 507 13 116
514 505 17 116
514 504 19 116
290 300 5 117
290 271 6 117
290 277 10 117
290 302 13 117
228 211 1 118
228 229 5 118
228 209 6 118
951 950 1 118
951 950 2 118
951 950 3 118
951 949 9 118
951 949 14 118
951 949 15 118
951 949 17 118
951 949 18 118
951 949 19 118
951 949 20 118
3 22 1 119
3 11 4 119
3 0 19 119
3 2 19 119
3 3 19 119
3 7 19 119
25 22 1 119
25 40 1 119
25 27 2 119
25 11 4 119
25 28 7 119
25 7 19 119
211 229 4 119
211 209 5 119
211 191 13 119
950 950 1 119
950 950 2 119
950 949 8 119
950 949 13 119
950 949 14 119
950 949 16 119
950 949 17 119
950 949 18 119
950 949 19 119
22 27 1 120
22 11 3 120
22 28 6 120
22 2 18 120
22 3 18 120
22 7 18 120
40 27 1 120
40 54 1 120
40 56 3 120
40 28 6 120
40 56 7 120
40 56 9 120
40 45 20 120
122 112 1 120
122 112 3 120
122 115 7 120
122 122 17 120
122 106 18 120
177 166 1 120
177 189 5 120
177 157 6 120
177 191 12 120
177 189 13 120
177 185 14 120
177 186 15 120
950 950 1 120
950 949 7 120
950 949 12 120
950 949 13 120
950 949 15 120
950 949 16 120
950 949 17 120
950 949 18 120
27 11 2 121
27 28 5 121
27 7 17 121
27 45 19 121
27 9 20 121
27 22 20 121
54 56 2 121
54 60 5 121
54 56 6 121
54 56 8 121
54 73 8 121
54 69 11 121
54 60 17 121
54 45 19 121
112 112 2 121
112 115 6 121
112 122 16 121
112 106 17 121
166 146 1 121
166 157 5 121
166 149 6 121
166 185 13 121
166 153 16 121
166 152 18 121
357 339 3 121
357 341 16 121
357 341 17 121
950 949 6 121
950 949 11 121
950 949 12 121
950 949 14 121
950 949 15 121
950 949 16 121
950 949 17 121
1023 1023 2 121
1023 1023 9 121
1023 1023 13 121
146 157 4 122
146 149 5 122
146 153 15 122
146 152 17 122
300 302 8 122
300 311 10 122
926 926 1 122
926 926 6 122
926 927 7 122
926 927 8 122
926 927 17 122
11 28 3 123
11 0 15 123
11 2 15 123
11 3 15 123
11 7 15 123
11 9 18 123
11 22 18 123
56 60 3 123
56 56 4 123
56 74 5 123
56 56 6 123
56 73 6 123
56 75 7 123
56 75 8 123
56 69 9 123
56 74 11 123
56 60 15 123
56 45 17 123
112 115 4 123
112 122 14 123
112 106 15 123
229 209 1 123
229 211 18 123
271 277 4 123
271 258 11 123
271 257 13 123
271 256 16 123
271 256 17 123
926 926 5 123
926 927 6 123
926 927 7 123
926 927 16 123
1023 1023 7 123
1023 1023 11 123
1023 1023 20 123
209 189 1 124
209 191 8 124
209 189 9 124
209 211 17 124
339 341 13 124
339 341 14 124
339 343 18 124
900 901 2 124
900 886 10 124
900 900 17 124
189 191 7 125
189 189 8 125
189 185 9 125
189 186 10 125
189 184 17 125
394 383 16 125
394 410 18 125
394 374 19 125
28 45 14 126
28 9 15 126
28 22 15 126
60 56 1 126
60 74 2 126
60 56 3 126
60 73 3 126
60 75 4 126
60 75 5 126
60 69 6 126
60 74 8 126
60 60 12 126
60 45 14 126
60 56 20 126
60 77 20 126
157 149 1 126
157 153 11 126
157 152 13 126
157 149 20 126
901 886 8 126
901 900 15 126
56 74 1 127
56 56 2 127
56 73 2 127
56 75 3 127
56 75 4 127
56 69 5 127
56 74 7 127
56 60 11 127
56 45 13 127
56 56 19 127
115 122 10 127
115 106 11 127
149 153 10 127
149 152 12 127
149 149 19 127
149 165 20 127
277 258 7 127
277 257 9 127
277 292 18 127
949 949 5 127
949 949 6 127
949 949 8 127
949 949 9 127
949 949 10 127
949 949 11 127
949 950 15 127
949 949 17 127
74 56 1 128
74 73 1 128
74 75 2 128
74 75 3 128
74 69 4 128
74 74 6 128
74 60 10 128
74 56 18 128
74 77 18 128
74 79 19 128
926 927 1 128
926 927 2 128
926 927 11 128
926 926 19 128
926 926 20 128
56 75 1 129
56 75 2 129
56 69 3 129
56 74 5 129
56 60 9 129
56 45 11 129
56 56 17 129
56 60 20 129
73 75 1 129
73 75 2 129
73 69 3 129
73 74 5 129
73 60 9 129
73 56 17 129
73 77 17 129
73 79 18 129
73 60 20 129
507 505 4 129
507 504 6 129
927 927 1 129
927 927 10 129
927 926 18 129
927 926 19 129
75 75 1 130
75 69 2 130
75 74 4 130
75 60 8 130
75 94 15 130
75 56 16 130
75 77 16 130
75 79 17 130
75 60 19 130
302 311 2 130
302 292 15 130
302 286 19 130
927 927 9 130
927 926 17 130
927 926 18 130
1023 1023 4 130
1023 1023 13 130
75 69 1 131
75 74 3 131
75 60 7 131
75 94 14 131
75 56 15 131
75 77 15 131
75 79 16 131
75 60 18 131
69 74 2 132
69 60 6 132
69 56 14 132
69 77 14 132
69 79 15 132
69 60 17 132
191 189 1 132
191 185 2 132
191 186 3 132
191 184 10 132
191 186 16 132
311 292 13 132
949 949 1 132
949 949 3 132
949 949 4 132
949 949 5 132
949 949 6 132
949 950 10 132
949 949 12 132
949 950 17 132
949 949 18 132
189 185 1 133
189 186 2 133
189 184 9 133
189 186 15 133
505 504 2 133
949 949 2 133
949 949 3 133
949 949 4 133
949 949 5 133
949 950 9 133
949 949 11 133
949 950 16 133
949 949 17 133
74 60 4 134
74 56 12 134
74 77 12 134
74 79 13 134
74 60 15 134
74 67 19 134
185 186 1 134
185 184 8 134
185 165 13 134
185 186 14 134
258 257 2 134
258 256 5 134
258 256 6 134
886 900 7 134
886 901 17 134
886 879 18 134
1023 1023 9 134
1023 1023 17 134
186 184 7 135
186 186 13 135
949 949 1 135
949 949 2 135
949 949 3 135
949 950 7 135
949 949 9 135
949 950 14 135
949 949 15 135
949 949 20 135
257 256 3 136
257 256 4 136
949 949 1 136
949 949 2 136
949 950 6 136
949 949 8 136
949 950 13 136
949 949 14 136
949 949 19 136
122 106 1 137
122 122 13 137
122 129 13 137
122 133 18 137
122 121 19 137
153 152 2 137
153 149 9 137
153 165 10 137
153 133 18 137
341 341 1 137
341 343 5 137
341 355 9 137
341 353 18 137
949 949 1 137
949 950 5 137
949 949 7 137
949 950 12 137
949 949 13 137
949 949 18 137
0 9 3 138
0 12 20 138
2 9 3 138
2 12 20 138
3 9 3 138
3 22 3 138
3 12 20 138
7 9 3 138
7 22 3 138
7 12 20 138
60 45 2 138
60 56 8 138
60 77 8 138
60 79 9 138
60 60 11 138
60 67 15 138
60 41 17 138
106 94 7 138
106 95 11 138
106 122 12 138
106 121 18 138
341 343 4 138
341 355 8 138
341 353 17 138
949 950 4 138
949 949 6 138
949 950 11 138
949 949 12 138
949 949 17 138
152 149 7 139
152 165 8 139
152 133 16 139
152 153 20 139
256 256 1 139
256 256 18 139
927 926 8 139
927 926 9 139
927 926 18 139
45 56 6 140
45 60 9 140
45 30 10 140
45 31 10 140
45 30 11 140
45 28 15 140
45 41 15 140
256 256 17 140
9 28 14 141
9 12 17 141
22 30 9 141
22 31 9 141
22 30 10 141
22 28 14 141
22 41 14 141
22 12 17 141
211 213 8 141
383 374 3 141
383 393 9 141
383 377 12 141
900 901 10 141
900 900 20 141
184 165 5 142
184 186 6 142
184 177 16 142
343 355 4 142
343 353 13 142
343 339 19 142
950 949 2 142
950 950 7 142
950 949 8 142
950 949 13 142
950 949 17 142
410 393 7 143
410 426 15 143
710 712 2 143
1023 1023 8 143
1023 1013 13 143
1023 1023 14 143
374 355 2 144
374 393 6 144
374 377 9 144
949 950 5 144
949 949 6 144
949 949 11 144
949 949 15 144
94 77 1 145
94 79 2 145
94 95 4 145
94 108 17 145
292 286 4 145
292 291 17 145
292 295 19 145
56 60 3 146
56 67 7 146
56 41 9 146
56 53 16 146
56 69 17 146
56 50 18 146
77 79 1 146
77 60 3 146
77 95 3 146
77 67 7 146
77 69 17 146
149 165 1 146
149 129 4 146
149 133 9 146
149 153 13 146
149 137 15 146
149 137 17 146
149 159 18 146
355 353 9 146
355 339 15 146
642 622 7 146
642 660 14 146
79 60 2 147
79 95 2 147
79 67 6 147
79 69 16 147
165 177 11 147
165 153 12 147
165 159 17 147
926 926 1 147
926 926 10 147
926 926 15 147
926 926 16 147
926 926 17 147
926 926 18 147
186 177 10 148
186 186 19 148
433 433 3 148
433 426 10 148
433 436 12 148
433 433 15 148
433 433 17 148
433 433 18 148
433 414 20 148
926 926 9 148
926 926 14 148
926 926 15 148
926 926 16 148
926 926 17 148
60 67 4 149
60 41 6 149
60 53 13 149
60 69 14 149
60 50 15 149
95 108 13 149
213 230 13 149
213 208 19 149
286 291 13 149
286 295 15 149
286 284 18 149
950 949 1 149
950 949 6 149
950 949 10 149
950 949 20 149
30 30 1 150
30 28 5 150
30 41 5 150
30 12 8 150
30 28 13 150
30 31 13 150
31 30 1 150
31 28 5 150
31 41 5 150
31 12 8 150
31 28 13 150
31 31 13 150
31 50 14 150
122 133 5 150
122 121 6 150
122 121 9 150
122 137 11 150
122 108 12 150
122 137 13 150
129 133 5 150
129 121 6 150
129 121 9 150
129 137 11 150
129 137 13 150
393 377 3 150
949 949 5 150
949 949 9 150
949 949 19 150
30 28 4 151
30 41 4 151
30 12 7 151
30 28 12 151
30 31 12 151
433 426 7 151
433 436 9 151
433 433 12 151
433 433 14 151
433 433 15 151
433 414 17 151
901 900 10 151
901 896 15 151
1023 1013 5 151
1023 1023 6 151
1023 1023 13 151
1023 1023 17 151
1023 1023 19 151
879 896 14 152
67 53 9 153
67 69 10 153
67 50 11 153
67 85 18 153
67 60 19 153
67 66 19 153
67 47 20 153
622 609 14 153
622 623 15 153
622 635 18 153
316 318 18 154
28 12 3 155
28 28 8 155
28 31 8 155
28 47 18 155
41 53 7 155
41 28 8 155
41 31 8 155
41 50 9 155
41 60 17 155
41 47 18 155
133 121 1 155
133 121 4 155
133 137 6 155
133 137 8 155
133 122 18 155
353 339 6 155
949 949 4 155
949 949 14 155
121 121 3 156
121 137 5 156
121 108 6 156
121 137 7 156
121 122 17 156
1013 1023 1 156
1013 1023 8 156
1013 1023 12 156
1013 1023 14 156
1013 1023 16 156
256 256 13 157
256 256 14 157
926 926 5 157
926 926 6 157
926 926 7 157
926 926 8 157
926 926 15 157
926 909 16 157
1023 1023 7 157
1023 1023 11 157
1023 1023 13 157
1023 1023 15 157
12 28 5 158
12 31 5 158
177 159 6 158
177 186 9 158
426 436 2 158
426 433 5 158
426 433 7 158
426 433 8 158
426 414 10 158
121 137 2 159
121 108 3 159
121 137 4 159
121 122 14 159
153 137 2 159
153 137 4 159
153 159 5 159
480 479 18 159
480 481 19 159
480 480 20 159
949 949 10 159
949 949 18 159
949 949 19 159
949 951 20 159
436 433 3 160
436 433 5 160
436 433 6 160
436 426 20 160
137 137 2 161
137 122 12 161
900 896 5 161
900 909 12 161
900 896 13 161
900 901 19 161
900 901 20 161
53 69 1 162
53 50 2 162
53 60 10 162
53 66 10 162
53 47 11 162
53 56 19 162
108 122 11 162
291 295 2 162
291 284 5 162
291 308 13 162
291 297 14 162
926 926 1 162
926 926 2 162
926 926 3 162
926 926 10 162
926 909 11 162
926 926 20 162
28 47 10 163
31 50 1 163
31 47 10 163
69 50 1 163
69 85 8 163
69 60 9 163
69 66 9 163
69 56 18 163
69 78 19 163
69 79 20 163
137 122 10 163
433 433 2 163
433 433 3 163
433 414 5 163
433 426 17 163
926 926 1 163
926 926 2 163
926 926 9 163
926 909 10 163
926 926 19 163
926 927 20 163
50 60 8 164
50 66 8 164
50 47 9 164
50 56 17 164
295 284 3 164
295 308 11 164
295 297 12 164
926 926 1 164
926 926 8 164
926 909 9 164
926 926 18 164
926 927 19 164
1023 1023 4 164
1023 1023 6 164
1023 1023 8 164
1023 1023 17 164
433 433 1 165
433 414 3 165
433 426 15 165
926 926 7 165
926 909 8 165
926 926 17 165
926 927 18 165
433 414 2 166
433 426 14 166
896 909 7 166
896 896 8 166
896 901 14 166
896 901 15 166
186 196 14 167
186 195 15 167
186 196 16 167
186 196 17 167
186 196 19 167
186 187 20 167
284 297 9 167
609 623 1 167
208 196 13 168
208 195 14 168
208 196 15 168
208 196 16 168
208 196 18 168
208 195 20 168
414 426 12 168
623 635 3 168
1023 1023 2 168
1023 1023 4 168
1023 1023 13 168
949 949 8 169
949 949 9 169
949 951 10 169
949 949 15 169
949 949 16 169
949 949 17 169
949 948 18 169
949 949 19 169
949 950 20 169
256 256 1 170
256 260 13 170
256 257 14 170
256 257 15 170
256 256 18 170
256 257 19 170
1023 1023 2 170
1023 1023 11 170
1023 1023 20 170
85 66 1 171
85 78 11 171
85 79 12 171
85 95 14 171
256 260 12 171
256 257 13 171
256 257 14 171
256 256 17 171
256 257 18 171
60 47 1 172
60 56 9 172
60 78 10 172
60 79 11 172
60 55 18 172
60 53 20 172
66 47 1 172
66 56 9 172
66 78 10 172
66 79 11 172
66 55 18 172
66 53 20 172
318 308 3 172
926 909 1 172
926 926 10 172
926 927 11 172
1023 1023 9 172
1023 1023 18 172
47 56 8 173
47 55 17 173
47 53 19 173
122 112 17 173
909 896 1 173
909 901 7 173
909 901 8 173
909 926 9 173
909 927 10 173
909 900 18 173
896 901 6 174
896 901 7 174
896 900 17 174
308 297 1 175
297 283 14 176
297 316 20 176
479 481 1 177
479 480 2 177
479 481 16 177
949 949 1 177
949 951 2 177
949 949 7 177
949 949 8 177
949 949 9 177
949 948 10 177
949 949 11 177
949 950 12 177
949 949 13 177
949 950 15 177
949 949 16 177
949 949 19 177
481 480 1 178
481 481 15 178
949 951 1 178
949 949 6 178
949 949 7 178
949 949 8 178
949 948 9 178
949 949 10 178
949 950 11 178
949 949 12 178
949 950 14 178
949 949 15 178
949 949 18 178
480 481 14 179
951 949 5 179
951 949 6 179
951 949 7 179
951 948 8 179
951 949 9 179
951 950 10 179
951 949 11 179
951 950 13 179
951 949 14 179
951 949 17 179
426 425 17 180
426 426 18 180
901 901 1 180
901 900 11 180
901 900 15 180
901 900 18 180
56 55 9 181
56 53 11 181
56 51 17 181
196 195 1 181
196 196 2 181
196 196 3 181
196 196 5 181
196 187 6 181
196 195 7 181
196 187 8 181
196 196 10 181
196 196 11 181
901 900 10 181
901 900 14 181
901 900 17 181
901 900 20 181
1023 1023 9 181
1023 1019 13 181
1023 1023 13 181
1023 1023 17 181
1023 1023 19 181
4 2 2 182
4 5 2 182
4 4 4 182
4 1 6 182
4 5 6 182
78 79 1 182
78 95 3 182
195 196 1 182
195 196 2 182
195 196 4 182
195 187 5 182
195 195 6 182
195 187 7 182
195 196 9 182
195 196 10 182
926 927 1 182
926 926 17 182
926 926 18 182
79 95 2 183
196 196 1 183
196 196 3 183
196 187 4 183
196 195 5 183
196 187 6 183
196 196 8 183
196 196 9 183
260 257 1 183
260 257 2 183
260 256 5 183
260 257 6 183
260 257 18 183
927 926 16 183
927 926 17 183
2 4 2 184
2 1 4 184
2 5 4 184
5 4 2 184
5 1 4 184
5 5 4 184
196 196 2 184
196 187 3 184
196 195 4 184
196 187 5 184
196 196 7 184
196 196 8 184
257 257 1 184
257 256 4 184
257 257 5 184
257 237 16 184
257 257 17 184
949 949 1 184
949 949 2 184
949 948 3 184
949 949 4 184
949 950 5 184
949 949 6 184
949 950 8 184
949 949 9 184
949 949 12 184
949 949 18 184
949 950 20 184
95 112 5 185
257 256 3 185
257 257 4 185
257 237 15 185
257 257 16 185
949 949 1 185
949 948 2 185
949 949 3 185
949 950 4 185
949 949 5 185
949 950 7 185
949 949 8 185
949 949 11 185
949 949 17 185
949 950 19 185
4 1 2 186
4 5 2 186
196 187 1 186
196 195 2 186
196 187 3 186
196 196 5 186
196 196 6 186
949 948 1 186
949 949 2 186
949 950 3 186
949 949 4 186
949 950 6 186
949 949 7 186
949 949 10 186
949 949 16 186
949 950 18 186
949 950 20 186
187 195 1 187
187 187 2 187
187 196 4 187
187 196 5 187
187 196 20 187
948 949 1 187
948 950 2 187
948 949 3 187
948 950 5 187
948 949 6 187
948 949 9 187
948 949 15 187
948 950 17 187
948 950 19 187
195 187 1 188
195 196 3 188
195 196 4 188
195 196 19 188
256 257 1 188
256 237 12 188
256 257 13 188
256 257 18 188
949 950 1 188
949 949 2 188
949 950 4 188
949 949 5 188
949 949 8 188
949 949 14 188
949 950 16 188
949 950 18 188
187 196 2 189
187 196 3 189
187 196 18 189
257 237 11 189
257 257 12 189
257 257 17 189
950 949 1 189
950 950 3 189
950 949 4 189
950 949 7 189
950 949 13 189
950 950 15 189
950 950 17 189
55 53 2 190
55 51 8 190
55 48 13 190
55 55 17 190
55 50 18 190
230 237 10 190
230 227 19 190
949 950 2 190
949 949 3 190
949 949 6 190
949 949 12 190
949 950 14 190
949 950 16 190
1023 1019 4 190
1023 1023 4 190
1023 1023 8 190
1023 1023 10 190
1023 1023 13 190
1023 1023 17 190
1023 1023 18 190
196 196 1 191
196 196 16 191
900 900 4 191
900 900 7 191
900 900 10 191
900 900 12 191
900 901 17 191
53 51 6 192
53 48 11 192
53 55 15 192
53 50 16 192
53 69 19 192
196 196 15 192
950 949 1 192
950 949 4 192
950 949 10 192
950 950 12 192
950 950 14 192
481 477 14 193
481 487 16 193
481 484 18 193
481 479 20 193
949 949 3 193
949 949 9 193
949 950 11 193
949 950 13 193
1019 1023 4 194
1019 1023 6 194
1019 1023 9 194
1019 1023 13 194
1019 1023 14 194
1019 1023 17 194
1023 1023 4 194
1023 1023 6 194
1023 1023 9 194
1023 1023 13 194
1023 1023 14 194
1023 1023 17 194
900 900 3 195
900 900 6 195
900 900 8 195
900 901 13 195
149 164 7 196
316 321 7 196
949 949 6 196
949 950 8 196
949 950 10 196
425 426 1 197
425 439 8 197
425 431 13 197
539 544 8 197
539 531 12 197
51 48 5 198
51 55 9 198
51 50 10 198
51 69 13 198
426 439 7 198
426 431 12 198
900 900 3 198
900 900 5 198
900 901 10 198
1023 1023 2 198
1023 1023 5 198
1023 1023 9 198
1023 1023 10 198
1023 1023 13 198
1023 1023 17 198
1023 1011 19 198
926 926 1 199
926 926 13 199
926 926 20 199
237 227 9 200
926 926 12 200
926 926 19 200
1023 1023 3 200
1023 1023 7 200
1023 1023 8 200
1023 1023 11 200
1023 1023 15 200
1023 1011 17 200
1023 1023 20 200
257 257 5 201
257 257 13 201
257 257 16 201
257 257 19 201
257 256 20 201
900 900 2 201
900 901 7 201
949 950 2 202
949 950 4 202
949 950 18 202
949 950 19 202
949 949 20 202
48 55 4 203
48 50 5 203
48 62 18 203
48 64 18 203
164 160 20 203
900 901 5 203
1023 1023 4 203
1023 1023 5 203
1023 1023 8 203
1023 1023 12 203
1023 1011 14 203
1023 1023 17 203
1023 1023 18 203
391 398 20 204
950 950 2 204
950 950 16 204
950 950 17 204
950 949 18 204
950 950 19 204
950 949 20 204
439 431 5 205
544 531 4 205
257 257 8 206
257 257 11 206
257 257 14 206
257 256 15 206
257 271 16 206
257 257 17 206
950 950 14 206
950 950 15 206
950 949 16 206
950 950 17 206
950 949 18 206
55 50 1 207
55 69 4 207
55 62 14 207
55 64 14 207
55 56 17 207
55 73 20 207
196 186 9 207
196 211 11 207
196 183 19 207
477 487 2 207
477 484 4 207
477 479 6 207
477 477 8 207
477 489 9 207
477 477 11 207
667 664 11 207
1023 1023 1 207
1023 1023 4 207
1023 1023 8 207
1023 1011 10 207
1023 1023 13 207
1023 1023 14 207
1023 1023 17 207
50 69 3 208
50 62 13 208
50 64 13 208
50 56 16 208
1023 1023 3 208
1023 1023 7 208
1023 1011 9 208
1023 1023 12 208
1023 1023 13 208
1023 1023 16 208
1023 1023 20 208
227 211 9 209
487 484 2 209
487 479 4 209
487 477 6 209
487 489 7 209
487 477 9 209
487 496 19 209
431 433 19 210
69 62 10 211
69 64 10 211
69 56 13 211
69 73 16 211
69 73 17 211
69 73 18 211
484 479 2 211
484 477 4 211
484 489 5 211
484 477 7 211
484 496 17 211
772 762 4 211
772 762 5 211
772 790 19 211
772 766 20 211
1023 1023 4 211
1023 1011 6 211
1023 1023 9 211
1023 1023 10 211
1023 1023 13 211
1023 1023 17 211
926 926 7 212
926 926 13 212
926 926 14 212
926 927 15 212
926 925 17 212
479 477 2 213
479 489 3 213
479 477 5 213
479 496 15 213
479 481 19 213
870 853 1 213
0 0 17 214
0 2 17 214
257 257 3 214
257 257 6 214
257 256 7 214
257 271 8 214
257 257 9 214
257 257 17 214
257 257 20 214
477 489 1 215
477 477 3 215
477 496 13 215
477 481 17 215
762 762 1 215
762 766 16 215
762 753 19 215
1023 1011 2 215
1023 1023 5 215
1023 1023 6 215
1023 1023 9 215
1023 1023 13 215
1023 1023 18 215
186 174 8 216
186 183 10 216
186 178 16 216
489 477 2 216
489 496 12 216
489 481 16 216
762 766 15 216
762 753 18 216
257 257 3 217
257 256 4 217
257 271 5 217
257 257 6 217
257 257 14 217
257 257 17 217
257 261 18 217
1011 1023 3 217
1011 1023 4 217
1011 1023 7 217
1011 1023 11 217
1011 1023 16 217
1011 1023 20 217
94 106 6 218
94 94 12 218
94 112 13 218
211 213 12 218
211 217 17 218
477 496 10 218
477 481 14 218
664 675 17 218
926 926 6 219
926 926 7 219
926 927 8 219
926 925 10 219
926 938 14 219
926 927 19 219
257 256 1 220
257 271 2 220
257 257 3 220
257 257 11 220
257 257 14 220
257 261 15 220
950 950 1 220
950 949 2 220
950 950 3 220
950 949 4 220
950 950 12 220
950 938 13 220
950 949 17 220
950 949 19 220
950 944 20 220
1023 1023 1 220
1023 1023 4 220
1023 1023 8 220
1023 1023 13 220
1023 1023 17 220
1023 1023 19 220
62 56 3 221
62 73 6 221
62 73 7 221
62 73 8 221
62 60 11 221
62 63 11 221
62 47 18 221
64 56 3 221
64 73 6 221
64 73 7 221
64 73 8 221
64 60 11 221
64 63 11 221
64 47 18 221
256 271 1 221
256 257 2 221
256 257 10 221
256 257 13 221
256 261 14 221
950 949 1 221
950 950 2 221
950 949 3 221
950 950 11 221
950 938 12 221
950 949 16 221
950 949 18 221
950 944 19 221
1023 1023 3 221
1023 1023 7 221
1023 1023 12 221
1023 1023 16 221
1023 1023 18 221
271 257 1 222
271 257 9 222
271 257 12 222
271 261 13 222
949 950 1 222
949 949 2 222
949 950 10 222
949 938 11 222
949 949 15 222
949 949 17 222
949 944 18 222
160 174 1 223
160 178 9 223
160 153 13 223
257 257 8 223
257 257 11 223
257 261 12 223
257 270 20 223
950 949 1 223
950 950 9 223
950 938 10 223
950 949 14 223
950 949 16 223
950 944 17 223
56 73 3 224
56 73 4 224
56 73 5 224
56 60 8 224
56 63 8 224
56 47 15 224
106 94 6 224
106 112 7 224
106 122 12 224
106 118 13 224
106 108 16 224
106 108 17 224
174 183 2 224
174 178 8 224
174 191 20 224
398 402 3 224
398 388 15 224
398 379 18 224
949 950 8 224
949 938 9 224
949 949 13 224
949 949 15 224
949 944 16 224
1023 1023 4 224
1023 1023 9 224
1023 1023 13 224
1023 1023 15 224
926 926 1 225
926 927 2 225
926 925 4 225
926 938 8 225
926 927 13 225
926 944 15 225
926 926 17 225
183 178 6 226
183 191 18 226
926 927 1 226
926 925 3 226
926 938 7 226
926 927 12 226
926 944 14 226
926 926 16 226
73 73 1 227
73 73 2 227
73 60 5 227
73 63 5 227
402 388 12 227
402 383 18 227
927 925 2 227
927 938 6 227
927 927 11 227
927 944 13 227
927 926 15 227
73 73 1 228
73 60 4 228
73 63 4 228
73 76 20 228
496 481 4 228
496 477 19 228
1023 1023 5 228
1023 1023 9 228
1023 1023 11 228
73 60 3 229
73 63 3 229
73 76 19 229
433 433 19 229
925 938 4 229
925 927 9 229
925 944 11 229
925 926 13 229
94 112 1 230
94 108 10 230
94 108 11 230
94 76 18 230
94 94 19 230
94 77 20 230
213 217 5 230
213 224 13 230
213 218 18 230
330 341 7 230
0 0 10 231
2 0 10 231
26 22 19 231
112 122 5 231
112 118 6 231
112 108 9 231
112 108 10 231
112 94 18 231
257 257 3 231
257 261 4 231
257 270 12 231
766 753 3 231
766 760 13 231
766 759 14 231
766 754 15 231
60 47 7 232
60 76 16 232
60 51 18 232
60 77 18 232
60 50 20 232
63 47 7 232
63 76 16 232
63 51 18 232
63 77 18 232
63 50 20 232
178 191 12 232
481 477 15 232
950 938 1 232
950 949 5 232
950 949 7 232
950 944 8 232
950 960 18 232
950 949 19 232
300 296 13 233
300 287 17 233
938 949 4 233
938 927 5 233
938 949 6 233
938 944 7 233
938 926 9 233
938 949 18 233
938 949 20 233
1023 1023 4 233
1023 1023 6 233
257 261 1 234
257 270 9 234
753 760 10 234
753 759 11 234
753 754 12 234
217 224 8 235
217 233 11 235
217 218 13 235
261 270 8 235
261 279 9 235
261 257 20 235
675 661 20 235
122 118 1 236
122 108 4 236
122 108 5 236
122 118 16 236
153 152 14 236
153 148 15 236
980 995 5 236
980 991 7 236
980 960 14 236
118 108 3 237
118 108 4 237
118 118 15 237
341 347 16 237
341 341 20 237
949 949 2 237
949 944 3 237
949 960 13 237
949 949 14 237
949 949 16 237
949 949 20 237
1023 1023 2 237
927 944 2 238
927 926 4 238
47 51 11 239
47 50 13 239
47 29 14 239
47 32 14 239
47 61 17 239
47 28 18 239
47 51 18 239
47 29 19 239
47 38 19 239
47 51 20 239
388 379 3 239
388 383 6 239
949 944 1 239
949 960 11 239
949 949 12 239
949 949 14 239
949 949 18 239
949 950 19 239
1023 1023 19 239
108 108 1 240
108 94 9 240
108 118 12 240
108 115 18 240
108 106 19 240
108 107 20 240
944 926 2 240
944 960 10 240
944 949 11 240
944 949 13 240
944 949 17 240
944 950 18 240
944 926 19 240
0 2 11 241
0 12 11 241
0 15 11 241
0 0 15 241
0 1 15 241
0 9 15 241
0 6 20 241
108 94 8 241
108 118 11 241
108 115 17 241
108 106 18 241
108 107 19 241
995 991 2 241
379 383 3 242
926 926 17 242
224 233 3 243
224 218 5 243
224 228 14 243
224 220 18 243
270 279 1 243
270 287 7 243
270 257 12 243
270 258 13 243
270 284 15 243
270 257 16 243
191 190 9 244
191 178 11 244
191 186 18 244
279 296 2 244
279 287 6 244
279 284 14 244
760 759 1 244
760 754 2 244
760 762 12 244
760 762 18 244
760 760 20 244
383 377 18 245
383 365 19 245
759 754 1 245
759 762 11 245
759 762 17 245
759 760 19 245
233 218 2 246
233 228 11 246
233 220 15 246
296 287 4 246
296 284 12 246
754 762 10 246
754 762 16 246
754 760 18 246
76 94 1 248
76 77 2 248
76 73 5 248
76 61 8 248
76 67 9 248
76 63 15 248
76 72 17 248
76 73 20 248
218 228 9 248
218 220 13 248
218 218 20 248
433 414 6 248
570 575 15 248
94 77 1 249
94 106 10 249
94 107 11 249
501 504 13 249
501 507 17 249
22 2 2 250
22 12 2 250
22 15 2 250
22 29 3 250
22 32 3 250
22 9 6 250
22 22 6 250
22 28 7 250
22 29 8 250
22 38 8 250
22 6 11 250
51 50 2 250
51 32 3 250
51 61 6 250
51 51 7 250
51 67 7 250
51 38 8 250
51 51 9 250
51 53 10 250
51 46 13 250
51 63 13 250
51 50 15 250
51 51 18 250
77 73 3 250
77 61 6 250
77 67 7 250
77 63 13 250
77 72 15 250
77 73 18 250
152 148 1 250
152 165 8 250
152 168 9 250
152 167 10 250
152 152 13 250
152 159 14 250
287 284 8 250
287 293 17 250
960 949 1 250
960 949 3 250
960 949 7 250
960 950 8 250
960 960 16 250
960 960 17 250
148 165 7 251
148 167 9 251
148 152 12 251
148 159 13 251
949 949 2 251
949 949 6 251
949 950 7 251
949 960 15 251
949 960 16 251
2 0 4 252
2 1 4 252
2 9 4 252
2 6 9 252
12 29 1 252
12 0 4 252
12 1 4 252
12 9 4 252
12 22 4 252
12 28 5 252
12 29 6 252
12 6 9 252
15 29 1 252
15 32 1 252
15 0 4 252
15 1 4 252
15 9 4 252
15 22 4 252
15 28 5 252
15 29 6 252
15 6 9 252
50 32 1 252
50 61 4 252
50 51 5 252
50 67 5 252
50 38 6 252
50 51 7 252
50 53 8 252
50 46 11 252
50 63 11 252
50 50 13 252
50 51 16 252
118 115 6 252
118 106 7 252
118 107 8 252
118 121 12 252
29 9 3 253
29 22 3 253
29 28 4 253
29 29 5 253
29 38 5 253
29 46 10 253
32 22 3 253
32 28 4 253
32 51 4 253
32 29 5 253
32 38 5 253
32 51 6 253
32 46 10 253
32 50 12 253
32 51 15 253
73 61 3 253
73 67 4 253
73 53 7 253
73 63 10 253
73 72 12 253
73 73 15 253
190 178 2 253
190 186 9 253
190 191 16 253
190 191 17 253
190 189 18 253
190 189 19 253
347 341 4 253
347 341 7 253
347 365 11 253
949 949 4 253
949 950 5 253
949 960 13 253
949 960 14 253
949 949 20 253
653 661 1 254
178 165 3 255
178 168 4 255
178 167 5 255
178 186 7 255
178 159 9 255
178 191 14 255
178 191 15 255
178 189 16 255
178 189 17 255
178 185 20 255
257 258 1 255
257 257 4 255
257 257 15 255
257 258 16 255
0 6 5 256
0 6 19 256
1 6 5 256
1 6 19 256
9 28 1 256
9 6 5 256
9 6 19 256
22 28 1 256
22 29 2 256
22 38 2 256
22 6 5 256
22 6 19 256
61 51 1 256
61 67 1 256
61 51 3 256
61 53 4 256
61 46 7 256
61 63 7 256
61 50 9 256
61 72 9 256
61 51 12 256
61 73 12 256
61 66 18 256
61 55 19 256
258 257 3 256
258 257 14 256
258 258 15 256
762 762 6 256
762 760 8 256
28 29 1 257
28 38 1 257
28 46 6 257
28 42 20 257
51 38 1 257
51 51 2 257
51 53 3 257
51 46 6 257
51 63 6 257
51 50 8 257
51 51 11 257
51 66 17 257
51 55 18 257
51 42 20 257
67 51 2 257
67 53 3 257
67 63 6 257
67 50 8 257
67 72 8 257
67 51 11 257
67 73 11 257
67 66 17 257
67 55 18 257
228 220 4 257
228 218 11 257
228 221 17 257
341 341 3 257
341 341 17 257
341 340 19 257
949 950 1 257
949 960 9 257
949 960 10 257
949 949 16 257
949 950 17 257
29 46 5 258
29 42 19 258
38 51 1 258
38 53 2 258
38 46 5 258
38 50 7 258
38 51 10 258
38 55 17 258
38 42 19 258
115 106 1 258
115 107 2 258
115 121 6 258
115 111 17 258
115 122 18 258
165 168 1 258
165 167 2 258
165 152 5 258
165 159 6 258
165 153 19 258
284 293 9 258
284 284 19 258
950 960 8 258
950 960 9 258
950 949 15 258
950 950 16 258
1023 1023 2 258
1023 1012 12 258
1023 1023 19 258
51 53 1 259
51 46 4 259
51 63 4 259
51 50 6 259
51 51 9 259
51 66 15 259
51 55 16 259
51 42 18 259
106 107 1 259
106 121 5 259
106 111 16 259
106 122 17 259
168 167 1 259
168 186 3 259
168 152 4 259
168 159 5 259
168 185 16 259
168 153 18 259
168 167 20 259
257 257 11 259
257 258 12 259
926 926 6 259
926 926 9 259
926 927 10 259
926 926 16 259
53 46 3 260
53 63 3 260
53 50 5 260
53 72 5 260
53 51 8 260
53 66 14 260
53 55 15 260
53 42 17 260
107 121 4 260
107 111 15 260
107 122 16 260
167 186 2 260
167 152 3 260
167 159 4 260
167 185 15 260
167 153 17 260
167 167 19 260
167 154 20 260
341 341 14 260
341 340 16 260
341 332 19 260
811 815 11 260
811 812 12 260
1023 1012 10 260
1023 1023 17 260
6 6 14 261
220 218 7 261
220 221 13 261
186 191 7 262
186 191 8 262
186 189 9 262
186 189 10 262
186 185 13 262
186 195 16 262
186 167 17 262
504 507 4 262
762 760 2 262
762 760 16 262
46 50 2 263
46 51 5 263
46 55 12 263
46 42 14 263
63 50 2 263
63 72 2 263
63 51 5 263
63 73 5 263
63 66 11 263
63 55 12 263
63 79 19 263
152 159 1 263
152 153 14 263
152 167 16 263
152 154 17 263
152 132 20 263
377 365 1 263
377 383 15 263
377 373 18 263
121 111 11 264
121 122 12 264
121 112 19 264
121 132 19 264
159 153 13 264
159 167 15 264
159 154 16 264
159 148 20 264
365 383 14 264
365 373 17 264
760 760 14 264
50 51 3 265
50 66 9 265
50 55 10 265
50 42 12 265
50 69 19 265
72 73 3 265
72 66 9 265
72 55 10 265
72 79 17 265
72 69 19 265
926 926 3 265
926 927 4 265
926 926 10 265
926 926 19 265
960 960 1 266
960 949 7 266
960 950 8 266
960 978 10 266
960 949 15 266
960 960 17 266
293 311 2 267
293 284 10 267
960 949 6 267
960 950 7 267
960 978 9 267
960 949 14 267
960 960 16 267
960 949 20 267
51 66 6 268
51 55 7 268
51 42 9 268
51 69 16 268
51 48 18 268
51 67 20 268
73 66 6 268
73 55 7 268
73 79 14 268
73 69 16 268
73 67 20 268
218 221 6 268
926 927 1 268
926 926 7 268
926 926 16 268
191 191 1 269
191 189 2 269
191 189 3 269
191 185 6 269
191 195 9 269
191 185 18 269
191 186 19 269
191 201 20 269
311 328 14 269
311 329 17 269
927 926 6 269
927 926 15 269
191 189 1 270
191 189 2 270
191 185 5 270
191 195 8 270
191 185 17 270
191 186 18 270
191 201 19 270
257 258 1 270
1012 1023 7 270
1012 1023 18 270
189 189 1 271
189 185 4 271
189 195 7 271
189 185 16 271
189 186 17 271
189 201 18 271
189 186 20 271
815 812 1 271
189 185 3 272
189 195 6 272
189 185 15 272
189 186 16 272
189 201 17 272
189 186 19 272
189 194 20 272
949 950 1 273
949 949 8 273
949 960 10 273
949 949 14 273
949 950 19 273
66 55 1 274
66 79 8 274
66 69 10 274
66 48 12 274
66 67 14 274
66 67 16 274
66 56 19 274
221 201 15 274
341 340 2 274
341 332 5 274
341 328 9 274
341 329 12 274
341 341 13 274
341 346 15 274
950 949 7 274
950 960 9 274
950 949 13 274
950 950 18 274
55 42 2 275
55 69 9 275
55 48 11 275
55 67 13 275
55 67 15 275
55 37 17 275
55 56 18 275
111 122 1 275
111 112 8 275
111 94 11 275
111 118 12 275
111 112 18 275
111 125 19 275
185 195 3 275
185 167 4 275
185 167 10 275
185 167 11 275
185 185 12 275
185 186 13 275
185 201 14 275
185 186 16 275
185 194 17 275
926 926 9 275
122 112 7 276
122 132 7 276
122 118 11 276
122 112 17 276
122 125 18 276
340 332 3 276
340 328 7 276
340 329 10 276
340 341 11 276
340 346 13 276
978 960 7 276
42 48 9 277
42 37 15 277
42 56 16 277
42 28 18 277
153 167 2 277
153 154 3 277
153 148 7 277
153 167 8 277
153 167 9 277
153 153 19 277
153 148 20 277
716 714 5 277
1023 1023 11 277
1023 1021 16 277
1023 1023 16 277
1023 1023 17 277
1023 1023 20 277
195 185 9 278
195 186 10 278
195 201 11 278
195 186 13 278
195 194 14 278
383 373 3 278
383 369 12 278
383 366 13 278
760 761 13 278
167 154 1 279
167 148 5 279
167 167 6 279
167 167 7 279
167 185 8 279
167 186 9 279
167 186 12 279
167 153 17 279
167 148 18 279
332 328 4 279
332 329 7 279
332 341 8 279
332 346 10 279
332 337 19 279
154 148 4 280
154 167 5 280
154 167 6 280
154 153 16 280
154 148 17 280
154 135 18 280
154 135 20 280
411 414 8 280
847 856 5 280
847 855 6 280
373 369 9 281
373 366 10 281
373 383 18 281
949 960 2 281
949 949 6 281
949 950 11 281
79 69 2 282
79 94 4 282
79 67 6 282
79 67 8 282
79 74 18 282
79 69 19 282
714 711 20 282
112 94 3 283
112 118 4 283
112 112 10 283
112 125 11 283
132 148 1 283
132 118 4 283
132 112 10 283
132 125 11 283
132 148 14 283
132 135 15 283
132 135 17 283
328 329 3 283
328 341 4 283
328 346 6 283
328 337 15 283
960 949 4 283
960 950 9 283
69 67 4 284
69 67 6 284
69 56 9 284
69 74 16 284
69 69 17 284
148 167 1 284
148 167 2 284
148 153 12 284
148 148 13 284
148 135 14 284
148 135 16 284
148 160 17 284
438 439 13 284
438 437 16 284
926 926 15 284
926 926 16 284
167 167 1 285
167 185 2 285
167 186 3 285
167 186 6 285
167 153 11 285
167 148 12 285
167 160 16 285
856 855 1 285
48 67 2 286
48 67 4 286
48 37 6 286
48 56 7 286
48 28 9 286
48 30 14 286
48 40 14 286
94 112 7 286
94 74 14 286
167 185 1 286
167 186 2 286
167 186 5 286
167 153 10 286
167 148 11 286
167 160 15 286
167 180 20 286
329 341 1 286
329 346 3 286
329 337 12 286
329 311 18 286
118 112 6 287
118 125 7 287
118 135 11 287
118 135 13 287
185 186 1 287
185 201 2 287
185 186 4 287
185 194 5 287
185 194 17 287
185 180 19 287
341 346 2 287
341 337 11 287
949 950 5 287
67 67 2 288
67 56 5 288
67 74 12 288
67 69 13 288
186 201 1 288
186 186 3 288
186 194 4 288
186 194 16 288
186 180 18 288
414 407 17 288
1023 1021 5 288
1023 1023 5 288
1023 1023 6 288
1023 1023 9 288
1023 1023 13 288
201 186 2 289
201 194 3 289
201 217 6 289
201 216 10 289
201 194 15 289
201 206 16 289
346 337 9 289
346 341 19 289
584 582 6 289
584 574 8 289
584 576 12 289
67 56 3 290
67 74 10 290
67 69 11 290
67 61 19 290
67 69 19 290
369 366 1 290
369 383 9 290
186 194 1 291
186 194 13 291
186 180 15 291
366 383 8 291
761 761 13 291
761 761 14 291
37 56 1 292
37 28 3 292
37 30 8 292
37 40 8 292
194 194 12 292
194 206 13 292
194 180 14 292
194 186 20 292
258 257 1 292
258 242 2 292
258 257 2 292
258 258 15 292
258 256 18 292
258 256 19 292
950 949 20 292
56 40 7 293
56 74 7 293
56 69 8 293
56 61 16 293
56 69 16 293
112 125 1 293
257 242 1 293
257 257 1 293
257 258 14 293
257 256 17 293
257 256 18 293
257 241 20 293
1021 1023 1 293
1021 1023 4 293
1021 1023 8 293
1021 1023 16 293
1023 1023 1 293
1023 1023 4 293
1023 1023 8 293
1023 1023 16 293
125 135 4 294
125 135 6 294
242 258 13 294
242 256 16 294
242 256 17 294
242 241 19 294
257 258 13 294
257 256 16 294
257 256 17 294
257 241 19 294
901 900 2 294
901 901 4 294
901 896 9 294
901 900 17 294
1023 1023 3 294
1023 1023 7 294
1023 1023 15 294
28 30 5 295
28 40 5 295
217 216 4 295
217 206 10 295
479 480 1 295
582 574 2 295
582 576 6 295
153 148 1 296
153 135 2 296
153 135 4 296
153 160 5 296
900 901 2 296
900 896 7 296
900 900 15 296
148 135 1 297
148 135 3 297
148 160 4 297
439 437 3 297
439 420 20 297
574 576 4 297
1023 1023 4 297
1023 1023 12 297
135 135 2 298
135 118 20 298
337 341 10 298
337 349 16 298
337 353 18 298
901 896 5 298
901 900 13 298
216 206 6 299
216 234 19 299
926 926 1 299
926 926 10 299
926 927 11 299
30 39 16 300
40 39 16 300
74 69 1 300
74 61 9 300
74 69 9 300
74 62 17 300
74 62 19 300
74 64 19 300
135 118 18 300
437 420 17 300
437 426 19 300
926 926 9 300
926 927 10 300
69 61 8 301
69 69 8 301
69 62 16 301
69 62 18 301
69 64 18 301
69 74 20 301
300 311 3 301
300 309 11 301
300 287 12 301
1023 1023 8 301
711 698 4 302
711 691 5 302
896 900 8 303
194 206 1 304
194 180 2 304
194 186 8 304
194 206 16 304
194 186 17 304
194 177 18 304
194 185 20 304
311 309 8 304
761 761 1 304
761 763 12 304
761 761 16 304
206 186 7 305
206 206 15 305
206 186 16 305
407 420 12 305
407 426 14 305
407 393 15 305
761 763 11 305
761 761 15 305
180 186 6 306
180 186 15 306
180 177 16 306
180 165 17 306
180 185 18 306
698 691 1 306
258 256 3 307
258 256 4 307
258 241 6 307
258 260 11 307
258 246 12 307
258 238 20 307
341 349 6 308
341 358 7 308
341 353 8 308
341 337 15 308
341 352 16 308
341 346 17 308
341 343 18 308
61 62 8 309
61 62 10 309
61 64 10 309
61 74 12 309
61 56 13 309
61 47 14 309
61 67 14 309
61 43 15 309
61 44 16 309
61 53 18 309
61 71 18 309
61 53 19 309
69 62 8 309
69 62 10 309
69 64 10 309
69 74 12 309
69 56 13 309
69 67 14 309
69 53 18 309
69 71 18 309
69 53 19 309
926 927 1 309
926 926 12 309
1023 1023 20 309
256 256 1 310
256 241 3 310
256 260 8 310
256 246 9 310
256 238 17 310
927 926 11 310
256 241 2 311
256 260 7 311
256 246 8 311
256 238 16 311
186 186 9 312
186 177 10 312
186 185 12 312
186 204 16 312
949 960 15 312
949 949 16 312
949 961 18 312
949 959 19 312
241 234 5 313
241 260 5 313
241 246 6 313
241 238 14 313
522 516 1 313
522 511 2 313
349 358 1 314
349 353 2 314
349 337 9 314
349 352 10 314
349 346 11 314
349 343 12 314
349 338 18 314
516 511 1 314
358 353 1 315
358 352 9 315
358 346 10 315
358 343 11 315
358 376 13 315
358 338 17 315
39 28 6 316
39 56 6 316
39 47 7 316
39 29 8 316
39 43 8 316
39 44 9 316
39 24 10 316
39 37 10 316
39 53 11 316
39 53 12 316
39 50 14 316
39 26 15 316
39 55 15 316
39 37 20 316
353 337 7 316
353 352 8 316
353 346 9 316
353 343 10 316
353 338 16 316
763 761 4 316
62 62 2 317
62 64 2 317
62 74 4 317
62 56 5 317
62 47 6 317
62 67 6 317
62 43 7 317
62 44 8 317
62 53 10 317
62 71 10 317
62 53 11 317
62 50 13 317
62 73 13 317
62 55 14 317
62 71 14 317
62 62 17 317
420 426 2 317
420 431 5 317
420 417 10 317
420 419 20 317
817 820 6 317
817 820 7 317
817 819 8 317
817 818 9 317
234 246 1 318
234 238 9 318
234 218 13 318
260 246 1 318
597 602 19 318
62 74 2 319
62 56 3 319
62 47 4 319
62 67 4 319
62 43 5 319
62 44 6 319
62 53 8 319
62 71 8 319
62 53 9 319
62 50 11 319
62 73 11 319
62 55 12 319
62 71 12 319
62 62 15 319
62 48 20 319
64 74 2 319
64 56 3 319
64 47 4 319
64 67 4 319
64 44 6 319
64 53 8 319
64 71 8 319
64 53 9 319
64 50 11 319
64 73 11 319
64 55 12 319
64 71 12 319
64 62 15 319
64 48 20 319
246 238 8 319
246 260 20 319
426 431 3 319
426 417 8 319
426 419 18 319
426 407 19 319
979 960 8 319
979 978 10 319
979 961 11 319
979 959 12 319
979 972 14 319
206 186 1 320
206 204 8 320
206 218 11 320
206 204 18 320
206 204 20 320
393 376 8 320
393 407 18 320
761 762 20 320
74 56 1 321
74 67 2 321
74 71 6 321
74 73 9 321
74 55 10 321
74 71 10 321
74 62 13 321
74 90 16 321
74 89 17 321
186 177 1 321
186 185 3 321
186 204 7 321
186 180 15 321
186 204 17 321
186 178 18 321
186 204 19 321
186 204 20 321
28 47 1 322
28 29 2 322
28 43 2 322
28 44 3 322
28 24 4 322
28 37 4 322
28 26 9 322
28 37 14 322
56 47 1 322
56 67 1 322
56 43 2 322
56 44 3 322
56 37 4 322
56 53 5 322
56 71 5 322
56 53 6 322
56 50 8 322
56 73 8 322
56 55 9 322
56 71 9 322
56 62 12 322
56 37 14 322
56 48 17 322
177 165 1 322
177 185 2 322
177 157 12 322
177 180 14 322
177 178 17 322
431 417 5 322
431 419 15 322
47 29 1 323
47 43 1 323
47 44 2 323
47 37 3 323
47 53 4 323
47 53 5 323
47 50 7 323
47 55 8 323
47 62 11 323
47 37 13 323
47 48 16 323
67 53 4 323
67 71 4 323
67 53 5 323
67 50 7 323
67 73 7 323
67 55 8 323
67 71 8 323
67 62 11 323
67 48 16 323
165 157 11 323
165 180 13 323
165 178 16 323
337 352 1 323
337 346 2 323
337 343 3 323
337 338 9 323
337 338 19 323
820 820 1 323
820 819 2 323
820 818 3 323
820 821 19 323
820 821 20 323
29 44 1 324
29 24 2 324
29 37 2 324
29 26 7 324
29 37 12 324
29 48 15 324
29 30 20 324
29 31 20 324
43 44 1 324
43 24 2 324
43 37 2 324
43 53 3 324
43 53 4 324
43 50 6 324
43 26 7 324
43 55 7 324
43 62 10 324
43 37 12 324
43 48 15 324
43 30 20 324
43 31 20 324
185 204 4 324
185 180 12 324
185 204 14 324
185 178 15 324
185 204 16 324
185 204 17 324
352 346 1 324
352 343 2 324
352 338 8 324
352 338 18 324
820 819 1 324
820 818 2 324
820 821 18 324
820 821 19 324
44 24 1 325
44 37 1 325
44 53 2 325
44 53 3 325
44 50 5 325
44 26 6 325
44 55 6 325
44 62 9 325
44 37 11 325
44 48 14 325
44 30 19 325
44 31 19 325
346 343 1 325
346 338 7 325
346 338 17 325
819 818 1 325
819 821 17 325
819 821 18 325
24 26 5 326
24 37 10 326
24 30 18 326
24 31 18 326
24 4 20 326
37 53 1 326
37 53 2 326
37 50 4 326
37 26 5 326
37 55 5 326
37 37 10 326
37 48 13 326
37 30 18 326
37 31 18 326
343 338 6 326
343 338 16 326
818 821 16 326
818 821 17 326
53 53 1 327
53 50 3 327
53 55 4 327
53 71 4 327
53 62 7 327
53 37 9 327
53 48 12 327
53 72 17 327
53 66 18 327
71 53 1 327
71 73 3 327
71 55 4 327
71 71 4 327
71 62 7 327
71 90 10 327
71 89 11 327
71 72 17 327
71 66 18 327
238 218 4 327
238 237 19 327
417 419 10 327
417 407 11 327
417 405 19 327
960 949 1 327
960 978 2 327
960 961 3 327
960 959 4 327
960 972 6 327
960 949 7 327
960 949 14 327
960 948 18 327
53 50 2 328
53 55 3 328
53 71 3 328
53 62 6 328
53 37 8 328
53 48 11 328
53 72 16 328
53 66 17 328
204 218 3 328
204 204 10 328
204 204 12 328
204 204 13 328
204 201 19 328
204 199 20 328
376 389 19 328
376 387 20 328
949 961 2 328
949 959 3 328
949 949 6 328
949 949 13 328
949 948 17 328
978 961 1 329
978 959 2 329
978 972 4 329
978 984 17 329
1023 1023 7 329
1023 1023 13 329
1023 1023 19 329
50 55 1 330
50 62 4 330
50 37 6 330
50 48 9 330
50 30 14 330
50 31 14 330
50 66 15 330
73 55 1 330
73 71 1 330
73 62 4 330
73 90 7 330
73 89 8 330
73 72 14 330
73 66 15 330
961 959 1 330
961 972 3 330
961 949 4 330
961 949 11 330
961 948 15 330
26 37 5 331
26 30 13 331
26 31 13 331
55 62 3 331
55 37 5 331
55 48 8 331
55 72 13 331
55 66 14 331
71 62 3 331
71 90 6 331
71 89 7 331
71 72 13 331
71 66 14 331
218 204 7 331
218 204 9 331
218 204 10 331
218 237 15 331
218 201 16 331
218 199 17 331
218 199 18 331
218 200 19 331
218 199 20 331
959 972 2 331
959 949 3 331
959 949 10 331
959 948 14 331
338 338 10 332
900 900 4 332
972 984 13 333
62 48 5 334
62 72 10 334
62 66 11 334
949 949 7 334
949 948 11 334
37 48 3 336
37 30 8 336
37 31 8 336
180 178 3 336
180 199 12 336
180 199 13 336
180 199 15 336
180 197 16 336
180 196 18 336
477 473 5 336
1023 1023 6 336
1023 1023 12 336
1023 1023 20 336
90 89 1 337
90 72 7 337
90 73 18 337
90 73 19 337
90 73 20 337
419 407 1 337
419 405 9 337
602 606 18 337
89 72 6 338
89 73 17 338
89 73 18 338
89 73 19 338
204 204 2 338
204 204 3 338
204 201 9 338
204 199 10 338
204 199 11 338
204 200 12 338
204 199 13 338
204 197 14 338
204 202 15 338
204 196 16 338
407 405 8 338
407 389 9 338
407 387 10 338
407 387 12 338
407 389 13 338
407 394 14 338
566 572 9 338
566 573 10 338
566 565 11 338
566 572 12 338
566 576 14 338
566 573 15 338
566 573 16 338
48 30 5 339
48 31 5 339
48 66 6 339
113 126 12 339
178 197 13 339
178 196 15 339
260 248 16 339
260 255 16 339
260 245 17 339
260 249 18 339
260 259 18 339
260 249 19 339
260 253 20 339
260 279 20 339
204 204 1 340
204 201 7 340
204 199 8 340
204 199 9 340
204 200 10 340
204 199 11 340
204 197 12 340
204 202 13 340
204 196 14 340
204 201 6 341
204 199 7 341
204 199 8 341
204 200 9 341
204 199 10 341
204 197 11 341
204 202 12 341
204 196 13 341
949 948 4 341
821 821 1 342
1023 1023 6 342
1023 1023 14 342
72 66 1 344
72 73 11 344
72 73 12 344
72 73 13 344
782 783 13 344
782 784 15 344
782 784 16 344
66 73 10 345
66 73 11 345
66 73 12 345
948 964 17 345
948 949 19 345
948 950 20 345
4 2 17 346
237 248 9 346
237 255 9 346
237 245 10 346
237 249 11 346
237 249 12 346
237 253 13 346
237 256 16 346
405 389 1 346
405 387 2 346
405 387 4 346
405 389 5 346
405 394 6 346
984 964 16 346
201 199 1 347
201 199 2 347
201 200 3 347
201 199 4 347
201 197 5 347
201 202 6 347
201 196 7 347
201 196 17 347
389 387 1 347
389 387 3 347
389 389 4 347
389 394 5 347
572 573 1 347
572 565 2 347
572 572 3 347
572 576 5 347
572 573 6 347
572 573 7 347
199 199 1 348
199 200 2 348
199 199 3 348
199 197 4 348
199 202 5 348
199 196 6 348
199 196 16 348
199 196 20 348
387 387 2 348
387 389 3 348
387 394 4 348
573 565 1 348
573 572 2 348
573 576 4 348
573 573 5 348
573 573 6 348
1023 1023 8 348
1023 1011 15 348
199 200 1 349
199 199 2 349
199 197 3 349
199 202 4 349
199 196 5 349
199 196 15 349
199 196 19 349
293 294 4 349
293 294 5 349
293 303 7 349
293 292 9 349
293 279 10 349
565 572 1 349
565 576 3 349
565 573 4 349
565 573 5 349
200 199 1 350
200 197 2 350
200 202 3 350
200 196 4 350
200 196 14 350
200 196 18 350
387 389 1 350
387 394 2 350
572 576 2 350
572 573 3 350
572 573 4 350
126 113 14 351
126 114 17 351
126 115 18 351
199 197 1 351
199 202 2 351
199 196 3 351
199 196 13 351
199 196 17 351
389 394 1 351
197 202 1 352
197 196 2 352
197 196 12 352
197 196 16 352
197 178 17 352
576 573 1 352
576 573 2 352
202 196 1 353
202 196 11 353
202 196 15 353
202 196 20 353
294 294 1 353
294 303 3 353
294 292 5 353
294 279 6 353
573 573 1 353
196 196 10 354
196 196 14 354
196 178 15 354
196 196 19 354
294 303 2 354
294 292 4 354
294 279 5 354
73 73 1 355
73 73 2 355
73 53 15 355
248 245 1 355
248 249 2 355
248 259 2 355
248 249 3 355
248 253 4 355
248 256 7 355
248 257 8 355
248 262 10 355
248 257 18 355
248 242 20 355
248 259 20 355
255 245 1 355
255 249 2 355
255 259 2 355
255 249 3 355
255 253 4 355
255 256 7 355
255 257 8 355
255 262 10 355
255 272 14 355
255 257 18 355
255 242 20 355
255 259 20 355
73 73 1 356
73 53 14 356
245 249 1 356
245 259 1 356
245 249 2 356
245 253 3 356
245 256 6 356
245 257 7 356
245 262 9 356
245 257 17 356
245 242 19 356
245 259 19 356
303 292 2 356
857 856 2 356
857 856 5 356
857 846 12 356
1023 1011 7 356
73 53 13 357
249 249 1 357
249 253 2 357
249 256 5 357
249 257 6 357
249 262 8 357
249 257 16 357
249 242 18 357
249 259 18 357
249 257 20 357
259 249 1 357
259 253 2 357
259 256 5 357
259 257 6 357
259 262 8 357
259 272 12 357
259 257 16 357
259 242 18 357
259 259 18 357
259 257 20 357
783 784 2 357
783 784 3 357
783 801 19 357
249 253 1 358
249 256 4 358
249 257 5 358
249 262 7 358
249 257 15 358
249 242 17 358
249 259 17 358
249 257 19 358
249 257 20 358
292 279 1 358
292 272 11 358
856 856 3 358
856 846 10 358
253 256 3 359
253 257 4 359
253 262 6 359
253 272 10 359
253 257 14 359
253 242 16 359
253 259 16 359
253 257 18 359
253 257 19 359
279 262 6 359
279 272 10 359
279 259 16 359
784 784 1 359
784 801 17 359
784 801 16 360
856 846 7 361
256 257 1 362
256 262 3 362
256 272 7 362
256 257 11 362
256 242 13 362
256 259 13 362
256 257 15 362
256 257 16 362
256 258 18 362
964 949 2 362
964 950 3 362
964 950 5 362
964 950 7 362
964 950 9 362
964 950 10 362
964 950 11 362
964 949 12 362
964 950 13 362
964 949 15 362
964 949 16 362
964 950 17 362
95 113 2 363
95 114 5 363
95 110 10 363
95 114 15 363
95 112 16 363
257 262 2 363
257 272 6 363
257 257 10 363
257 242 12 363
257 259 12 363
257 257 14 363
257 257 15 363
257 258 17 363
196 196 4 364
196 178 5 364
196 196 9 364
196 196 15 364
480 477 8 364
480 494 19 364
949 950 1 364
949 950 3 364
949 950 5 364
949 950 7 364
949 950 8 364
949 950 9 364
949 949 10 364
949 950 11 364
949 949 13 364
949 949 14 364
949 950 15 364
949 949 19 364
949 950 20 364
113 114 3 365
113 115 4 365
113 110 8 365
113 114 13 365
113 112 14 365
262 272 4 365
262 257 8 365
262 242 10 365
262 259 10 365
262 257 12 365
262 257 13 365
262 258 15 365
950 950 2 365
950 950 4 365
950 950 6 365
950 950 7 365
950 950 8 365
950 949 9 365
950 950 10 365
950 949 12 365
950 949 13 365
950 950 14 365
950 949 18 365
950 950 19 365
950 949 20 365
901 901 14 366
901 900 15 366
950 950 2 367
950 950 4 367
950 950 5 367
950 950 6 367
950 949 7 367
950 950 8 367
950 949 10 367
950 949 11 367
950 950 12 367
950 949 16 367
950 950 17 367
950 949 18 367
950 949 19 367
114 115 1 368
114 110 5 368
114 114 10 368
114 112 11 368
196 178 1 368
196 196 5 368
196 196 11 368
426 426 13 368
846 856 14 368
115 110 4 369
115 114 9 369
115 112 10 369
178 196 4 369
178 163 9 369
178 196 10 369
178 171 18 369
272 257 4 369
272 259 6 369
272 257 8 369
272 257 9 369
272 258 11 369
272 259 20 369
950 950 2 369
950 950 3 369
950 950 4 369
950 949 5 369
950 950 6 369
950 949 8 369
950 949 9 369
950 950 10 369
950 949 14 369
950 950 15 369
950 949 16 369
950 949 17 369
950 950 19 369
53 53 8 370
53 55 13 370
658 669 17 370
950 950 1 371
950 950 2 371
950 949 3 371
950 950 4 371
950 949 6 371
950 949 7 371
950 950 8 371
950 949 12 371
950 950 13 371
950 949 14 371
950 949 15 371
950 950 17 371
950 950 20 371
477 494 11 372
477 482 15 372
950 950 1 372
950 949 2 372
950 950 3 372
950 949 5 372
950 949 6 372
950 950 7 372
950 949 11 372
950 950 12 372
950 949 13 372
950 949 14 372
950 950 16 372
950 950 19 372
110 114 5 373
110 112 6 373
196 196 6 373
257 242 2 373
257 259 2 373
257 257 4 373
257 257 5 373
257 258 7 373
257 259 16 373
950 949 1 373
950 950 2 373
950 949 4 373
950 949 5 373
950 950 6 373
950 949 10 373
950 950 11 373
950 949 12 373
950 949 13 373
950 950 15 373
950 950 18 373
949 950 1 374
949 949 3 374
949 949 4 374
949 950 5 374
949 949 9 374
949 950 10 374
949 949 11 374
949 949 12 374
949 950 14 374
949 950 17 374
242 257 2 375
242 257 3 375
242 258 5 375
242 228 14 375
242 259 14 375
259 257 2 375
259 257 3 375
259 258 5 375
259 259 14 375
950 949 2 375
950 949 3 375
950 950 4 375
950 949 8 375
950 950 9 375
950 949 10 375
950 949 11 375
950 950 13 375
950 950 16 375
257 257 1 377
257 258 3 377
257 259 12 377
949 949 1 377
949 950 2 377
949 949 6 377
949 950 7 377
949 949 8 377
949 949 9 377
949 950 11 377
949 950 14 377
53 55 5 378
53 49 18 378
53 59 19 378
53 51 20 378
114 112 1 378
114 121 17 378
114 106 18 378
114 95 19 378
114 107 20 378
163 149 4 378
163 149 6 378
163 171 9 378
163 182 17 378
163 170 18 378
257 258 2 378
257 259 11 378
949 950 1 378
949 949 5 378
949 950 6 378
949 949 7 378
949 949 8 378
949 950 10 378
949 950 13 378
949 949 20 378
112 121 16 379
112 106 17 379
112 95 18 379
112 107 19 379
196 182 16 379
950 949 4 379
950 950 5 379
950 949 6 379
950 949 7 379
950 950 9 379
950 950 12 379
950 949 19 379
950 948 20 379
258 259 9 380
901 900 1 380
901 900 15 380
426 415 19 381
426 436 20 381
900 900 14 381
900 901 20 381
149 149 2 382
149 133 17 382
149 155 19 382
448 436 19 382
55 49 13 383
55 59 14 383
55 51 15 383
494 482 4 383
494 480 16 383
949 950 1 383
949 949 2 383
949 949 3 383
949 950 5 383
949 950 8 383
949 949 15 383
949 948 16 383
949 949 17 383
149 133 15 384
149 155 17 384
149 157 19 384
149 145 20 384
950 949 1 384
950 949 2 384
950 950 4 384
950 950 7 384
950 949 14 384
950 948 15 384
950 949 16 384
949 949 1 385
949 950 3 385
949 950 6 385
949 949 13 385
949 948 14 385
949 949 15 385
949 950 2 386
949 950 5 386
949 949 12 386
949 948 13 386
949 949 14 386
171 182 8 387
171 170 9 387
171 155 14 387
171 157 16 387
171 153 18 387
482 480 12 387
482 468 15 387
669 679 2 387
950 950 3 388
950 949 10 388
950 948 11 388
950 949 12 388
950 949 19 388
950 949 20 388
228 226 8 389
228 229 9 389
228 212 11 389
392 395 2 390
392 395 3 390
392 383 8 390
573 560 2 390
573 560 3 390
573 557 4 390
573 568 12 390
573 575 13 390
950 949 7 391
950 948 8 391
950 949 9 391
950 949 16 391
950 949 17 391
950 949 20 391
395 395 1 392
395 383 6 392
395 414 16 392
395 389 20 392
560 560 1 392
560 557 2 392
560 568 10 392
560 575 11 392
395 383 5 393
395 414 15 393
395 389 19 393
560 557 1 393
560 568 9 393
560 575 10 393
557 568 8 394
557 575 9 394
121 106 1 395
121 107 3 395
121 133 4 395
121 121 9 395
121 122 11 395
121 131 11 395
121 125 13 395
121 133 13 395
121 122 17 395
121 122 19 395
182 170 1 395
182 183 14 395
900 901 6 395
900 900 20 395
49 59 1 396
49 51 2 396
49 48 10 396
49 43 12 396
49 31 15 396
49 40 16 396
49 55 17 396
49 49 19 396
49 63 19 396
49 30 20 396
49 50 20 396
106 95 1 396
106 107 2 396
106 121 8 396
106 122 10 396
106 125 12 396
106 122 16 396
106 122 18 396
106 123 20 396
170 155 5 396
170 157 7 396
170 153 9 396
170 183 13 396
980 991 1 396
59 51 1 397
59 78 6 397
59 48 9 397
59 43 11 397
59 40 15 397
59 55 16 397
59 49 18 397
59 63 18 397
59 50 19 397
95 107 1 397
95 78 6 397
226 229 1 397
226 212 3 397
226 211 14 397
226 211 18 397
306 288 12 397
306 299 16 397
6 3 4 398
6 5 8 398
6 7 8 398
6 0 9 398
6 1 9 398
6 4 9 398
6 7 9 398
6 15 9 398
6 2 13 398
6 4 13 398
6 7 13 398
6 21 13 398
6 2 15 398
6 5 15 398
6 10 17 398
7 3 4 398
7 5 8 398
7 7 8 398
7 0 9 398
7 1 9 398
7 4 9 398
7 7 9 398
7 15 9 398
7 2 13 398
7 4 13 398
7 7 13 398
7 21 13 398
7 2 15 398
7 5 15 398
7 26 15 398
7 10 17 398
51 48 8 398
51 43 10 398
51 31 13 398
51 40 14 398
51 55 15 398
51 49 17 398
51 63 17 398
51 50 18 398
51 31 20 398
107 121 6 398
107 122 8 398
107 125 10 398
107 122 14 398
107 122 16 398
107 123 18 398
229 212 2 398
229 211 13 398
229 211 17 398
383 389 14 398
949 948 1 398
949 949 2 398
949 949 9 398
949 949 10 398
949 949 13 398
949 949 14 398
949 950 18 398
133 121 5 399
133 145 5 399
133 122 7 399
133 131 7 399
133 125 9 399
133 133 9 399
133 122 13 399
133 147 14 399
133 122 15 399
133 123 17 399
133 128 17 399
133 119 20 399
480 468 3 399
948 949 1 399
948 949 8 399
948 949 9 399
948 949 12 399
948 949 13 399
948 950 17 399
212 211 11 400
212 211 15 400
415 414 8 400
949 949 7 400
949 949 8 400
949 949 11 400
949 949 12 400
949 950 16 400
1023 1023 8 400
1023 1023 13 400
155 157 2 401
155 145 3 401
155 153 4 401
155 147 12 401
155 154 16 401
901 900 14 401
901 901 17 401
3 5 4 402
3 7 4 402
3 0 5 402
3 1 5 402
3 4 5 402
3 7 5 402
3 15 5 402
3 2 9 402
3 4 9 402
3 7 9 402
3 21 9 402
3 2 11 402
3 5 11 402
3 10 13 402
3 6 17 402
3 7 17 402
568 575 1 402
78 63 12 403
78 61 17 403
78 69 17 403
78 61 20 403
157 145 1 403
157 153 2 403
157 147 10 403
157 154 14 403
342 350 4 403
342 338 13 403
121 122 2 404
121 131 2 404
121 125 4 404
121 133 4 404
121 122 8 404
121 122 10 404
121 123 12 404
121 128 12 404
121 119 15 404
145 153 1 404
145 131 2 404
145 125 4 404
145 133 4 404
145 147 9 404
145 128 12 404
145 154 13 404
645 655 5 404
645 652 9 404
153 133 3 405
153 147 8 405
153 154 12 405
926 926 9 405
926 926 15 405
926 927 18 405
5 0 1 406
5 1 1 406
5 4 1 406
5 7 1 406
5 15 1 406
5 2 5 406
5 4 5 406
5 7 5 406
5 21 5 406
5 2 7 406
5 5 7 406
5 10 9 406
5 6 13 406
5 7 13 406
5 1 18 406
7 0 1 406
7 1 1 406
7 4 1 406
7 7 1 406
7 15 1 406
7 2 5 406
7 4 5 406
7 7 5 406
7 21 5 406
7 2 7 406
7 5 7 406
7 26 7 406
7 10 9 406
7 6 13 406
7 7 13 406
7 1 18 406
48 43 2 406
48 31 5 406
48 40 6 406
48 55 7 406
48 28 9 406
48 49 9 406
48 63 9 406
48 30 10 406
48 50 10 406
48 28 12 406
48 31 12 406
48 55 13 406
48 61 14 406
48 49 16 406
48 61 17 406
122 125 2 406
122 133 2 406
122 122 6 406
122 122 8 406
122 123 10 406
122 128 10 406
122 119 13 406
122 116 20 406
131 125 2 406
131 133 2 406
131 122 6 406
131 147 7 406
131 122 8 406
131 123 10 406
131 128 10 406
131 119 13 406
131 116 20 406
0 2 4 407
0 4 4 407
0 7 4 407
0 2 6 407
0 5 6 407
0 10 8 407
0 6 12 407
0 7 12 407
0 1 17 407
1 2 4 407
1 4 4 407
1 7 4 407
1 2 6 407
1 5 6 407
1 10 8 407
1 6 12 407
1 7 12 407
1 1 17 407
4 2 4 407
4 4 4 407
4 7 4 407
4 21 4 407
4 2 6 407
4 5 6 407
4 10 8 407
4 6 12 407
4 7 12 407
4 1 17 407
7 2 4 407
7 4 4 407
7 7 4 407
7 21 4 407
7 2 6 407
7 5 6 407
7 26 6 407
7 10 8 407
7 6 12 407
7 7 12 407
7 1 17 407
15 2 4 407
15 4 4 407
15 7 4 407
15 21 4 407
15 31 4 407
15 27 5 407
15 2 6 407
15 5 6 407
15 26 6 407
15 10 8 407
15 28 8 407
15 30 9 407
15 28 11 407
15 31 11 407
15 6 12 407
15 7 12 407
15 1 17 407
350 338 9 407
350 365 12 407
949 949 1 407
949 949 4 407
949 949 5 407
949 950 9 407
949 960 14 407
949 949 18 407
43 31 3 408
43 27 4 408
43 40 4 408
43 26 5 408
43 55 5 408
43 28 7 408
43 49 7 408
43 30 8 408
43 50 8 408
43 28 10 408
43 31 10 408
43 55 11 408
43 61 12 408
43 49 14 408
43 61 15 408
125 122 4 408
125 122 6 408
125 123 8 408
125 128 8 408
125 119 11 408
125 116 18 408
125 107 19 408
133 122 4 408
133 147 5 408
133 122 6 408
133 123 8 408
133 128 8 408
133 119 11 408
133 116 18 408
949 949 3 408
949 949 4 408
949 950 8 408
949 960 13 408
949 949 17 408
949 949 20 408
1023 1023 5 408
1023 1023 13 408
1023 1011 18 408
1023 1023 20 408
183 180 14 409
183 185 15 409
183 194 17 409
183 196 19 409
288 299 4 409
288 277 5 409
288 276 12 409
288 302 13 409
288 272 16 409
288 273 17 409
655 652 4 409
761 761 9 410
2 2 2 411
2 5 2 411
2 10 4 411
2 6 8 411
2 7 8 411
2 1 13 411
2 7 17 411
2 21 19 411
4 2 2 411
4 5 2 411
4 10 4 411
4 6 8 411
4 7 8 411
4 1 13 411
4 7 17 411
4 21 19 411
7 2 2 411
7 5 2 411
7 26 2 411
7 10 4 411
7 6 8 411
7 7 8 411
7 1 13 411
7 7 17 411
7 21 19 411
21 27 1 411
21 40 1 411
21 2 2 411
21 5 2 411
21 26 2 411
21 10 4 411
21 28 4 411
21 30 5 411
21 28 7 411
21 31 7 411
21 6 8 411
21 7 8 411
21 1 13 411
21 7 17 411
21 21 19 411
31 27 1 411
31 40 1 411
31 26 2 411
31 28 4 411
31 49 4 411
31 30 5 411
31 50 5 411
31 28 7 411
31 31 7 411
31 49 11 411
31 21 19 411
31 47 20 411
211 211 4 411
211 194 15 411
211 196 17 411
211 196 19 411
256 256 13 411
256 272 14 411
256 273 15 411
256 256 16 411
256 256 20 411
949 949 1 411
949 950 5 411
949 960 10 411
949 949 14 411
949 949 17 411
27 26 1 412
27 10 3 412
27 28 3 412
27 30 4 412
27 28 6 412
27 31 6 412
27 7 7 412
27 7 16 412
27 21 18 412
27 8 20 412
27 23 20 412
40 26 1 412
40 55 1 412
40 28 3 412
40 49 3 412
40 30 4 412
40 50 4 412
40 28 6 412
40 31 6 412
40 55 7 412
40 49 10 412
40 21 18 412
40 56 18 412
40 47 19 412
40 23 20 412
40 51 20 412
122 122 2 412
122 123 4 412
122 128 4 412
122 119 7 412
122 116 14 412
122 107 15 412
122 108 19 412
122 106 20 412
389 388 16 412
389 404 17 412
389 394 20 412
949 950 4 412
949 960 9 412
949 949 13 412
949 949 16 412
2 10 2 413
2 6 6 413
2 7 6 413
2 1 11 413
2 7 15 413
2 21 17 413
2 8 19 413
5 10 2 413
5 6 6 413
5 7 6 413
5 1 11 413
5 7 15 413
5 21 17 413
5 8 19 413
5 23 19 413
26 10 2 413
26 28 2 413
26 30 3 413
26 28 5 413
26 31 5 413
26 6 6 413
26 7 6 413
26 7 15 413
26 21 17 413
26 8 19 413
26 23 19 413
55 49 2 413
55 63 2 413
55 50 3 413
55 55 6 413
55 61 7 413
55 69 7 413
55 49 9 413
55 61 10 413
55 73 12 413
55 56 17 413
55 47 18 413
55 51 19 413
147 128 3 413
147 154 4 413
147 131 20 413
299 302 9 413
1023 1023 8 413
1023 1011 13 413
1023 1023 15 413
122 123 2 414
122 128 2 414
122 119 5 414
122 116 12 414
122 107 13 414
122 108 17 414
122 106 18 414
122 131 19 414
122 108 20 414
277 276 7 414
277 272 11 414
277 273 12 414
926 926 6 414
926 927 9 414
10 28 3 415
10 6 4 415
10 7 4 415
10 1 9 415
10 7 13 415
10 21 15 415
10 8 17 415
10 23 17 415
28 30 1 415
28 28 3 415
28 31 3 415
28 21 15 415
28 47 16 415
28 8 17 415
28 23 17 415
49 30 1 415
49 50 1 415
49 31 3 415
49 55 4 415
49 61 5 415
49 49 7 415
49 61 8 415
49 56 15 415
49 47 16 415
49 51 17 415
63 50 1 415
63 55 4 415
63 61 5 415
63 69 5 415
63 49 7 415
63 61 8 415
63 73 10 415
63 56 15 415
63 47 16 415
63 51 17 415
211 194 11 415
211 196 13 415
211 196 15 415
900 901 3 415
900 887 12 415
30 28 2 416
30 31 2 416
30 49 6 416
30 21 14 416
30 47 15 416
30 23 16 416
50 31 2 416
50 55 3 416
50 61 4 416
50 69 4 416
50 49 6 416
50 61 7 416
50 56 14 416
50 47 15 416
50 51 16 416
123 119 3 416
123 116 10 416
123 107 11 416
123 108 15 416
123 106 16 416
123 131 17 416
123 108 18 416
128 119 3 416
128 116 10 416
128 108 15 416
128 131 17 416
128 108 18 416
338 341 14 416
338 325 17 416
950 960 5 416
950 949 9 416
950 949 12 416
950 949 17 416
950 949 19 416
154 166 18 417
154 142 20 417
856 862 17 417
28 21 12 418
28 47 13 418
28 8 14 418
28 23 14 418
31 49 4 418
31 21 12 418
31 47 13 418
31 23 14 418
901 887 9 418
6 1 5 419
6 7 9 419
6 21 11 419
6 8 13 419
6 23 13 419
6 1 20 419
7 1 5 419
7 7 9 419
7 21 11 419
7 8 13 419
7 23 13 419
7 1 20 419
55 61 1 419
55 69 1 419
55 49 3 419
55 61 4 419
55 73 6 419
55 56 11 419
55 47 12 419
55 51 13 419
119 116 7 419
119 107 8 419
119 108 12 419
119 106 13 419
119 131 14 419
119 108 15 419
365 375 16 419
761 763 13 419
61 49 2 420
61 61 3 420
61 73 5 420
61 56 10 420
61 47 11 420
61 51 12 420
61 62 20 420
69 49 2 420
69 61 3 420
69 73 5 420
69 56 10 420
69 51 12 420
69 83 17 420
69 62 20 420
926 927 3 420
276 256 3 421
276 272 4 421
276 273 5 421
276 256 6 421
276 256 10 421
276 261 19 421
960 949 4 421
960 949 7 421
960 949 12 421
960 949 14 421
1023 1011 5 421
1023 1023 7 421
1023 1023 13 421
49 61 1 422
49 56 8 422
49 47 9 422
49 51 10 422
49 62 18 422
831 823 7 422
831 823 8 422
831 820 9 422
831 821 18 422
61 73 2 423
61 56 7 423
61 47 8 423
61 51 9 423
61 62 17 423
180 185 1 423
180 194 3 423
180 196 5 423
180 196 7 423
180 166 12 423
180 170 15 423
1 7 4 424
1 8 8 424
1 1 15 424
185 194 2 424
185 196 4 424
185 196 6 424
185 166 11 424
185 170 14 424
256 272 1 424
256 273 2 424
256 256 3 424
256 256 7 424
256 261 16 424
601 594 12 424
601 596 13 424
73 90 3 425
73 90 4 425
73 56 5 425
73 89 5 425
73 83 12 425
73 62 15 425
272 273 1 425
272 256 2 425
272 256 6 425
272 261 15 425
949 949 3 425
949 949 8 425
949 949 10 425
116 107 1 426
116 108 5 426
116 106 6 426
116 131 7 426
116 108 8 426
116 117 14 426
116 122 19 426
194 196 2 426
194 196 4 426
194 206 15 426
194 196 20 426
273 256 1 426
273 256 5 426
273 261 14 426
1011 1023 2 426
1011 1023 8 426
1011 995 13 426
1011 1023 18 426
107 90 1 427
107 90 2 427
107 89 3 427
107 108 4 427
107 106 5 427
107 108 7 427
107 95 9 427
107 117 13 427
107 122 18 427
107 117 20 427
256 256 4 427
256 261 13 427
887 901 15 427
887 900 17 427
7 21 2 428
7 8 4 428
7 23 4 428
7 1 11 428
7 24 13 428
90 90 1 428
90 89 2 428
90 108 3 428
90 106 4 428
90 108 6 428
90 95 8 428
90 83 9 428
196 196 2 428
196 206 13 428
196 196 18 428
388 404 1 428
388 394 4 428
388 375 7 428
388 385 13 428
388 380 17 428
949 949 5 428
949 949 7 428
1023 1023 6 428
1023 1023 16 428
1023 1011 19 428
1023 1023 19 428
90 89 1 429
90 108 2 429
90 106 3 429
90 108 5 429
90 95 7 429
90 83 8 429
90 109 20 429
404 394 3 429
404 419 5 429
404 415 9 429
404 385 12 429
823 823 1 429
823 820 2 429
823 821 11 429
21 8 2 430
21 23 2 430
21 1 9 430
21 24 11 430
21 27 12 430
21 40 16 430
21 31 17 430
21 30 19 430
56 47 1 430
56 51 2 430
56 62 10 430
56 40 16 430
56 48 19 430
89 108 1 430
89 106 2 430
89 108 4 430
89 95 6 430
89 83 7 430
196 206 11 430
196 196 16 430
196 177 19 430
341 325 3 430
341 327 7 430
341 353 12 430
341 353 16 430
823 820 1 430
823 821 10 430
47 51 1 431
47 62 9 431
47 27 11 431
47 40 15 431
47 31 16 431
47 30 18 431
47 48 18 431
108 106 1 431
108 108 3 431
108 95 5 431
108 117 9 431
108 122 14 431
108 117 16 431
108 109 18 431
256 261 9 431
256 256 17 431
820 821 9 431
8 1 7 432
8 24 9 432
8 27 10 432
23 24 9 432
23 27 10 432
23 40 14 432
23 31 15 432
23 30 17 432
51 62 8 432
51 40 14 432
51 31 15 432
51 48 17 432
106 108 2 432
106 95 4 432
106 117 8 432
106 122 13 432
106 117 15 432
106 109 17 432
394 375 3 432
394 385 9 432
394 380 13 432
131 142 4 433
131 117 7 433
131 137 9 433
131 122 12 433
131 117 14 433
131 126 19 433
131 127 19 433
325 327 4 433
325 339 19 433
949 949 2 433
108 95 2 434
108 117 6 434
108 122 11 434
108 117 13 434
108 109 15 434
108 126 18 434
108 127 18 434
108 106 19 434
108 115 20 434
419 415 4 434
419 435 17 434
862 856 4 434
1023 1023 10 434
1023 1011 13 434
1023 1023 13 434
1023 1023 15 434
1023 1023 17 434
166 170 3 435
166 151 4 435
166 157 13 435
166 177 14 435
166 146 20 435
375 385 6 435
375 380 10 435
375 391 18 435
95 83 1 436
95 109 13 436
95 106 17 436
594 596 1 436
594 574 7 436
594 595 9 436
594 592 13 436
142 151 2 437
142 137 5 437
142 122 8 437
142 157 11 437
142 126 15 437
142 127 15 437
142 146 18 437
327 339 15 437
596 595 8 437
596 592 12 437
170 151 1 438
170 157 10 438
170 177 11 438
151 137 3 439
151 157 9 439
151 146 16 439
995 980 2 439
995 1011 8 439
995 996 11 439
995 995 12 439
995 996 14 439
62 48 9 440
62 50 13 440
62 56 15 440
117 122 5 440
117 117 7 440
117 109 9 440
117 126 12 440
117 127 12 440
117 106 13 440
117 115 14 440
231 230 7 440
231 237 13 440
231 211 18 440
261 256 8 440
261 259 20 440
821 829 12 440
24 27 1 441
24 40 5 441
24 31 6 441
24 30 8 441
24 30 13 441
24 31 13 441
206 196 5 441
206 211 17 441
206 199 18 441
385 380 4 441
385 391 12 441
385 403 18 441
980 996 9 441
980 995 10 441
980 996 12 441
27 40 4 442
27 31 5 442
27 30 7 442
27 30 12 442
27 31 12 442
137 122 3 442
137 117 5 442
137 126 10 442
137 127 10 442
137 146 13 442
353 353 4 442
353 339 10 442
901 900 2 442
901 886 19 442
574 592 6 443
574 576 15 443
455 435 7 444
900 886 17 444
900 887 19 444
1023 1011 3 444
1023 1023 3 444
1023 1023 5 444
1023 1023 7 444
1023 1023 16 444
1023 1023 18 444
122 117 2 445
122 109 4 445
122 126 7 445
122 127 7 445
122 106 8 445
122 115 9 445
380 391 8 445
380 392 19 445
595 592 4 445
595 576 13 445
595 612 14 445
40 31 1 446
40 30 3 446
40 48 3 446
40 50 7 446
40 30 8 446
40 31 8 446
40 56 9 446
196 177 3 446
196 211 12 446
196 199 13 446
353 339 6 446
31 30 2 447
31 48 2 447
31 50 6 447
31 30 7 447
31 31 7 447
31 16 17 447
117 109 2 447
117 126 5 447
117 127 5 447
117 106 6 447
117 115 7 447
230 237 6 447
230 211 11 447
1011 1023 2 447
1011 996 3 447
1011 995 4 447
1011 1023 4 447
1011 996 6 447
1011 1023 13 447
1011 1023 15 447
1023 1023 2 447
1023 1023 4 447
1023 1023 13 447
1023 1023 15 447
157 146 7 448
157 160 16 448
256 237 5 448
256 259 12 448
256 258 13 448
256 259 15 448
926 926 6 448
926 927 7 448
926 927 8 448
30 30 5 449
30 31 5 449
30 16 15 449
48 50 4 449
48 30 5 449
48 31 5 449
48 56 6 449
48 62 14 449
109 126 3 449
109 127 3 449
109 106 4 449
109 115 5 449
177 160 15 449
592 576 9 449
1023 1023 2 449
1023 1023 11 449
1023 1023 13 449
480 467 18 450
480 496 20 450
996 995 1 450
996 996 3 450
996 979 16 450
435 426 20 451
995 996 2 451
995 979 15 451
1023 1023 9 451
1023 1023 11 451
126 106 1 452
126 115 2 452
126 138 17 452
126 113 19 452
127 115 2 452
127 146 3 452
127 138 17 452
127 113 19 452
339 322 6 452
50 30 1 453
50 31 1 453
50 56 2 453
50 62 10 453
106 115 1 453
106 113 18 453
391 403 6 453
391 392 11 453
996 979 13 453
30 16 10 454
30 12 17 454
30 28 17 454
31 16 10 454
31 12 17 454
31 28 17 454
115 113 17 454
926 927 1 454
926 927 2 454
926 940 16 454
56 62 8 455
146 160 9 455
146 138 14 455
296 292 1 455
296 310 11 455
296 301 12 455
296 300 14 455
927 927 1 455
927 940 15 455
292 310 10 456
292 301 11 456
292 300 13 456
292 292 20 456
927 940 14 456
211 199 1 458
211 196 13 458
211 196 15 458
211 205 17 458
211 192 18 458
211 191 19 458
322 310 8 458
576 573 19 458
199 196 12 459
199 196 14 459
199 205 16 459
199 192 17 459
199 191 18 459
199 183 19 459
199 185 20 459
403 392 5 459
259 258 1 460
259 259 3 460
259 257 15 460
948 940 10 460
948 949 12 460
948 949 13 460
948 950 18 460
1023 1023 2 460
258 259 2 461
258 257 14 461
258 238 20 461
886 887 2 461
886 900 4 461
886 901 8 461
886 901 10 461
886 885 18 461
640 633 18 462
1023 1021 19 462
1023 1023 19 462
62 50 18 463
62 65 18 463
259 257 12 463
259 258 20 463
887 900 2 463
887 901 6 463
887 901 8 463
887 885 16 463
8 12 7 464
8 9 12 464
16 12 7 464
16 28 7 464
16 9 12 464
160 174 16 464
856 856 4 464
856 855 10 464
856 854 11 464
856 854 12 464
900 901 4 465
900 901 6 465
900 885 14 465
900 912 17 465
310 301 1 466
310 300 3 466
310 292 10 466
310 292 11 466
310 297 20 466
301 300 2 467
301 292 9 467
301 292 10 467
301 297 19 467
467 479 10 468
467 478 17 468
856 855 6 468
856 854 7 468
856 854 8 468
856 856 17 468
138 122 6 469
138 135 17 469
138 134 18 469
300 292 7 469
300 292 8 469
300 297 17 469
901 901 2 469
901 885 10 469
901 912 13 469
901 900 17 469
901 900 18 469
901 900 19 469
901 900 20 469
496 479 8 470
496 478 15 470
496 499 17 470
940 949 2 470
940 949 3 470
940 950 8 470
940 950 13 470
940 949 14 470
940 943 20 470
12 9 5 471
12 7 17 471
12 22 17 471
12 9 20 471
28 9 5 471
28 22 17 471
28 9 20 471
113 122 4 471
113 121 19 471
196 196 2 471
196 205 4 471
196 192 5 471
196 191 6 471
196 183 7 471
196 185 8 471
426 415 9 471
426 426 13 471
426 426 17 471
426 426 18 471
426 426 19 471
901 885 8 471
901 912 11 471
901 900 15 471
901 900 16 471
901 900 17 471
901 900 18 471
949 949 1 472
949 950 6 472
949 950 11 472
949 949 12 472
949 943 18 472
949 949 20 472
196 205 2 473
196 192 3 473
196 191 4 473
196 183 5 473
196 185 6 473
196 188 20 473
949 950 5 473
949 950 10 473
949 949 11 473
949 943 17 473
949 949 19 473
949 950 20 473
855 854 1 474
855 854 2 474
855 856 11 474
855 856 20 474
122 135 11 475
122 134 12 475
122 121 15 475
122 125 17 475
122 113 19 475
205 192 1 475
205 191 2 475
205 185 4 475
205 188 18 475
205 187 19 475
205 217 20 475
257 238 6 475
257 258 8 475
257 261 17 475
854 854 1 475
854 856 10 475
854 856 19 475
9 7 12 476
9 22 12 476
9 9 15 476
192 191 1 476
192 183 2 476
192 185 3 476
192 174 4 476
192 188 17 476
192 187 18 476
192 174 20 476
292 292 1 476
292 297 10 476
292 292 15 476
854 856 9 476
854 856 18 476
191 183 1 477
191 185 2 477
191 174 3 477
191 188 16 477
191 187 17 477
191 174 19 477
292 297 9 477
292 292 14 477
573 559 18 477
183 185 1 478
183 174 2 478
183 188 15 478
183 187 16 478
183 174 18 478
479 478 7 478
479 496 16 478
950 950 5 478
950 949 6 478
950 943 12 478
950 949 14 478
950 950 15 478
185 174 1 479
185 188 14 479
185 187 15 479
185 174 17 479
885 900 7 479
885 900 8 479
885 900 9 479
885 900 10 479
885 886 18 479
174 188 13 480
174 187 14 480
174 174 16 480
415 426 4 480
415 426 8 480
415 426 9 480
415 426 10 480
415 426 13 480
415 423 15 480
415 413 16 480
415 416 17 480
50 51 9 481
50 49 11 481
65 51 9 481
65 49 11 481
238 233 11 481
1021 1023 19 481
1023 1023 19 481
912 900 4 482
912 900 5 482
912 900 6 482
912 900 7 482
912 926 9 482
912 906 14 482
912 898 18 482
258 261 9 483
950 949 1 483
950 943 7 483
950 949 9 483
950 950 10 483
426 426 4 484
426 426 5 484
426 426 6 484
426 426 9 484
426 423 11 484
426 413 12 484
426 416 13 484
949 943 6 484
949 949 8 484
949 950 9 484
478 496 9 485
478 482 17 485
856 856 9 485
856 854 14 485
135 134 1 486
135 121 4 486
135 125 6 486
297 292 5 486
297 312 15 486
297 300 17 486
900 900 1 486
900 900 2 486
900 900 3 486
900 906 10 486
900 886 11 486
900 898 14 486
134 121 3 487
134 125 5 487
499 496 7 487
499 482 15 487
900 900 1 487
900 900 2 487
900 906 9 487
900 886 10 487
900 898 13 487
7 9 3 488
22 9 3 488
426 426 1 488
426 426 2 488
426 426 5 488
426 423 7 488
426 413 8 488
426 416 9 488
900 900 1 488
900 906 8 488
900 886 9 488
900 898 12 488
426 426 1 489
426 426 4 489
426 423 6 489
426 413 7 489
426 416 8 489
900 906 7 489
900 886 8 489
900 898 11 489
51 49 2 490
121 125 2 490
121 113 4 490
426 426 3 490
426 423 5 490
426 413 6 490
426 416 7 490
943 926 1 490
943 949 2 490
943 950 3 490
292 300 12 491
926 906 5 491
125 113 2 492
233 217 3 492
949 950 1 492
188 187 1 493
188 174 3 493
426 423 2 493
426 413 3 493
426 416 4 493
187 174 2 494
496 482 8 494
856 854 5 494
423 413 1 495
423 416 2 495
559 547 6 495
559 562 7 495
413 416 1 496
906 886 1 496
906 898 4 496
886 898 3 497
312 300 2 501
547 562 1 501
