308 267 1 1
308 301 3 1
308 262 5 1
308 319 6 1
308 308 10 1
308 306 11 1
308 326 13 1
308 328 17 1
308 327 18 1
308 305 19 1
308 266 27 1
308 332 30 1
308 317 31 1
308 339 32 1
308 348 33 1
308 334 34 1
308 278 37 1
308 303 38 1
308 351 39 1
308 351 40 1
308 269 42 1
308 322 43 1
308 325 44 1
308 353 46 1
308 343 47 1
308 272 51 1
308 285 53 1
308 263 55 1
308 288 57 1
308 268 58 1
308 338 59 1
308 304 60 1
308 280 61 1
308 276 62 1
308 291 63 1
308 259 67 1
308 354 69 1
704 714 1 1
704 685 3 1
704 703 4 1
704 703 5 1
704 695 6 1
704 664 7 1
704 703 8 1
704 739 18 1
704 744 20 1
704 741 21 1
704 740 23 1
704 740 24 1
704 673 25 1
704 675 27 1
704 682 30 1
704 687 32 1
704 724 33 1
704 684 34 1
704 727 37 1
704 728 38 1
704 727 39 1
704 719 43 1
704 675 45 1
704 753 46 1
704 716 49 1
704 696 51 1
704 740 52 1
704 703 53 1
704 664 54 1
704 741 55 1
704 708 58 1
704 741 60 1
704 723 64 1
116 71 1 2
116 150 1 2
116 146 2 2
116 100 4 2
116 109 5 2
116 90 6 2
116 116 7 2
116 121 8 2
116 138 8 2
116 104 23 2
116 104 33 2
116 105 35 2
116 85 41 2
116 79 48 2
116 101 49 2
116 99 52 2
116 80 53 2
116 117 56 2
116 91 58 2
116 121 59 2
116 129 59 2
116 123 60 2
116 131 60 2
116 69 63 2
116 130 63 2
116 70 64 2
116 91 65 2
116 98 68 2
161 150 1 2
161 146 2 2
161 174 6 2
161 116 7 2
161 121 8 2
161 138 8 2
161 203 18 2
161 203 20 2
161 210 31 2
161 198 32 2
161 170 55 2
161 117 56 2
161 168 58 2
161 121 59 2
161 129 59 2
161 123 60 2
161 131 60 2
161 178 62 2
161 130 63 2
161 176 64 2
267 301 2 2
267 252 4 2
267 262 4 2
267 245 7 2
267 256 7 2
267 308 9 2
267 306 10 2
267 305 18 2
267 226 23 2
267 226 24 2
267 266 26 2
267 278 36 2
267 303 37 2
267 246 40 2
267 238 41 2
267 269 41 2
267 222 42 2
267 234 47 2
267 243 49 2
267 256 49 2
267 272 50 2
267 247 51 2
267 285 52 2
267 245 53 2
267 263 54 2
267 255 55 2
267 236 56 2
267 288 56 2
267 239 57 2
267 268 57 2
267 304 59 2
267 280 60 2
267 276 61 2
267 291 62 2
267 259 66 2
267 229 68 2
714 685 2 2
714 703 3 2
714 703 4 2
714 695 5 2
714 664 6 2
714 703 7 2
714 758 8 2
714 758 9 2
714 739 17 2
714 744 19 2
714 741 20 2
714 740 22 2
714 740 23 2
714 673 24 2
714 675 26 2
714 682 29 2
714 687 31 2
714 724 32 2
714 684 33 2
714 727 36 2
714 728 37 2
714 727 38 2
714 758 41 2
714 719 42 2
714 675 44 2
714 753 45 2
714 716 48 2
714 696 50 2
714 740 51 2
714 703 52 2
714 664 53 2
714 741 54 2
714 708 57 2
714 741 59 2
714 723 63 2
2 0 1 3
2 1 1 3
2 14 1 3
2 22 1 3
2 47 1 3
2 18 2 3
2 42 2 3
2 0 3 3
2 2 3 3
2 4 3 3
2 27 3 3
2 33 3 3
2 3 4 3
2 7 4 3
2 36 4 3
2 6 5 3
2 7 5 3
2 21 5 3
2 48 5 3
2 41 8 3
2 30 11 3
2 32 11 3
2 25 12 3
2 32 12 3
2 46 16 3
2 48 17 3
2 45 18 3
2 29 19 3
2 31 20 3
2 46 23 3
2 25 33 3
2 36 33 3
2 36 34 3
2 0 38 3
2 6 38 3
2 7 38 3
2 27 42 3
2 28 43 3
2 8 46 3
2 49 53 3
2 44 54 3
4 0 1 3
4 1 1 3
4 14 1 3
4 22 1 3
4 47 1 3
4 18 2 3
4 42 2 3
4 0 3 3
4 2 3 3
4 4 3 3
4 27 3 3
4 33 3 3
4 3 4 3
4 7 4 3
4 36 4 3
4 6 5 3
4 7 5 3
4 21 5 3
4 48 5 3
4 41 8 3
4 30 11 3
4 32 11 3
4 25 12 3
4 32 12 3
4 46 16 3
4 48 17 3
4 45 18 3
4 29 19 3
4 31 20 3
4 46 23 3
4 25 33 3
4 36 33 3
4 36 34 3
4 0 38 3
4 6 38 3
4 7 38 3
4 27 42 3
4 28 43 3
4 8 46 3
4 49 53 3
4 44 54 3
8 0 1 3
8 1 1 3
8 14 1 3
8 22 1 3
8 47 1 3
8 18 2 3
8 42 2 3
8 0 3 3
8 2 3 3
8 4 3 3
8 27 3 3
8 33 3 3
8 3 4 3
8 7 4 3
8 36 4 3
8 6 5 3
8 7 5 3
8 21 5 3
8 48 5 3
8 41 8 3
8 30 11 3
8 32 11 3
8 25 12 3
8 32 12 3
8 46 16 3
8 48 17 3
8 45 18 3
8 29 19 3
8 31 20 3
8 46 23 3
8 25 33 3
8 36 33 3
8 36 34 3
8 0 38 3
8 6 38 3
8 7 38 3
8 27 42 3
8 28 43 3
8 8 46 3
8 49 53 3
8 44 54 3
15 0 1 3
15 1 1 3
15 14 1 3
15 22 1 3
15 47 1 3
15 18 2 3
15 42 2 3
15 0 3 3
15 2 3 3
15 4 3 3
15 27 3 3
15 33 3 3
15 3 4 3
15 7 4 3
15 36 4 3
15 6 5 3
15 7 5 3
15 21 5 3
15 48 5 3
15 41 8 3
15 30 11 3
15 32 11 3
15 25 12 3
15 32 12 3
15 46 16 3
15 48 17 3
15 45 18 3
15 29 19 3
15 31 20 3
15 46 23 3
15 25 33 3
15 36 33 3
15 36 34 3
15 0 38 3
15 6 38 3
15 7 38 3
15 27 42 3
15 28 43 3
15 8 46 3
15 49 53 3
15 64 53 3
15 44 54 3
15 63 54 3
32 0 1 3
32 1 1 3
32 14 1 3
32 22 1 3
32 47 1 3
32 65 1 3
32 18 2 3
32 42 2 3
32 0 3 3
32 2 3 3
32 4 3 3
32 27 3 3
32 33 3 3
32 3 4 3
32 7 4 3
32 36 4 3
32 6 5 3
32 7 5 3
32 21 5 3
32 48 5 3
32 41 8 3
32 30 11 3
32 32 11 3
32 25 12 3
32 32 12 3
32 46 16 3
32 48 17 3
32 45 18 3
32 29 19 3
32 31 20 3
32 46 23 3
32 25 33 3
32 36 33 3
32 36 34 3
32 0 38 3
32 6 38 3
32 7 38 3
32 27 42 3
32 28 43 3
32 8 46 3
32 79 47 3
32 80 52 3
32 49 53 3
32 64 53 3
32 44 54 3
32 63 54 3
32 69 62 3
32 70 63 3
71 22 1 3
71 47 1 3
71 65 1 3
71 42 2 3
71 27 3 3
71 33 3 3
71 100 3 3
71 36 4 3
71 109 4 3
71 21 5 3
71 48 5 3
71 90 5 3
71 116 6 3
71 41 8 3
71 30 11 3
71 32 11 3
71 25 12 3
71 32 12 3
71 46 16 3
71 48 17 3
71 45 18 3
71 29 19 3
71 31 20 3
71 104 22 3
71 46 23 3
71 104 32 3
71 25 33 3
71 36 33 3
71 36 34 3
71 105 34 3
71 85 40 3
71 27 42 3
71 28 43 3
71 79 47 3
71 101 48 3
71 99 51 3
71 80 52 3
71 49 53 3
71 64 53 3
71 44 54 3
71 63 54 3
71 117 55 3
71 91 57 3
71 69 62 3
71 70 63 3
71 91 64 3
71 98 67 3
150 146 1 3
150 100 3 3
150 109 4 3
150 174 5 3
150 116 6 3
150 121 7 3
150 138 7 3
150 104 22 3
150 198 31 3
150 104 32 3
150 105 34 3
150 101 48 3
150 170 54 3
150 117 55 3
150 168 57 3
150 121 58 3
150 129 58 3
150 123 59 3
150 131 59 3
150 178 61 3
150 130 62 3
150 176 63 3
376 382 5 3
376 424 7 3
376 326 11 3
376 328 15 3
376 327 16 3
376 367 20 3
376 367 22 3
376 366 27 3
376 332 28 3
376 339 30 3
376 348 31 3
376 334 32 3
376 362 33 3
376 351 37 3
376 351 38 3
376 423 39 3
376 353 44 3
376 343 45 3
376 338 57 3
376 354 67 3
593 606 10 3
593 545 13 3
593 546 14 3
593 571 15 3
593 632 20 3
593 589 26 3
593 543 39 3
593 553 45 3
593 551 48 3
593 575 59 3
593 628 60 3
593 555 65 3
593 603 67 3
0 18 1 4
0 42 1 4
0 0 2 4
0 2 2 4
0 4 2 4
0 27 2 4
0 33 2 4
0 3 3 4
0 7 3 4
0 36 3 4
0 6 4 4
0 7 4 4
0 21 4 4
0 48 4 4
0 41 7 4
0 30 10 4
0 32 10 4
0 25 11 4
0 32 11 4
0 46 15 4
0 48 16 4
0 45 17 4
0 29 18 4
0 31 19 4
0 46 22 4
0 25 32 4
0 36 32 4
0 36 33 4
0 0 37 4
0 6 37 4
0 7 37 4
0 27 41 4
0 28 42 4
0 8 45 4
0 49 52 4
0 44 53 4
1 18 1 4
1 42 1 4
1 0 2 4
1 2 2 4
1 4 2 4
1 27 2 4
1 33 2 4
1 3 3 4
1 7 3 4
1 36 3 4
1 6 4 4
1 7 4 4
1 21 4 4
1 48 4 4
1 41 7 4
1 30 10 4
1 32 10 4
1 25 11 4
1 32 11 4
1 46 15 4
1 48 16 4
1 45 17 4
1 29 18 4
1 31 19 4
1 46 22 4
1 25 32 4
1 36 32 4
1 36 33 4
1 0 37 4
1 6 37 4
1 7 37 4
1 27 41 4
1 28 42 4
1 8 45 4
1 49 52 4
1 44 53 4
14 18 1 4
14 42 1 4
14 0 2 4
14 2 2 4
14 4 2 4
14 27 2 4
14 33 2 4
14 3 3 4
14 7 3 4
14 36 3 4
14 6 4 4
14 7 4 4
14 21 4 4
14 48 4 4
14 41 7 4
14 30 10 4
14 32 10 4
14 25 11 4
14 32 11 4
14 46 15 4
14 48 16 4
14 45 17 4
14 29 18 4
14 31 19 4
14 46 22 4
14 25 32 4
14 36 32 4
14 36 33 4
14 0 37 4
14 6 37 4
14 7 37 4
14 27 41 4
14 28 42 4
14 8 45 4
14 49 52 4
14 44 53 4
14 63 53 4
22 18 1 4
22 42 1 4
22 0 2 4
22 2 2 4
22 4 2 4
22 27 2 4
22 33 2 4
22 3 3 4
22 7 3 4
22 36 3 4
22 6 4 4
22 7 4 4
22 21 4 4
22 48 4 4
22 41 7 4
22 30 10 4
22 32 10 4
22 25 11 4
22 32 11 4
22 46 15 4
22 48 16 4
22 45 17 4
22 29 18 4
22 31 19 4
22 46 22 4
22 25 32 4
22 36 32 4
22 36 33 4
22 0 37 4
22 6 37 4
22 7 37 4
22 27 41 4
22 28 42 4
22 8 45 4
22 49 52 4
22 64 52 4
22 44 53 4
22 63 53 4
22 69 61 4
22 70 62 4
47 18 1 4
47 42 1 4
47 0 2 4
47 2 2 4
47 4 2 4
47 27 2 4
47 33 2 4
47 3 3 4
47 7 3 4
47 36 3 4
47 6 4 4
47 7 4 4
47 21 4 4
47 48 4 4
47 90 4 4
47 41 7 4
47 30 10 4
47 32 10 4
47 25 11 4
47 32 11 4
47 46 15 4
47 48 16 4
47 45 17 4
47 29 18 4
47 31 19 4
47 46 22 4
47 25 32 4
47 36 32 4
47 36 33 4
47 0 37 4
47 6 37 4
47 7 37 4
47 85 39 4
47 27 41 4
47 28 42 4
47 8 45 4
47 79 46 4
47 80 51 4
47 49 52 4
47 64 52 4
47 44 53 4
47 63 53 4
47 91 56 4
47 69 61 4
47 70 62 4
47 91 63 4
65 18 1 4
65 42 1 4
65 27 2 4
65 33 2 4
65 100 2 4
65 36 3 4
65 109 3 4
65 21 4 4
65 48 4 4
65 90 4 4
65 41 7 4
65 30 10 4
65 32 10 4
65 25 11 4
65 32 11 4
65 46 15 4
65 48 16 4
65 45 17 4
65 29 18 4
65 31 19 4
65 104 21 4
65 46 22 4
65 104 31 4
65 25 32 4
65 36 32 4
65 36 33 4
65 105 33 4
65 85 39 4
65 27 41 4
65 28 42 4
65 79 46 4
65 101 47 4
65 99 50 4
65 80 51 4
65 49 52 4
65 64 52 4
65 44 53 4
65 63 53 4
65 91 56 4
65 69 61 4
65 70 62 4
65 91 63 4
65 98 66 4
146 100 2 4
146 109 3 4
146 174 4 4
146 116 5 4
146 121 6 4
146 138 6 4
146 104 21 4
146 104 31 4
146 105 33 4
146 101 47 4
146 99 50 4
146 170 53 4
146 117 54 4
146 168 56 4
146 121 57 4
146 129 57 4
146 123 58 4
146 131 58 4
146 178 60 4
146 130 61 4
146 176 62 4
146 98 66 4
301 252 2 4
301 262 2 4
301 319 3 4
301 256 5 4
301 308 7 4
301 306 8 4
301 326 10 4
301 328 14 4
301 327 15 4
301 305 16 4
301 266 24 4
301 332 27 4
301 317 28 4
301 339 29 4
301 348 30 4
301 334 31 4
301 278 34 4
301 303 35 4
301 269 39 4
301 322 40 4
301 325 41 4
301 343 44 4
301 256 47 4
301 272 48 4
301 285 50 4
301 263 52 4
301 255 53 4
301 288 54 4
301 268 55 4
301 338 56 4
301 304 57 4
301 280 58 4
301 276 59 4
301 291 60 4
301 259 64 4
685 703 1 4
685 703 2 4
685 695 3 4
685 664 4 4
685 703 5 4
685 653 11 4
685 673 22 4
685 646 23 4
685 675 24 4
685 682 27 4
685 687 29 4
685 724 30 4
685 684 31 4
685 727 34 4
685 728 35 4
685 727 36 4
685 719 40 4
685 652 41 4
685 675 42 4
685 716 46 4
685 696 48 4
685 703 50 4
685 664 51 4
685 708 55 4
685 723 61 4
18 0 1 5
18 2 1 5
18 4 1 5
18 27 1 5
18 33 1 5
18 3 2 5
18 7 2 5
18 36 2 5
18 6 3 5
18 7 3 5
18 21 3 5
18 48 3 5
18 41 6 5
18 30 9 5
18 32 9 5
18 25 10 5
18 32 10 5
18 46 14 5
18 48 15 5
18 45 16 5
18 29 17 5
18 31 18 5
18 46 21 5
18 25 31 5
18 36 31 5
18 36 32 5
18 0 36 5
18 6 36 5
18 7 36 5
18 27 40 5
18 28 41 5
18 8 44 5
18 49 51 5
18 64 51 5
18 44 52 5
18 63 52 5
42 0 1 5
42 2 1 5
42 4 1 5
42 27 1 5
42 33 1 5
42 3 2 5
42 7 2 5
42 36 2 5
42 6 3 5
42 7 3 5
42 21 3 5
42 48 3 5
42 90 3 5
42 41 6 5
42 30 9 5
42 32 9 5
42 25 10 5
42 32 10 5
42 46 14 5
42 48 15 5
42 45 16 5
42 29 17 5
42 31 18 5
42 46 21 5
42 25 31 5
42 36 31 5
42 36 32 5
42 0 36 5
42 6 36 5
42 7 36 5
42 85 38 5
42 27 40 5
42 28 41 5
42 8 44 5
42 79 45 5
42 80 50 5
42 49 51 5
42 64 51 5
42 44 52 5
42 63 52 5
42 91 55 5
42 69 60 5
42 70 61 5
42 91 62 5
703 703 1 5
703 695 2 5
703 664 3 5
703 703 4 5
703 653 10 5
703 739 14 5
703 744 16 5
703 741 17 5
703 740 19 5
703 740 20 5
703 673 21 5
703 675 23 5
703 682 26 5
703 687 28 5
703 724 29 5
703 684 30 5
703 727 33 5
703 728 34 5
703 727 35 5
703 719 39 5
703 675 41 5
703 716 45 5
703 696 47 5
703 740 48 5
703 703 49 5
703 664 50 5
703 741 51 5
703 708 54 5
703 741 56 5
703 723 60 5
0 3 1 6
0 7 1 6
0 36 1 6
0 6 2 6
0 7 2 6
0 21 2 6
0 48 2 6
0 41 5 6
0 30 8 6
0 32 8 6
0 25 9 6
0 32 9 6
0 46 13 6
0 48 14 6
0 45 15 6
0 29 16 6
0 31 17 6
0 46 20 6
0 25 30 6
0 36 30 6
0 36 31 6
0 0 35 6
0 6 35 6
0 7 35 6
0 27 39 6
0 28 40 6
0 8 43 6
0 49 50 6
0 44 51 6
2 3 1 6
2 7 1 6
2 36 1 6
2 6 2 6
2 7 2 6
2 21 2 6
2 48 2 6
2 41 5 6
2 30 8 6
2 32 8 6
2 25 9 6
2 32 9 6
2 46 13 6
2 48 14 6
2 45 15 6
2 29 16 6
2 31 17 6
2 46 20 6
2 25 30 6
2 36 30 6
2 36 31 6
2 0 35 6
2 6 35 6
2 7 35 6
2 27 39 6
2 28 40 6
2 8 43 6
2 49 50 6
2 44 51 6
4 3 1 6
4 7 1 6
4 36 1 6
4 6 2 6
4 7 2 6
4 21 2 6
4 48 2 6
4 41 5 6
4 30 8 6
4 32 8 6
4 25 9 6
4 32 9 6
4 46 13 6
4 48 14 6
4 45 15 6
4 29 16 6
4 31 17 6
4 46 20 6
4 25 30 6
4 36 30 6
4 36 31 6
4 0 35 6
4 6 35 6
4 7 35 6
4 27 39 6
4 28 40 6
4 8 43 6
4 49 50 6
4 44 51 6
27 3 1 6
27 7 1 6
27 36 1 6
27 6 2 6
27 7 2 6
27 21 2 6
27 48 2 6
27 41 5 6
27 30 8 6
27 32 8 6
27 25 9 6
27 32 9 6
27 46 13 6
27 48 14 6
27 45 15 6
27 29 16 6
27 31 17 6
27 46 20 6
27 25 30 6
27 36 30 6
27 36 31 6
27 0 35 6
27 6 35 6
27 7 35 6
27 27 39 6
27 28 40 6
27 8 43 6
27 49 50 6
27 64 50 6
27 44 51 6
27 63 51 6
27 69 59 6
27 70 60 6
33 3 1 6
33 7 1 6
33 36 1 6
33 6 2 6
33 7 2 6
33 21 2 6
33 48 2 6
33 41 5 6
33 30 8 6
33 32 8 6
33 25 9 6
33 32 9 6
33 46 13 6
33 48 14 6
33 45 15 6
33 29 16 6
33 31 17 6
33 46 20 6
33 25 30 6
33 36 30 6
33 36 31 6
33 0 35 6
33 6 35 6
33 7 35 6
33 27 39 6
33 28 40 6
33 8 43 6
33 79 44 6
33 80 49 6
33 49 50 6
33 64 50 6
33 44 51 6
33 63 51 6
33 69 59 6
33 70 60 6
100 109 1 6
100 90 2 6
100 116 3 6
100 121 4 6
100 138 4 6
100 104 19 6
100 104 29 6
100 105 31 6
100 85 37 6
100 79 44 6
100 101 45 6
100 99 48 6
100 80 49 6
100 64 50 6
100 63 51 6
100 117 52 6
100 91 54 6
100 121 55 6
100 129 55 6
100 123 56 6
100 131 56 6
100 69 59 6
100 130 59 6
100 70 60 6
100 91 61 6
100 98 64 6
252 245 3 6
252 256 3 6
252 203 14 6
252 203 16 6
252 226 19 6
252 226 20 6
252 266 22 6
252 210 27 6
252 214 30 6
252 278 32 6
252 246 36 6
252 238 37 6
252 269 37 6
252 222 38 6
252 234 43 6
252 243 45 6
252 256 45 6
252 272 46 6
252 247 47 6
252 285 48 6
252 245 49 6
252 263 50 6
252 255 51 6
252 236 52 6
252 288 52 6
252 239 53 6
252 268 53 6
252 280 56 6
252 276 57 6
252 291 58 6
252 259 62 6
252 229 64 6
262 245 3 6
262 256 3 6
262 308 5 6
262 306 6 6
262 305 14 6
262 226 19 6
262 226 20 6
262 266 22 6
262 214 30 6
262 278 32 6
262 303 33 6
262 246 36 6
262 238 37 6
262 269 37 6
262 222 38 6
262 234 43 6
262 243 45 6
262 256 45 6
262 272 46 6
262 247 47 6
262 285 48 6
262 245 49 6
262 263 50 6
262 255 51 6
262 236 52 6
262 288 52 6
262 239 53 6
262 268 53 6
262 304 55 6
262 280 56 6
262 276 57 6
262 291 58 6
262 259 62 6
262 229 64 6
703 695 1 6
703 664 2 6
703 703 3 6
703 653 9 6
703 739 13 6
703 744 15 6
703 741 16 6
703 740 18 6
703 740 19 6
703 673 20 6
703 675 22 6
703 682 25 6
703 687 27 6
703 724 28 6
703 684 29 6
703 727 32 6
703 728 33 6
703 727 34 6
703 719 38 6
703 675 40 6
703 716 44 6
703 696 46 6
703 740 47 6
703 703 48 6
703 664 49 6
703 741 50 6
703 708 53 6
703 741 55 6
703 723 59 6
3 6 1 7
3 7 1 7
3 21 1 7
3 48 1 7
3 41 4 7
3 30 7 7
3 32 7 7
3 25 8 7
3 32 8 7
3 46 12 7
3 48 13 7
3 45 14 7
3 29 15 7
3 31 16 7
3 46 19 7
3 25 29 7
3 36 29 7
3 36 30 7
3 0 34 7
3 6 34 7
3 7 34 7
3 27 38 7
3 28 39 7
3 8 42 7
3 49 49 7
3 44 50 7
7 6 1 7
7 7 1 7
7 21 1 7
7 48 1 7
7 41 4 7
7 30 7 7
7 32 7 7
7 25 8 7
7 32 8 7
7 46 12 7
7 48 13 7
7 45 14 7
7 29 15 7
7 31 16 7
7 46 19 7
7 25 29 7
7 36 29 7
7 36 30 7
7 0 34 7
7 6 34 7
7 7 34 7
7 27 38 7
7 28 39 7
7 8 42 7
7 49 49 7
7 44 50 7
36 6 1 7
36 7 1 7
36 21 1 7
36 48 1 7
36 41 4 7
36 30 7 7
36 32 7 7
36 25 8 7
36 32 8 7
36 46 12 7
36 48 13 7
36 45 14 7
36 29 15 7
36 31 16 7
36 46 19 7
36 25 29 7
36 36 29 7
36 36 30 7
36 0 34 7
36 6 34 7
36 7 34 7
36 85 36 7
36 27 38 7
36 28 39 7
36 8 42 7
36 79 43 7
36 80 48 7
36 49 49 7
36 64 49 7
36 44 50 7
36 63 50 7
36 69 58 7
36 70 59 7
109 90 1 7
109 116 2 7
109 121 3 7
109 138 3 7
109 104 18 7
109 104 28 7
109 105 30 7
109 85 36 7
109 79 43 7
109 101 44 7
109 99 47 7
109 80 48 7
109 64 49 7
109 63 50 7
109 117 51 7
109 91 53 7
109 121 54 7
109 129 54 7
109 123 55 7
109 131 55 7
109 69 58 7
109 130 58 7
109 70 59 7
109 91 60 7
109 98 63 7
319 308 4 7
319 306 5 7
319 326 7 7
319 328 11 7
319 327 12 7
319 305 13 7
319 367 16 7
319 367 18 7
319 366 23 7
319 332 24 7
319 317 25 7
319 339 26 7
319 348 27 7
319 334 28 7
319 362 29 7
319 278 31 7
319 303 32 7
319 351 33 7
319 351 34 7
319 269 36 7
319 322 37 7
319 325 38 7
319 353 40 7
319 343 41 7
319 272 45 7
319 285 47 7
319 288 51 7
319 338 53 7
319 304 54 7
319 280 55 7
319 276 56 7
319 291 57 7
319 354 63 7
695 664 1 7
695 703 2 7
695 653 8 7
695 739 12 7
695 744 14 7
695 741 15 7
695 740 17 7
695 740 18 7
695 673 19 7
695 646 20 7
695 675 21 7
695 682 24 7
695 687 26 7
695 724 27 7
695 684 28 7
695 727 31 7
695 728 32 7
695 727 33 7
695 719 37 7
695 652 38 7
695 675 39 7
695 716 43 7
695 696 45 7
695 740 46 7
695 703 47 7
695 664 48 7
695 741 49 7
695 708 52 7
695 741 54 7
695 723 58 7
6 41 3 8
6 30 6 8
6 32 6 8
6 25 7 8
6 32 7 8
6 46 11 8
6 48 12 8
6 45 13 8
6 29 14 8
6 31 15 8
6 46 18 8
6 25 28 8
6 36 28 8
6 36 29 8
6 0 33 8
6 6 33 8
6 7 33 8
6 27 37 8
6 28 38 8
6 8 41 8
6 49 48 8
6 44 49 8
7 41 3 8
7 30 6 8
7 32 6 8
7 25 7 8
7 32 7 8
7 46 11 8
7 48 12 8
7 45 13 8
7 29 14 8
7 31 15 8
7 46 18 8
7 25 28 8
7 36 28 8
7 36 29 8
7 0 33 8
7 6 33 8
7 7 33 8
7 27 37 8
7 28 38 8
7 8 41 8
7 49 48 8
7 44 49 8
21 41 3 8
21 30 6 8
21 32 6 8
21 25 7 8
21 32 7 8
21 46 11 8
21 48 12 8
21 45 13 8
21 29 14 8
21 31 15 8
21 46 18 8
21 25 28 8
21 36 28 8
21 36 29 8
21 0 33 8
21 6 33 8
21 7 33 8
21 27 37 8
21 28 38 8
21 8 41 8
21 49 48 8
21 64 48 8
21 44 49 8
21 63 49 8
21 69 57 8
21 70 58 8
48 41 3 8
48 30 6 8
48 32 6 8
48 25 7 8
48 32 7 8
48 46 11 8
48 48 12 8
48 45 13 8
48 29 14 8
48 31 15 8
48 46 18 8
48 25 28 8
48 36 28 8
48 36 29 8
48 0 33 8
48 6 33 8
48 7 33 8
48 85 35 8
48 27 37 8
48 28 38 8
48 8 41 8
48 79 42 8
48 80 47 8
48 49 48 8
48 64 48 8
48 44 49 8
48 63 49 8
48 91 52 8
48 69 57 8
48 70 58 8
48 91 59 8
90 116 1 8
90 121 2 8
90 138 2 8
90 41 3 8
90 46 11 8
90 48 12 8
90 45 13 8
90 104 17 8
90 46 18 8
90 104 27 8
90 105 29 8
90 85 35 8
90 79 42 8
90 101 43 8
90 99 46 8
90 80 47 8
90 49 48 8
90 64 48 8
90 44 49 8
90 63 49 8
90 117 50 8
90 91 52 8
90 121 53 8
90 129 53 8
90 123 54 8
90 131 54 8
90 69 57 8
90 130 57 8
90 70 58 8
90 91 59 8
90 98 62 8
174 138 2 8
174 203 12 8
174 203 14 8
174 210 25 8
174 198 26 8
174 214 28 8
174 222 36 8
174 170 49 8
174 168 52 8
174 129 53 8
174 131 54 8
174 178 56 8
174 130 57 8
174 176 58 8
382 424 2 8
382 367 15 8
382 367 17 8
382 366 22 8
382 332 23 8
382 339 25 8
382 348 26 8
382 334 27 8
382 362 28 8
382 351 32 8
382 351 33 8
382 423 34 8
382 353 39 8
382 343 40 8
382 338 52 8
382 354 62 8
664 703 1 8
664 653 7 8
664 632 15 8
664 673 18 8
664 646 19 8
664 675 20 8
664 682 23 8
664 687 25 8
664 684 27 8
664 652 37 8
664 675 38 8
664 696 44 8
664 703 46 8
664 664 47 8
664 708 51 8
664 628 55 8
116 121 1 9
116 138 1 9
116 104 16 9
116 104 26 9
116 105 28 9
116 85 34 9
116 79 41 9
116 101 42 9
116 99 45 9
116 80 46 9
116 117 49 9
116 91 51 9
116 121 52 9
116 129 52 9
116 123 53 9
116 131 53 9
116 69 56 9
116 130 56 9
116 70 57 9
116 91 58 9
116 98 61 9
245 203 11 9
245 203 13 9
245 226 16 9
245 226 17 9
245 266 19 9
245 210 24 9
245 198 25 9
245 214 27 9
245 278 29 9
245 246 33 9
245 238 34 9
245 269 34 9
245 222 35 9
245 234 40 9
245 243 42 9
245 256 42 9
245 272 43 9
245 247 44 9
245 285 45 9
245 245 46 9
245 263 47 9
245 255 48 9
245 236 49 9
245 288 49 9
245 239 50 9
245 268 50 9
245 280 53 9
245 276 54 9
245 291 55 9
245 259 59 9
245 229 61 9
256 305 11 9
256 226 16 9
256 226 17 9
256 266 19 9
256 210 24 9
256 214 27 9
256 278 29 9
256 303 30 9
256 246 33 9
256 238 34 9
256 269 34 9
256 222 35 9
256 234 40 9
256 243 42 9
256 256 42 9
256 272 43 9
256 247 44 9
256 285 45 9
256 245 46 9
256 263 47 9
256 255 48 9
256 236 49 9
256 288 49 9
256 239 50 9
256 268 50 9
256 304 52 9
256 280 53 9
256 276 54 9
256 291 55 9
256 259 59 9
256 229 61 9
703 653 6 9
703 739 10 9
703 744 12 9
703 741 13 9
703 740 15 9
703 740 16 9
703 673 17 9
703 675 19 9
703 682 22 9
703 687 24 9
703 724 25 9
703 684 26 9
703 727 29 9
703 728 30 9
703 727 31 9
703 719 35 9
703 675 37 9
703 716 41 9
703 696 43 9
703 740 44 9
703 703 45 9
703 664 46 9
703 741 47 9
703 708 50 9
703 741 52 9
703 723 56 9
121 104 15 10
121 104 25 10
121 105 27 10
121 85 33 10
121 79 40 10
121 101 41 10
121 99 44 10
121 80 45 10
121 170 47 10
121 117 48 10
121 91 50 10
121 168 50 10
121 121 51 10
121 129 51 10
121 123 52 10
121 131 52 10
121 130 55 10
121 91 57 10
121 98 60 10
138 104 15 10
138 104 25 10
138 105 27 10
138 101 41 10
138 99 44 10
138 170 47 10
138 117 48 10
138 91 50 10
138 168 50 10
138 121 51 10
138 129 51 10
138 123 52 10
138 131 52 10
138 178 54 10
138 130 55 10
138 176 56 10
138 91 57 10
138 98 60 10
424 463 3 10
424 453 6 10
424 434 7 10
424 451 11 10
424 470 12 10
424 442 16 10
424 436 19 10
424 423 32 10
424 452 36 10
758 758 1 10
758 739 9 10
758 744 11 10
758 741 12 10
758 740 14 10
758 740 15 10
758 724 24 10
758 727 28 10
758 728 29 10
758 727 30 10
758 758 33 10
758 719 34 10
758 753 37 10
758 716 40 10
758 740 43 10
758 741 46 10
758 708 49 10
758 741 51 10
758 723 55 10
41 30 3 11
41 32 3 11
41 25 4 11
41 32 4 11
41 46 8 11
41 48 9 11
41 45 10 11
41 29 11 11
41 31 12 11
41 46 15 11
41 25 25 11
41 36 25 11
41 36 26 11
41 0 30 11
41 6 30 11
41 7 30 11
41 85 32 11
41 27 34 11
41 28 35 11
41 8 38 11
41 79 39 11
41 80 44 11
41 49 45 11
41 64 45 11
41 44 46 11
41 63 46 11
41 69 54 11
41 70 55 11
308 306 1 11
308 326 3 11
308 328 7 11
308 327 8 11
308 305 9 11
308 266 17 11
308 332 20 11
308 317 21 11
308 339 22 11
308 348 23 11
308 334 24 11
308 278 27 11
308 303 28 11
308 351 29 11
308 351 30 11
308 269 32 11
308 322 33 11
308 325 34 11
308 353 36 11
308 343 37 11
308 272 41 11
308 285 43 11
308 263 45 11
308 288 47 11
308 268 48 11
308 338 49 11
308 304 50 11
308 280 51 11
308 276 52 11
308 291 53 11
308 259 57 11
308 354 59 11
758 739 8 11
758 744 10 11
758 741 11 11
758 740 13 11
758 740 14 11
758 724 23 11
758 727 27 11
758 728 28 11
758 727 29 11
758 758 32 11
758 719 33 11
758 753 36 11
758 716 39 11
758 740 42 11
758 741 45 11
758 708 48 11
758 741 50 11
758 723 54 11
306 326 2 12
306 328 6 12
306 327 7 12
306 305 8 12
306 266 16 12
306 332 19 12
306 317 20 12
306 339 21 12
306 348 22 12
306 334 23 12
306 278 26 12
306 303 27 12
306 351 28 12
306 351 29 12
306 269 31 12
306 322 32 12
306 325 33 12
306 353 35 12
306 343 36 12
306 256 39 12
306 272 40 12
306 285 42 12
306 263 44 12
306 288 46 12
306 268 47 12
306 338 48 12
306 304 49 12
306 280 50 12
306 276 51 12
306 291 52 12
306 259 56 12
306 354 58 12
514 545 4 12
514 546 5 12
514 527 8 12
514 470 10 12
514 516 18 12
514 523 20 12
514 535 24 12
514 539 25 12
514 538 29 12
514 543 30 12
514 553 36 12
514 493 37 12
514 511 37 12
514 551 39 12
514 489 41 12
514 477 43 12
514 533 45 12
514 537 46 12
514 542 48 12
514 517 52 12
514 489 53 12
514 555 56 12
463 453 3 13
463 434 4 13
463 451 8 13
463 470 9 13
463 442 13 13
463 436 16 13
463 423 29 13
463 452 33 13
463 493 36 13
463 511 36 13
463 489 40 13
463 477 42 13
463 489 52 13
606 653 2 13
606 571 5 13
606 632 10 13
606 646 14 13
606 589 16 13
606 652 32 13
606 575 49 13
606 628 50 13
606 603 57 13
30 25 1 14
30 32 1 14
30 46 5 14
30 48 6 14
30 45 7 14
30 29 8 14
30 31 9 14
30 46 12 14
30 25 22 14
30 36 22 14
30 36 23 14
30 0 27 14
30 6 27 14
30 7 27 14
30 27 31 14
30 28 32 14
30 8 35 14
30 79 36 14
30 49 42 14
30 64 42 14
30 44 43 14
30 63 43 14
30 69 51 14
30 70 52 14
32 25 1 14
32 32 1 14
32 46 5 14
32 48 6 14
32 45 7 14
32 29 8 14
32 31 9 14
32 46 12 14
32 25 22 14
32 36 22 14
32 36 23 14
32 0 27 14
32 6 27 14
32 7 27 14
32 27 31 14
32 28 32 14
32 8 35 14
32 79 36 14
32 80 41 14
32 49 42 14
32 64 42 14
32 44 43 14
32 63 43 14
32 69 51 14
32 70 52 14
326 328 4 14
326 327 5 14
326 305 6 14
326 367 9 14
326 367 11 14
326 366 16 14
326 332 17 14
326 317 18 14
326 339 19 14
326 348 20 14
326 334 21 14
326 362 22 14
326 278 24 14
326 303 25 14
326 351 26 14
326 351 27 14
326 322 30 14
326 325 31 14
326 353 33 14
326 343 34 14
326 285 40 14
326 288 44 14
326 338 46 14
326 304 47 14
326 280 48 14
326 276 49 14
326 291 50 14
326 354 56 14
25 46 4 15
25 48 5 15
25 45 6 15
25 29 7 15
25 31 8 15
25 46 11 15
25 25 21 15
25 36 21 15
25 36 22 15
25 0 26 15
25 6 26 15
25 7 26 15
25 27 30 15
25 28 31 15
25 8 34 15
25 49 41 15
25 64 41 15
25 44 42 15
25 63 42 15
25 69 50 15
25 70 51 15
32 46 4 15
32 48 5 15
32 45 6 15
32 29 7 15
32 31 8 15
32 46 11 15
32 25 21 15
32 36 21 15
32 36 22 15
32 0 26 15
32 6 26 15
32 7 26 15
32 27 30 15
32 28 31 15
32 8 34 15
32 79 35 15
32 80 40 15
32 49 41 15
32 64 41 15
32 44 42 15
32 63 42 15
32 69 50 15
32 70 51 15
653 632 8 15
653 673 11 15
653 646 12 15
653 675 13 15
653 682 16 15
653 687 18 15
653 684 20 15
653 652 30 15
653 675 31 15
653 696 37 15
653 664 40 15
653 628 48 15
653 603 55 15
453 434 1 16
453 451 5 16
453 470 6 16
453 442 10 16
453 436 13 16
453 423 26 16
453 452 30 16
453 493 33 16
453 489 37 16
453 477 39 16
453 489 49 16
545 546 1 16
545 571 2 16
545 527 4 16
545 589 13 16
545 516 14 16
545 523 16 16
545 535 20 16
545 539 21 16
545 538 25 16
545 543 26 16
545 553 32 16
545 511 33 16
545 551 35 16
545 533 41 16
545 537 42 16
545 542 44 16
545 575 46 16
545 517 48 16
545 555 52 16
434 451 4 17
434 470 5 17
434 442 9 17
434 436 12 17
434 423 25 17
434 452 29 17
434 477 38 17
546 571 1 17
546 527 3 17
546 589 12 17
546 516 13 17
546 523 15 17
546 535 19 17
546 539 20 17
546 538 24 17
546 543 25 17
546 553 31 17
546 511 32 17
546 551 34 17
546 533 40 17
546 537 41 17
546 542 43 17
546 575 45 17
546 517 47 17
546 555 51 17
328 327 1 18
328 305 2 18
328 367 5 18
328 367 7 18
328 366 12 18
328 332 13 18
328 317 14 18
328 339 15 18
328 348 16 18
328 334 17 18
328 362 18 18
328 278 20 18
328 303 21 18
328 351 22 18
328 351 23 18
328 322 26 18
328 325 27 18
328 353 29 18
328 343 30 18
328 285 36 18
328 288 40 18
328 338 42 18
328 304 43 18
328 280 44 18
328 291 46 18
328 354 52 18
571 527 2 18
571 589 11 18
571 523 14 18
571 535 18 18
571 539 19 18
571 538 23 18
571 543 24 18
571 553 30 18
571 551 33 18
571 533 39 18
571 537 40 18
571 542 42 18
571 575 44 18
571 555 50 18
571 603 52 18
46 48 1 19
46 45 2 19
46 29 3 19
46 31 4 19
46 46 7 19
46 25 17 19
46 36 17 19
46 36 18 19
46 0 22 19
46 6 22 19
46 7 22 19
46 85 24 19
46 27 26 19
46 28 27 19
46 8 30 19
46 79 31 19
46 80 36 19
46 49 37 19
46 64 37 19
46 44 38 19
46 63 38 19
46 91 41 19
46 69 46 19
46 70 47 19
46 91 48 19
327 305 1 19
327 367 4 19
327 367 6 19
327 366 11 19
327 332 12 19
327 317 13 19
327 339 14 19
327 348 15 19
327 334 16 19
327 362 17 19
327 278 19 19
327 303 20 19
327 351 21 19
327 351 22 19
327 322 25 19
327 325 26 19
327 353 28 19
327 343 29 19
327 285 35 19
327 288 39 19
327 338 41 19
327 304 42 19
327 280 43 19
327 291 45 19
327 354 51 19
739 744 2 19
739 741 3 19
739 740 5 19
739 740 6 19
739 724 15 19
739 727 19 19
739 728 20 19
739 727 21 19
739 758 24 19
739 719 25 19
739 753 28 19
739 716 31 19
739 696 33 19
739 740 34 19
739 703 35 19
739 741 37 19
739 708 40 19
739 741 42 19
739 723 46 19
48 45 1 20
48 29 2 20
48 31 3 20
48 46 6 20
48 25 16 20
48 36 16 20
48 36 17 20
48 0 21 20
48 6 21 20
48 7 21 20
48 85 23 20
48 27 25 20
48 28 26 20
48 8 29 20
48 79 30 20
48 80 35 20
48 49 36 20
48 64 36 20
48 44 37 20
48 63 37 20
48 91 40 20
48 69 45 20
48 70 46 20
48 91 47 20
203 203 2 20
203 226 5 20
203 226 6 20
203 210 13 20
203 198 14 20
203 214 16 20
203 246 22 20
203 238 23 20
203 222 24 20
203 234 29 20
203 243 31 20
203 247 33 20
203 245 35 20
203 170 37 20
203 236 38 20
203 239 39 20
203 168 40 20
203 178 44 20
203 176 46 20
203 229 50 20
305 266 8 20
305 332 11 20
305 317 12 20
305 339 13 20
305 348 14 20
305 334 15 20
305 278 18 20
305 303 19 20
305 351 20 20
305 351 21 20
305 269 23 20
305 322 24 20
305 325 25 20
305 353 27 20
305 343 28 20
305 256 31 20
305 272 32 20
305 285 34 20
305 263 36 20
305 255 37 20
305 288 38 20
305 268 39 20
305 338 40 20
305 304 41 20
305 280 42 20
305 276 43 20
305 291 44 20
305 259 48 20
305 354 50 20
527 516 10 20
527 523 12 20
527 535 16 20
527 539 17 20
527 538 21 20
527 543 22 20
527 553 28 20
527 493 29 20
527 511 29 20
527 551 31 20
527 489 33 20
527 477 35 20
527 533 37 20
527 537 38 20
527 542 40 20
527 575 42 20
527 517 44 20
527 489 45 20
527 555 48 20
45 29 1 21
45 31 2 21
45 46 5 21
45 25 15 21
45 36 15 21
45 36 16 21
45 0 20 21
45 6 20 21
45 7 20 21
45 85 22 21
45 27 24 21
45 28 25 21
45 8 28 21
45 79 29 21
45 80 34 21
45 49 35 21
45 64 35 21
45 44 36 21
45 63 36 21
45 91 39 21
45 69 44 21
45 70 45 21
45 91 46 21
451 470 1 21
451 442 5 21
451 436 8 21
451 423 21 21
451 452 25 21
451 493 28 21
451 489 32 21
451 477 34 21
451 489 44 21
744 741 1 21
744 740 3 21
744 740 4 21
744 724 13 21
744 727 17 21
744 728 18 21
744 727 19 21
744 758 22 21
744 719 23 21
744 753 26 21
744 716 29 21
744 696 31 21
744 740 32 21
744 703 33 21
744 741 35 21
744 708 38 21
744 741 40 21
744 723 44 21
29 31 1 22
29 46 4 22
29 25 14 22
29 36 14 22
29 36 15 22
29 0 19 22
29 6 19 22
29 7 19 22
29 27 23 22
29 28 24 22
29 8 27 22
29 49 34 22
29 64 34 22
29 44 35 22
29 63 35 22
29 69 43 22
29 70 44 22
203 226 3 22
203 226 4 22
203 210 11 22
203 198 12 22
203 214 14 22
203 246 20 22
203 238 21 22
203 222 22 22
203 234 27 22
203 243 29 22
203 247 31 22
203 245 33 22
203 170 35 22
203 236 36 22
203 239 37 22
203 168 38 22
203 178 42 22
203 176 44 22
203 229 48 22
470 442 4 22
470 436 7 22
470 516 8 22
470 423 20 22
470 452 24 22
470 493 27 22
470 511 27 22
470 489 31 22
470 477 33 22
470 517 42 22
470 489 43 22
741 740 2 22
741 740 3 22
741 724 12 22
741 727 16 22
741 728 17 22
741 727 18 22
741 758 21 22
741 719 22 22
741 753 25 22
741 716 28 22
741 696 30 22
741 740 31 22
741 703 32 22
741 741 34 22
741 708 37 22
741 741 39 22
741 723 43 22
31 46 3 23
31 25 13 23
31 36 13 23
31 36 14 23
31 0 18 23
31 6 18 23
31 7 18 23
31 27 22 23
31 28 23 23
31 8 26 23
31 79 27 23
31 80 32 23
31 49 33 23
31 64 33 23
31 44 34 23
31 63 34 23
31 69 42 23
31 70 43 23
367 367 2 23
367 366 7 23
367 332 8 23
367 317 9 23
367 339 10 23
367 348 11 23
367 334 12 23
367 362 13 23
367 351 17 23
367 351 18 23
367 322 21 23
367 325 22 23
367 353 24 23
367 343 25 23
367 338 37 23
367 354 47 23
632 673 3 23
632 646 4 23
632 675 5 23
632 589 6 23
632 652 22 23
632 675 23 23
632 664 32 23
632 628 40 23
632 603 47 23
740 740 1 24
740 724 10 24
740 727 14 24
740 728 15 24
740 727 16 24
740 758 19 24
740 719 20 24
740 753 23 24
740 716 26 24
740 696 28 24
740 740 29 24
740 703 30 24
740 741 32 24
740 708 35 24
740 741 37 24
740 723 41 24
104 104 10 25
104 105 12 25
104 85 18 25
104 79 25 25
104 101 26 25
104 99 29 25
104 80 30 25
104 64 31 25
104 63 32 25
104 117 33 25
104 91 35 25
104 121 36 25
104 129 36 25
104 123 37 25
104 131 37 25
104 69 40 25
104 130 40 25
104 70 41 25
104 91 42 25
104 98 45 25
226 226 1 25
226 266 3 25
226 210 8 25
226 198 9 25
226 214 11 25
226 246 17 25
226 238 18 25
226 269 18 25
226 222 19 25
226 234 24 25
226 243 26 25
226 256 26 25
226 272 27 25
226 247 28 25
226 245 30 25
226 263 31 25
226 255 32 25
226 236 33 25
226 239 34 25
226 268 34 25
226 178 39 25
226 176 41 25
226 259 43 25
226 229 45 25
367 366 5 25
367 332 6 25
367 317 7 25
367 339 8 25
367 348 9 25
367 334 10 25
367 362 11 25
367 351 15 25
367 351 16 25
367 322 19 25
367 325 20 25
367 353 22 25
367 343 23 25
367 338 35 25
367 354 45 25
740 724 9 25
740 727 13 25
740 728 14 25
740 727 15 25
740 758 18 25
740 719 19 25
740 753 22 25
740 716 25 25
740 696 27 25
740 740 28 25
740 703 29 25
740 741 31 25
740 708 34 25
740 741 36 25
740 723 40 25
46 25 10 26
46 36 10 26
46 36 11 26
46 0 15 26
46 6 15 26
46 7 15 26
46 85 17 26
46 27 19 26
46 28 20 26
46 8 23 26
46 79 24 26
46 80 29 26
46 49 30 26
46 64 30 26
46 44 31 26
46 63 31 26
46 91 34 26
46 69 39 26
46 70 40 26
46 91 41 26
226 266 2 26
226 210 7 26
226 198 8 26
226 214 10 26
226 246 16 26
226 238 17 26
226 269 17 26
226 222 18 26
226 234 23 26
226 243 25 26
226 256 25 26
226 272 26 26
226 247 27 26
226 245 29 26
226 263 30 26
226 255 31 26
226 236 32 26
226 239 33 26
226 268 33 26
226 178 38 26
226 176 40 26
226 259 42 26
226 229 44 26
442 436 3 26
442 423 16 26
442 452 20 26
442 489 27 26
442 477 29 26
442 489 39 26
673 646 1 26
673 675 2 26
673 682 5 26
673 687 7 26
673 684 9 26
673 719 18 26
673 652 19 26
673 675 20 26
673 716 24 26
673 696 26 26
673 703 28 26
673 664 29 26
673 708 33 26
673 628 37 26
646 675 1 27
646 682 4 27
646 687 6 27
646 684 8 27
646 652 18 27
646 675 19 27
646 664 28 27
646 628 36 27
646 603 43 27
266 278 10 28
266 303 11 28
266 246 14 28
266 238 15 28
266 269 15 28
266 222 16 28
266 234 21 28
266 243 23 28
266 256 23 28
266 272 24 28
266 247 25 28
266 285 26 28
266 245 27 28
266 263 28 28
266 255 29 28
266 236 30 28
266 288 30 28
266 239 31 28
266 268 31 28
266 304 33 28
266 280 34 28
266 276 35 28
266 291 36 28
266 259 40 28
266 229 42 28
675 682 3 28
675 687 5 28
675 724 6 28
675 684 7 28
675 719 16 28
675 652 17 28
675 675 18 28
675 716 22 28
675 696 24 28
675 703 26 28
675 664 27 28
675 708 31 28
675 628 35 28
675 723 37 28
436 423 13 29
436 452 17 29
436 477 26 29
589 539 8 29
589 543 13 29
589 553 19 29
589 551 22 29
589 542 31 29
589 575 33 29
589 628 34 29
589 555 39 29
589 603 41 29
366 332 1 30
366 317 2 30
366 339 3 30
366 348 4 30
366 334 5 30
366 362 6 30
366 351 10 30
366 351 11 30
366 322 14 30
366 325 15 30
366 353 17 30
366 343 18 30
366 338 30 30
366 354 40 30
516 523 2 30
516 535 6 30
516 539 7 30
516 538 11 30
516 543 12 30
516 553 18 30
516 493 19 30
516 511 19 30
516 551 21 30
516 489 23 30
516 477 25 30
516 533 27 30
516 537 28 30
516 542 30 30
516 517 34 30
516 489 35 30
516 555 38 30
332 317 1 31
332 339 2 31
332 348 3 31
332 334 4 31
332 362 5 31
332 303 8 31
332 351 9 31
332 351 10 31
332 322 13 31
332 325 14 31
332 353 16 31
332 343 17 31
332 285 23 31
332 288 27 31
332 338 29 31
332 304 30 31
332 291 33 31
332 354 39 31
682 687 2 31
682 724 3 31
682 684 4 31
682 727 7 31
682 728 8 31
682 727 9 31
682 719 13 31
682 652 14 31
682 675 15 31
682 716 19 31
682 696 21 31
682 703 23 31
682 664 24 31
682 708 28 31
682 723 34 31
317 339 1 32
317 348 2 32
317 334 3 32
317 362 4 32
317 278 6 32
317 303 7 32
317 351 8 32
317 351 9 32
317 269 11 32
317 322 12 32
317 325 13 32
317 353 15 32
317 343 16 32
317 272 20 32
317 285 22 32
317 288 26 32
317 268 27 32
317 338 28 32
317 304 29 32
317 280 30 32
317 276 31 32
317 291 32 32
317 354 38 32
523 535 4 32
523 539 5 32
523 538 9 32
523 543 10 32
523 553 16 32
523 493 17 32
523 511 17 32
523 551 19 32
523 489 21 32
523 477 23 32
523 533 25 32
523 537 26 32
523 542 28 32
523 517 32 32
523 489 33 32
523 555 36 32
210 198 1 33
210 214 3 33
210 246 9 33
210 238 10 33
210 222 11 33
210 234 16 33
210 243 18 33
210 256 18 33
210 247 20 33
210 245 22 33
210 170 24 33
210 255 24 33
210 236 25 33
210 239 26 33
210 168 27 33
210 178 31 33
210 176 33 33
210 259 35 33
210 229 37 33
339 348 1 33
339 334 2 33
339 362 3 33
339 303 6 33
339 351 7 33
339 351 8 33
339 322 11 33
339 325 12 33
339 353 14 33
339 343 15 33
339 338 27 33
339 304 28 33
339 291 31 33
339 354 37 33
687 724 1 33
687 684 2 33
687 727 5 33
687 728 6 33
687 727 7 33
687 719 11 33
687 652 12 33
687 675 13 33
687 716 17 33
687 696 19 33
687 703 21 33
687 664 22 33
687 708 26 33
687 723 32 33
198 214 2 34
198 246 8 34
198 238 9 34
198 222 10 34
198 234 15 34
198 243 17 34
198 247 19 34
198 245 21 34
198 170 23 34
198 236 24 34
198 239 25 34
198 168 26 34
198 178 30 34
198 176 32 34
198 229 36 34
348 334 1 34
348 362 2 34
348 303 5 34
348 351 6 34
348 351 7 34
348 322 10 34
348 325 11 34
348 353 13 34
348 343 14 34
348 338 26 34
348 304 27 34
348 354 36 34
724 684 1 34
724 727 4 34
724 728 5 34
724 727 6 34
724 758 9 34
724 719 10 34
724 675 12 34
724 753 13 34
724 716 16 34
724 696 18 34
724 740 19 34
724 703 20 34
724 741 22 34
724 708 25 34
724 741 27 34
724 723 31 34
104 105 2 35
104 85 8 35
104 79 15 35
104 101 16 35
104 99 19 35
104 80 20 35
104 64 21 35
104 63 22 35
104 117 23 35
104 91 25 35
104 121 26 35
104 129 26 35
104 123 27 35
104 131 27 35
104 69 30 35
104 130 30 35
104 70 31 35
104 91 32 35
104 98 35 35
334 362 1 35
334 303 4 35
334 351 5 35
334 351 6 35
334 322 9 35
334 325 10 35
334 353 12 35
334 343 13 35
334 285 19 35
334 288 23 35
334 338 25 35
334 304 26 35
334 291 29 35
334 354 35 35
684 727 3 35
684 728 4 35
684 727 5 35
684 719 9 35
684 652 10 35
684 675 11 35
684 716 15 35
684 696 17 35
684 703 19 35
684 664 20 35
684 708 24 35
684 723 30 35
25 36 1 36
25 0 5 36
25 6 5 36
25 7 5 36
25 27 9 36
25 28 10 36
25 8 13 36
25 49 20 36
25 64 20 36
25 44 21 36
25 63 21 36
25 69 29 36
25 70 30 36
36 36 1 36
36 0 5 36
36 6 5 36
36 7 5 36
36 85 7 36
36 27 9 36
36 28 10 36
36 8 13 36
36 79 14 36
36 80 19 36
36 49 20 36
36 64 20 36
36 44 21 36
36 63 21 36
36 69 29 36
36 70 30 36
214 246 6 36
214 238 7 36
214 222 8 36
214 234 13 36
214 243 15 36
214 256 15 36
214 247 17 36
214 245 19 36
214 263 20 36
214 170 21 36
214 255 21 36
214 236 22 36
214 239 23 36
214 168 24 36
214 178 28 36
214 176 30 36
214 259 32 36
214 229 34 36
362 351 4 36
362 351 5 36
362 322 8 36
362 325 9 36
362 353 11 36
362 343 12 36
362 338 24 36
362 354 34 36
535 539 1 36
535 538 5 36
535 543 6 36
535 553 12 36
535 493 13 36
535 511 13 36
535 551 15 36
535 489 17 36
535 533 21 36
535 537 22 36
535 542 24 36
535 575 26 36
535 517 28 36
535 489 29 36
535 555 32 36
36 0 4 37
36 6 4 37
36 7 4 37
36 85 6 37
36 27 8 37
36 28 9 37
36 8 12 37
36 79 13 37
36 80 18 37
36 49 19 37
36 64 19 37
36 44 20 37
36 63 20 37
36 69 28 37
36 70 29 37
105 85 6 37
105 79 13 37
105 101 14 37
105 99 17 37
105 80 18 37
105 64 19 37
105 63 20 37
105 117 21 37
105 91 23 37
105 121 24 37
105 129 24 37
105 123 25 37
105 131 25 37
105 69 28 37
105 130 28 37
105 70 29 37
105 91 30 37
105 98 33 37
539 538 4 37
539 543 5 37
539 553 11 37
539 493 12 37
539 511 12 37
539 551 14 37
539 489 16 37
539 533 20 37
539 537 21 37
539 542 23 37
539 575 25 37
539 517 27 37
539 489 28 37
539 555 31 37
278 303 1 38
278 246 4 38
278 238 5 38
278 269 5 38
278 322 6 38
278 325 7 38
278 234 11 38
278 243 13 38
278 256 13 38
278 272 14 38
278 247 15 38
278 285 16 38
278 245 17 38
278 263 18 38
278 255 19 38
278 236 20 38
278 288 20 38
278 239 21 38
278 268 21 38
278 304 23 38
278 280 24 38
278 276 25 38
278 291 26 38
278 259 30 38
278 229 32 38
727 728 1 38
727 727 2 38
727 758 5 38
727 719 6 38
727 753 9 38
727 716 12 38
727 696 14 38
727 740 15 38
727 703 16 38
727 741 18 38
727 708 21 38
727 741 23 38
727 723 27 38
303 351 1 39
303 351 2 39
303 269 4 39
303 322 5 39
303 325 6 39
303 343 9 39
303 256 12 39
303 272 13 39
303 285 15 39
303 263 17 39
303 255 18 39
303 288 19 39
303 268 20 39
303 338 21 39
303 304 22 39
303 280 23 39
303 276 24 39
303 291 25 39
303 259 29 39
728 727 1 39
728 758 4 39
728 719 5 39
728 753 8 39
728 716 11 39
728 696 13 39
728 740 14 39
728 703 15 39
728 741 17 39
728 708 20 39
728 741 22 39
728 723 26 39
351 351 1 40
351 322 4 40
351 325 5 40
351 353 7 40
351 343 8 40
351 338 20 40
351 304 21 40
351 354 30 40
727 758 3 40
727 719 4 40
727 753 7 40
727 716 10 40
727 696 12 40
727 740 13 40
727 703 14 40
727 741 16 40
727 708 19 40
727 741 21 40
727 723 25 40
0 27 4 41
0 28 5 41
0 8 8 41
0 49 15 41
0 44 16 41
6 27 4 41
6 28 5 41
6 8 8 41
6 49 15 41
6 44 16 41
7 27 4 41
7 28 5 41
7 8 8 41
7 49 15 41
7 44 16 41
351 322 3 41
351 325 4 41
351 353 6 41
351 343 7 41
351 338 19 41
351 304 20 41
351 354 29 41
538 543 1 41
538 553 7 41
538 493 8 41
538 511 8 41
538 551 10 41
538 489 12 41
538 533 16 41
538 537 17 41
538 542 19 41
538 575 21 41
538 517 23 41
538 489 24 41
538 555 27 41
246 238 1 42
246 269 1 42
246 222 2 42
246 234 7 42
246 243 9 42
246 256 9 42
246 272 10 42
246 247 11 42
246 285 12 42
246 245 13 42
246 263 14 42
246 255 15 42
246 236 16 42
246 288 16 42
246 239 17 42
246 268 17 42
246 280 20 42
246 276 21 42
246 291 22 42
246 259 26 42
246 229 28 42
423 452 4 42
543 553 6 42
543 493 7 42
543 511 7 42
543 551 9 42
543 533 15 42
543 537 16 42
543 542 18 42
543 575 20 42
543 517 22 42
543 555 26 42
85 79 7 43
85 101 8 43
85 99 11 43
85 80 12 43
85 49 13 43
85 64 13 43
85 44 14 43
85 63 14 43
85 117 15 43
85 91 17 43
85 121 18 43
85 129 18 43
85 123 19 43
85 131 19 43
85 69 22 43
85 130 22 43
85 70 23 43
85 91 24 43
85 98 27 43
238 222 1 43
238 234 6 43
238 243 8 43
238 256 8 43
238 272 9 43
238 247 10 43
238 285 11 43
238 245 12 43
238 263 13 43
238 255 14 43
238 236 15 43
238 239 16 43
238 268 16 43
238 280 19 43
238 276 20 43
238 259 25 43
238 229 27 43
269 222 1 43
269 234 6 43
269 243 8 43
269 256 8 43
269 272 9 43
269 247 10 43
269 285 11 43
269 245 12 43
269 263 13 43
269 255 14 43
269 236 15 43
269 288 15 43
269 239 16 43
269 268 16 43
269 304 18 43
269 280 19 43
269 276 20 43
269 291 21 43
269 259 25 43
269 229 27 43
758 719 1 43
758 753 4 43
758 716 7 43
758 740 10 43
758 741 13 43
758 708 16 43
758 741 18 43
758 723 22 43
222 234 5 44
222 243 7 44
222 256 7 44
222 247 9 44
222 245 11 44
222 263 12 44
222 255 13 44
222 236 14 44
222 239 15 44
222 268 15 44
222 178 20 44
222 176 22 44
222 259 24 44
222 229 26 44
322 325 1 44
322 353 3 44
322 343 4 44
322 272 8 44
322 285 10 44
322 288 14 44
322 338 16 44
322 304 17 44
322 280 18 44
322 276 19 44
322 291 20 44
322 354 26 44
719 675 2 44
719 753 3 44
719 716 6 44
719 696 8 44
719 740 9 44
719 703 10 44
719 741 12 44
719 708 15 44
719 741 17 44
719 723 21 44
27 28 1 45
27 8 4 45
27 49 11 45
27 64 11 45
27 44 12 45
27 63 12 45
27 69 20 45
27 70 21 45
325 353 2 45
325 343 3 45
325 285 9 45
325 288 13 45
325 338 15 45
325 304 16 45
325 280 17 45
325 276 18 45
325 291 19 45
325 354 25 45
652 675 1 45
652 696 7 45
652 664 10 45
652 628 18 45
652 603 25 45
28 8 3 46
28 49 10 46
28 64 10 46
28 44 11 46
28 63 11 46
28 69 19 46
28 70 20 46
452 493 3 46
452 489 7 46
452 477 9 46
452 489 19 46
675 716 4 46
675 696 6 46
675 703 8 46
675 664 9 46
675 708 13 46
675 628 17 46
675 723 19 46
353 343 1 47
353 338 13 47
353 304 14 47
353 354 23 47
753 716 3 47
753 740 6 47
753 703 7 47
753 741 9 47
753 708 12 47
753 741 14 47
753 723 18 47
343 338 12 48
343 304 13 48
343 354 22 48
553 511 1 48
553 551 3 48
553 533 9 48
553 537 10 48
553 542 12 48
553 575 14 48
553 517 16 48
553 555 20 48
8 49 7 49
8 44 8 49
234 243 2 49
234 256 2 49
234 272 3 49
234 247 4 49
234 245 6 49
234 263 7 49
234 255 8 49
234 236 9 49
234 239 10 49
234 268 10 49
234 280 13 49
234 276 14 49
234 259 19 49
234 229 21 49
493 489 4 49
493 477 6 49
493 533 8 49
493 537 9 49
493 542 11 49
493 517 15 49
493 489 16 49
511 551 2 49
511 489 4 49
511 477 6 49
511 533 8 49
511 537 9 49
511 542 11 49
511 517 15 49
511 489 16 49
511 555 19 49
79 101 1 50
79 99 4 50
79 80 5 50
79 49 6 50
79 64 6 50
79 44 7 50
79 63 7 50
79 117 8 50
79 91 10 50
79 121 11 50
79 123 12 50
79 69 15 50
79 70 16 50
79 91 17 50
79 98 20 50
716 696 2 50
716 740 3 50
716 703 4 50
716 741 6 50
716 708 9 50
716 741 11 50
716 723 15 50
101 99 3 51
101 80 4 51
101 64 5 51
101 63 6 51
101 117 7 51
101 91 9 51
101 121 10 51
101 129 10 51
101 123 11 51
101 131 11 51
101 69 14 51
101 130 14 51
101 70 15 51
101 91 16 51
101 98 19 51
243 272 1 51
243 247 2 51
243 285 3 51
243 245 4 51
243 263 5 51
243 255 6 51
243 236 7 51
243 288 7 51
243 239 8 51
243 268 8 51
243 280 11 51
243 276 12 51
243 291 13 51
243 259 17 51
243 229 19 51
256 272 1 51
256 247 2 51
256 285 3 51
256 245 4 51
256 263 5 51
256 255 6 51
256 236 7 51
256 288 7 51
256 239 8 51
256 268 8 51
256 304 10 51
256 280 11 51
256 276 12 51
256 291 13 51
256 259 17 51
256 229 19 51
551 533 6 51
551 537 7 51
551 542 9 51
551 575 11 51
551 517 13 51
551 555 17 51
272 247 1 52
272 285 2 52
272 245 3 52
272 263 4 52
272 255 5 52
272 236 6 52
272 288 6 52
272 239 7 52
272 268 7 52
272 304 9 52
272 280 10 52
272 276 11 52
272 291 12 52
272 259 16 52
272 229 18 52
696 740 1 52
696 703 2 52
696 664 3 52
696 741 4 52
696 708 7 52
696 741 9 52
696 723 13 52
247 285 1 53
247 245 2 53
247 263 3 53
247 255 4 53
247 236 5 53
247 288 5 53
247 239 6 53
247 268 6 53
247 280 9 53
247 276 10 53
247 291 11 53
247 259 15 53
247 229 17 53
489 477 2 53
489 533 4 53
489 537 5 53
489 517 11 53
489 489 12 53
740 703 1 53
740 741 3 53
740 708 6 53
740 741 8 53
740 723 12 53
99 80 1 54
99 49 2 54
99 64 2 54
99 63 3 54
99 117 4 54
99 91 6 54
99 121 7 54
99 129 7 54
99 123 8 54
99 131 8 54
99 69 11 54
99 130 11 54
99 70 12 54
99 91 13 54
99 98 16 54
285 245 1 54
285 263 2 54
285 255 3 54
285 236 4 54
285 288 4 54
285 239 5 54
285 268 5 54
285 304 7 54
285 280 8 54
285 276 9 54
285 291 10 54
285 259 14 54
703 664 1 54
703 741 2 54
703 708 5 54
703 741 7 54
703 723 11 54
80 49 1 55
80 64 1 55
80 44 2 55
80 63 2 55
80 117 3 55
80 91 5 55
80 121 6 55
80 129 6 55
80 123 7 55
80 69 10 55
80 70 11 55
80 91 12 55
80 98 15 55
245 263 1 55
245 255 2 55
245 236 3 55
245 288 3 55
245 239 4 55
245 268 4 55
245 280 7 55
245 276 8 55
245 291 9 55
245 259 13 55
245 229 15 55
477 517 9 55
477 489 10 55
664 708 4 55
664 628 8 55
49 44 1 56
49 63 1 56
49 91 4 56
49 69 9 56
49 70 10 56
49 91 11 56
49 98 14 56
64 44 1 56
64 63 1 56
64 91 4 56
64 69 9 56
64 70 10 56
64 91 11 56
64 98 14 56
263 255 1 56
263 236 2 56
263 288 2 56
263 239 3 56
263 268 3 56
263 304 5 56
263 280 6 56
263 276 7 56
263 291 8 56
263 259 12 56
263 229 14 56
741 708 3 56
741 741 5 56
741 723 9 56
44 91 3 57
44 69 8 57
44 70 9 57
44 91 10 57
63 91 3 57
63 69 8 57
63 70 9 57
63 91 10 57
63 98 13 57
170 168 3 57
170 121 4 57
170 129 4 57
170 123 5 57
170 131 5 57
170 178 7 57
170 130 8 57
170 176 9 57
255 236 1 57
255 288 1 57
255 239 2 57
255 268 2 57
255 304 4 57
255 280 5 57
255 276 6 57
255 291 7 57
255 259 11 57
255 229 13 57
533 537 1 57
533 542 3 57
533 575 5 57
533 517 7 57
533 489 8 57
533 555 11 57
117 91 2 58
117 121 3 58
117 129 3 58
117 123 4 58
117 131 4 58
117 69 7 58
117 130 7 58
117 70 8 58
117 91 9 58
117 98 12 58
236 239 1 58
236 268 1 58
236 280 4 58
236 276 5 58
236 259 10 58
236 229 12 58
288 239 1 58
288 268 1 58
288 304 3 58
288 280 4 58
288 276 5 58
288 291 6 58
288 259 10 58
537 542 2 58
537 575 4 58
537 517 6 58
537 489 7 58
537 555 10 58
239 280 3 59
239 276 4 59
239 259 9 59
239 229 11 59
268 304 2 59
268 280 3 59
268 276 4 59
268 291 5 59
268 259 9 59
268 229 11 59
708 741 2 59
708 723 6 59
91 121 1 60
91 129 1 60
91 123 2 60
91 131 2 60
91 69 5 60
91 130 5 60
91 70 6 60
91 91 7 60
91 98 10 60
168 121 1 60
168 129 1 60
168 123 2 60
168 131 2 60
168 178 4 60
168 130 5 60
168 176 6 60
338 304 1 60
338 291 4 60
338 354 10 60
542 575 2 60
542 517 4 60
542 555 8 60
121 123 1 61
121 131 1 61
121 130 4 61
121 91 6 61
121 98 9 61
129 123 1 61
129 131 1 61
129 178 3 61
129 130 4 61
129 176 5 61
129 91 6 61
129 98 9 61
304 280 1 61
304 276 2 61
304 291 3 61
304 259 7 61
741 723 4 61
123 130 3 62
123 91 5 62
123 98 8 62
131 178 2 62
131 130 3 62
131 176 4 62
131 91 5 62
131 98 8 62
280 276 1 62
280 291 2 62
280 259 6 62
575 555 6 62
575 603 8 62
276 291 1 63
276 259 5 63
276 229 7 63
628 603 7 63
178 130 1 64
178 176 2 64
291 259 4 64
517 489 1 64
517 555 4 64
69 70 1 65
69 91 2 65
69 98 5 65
130 176 1 65
130 91 2 65
130 98 5 65
70 91 1 66
70 98 4 66
91 98 3 67
259 229 2 68
555 603 2 68
