0 0 4 10 4 27 14 27 27 5 17 21 28 28 28 16 9 9 12 42 255 13 7 2 4 7 3 5 5 2 2 1 18 5 2 20 13 11 14 4 7 18 3 12 34 11 192 81 13 20 5 32 14 15 11 14 3 1 9 3 7 1 11 4 1 10 7 9 25 25 0 
0 1 2 6 9 21 10 18 5 2 16 6 22 11 32 6 10 3 5 96 255 10 15 7 4 7 10 7 0 1 6 15 14 5 6 11 13 1 3 25 21 15 18 12 27 9 150 120 29 8 9 9 14 7 4 13 2 12 3 3 11 17 9 6 5 3 4 4 10 11 0 
1 1 5 14 26 43 27 54 29 9 1 19 18 9 47 10 5 10 8 217 97 34 11 13 4 9 6 23 0 3 7 10 12 5 10 14 9 18 9 22 5 14 19 14 31 5 255 147 36 19 11 14 12 17 5 7 14 13 13 3 9 21 2 12 4 21 3 3 13 21 0 
0 3 5 7 11 10 26 28 14 5 17 13 21 37 37 2 12 1 4 238 255 14 5 5 5 14 3 23 3 5 6 32 8 4 4 24 6 16 12 21 37 30 10 11 45 18 153 108 89 13 13 31 17 7 8 17 38 9 14 5 9 15 10 10 7 15 5 20 20 9 0 
1 2 12 4 6 20 23 30 6 3 4 12 7 17 18 7 3 13 6 185 255 22 12 8 1 16 15 18 6 11 7 22 16 3 16 14 22 29 23 50 9 23 8 1 53 30 194 119 82 12 7 36 8 12 9 2 53 5 22 6 9 14 21 21 13 15 14 10 19 6 0 
1 3 9 5 24 22 25 49 35 8 7 10 15 10 9 6 5 11 22 103 237 16 18 10 11 8 26 21 4 7 7 26 8 13 32 21 3 66 6 69 44 41 47 12 49 46 116 255 153 15 40 17 19 27 11 10 35 15 26 5 15 21 11 19 1 22 23 42 19 42 0 
1 2 7 5 9 14 28 11 11 6 9 4 2 16 22 2 6 2 18 142 246 29 5 17 5 24 18 13 10 15 7 18 21 15 4 17 13 73 32 9 66 36 26 23 8 39 60 255 105 10 12 28 33 18 38 8 34 10 23 2 15 14 6 23 20 26 4 11 21 30 0 
0 2 3 7 14 14 19 27 21 4 6 9 14 19 13 10 3 3 9 72 159 26 12 6 4 6 12 3 0 5 4 11 13 10 5 16 20 29 9 20 42 21 15 12 51 30 255 126 54 21 13 14 8 4 7 12 20 15 17 0 5 10 7 10 16 11 4 9 22 25 0 
1 4 4 16 8 1 6 4 3 3 2 6 10 8 13 3 1 3 10 118 212 16 2 7 3 6 6 7 1 2 0 10 16 6 11 17 13 28 4 12 35 15 19 7 26 15 255 53 51 7 12 25 2 11 1 6 6 11 8 2 5 10 12 4 7 13 7 11 10 8 0 
1 3 3 7 6 1 8 11 13 6 4 9 8 15 25 5 7 9 6 153 132 12 6 14 7 18 4 3 4 14 8 26 10 8 19 20 10 36 8 8 36 23 16 2 21 29 255 131 66 18 11 17 19 4 15 15 13 7 13 1 9 15 12 9 12 9 6 25 33 16 0 
4 7 10 10 1 11 35 12 17 10 6 23 9 19 52 17 10 20 2 153 173 21 4 15 1 23 23 12 10 20 11 29 13 8 16 7 17 46 26 12 55 15 20 10 43 27 255 93 58 23 48 2 23 6 33 15 18 7 12 3 14 24 9 19 5 16 16 35 20 12 0 
2 5 7 32 3 11 1 26 13 16 23 11 29 14 70 10 14 6 6 122 77 17 15 13 2 13 8 21 1 7 1 11 4 12 14 21 19 36 10 33 47 18 25 12 9 17 255 156 10 11 30 9 13 6 26 11 26 16 31 8 14 4 6 4 18 12 2 19 38 43 0 
1 2 14 25 6 7 28 21 9 13 14 14 14 26 71 16 14 24 7 186 158 24 25 3 6 19 6 2 5 11 9 37 14 15 22 23 25 58 16 19 40 30 30 16 61 44 255 144 58 21 34 42 8 9 17 12 24 8 10 5 10 18 7 4 21 15 11 14 21 31 0 
2 15 10 40 18 33 77 57 10 28 12 44 75 13 110 38 33 17 19 70 140 60 48 12 15 42 38 40 17 1 6 70 29 7 8 30 30 47 38 19 55 27 19 6 93 26 255 200 63 28 64 16 22 40 59 35 55 30 58 12 55 14 17 31 31 24 22 38 49 81 0 
0 4 20 26 5 14 20 26 11 21 11 12 32 14 49 13 10 30 5 70 255 22 38 12 1 23 19 1 7 6 3 6 14 11 10 12 13 11 14 12 3 53 27 11 7 2 123 58 40 25 56 25 15 9 12 22 33 35 10 5 16 13 3 5 11 4 7 4 36 51 0 
2 3 10 26 4 12 22 18 2 21 20 21 60 46 48 25 23 44 22 50 255 20 36 24 17 19 28 29 4 13 11 42 13 18 55 18 28 29 25 2 79 36 12 24 25 20 32 91 47 18 43 8 34 25 30 18 39 12 6 5 25 32 24 36 27 10 3 22 18 63 0 
4 11 9 77 28 54 45 39 16 28 32 83 56 93 29 25 50 41 30 157 128 71 109 51 41 14 86 42 6 25 83 102 76 65 38 31 33 103 80 49 62 70 64 62 255 39 229 244 95 95 67 35 82 52 40 130 29 107 69 48 54 113 68 36 59 125 60 83 179 201 0 
1 3 15 40 6 29 54 4 6 16 20 16 18 36 11 2 30 41 9 226 136 7 33 11 13 33 15 44 9 10 16 25 28 21 10 38 11 33 47 46 45 30 44 15 96 14 216 255 136 13 76 11 42 44 34 36 3 26 42 15 32 15 24 8 38 74 24 44 76 110 0 
4 14 34 81 5 20 38 38 45 16 16 20 86 37 43 22 25 32 40 255 182 19 27 9 18 38 34 38 9 27 20 41 22 71 16 58 34 21 34 17 76 52 47 29 164 139 137 224 241 64 58 71 47 58 39 60 14 37 18 25 43 39 34 13 19 28 23 46 51 125 0 
4 15 20 86 17 42 35 66 35 15 62 2 29 25 40 25 53 41 78 90 71 36 38 48 6 81 68 18 10 50 12 59 59 83 90 16 25 27 40 28 122 99 59 58 144 47 196 255 201 22 80 79 52 14 82 34 67 54 34 9 35 50 42 55 34 17 25 31 10 109 0 
0 0 12 36 12 13 7 10 1 9 9 19 47 29 23 8 17 18 19 84 50 19 29 3 3 27 10 11 6 16 4 11 10 36 18 19 16 11 21 13 12 23 25 16 101 22 119 255 31 16 1 24 1 23 16 27 39 7 5 5 28 13 9 7 25 15 15 11 19 21 0 
0 1 18 64 17 14 20 15 8 9 12 11 59 24 15 15 20 21 9 55 113 39 27 14 13 15 15 10 5 8 9 12 5 46 14 29 16 7 17 31 16 70 27 17 97 6 255 253 59 33 20 52 11 4 18 16 11 8 24 12 33 12 6 31 11 11 16 26 26 37 0 
0 2 10 18 3 15 19 8 11 7 11 12 27 6 18 2 21 8 9 63 22 16 2 13 2 7 16 21 10 2 6 18 17 22 30 23 18 23 16 25 15 20 22 11 36 47 250 255 32 23 6 32 14 15 13 18 14 3 24 7 20 7 18 11 24 5 17 5 52 18 0 
0 0 7 36 4 11 7 10 4 9 5 13 10 13 4 3 9 12 0 50 58 7 18 12 8 15 14 15 2 9 9 11 5 34 9 10 18 7 9 32 28 8 12 13 7 26 161 255 36 18 34 4 15 16 22 16 24 4 21 12 7 12 5 7 7 17 8 5 34 24 0 
0 1 9 36 5 5 28 6 3 7 4 11 21 12 8 8 8 3 15 21 63 10 19 5 5 15 12 11 9 3 1 1 12 22 8 8 13 6 4 10 29 25 7 5 10 22 56 255 13 7 10 23 9 15 2 2 19 8 4 1 13 1 7 7 3 11 2 15 12 21 0 
0 0 6 28 5 8 10 4 3 3 5 11 2 9 5 5 4 10 6 34 46 11 18 10 8 6 9 6 2 5 2 11 9 18 13 3 14 3 1 13 12 10 12 2 30 14 255 208 31 10 8 12 12 6 12 13 5 8 0 0 4 2 4 6 6 12 10 14 14 28 0 
0 0 3 27 9 6 0 3 0 1 3 7 7 4 0 3 5 4 3 31 16 6 4 4 1 2 6 7 0 6 3 1 5 9 6 5 5 4 6 2 10 11 4 3 33 8 255 179 15 5 11 5 12 8 4 4 3 1 3 4 7 5 4 3 6 14 1 2 4 19 0 
1 2 6 28 11 14 6 2 1 0 3 8 6 1 1 3 0 3 5 8 42 12 4 1 0 7 6 7 1 2 1 4 7 4 3 4 5 6 2 11 11 12 3 3 9 11 255 156 12 4 6 11 11 1 7 7 7 5 2 2 1 7 4 2 0 15 3 5 9 16 0 
1 5 9 56 18 32 10 15 8 8 18 15 20 13 6 10 9 13 11 52 29 3 5 4 5 11 2 3 5 0 0 8 5 6 4 6 4 9 2 22 6 14 8 2 16 13 187 255 77 0 10 2 9 1 11 1 11 5 8 5 2 14 13 6 1 12 5 9 25 29 0 
0 5 7 56 21 36 7 6 2 8 11 8 27 7 3 6 4 10 1 99 57 22 8 2 3 4 6 9 3 6 2 5 4 13 12 13 7 4 3 4 11 11 1 2 9 8 186 255 38 5 21 11 6 6 8 10 4 9 16 5 3 9 12 5 3 20 8 6 10 36 0 
0 1 3 27 13 8 6 0 1 0 0 5 4 6 1 3 2 7 0 28 25 2 3 3 1 3 7 5 2 0 2 7 3 2 5 1 2 0 1 0 11 2 3 4 2 7 255 55 4 2 4 2 3 3 4 1 3 4 3 2 2 2 3 2 3 4 2 5 10 25 0 
0 1 4 31 14 8 3 5 1 1 5 3 6 3 3 2 3 4 1 7 40 7 4 2 1 5 7 1 1 0 3 3 1 7 2 6 2 1 1 5 4 2 3 1 9 2 255 59 13 6 3 6 2 2 6 2 2 4 4 2 3 6 6 2 2 6 1 2 17 32 0 
0 2 5 51 10 17 9 4 1 4 9 0 4 8 2 2 0 10 6 35 65 4 5 1 3 8 8 9 1 6 1 12 2 17 6 6 6 6 1 17 22 17 7 3 7 5 255 54 14 13 5 6 0 2 3 1 12 7 7 3 2 12 3 1 1 0 3 5 33 39 0 
0 1 4 34 14 8 8 5 2 4 6 5 16 10 5 9 6 2 13 26 31 14 3 1 4 9 8 5 1 8 1 7 7 13 1 19 9 0 3 14 19 7 4 4 1 7 255 14 13 13 5 16 5 8 1 3 5 2 2 4 3 9 6 3 5 10 0 3 27 27 0 
0 2 5 21 9 5 2 2 5 1 3 7 13 5 2 8 3 4 8 15 53 10 11 2 5 6 6 9 4 6 3 5 8 9 5 13 1 0 1 10 12 10 0 3 14 2 255 30 8 5 19 27 3 4 2 7 2 3 4 2 6 5 2 1 2 5 3 2 4 16 0 
1 1 4 8 17 6 7 3 1 3 3 11 19 6 2 6 15 8 15 19 25 10 7 5 6 1 5 9 2 11 3 2 12 16 4 13 13 6 2 15 12 7 2 4 15 5 255 76 13 8 11 15 1 3 7 6 0 0 1 3 5 4 5 2 1 6 1 4 3 12 0 
2 6 10 10 28 15 5 2 4 2 7 12 18 5 1 5 16 13 18 32 18 15 29 5 8 5 11 18 9 6 7 17 19 8 9 14 9 11 2 8 15 3 8 2 11 6 255 55 15 6 18 7 7 4 0 2 0 3 5 0 4 6 3 4 0 3 6 5 1 12 0 
3 4 24 42 49 23 16 7 2 3 4 14 48 16 7 22 55 45 63 62 88 50 52 42 28 37 47 29 39 33 46 37 60 58 28 56 38 19 4 21 12 9 4 6 33 18 255 63 14 8 35 49 4 7 3 2 0 5 10 3 6 8 5 5 4 13 8 5 7 20 0 
4 3 14 12 25 22 10 5 3 3 14 5 20 7 3 3 11 15 12 38 54 36 8 12 9 6 14 13 10 11 8 7 10 14 7 14 9 13 4 16 12 9 2 5 23 12 255 143 39 4 12 28 3 4 2 6 10 4 5 1 7 23 4 2 3 3 6 2 19 16 0 
4 9 13 28 28 9 13 3 0 4 11 2 14 8 10 14 11 8 15 52 66 21 7 4 7 18 23 20 9 12 15 21 20 12 11 11 12 12 4 23 8 0 3 2 7 6 255 108 27 5 2 32 2 5 9 8 1 5 9 4 1 10 10 3 5 7 3 4 14 12 0 
2 3 1 11 14 21 4 1 1 2 1 3 5 1 3 4 4 4 7 52 20 7 5 3 5 8 1 6 4 4 6 5 4 2 6 2 3 2 5 14 3 5 2 1 6 7 255 61 21 2 8 5 7 1 3 4 6 0 3 0 3 9 6 2 1 4 4 2 1 8 0 
2 3 8 13 12 43 17 1 2 5 2 2 5 8 4 4 12 22 28 26 43 24 16 9 8 9 6 7 2 7 5 0 5 10 7 1 2 2 2 22 7 11 5 2 11 7 255 44 23 0 5 10 9 8 3 8 2 2 4 2 3 18 2 4 1 3 2 1 16 16 0 
1 3 3 15 18 25 11 7 3 2 3 3 10 1 5 8 15 10 6 28 13 24 25 7 1 5 6 3 3 6 7 3 8 13 3 1 2 1 7 13 2 9 3 1 2 5 255 32 19 9 11 11 9 3 6 7 2 2 3 0 5 16 6 0 2 5 2 5 8 14 0 
0 2 1 13 22 34 11 7 1 5 5 4 5 11 4 10 8 10 5 24 13 9 7 5 0 6 4 4 2 4 1 13 1 22 10 4 11 2 6 20 23 9 13 5 13 10 255 35 33 2 5 13 7 8 10 11 2 9 6 3 7 21 2 6 6 7 3 4 10 4 0 
0 4 3 6 20 45 11 5 5 8 8 5 23 7 1 4 5 4 5 24 3 4 15 12 2 12 5 7 3 6 3 1 3 23 1 10 6 6 7 8 7 2 8 8 22 17 255 18 6 2 6 11 19 3 19 14 11 3 11 1 16 10 6 9 3 6 6 4 14 2 0 
0 2 4 19 18 37 13 6 4 12 14 8 13 8 7 7 4 3 6 28 13 1 10 9 1 4 9 10 5 4 3 9 6 23 12 9 3 7 6 12 17 14 12 5 2 2 255 45 5 13 10 5 8 3 17 15 11 4 13 1 4 11 7 7 3 8 3 8 10 22 0 
0 1 4 5 17 25 8 8 4 10 1 1 11 16 7 0 3 6 7 35 5 8 16 7 3 5 5 7 3 1 2 1 1 15 5 7 9 5 7 11 19 17 3 1 15 10 255 21 21 7 2 4 8 8 4 15 11 3 10 4 11 16 11 3 4 4 7 7 19 20 0 
0 3 2 25 25 20 26 17 17 6 7 5 20 18 6 11 9 9 20 35 17 11 16 7 3 16 10 18 6 6 3 13 6 20 7 14 8 5 4 27 10 31 8 10 36 14 255 27 7 5 4 34 15 2 7 6 4 9 18 3 16 14 11 4 0 14 6 7 5 35 0 
0 1 9 33 27 32 18 4 11 14 13 7 14 15 8 9 13 14 16 8 19 4 22 8 4 21 10 7 0 5 2 16 11 47 11 16 0 4 5 13 5 29 23 5 47 13 255 44 30 11 7 28 18 6 18 5 19 6 17 4 14 29 12 16 6 16 4 3 18 21 0 
0 3 3 11 26 35 5 10 6 15 22 10 18 12 13 5 13 13 14 36 25 9 29 19 3 5 17 21 11 9 5 11 12 73 6 30 4 3 18 19 17 36 13 15 76 11 255 65 40 14 10 32 20 10 27 12 18 23 16 4 20 46 10 8 1 17 13 8 24 15 0 
0 1 3 20 21 15 13 27 18 35 0 2 29 14 1 5 1 5 19 44 6 15 10 10 9 12 34 27 3 4 3 8 7 94 21 18 3 8 16 11 22 19 11 14 28 10 255 32 17 3 6 60 15 6 25 13 18 20 11 4 9 28 10 10 8 21 10 10 8 28 0 
0 1 4 15 11 12 9 26 19 8 7 4 14 0 14 5 7 6 18 47 23 5 5 3 3 12 7 7 0 1 4 6 7 18 12 21 7 7 4 17 33 19 4 14 24 8 255 54 9 6 7 38 4 6 8 10 2 6 14 2 4 22 10 3 2 4 7 6 29 31 0 
0 1 3 15 8 8 15 7 4 9 4 2 12 6 6 0 0 6 19 43 20 12 10 2 4 1 7 19 1 3 1 3 14 39 2 14 5 3 10 9 21 9 6 4 20 15 255 36 22 14 8 13 8 11 9 15 14 4 8 3 4 14 24 5 0 3 2 1 18 35 0 
1 2 4 16 22 9 17 4 10 10 9 5 9 12 8 7 2 1 6 85 18 3 6 6 6 2 7 8 5 3 4 9 6 32 11 17 1 4 4 7 36 17 4 3 31 8 255 7 24 9 1 44 5 8 19 22 11 20 13 1 9 13 30 5 9 7 9 9 14 28 0 
2 2 4 19 14 7 19 2 4 12 3 2 23 23 12 3 17 12 8 66 28 17 7 10 11 6 5 5 9 6 1 11 9 112 27 27 5 3 8 17 53 13 8 2 2 8 255 50 17 5 20 33 7 0 8 24 15 11 10 7 11 9 23 10 11 9 10 4 45 11 0 
5 3 16 71 55 10 92 47 27 35 21 27 24 2 11 10 2 28 7 115 57 14 18 5 6 25 36 83 32 35 2 36 61 255 27 118 42 36 49 30 76 38 35 51 78 29 252 114 7 9 64 143 70 7 54 46 61 45 16 11 35 73 36 7 20 19 10 20 54 48 0 
4 10 5 51 50 15 119 42 19 35 32 6 41 15 2 14 18 11 25 167 70 22 24 15 7 17 62 5 37 23 17 29 9 255 10 52 26 37 17 39 24 41 37 17 88 19 110 227 34 28 14 207 16 47 40 14 50 34 21 9 18 64 13 3 20 21 23 22 37 54 0 
3 16 19 15 10 14 107 8 31 31 13 17 34 16 26 17 4 40 54 219 58 26 10 11 11 31 51 35 25 5 13 41 49 86 59 34 12 24 20 14 48 27 14 33 6 35 16 255 13 31 47 62 22 17 74 21 43 45 21 5 20 21 21 18 33 21 17 20 50 58 0 
1 2 16 18 20 7 67 28 29 22 15 18 63 1 28 19 16 11 25 181 88 34 43 35 28 62 57 26 21 12 8 10 50 157 34 45 45 16 6 29 46 15 26 39 46 16 114 255 13 22 46 212 31 43 48 40 39 37 10 8 15 28 5 22 35 6 13 37 29 46 0 
3 6 12 39 30 20 119 30 5 27 33 15 62 13 39 17 32 40 57 122 73 3 83 6 13 20 18 50 17 10 5 12 47 157 4 28 29 38 23 44 16 27 18 42 54 18 101 255 11 45 39 95 22 45 77 53 36 1 39 2 14 23 8 7 27 17 30 30 32 17 0 
4 8 15 13 11 15 52 40 23 29 52 21 22 18 88 21 10 21 53 8 71 25 29 9 3 26 20 37 28 4 10 46 78 248 18 31 31 30 18 25 83 37 47 96 48 34 255 225 19 34 17 131 39 23 85 71 25 34 7 5 35 7 22 11 11 37 32 16 19 12 0 
2 5 9 22 9 36 155 68 4 25 20 15 33 10 72 19 19 19 32 59 28 27 19 4 8 33 16 29 6 26 5 69 44 145 29 17 72 33 20 5 29 24 16 51 104 39 255 123 30 28 31 81 17 51 74 89 65 12 22 3 38 8 22 12 14 18 10 23 39 17 0 
3 4 10 3 7 14 137 63 6 23 24 11 24 13 56 2 7 13 32 19 29 51 22 12 6 17 32 13 19 9 1 16 54 91 38 55 76 23 10 14 20 21 46 56 47 36 255 54 9 15 14 109 10 18 64 71 33 13 4 0 38 11 14 9 26 42 14 12 66 16 0 
7 11 30 27 10 19 91 76 23 37 85 28 45 23 255 66 23 78 89 71 121 70 64 9 18 13 49 36 24 33 8 80 175 200 98 35 63 56 30 28 28 60 76 141 43 25 245 47 38 19 86 220 37 93 131 133 72 24 17 8 58 29 31 6 32 84 6 14 76 59 0 
1 10 13 39 55 28 255 50 44 59 81 40 26 29 13 64 72 61 45 61 35 30 110 67 32 31 44 57 45 22 17 79 95 144 42 58 90 14 6 36 13 43 14 28 20 5 155 33 13 18 39 116 43 41 89 69 40 19 25 6 17 16 4 9 13 30 6 12 5 34 0 
1 3 12 14 6 19 28 38 9 24 43 25 8 23 232 41 25 27 24 73 14 50 8 24 11 15 15 3 15 28 17 31 28 255 36 49 24 16 8 13 2 38 14 22 42 16 86 36 28 5 7 109 18 60 24 92 18 22 13 3 20 16 10 5 9 6 12 12 11 7 0 
3 4 14 15 31 21 37 26 53 44 37 32 26 37 88 46 31 47 60 30 93 71 65 42 24 42 40 21 20 28 26 37 78 255 6 59 33 10 1 3 11 10 29 5 2 7 202 12 34 31 16 87 15 28 37 19 42 10 12 12 4 9 8 12 12 11 9 16 19 11 0 
3 1 16 18 13 9 50 39 5 0 10 28 7 31 154 35 17 15 4 45 59 33 2 16 4 4 3 23 6 5 8 21 69 157 21 43 9 5 0 11 35 15 6 2 11 8 255 59 21 34 31 70 14 21 27 93 39 6 12 8 5 17 13 6 15 7 5 4 10 9 0 
1 6 26 43 3 6 78 18 44 23 29 11 30 22 255 76 46 23 43 90 38 41 38 21 17 38 40 25 10 24 24 40 68 190 50 23 10 5 7 6 13 16 12 23 12 11 149 69 24 0 24 49 50 47 41 9 69 7 20 14 14 18 18 12 20 24 9 14 38 25 0 
1 4 12 20 1 8 80 12 23 7 15 20 15 27 89 26 29 15 14 46 67 10 6 7 11 23 21 44 10 15 23 8 22 255 41 16 41 4 10 3 3 30 7 40 27 9 113 15 12 65 45 36 41 31 39 38 43 15 1 9 5 24 8 14 28 20 13 16 28 14 0 
1 0 10 38 26 10 12 20 15 8 17 8 9 14 92 2 24 3 8 29 32 6 4 6 2 16 11 71 2 4 7 21 22 34 12 19 10 14 3 5 21 25 18 13 11 4 255 60 25 24 11 44 12 15 34 96 50 12 3 3 5 24 28 16 8 10 3 7 17 40 0 
3 4 8 17 15 21 134 23 2 17 9 9 23 35 150 16 24 10 15 78 16 4 9 5 10 11 5 110 18 23 6 7 32 51 12 10 30 19 4 21 7 9 40 16 28 4 255 37 29 20 11 54 20 36 42 51 77 18 9 13 15 18 8 6 13 16 7 16 35 39 0 
3 3 6 13 5 20 204 5 31 11 9 17 21 37 121 3 27 15 55 95 32 23 14 18 9 20 10 164 21 40 13 27 58 94 35 22 120 17 20 27 35 27 25 29 41 8 255 43 10 24 17 48 31 31 64 187 217 32 10 2 18 49 19 13 12 28 22 12 51 27 0 
1 6 17 26 11 12 142 15 7 18 13 0 9 14 255 20 8 15 43 38 44 14 3 6 5 24 14 155 8 29 11 17 24 64 21 8 54 24 2 43 9 22 27 21 54 14 88 44 41 37 10 35 5 34 64 116 92 22 37 14 21 49 32 6 7 28 22 27 41 28 0 
1 7 8 22 4 16 172 24 5 10 15 5 18 2 226 27 6 9 19 24 41 15 13 8 8 9 16 174 11 26 13 31 25 59 3 32 25 29 13 44 40 8 17 27 47 2 168 16 26 12 36 12 18 34 70 99 255 16 17 12 15 46 14 17 23 9 23 18 27 30 0 
0 4 1 8 2 6 27 10 3 8 8 6 9 3 16 5 7 7 2 38 21 2 7 2 1 8 11 30 3 4 4 1 2 23 2 7 12 5 4 18 13 16 15 6 17 16 255 23 5 4 7 11 10 3 14 64 50 18 12 6 0 13 7 5 4 6 2 4 15 35 0 
0 2 5 5 1 2 35 12 6 11 5 6 8 9 28 12 9 2 6 32 17 4 5 7 1 3 10 13 2 7 5 9 4 17 18 9 2 3 4 8 25 10 3 1 10 10 255 8 15 2 8 13 11 5 7 58 18 26 13 1 4 8 11 3 3 3 1 5 22 44 0 
0 1 4 12 1 3 9 8 3 14 8 1 2 12 68 16 1 5 4 33 25 5 9 6 2 12 12 14 4 2 8 4 3 3 3 11 3 1 10 15 3 15 8 2 8 7 255 40 14 6 3 11 6 7 16 63 38 12 21 4 0 13 7 7 5 4 1 3 34 57 0 
2 3 12 29 8 18 40 7 15 17 7 16 30 25 103 26 28 7 25 108 66 21 25 8 2 11 49 61 7 13 22 36 16 31 46 40 33 28 30 33 37 28 24 15 12 40 255 47 46 3 8 9 51 6 17 218 81 2 28 9 12 27 36 6 23 9 16 5 43 195 0 
4 2 22 23 4 59 44 44 34 46 44 20 67 29 78 14 27 13 118 113 80 13 39 2 8 60 56 83 15 33 32 39 112 134 97 85 4 66 50 28 104 49 14 22 49 13 78 118 33 18 11 99 25 51 23 189 130 22 77 29 28 50 25 21 21 24 45 10 79 255 0 
0 4 7 16 3 33 34 5 2 22 4 7 24 32 76 2 9 12 10 87 35 21 13 5 2 16 10 36 3 15 20 6 15 18 21 38 7 14 13 37 11 47 33 6 49 29 255 121 17 20 16 19 6 26 56 83 87 34 18 11 13 10 16 5 5 18 2 5 61 141 0 
0 0 6 8 3 15 9 5 5 6 8 11 4 24 22 7 8 10 14 70 17 6 7 6 2 11 11 29 1 14 10 7 12 13 26 18 16 5 11 12 28 5 11 13 19 30 255 7 18 16 12 21 21 12 18 81 48 12 22 6 6 6 11 5 12 11 2 2 45 83 0 
1 2 4 1 5 9 10 11 5 5 2 5 9 7 24 3 8 3 28 53 16 7 8 4 1 10 10 9 2 6 8 14 3 5 12 7 8 8 7 24 38 16 13 5 18 10 255 86 21 0 6 14 3 3 11 39 38 15 18 1 3 10 7 4 3 16 3 5 38 44 0 
1 2 4 2 3 6 6 8 1 5 4 4 13 14 39 6 5 2 23 56 5 8 12 6 0 2 8 31 8 6 2 13 5 9 20 28 11 14 8 28 13 28 11 13 15 1 255 72 6 5 14 24 20 14 12 39 50 25 16 9 11 13 5 16 7 17 3 2 15 68 0 
1 1 3 3 3 7 11 4 2 1 5 4 6 16 20 14 8 1 11 35 5 7 2 5 1 7 5 10 9 6 2 12 5 8 20 32 16 7 9 13 27 18 8 3 3 11 255 54 7 6 2 15 14 12 3 37 28 15 14 2 10 16 5 5 2 11 3 4 8 52 0 
0 2 4 13 1 24 5 11 6 1 2 5 5 23 30 14 4 5 6 37 9 5 11 4 1 7 6 8 3 5 1 20 9 7 18 32 21 10 9 10 21 13 9 7 5 5 255 55 6 5 0 44 2 6 6 18 31 7 3 3 22 15 2 5 8 12 4 4 25 51 0 
0 2 4 13 2 21 1 14 8 2 7 0 14 9 38 5 3 15 7 24 11 9 18 3 2 6 7 13 3 4 2 18 8 2 19 19 9 4 5 12 43 19 6 4 8 12 255 71 15 5 3 39 1 2 13 28 5 7 11 1 22 12 7 1 6 8 2 6 15 46 0 
0 4 3 25 1 16 11 7 2 11 11 5 30 13 45 11 12 5 28 57 22 15 14 5 2 4 11 10 5 0 1 10 2 5 18 52 24 10 4 8 53 1 11 6 19 6 255 26 21 8 7 5 7 7 13 12 3 12 12 1 26 8 3 2 14 13 3 6 21 49 0 
0 3 6 11 1 14 12 8 9 7 2 6 15 13 66 10 6 13 42 20 19 35 8 16 3 5 15 15 3 10 2 5 8 14 21 26 3 6 6 6 37 27 18 4 8 9 255 112 10 5 7 26 6 10 9 26 14 7 18 2 11 7 1 10 5 7 2 8 5 73 0 
0 0 2 3 2 10 12 7 7 4 21 7 9 10 105 14 6 10 27 6 4 21 5 15 1 14 10 28 3 15 2 11 7 6 14 14 18 11 1 17 33 13 11 10 10 19 255 33 30 6 6 13 10 6 16 14 37 9 12 2 5 10 4 12 9 10 1 1 28 94 0 
0 0 3 2 1 7 9 4 4 1 4 7 12 17 29 11 9 7 22 28 28 11 14 9 3 10 3 31 4 10 7 1 6 5 20 19 6 3 5 4 20 17 9 5 10 11 255 95 16 5 7 10 9 5 5 3 22 2 6 4 4 12 7 1 6 7 3 7 18 91 0 
0 1 5 4 1 5 11 7 4 3 5 6 9 14 44 16 6 10 17 18 17 10 14 10 4 17 10 18 1 4 4 13 9 2 3 8 6 7 5 9 30 10 4 7 4 18 255 26 20 5 7 20 6 5 8 7 12 13 15 2 0 8 3 5 5 9 3 4 19 74 0 
0 2 3 4 0 7 7 8 1 4 9 4 10 16 50 8 16 1 12 24 18 7 11 7 0 17 15 9 3 6 2 7 6 4 17 8 6 9 4 11 49 6 8 4 7 10 255 91 16 9 4 4 17 7 7 12 2 19 6 3 4 5 2 2 7 7 4 6 8 58 0 
0 0 8 0 0 8 13 7 0 3 1 5 10 15 48 9 6 11 16 18 15 5 4 6 2 10 16 10 1 10 3 0 8 1 8 24 5 5 5 13 45 7 10 7 3 16 255 51 15 10 4 22 21 5 9 8 20 15 12 3 1 9 4 8 6 9 7 10 12 65 0 
1 3 4 6 2 2 20 7 1 3 2 5 17 7 42 6 4 7 8 14 19 5 3 6 1 10 18 11 4 9 6 7 9 5 24 24 16 12 3 21 30 29 15 4 13 16 255 57 20 13 6 22 10 7 14 18 28 18 10 0 4 9 5 8 3 7 7 11 16 71 0 
0 2 2 7 1 11 9 5 2 0 1 10 4 15 8 6 6 8 3 15 18 10 4 3 1 9 12 10 4 4 4 8 5 8 6 25 8 4 6 6 11 21 10 2 11 2 255 22 3 7 8 6 3 10 14 21 26 17 15 1 6 9 3 3 3 8 3 4 16 49 0 
0 1 4 2 3 16 5 5 4 1 9 10 9 20 11 6 3 5 30 22 19 9 8 2 0 13 11 11 1 2 3 5 2 10 26 43 14 7 6 15 21 28 6 7 16 37 255 29 8 2 16 11 10 9 10 25 17 17 19 2 5 1 3 7 2 13 4 3 18 75 0 
1 6 8 18 3 20 29 13 4 4 9 4 19 20 46 16 12 6 46 17 32 9 10 7 2 16 6 6 2 1 2 18 10 13 12 63 19 15 22 24 6 12 28 12 14 14 255 39 15 3 8 33 22 14 19 22 14 10 22 8 12 12 4 4 13 9 4 4 11 84 0 
2 14 17 16 6 39 50 10 6 10 11 14 24 34 92 35 21 11 59 47 66 2 22 13 1 23 28 12 10 17 14 18 13 6 16 55 40 25 13 14 29 72 17 15 34 7 255 88 41 15 26 31 30 4 28 18 29 39 29 7 10 26 11 4 15 17 20 11 94 160 0 
1 7 15 2 1 26 25 8 2 6 9 6 3 15 56 26 4 12 41 45 22 2 12 0 4 20 28 18 5 16 3 11 19 16 9 47 4 3 9 18 23 26 20 5 49 50 255 88 6 15 5 23 9 9 1 17 36 33 29 7 16 6 4 9 12 21 8 4 30 100 0 
1 8 12 18 1 11 15 5 4 4 7 2 11 12 62 19 14 4 33 6 28 6 2 10 2 12 20 10 3 7 0 7 9 5 6 40 18 11 15 26 22 4 22 2 15 9 255 59 19 15 2 13 16 8 20 31 10 2 7 3 10 5 3 9 5 5 7 8 45 85 0 
0 15 22 29 9 10 43 5 6 6 21 18 25 31 103 45 5 22 25 7 49 5 12 10 4 25 35 26 10 11 9 15 14 13 41 56 34 8 13 17 55 28 29 4 31 29 255 115 29 26 23 9 9 16 30 33 40 29 37 3 22 17 3 5 1 25 13 10 112 140 0 
4 23 18 18 9 17 39 17 12 9 20 17 40 72 28 38 17 27 15 50 61 26 13 11 4 24 19 34 20 14 9 11 26 11 10 48 23 3 19 10 35 35 32 19 16 42 47 130 14 6 22 21 5 8 47 28 33 43 16 12 18 33 15 14 6 1 8 3 59 255 0 
3 12 14 6 2 10 6 11 3 3 21 12 31 24 13 23 6 17 21 34 47 8 10 22 3 26 13 19 6 10 5 16 12 7 36 58 22 19 11 42 33 55 12 7 13 21 255 44 13 13 16 22 6 5 21 28 14 7 26 19 11 10 15 12 12 12 6 1 53 139 0 
2 6 18 9 10 16 22 13 5 3 11 21 48 30 47 16 10 18 15 48 38 25 39 5 2 18 18 11 3 8 2 14 16 8 13 10 8 7 5 21 9 22 10 5 10 28 255 119 21 9 14 14 9 6 3 13 17 11 22 3 14 7 7 4 7 4 2 4 23 103 0 
4 24 38 14 2 31 24 3 8 4 20 3 78 26 45 20 8 5 11 36 21 9 19 14 1 27 43 5 6 3 8 28 31 5 6 40 14 8 5 37 34 47 27 8 9 23 255 111 84 14 5 39 23 13 32 11 9 40 56 8 8 31 4 11 9 9 6 10 27 121 0 
3 11 17 8 6 43 30 15 18 12 19 5 49 57 36 12 8 26 11 34 56 5 4 12 3 27 52 8 9 3 4 3 29 13 59 29 13 16 1 17 17 13 18 13 6 40 255 190 13 15 16 20 44 14 21 28 31 38 16 3 25 17 17 9 13 11 5 16 99 103 0 
1 12 11 10 6 22 32 14 5 7 18 5 72 8 20 14 19 16 7 26 54 18 17 4 1 16 31 10 3 3 4 10 16 1 20 12 10 7 5 46 5 15 22 5 7 23 255 29 16 12 10 29 24 11 8 9 27 33 12 8 15 13 5 14 16 12 8 8 86 59 0 
0 1 8 5 2 4 11 9 6 3 3 12 27 6 8 7 5 6 11 19 5 10 0 0 2 10 15 3 0 1 1 1 9 3 9 4 10 6 3 13 37 11 16 5 2 7 255 52 23 6 4 5 14 4 14 14 7 16 8 6 8 5 1 5 2 4 4 6 57 23 0 
0 6 6 10 2 13 21 1 4 1 13 9 21 44 11 9 2 5 5 13 12 11 2 3 0 11 11 5 1 2 2 9 9 7 9 14 17 8 1 19 7 27 10 0 7 15 255 30 23 3 7 2 11 3 9 9 25 6 10 4 8 1 3 7 5 9 3 4 36 13 0 
0 16 16 9 11 24 21 15 8 9 58 30 185 54 24 8 7 12 23 42 98 19 23 8 2 18 22 3 7 8 8 13 12 11 26 21 19 20 6 33 20 36 10 14 30 6 255 80 16 6 11 52 35 10 5 6 28 16 13 6 11 6 7 11 5 3 4 4 9 14 0 
5 26 5 11 13 64 59 29 17 5 90 55 89 38 17 17 27 18 20 72 255 5 26 21 4 45 40 2 18 8 14 7 17 19 88 37 11 19 13 30 64 72 31 16 5 67 250 127 84 28 30 8 62 14 19 27 131 63 59 12 27 12 8 26 33 25 13 17 10 35 0 
5 23 19 18 3 73 113 12 5 17 116 34 167 111 22 27 22 20 15 87 138 32 16 13 7 40 38 16 10 15 1 12 21 13 9 14 35 32 10 8 20 48 24 5 24 40 255 95 52 34 39 31 25 19 43 8 106 30 46 18 11 25 5 12 21 20 6 30 61 94 0 
1 20 11 10 3 47 19 11 4 10 32 36 114 68 28 23 5 6 9 22 104 6 9 8 1 23 24 4 3 8 4 7 12 5 17 14 10 8 4 42 17 11 15 2 10 1 255 65 20 16 13 22 24 15 23 6 19 11 5 9 6 16 4 12 10 2 6 11 16 38 0 
2 13 10 6 1 31 13 15 2 12 67 15 79 61 20 22 1 8 10 20 55 1 5 3 2 18 19 2 9 5 1 3 8 4 8 24 3 16 3 25 20 12 13 4 7 6 255 33 9 10 11 6 7 7 9 10 31 14 12 6 2 12 6 7 3 5 2 9 9 37 0 
2 8 1 11 4 19 19 16 7 5 58 56 107 108 4 18 8 7 15 35 8 7 8 1 0 13 12 3 2 4 3 12 3 4 13 12 7 7 2 16 12 12 7 5 9 15 255 19 12 4 11 5 13 5 9 2 3 4 11 2 1 9 1 3 11 7 7 3 14 11 0 
2 5 4 10 3 11 20 12 5 2 38 11 25 28 7 14 5 5 0 23 18 12 3 7 1 14 10 3 4 0 4 7 4 4 16 14 1 6 1 21 28 20 10 8 1 6 255 48 25 2 10 17 7 0 6 2 1 4 10 5 4 6 2 5 3 5 3 4 16 12 0 
3 3 3 2 7 10 2 13 4 6 52 40 53 45 19 18 12 17 17 23 21 2 8 4 1 16 14 6 1 3 3 2 6 6 25 16 8 14 6 26 20 31 5 7 15 22 255 83 9 6 24 28 30 2 8 3 20 8 14 7 5 6 3 1 11 11 2 6 17 22 0 
1 22 13 7 1 15 20 18 7 16 102 31 100 59 29 22 19 11 1 31 38 16 16 3 1 21 22 5 5 3 5 10 8 13 30 36 16 8 10 10 37 33 16 1 14 10 255 94 29 13 17 5 31 12 19 18 52 11 20 7 5 7 2 4 10 3 4 8 27 25 0 
2 32 17 19 12 20 4 33 9 3 97 120 127 92 52 16 30 25 18 37 63 18 21 7 0 22 33 1 6 4 6 14 16 4 48 20 1 21 1 31 33 20 16 1 3 19 255 149 51 22 28 44 76 17 12 26 110 12 10 5 8 15 4 14 14 7 6 13 24 42 0 
1 25 13 11 3 37 40 37 7 7 148 12 129 52 91 22 13 22 10 42 50 14 17 7 6 20 16 9 2 4 10 12 9 12 51 24 5 16 6 2 46 7 15 13 6 10 255 118 17 14 7 15 19 17 19 23 85 10 11 6 2 5 4 15 3 3 6 3 25 24 0 
0 24 9 6 6 41 27 11 25 59 183 26 60 101 91 25 7 13 21 26 50 14 4 11 4 21 25 10 2 4 4 6 6 3 20 14 6 7 7 33 75 12 15 2 5 14 255 66 46 15 21 22 69 9 15 7 43 18 9 3 7 9 4 10 5 5 6 4 22 19 0 
1 24 12 8 7 28 28 20 20 36 108 6 39 78 68 23 7 8 29 3 62 10 6 9 0 26 20 8 2 5 5 8 9 8 10 4 10 16 7 27 77 16 14 3 19 4 255 114 12 11 19 29 30 4 25 8 7 12 2 2 10 4 3 3 3 9 3 5 2 7 0 
0 13 12 10 2 12 28 16 13 25 162 35 51 99 68 16 19 22 6 14 69 12 8 6 5 11 18 17 2 9 3 9 11 14 41 13 12 20 12 13 37 31 7 12 23 5 255 45 10 15 11 37 24 21 3 14 52 15 3 1 3 3 7 7 13 9 6 7 1 35 0 
2 3 13 12 9 23 19 16 2 15 255 43 144 48 20 21 11 8 13 52 118 16 19 5 3 16 12 10 2 6 5 7 7 18 59 21 10 21 9 40 57 25 14 4 13 20 229 65 15 21 19 22 19 10 8 9 57 3 5 2 6 7 1 11 12 10 8 0 17 48 0 
2 10 4 6 4 16 5 10 2 2 147 37 154 10 23 7 6 11 10 24 143 17 13 19 3 21 13 13 11 12 2 5 9 13 45 24 15 19 8 17 46 22 9 9 2 15 255 59 29 16 11 17 35 12 14 16 23 18 4 10 4 17 9 2 5 10 6 0 63 82 0 
0 5 24 12 2 25 11 11 9 8 170 44 255 57 22 25 17 19 7 8 105 27 7 7 3 25 23 13 7 15 3 2 7 13 15 29 16 22 12 8 9 17 33 14 6 40 242 123 37 8 24 17 37 16 27 19 20 5 25 7 16 27 3 4 9 11 8 8 40 68 0 
4 19 15 15 9 28 39 25 15 3 190 87 255 128 18 21 16 22 21 54 60 1 30 31 11 34 20 27 16 18 5 19 22 13 64 27 31 7 12 20 23 11 6 11 53 21 228 64 13 13 31 23 63 16 3 25 19 45 71 21 16 36 8 28 11 27 28 37 63 50 0 
2 49 31 18 22 13 54 35 13 1 255 52 52 93 21 14 12 21 33 96 89 21 18 18 5 37 28 17 13 10 9 20 20 26 108 38 12 17 11 27 55 37 35 18 38 38 115 12 26 29 41 35 28 20 28 18 31 45 78 28 11 15 14 19 19 15 11 18 22 55 0 
2 42 14 14 19 12 35 15 8 13 255 14 55 105 12 21 7 10 22 50 44 16 11 6 2 32 30 15 3 1 7 7 11 7 62 29 23 7 8 11 39 25 18 8 13 5 110 43 8 7 7 25 5 8 25 23 20 20 43 3 8 7 10 9 12 7 5 5 37 61 0 
1 14 20 20 9 6 8 25 2 1 255 35 138 56 35 24 24 23 10 38 93 27 11 21 0 14 27 11 4 7 8 7 11 11 60 29 14 20 3 13 49 42 12 9 32 37 65 29 15 14 24 24 16 19 4 7 13 19 17 25 6 9 12 2 16 4 6 3 69 97 0 
3 5 12 23 10 19 7 9 4 16 255 69 202 131 8 19 24 1 32 22 26 32 35 5 6 25 24 6 4 1 8 2 21 5 50 32 14 13 10 12 25 52 17 7 14 18 24 56 31 16 20 29 35 13 16 27 6 6 69 10 12 7 6 8 14 14 5 4 15 120 0 
1 12 17 36 11 24 17 19 12 12 255 74 228 118 9 12 20 22 18 32 89 3 33 31 2 40 36 10 5 5 7 6 20 15 27 33 21 8 7 11 32 52 31 14 13 32 87 29 1 15 20 13 39 22 7 3 27 30 38 5 17 15 7 20 23 5 11 6 40 96 0 
3 27 14 14 6 33 37 22 3 3 204 51 255 109 21 16 14 10 72 64 53 40 8 10 6 41 25 22 10 15 9 14 27 9 42 31 19 19 19 27 79 60 23 14 33 36 133 50 30 12 18 36 41 16 46 5 36 17 6 17 4 9 11 20 10 2 12 22 33 64 0 
6 27 13 26 12 52 65 23 29 38 190 100 255 127 39 13 32 21 45 82 74 9 14 18 7 48 60 29 27 22 14 34 18 10 81 54 28 14 15 25 94 19 44 16 15 13 155 48 2 36 29 6 23 25 15 19 49 55 43 20 16 10 6 34 14 6 15 23 67 70 0 
3 21 34 34 19 33 35 20 8 25 77 34 255 63 5 18 13 28 29 93 38 14 21 24 4 44 47 30 15 3 15 26 8 13 31 31 23 11 12 5 50 57 41 1 16 23 156 120 22 21 13 21 56 9 41 34 45 12 17 12 23 5 9 20 14 12 18 25 28 21 0 
2 13 22 18 6 24 46 23 10 14 24 36 195 11 3 21 12 17 20 55 136 14 28 10 2 37 52 17 19 7 15 9 5 7 24 17 6 21 11 16 71 42 31 13 27 30 255 65 31 22 18 62 55 16 12 10 45 21 14 12 6 16 6 10 16 16 14 3 6 17 0 
5 26 39 15 39 24 16 10 7 9 27 47 255 93 10 24 25 24 36 27 153 63 62 11 7 31 22 45 21 15 17 7 9 6 32 35 16 19 4 23 4 62 18 16 30 23 254 68 22 19 20 9 48 5 35 4 31 21 8 3 19 14 5 10 19 7 4 9 6 20 0 
3 16 7 17 6 5 13 6 2 9 2 23 255 37 15 20 19 25 15 110 180 14 26 10 4 35 38 27 25 5 10 17 13 12 58 31 19 11 9 44 22 51 16 10 5 24 118 62 46 11 35 16 37 14 22 20 19 11 26 10 8 8 3 18 19 7 0 5 20 33 0 
3 22 14 31 7 37 20 17 6 25 26 16 244 55 42 14 10 46 41 255 200 60 17 13 10 48 48 29 13 11 7 13 5 1 53 46 48 16 25 31 119 52 26 20 57 46 187 50 92 2 42 24 49 23 64 29 46 31 1 9 18 14 16 13 23 8 12 20 14 23 0 
5 10 13 6 8 27 32 14 9 21 7 8 84 70 11 11 11 30 27 59 150 19 30 13 5 40 43 13 7 16 6 20 5 17 37 32 8 15 12 42 27 16 35 10 14 24 255 13 24 17 32 29 17 23 36 19 18 29 36 3 9 7 1 14 6 8 10 16 30 51 0 
3 10 14 2 11 24 39 21 7 18 3 12 148 64 4 11 18 24 24 106 130 18 18 20 1 26 45 1 3 1 7 14 6 9 41 26 15 13 12 13 70 20 34 3 24 2 255 58 16 15 8 13 17 25 41 16 2 31 45 11 9 4 5 11 15 5 11 10 12 36 0 
3 2 11 13 12 26 28 14 20 24 10 16 204 89 7 11 24 15 34 227 139 21 23 10 3 44 45 16 11 8 9 23 18 6 47 27 18 15 7 26 44 23 36 9 33 20 255 44 17 8 32 8 14 18 14 26 14 33 40 12 27 8 4 19 12 10 1 7 10 28 0 
5 1 16 34 24 22 48 26 5 18 15 17 170 58 29 18 7 45 47 255 207 9 72 17 9 45 32 21 7 9 15 22 14 19 35 39 23 24 13 36 18 92 29 5 19 14 185 42 39 7 36 42 32 22 32 9 15 34 27 8 18 7 2 13 14 8 20 8 42 31 0 
4 4 5 30 5 13 6 26 3 13 16 27 80 34 11 7 6 9 11 255 94 24 37 16 2 21 35 11 1 1 6 31 8 5 41 29 20 18 12 33 46 20 1 10 21 16 81 81 33 8 40 59 38 28 29 33 15 26 19 1 31 8 9 16 29 17 12 3 23 45 0 
3 5 7 8 5 18 12 2 14 19 8 9 73 32 23 10 21 4 33 94 7 54 36 12 4 30 29 26 11 5 5 13 8 8 42 45 17 6 15 15 51 33 4 6 49 56 255 83 26 14 67 41 39 36 44 11 25 10 21 18 19 14 9 16 7 27 2 17 61 37 0 
2 6 13 8 1 17 16 13 3 11 10 11 15 6 5 14 15 20 21 44 64 4 22 15 6 32 19 9 6 7 8 18 4 8 25 29 8 16 10 20 51 31 21 15 28 48 255 30 30 4 28 73 26 8 10 14 16 14 41 1 3 8 4 13 16 3 16 6 38 29 0 
3 3 8 11 4 25 31 20 8 9 3 10 19 15 8 10 15 11 17 69 69 12 13 4 2 35 39 12 7 7 3 17 20 7 31 28 10 14 2 20 25 18 19 6 7 1 255 30 47 2 20 89 33 18 24 13 6 21 70 8 13 15 6 15 10 3 11 9 40 42 0 
6 12 17 25 3 23 40 22 16 13 4 19 24 19 17 14 12 27 27 61 60 6 9 13 0 37 44 3 3 7 5 16 20 4 37 29 12 8 6 22 98 45 41 12 37 15 255 25 26 15 20 27 19 14 25 16 20 7 48 16 45 16 16 21 35 14 8 5 33 38 0 
4 12 15 19 16 24 62 15 6 36 28 11 21 23 18 5 22 35 25 32 50 15 27 24 3 54 44 12 17 3 14 6 28 13 44 45 11 19 14 23 77 56 18 15 23 16 255 34 20 37 34 102 25 43 24 19 41 27 7 5 21 8 10 12 5 26 15 11 50 61 0 
19 36 31 91 22 19 83 71 19 52 114 96 50 76 48 28 38 38 68 154 174 53 77 31 5 73 93 4 62 32 41 37 8 24 106 69 13 46 24 18 146 165 113 70 12 57 255 147 46 44 147 223 41 96 125 55 33 31 45 39 96 76 50 13 33 39 41 66 103 132 0 
8 53 40 61 31 14 46 53 12 92 81 30 4 53 22 48 23 58 51 71 190 125 99 16 15 85 105 29 63 43 30 160 24 16 154 90 63 16 32 34 44 185 80 124 68 146 255 41 122 40 115 186 69 96 41 10 29 106 31 53 180 111 21 15 75 80 21 56 20 58 0 
8 16 33 40 15 29 35 33 3 86 32 29 55 5 12 89 10 39 91 101 158 66 36 31 36 126 136 78 70 17 12 69 6 48 159 168 79 28 41 84 124 182 86 33 113 119 122 101 127 45 120 255 144 72 62 88 73 138 70 63 111 48 69 42 155 49 103 63 73 134 0 
20 30 92 50 18 37 65 83 25 172 110 134 116 144 79 48 35 121 129 254 255 127 159 22 21 130 171 165 105 73 9 149 53 42 120 94 78 88 80 128 106 237 187 76 38 122 148 185 160 31 92 187 161 148 137 102 152 32 229 72 107 44 40 75 31 34 96 50 155 126 0 
8 20 19 62 37 62 114 27 7 58 67 100 43 63 35 48 69 41 102 53 178 66 95 206 93 255 79 64 29 59 22 51 69 56 66 106 22 63 78 27 246 126 116 21 68 80 105 230 107 40 90 65 101 150 170 45 73 117 136 68 62 62 86 34 142 24 40 151 96 165 0 
6 13 14 37 34 83 93 58 28 38 29 16 40 41 25 14 60 50 34 207 205 59 45 28 15 78 124 37 27 53 19 20 21 4 90 29 37 23 52 78 188 68 109 9 65 101 96 255 12 66 78 222 168 109 53 51 23 27 21 31 48 14 11 31 65 39 40 51 42 58 0 
10 28 22 34 57 70 70 41 25 33 50 7 78 48 14 51 55 48 63 255 140 27 62 28 11 69 148 17 12 45 30 55 31 11 94 39 51 33 35 59 179 142 73 25 58 92 104 214 110 80 25 98 104 66 90 47 7 54 29 37 26 61 11 70 31 26 15 40 13 20 0 
11 5 5 53 20 65 55 49 43 52 54 28 88 68 3 29 59 63 33 175 49 78 111 71 10 65 56 27 9 9 34 38 25 14 72 91 11 20 39 130 163 84 54 8 159 67 255 161 59 51 69 203 73 152 70 58 22 84 22 27 56 7 29 22 89 26 0 38 33 109 0 
5 6 26 92 28 39 22 44 20 71 18 2 44 33 22 36 26 36 70 116 103 56 54 26 26 34 52 21 7 29 15 53 13 16 63 77 68 18 52 71 57 131 41 25 99 37 255 203 61 26 27 104 63 134 60 42 18 10 32 8 77 13 37 14 10 14 14 41 55 78 0 
11 8 15 75 33 12 39 22 39 69 47 37 21 40 31 54 6 88 58 115 190 44 78 11 14 68 70 42 35 57 3 87 11 43 108 56 49 29 71 92 168 95 33 31 32 118 255 88 69 36 29 74 34 129 97 26 25 27 73 14 44 6 19 16 22 31 9 28 17 42 0 
5 5 19 34 13 49 16 20 14 47 13 20 19 19 22 23 24 33 50 180 107 33 44 22 3 56 41 44 26 40 8 39 7 7 30 41 27 26 12 48 44 74 36 15 15 22 255 129 57 25 34 139 24 29 40 37 36 22 14 31 33 15 4 30 23 5 6 16 7 12 0 
5 6 19 44 31 60 73 12 13 73 24 6 34 28 34 12 27 28 32 203 77 11 22 26 7 26 71 59 28 48 19 8 12 16 49 9 30 13 27 37 57 39 33 16 54 9 255 113 11 12 8 158 29 49 52 21 34 17 31 9 11 28 14 14 62 5 11 47 27 36 0 
6 16 22 62 71 17 58 36 6 29 57 35 23 27 6 38 27 28 94 93 67 34 22 26 2 63 57 64 38 65 19 52 20 29 46 43 9 12 5 41 111 27 54 27 23 39 255 100 22 16 37 72 16 33 52 20 12 16 8 4 19 50 12 54 45 34 20 35 12 15 0 
16 53 86 143 151 107 131 65 44 181 117 47 124 64 54 69 153 105 217 255 211 96 96 60 26 112 144 214 113 229 49 119 85 35 125 121 37 51 81 177 79 86 102 55 68 49 180 191 91 122 122 140 114 157 175 63 55 132 36 40 60 41 57 76 86 30 59 89 69 118 0 
16 22 13 76 34 67 33 28 15 57 29 22 74 51 15 10 31 37 52 255 106 46 39 19 2 96 82 97 42 76 31 61 4 12 59 36 14 25 34 108 94 84 40 37 83 49 144 130 18 51 48 33 71 72 78 45 32 43 50 4 29 18 9 6 24 4 13 28 70 72 0 
9 15 29 23 38 37 22 15 2 22 39 12 32 15 20 35 38 30 33 255 199 53 46 29 2 51 52 36 7 3 12 12 12 16 47 50 27 17 6 55 31 78 13 18 27 46 129 44 36 13 45 85 38 16 25 17 21 34 20 7 9 8 7 18 20 18 6 14 24 18 0 
25 15 28 27 51 22 28 6 8 46 27 29 19 14 26 33 20 63 6 219 255 32 78 35 3 59 51 8 8 3 11 29 14 19 53 49 16 18 14 59 154 63 19 32 36 41 131 30 54 23 40 59 36 33 37 35 15 40 49 6 7 3 11 9 20 15 6 26 40 26 0 
45 57 43 42 33 92 87 20 21 83 31 13 38 14 39 51 29 56 13 141 183 51 123 68 8 105 127 44 3 47 20 51 14 44 91 95 38 27 24 56 171 102 43 38 26 103 255 150 43 18 49 195 78 16 104 47 19 61 38 10 24 21 38 24 10 12 31 69 43 51 0 
15 164 170 232 207 118 96 41 9 52 59 4 10 30 19 22 81 74 70 150 94 67 25 85 26 34 96 27 12 28 27 22 55 29 32 97 69 37 22 23 194 50 52 27 20 36 128 81 69 68 64 255 101 90 130 60 77 77 90 30 51 68 55 8 27 26 27 55 32 52 0 
7 30 104 95 255 31 34 26 14 37 8 22 7 11 4 18 9 14 30 97 35 16 20 22 5 29 29 3 6 9 3 15 21 6 15 16 9 26 5 15 24 8 29 20 26 14 120 66 25 33 53 48 29 13 18 19 1 15 39 18 35 22 17 11 17 17 13 3 2 26 0 
30 160 212 255 132 46 49 14 21 71 33 38 78 22 10 28 71 41 82 118 66 49 143 138 36 52 85 16 20 34 1 22 12 13 18 37 23 7 8 31 36 83 49 28 40 35 89 59 38 175 148 73 134 48 152 67 119 94 83 75 106 64 59 49 77 44 70 55 66 46 0 
19 138 255 159 53 64 32 8 10 179 41 32 64 60 46 33 43 38 58 22 148 78 47 19 40 10 99 56 46 39 62 43 138 31 48 89 116 12 33 78 87 70 54 17 84 42 96 32 65 111 40 85 29 56 151 91 115 73 100 73 43 44 37 16 3 31 64 57 37 38 0 
4 67 120 159 255 58 33 21 21 149 23 30 25 19 31 29 31 27 24 215 71 4 55 23 16 42 44 83 5 16 10 21 24 25 73 10 12 14 19 64 21 66 15 40 49 59 93 19 71 130 103 91 37 116 140 93 52 12 67 81 65 87 49 49 75 62 79 93 27 45 0 
4 9 36 74 255 29 17 33 11 168 39 30 12 32 25 12 14 36 33 220 122 14 57 12 22 51 26 134 14 60 18 23 3 33 51 44 10 27 35 50 80 49 38 46 118 90 163 12 81 18 28 81 7 82 68 33 65 24 50 35 10 42 24 24 47 7 10 13 16 9 0 
1 4 13 58 189 101 19 26 37 255 45 39 14 138 107 40 32 27 56 101 74 37 43 32 17 51 53 139 11 69 4 33 9 21 23 17 4 9 74 67 34 66 26 19 3 31 74 49 82 61 38 64 85 33 67 29 36 12 11 31 13 15 24 24 16 24 10 24 15 23 0 
5 8 11 32 255 42 62 25 31 151 46 28 76 27 41 10 12 39 105 73 61 30 44 12 7 59 89 125 35 61 33 26 10 28 62 57 34 29 36 42 62 86 39 6 135 55 85 27 29 20 15 102 35 21 145 30 23 53 12 13 38 30 16 43 52 24 12 35 12 30 0 
4 2 32 79 255 9 67 43 44 102 51 19 15 13 38 31 20 30 122 110 70 14 41 21 2 85 73 128 34 17 12 46 14 61 61 55 18 6 53 36 110 20 35 2 54 28 83 52 22 15 54 70 84 79 18 33 16 34 42 25 36 15 26 52 43 28 16 62 70 41 0 
3 13 12 33 255 21 35 20 28 44 25 35 32 28 43 19 35 42 9 151 105 38 32 36 5 76 53 82 29 16 22 46 11 64 64 86 17 23 46 38 20 70 44 20 27 35 38 53 21 22 24 75 22 20 82 75 14 27 33 27 19 25 11 25 29 18 24 45 59 20 0 
4 7 15 52 229 107 105 71 53 60 78 27 73 39 6 49 52 68 59 107 120 57 65 30 10 83 64 102 12 87 16 36 34 56 66 117 29 34 39 55 171 162 70 34 77 102 255 119 94 35 94 67 92 93 49 122 33 58 38 20 26 50 22 16 93 11 35 22 51 10 0 
4 13 38 63 255 14 32 76 20 23 16 46 45 40 18 45 44 68 60 200 130 82 49 21 17 74 46 61 6 41 12 65 26 39 157 127 50 44 7 26 57 159 71 21 96 46 241 106 46 39 76 47 115 44 10 84 34 28 58 48 41 21 16 44 39 57 16 16 31 105 0 
1 27 40 64 255 110 44 37 22 40 22 30 20 12 37 47 40 62 246 151 143 31 61 36 7 96 128 60 48 58 15 50 35 156 125 83 6 36 17 30 20 124 18 45 40 72 95 78 21 42 102 147 111 26 68 80 34 78 29 18 43 36 18 27 32 59 18 39 47 42 0 
2 22 43 60 255 120 132 14 47 21 22 15 45 35 27 16 58 31 133 90 87 67 15 21 11 81 104 40 3 50 26 44 57 227 23 151 41 12 24 73 79 82 75 20 69 29 63 45 53 75 61 79 132 44 153 78 18 67 18 16 6 29 42 36 19 34 5 70 36 28 0 
4 29 17 62 255 96 85 46 76 27 11 27 29 8 38 16 34 36 57 160 129 24 7 10 9 70 86 61 14 53 10 23 31 177 157 15 22 10 54 29 113 39 59 13 54 65 33 103 67 22 35 40 83 9 130 50 11 30 28 22 10 15 20 55 30 35 33 36 45 41 0 
3 14 36 91 255 31 39 105 19 32 15 18 82 41 3 36 8 62 110 75 153 40 28 20 4 86 58 71 23 21 19 55 31 169 187 63 25 15 29 66 91 18 65 10 29 69 161 101 85 22 92 153 54 99 53 10 47 20 52 9 40 14 20 54 27 21 34 42 78 48 0 
5 26 22 25 204 22 139 71 7 22 27 33 35 13 37 61 30 19 59 46 149 42 32 29 15 78 75 24 17 34 54 19 33 255 74 67 13 39 36 87 90 111 64 16 68 53 46 108 10 35 44 118 72 20 65 28 7 23 50 23 34 26 12 36 36 38 32 3 28 49 0 
1 18 41 19 137 40 110 23 14 43 38 26 41 25 16 39 29 14 74 231 89 23 10 16 9 103 108 27 22 41 22 67 64 255 122 82 55 14 25 75 101 90 60 29 50 58 162 88 95 12 31 38 68 38 113 46 32 38 22 14 23 22 14 17 51 24 30 48 25 50 0 
13 20 21 32 100 57 137 18 28 23 29 21 15 38 31 31 37 28 33 255 108 16 11 33 24 126 102 112 21 89 28 37 62 109 16 82 54 66 35 71 69 136 29 30 59 35 165 112 83 14 119 18 87 21 136 12 45 13 22 17 20 76 38 23 88 36 47 34 48 50 0 
33 35 129 51 98 79 105 69 28 13 117 45 55 37 97 82 107 38 67 204 169 133 216 177 144 247 159 216 128 192 56 99 120 150 83 166 20 135 45 18 65 91 103 54 255 68 143 152 116 58 46 213 122 68 211 59 87 83 140 23 91 100 41 79 71 10 52 143 102 144 0 
19 14 5 23 49 42 150 71 55 44 39 14 18 33 76 44 68 67 46 255 93 60 36 17 14 64 86 75 35 38 36 53 52 21 38 56 33 43 13 20 73 104 26 30 59 86 65 156 98 47 83 126 101 42 97 43 49 76 77 34 33 33 4 24 28 21 28 82 45 93 0 
5 13 40 49 19 28 50 19 18 10 6 13 11 24 70 13 30 54 77 255 61 7 2 15 6 34 53 36 13 36 8 26 20 76 83 47 24 21 20 73 55 19 29 26 75 16 83 55 46 38 6 104 44 29 68 64 34 27 28 11 24 28 3 17 23 14 8 24 30 40 0 
8 2 49 36 118 63 255 53 34 13 21 13 28 40 39 31 45 68 68 139 47 5 25 41 12 53 78 13 2 27 3 26 57 231 66 85 87 12 52 13 68 60 23 19 68 80 113 40 17 76 11 39 7 34 63 156 29 13 7 23 39 8 3 32 35 20 20 33 5 108 0 
2 6 22 15 7 67 6 30 40 18 22 13 27 37 93 26 68 70 42 30 94 9 41 13 20 82 66 21 10 33 6 24 45 255 40 67 26 28 32 71 100 113 59 26 49 107 137 123 44 40 70 103 81 31 122 7 52 32 32 26 34 4 20 40 43 13 5 29 14 30 0 
13 20 88 36 87 48 71 48 58 42 11 31 19 7 160 98 34 102 142 139 38 56 71 34 10 78 58 36 7 12 31 41 23 73 96 110 39 39 13 79 135 161 65 37 37 51 255 179 147 16 49 173 81 10 34 17 27 54 52 12 14 19 21 26 35 15 21 14 41 33 0 
14 38 15 25 68 47 103 115 31 56 23 31 19 19 127 84 24 60 75 255 97 91 79 9 20 106 88 40 5 33 27 24 27 157 132 162 114 45 54 115 184 166 64 23 89 211 120 138 52 59 21 148 54 21 41 77 82 30 32 30 18 28 10 38 55 34 28 9 28 58 0 
9 22 49 9 51 54 114 154 59 35 20 9 7 16 178 116 44 39 68 255 110 31 42 45 8 100 91 52 33 14 23 88 34 126 41 102 98 72 88 129 88 171 58 25 136 119 228 72 41 133 171 117 38 17 113 166 20 63 98 29 14 3 13 18 76 42 15 48 29 35 0 
9 54 28 94 46 53 246 94 53 38 24 34 21 25 137 42 112 62 127 102 255 68 48 15 10 91 93 59 14 37 11 34 39 82 123 90 92 65 11 141 93 45 88 33 58 78 102 169 106 100 78 203 49 22 202 46 19 66 46 16 27 33 37 48 25 36 33 82 53 146 0 
3 34 45 57 21 59 87 178 131 64 21 13 24 64 157 94 64 77 53 200 255 10 41 17 7 136 113 34 5 30 21 61 46 65 120 85 76 52 48 19 110 50 80 27 16 123 67 188 129 65 43 58 43 57 57 93 179 45 102 5 29 25 29 58 41 25 51 75 18 51 0 
6 17 60 72 13 71 45 79 41 42 5 9 24 79 79 75 97 91 84 255 201 50 34 40 6 92 103 107 10 13 22 57 72 70 61 87 104 59 65 56 235 173 81 41 52 31 183 157 77 51 77 78 62 38 152 135 117 57 62 25 56 23 10 59 29 27 93 85 86 40 0 
4 11 30 31 22 82 94 71 37 35 56 23 36 34 31 101 40 60 82 255 188 71 46 59 22 75 115 31 19 88 33 17 11 4 47 90 100 61 44 68 166 95 127 20 38 54 114 47 164 27 93 105 61 50 171 15 96 92 15 38 66 67 41 22 59 15 28 54 49 130 0 
9 53 21 41 28 107 188 166 81 73 29 28 13 23 47 141 100 87 99 200 131 105 96 50 12 43 108 74 18 37 36 43 19 90 59 162 20 89 105 98 110 199 105 50 74 140 228 67 188 75 71 158 31 50 136 42 255 99 101 26 33 30 21 35 97 69 52 41 80 47 0 
9 24 25 40 41 41 102 93 60 46 43 26 56 4 63 30 38 19 54 153 255 56 27 15 18 89 84 53 41 29 28 25 39 89 41 102 49 50 41 48 36 82 51 17 46 80 137 39 90 12 53 77 26 37 86 39 148 63 23 18 30 20 13 36 31 20 36 26 7 56 0 
1 42 71 103 75 115 132 53 28 27 46 16 102 61 83 131 102 121 89 169 255 36 140 41 6 98 92 150 29 54 19 58 85 231 138 72 31 59 24 151 136 174 83 59 112 55 101 63 117 35 49 69 52 51 188 213 226 160 44 23 51 12 28 23 35 62 43 50 28 32 0 
1 33 33 45 5 27 115 86 25 16 29 27 41 31 32 33 28 56 33 255 57 56 55 27 9 57 55 45 6 9 9 38 30 88 79 65 29 19 15 64 23 76 41 22 36 59 115 36 34 45 28 137 62 5 54 65 46 51 57 16 59 9 4 24 17 34 21 33 36 50 0 
7 30 26 56 3 41 38 27 32 10 42 16 30 24 43 22 33 46 57 255 126 4 25 62 15 70 50 79 26 9 13 33 23 110 104 21 22 36 44 85 105 68 61 16 27 36 88 51 77 43 35 21 18 19 93 75 76 45 66 40 78 41 7 47 56 5 46 62 80 30 0 
7 19 24 52 13 23 41 31 5 7 17 7 24 18 48 13 25 45 58 255 37 76 48 45 37 95 95 66 27 7 16 77 26 60 35 74 74 43 23 104 123 58 52 6 30 12 75 39 102 39 21 42 44 6 93 104 73 57 16 22 31 20 16 21 26 18 15 24 61 48 0 
5 22 34 80 19 12 128 113 12 20 26 39 52 40 33 47 42 68 86 255 92 47 109 48 22 30 45 14 43 61 54 40 27 58 107 93 22 59 33 79 106 78 23 5 95 132 142 110 22 17 81 177 78 45 134 172 111 52 17 53 68 36 11 32 49 58 111 102 150 203 0 
4 22 58 66 29 63 48 93 66 18 22 30 42 55 8 66 62 99 19 255 159 75 61 35 6 108 62 66 61 27 14 39 36 49 105 97 77 131 65 84 39 171 98 33 36 87 204 81 46 28 61 34 25 49 175 177 159 149 85 44 41 107 27 60 62 125 49 130 225 171 0 
3 49 34 65 40 69 119 3 22 21 34 36 29 27 22 68 16 87 47 253 255 70 17 10 21 93 93 29 7 37 22 23 24 27 71 50 22 74 37 60 53 107 16 47 61 25 50 72 56 25 96 58 28 29 109 171 110 91 56 7 13 7 51 19 109 76 17 42 35 153 0 
6 39 39 84 29 52 23 71 19 17 25 18 15 49 29 50 48 83 60 255 214 111 46 35 8 102 101 43 4 28 6 70 38 33 70 122 137 26 29 65 130 111 77 50 21 39 81 65 46 45 52 61 54 23 92 142 160 51 50 16 23 26 32 18 18 51 20 53 46 199 0 
8 44 16 12 30 46 85 42 9 18 44 10 33 31 63 56 45 92 69 255 163 33 13 18 11 38 79 20 9 36 21 34 17 24 96 47 41 37 25 30 25 89 64 21 17 75 122 66 42 46 53 50 18 35 40 72 37 32 29 10 13 11 17 54 29 30 25 59 14 116 0 
13 56 5 112 15 92 100 70 29 21 41 17 65 50 68 62 36 114 64 255 181 36 34 34 10 74 85 28 36 53 23 17 31 23 75 77 135 53 34 34 127 98 63 14 40 28 214 45 45 22 47 178 26 66 55 120 86 52 47 4 26 31 14 61 39 26 18 46 49 143 0 
4 71 53 50 27 89 66 14 18 0 12 25 58 34 67 44 34 32 170 180 230 25 49 41 12 48 76 48 37 37 9 86 54 8 62 52 99 33 46 62 104 94 69 24 37 57 255 23 25 33 29 192 8 47 75 91 59 27 23 23 58 72 41 52 44 75 33 27 18 109 0 
10 93 14 47 20 62 113 45 28 13 21 7 23 30 44 12 29 12 91 255 125 64 30 13 9 44 53 47 10 41 3 28 17 20 43 47 25 20 1 15 8 83 50 7 31 67 192 46 5 6 48 85 27 34 59 15 6 43 7 16 26 22 5 18 13 16 37 12 38 72 0 
14 174 10 85 21 66 146 23 28 17 44 9 25 51 52 85 28 24 69 255 215 62 29 7 10 68 66 15 9 26 23 30 18 6 53 98 64 12 45 44 96 97 34 42 53 44 129 42 27 21 65 67 19 34 42 77 44 35 44 8 3 43 6 27 43 28 14 27 61 134 0 
6 218 72 77 43 84 255 102 67 20 86 39 109 28 145 93 15 48 248 169 221 92 83 34 3 68 58 45 18 2 13 60 44 39 56 71 78 39 61 65 92 112 58 37 65 33 186 32 105 30 38 119 53 49 104 144 84 63 40 47 96 74 17 38 61 38 51 89 92 106 0 
2 163 122 82 28 65 107 60 59 27 80 10 88 8 255 201 23 123 199 156 104 77 67 14 8 52 58 34 9 5 12 36 59 25 68 151 15 38 45 77 97 57 30 20 72 24 100 32 44 28 46 64 20 41 39 60 100 55 33 11 26 45 12 46 29 27 8 25 23 110 0 
6 123 77 93 34 182 212 40 16 14 102 20 85 30 162 213 40 100 213 255 109 36 50 12 7 62 57 56 20 40 31 43 57 25 87 136 140 12 20 56 115 110 63 13 92 44 40 38 82 54 20 119 31 28 31 154 57 69 57 40 43 21 9 22 31 11 19 54 49 170 0 
7 35 57 42 9 157 232 12 49 24 42 11 91 14 255 161 49 115 198 60 68 37 15 4 0 57 57 32 23 17 15 79 66 5 56 98 117 92 14 24 13 45 28 21 52 38 64 73 16 13 25 162 54 29 46 127 83 21 13 5 21 20 9 38 81 6 7 24 16 75 0 
5 37 26 55 30 144 234 4 81 23 60 27 52 22 255 194 52 98 177 28 141 25 58 18 6 38 48 47 13 13 31 47 45 10 31 102 91 69 39 37 20 65 47 16 107 23 109 34 64 18 20 160 38 29 42 100 116 24 22 4 20 22 7 20 28 25 17 23 17 79 0 
7 97 81 89 41 105 255 78 42 25 118 15 55 39 227 200 99 127 235 46 145 76 63 35 38 20 38 43 3 48 59 37 14 8 36 158 27 59 28 15 57 145 64 30 68 34 206 45 13 34 56 127 55 31 29 68 167 84 16 24 39 39 21 21 21 8 34 30 49 115 0 
7 149 61 20 39 55 163 46 35 22 50 10 68 153 255 213 37 76 98 168 61 45 27 69 49 74 66 36 52 15 10 33 30 8 20 70 16 1 20 2 72 60 28 14 19 49 80 83 50 34 71 109 23 26 70 60 116 25 12 11 13 24 3 18 56 1 19 48 50 65 0 
6 95 11 44 23 50 255 81 35 22 38 14 122 54 85 143 99 80 102 187 72 88 37 35 3 75 69 23 16 17 22 76 43 13 36 173 13 17 32 26 46 113 30 18 31 34 191 123 8 10 53 132 16 19 66 100 91 17 35 7 19 13 9 16 2 23 12 31 19 62 0 
2 55 20 21 6 13 255 102 16 12 18 3 63 52 81 106 25 67 90 237 133 64 90 44 48 101 69 40 57 45 38 2 21 12 51 130 46 38 38 49 48 47 40 8 37 53 151 153 26 11 49 28 13 22 62 88 21 35 60 10 32 15 17 6 4 28 23 16 82 72 0 
2 34 58 54 17 54 255 27 45 22 49 9 48 21 65 127 5 90 109 117 37 124 73 39 39 21 47 18 45 14 16 5 14 15 25 65 32 30 19 32 37 16 44 18 14 31 100 89 31 48 53 50 17 43 45 10 36 8 26 19 13 5 1 29 28 6 13 25 34 69 0 
2 51 70 16 2 62 255 27 27 23 26 21 40 44 29 205 56 37 124 96 108 49 76 29 3 52 39 60 28 14 18 27 16 12 42 68 53 58 24 19 67 52 33 33 64 30 135 76 38 46 14 99 87 73 28 69 249 25 51 24 22 13 6 25 19 31 12 47 3 58 0 
1 39 31 41 18 37 172 124 27 17 7 18 44 21 39 122 35 20 50 83 31 51 28 20 11 32 32 30 12 23 14 6 29 15 44 87 47 6 17 39 26 39 22 30 37 27 138 11 26 6 11 49 22 42 60 41 255 11 30 7 12 6 18 15 33 15 2 6 25 29 0 
3 62 11 30 42 109 236 71 22 28 29 25 21 5 123 187 15 96 83 76 108 90 13 49 3 62 70 49 10 9 8 47 61 21 72 146 73 76 39 98 156 89 58 13 73 41 114 76 61 12 79 255 90 63 31 16 211 28 58 26 54 14 11 10 11 16 17 50 14 43 0 
4 48 25 39 12 56 255 91 41 15 35 32 12 65 83 194 102 5 76 32 153 23 44 1 7 41 64 43 9 38 14 1 36 21 54 113 37 68 45 111 84 125 12 22 46 64 213 137 62 10 36 130 42 28 28 23 130 34 64 22 11 12 20 32 38 29 8 12 65 22 0 
3 22 17 29 17 53 255 127 38 18 28 24 53 39 12 129 48 32 8 163 102 72 23 23 10 36 47 21 15 16 9 39 8 4 47 8 43 62 28 67 84 67 39 25 40 85 193 165 29 5 41 54 7 13 12 42 112 20 40 21 10 45 22 37 65 18 21 3 42 27 0 
1 54 71 21 10 42 244 255 61 32 31 15 10 46 11 17 32 23 15 149 127 57 47 14 8 38 27 59 29 18 7 67 16 23 75 52 63 53 29 59 44 91 46 21 27 33 44 92 45 14 33 65 39 22 6 49 133 6 54 20 42 15 13 24 37 21 28 29 33 18 0 
4 36 28 33 22 50 192 255 43 25 28 20 16 13 87 113 70 20 14 20 64 23 20 20 9 28 13 11 26 18 2 34 23 15 27 66 46 23 24 30 46 33 27 5 43 21 70 72 45 21 41 38 22 11 47 28 178 50 53 10 12 9 34 20 31 49 17 53 11 20 0 
9 22 43 64 21 68 255 252 61 40 42 44 9 29 112 238 31 13 12 92 81 37 74 31 25 58 10 79 45 44 6 24 14 69 33 115 47 15 21 64 82 44 41 12 96 13 54 51 40 13 33 30 26 7 51 39 108 27 21 31 13 26 33 38 26 29 8 38 56 29 0 
17 45 92 35 155 88 184 145 75 61 96 47 81 58 171 134 150 135 71 164 106 131 36 89 9 37 92 165 154 170 101 55 144 105 118 101 86 65 38 196 155 159 66 62 19 4 81 96 68 25 51 13 39 31 25 24 255 65 117 21 84 22 86 64 165 20 56 24 114 92 0 
16 115 158 217 132 96 198 131 73 63 136 88 87 131 69 77 40 53 74 224 174 136 69 85 51 117 92 93 90 111 102 85 167 102 142 211 140 135 30 128 125 133 150 112 5 103 189 111 56 3 54 91 4 65 160 84 255 54 91 52 28 85 51 71 117 58 36 46 60 14 0 
17 54 50 120 109 110 252 255 61 87 47 71 38 89 77 170 96 95 92 110 51 82 73 55 47 69 119 59 75 79 106 131 139 97 72 120 87 41 27 152 170 159 127 153 71 41 161 110 45 1 37 43 25 76 156 69 187 35 130 106 68 59 87 47 92 59 69 59 91 52 0 
20 165 77 155 7 28 250 215 137 67 86 49 99 116 190 210 43 63 45 253 127 86 100 49 51 94 127 41 42 60 80 67 96 64 43 144 70 68 75 143 58 109 157 187 56 109 34 114 63 35 93 105 29 102 78 75 255 102 46 107 95 119 50 13 24 78 124 77 102 74 0 
12 91 76 96 51 70 61 91 31 32 118 78 56 46 102 145 125 91 118 255 230 168 110 104 75 84 102 66 55 32 37 46 20 24 29 90 55 90 19 39 9 94 77 20 35 24 100 26 54 9 72 64 22 3 85 44 175 5 57 31 28 38 21 39 10 74 63 84 124 49 0 
13 70 34 86 72 12 201 119 45 22 38 55 80 44 112 147 103 21 78 153 138 120 116 160 106 105 54 102 57 66 5 111 10 25 90 5 28 66 67 47 47 57 35 76 62 66 255 66 66 25 111 40 18 26 40 63 245 36 32 28 59 34 28 24 53 38 33 48 52 91 0 
4 67 13 127 39 41 84 102 33 17 63 38 81 13 38 37 81 105 66 103 146 113 94 111 64 54 64 41 33 25 58 52 20 5 71 53 74 39 26 17 214 119 86 69 50 72 255 139 57 27 66 127 32 15 95 57 149 17 66 8 92 6 25 33 95 36 21 94 38 57 0 
5 60 60 86 52 27 41 7 11 9 10 37 22 9 26 21 75 121 98 157 255 185 72 113 58 32 37 36 42 35 15 40 17 21 40 17 19 40 26 31 84 18 23 19 20 45 175 42 40 3 66 51 33 13 12 70 59 35 42 37 37 29 19 9 4 24 33 49 43 39 0 
3 152 26 113 36 12 145 35 34 3 27 70 29 45 70 95 51 126 36 97 84 255 26 75 34 89 76 50 11 46 95 63 52 39 104 41 4 30 86 111 31 129 56 46 56 128 172 137 51 10 212 202 24 147 48 52 180 88 90 19 91 43 5 17 61 38 26 29 121 50 0 
9 91 38 43 46 47 57 81 35 15 20 74 40 47 28 31 43 53 25 120 174 107 94 67 18 80 51 24 11 56 92 133 17 8 77 94 66 34 57 156 99 116 29 49 117 124 249 255 27 33 95 161 155 54 60 33 161 62 81 20 42 35 20 12 83 27 27 58 173 74 0 
8 40 69 66 3 52 44 66 5 2 45 42 32 35 32 13 39 43 40 32 158 42 106 63 3 77 29 41 7 35 145 147 21 24 115 77 47 34 88 173 69 50 24 54 162 45 176 139 83 33 153 255 205 75 118 36 150 46 76 50 97 39 31 32 12 46 23 125 178 74 0 
2 13 37 38 9 29 51 7 14 17 22 33 27 15 25 7 20 33 26 78 106 46 56 19 13 52 37 74 17 54 98 13 17 11 92 64 52 38 49 74 54 54 16 12 103 69 255 165 70 49 110 56 25 84 61 13 40 27 40 19 49 13 36 9 19 35 16 97 46 28 0 
5 2 51 38 17 34 54 87 8 12 61 38 39 34 23 53 32 21 60 114 154 26 62 59 19 144 145 78 15 46 187 87 61 36 108 12 66 72 139 68 251 210 46 64 180 164 255 42 110 37 136 99 41 53 65 91 59 70 98 31 75 58 19 55 45 20 50 99 41 110 0 
4 45 45 82 8 60 40 43 37 8 55 26 54 85 38 15 21 88 85 205 150 58 46 31 12 26 135 30 40 101 205 24 51 11 154 58 116 36 57 78 201 16 32 28 56 75 174 85 32 31 90 255 8 36 106 53 123 83 8 43 64 3 18 66 56 89 19 21 59 107 0 
1 2 15 9 16 34 34 23 28 4 23 7 71 7 17 20 19 30 35 122 80 50 50 19 4 15 63 23 36 34 158 79 6 16 89 17 33 34 3 91 19 98 19 6 60 65 255 79 42 20 101 87 24 5 38 43 66 38 13 10 55 10 3 28 41 63 12 15 33 69 0 
4 65 25 49 19 34 29 65 25 6 103 32 41 66 28 18 78 143 124 140 162 26 48 5 9 127 53 10 51 47 255 58 43 16 107 118 103 40 90 85 107 157 23 55 65 100 154 114 115 20 71 119 11 62 181 105 133 72 76 30 40 69 10 30 154 105 62 152 48 76 0 
9 31 72 29 35 56 88 83 45 26 61 19 11 15 33 63 80 13 22 45 88 92 39 25 6 159 55 61 92 64 254 66 69 3 251 192 109 89 50 61 217 80 54 77 134 36 173 55 108 120 255 238 52 17 104 78 100 59 58 47 116 29 5 76 114 48 25 100 133 104 0 
8 29 10 64 15 49 43 88 10 23 77 18 124 42 25 33 36 133 32 123 94 29 147 35 13 91 89 42 64 89 236 126 67 8 131 40 86 22 72 194 135 226 35 45 68 113 118 79 126 68 79 255 49 16 103 163 97 32 105 44 112 33 14 75 68 134 19 94 136 2 0 
4 9 5 24 14 17 2 14 9 9 16 16 34 46 1 27 16 68 25 99 69 15 22 19 15 45 104 35 22 28 134 16 17 15 7 58 24 38 30 65 52 71 8 19 49 11 255 238 38 19 14 110 39 27 62 62 60 36 17 26 10 22 21 28 42 77 13 14 72 55 0 
3 7 10 13 3 10 14 12 16 2 9 16 74 20 14 1 4 35 18 65 30 12 13 9 6 30 58 8 11 12 76 34 12 9 96 16 12 6 27 92 76 45 19 5 58 64 255 59 52 11 36 140 37 6 28 49 34 32 21 12 44 12 12 18 9 26 19 4 64 39 0 
8 11 12 25 16 33 78 26 13 13 40 35 48 33 32 27 10 96 89 36 48 20 17 11 15 43 36 27 22 17 21 34 6 13 6 29 16 17 12 71 54 31 69 24 71 23 255 194 151 9 51 181 89 58 16 42 34 25 34 20 31 22 7 16 11 32 9 20 41 55 0 
4 13 27 26 16 25 13 12 23 39 69 20 36 16 10 35 15 77 75 87 149 99 36 55 32 44 63 80 90 19 58 58 34 29 132 46 33 51 80 12 43 71 33 53 158 94 255 143 29 22 18 139 123 7 44 38 78 38 36 37 40 17 4 17 60 31 21 76 73 69 0 
1 13 12 10 14 19 67 21 12 62 36 34 32 54 4 25 16 25 44 43 17 97 57 22 7 74 60 48 30 11 34 10 34 11 59 44 38 15 2 36 3 25 27 19 96 90 255 133 38 20 40 67 63 42 36 15 14 18 21 14 34 25 6 16 34 22 20 28 51 25 0 
3 15 11 19 12 10 58 31 24 48 99 40 99 65 9 47 26 53 42 59 212 136 62 58 22 36 23 49 23 44 76 53 50 14 74 53 56 7 56 22 84 74 24 43 89 39 251 255 91 1 5 19 202 46 37 4 31 40 11 15 39 20 7 11 7 41 9 25 72 76 0 
3 13 35 8 13 20 9 23 47 17 89 28 50 20 26 25 18 60 86 88 173 75 87 24 6 18 39 43 28 25 33 62 26 14 28 54 39 14 45 64 39 50 24 38 79 54 255 67 18 13 37 123 230 69 23 29 29 33 40 13 50 9 15 20 18 15 6 35 22 60 0 
5 11 15 24 10 23 120 16 66 108 156 44 255 47 10 13 12 31 84 128 81 61 31 36 18 58 38 38 17 18 91 61 50 14 40 19 23 9 22 95 39 52 46 27 106 55 173 61 31 16 42 70 118 76 41 15 82 11 35 14 64 26 11 14 22 1 21 45 37 57 0 
7 10 31 13 10 26 14 42 25 50 117 41 111 92 48 32 14 28 45 84 159 105 31 14 9 60 64 18 6 52 104 27 37 9 28 33 35 15 43 82 20 51 18 24 110 53 255 72 43 3 15 101 132 30 65 60 29 52 20 3 40 8 12 30 4 9 7 30 12 38 0 
3 9 21 13 8 16 50 48 46 67 153 19 170 119 51 10 6 49 49 61 255 15 37 22 15 53 59 33 34 43 71 78 16 4 10 34 39 24 23 73 2 28 31 44 31 19 115 107 63 25 20 118 168 81 26 36 42 51 5 12 22 17 8 14 10 19 17 27 13 45 0 
4 12 14 20 10 8 15 15 30 47 98 13 152 133 24 29 15 45 61 104 255 33 31 18 9 29 43 15 4 14 25 24 10 3 17 22 16 16 17 73 74 50 26 26 33 67 69 47 52 12 33 64 62 51 9 1 18 31 50 13 6 29 13 28 30 3 3 8 21 45 0 
4 8 2 7 9 5 5 7 21 14 43 11 81 74 23 14 6 22 40 70 255 14 15 11 4 17 12 6 6 7 7 6 5 4 25 25 9 12 3 52 41 33 7 27 35 38 31 61 18 2 24 25 28 37 9 6 5 12 17 4 10 6 6 5 10 11 11 16 25 16 0 
1 2 3 2 5 5 4 4 11 6 22 19 86 50 5 5 2 13 12 25 255 5 15 6 2 9 10 4 3 3 2 2 6 4 7 12 7 4 4 16 30 18 7 17 10 24 44 34 8 0 12 10 7 10 4 5 1 4 10 1 2 6 7 3 7 4 3 2 11 3 0 
1 1 4 0 3 4 1 4 4 4 8 1 7 27 3 6 6 8 16 13 255 4 12 4 2 11 9 4 0 0 5 5 4 2 8 11 5 5 5 14 24 8 3 8 22 4 24 50 13 3 10 6 7 6 1 3 2 6 4 2 1 3 2 3 5 3 2 0 12 2 0 
2 3 5 2 3 5 6 5 6 19 27 7 24 57 15 3 5 11 12 25 255 6 5 5 1 13 14 5 3 2 8 7 8 2 16 11 5 2 9 16 46 0 13 13 47 28 10 16 15 8 7 32 18 36 4 0 10 6 12 8 6 5 2 4 8 4 3 1 9 6 0 
2 1 1 12 4 5 7 4 12 31 70 37 89 22 10 3 5 7 14 27 255 5 1 3 1 7 9 4 5 8 7 7 5 2 4 8 1 5 12 17 23 5 17 17 45 17 32 15 5 8 1 37 21 33 5 13 8 13 14 4 5 4 8 9 8 10 4 9 4 14 0 
1 2 11 8 2 5 9 2 1 17 50 21 57 68 8 4 4 6 20 19 255 7 1 1 2 2 15 16 1 9 9 14 4 5 9 7 1 2 5 11 5 10 21 7 44 32 23 18 0 2 0 42 18 6 12 10 3 6 25 0 6 6 2 4 8 7 3 10 6 6 0 
0 3 0 7 2 5 7 3 12 50 41 43 78 65 14 8 4 9 20 6 255 11 2 1 2 16 9 27 6 13 13 2 7 2 10 4 10 7 19 21 15 10 9 17 56 12 37 8 4 8 8 69 48 53 19 9 10 21 23 13 8 5 9 11 6 4 8 14 3 6 0 
0 2 25 25 7 3 8 8 29 29 84 93 247 24 6 7 9 9 15 50 255 11 14 4 5 25 5 62 9 33 28 31 5 11 21 26 31 7 51 27 55 48 6 6 80 26 45 50 2 13 16 143 21 54 17 28 43 37 32 19 6 25 15 21 44 19 7 31 22 23 0 
2 1 19 23 27 10 45 36 40 85 46 135 255 52 18 8 7 27 6 151 63 12 23 4 16 12 23 194 23 64 25 49 30 17 124 12 51 19 38 40 147 103 75 17 254 135 130 51 98 46 34 81 190 177 72 34 111 33 40 44 59 21 42 25 64 48 23 15 87 42 0 
1 2 3 10 5 6 15 4 7 43 66 11 68 34 11 9 3 4 9 45 255 3 19 7 8 18 13 48 4 13 2 5 8 2 12 13 10 5 8 8 21 12 7 1 8 40 28 22 4 20 29 46 22 24 20 14 15 12 9 13 8 9 6 12 9 14 14 8 14 10 0 
0 0 2 3 2 3 5 4 3 11 60 23 34 18 1 2 8 6 8 10 255 11 6 4 4 11 6 30 2 13 1 7 2 0 12 7 3 1 3 5 3 7 9 2 12 11 44 4 9 14 10 19 8 16 4 0 12 7 14 3 5 23 4 8 4 1 9 21 11 7 0 
0 2 1 3 3 7 13 9 3 6 39 15 15 11 6 2 7 5 11 23 255 2 6 11 3 16 8 28 11 10 10 14 6 1 3 9 2 5 10 7 7 12 12 10 26 5 18 9 7 9 4 24 20 14 12 4 6 3 9 11 9 7 7 3 9 2 9 5 13 6 0 
1 8 2 6 3 6 9 4 3 13 32 6 21 10 20 7 2 11 26 55 255 4 7 12 7 16 22 23 4 13 6 11 7 4 32 8 7 12 18 20 12 6 12 18 44 43 75 38 20 8 24 29 45 4 23 20 8 8 15 9 0 15 7 3 8 7 16 7 21 8 0 
3 7 9 33 11 21 18 14 25 63 255 9 102 103 20 23 19 27 33 80 35 21 31 15 6 36 34 53 7 17 8 36 24 4 79 25 8 24 28 10 82 38 25 24 72 28 91 41 11 21 44 26 55 73 35 31 14 41 24 12 33 9 12 25 14 27 28 9 30 37 0 
1 4 3 2 1 4 9 5 2 19 123 59 59 20 16 8 2 9 10 16 255 16 11 4 3 10 6 8 3 5 1 13 4 0 11 17 5 1 9 3 11 8 6 4 20 5 61 5 10 4 18 16 18 33 9 3 5 6 5 7 8 6 3 6 6 3 1 9 14 6 0 
0 1 1 3 1 5 6 8 7 8 86 15 60 5 4 5 1 3 8 5 255 3 5 4 0 8 10 6 1 2 1 15 1 0 11 10 9 0 14 8 15 13 4 2 16 2 30 9 6 2 13 6 2 9 7 5 5 4 7 5 11 8 3 2 1 1 2 5 9 8 0 
2 0 11 10 2 10 7 9 17 10 143 33 99 41 9 2 7 13 23 31 255 15 23 8 3 25 20 11 2 13 7 23 6 1 5 17 13 4 4 13 17 32 17 4 14 5 95 26 6 5 12 10 24 27 16 15 7 5 19 3 14 6 1 7 12 9 5 3 15 9 0 
4 9 3 15 3 22 44 17 39 20 255 32 65 69 33 4 15 22 90 62 159 16 45 23 5 45 36 16 10 19 9 58 9 10 28 23 14 11 47 21 62 17 3 13 90 58 130 36 23 23 50 79 14 75 33 34 12 3 37 24 37 23 5 34 30 26 28 10 47 69 0 
0 1 10 7 1 3 9 9 11 5 29 21 26 16 3 2 3 9 15 24 255 5 8 3 1 8 10 6 1 5 8 12 6 1 7 3 8 7 6 9 14 10 11 5 16 3 41 15 3 6 14 8 9 12 7 4 3 1 9 2 13 4 2 9 8 3 8 6 14 9 0 
0 1 9 8 3 0 5 6 9 2 29 14 24 16 3 4 8 11 13 44 255 10 9 0 0 10 9 5 5 6 4 3 3 1 20 8 3 7 5 1 13 13 12 3 3 4 36 6 5 4 19 13 7 13 15 11 4 5 3 6 15 2 2 6 6 1 3 8 12 5 0 
1 1 3 1 5 4 5 9 8 1 23 3 12 4 5 10 8 18 23 120 255 11 10 3 1 17 8 4 1 1 1 7 5 1 16 9 10 1 9 9 5 12 11 3 4 10 53 10 15 1 23 24 5 1 6 6 2 4 12 6 10 6 7 1 6 6 7 3 4 10 0 
0 1 6 4 3 1 3 1 3 3 6 7 18 9 5 2 5 5 14 151 255 11 5 3 1 6 7 0 1 2 2 6 2 0 4 10 4 1 3 4 5 16 1 1 3 7 31 11 3 3 8 10 1 4 4 2 3 3 3 3 3 2 1 2 5 3 5 1 11 9 0 
0 1 7 3 5 2 7 3 2 1 5 4 14 12 3 8 3 7 2 226 255 3 6 2 1 0 10 5 0 3 1 6 3 2 5 12 4 1 3 13 16 13 3 1 7 14 32 18 4 4 16 20 3 2 7 5 0 2 5 2 2 4 1 6 5 2 8 5 4 10 0 
0 0 5 4 1 1 5 1 3 1 7 4 17 7 1 4 5 3 14 255 98 11 7 2 1 6 6 5 1 4 1 5 6 1 11 2 2 1 2 8 13 5 2 1 2 7 46 21 18 1 2 9 6 5 1 1 1 4 6 2 2 2 2 1 2 2 9 2 5 7 0 
0 1 2 1 0 3 2 1 2 1 1 4 8 3 0 1 3 2 9 255 118 5 1 2 1 5 6 1 0 1 2 0 1 0 3 3 2 0 0 10 6 3 4 1 4 7 23 18 5 1 0 8 4 4 2 3 1 0 1 2 1 3 0 3 4 2 5 4 3 0 0 
0 0 3 4 1 3 7 4 2 0 1 5 3 0 2 1 3 3 9 255 52 3 4 3 1 5 5 2 0 1 0 4 0 0 3 1 1 2 1 8 6 3 4 1 4 3 24 15 6 3 6 12 4 3 3 0 3 2 2 0 1 2 1 1 4 5 9 4 9 4 0 
0 0 2 4 2 2 7 1 1 0 2 2 2 1 1 0 2 2 2 255 116 4 3 0 1 0 3 1 0 0 2 6 0 0 4 3 0 1 1 2 0 4 1 2 4 4 27 12 7 2 2 9 4 1 2 0 1 0 2 1 4 1 1 0 1 1 10 1 3 4 0 
0 1 4 2 3 2 2 2 0 0 5 4 5 1 3 2 4 5 5 255 58 3 8 5 3 4 5 4 3 3 1 4 2 3 7 8 6 2 1 6 13 11 5 1 1 3 23 12 10 0 6 15 7 1 3 5 2 4 5 3 3 2 1 2 3 2 20 4 1 6 0 
0 1 5 7 8 1 10 1 6 4 11 7 11 3 5 4 7 3 14 202 255 10 13 10 1 15 21 4 1 3 7 10 2 2 9 12 7 2 1 23 6 12 4 3 10 13 20 17 12 4 8 17 22 3 8 6 3 4 6 4 4 5 4 1 5 5 38 9 6 12 0 
0 0 5 1 0 1 1 0 0 0 3 2 6 3 0 3 2 3 5 255 100 3 6 0 0 6 5 2 0 1 0 2 0 1 4 8 2 0 0 10 12 4 2 1 0 6 12 5 9 0 4 6 4 3 3 1 2 2 1 0 2 1 1 0 2 1 16 7 6 3 0 
0 0 3 5 3 2 1 4 1 0 1 3 4 0 2 2 2 3 3 255 100 0 3 2 0 6 4 0 1 1 1 2 3 0 5 5 0 1 2 8 6 4 1 0 2 9 10 9 3 2 5 9 3 2 0 1 1 2 2 0 1 4 0 1 1 1 18 6 2 2 0 
0 1 6 3 3 5 10 6 2 2 0 6 5 6 2 2 2 11 5 255 53 13 2 3 1 11 6 4 3 3 2 2 3 1 9 5 4 2 1 17 9 8 9 1 0 5 26 10 1 5 8 7 4 3 6 6 3 3 6 1 4 3 0 1 5 0 25 9 3 6 0 
0 1 7 13 9 9 10 4 2 2 2 5 6 5 4 7 3 13 14 73 255 20 7 4 2 13 18 5 2 2 3 19 4 2 10 15 4 3 6 22 33 4 9 3 7 13 23 18 9 3 4 12 4 6 12 3 1 3 0 2 14 5 1 8 5 7 34 20 11 4 0 
0 3 6 6 4 5 7 3 0 1 4 3 3 3 2 2 3 12 10 255 22 2 4 3 1 8 12 3 1 1 4 2 2 1 5 7 4 4 1 9 40 11 5 0 3 13 6 12 4 1 8 6 1 2 5 1 1 1 3 2 3 6 0 2 6 3 15 20 9 9 0 
0 1 8 16 11 8 6 1 1 1 1 0 7 1 1 4 1 6 10 255 22 5 7 1 0 6 6 2 0 1 2 4 1 1 5 9 3 2 1 13 20 7 4 1 5 4 8 13 6 1 6 2 3 1 3 2 2 4 2 1 1 4 1 1 3 4 8 28 4 9 0 
1 2 6 36 11 9 12 4 1 2 2 3 3 5 6 4 2 3 12 220 255 5 10 5 1 15 12 1 2 1 6 6 2 2 11 11 5 3 2 13 32 16 4 5 9 29 15 19 9 0 8 13 7 1 6 2 3 2 2 3 4 4 6 6 19 11 9 59 7 8 0 
0 1 5 14 15 8 6 3 0 1 2 2 5 2 2 2 0 1 2 255 27 1 1 3 1 7 4 1 1 0 1 0 1 1 6 4 3 0 3 5 10 6 2 0 3 12 15 23 3 1 5 2 5 1 3 1 2 2 1 0 1 1 1 1 1 2 7 30 2 5 0 
1 3 16 36 24 15 10 3 2 2 2 4 7 4 1 5 4 8 7 255 173 11 6 1 0 10 7 5 3 1 3 7 6 3 7 6 5 0 1 14 26 9 3 1 1 15 28 12 3 1 5 6 13 4 5 5 0 5 4 2 4 1 1 10 5 1 9 44 5 2 0 
2 2 3 32 33 2 4 1 2 2 3 4 2 2 5 2 4 2 13 255 47 16 6 3 0 8 10 2 1 3 4 4 6 2 7 7 3 3 11 12 38 8 6 5 5 19 29 34 6 2 7 15 8 2 10 1 1 6 7 1 1 1 2 4 6 0 7 50 10 5 0 
5 27 31 149 90 57 30 12 4 3 4 10 4 11 10 8 4 12 48 47 255 20 8 6 3 30 37 3 5 13 21 18 9 8 24 16 14 8 15 13 48 25 8 8 15 43 84 61 5 14 25 64 18 7 5 20 6 12 6 6 8 12 2 8 1 5 14 169 17 26 0 
1 6 8 18 10 10 2 3 0 0 0 3 2 1 2 0 2 4 11 255 102 2 4 1 1 6 5 2 0 1 4 3 1 1 0 5 3 2 1 6 3 2 1 1 2 9 24 2 3 1 1 8 3 1 0 0 1 1 1 1 1 1 1 1 1 2 2 25 3 5 0 
4 20 15 21 228 66 25 14 3 2 6 9 8 4 4 9 5 10 21 78 255 11 9 7 3 7 25 5 13 9 4 16 25 16 12 24 18 13 8 17 45 24 19 7 3 30 65 16 7 2 9 11 20 6 5 4 4 6 7 3 2 4 1 4 3 3 6 34 14 13 0 
1 2 6 16 74 5 9 1 0 0 1 1 4 0 2 4 3 4 5 255 72 4 8 0 4 7 15 5 1 4 8 5 7 3 5 7 7 10 2 4 13 8 3 6 1 11 13 6 2 2 8 1 5 2 2 3 2 2 2 1 3 2 0 1 4 4 2 18 6 5 0 
3 12 18 29 28 48 16 10 1 2 4 8 3 5 5 2 10 21 28 180 255 14 30 15 13 12 29 17 15 14 29 21 29 14 19 20 20 23 6 25 9 33 35 24 4 12 36 7 8 1 27 19 22 6 3 9 3 5 2 5 5 6 5 7 15 2 3 53 22 12 0 
0 1 10 25 92 62 15 15 4 5 6 6 6 6 0 2 7 20 39 255 199 14 6 4 3 15 11 4 1 1 2 15 8 9 6 5 5 2 3 9 21 1 6 4 7 14 30 10 7 2 10 27 2 15 5 5 2 4 4 1 1 4 2 0 11 5 6 46 21 5 0 
1 5 17 43 37 56 5 10 4 2 2 4 1 5 6 4 7 13 66 255 66 3 5 6 2 8 54 5 2 4 6 13 13 4 14 8 3 11 7 8 16 6 18 3 4 13 41 29 17 9 9 35 4 15 18 3 4 3 9 5 1 6 1 12 3 8 0 59 14 6 0 
1 6 11 28 43 41 15 26 17 10 10 8 4 9 9 7 9 12 92 255 181 21 9 4 2 20 24 7 4 6 6 14 14 16 23 15 4 7 7 5 12 12 17 7 15 19 33 6 10 6 23 25 3 6 6 10 3 4 5 5 6 0 2 3 10 18 7 56 10 6 0 
0 2 7 9 7 58 30 13 17 14 4 3 5 4 7 2 6 7 89 224 255 7 10 8 0 13 47 23 0 12 5 21 22 11 12 6 11 10 12 6 17 13 8 4 9 24 44 13 16 3 11 24 11 11 9 1 3 2 7 4 5 5 2 4 8 13 8 39 32 15 0 
0 2 4 7 31 14 21 10 5 4 1 2 1 3 4 5 3 11 73 255 43 3 11 4 2 11 32 4 5 6 7 12 0 17 6 31 9 3 7 6 12 11 6 4 1 0 33 18 8 4 3 19 4 4 4 9 4 4 5 3 2 5 2 5 6 20 8 8 30 12 0 
0 1 6 18 40 6 35 7 8 3 4 3 6 4 4 4 5 25 119 227 255 32 6 6 1 14 34 20 2 6 7 17 20 63 16 23 19 3 5 17 16 14 4 6 4 20 44 18 13 6 16 26 13 5 8 16 9 7 6 3 1 7 1 13 33 28 8 16 56 25 0 
0 6 11 28 34 5 78 24 7 1 9 3 10 5 11 12 1 24 124 255 145 22 3 7 1 21 50 4 5 1 4 19 39 47 12 16 8 7 7 20 13 7 8 5 18 8 58 23 8 1 13 38 18 7 13 32 1 3 1 3 4 12 3 11 19 19 9 15 96 33 0 
0 1 9 16 10 3 54 7 4 3 3 3 5 1 11 8 4 24 76 255 164 7 9 2 1 12 20 7 7 2 3 27 22 41 8 9 0 9 4 17 9 14 0 5 4 14 19 3 9 4 8 47 5 4 13 25 4 1 9 4 4 2 3 4 24 9 3 16 58 19 0 
1 4 6 9 14 6 108 22 3 3 5 4 4 4 12 13 4 24 69 255 83 31 7 2 1 10 21 17 6 2 4 48 66 90 30 8 4 12 3 23 12 7 6 2 3 12 25 16 7 5 10 56 8 13 8 67 22 10 6 5 5 17 8 11 28 14 11 13 35 62 0 
1 6 10 5 29 7 186 53 16 8 1 5 1 6 35 7 7 13 71 255 134 66 19 7 3 16 94 11 7 2 7 78 63 59 14 26 12 27 13 17 26 7 4 3 14 6 20 5 10 2 11 51 7 3 5 105 17 15 8 4 2 0 3 3 25 34 13 14 32 102 0 
1 10 6 6 15 14 255 26 7 10 4 6 4 13 19 20 9 11 38 158 175 72 28 3 2 16 18 14 7 9 12 36 29 90 21 6 20 37 16 33 29 12 19 13 8 32 41 62 5 7 12 35 7 10 8 166 48 13 13 8 14 5 6 7 20 13 1 12 66 25 0 
0 5 8 8 8 6 96 64 29 10 4 2 14 10 69 15 25 14 4 255 47 64 21 8 7 9 31 6 6 5 7 39 48 120 64 58 32 12 5 45 20 16 19 18 5 14 42 38 7 33 15 41 5 14 24 67 21 20 7 2 13 10 9 7 18 2 8 10 56 20 0 
0 3 7 15 5 9 22 29 9 2 6 3 1 14 62 29 19 19 13 255 124 19 24 8 5 16 24 8 4 3 5 44 17 132 34 52 13 14 4 39 11 22 13 12 7 5 52 52 12 28 39 45 22 5 11 43 33 17 26 10 15 11 8 10 5 16 11 5 22 22 0 
0 3 3 17 4 9 91 55 10 4 7 12 10 12 38 28 23 16 41 243 255 60 12 12 2 29 26 10 3 6 6 6 16 74 13 18 8 13 5 36 4 24 13 12 5 21 91 35 31 16 36 58 24 16 12 79 20 19 17 4 16 19 8 3 7 8 16 13 51 22 0 
1 6 18 27 4 10 42 79 63 9 7 8 4 11 117 55 72 53 46 180 255 122 15 8 2 35 13 15 7 5 13 20 11 62 13 46 13 18 11 63 89 17 25 17 0 17 122 19 15 52 30 32 22 14 14 58 36 80 15 12 6 3 11 17 6 22 12 4 53 45 0 
0 4 21 5 10 7 193 93 25 7 5 4 4 2 80 60 24 13 7 255 44 98 14 4 2 22 36 13 3 7 19 28 29 13 23 4 32 44 15 15 14 13 10 8 8 4 79 7 7 7 15 26 13 11 28 101 66 12 14 4 11 7 2 7 4 1 7 9 40 34 0 
1 4 3 14 9 13 210 78 14 5 6 4 6 3 56 16 7 10 24 255 109 108 6 12 4 15 59 10 1 5 21 15 15 9 4 5 6 20 8 18 20 29 7 5 13 9 51 19 28 5 7 29 17 3 35 70 31 2 5 2 10 2 5 5 6 2 2 6 20 36 0 
3 4 20 17 5 24 87 18 5 3 3 3 11 6 98 9 2 9 25 255 121 132 20 15 2 15 48 12 4 5 30 34 25 4 10 12 14 14 11 17 10 17 7 7 15 8 64 15 7 6 27 20 15 6 35 9 39 11 2 5 7 2 2 1 9 7 3 4 34 65 0 
4 16 10 20 12 65 86 25 14 3 9 8 10 11 70 58 35 14 29 255 52 196 10 10 3 28 49 3 3 6 45 20 19 7 15 19 9 11 16 26 24 29 19 8 8 21 58 13 13 1 20 22 13 6 15 86 78 34 20 7 10 2 2 4 17 9 3 5 59 117 0 
0 4 16 2 8 76 75 25 4 2 9 13 6 2 91 53 7 32 31 171 127 255 18 4 3 42 80 6 5 6 53 53 26 18 20 7 33 21 20 23 21 20 12 4 25 36 91 36 41 12 37 21 21 7 86 127 77 5 18 8 9 9 2 5 8 6 9 12 72 108 0 
7 5 56 18 26 128 106 15 5 9 18 29 47 10 123 55 46 75 80 73 15 255 42 28 3 63 28 38 7 14 89 35 56 9 8 55 78 104 61 46 112 76 45 6 29 32 56 80 94 14 58 38 14 15 246 58 173 21 29 6 31 15 7 16 141 21 10 33 83 126 0 
4 1 1 13 8 135 255 65 43 23 12 21 27 18 54 48 15 72 73 83 157 151 24 5 0 21 19 11 9 22 75 64 33 25 20 36 65 61 40 32 54 31 17 2 22 28 116 52 61 13 14 27 33 5 157 67 96 17 40 4 35 17 2 7 106 9 8 14 107 122 0 
0 10 28 4 7 125 156 32 17 13 9 15 11 7 123 33 7 27 21 78 45 88 26 6 3 4 31 4 3 2 40 35 15 2 22 24 44 33 9 8 83 21 19 9 7 20 28 21 7 6 10 23 27 11 60 116 65 18 10 9 17 10 2 4 116 19 15 4 81 255 0 
0 14 26 20 8 226 71 39 13 22 27 14 24 12 202 112 14 50 19 91 91 12 50 20 0 30 57 28 3 23 44 19 15 18 27 75 84 52 41 33 100 42 21 10 11 5 152 96 52 7 51 23 31 22 110 206 159 19 13 5 53 9 6 6 244 4 19 15 78 255 0 
2 6 20 22 9 196 197 47 17 19 6 12 33 14 43 58 14 11 51 43 72 153 40 9 3 26 19 28 2 6 44 22 24 8 7 49 19 29 37 35 40 32 25 8 23 21 51 42 48 16 26 15 4 15 99 151 107 14 33 2 17 16 9 13 161 9 22 14 50 255 0 
0 13 19 13 2 170 162 10 11 4 0 17 9 7 255 72 22 35 49 8 43 13 30 13 2 7 48 15 2 6 36 14 5 5 8 52 24 25 11 14 27 52 13 6 11 8 97 76 38 14 42 16 14 17 184 19 85 23 19 6 13 7 1 4 71 24 13 9 30 180 0 
2 16 29 10 10 162 192 28 10 10 11 11 27 11 243 81 21 48 111 21 58 33 10 14 0 11 24 17 3 4 38 33 17 14 16 58 43 48 7 59 69 31 11 8 11 27 46 63 22 15 26 60 17 4 211 79 117 9 20 8 19 7 3 4 25 5 3 2 52 255 0 
1 31 30 8 11 127 137 65 2 1 23 9 17 12 128 69 14 65 118 19 51 57 15 3 5 15 19 4 1 13 48 6 25 8 16 62 76 34 20 31 43 34 28 7 23 32 93 92 19 26 15 9 17 9 182 152 108 8 25 6 4 2 6 13 12 7 15 15 43 255 0 
0 33 21 7 7 99 30 30 29 2 10 9 20 17 205 64 37 56 164 29 91 104 39 20 8 5 41 12 7 8 52 19 14 4 16 90 72 52 25 3 68 18 7 7 24 31 91 67 43 8 39 39 16 27 148 99 107 22 37 8 2 8 2 13 31 13 6 20 27 255 0 
1 52 10 18 11 29 110 33 10 7 14 7 38 18 255 74 28 55 120 37 58 22 10 12 2 9 29 22 7 5 35 24 10 11 16 63 11 47 28 31 13 5 20 13 23 15 89 34 13 30 6 19 13 18 105 25 102 13 27 3 7 7 3 11 20 19 7 15 24 109 0 
0 34 39 35 10 56 177 40 13 1 6 5 32 20 164 99 18 45 255 40 36 93 16 9 9 19 46 24 7 17 33 19 8 25 45 100 85 31 34 52 35 53 30 4 26 23 127 46 10 21 18 23 17 33 75 28 27 4 4 19 10 12 5 2 52 10 6 23 34 82 0 
1 83 53 25 66 74 180 104 21 2 3 5 25 36 137 95 57 102 255 65 71 59 126 42 21 44 90 55 12 7 64 31 30 31 32 144 164 63 20 58 58 53 24 20 24 54 197 126 45 28 18 58 26 31 37 78 98 26 23 11 31 34 10 14 42 21 22 26 25 149 0 
1 63 17 27 25 29 51 89 4 5 20 12 14 26 220 71 18 26 160 61 30 113 42 4 1 39 39 14 2 22 47 35 44 17 22 103 37 57 19 17 18 86 33 11 30 52 255 10 24 7 6 64 37 16 57 28 202 21 25 19 25 26 18 22 22 20 9 5 17 76 0 
2 40 25 14 15 67 55 154 4 3 6 10 43 28 197 50 12 26 173 34 128 138 35 12 6 49 37 16 9 23 40 13 17 8 31 98 43 79 4 31 45 46 14 14 20 17 255 100 26 16 37 66 39 29 57 33 169 20 28 4 12 18 17 9 11 8 24 31 48 116 0 
9 74 20 54 14 136 73 255 66 23 4 17 47 27 177 42 51 27 187 76 115 132 96 23 3 53 59 33 12 34 12 25 18 9 38 98 89 57 15 15 27 51 8 27 6 55 167 29 43 29 42 87 30 24 50 70 62 62 96 12 13 9 13 9 14 25 20 29 59 176 0 
10 32 63 10 16 78 255 146 32 24 8 12 37 34 63 84 17 38 79 59 53 69 38 8 2 26 27 30 3 33 54 51 6 9 35 81 46 52 14 47 86 36 21 11 9 30 189 43 66 29 60 40 8 23 63 22 251 26 34 10 35 18 3 11 15 11 8 47 47 127 0 
9 36 29 8 9 73 143 44 8 5 5 9 40 10 69 66 26 4 28 77 81 135 27 5 0 22 9 15 7 9 47 30 5 3 11 58 23 29 20 14 37 16 14 6 1 10 129 57 8 16 25 18 13 7 35 16 255 10 22 9 30 6 3 16 22 6 2 14 18 54 0 
1 77 13 14 14 75 181 120 33 2 8 5 43 16 127 94 31 13 15 48 16 95 27 12 3 3 7 10 4 14 37 16 19 9 11 19 16 66 22 29 26 38 14 4 4 27 156 35 31 10 19 9 24 11 24 20 255 39 16 11 21 4 6 7 27 15 7 8 2 59 0 
4 12 62 32 5 92 197 213 32 4 12 6 6 10 197 94 21 12 24 46 31 139 62 5 2 24 17 20 6 19 16 26 13 3 6 19 16 48 19 21 20 37 20 9 17 24 197 49 40 17 60 36 7 11 29 43 255 44 18 4 19 5 1 8 20 0 10 8 23 64 0 
5 38 65 33 5 90 159 255 39 9 14 4 42 32 224 138 12 3 23 58 22 74 26 7 5 5 29 19 14 8 22 26 2 8 11 46 42 63 26 69 18 15 15 22 57 73 137 75 17 44 52 81 30 16 26 20 135 32 40 6 39 24 7 8 21 13 5 26 20 20 0 
4 29 40 25 9 60 81 98 7 15 6 1 11 5 107 37 9 23 32 116 8 88 23 15 3 19 28 3 8 25 29 11 12 3 17 32 12 39 27 44 60 22 7 15 20 49 255 60 32 52 67 42 37 18 23 2 59 38 12 15 9 36 12 24 27 30 18 25 33 29 0 
0 14 19 38 17 32 73 83 10 9 13 9 8 29 68 64 30 30 26 97 125 30 23 12 0 21 23 11 7 16 36 42 13 6 18 24 2 35 3 62 10 30 15 6 14 63 255 60 13 36 21 71 20 14 15 27 62 60 39 12 17 14 10 6 17 2 4 29 4 65 0 
4 21 30 24 6 18 62 61 9 7 0 10 30 16 39 48 11 40 25 20 106 6 7 9 6 23 9 5 11 27 42 10 8 5 14 21 15 20 45 43 30 23 35 8 26 23 255 137 39 15 24 78 23 18 34 38 44 16 28 8 13 16 3 6 2 10 9 9 25 73 0 
1 67 46 42 7 1 71 106 14 4 7 10 45 21 30 31 8 51 23 38 61 46 19 16 5 32 24 8 16 29 44 25 4 3 16 11 37 26 8 30 94 39 31 6 26 24 255 181 54 19 41 113 72 20 57 33 80 10 13 23 28 9 3 12 11 11 13 3 44 75 0 
1 47 53 27 28 27 81 70 18 5 8 15 15 9 72 26 9 43 16 142 105 55 12 11 3 11 22 25 22 39 64 14 12 3 23 14 12 51 31 50 32 31 37 9 19 23 255 124 138 45 20 53 97 37 27 29 53 32 30 10 15 8 2 2 12 17 7 3 12 38 0 
4 110 71 30 33 58 10 26 5 7 3 28 10 1 39 0 13 25 39 117 48 56 15 18 5 30 32 21 11 34 85 40 4 9 22 23 13 57 30 72 142 31 19 6 16 48 149 92 255 107 20 54 52 4 17 22 112 42 4 10 5 16 6 10 11 13 8 16 46 24 0 
4 54 32 25 11 17 43 8 2 9 12 20 36 22 21 13 16 25 25 53 54 58 30 27 12 10 11 9 18 19 70 36 7 8 14 34 32 28 29 39 82 27 21 13 19 17 62 77 255 59 33 49 38 15 9 6 65 24 12 4 19 8 8 8 9 18 1 12 11 26 0 
3 44 16 40 31 8 13 3 5 10 16 10 27 12 13 13 21 5 30 29 134 57 44 40 11 12 10 8 45 5 67 17 15 4 15 14 12 17 25 48 24 15 26 16 17 21 48 38 255 24 18 42 18 7 7 21 70 11 6 14 26 25 14 9 20 15 18 20 23 35 0 
4 16 28 8 12 16 33 23 9 1 11 5 21 4 15 1 7 34 15 31 30 7 32 54 26 29 34 28 58 52 102 17 10 1 16 7 5 13 7 18 26 29 13 20 31 17 45 59 255 82 25 15 22 17 21 10 74 30 22 6 10 12 17 16 13 17 11 23 48 25 0 
3 25 29 13 4 5 16 8 5 4 9 11 6 4 21 6 8 6 23 34 20 7 26 10 7 25 28 16 56 19 113 56 11 3 10 7 21 20 4 27 95 30 16 26 19 11 25 57 255 81 18 58 16 15 2 12 51 29 13 11 29 9 2 3 4 20 6 23 28 44 0 
5 35 23 12 8 25 17 35 3 36 20 12 42 7 5 3 1 22 46 78 24 37 18 15 9 29 16 28 97 32 143 18 22 1 9 5 24 20 28 56 93 93 22 35 51 9 76 101 255 65 21 112 45 60 25 19 80 36 67 18 23 1 2 16 10 23 4 57 60 25 0 
5 2 17 30 10 21 17 38 12 27 19 9 12 26 1 13 20 35 32 12 43 25 4 8 23 12 16 42 118 74 192 45 36 6 13 21 21 28 6 65 38 84 38 64 57 45 60 128 255 39 18 60 50 34 55 10 116 33 23 11 48 22 5 23 13 17 9 70 36 10 0 
3 17 38 22 7 3 19 14 20 23 51 14 58 33 11 19 12 32 99 24 49 51 35 28 21 10 6 14 132 58 255 54 22 12 9 24 16 29 25 86 134 104 6 99 71 51 35 153 107 38 44 231 46 88 36 18 109 20 70 15 6 14 3 28 19 12 3 91 73 25 0 
3 9 37 25 3 28 34 24 22 51 56 27 59 24 16 15 30 11 101 171 26 57 45 12 32 12 7 41 170 104 255 48 33 13 19 26 25 7 21 89 160 90 12 123 95 52 70 163 58 47 67 76 133 144 38 19 156 137 100 14 27 18 11 17 15 13 9 159 58 50 0 
0 19 27 15 2 31 16 29 23 69 51 20 10 18 4 12 2 32 77 122 119 67 10 6 36 13 29 5 125 68 156 56 21 7 18 17 9 26 12 47 61 107 28 101 62 32 72 188 80 18 45 255 81 84 6 18 116 94 80 28 11 12 7 12 1 7 3 112 46 36 0 
4 15 22 41 10 4 18 15 20 84 44 26 57 37 10 14 10 68 64 158 110 108 46 21 68 58 14 17 173 176 62 34 31 7 38 16 34 36 40 55 54 216 113 182 50 35 195 143 113 54 22 255 234 162 97 30 113 190 42 24 38 26 12 35 51 40 21 172 28 24 0 
2 2 11 30 3 19 53 22 29 85 43 17 16 22 33 28 10 31 103 169 79 26 51 23 55 23 47 10 132 109 72 54 26 10 21 11 31 32 72 55 80 175 34 105 46 90 20 162 118 5 21 255 103 112 14 20 77 83 101 20 15 11 12 14 21 28 19 125 138 23 0 
5 4 16 23 10 27 22 19 8 126 20 8 33 26 18 7 3 65 152 162 84 27 52 37 51 25 18 26 109 115 98 24 29 8 16 23 10 51 52 54 29 76 66 182 94 27 172 128 41 32 33 103 214 255 70 33 84 84 72 30 14 15 9 2 14 15 19 139 67 13 0 
3 0 23 21 6 8 35 13 24 84 37 15 21 24 11 14 13 59 36 253 52 40 49 22 53 29 20 16 85 255 57 27 29 5 16 26 22 15 36 19 111 115 91 238 28 74 115 126 84 43 25 141 248 66 72 37 53 166 49 23 29 10 10 6 6 23 27 139 30 48 0 
2 3 13 29 9 10 15 18 9 97 53 21 11 21 3 7 16 45 152 255 220 59 38 19 51 13 12 14 57 138 66 18 7 15 26 16 12 18 16 54 52 59 60 177 99 53 186 117 104 24 34 127 144 230 50 3 113 94 47 47 12 7 5 38 31 37 26 122 45 20 0 
3 6 31 15 6 5 7 3 29 176 28 21 24 9 13 15 8 14 128 135 211 68 9 20 61 27 34 48 53 255 49 34 55 5 9 36 13 27 44 44 41 124 80 146 115 86 232 79 48 23 8 180 75 209 78 13 45 133 183 27 20 10 10 9 20 23 15 57 23 18 0 
1 2 7 36 4 5 3 13 36 108 18 31 14 17 7 12 6 9 114 102 210 79 39 6 42 16 45 61 47 153 77 52 27 7 11 11 12 23 58 48 30 116 49 17 50 17 67 81 34 12 12 162 166 255 6 37 61 16 63 6 18 28 3 22 13 12 9 27 13 11 0 
0 4 16 22 11 3 17 5 38 177 25 35 41 15 15 9 9 17 149 37 189 28 36 5 42 62 3 47 47 84 74 17 18 6 20 13 10 2 22 41 20 89 255 69 196 20 37 15 34 14 1 136 105 185 36 6 120 39 122 11 23 17 5 27 13 10 11 21 26 12 0 
2 8 7 4 20 2 23 3 18 136 33 33 17 30 21 9 6 24 71 71 94 56 10 11 39 54 20 95 42 97 51 47 34 15 20 23 10 19 56 32 29 84 21 35 87 34 37 51 29 25 22 180 255 168 13 29 171 48 29 29 30 16 29 39 40 25 18 31 12 44 0 
2 10 25 36 17 12 12 12 19 255 19 28 41 7 15 19 25 30 134 60 211 25 17 19 42 19 12 92 12 162 44 16 15 4 12 9 10 1 33 79 37 62 177 25 33 59 92 44 59 55 24 29 172 163 20 28 141 32 21 35 37 70 30 27 32 30 30 21 77 32 0 
1 4 20 10 26 8 7 6 29 155 8 38 61 52 51 5 14 22 62 58 255 62 17 20 31 46 25 121 7 223 51 77 26 18 0 22 11 16 162 86 24 112 96 64 111 31 82 13 33 50 35 59 59 176 9 36 175 131 68 51 26 29 22 27 36 35 42 21 58 21 0 
3 3 6 5 12 16 17 18 24 214 71 14 48 76 64 19 20 21 106 47 69 53 46 12 27 35 34 126 36 255 151 60 37 7 30 13 18 16 75 39 18 105 18 36 96 42 105 47 24 27 32 75 229 225 105 47 157 42 98 15 44 21 10 59 62 35 27 24 46 27 0 
4 11 9 22 13 21 19 13 31 155 28 32 29 23 32 7 14 16 170 47 70 12 50 2 24 31 12 93 13 235 143 51 30 17 33 24 8 12 21 50 23 37 52 36 93 37 43 32 63 32 21 121 227 194 46 40 82 255 37 56 23 21 8 27 38 22 10 16 51 19 0 
1 5 7 17 2 15 21 7 16 86 12 28 5 19 25 20 16 13 102 34 223 22 28 14 28 7 26 49 9 185 99 19 25 9 29 24 19 5 71 76 36 85 100 18 85 19 131 102 53 37 24 52 224 255 38 15 67 109 69 29 36 22 10 34 13 36 3 31 21 11 0 
1 10 3 2 8 25 13 11 40 83 28 32 33 14 10 9 24 23 144 51 118 60 56 21 34 4 49 48 33 183 142 49 39 19 31 45 16 32 107 123 51 83 39 42 26 40 150 163 136 36 49 182 255 110 51 34 46 153 9 18 31 13 17 41 43 12 3 46 29 16 0 
2 5 19 13 6 12 15 19 49 48 18 37 22 26 11 6 30 12 56 45 255 104 51 14 11 38 18 15 22 188 141 25 3 6 48 11 24 11 20 18 75 41 33 19 41 32 173 146 59 51 14 83 72 100 21 12 39 13 10 15 32 5 4 42 37 11 11 17 39 22 0 
1 14 28 41 13 12 79 28 56 31 30 33 78 26 33 25 36 83 209 61 54 82 54 29 9 70 60 50 28 255 129 75 34 10 71 64 35 14 165 77 108 82 80 35 117 40 223 165 135 26 87 152 38 64 55 56 64 15 16 7 32 21 14 57 11 58 19 57 103 19 0 
3 2 28 24 7 9 60 13 17 24 9 25 35 5 20 33 49 21 255 89 26 61 36 15 13 74 13 62 20 106 77 22 22 1 7 41 38 9 137 34 47 18 29 5 45 23 150 203 39 14 33 147 42 100 49 60 27 20 61 41 71 32 30 30 50 12 12 52 113 59 0 
3 3 30 11 28 13 36 16 19 3 61 36 14 11 8 17 58 50 255 44 197 51 7 15 10 53 10 14 6 106 27 35 11 7 9 20 11 10 32 107 48 59 16 8 88 13 166 181 106 17 66 122 40 70 45 28 4 26 65 13 16 9 1 31 61 14 15 21 99 39 0 
0 2 18 5 35 31 42 25 36 21 19 14 32 15 14 17 33 18 178 100 255 52 28 18 5 50 23 8 12 79 10 11 11 2 17 37 11 6 79 25 9 20 33 7 51 92 135 120 39 15 33 98 17 7 24 9 18 27 16 33 26 13 4 27 50 2 9 29 60 29 0 
0 6 10 11 72 55 79 114 78 8 21 36 31 8 6 1 13 3 104 53 209 20 19 1 4 35 28 20 14 26 25 6 9 2 16 17 3 8 35 78 14 49 12 14 52 86 255 135 44 20 22 80 115 49 40 2 5 8 15 7 3 7 4 14 15 9 8 10 42 12 0 
1 2 24 11 31 38 48 47 71 21 21 21 28 17 2 12 7 14 118 55 180 39 38 7 5 12 16 16 10 32 10 14 6 3 11 32 9 7 44 79 52 16 14 14 45 78 255 116 37 3 46 21 21 26 31 25 4 17 28 12 24 6 6 3 17 17 0 18 41 22 0 
1 1 12 17 7 18 22 28 35 28 14 10 6 8 6 1 6 4 65 5 91 32 35 10 6 12 12 12 6 8 11 12 17 3 11 19 16 2 14 30 124 19 8 19 35 33 255 111 25 16 26 63 49 24 21 26 9 17 5 14 6 12 4 23 6 19 8 22 17 23 0 
1 3 6 10 9 23 22 20 5 2 26 11 15 16 7 16 21 16 30 20 255 75 16 3 9 30 27 2 15 12 25 5 13 7 32 8 7 6 30 78 86 28 34 25 34 44 221 82 39 43 63 54 47 27 8 11 9 18 16 18 8 8 5 27 17 12 10 4 24 21 0 
0 2 8 1 7 14 37 21 18 6 31 8 2 16 12 18 21 18 27 27 70 49 16 14 2 66 35 15 6 41 34 32 7 2 10 32 11 9 21 97 129 53 26 35 50 44 255 136 71 29 31 15 44 15 41 17 3 14 13 21 16 16 7 9 22 13 14 19 34 37 0 
1 0 3 3 6 18 21 17 14 12 10 9 12 9 8 13 16 0 55 3 55 52 29 12 21 46 49 35 26 9 42 34 23 14 8 16 19 21 28 68 194 28 7 11 20 20 255 19 55 15 9 20 34 54 22 29 20 33 100 59 55 67 36 18 32 38 50 34 28 32 0 
1 3 4 3 2 23 17 9 8 12 19 13 13 12 4 23 6 6 44 41 22 50 32 19 19 60 80 34 13 31 58 64 62 40 19 26 4 16 3 63 255 46 8 14 12 26 189 20 34 5 11 37 27 6 41 30 13 6 37 41 17 11 5 18 5 13 4 22 47 7 0 
3 14 10 11 10 36 53 10 28 3 6 7 14 26 3 13 33 45 132 105 249 121 47 26 8 67 18 22 30 39 33 58 47 37 63 70 42 38 28 47 255 46 35 37 56 68 251 107 71 14 121 98 10 20 60 35 61 54 48 29 62 35 43 32 14 40 56 33 43 71 0 
1 2 13 17 2 13 24 9 9 1 15 8 18 2 2 12 6 11 70 56 149 55 22 2 13 30 21 12 4 13 9 1 15 10 30 5 7 8 26 56 255 27 11 9 12 6 152 93 39 18 37 61 12 19 0 14 6 12 13 3 7 9 6 7 9 5 14 21 11 19 0 
1 4 16 14 11 28 43 5 11 12 26 12 24 16 1 6 19 37 124 60 43 82 50 16 6 46 41 14 12 26 20 18 18 10 17 43 8 14 38 95 86 36 32 9 17 21 255 25 34 11 39 28 34 12 37 43 9 25 32 10 26 9 15 15 24 16 21 2 41 36 0 
2 22 30 18 14 44 30 34 19 5 23 16 4 10 14 8 20 44 187 54 133 53 11 13 3 26 35 22 12 22 24 2 17 9 5 37 26 33 26 38 179 64 28 18 21 21 255 207 27 8 41 32 49 41 42 24 15 23 17 5 12 9 12 16 27 12 9 24 42 18 0 
0 16 15 7 5 27 15 30 3 10 8 7 12 9 6 5 16 31 152 62 32 52 9 10 2 17 20 12 6 14 7 16 6 5 41 25 7 3 9 68 88 50 31 13 13 28 255 95 80 11 11 9 12 28 13 11 12 21 32 11 11 4 9 20 13 1 18 5 11 17 0 
2 17 35 26 7 40 4 27 8 7 8 8 27 13 11 20 26 45 221 103 60 37 24 17 5 26 31 22 7 28 13 11 13 6 54 39 16 25 10 54 105 74 15 11 33 56 255 204 87 2 59 18 29 39 43 22 8 26 24 15 9 10 14 16 15 24 6 12 34 14 0 
1 10 30 13 8 44 38 9 19 14 21 18 10 19 14 2 21 24 205 130 119 104 73 12 7 38 41 20 8 14 10 25 39 1 25 43 7 28 49 33 158 100 39 14 54 51 255 28 96 22 58 55 11 26 34 5 21 34 19 12 26 25 9 15 16 34 13 2 48 32 0 
3 10 4 20 13 37 27 12 17 5 35 18 20 10 10 30 16 27 148 68 59 76 40 13 6 35 59 10 2 8 11 66 19 1 40 64 36 12 14 51 19 33 25 10 7 37 255 87 143 28 7 51 9 39 80 47 47 12 45 31 62 36 15 37 12 43 62 43 88 20 0 
0 14 17 46 6 20 48 14 26 16 24 30 64 13 16 14 14 19 95 62 102 60 49 17 7 40 25 18 15 10 18 48 11 7 101 26 21 19 26 31 24 57 31 21 18 1 202 85 255 26 4 49 117 55 36 12 27 49 21 46 39 75 31 61 51 81 64 53 36 5 0 
1 6 26 43 22 8 23 52 22 7 42 24 25 11 18 25 31 37 72 63 37 35 51 24 9 59 14 43 5 10 11 29 26 5 64 32 21 16 36 23 85 23 37 14 31 26 255 189 170 16 34 83 116 51 27 34 27 30 5 26 57 28 8 36 15 55 40 13 12 22 0 
4 56 34 52 10 23 28 112 21 31 15 20 152 22 33 21 69 43 135 112 208 114 83 50 15 4 51 42 16 17 20 127 47 6 85 37 99 32 47 57 175 145 80 37 47 24 80 52 255 40 25 91 91 129 56 73 23 81 58 28 58 17 20 18 22 65 63 54 12 55 0 
0 25 19 20 8 27 35 34 9 9 7 7 29 19 7 13 21 39 63 54 54 75 39 14 6 35 21 37 6 13 14 24 20 4 23 37 27 14 35 77 20 49 51 23 25 32 255 134 112 13 41 121 31 46 14 22 18 30 11 6 34 10 6 21 11 38 30 31 21 11 0 
3 7 24 5 6 16 6 7 6 12 12 6 17 22 5 3 13 18 15 25 49 32 30 3 4 14 33 12 7 13 7 42 13 9 61 19 9 0 12 43 41 31 9 2 5 25 255 99 67 7 19 72 19 17 18 0 7 5 16 8 14 5 7 15 20 21 5 11 13 9 0 
4 7 13 50 13 10 58 12 32 49 15 33 59 26 15 48 53 0 45 28 137 75 62 23 24 53 10 33 35 28 34 24 29 21 49 42 33 23 16 24 23 59 20 37 22 17 255 126 70 9 23 116 6 28 11 25 28 18 18 39 27 12 29 27 27 34 21 20 37 17 0 
1 2 3 13 9 4 13 13 3 13 25 12 10 21 5 14 23 16 25 36 53 11 17 18 8 19 20 7 10 14 9 13 22 3 10 22 8 7 1 7 5 16 6 11 8 1 255 34 21 4 10 57 8 15 14 4 13 10 10 11 16 0 9 6 21 10 11 5 10 4 0 
0 2 4 4 3 3 6 3 4 0 9 11 4 4 6 3 1 3 5 10 5 13 2 3 4 8 3 7 7 3 4 7 5 5 2 4 3 5 4 11 20 6 1 5 3 0 255 40 2 3 6 44 6 1 6 14 5 3 18 8 11 11 7 9 13 13 14 7 5 15 0 
0 5 1 2 2 3 3 3 1 2 4 3 0 6 3 1 3 5 6 8 30 4 2 3 1 6 6 8 4 3 6 8 2 4 13 11 6 7 4 23 13 7 2 0 3 1 255 14 20 4 3 36 12 3 7 10 9 3 5 8 3 2 2 6 10 13 13 16 16 9 0 
0 4 1 0 1 4 2 2 0 1 1 3 6 4 1 5 3 4 4 11 28 6 3 3 2 11 15 5 4 6 7 8 4 6 6 14 1 2 5 41 32 9 4 1 0 1 255 45 14 2 7 46 10 4 2 5 3 7 8 4 2 7 8 6 7 8 9 5 8 6 0 
0 1 2 0 1 2 2 2 1 0 5 1 5 1 0 2 2 2 4 12 18 10 6 2 0 6 5 0 1 3 3 1 1 0 3 8 3 3 4 30 15 5 1 0 2 5 255 25 9 5 8 44 5 1 2 3 1 4 4 1 2 2 2 2 3 3 0 0 3 2 0 
0 1 1 1 1 3 0 1 0 0 5 3 7 3 1 3 2 2 4 13 13 4 1 1 0 4 3 0 0 2 3 2 0 0 9 3 7 1 2 28 20 6 2 0 1 1 255 35 15 9 6 43 5 2 2 3 1 1 1 1 0 2 1 1 3 2 1 2 2 6 0 
0 1 2 0 0 2 3 2 1 0 3 2 2 2 2 2 2 1 1 7 4 2 3 1 0 5 4 2 0 0 0 1 1 1 6 10 1 1 1 18 18 5 2 0 3 3 255 32 6 3 1 43 5 1 1 2 0 2 1 0 0 0 2 1 0 1 2 3 5 4 0 
0 1 1 1 0 1 3 1 1 0 1 3 1 1 1 1 2 2 2 8 23 2 1 1 0 5 6 2 0 1 1 2 1 1 3 2 2 2 2 17 4 4 0 0 1 3 255 67 4 2 4 47 7 1 2 3 0 1 0 0 1 2 0 3 3 1 0 3 3 3 0 
0 0 1 2 0 1 3 1 0 0 3 3 2 3 1 0 2 1 4 9 20 3 2 1 0 5 5 2 0 2 1 0 1 1 5 9 0 1 1 26 24 1 2 1 1 2 255 63 10 1 3 48 8 2 2 2 2 0 2 0 1 1 0 2 2 0 2 5 1 2 0 
0 0 0 2 0 4 2 3 1 0 5 2 9 4 1 2 2 5 6 12 43 6 2 3 1 5 7 3 0 2 4 0 3 1 2 1 1 0 4 42 56 4 3 4 1 3 255 153 19 5 5 49 13 4 3 9 8 6 0 4 2 2 4 3 7 5 2 2 5 3 0 
0 0 0 1 1 4 5 4 0 1 1 5 1 8 2 0 0 6 6 10 58 5 4 2 0 9 5 0 0 2 4 4 2 0 5 3 3 0 4 46 133 8 6 3 1 5 255 147 9 3 1 41 8 6 8 8 7 7 13 6 4 4 3 3 8 7 10 2 4 1 0 
0 0 3 4 2 6 5 5 1 0 10 7 5 2 4 3 2 8 3 18 160 11 5 4 0 12 8 0 1 1 3 6 3 0 15 12 5 6 3 47 188 11 7 0 5 2 255 157 18 3 9 28 14 3 1 5 7 1 6 6 9 8 4 3 4 5 5 5 2 2 0 
0 0 1 2 2 6 9 4 1 1 14 16 22 25 1 5 7 8 6 22 255 13 7 2 0 10 5 2 1 8 0 5 3 1 14 4 7 3 7 42 122 13 5 2 2 7 170 177 24 2 7 16 18 4 12 0 7 5 0 2 3 3 2 3 2 4 5 8 8 11 0 
0 0 5 3 2 5 3 3 1 1 17 8 18 17 4 9 6 5 1 12 255 12 1 3 0 6 5 1 0 4 1 1 4 0 15 12 1 2 4 39 97 8 4 3 3 11 124 48 17 0 3 19 18 5 7 2 2 6 1 2 2 2 1 2 6 4 0 11 3 12 0 
0 0 1 2 0 2 2 2 0 0 11 11 2 17 1 2 1 2 2 11 255 4 1 0 0 2 3 1 0 0 0 1 1 1 5 0 3 1 2 20 133 3 2 2 1 0 62 3 11 1 3 10 11 2 0 2 1 1 2 1 1 2 0 1 0 1 2 4 3 4 0 
0 0 0 3 0 1 3 3 1 0 11 13 35 19 3 3 0 1 3 7 255 5 2 2 1 3 4 1 0 1 1 2 1 1 10 1 1 0 0 27 117 2 2 0 0 1 60 21 7 1 2 9 7 1 3 3 0 1 2 0 1 0 2 2 1 0 5 2 2 3 0 
0 0 0 3 0 1 5 2 0 0 10 16 13 12 3 1 2 2 1 8 255 4 2 1 0 3 5 0 0 0 1 1 0 1 10 2 1 0 1 26 106 3 2 0 2 2 65 13 7 1 1 12 6 1 5 3 0 1 1 0 2 0 0 1 1 1 4 2 4 4 0 
0 0 1 2 1 0 2 2 0 2 14 24 14 11 1 2 2 1 3 4 255 3 4 1 0 3 2 0 0 0 1 1 1 0 8 1 2 1 1 22 163 6 2 1 2 2 58 17 3 3 1 11 5 2 3 1 1 1 1 0 0 1 1 2 1 1 4 1 4 5 0 
0 0 1 1 0 1 2 6 4 0 13 5 7 11 4 4 3 2 0 4 255 3 2 5 3 11 4 6 3 4 6 9 4 2 13 7 4 5 1 21 95 4 3 0 3 1 39 21 5 3 4 2 6 4 3 4 1 0 2 2 2 4 2 2 4 3 3 4 5 11 0 
0 2 3 15 1 13 19 15 14 9 47 24 51 24 19 7 3 1 6 50 255 25 13 5 3 14 9 3 5 7 1 6 11 6 29 11 11 5 6 41 194 15 3 1 5 17 229 136 4 1 20 27 16 6 5 5 7 8 9 0 1 3 6 3 8 1 13 16 13 32 0 
0 1 1 3 0 3 3 2 0 1 18 5 16 13 4 2 3 1 3 11 255 7 3 2 1 4 3 0 1 0 1 3 3 3 3 4 2 1 1 9 26 4 2 2 2 5 63 27 9 3 2 32 7 1 1 1 1 2 2 1 1 2 0 1 0 1 11 6 1 14 0 
0 0 1 2 0 2 1 0 0 0 9 5 12 6 3 1 1 1 2 10 255 6 0 1 0 4 3 0 0 1 1 1 1 1 6 1 4 0 0 13 6 1 2 0 1 2 64 2 8 2 1 15 5 0 3 3 1 1 1 0 1 0 0 1 1 1 11 6 4 8 0 
0 1 0 1 0 2 3 1 0 1 3 3 17 10 0 2 2 2 4 22 255 5 0 1 0 4 4 0 0 0 1 1 0 1 8 3 2 0 0 17 31 1 3 1 1 1 76 26 8 2 1 6 5 0 2 2 1 0 1 0 1 1 0 1 1 0 12 5 5 6 0 
0 1 0 2 1 3 5 2 1 0 5 7 8 3 1 2 2 5 5 34 255 11 2 1 0 6 6 3 0 3 2 2 1 2 12 9 1 1 0 24 29 3 4 2 2 3 94 60 14 3 1 39 5 2 5 5 2 2 3 0 2 1 0 2 0 1 20 8 3 10 0 
0 0 1 0 1 2 2 1 0 0 0 2 2 2 0 1 1 3 1 72 255 7 1 1 0 4 3 1 0 2 0 0 0 0 5 2 3 1 0 11 23 4 3 1 1 1 57 26 17 1 1 15 1 4 2 3 1 0 2 0 1 1 0 0 1 2 15 3 4 7 0 
0 1 0 1 1 3 3 1 0 0 2 2 4 5 0 1 2 1 5 105 255 13 4 2 0 9 6 1 0 1 0 2 1 1 8 7 5 2 3 15 40 8 4 1 2 7 61 49 31 2 8 25 5 7 3 1 1 4 1 1 1 1 0 0 1 1 30 10 3 12 0 
0 2 4 7 4 8 3 3 0 1 1 4 5 3 0 4 1 2 2 255 253 15 5 3 0 11 6 2 2 6 0 1 2 2 12 20 6 6 2 6 70 10 1 3 6 12 69 51 78 3 7 51 34 13 10 3 7 0 8 5 1 8 7 7 25 8 70 15 15 21 0 
0 0 1 3 3 3 0 1 1 0 1 1 5 1 0 2 1 2 7 134 255 9 2 1 0 5 5 0 0 0 1 2 1 3 3 11 2 1 1 8 12 3 0 1 1 6 93 38 60 5 7 25 15 8 8 4 3 3 2 2 4 3 2 4 4 2 39 17 4 7 0 
0 2 4 4 2 2 6 2 2 2 1 2 6 6 0 1 2 5 7 255 101 11 2 2 0 7 6 2 1 5 1 4 2 0 7 14 1 1 1 19 43 6 4 2 6 4 123 38 125 3 5 47 7 6 7 4 1 3 6 1 3 2 0 1 2 2 64 33 9 6 0 
0 0 0 3 7 6 7 4 2 1 3 5 5 3 0 0 7 12 7 144 255 17 2 3 0 9 10 1 1 0 3 5 1 2 7 10 6 2 3 72 40 4 6 6 3 2 191 94 196 5 8 37 7 4 2 6 3 2 6 0 4 2 1 4 1 2 54 51 16 14 0 
0 0 2 3 2 3 4 2 1 0 0 2 1 1 0 2 3 6 8 204 255 6 2 1 0 2 4 1 0 1 1 1 1 0 3 2 2 1 0 20 5 4 3 1 2 3 120 150 70 8 2 23 2 0 3 3 0 0 1 0 0 1 0 1 2 0 19 39 6 8 0 
0 1 1 3 3 2 3 3 0 0 1 3 1 1 0 2 2 6 2 255 141 12 1 2 0 3 5 0 0 0 1 3 2 1 5 7 1 4 0 23 28 8 4 0 2 2 118 130 97 4 3 31 4 1 2 0 2 2 0 0 2 0 0 1 1 2 17 87 17 19 0 
0 0 1 2 4 4 2 1 0 0 1 2 1 3 0 1 0 6 8 29 255 15 4 2 0 5 5 1 1 2 1 1 1 0 5 3 2 1 1 27 81 9 4 1 3 2 124 223 105 0 4 36 6 2 2 1 1 3 0 0 2 1 0 2 1 2 11 124 14 17 0 
0 1 1 2 0 3 0 1 0 0 0 1 2 2 0 2 1 4 6 228 57 18 3 2 0 7 3 1 1 0 1 1 3 3 5 2 2 1 0 39 50 7 2 1 1 3 255 187 31 3 4 25 5 2 2 1 1 1 0 0 0 1 0 1 5 3 8 85 19 16 0 
0 3 1 1 10 3 3 0 2 0 1 0 4 1 0 2 3 2 20 202 99 5 6 3 1 4 3 4 1 3 2 5 5 2 5 7 4 2 1 45 46 2 5 1 1 0 255 175 50 3 2 18 5 3 0 2 2 1 2 2 1 1 1 2 1 2 4 91 28 14 0 
0 2 2 4 6 5 5 1 1 0 1 0 4 0 0 1 4 3 34 91 164 3 2 2 1 9 7 1 0 0 0 5 6 4 3 11 1 4 0 54 40 3 3 3 2 2 255 92 21 3 3 22 3 2 2 3 1 2 2 2 2 1 2 1 1 3 3 86 39 15 0 
0 1 1 6 3 8 6 2 1 0 1 1 0 1 0 1 1 5 29 163 103 20 1 1 0 3 0 1 1 0 2 2 6 0 3 7 2 1 0 33 31 2 1 1 2 1 255 86 29 2 3 18 3 1 3 2 1 1 1 0 2 0 0 1 2 6 1 68 51 20 0 
0 1 2 8 4 6 2 0 1 1 2 1 0 3 0 1 0 5 39 35 108 34 1 2 0 5 16 2 1 1 2 6 5 5 3 7 2 3 1 22 46 5 4 0 2 2 255 82 13 2 1 19 0 0 4 2 1 1 3 0 1 2 0 2 4 6 2 50 62 29 0 
0 0 1 6 0 1 3 1 0 0 1 2 1 1 0 2 2 4 43 98 157 36 2 2 0 5 8 4 0 1 1 2 8 2 5 6 2 3 0 16 4 5 4 1 1 1 255 47 33 2 3 27 2 0 0 2 2 2 1 0 0 1 1 1 4 9 6 32 76 36 0 
0 1 2 5 5 7 3 2 2 1 5 3 1 5 3 3 7 7 104 239 255 36 15 5 1 15 33 5 1 0 3 33 19 7 15 28 9 18 2 55 188 13 5 4 1 7 241 148 60 4 13 63 10 6 5 17 4 4 3 1 4 4 0 4 18 23 8 38 154 77 0 
0 1 2 4 1 1 6 2 0 1 1 1 2 0 2 3 1 6 47 92 255 28 6 3 0 8 12 4 1 3 1 19 25 16 9 3 10 16 3 34 25 8 0 1 1 3 147 75 31 4 4 24 13 4 0 3 2 3 1 0 1 0 0 2 5 11 3 20 75 43 0 
0 0 2 4 0 4 4 2 2 1 0 2 5 2 2 3 1 9 50 26 255 117 16 4 0 9 13 5 0 1 3 6 11 14 7 11 12 16 7 47 166 11 4 3 2 5 136 154 20 8 6 29 17 3 3 18 7 0 1 0 0 1 0 2 3 26 2 17 74 67 0 
0 1 0 4 2 6 7 4 1 2 1 1 2 4 1 1 2 14 58 200 126 196 13 6 0 11 12 3 0 1 6 3 5 3 6 5 21 14 3 36 255 2 4 3 2 3 39 94 57 16 0 33 19 2 8 16 7 2 2 0 1 1 1 2 6 2 6 18 100 85 0 
0 1 1 1 1 5 9 6 1 1 1 1 1 2 2 2 2 14 42 255 180 180 3 4 1 8 11 4 0 1 7 10 12 8 5 3 20 8 1 36 91 8 4 6 2 2 30 86 27 4 5 7 8 3 4 10 4 0 4 2 4 4 2 2 5 4 2 10 107 57 0 
0 3 1 5 2 3 10 1 1 1 1 1 2 1 4 1 2 16 102 255 160 112 11 4 1 6 42 10 2 0 9 22 20 9 12 10 30 5 2 13 35 10 9 1 4 0 62 26 37 3 3 15 7 0 16 23 8 2 3 1 2 2 1 1 10 4 5 8 101 121 0 
0 1 2 6 2 1 7 2 2 0 1 2 2 1 0 1 2 18 82 227 92 96 8 2 0 6 12 7 2 1 11 9 3 6 6 13 16 13 1 14 255 5 5 2 1 5 5 38 30 2 4 4 8 4 15 10 2 1 2 0 2 3 1 1 18 8 2 8 106 172 0 
0 1 2 3 3 4 4 1 1 0 1 1 2 2 1 2 2 23 61 160 41 76 3 1 0 7 7 1 1 1 12 16 6 0 4 4 2 11 3 24 241 8 4 3 6 3 15 20 20 2 4 9 3 2 11 11 7 2 3 0 1 1 0 1 31 17 3 8 117 255 0 
0 1 0 4 2 5 5 5 0 1 0 1 2 1 4 3 1 22 22 80 51 57 11 2 0 4 2 0 1 1 12 15 8 3 6 13 20 10 3 27 185 10 0 4 3 5 50 30 25 3 4 2 3 1 15 4 4 3 0 0 1 2 0 1 32 14 3 7 104 255 0 
0 1 2 2 1 5 4 2 2 1 0 1 2 2 2 3 2 22 32 24 50 55 5 1 0 4 2 1 0 1 8 3 2 3 3 11 14 1 1 32 193 8 0 3 1 5 35 8 5 2 4 14 2 2 11 5 2 1 2 0 1 0 0 1 16 3 1 6 79 255 0 
0 2 3 3 1 2 6 2 1 2 1 1 0 3 4 2 2 25 62 21 36 27 0 1 0 3 9 5 0 1 5 3 6 0 5 14 9 16 5 27 49 2 4 1 1 3 44 18 4 5 0 5 1 1 12 8 2 0 1 0 3 1 0 3 7 3 1 5 80 255 0 
0 4 5 4 1 2 2 6 1 2 1 2 3 3 3 0 2 28 98 22 29 21 6 2 1 3 11 4 0 1 5 1 2 3 8 20 13 5 3 27 42 9 6 1 0 3 54 18 13 5 2 10 4 3 16 8 2 3 1 1 1 1 1 2 8 4 2 3 82 255 0 
0 3 4 3 4 6 7 5 1 1 1 2 0 2 2 3 1 29 79 23 25 3 7 3 0 3 9 6 4 3 6 5 8 6 6 16 2 8 8 23 45 12 8 8 1 2 19 29 27 5 2 17 1 3 23 12 8 2 7 3 5 3 1 1 8 6 5 8 90 255 0 
0 12 8 4 1 8 14 7 2 2 2 2 0 1 4 7 3 29 44 24 11 18 11 3 1 3 15 9 4 5 10 8 14 3 5 9 14 10 8 20 58 20 9 4 0 5 45 44 8 2 4 10 2 2 14 10 6 4 4 1 3 2 1 3 3 3 0 7 103 255 0 
0 11 2 5 2 12 9 19 4 0 3 3 7 2 2 6 6 28 32 37 2 13 14 2 3 10 9 4 1 2 2 8 9 2 8 21 8 17 5 33 61 34 15 7 0 4 82 14 9 7 2 18 8 8 14 11 3 4 3 0 3 2 1 2 12 1 3 9 131 255 0 
3 17 40 27 17 42 49 69 16 16 11 6 14 9 15 32 24 21 48 63 52 135 61 7 6 28 6 7 7 8 7 10 13 11 20 52 14 108 48 88 48 26 23 18 12 35 95 33 42 26 36 100 22 10 13 20 48 5 6 2 11 5 2 1 22 12 9 10 192 255 0 
3 31 42 65 18 55 14 90 30 30 8 9 14 15 13 31 30 36 57 42 79 84 47 7 11 37 23 7 14 7 9 39 7 12 22 20 15 138 12 109 166 54 14 14 54 46 209 15 61 100 79 146 26 28 33 56 45 7 23 5 12 1 1 9 14 22 4 19 242 255 0 
4 81 75 41 15 28 27 63 22 19 4 6 18 13 16 42 19 14 51 23 83 35 25 5 9 31 33 4 19 8 25 13 18 5 16 57 14 98 59 102 167 66 31 9 46 45 135 78 60 4 46 139 20 18 26 29 21 10 16 4 23 4 2 7 25 20 2 23 168 255 0 
3 5 34 21 11 16 8 24 14 11 1 2 11 12 14 19 5 24 3 8 45 67 11 6 3 30 28 5 14 4 28 23 11 4 14 25 12 64 12 81 29 27 29 18 8 7 60 66 71 37 41 131 22 13 6 5 1 3 3 4 21 5 1 10 43 18 3 19 191 255 0 
4 39 32 14 4 7 4 2 3 14 3 7 8 5 10 9 6 12 17 8 33 32 9 5 5 20 16 7 20 1 13 27 10 1 14 12 0 39 12 55 103 22 16 13 19 4 63 37 95 31 9 135 6 18 21 17 17 11 2 3 13 6 3 7 30 11 4 12 185 255 0 
3 36 8 24 6 14 3 24 6 30 9 10 22 7 5 5 10 11 11 40 16 21 19 11 15 23 15 22 29 1 40 18 20 6 7 10 9 19 19 71 30 38 36 21 21 13 40 92 202 7 23 114 7 7 45 11 31 14 46 10 6 22 10 12 14 11 13 24 255 161 0 
3 11 14 1 7 2 20 7 6 28 5 7 10 2 6 0 17 4 20 39 17 10 16 14 11 24 28 11 20 5 42 25 20 5 13 20 21 32 12 59 142 47 8 13 30 16 153 72 255 8 18 71 10 25 14 15 22 35 10 9 29 7 3 11 4 12 6 31 220 114 0 
1 3 22 8 7 10 3 19 17 22 9 12 22 9 7 20 5 10 37 42 22 28 39 12 18 30 35 24 16 17 32 15 7 5 22 40 7 19 32 82 135 45 52 39 35 13 42 139 255 25 31 235 40 14 4 12 14 33 66 12 17 6 1 12 17 10 0 48 140 128 0 
5 5 39 16 5 24 37 22 46 42 38 18 17 24 9 18 22 13 4 12 42 26 43 5 40 72 80 11 37 34 42 39 44 5 37 3 28 14 61 111 105 25 75 57 33 37 105 57 207 38 35 253 121 14 38 26 23 58 45 17 21 23 4 15 42 23 10 83 253 255 0 
3 7 18 15 3 5 4 8 8 36 17 5 14 1 2 8 13 10 55 23 13 26 20 7 23 39 14 9 34 7 51 19 7 0 14 21 11 19 27 74 70 10 31 51 31 14 120 154 255 23 20 198 30 18 27 23 17 55 11 18 10 8 3 12 17 5 7 43 41 177 0 
2 3 14 11 2 9 5 8 23 18 6 3 3 6 2 0 4 5 17 21 7 24 15 4 7 12 5 7 16 4 14 2 8 0 6 1 4 5 29 18 51 14 42 36 15 9 37 36 255 6 10 106 42 20 8 4 8 38 10 7 12 4 2 1 3 4 2 27 44 77 0 
3 5 23 22 4 10 14 3 8 43 6 7 7 6 7 6 6 10 18 31 73 9 23 6 20 9 15 19 12 14 25 11 11 0 14 10 9 1 13 0 7 3 33 48 39 22 124 147 255 11 21 11 63 33 8 19 13 6 14 6 11 10 3 4 9 7 1 30 73 71 0 
2 6 22 17 5 14 6 5 52 63 5 3 6 8 13 11 9 6 30 37 19 13 14 9 34 47 17 19 8 31 15 25 11 5 14 19 16 5 16 28 38 48 122 35 17 26 255 127 170 16 27 70 27 67 21 15 22 30 36 3 21 23 5 16 12 6 4 24 50 97 0 
3 3 19 18 7 11 10 21 41 24 3 8 17 3 15 12 8 16 30 27 79 17 3 9 21 38 32 33 8 23 23 30 5 10 10 19 24 11 46 58 10 39 170 120 26 28 255 62 125 12 34 74 89 66 26 1 28 62 56 20 39 35 15 16 27 29 7 16 31 90 0 
1 8 30 32 12 7 4 19 53 66 22 10 29 68 36 7 12 36 117 72 92 21 40 1 26 77 70 27 10 15 73 20 40 4 26 13 33 18 16 41 55 70 211 63 33 25 202 170 199 43 18 155 255 141 2 36 44 34 168 35 69 34 33 51 35 40 20 7 78 126 0 
2 5 20 21 8 12 23 32 81 62 10 5 28 17 2 15 13 25 99 35 49 13 33 15 30 17 9 27 18 85 70 35 11 8 18 24 18 5 94 11 33 42 99 97 8 15 255 70 185 17 28 87 205 95 38 18 36 83 76 17 39 2 2 61 14 27 3 21 33 84 0 
1 3 30 17 7 14 16 19 65 28 25 3 30 6 4 5 25 21 104 42 43 16 30 5 22 14 20 49 2 58 46 28 11 2 18 11 24 4 56 34 123 59 67 117 53 31 255 112 90 10 26 119 210 150 17 20 16 28 59 8 13 7 1 37 13 29 7 30 93 60 0 
7 2 43 18 8 20 19 23 105 22 20 12 67 16 11 11 40 47 189 87 244 146 49 25 30 81 83 44 7 38 37 95 12 6 13 55 40 3 28 164 128 164 194 230 50 41 255 147 108 97 42 202 60 164 80 74 14 82 92 41 89 30 10 30 25 54 9 79 150 116 0 
3 4 38 11 5 9 35 38 96 38 27 1 26 2 3 12 22 18 101 13 155 43 21 17 25 45 11 26 7 40 28 26 12 5 11 21 27 6 72 58 152 26 99 107 40 29 222 255 45 37 18 122 19 98 49 42 19 39 14 17 12 10 4 15 20 34 11 51 52 101 0 
2 5 36 37 8 12 16 51 140 20 32 10 88 25 2 15 27 61 113 46 20 59 64 21 30 65 50 52 15 47 24 100 17 4 18 43 43 19 56 84 255 52 45 102 71 15 182 86 155 16 64 96 93 16 32 28 23 54 19 29 74 11 4 37 45 68 19 63 100 161 0 
5 3 37 21 9 9 8 36 35 12 12 3 60 14 1 14 26 44 9 19 94 36 51 7 26 54 22 46 6 31 24 71 23 7 23 13 50 6 36 64 255 72 85 31 35 27 168 144 63 24 47 40 54 15 16 46 24 19 37 28 66 14 6 10 17 31 1 36 68 81 0 
2 9 37 28 15 26 53 59 26 40 31 9 60 22 1 7 36 36 52 25 104 15 57 13 35 124 27 32 15 15 19 88 22 6 38 61 44 33 35 103 255 105 100 43 6 24 88 32 198 27 62 79 90 34 58 45 20 7 47 49 39 25 13 15 36 54 4 60 18 85 0 
1 4 19 6 2 7 9 11 10 1 6 1 22 5 0 2 3 17 11 14 28 13 19 4 5 24 13 9 3 12 2 21 1 0 9 5 12 5 3 33 255 16 25 20 2 8 62 6 53 8 24 23 22 16 6 10 11 11 3 4 14 2 0 1 13 7 4 13 3 13 0 
3 8 11 11 1 7 10 12 13 13 7 3 11 6 1 2 10 5 7 7 4 10 25 4 10 21 20 8 7 14 4 20 13 1 18 19 12 10 8 41 255 37 3 4 7 2 31 6 70 10 21 17 27 20 13 24 24 10 18 8 31 10 1 14 14 21 5 22 26 26 0 
2 12 19 5 2 5 13 17 17 7 9 2 23 4 1 5 7 25 6 19 12 2 23 3 9 23 18 18 2 5 4 11 4 0 17 3 11 5 11 45 255 45 25 29 4 7 59 30 29 15 15 6 15 11 22 13 9 2 4 12 15 10 3 9 5 16 0 20 1 23 0 
13 133 92 72 27 34 40 60 205 54 44 27 74 48 6 72 37 138 115 232 83 41 204 39 7 129 120 18 15 81 38 92 47 10 101 60 74 142 199 132 225 67 121 14 105 141 255 76 72 125 155 231 88 39 222 99 21 87 42 112 67 62 25 33 42 184 59 137 165 113 0 
6 61 93 40 14 47 34 14 83 8 38 12 49 40 2 14 30 52 73 161 22 12 52 16 3 85 62 47 33 40 27 29 46 2 46 82 37 37 26 208 251 255 98 54 20 56 61 101 94 169 60 47 58 67 30 56 48 28 8 53 23 35 18 38 7 67 24 41 88 58 0 
11 37 106 49 15 53 47 54 53 29 33 24 62 82 5 47 21 52 98 36 114 99 56 33 20 72 48 87 19 91 18 77 23 17 51 17 79 24 94 131 127 71 166 41 85 146 164 55 172 141 255 107 63 55 43 62 79 107 84 14 133 37 13 19 93 116 47 43 140 61 0 
9 22 30 29 7 24 28 13 36 12 13 21 36 38 8 21 34 42 44 95 73 61 89 16 8 52 27 97 26 19 25 14 36 16 48 53 25 35 41 100 128 32 86 46 33 25 255 161 43 20 66 87 50 93 27 62 15 57 50 21 51 25 3 19 7 42 26 28 84 78 0 
8 15 23 18 6 47 58 25 5 15 25 22 52 8 25 19 41 55 68 53 36 48 14 34 12 76 100 93 15 33 25 14 39 23 49 59 8 37 58 203 255 63 67 150 113 21 35 117 226 19 40 47 73 59 147 177 48 46 53 11 93 68 28 56 69 32 93 69 88 218 0 
11 41 39 38 25 56 88 64 26 9 89 65 84 1 6 13 33 58 37 63 76 54 14 28 24 85 124 85 18 22 37 43 127 57 23 177 72 167 163 115 108 206 51 164 93 80 86 66 202 21 83 255 52 44 67 11 39 34 54 41 14 49 18 52 62 42 15 42 52 57 0 
19 49 58 39 39 59 141 68 60 18 39 21 44 16 13 44 74 67 71 43 94 32 64 51 11 73 163 106 50 40 37 38 52 97 111 10 45 219 45 202 255 187 175 35 40 34 210 56 63 59 210 178 52 28 138 47 27 106 27 20 38 34 19 106 29 45 24 61 85 58 0 
16 21 71 57 11 66 117 38 68 16 60 5 84 15 6 68 94 78 77 109 94 64 84 64 35 57 146 82 22 58 60 73 30 47 61 155 52 23 67 181 92 110 112 79 156 106 81 221 101 26 76 228 31 5 255 45 54 65 77 20 126 47 21 29 145 51 49 87 74 119 0 
6 16 24 17 14 27 84 26 10 17 58 8 46 26 3 33 63 32 36 132 57 66 57 16 18 79 34 34 14 48 13 49 23 13 65 96 45 5 39 89 255 72 40 27 74 123 156 56 121 16 162 89 40 49 23 14 6 25 123 29 73 25 7 44 131 39 5 63 52 103 0 
19 10 94 24 11 55 130 52 41 18 50 20 47 13 8 66 60 40 70 92 46 138 77 41 19 54 59 68 29 91 16 61 18 21 124 173 14 18 77 245 255 47 22 21 118 160 143 192 213 14 90 152 58 28 172 15 16 109 93 33 55 40 14 93 129 39 14 115 37 130 0 
8 8 90 69 21 56 142 39 13 14 69 18 72 60 15 35 122 44 82 208 43 112 33 37 14 192 107 106 24 66 30 73 25 37 115 181 79 59 125 97 246 187 71 43 83 119 255 44 144 49 16 224 184 38 190 73 51 57 87 17 85 11 23 33 101 50 18 111 73 68 0 
15 6 16 39 13 17 66 52 21 26 51 18 44 43 5 95 93 90 99 111 55 154 63 38 15 55 137 22 37 87 28 97 55 40 42 108 21 27 110 94 120 127 80 37 81 36 129 116 152 36 199 255 39 28 45 30 44 125 149 15 75 19 6 72 76 99 41 58 41 48 0 
10 37 74 56 13 44 68 35 20 44 29 9 97 82 4 61 80 73 62 108 69 60 33 85 11 87 119 69 34 100 32 129 38 35 16 58 38 88 148 54 230 181 224 63 119 112 190 111 104 50 52 215 95 7 186 76 67 64 255 19 96 99 10 76 97 25 53 34 87 30 0 
2 17 17 45 12 49 126 85 49 77 29 17 45 19 15 8 14 51 29 112 84 53 31 36 8 43 49 47 19 36 17 31 54 23 30 75 29 53 77 30 48 107 34 98 92 39 86 104 124 108 115 255 57 39 82 15 26 48 72 23 40 43 13 32 33 6 6 37 49 65 0 
4 17 16 38 6 46 148 158 171 48 27 10 25 64 5 15 26 18 40 97 52 22 86 9 7 53 28 53 4 14 17 41 81 17 29 61 10 49 46 12 112 19 178 45 98 138 184 161 232 255 68 254 35 34 136 94 83 46 79 28 28 64 21 14 56 4 55 28 33 38 0 
4 49 50 56 12 16 68 40 45 30 29 33 42 64 4 33 36 32 38 57 72 50 71 9 10 41 70 23 16 28 15 46 49 46 34 71 30 24 21 67 124 130 106 48 90 50 168 93 255 47 161 113 47 6 49 68 35 55 42 45 52 64 19 25 27 40 50 37 48 54 0 
5 9 92 37 18 39 43 23 42 11 35 31 28 28 4 39 65 4 48 7 69 32 11 41 4 41 26 46 16 76 3 41 8 48 22 81 52 34 29 96 82 128 35 21 38 66 230 255 154 66 144 91 25 10 59 28 11 21 83 36 34 30 16 50 69 28 16 31 94 41 0 
1 13 2 14 21 14 17 11 15 4 15 16 21 12 2 6 16 16 21 44 22 16 14 21 1 26 21 30 12 7 11 30 17 28 17 15 6 21 31 54 33 12 29 21 38 11 88 122 255 42 68 82 19 15 67 39 6 17 20 4 16 4 5 19 20 13 14 18 19 25 0 
0 17 26 7 16 8 18 4 8 3 3 8 15 8 2 3 13 10 18 18 16 13 11 18 2 25 28 15 5 11 11 20 11 14 8 6 16 9 18 49 64 4 22 20 22 30 42 148 255 17 65 112 17 15 35 20 11 7 3 5 9 6 1 7 6 9 9 13 3 8 0 
1 15 18 8 5 8 11 11 7 4 10 5 14 2 0 5 9 8 11 4 10 12 16 7 3 3 22 11 4 12 9 17 18 6 3 14 8 6 9 21 22 27 23 13 15 8 88 124 255 13 51 48 3 15 14 13 4 9 20 10 14 4 3 2 10 5 6 6 20 6 0 
1 24 40 18 1 3 38 21 10 7 17 7 16 10 1 14 24 15 6 52 25 26 33 23 9 38 44 25 14 16 40 38 62 23 23 20 50 20 44 19 65 69 53 19 47 5 144 252 255 14 61 65 14 35 78 43 27 22 19 23 23 15 14 12 23 3 13 26 6 18 0 
3 30 31 47 29 39 7 10 6 1 15 9 10 15 2 38 65 12 26 77 83 44 80 50 31 9 85 85 55 44 93 105 147 109 41 52 79 85 69 52 21 22 110 101 32 28 156 141 255 15 16 95 18 22 144 83 79 35 74 42 63 51 37 34 62 17 23 40 26 19 0 
5 25 55 69 34 32 27 9 16 2 15 4 16 7 2 19 81 22 77 12 101 43 62 34 46 56 85 31 83 48 150 28 225 71 144 60 155 50 130 62 123 13 106 88 73 48 225 255 162 16 44 23 8 16 135 60 107 47 73 30 67 28 37 4 63 10 61 7 38 26 0 
8 16 56 9 15 10 7 19 9 3 14 1 17 21 1 24 7 31 3 48 15 22 32 2 2 18 21 22 7 37 26 52 1 42 31 87 28 56 68 55 64 14 12 41 114 120 171 255 122 17 20 47 10 23 36 51 21 10 29 24 33 17 0 22 12 20 12 27 7 21 0 
4 13 41 22 27 18 7 23 4 3 7 3 25 12 1 12 3 31 25 20 7 12 12 7 1 5 15 10 3 24 19 53 6 32 25 61 19 39 33 73 110 37 17 13 48 57 224 255 77 11 34 109 7 19 33 17 3 34 18 22 8 22 3 3 18 35 9 13 2 3 0 
7 16 73 81 29 26 38 54 105 10 16 11 81 139 5 16 4 61 89 78 68 37 14 57 7 26 62 25 53 10 12 26 97 11 37 63 91 152 24 122 60 92 118 20 40 43 56 80 121 61 36 255 225 75 62 91 101 52 95 7 91 154 2 20 12 76 90 13 27 29 0 
3 1 14 73 19 10 13 44 25 1 5 1 48 42 2 13 11 58 8 41 35 21 99 35 3 6 14 77 22 6 7 66 42 6 22 18 19 37 48 43 53 57 36 10 12 12 155 128 93 42 36 255 140 49 7 45 11 30 15 3 40 53 3 6 12 57 9 6 5 8 0 
1 9 21 55 32 10 29 83 87 0 13 3 59 66 2 22 12 56 57 51 29 30 24 11 5 29 14 31 36 19 15 66 90 7 34 17 82 72 63 102 255 108 80 6 29 9 33 54 137 19 10 90 71 34 39 107 74 42 50 11 89 75 1 9 15 48 53 7 6 8 0 
4 3 50 120 26 7 43 75 27 1 17 3 124 13 3 30 21 88 9 90 38 30 180 35 0 30 10 112 18 27 5 93 36 2 28 7 106 2 79 63 255 129 52 7 30 32 242 90 79 4 64 201 51 16 30 94 32 52 31 5 118 8 2 13 23 89 9 10 31 15 0 
5 5 53 61 25 5 20 83 62 1 12 4 174 95 2 21 26 148 106 48 58 28 139 92 0 52 24 65 22 19 6 148 89 2 36 67 128 69 133 7 252 237 170 13 25 10 255 43 74 19 44 66 63 9 13 92 78 75 22 5 167 92 5 14 21 142 94 24 19 12 0 
3 1 27 119 8 5 7 90 128 2 23 4 61 122 6 27 22 65 93 92 12 19 113 48 0 37 45 103 10 32 8 121 161 10 19 16 74 145 60 75 146 70 255 30 19 6 150 123 40 3 16 134 12 36 55 95 136 58 49 9 85 135 6 14 5 74 108 25 34 15 0 
2 7 24 172 7 10 55 79 67 2 15 1 159 116 10 16 17 114 51 133 5 28 245 65 3 27 45 162 12 27 11 141 104 15 34 88 132 79 155 154 167 255 172 37 30 43 252 41 73 23 3 248 49 48 17 95 48 99 19 10 142 93 13 28 22 118 51 36 25 44 0 
