21 21 1 0
21 12 3 0
21 16 3 0
21 2 4 0
21 8 4 0
21 47 5 0
21 44 10 0
21 8 13 0
21 39 13 0
21 63 14 0
21 0 15 0
21 1 15 0
21 3 15 0
21 7 15 0
21 19 15 0
21 33 15 0
21 37 18 0
21 65 18 0
21 45 20 0
21 26 21 0
21 31 21 0
21 23 23 0
21 38 23 0
21 58 30 0
21 12 2 1
21 16 2 1
21 2 3 1
21 8 3 1
21 47 4 1
21 44 9 1
21 8 12 1
21 39 12 1
21 63 13 1
21 0 14 1
21 1 14 1
21 3 14 1
21 7 14 1
21 19 14 1
21 33 14 1
21 37 17 1
21 65 17 1
21 45 19 1
21 26 20 1
21 31 20 1
21 23 22 1
21 38 22 1
21 58 29 1
297 299 1 1
297 298 2 1
297 328 6 1
297 302 7 1
297 252 9 1
297 257 9 1
297 296 20 1
297 301 21 1
297 256 22 1
297 329 23 1
297 272 24 1
297 255 27 1
297 286 28 1
614 583 2 1
614 629 4 1
614 565 19 1
614 607 20 1
614 630 24 1
614 639 25 1
614 598 26 1
614 651 40 1
229 252 8 2
229 257 8 2
229 200 11 2
229 217 12 2
229 245 13 2
229 215 17 2
229 232 19 2
229 256 21 2
229 272 23 2
229 235 25 2
229 255 26 2
229 190 28 2
299 298 1 2
299 328 5 2
299 302 6 2
299 252 8 2
299 257 8 2
299 296 19 2
299 301 20 2
299 256 21 2
299 329 22 2
299 272 23 2
299 255 26 2
299 286 27 2
694 704 5 2
694 666 7 2
694 695 20 2
694 694 21 2
694 719 28 2
694 651 39 2
12 2 1 3
12 8 1 3
12 47 2 3
12 44 7 3
12 8 10 3
12 39 10 3
12 0 12 3
12 1 12 3
12 3 12 3
12 7 12 3
12 19 12 3
12 33 12 3
12 37 15 3
12 45 17 3
12 26 18 3
12 31 18 3
12 23 20 3
12 38 20 3
12 58 27 3
16 2 1 3
16 8 1 3
16 47 2 3
16 44 7 3
16 8 10 3
16 39 10 3
16 63 11 3
16 0 12 3
16 1 12 3
16 3 12 3
16 7 12 3
16 19 12 3
16 33 12 3
16 37 15 3
16 65 15 3
16 45 17 3
16 26 18 3
16 31 18 3
16 23 20 3
16 38 20 3
16 58 27 3
109 132 1 3
109 134 2 3
109 146 4 3
109 145 5 3
109 77 7 3
109 78 10 3
109 63 11 3
109 88 12 3
109 127 13 3
109 130 14 3
109 65 15 3
109 142 15 3
109 76 16 3
109 121 17 3
109 136 17 3
109 124 18 3
109 135 20 3
109 133 21 3
109 134 22 3
109 95 24 3
109 101 25 3
109 128 25 3
109 141 26 3
137 132 1 3
137 134 2 3
137 146 4 3
137 145 5 3
137 88 12 3
137 127 13 3
137 130 14 3
137 142 15 3
137 121 17 3
137 136 17 3
137 124 18 3
137 135 20 3
137 133 21 3
137 134 22 3
137 95 24 3
137 101 25 3
137 128 25 3
137 141 26 3
298 328 4 3
298 302 5 3
298 252 7 3
298 257 7 3
298 296 18 3
298 301 19 3
298 256 20 3
298 329 21 3
298 272 22 3
298 255 25 3
298 286 26 3
583 629 2 3
583 534 10 3
583 541 11 3
583 543 12 3
583 537 15 3
583 546 16 3
583 565 17 3
583 607 18 3
583 630 22 3
583 598 24 3
583 551 25 3
583 553 26 3
2 47 1 4
2 44 6 4
2 8 9 4
2 39 9 4
2 0 11 4
2 1 11 4
2 3 11 4
2 7 11 4
2 19 11 4
2 33 11 4
2 37 14 4
2 45 16 4
2 26 17 4
2 31 17 4
2 23 19 4
2 38 19 4
8 47 1 4
8 44 6 4
8 8 9 4
8 39 9 4
8 0 11 4
8 1 11 4
8 3 11 4
8 7 11 4
8 19 11 4
8 33 11 4
8 37 14 4
8 45 16 4
8 26 17 4
8 31 17 4
8 23 19 4
8 38 19 4
132 134 1 4
132 146 3 4
132 145 4 4
132 88 11 4
132 127 12 4
132 130 13 4
132 142 14 4
132 121 16 4
132 136 16 4
132 124 17 4
132 135 19 4
132 133 20 4
132 134 21 4
132 95 23 4
132 101 24 4
132 128 24 4
132 141 25 4
764 762 2 4
764 719 26 4
47 44 5 5
47 77 5 5
47 8 8 5
47 39 8 5
47 78 8 5
47 63 9 5
47 0 10 5
47 1 10 5
47 3 10 5
47 7 10 5
47 19 10 5
47 33 10 5
47 88 10 5
47 37 13 5
47 65 13 5
47 76 14 5
47 45 15 5
47 26 16 5
47 31 16 5
47 23 18 5
47 38 18 5
47 95 22 5
47 58 25 5
134 146 2 5
134 145 3 5
134 88 10 5
134 127 11 5
134 130 12 5
134 142 13 5
134 121 15 5
134 136 15 5
134 124 16 5
134 135 18 5
134 133 19 5
134 134 20 5
134 95 22 5
134 101 23 5
134 128 23 5
134 141 24 5
629 666 4 5
629 607 16 5
629 630 20 5
629 639 21 5
629 598 22 5
629 651 36 5
438 440 3 6
438 394 13 6
438 427 14 6
438 436 20 6
762 719 24 6
146 145 1 7
146 127 9 7
146 130 10 7
146 142 11 7
146 121 13 7
146 136 13 7
146 124 14 7
146 135 16 7
146 133 17 7
146 134 18 7
146 101 21 7
146 128 21 7
146 141 22 7
146 190 23 7
328 302 1 7
328 376 6 7
328 358 8 7
328 296 14 7
328 301 15 7
328 329 17 7
328 286 22 7
704 666 2 7
704 695 15 7
704 694 16 7
704 719 23 7
145 127 8 8
145 130 9 8
145 142 10 8
145 121 12 8
145 136 12 8
145 124 13 8
145 135 15 8
145 133 16 8
145 134 17 8
145 95 19 8
145 101 20 8
145 128 20 8
145 141 21 8
145 190 22 8
302 252 2 8
302 257 2 8
302 296 13 8
302 301 14 8
302 256 15 8
302 329 16 8
302 272 17 8
302 255 20 8
302 286 21 8
511 520 2 8
511 534 5 8
511 541 6 8
511 543 7 8
511 516 9 8
511 537 10 8
511 546 11 8
511 551 20 8
511 553 21 8
440 394 10 9
440 427 11 9
440 436 17 9
666 695 13 9
666 694 14 9
666 630 16 9
666 639 17 9
666 651 32 9
44 8 3 10
44 39 3 10
44 78 3 10
44 63 4 10
44 0 5 10
44 1 5 10
44 3 5 10
44 7 5 10
44 19 5 10
44 33 5 10
44 88 5 10
44 37 8 10
44 65 8 10
44 76 9 10
44 45 10 10
44 26 11 10
44 31 11 10
44 23 13 10
44 38 13 10
44 58 20 10
77 39 3 10
77 78 3 10
77 63 4 10
77 33 5 10
77 88 5 10
77 37 8 10
77 65 8 10
77 76 9 10
77 45 10 10
77 121 10 10
77 31 11 10
77 124 11 10
77 38 13 10
77 95 17 10
77 101 18 10
77 58 20 10
252 217 4 10
252 245 5 10
252 215 9 10
252 232 11 10
252 296 11 10
252 301 12 10
252 256 13 10
252 272 15 10
252 235 17 10
252 255 18 10
252 286 19 10
257 217 4 10
257 245 5 10
257 215 9 10
257 232 11 10
257 296 11 10
257 301 12 10
257 256 13 10
257 272 15 10
257 235 17 10
257 255 18 10
257 286 19 10
520 534 3 10
520 541 4 10
520 543 5 10
520 516 7 10
520 537 8 10
520 546 9 10
520 565 10 10
520 551 18 10
520 553 19 10
8 0 2 13
8 1 2 13
8 3 2 13
8 7 2 13
8 19 2 13
8 33 2 13
8 37 5 13
8 45 7 13
8 26 8 13
8 31 8 13
8 23 10 13
8 38 10 13
39 63 1 13
39 0 2 13
39 1 2 13
39 3 2 13
39 7 2 13
39 19 2 13
39 33 2 13
39 88 2 13
39 37 5 13
39 65 5 13
39 76 6 13
39 45 7 13
39 26 8 13
39 31 8 13
39 23 10 13
39 38 10 13
39 58 17 13
78 63 1 13
78 33 2 13
78 88 2 13
78 127 3 13
78 37 5 13
78 65 5 13
78 76 6 13
78 45 7 13
78 121 7 13
78 31 8 13
78 124 8 13
78 38 10 13
78 95 14 13
78 101 15 13
78 58 17 13
200 217 1 13
200 245 2 13
200 215 6 13
200 232 8 13
200 235 14 13
200 190 17 13
376 358 2 13
376 381 5 13
376 394 6 13
376 329 11 13
534 541 1 13
534 543 2 13
534 516 4 13
534 537 5 13
534 546 6 13
534 565 7 13
534 551 15 13
534 553 16 13
63 19 1 14
63 33 1 14
63 88 1 14
63 37 4 14
63 65 4 14
63 76 5 14
63 45 6 14
63 26 7 14
63 31 7 14
63 23 9 14
63 38 9 14
63 95 13 14
63 101 14 14
63 58 16 14
217 245 1 14
217 215 5 14
217 232 7 14
217 256 9 14
217 235 13 14
217 255 14 14
217 190 16 14
541 543 1 14
541 516 3 14
541 537 4 14
541 546 5 14
541 565 6 14
541 551 14 14
541 553 15 14
0 37 3 15
0 45 5 15
0 26 6 15
0 31 6 15
0 23 8 15
0 38 8 15
1 37 3 15
1 45 5 15
1 26 6 15
1 31 6 15
1 23 8 15
1 38 8 15
3 37 3 15
3 45 5 15
3 26 6 15
3 31 6 15
3 23 8 15
3 38 8 15
7 37 3 15
7 45 5 15
7 26 6 15
7 31 6 15
7 23 8 15
7 38 8 15
19 37 3 15
19 65 3 15
19 45 5 15
19 26 6 15
19 31 6 15
19 23 8 15
19 38 8 15
19 58 15 15
33 37 3 15
33 65 3 15
33 76 4 15
33 45 5 15
33 26 6 15
33 31 6 15
33 23 8 15
33 38 8 15
33 58 15 15
88 127 1 15
88 130 2 15
88 65 3 15
88 76 4 15
88 45 5 15
88 121 5 15
88 136 5 15
88 124 6 15
88 38 8 15
88 135 8 15
88 133 9 15
88 134 10 15
88 95 12 15
88 101 13 15
88 128 13 15
88 58 15 15
245 215 4 15
245 232 6 15
245 256 8 15
245 272 10 15
245 235 12 15
245 255 13 15
245 286 14 15
358 381 3 15
358 394 4 15
358 329 9 15
543 516 2 15
543 537 3 15
543 546 4 15
543 565 5 15
543 551 13 15
543 553 14 15
127 130 1 16
127 142 2 16
127 121 4 16
127 136 4 16
127 124 5 16
127 135 7 16
127 133 8 16
127 134 9 16
127 95 11 16
127 101 12 16
127 128 12 16
127 141 13 16
130 142 1 17
130 121 3 17
130 136 3 17
130 124 4 17
130 135 6 17
130 133 7 17
130 134 8 17
130 95 10 17
130 101 11 17
130 128 11 17
130 141 12 17
516 537 1 17
516 546 2 17
516 565 3 17
516 551 11 17
516 553 12 17
37 76 1 18
37 45 2 18
37 26 3 18
37 31 3 18
37 23 5 18
37 38 5 18
37 58 12 18
65 76 1 18
65 45 2 18
65 26 3 18
65 31 3 18
65 23 5 18
65 38 5 18
65 95 9 18
65 101 10 18
65 58 12 18
142 121 2 18
142 136 2 18
142 124 3 18
142 135 5 18
142 133 6 18
142 134 7 18
142 95 9 18
142 101 10 18
142 128 10 18
142 141 11 18
142 190 12 18
381 394 1 18
381 427 2 18
537 546 1 18
537 565 2 18
537 551 10 18
537 553 11 18
76 45 1 19
76 121 1 19
76 26 2 19
76 31 2 19
76 124 2 19
76 38 4 19
76 95 8 19
76 101 9 19
76 58 11 19
215 232 2 19
215 256 4 19
215 235 8 19
215 255 9 19
215 190 11 19
394 427 1 19
394 436 7 19
546 565 1 19
546 551 9 19
546 553 10 19
45 26 1 20
45 31 1 20
45 23 3 20
45 38 3 20
45 58 10 20
121 124 1 20
121 135 3 20
121 133 4 20
121 134 5 20
121 95 7 20
121 101 8 20
121 128 8 20
121 141 9 20
136 124 1 20
136 135 3 20
136 133 4 20
136 134 5 20
136 95 7 20
136 101 8 20
136 128 8 20
136 141 9 20
427 436 6 20
565 607 1 20
565 598 7 20
565 551 8 20
565 553 9 20
26 23 2 21
26 38 2 21
26 58 9 21
31 23 2 21
31 38 2 21
31 58 9 21
124 135 2 21
124 133 3 21
124 134 4 21
124 95 6 21
124 101 7 21
124 128 7 21
124 141 8 21
232 256 2 21
232 272 4 21
232 235 6 21
232 255 7 21
232 190 9 21
296 301 1 21
296 256 2 21
296 329 3 21
296 272 4 21
296 255 7 21
296 286 8 21
607 630 4 21
607 639 5 21
607 598 6 21
607 651 20 21
301 256 1 22
301 329 2 22
301 272 3 22
301 255 6 22
301 286 7 22
695 694 1 22
695 719 8 22
695 651 19 22
23 58 7 23
38 58 7 23
135 133 1 23
135 134 2 23
135 95 4 23
135 101 5 23
135 128 5 23
135 141 6 23
256 272 2 23
256 235 4 23
256 255 5 23
256 286 6 23
694 719 7 23
694 651 18 23
133 134 1 24
133 95 3 24
133 101 4 24
133 128 4 24
133 141 5 24
329 286 5 24
134 95 2 25
134 101 3 25
134 128 3 25
134 141 4 25
272 235 2 25
272 255 3 25
272 286 4 25
630 639 1 25
630 598 2 25
630 651 16 25
639 598 1 26
639 651 15 26
95 101 1 27
95 128 1 27
95 141 2 27
95 58 3 27
235 255 1 27
235 190 3 27
598 551 1 27
598 553 2 27
101 141 1 28
101 58 2 28
128 141 1 28
255 286 1 28
551 553 1 28
141 190 1 29
