100 58 1 1
100 99 1 1
100 115 3 1
100 56 5 1
100 58 6 1
100 94 6 1
100 57 8 1
100 94 8 1
100 106 13 1
100 140 13 1
100 116 14 1
100 115 15 1
100 115 16 1
100 128 16 1
100 141 21 1
158 115 3 1
158 140 13 1
158 116 14 1
158 115 15 1
158 115 16 1
158 128 16 1
158 158 20 1
158 141 21 1
158 173 26 1
158 176 27 1
258 250 2 1
258 268 2 1
258 212 3 1
258 259 3 1
258 212 8 1
258 267 8 1
258 268 9 1
258 284 10 1
258 233 11 1
258 211 17 1
258 269 21 1
258 251 22 1
258 292 22 1
258 231 25 1
258 232 28 1
555 545 1 1
555 601 2 1
555 554 4 1
555 570 6 1
555 576 8 1
555 586 11 1
555 527 13 1
555 557 14 1
555 534 16 1
555 580 17 1
555 568 21 1
17 56 4 2
17 58 5 2
17 57 7 2
17 12 12 2
17 49 12 2
17 10 16 2
17 49 16 2
17 46 21 2
58 56 4 2
58 58 5 2
58 94 5 2
58 57 7 2
58 94 7 2
58 12 12 2
58 49 12 2
58 106 12 2
58 10 16 2
58 49 16 2
58 46 21 2
99 115 2 2
99 56 4 2
99 58 5 2
99 94 5 2
99 57 7 2
99 94 7 2
99 49 12 2
99 106 12 2
99 140 12 2
99 116 13 2
99 115 14 2
99 115 15 2
99 128 15 2
99 49 16 2
99 141 20 2
465 469 14 2
465 420 15 2
465 476 25 2
545 554 3 2
545 570 5 2
545 576 7 2
545 586 10 2
545 527 12 2
545 557 13 2
545 534 15 2
545 580 16 2
545 568 20 2
250 212 1 3
250 259 1 3
250 212 6 3
250 267 6 3
250 268 7 3
250 284 8 3
250 233 9 3
250 211 15 3
250 269 19 3
250 251 20 3
250 292 20 3
250 231 23 3
250 232 26 3
268 259 1 3
268 267 6 3
268 268 7 3
268 284 8 3
268 233 9 3
268 269 19 3
268 251 20 3
268 292 20 3
268 231 23 3
268 232 26 3
601 554 2 3
601 570 4 3
601 648 5 3
601 576 6 3
601 619 7 3
601 586 9 3
601 618 10 3
601 557 12 3
601 580 15 3
601 568 19 3
601 614 20 3
601 605 22 3
601 630 23 3
601 606 24 3
601 631 25 3
601 639 27 3
115 94 3 4
115 94 5 4
115 106 10 4
115 140 10 4
115 116 11 4
115 115 12 4
115 115 13 4
115 128 13 4
115 158 17 4
115 141 18 4
212 212 5 4
212 233 8 4
212 211 14 4
212 251 19 4
212 231 22 4
212 173 23 4
212 176 24 4
212 232 25 4
259 212 5 4
259 267 5 4
259 268 6 4
259 284 7 4
259 233 8 4
259 211 14 4
259 269 18 4
259 251 19 4
259 292 19 4
259 231 22 4
259 232 25 4
714 676 2 4
714 709 7 4
714 703 12 4
714 680 15 4
714 697 17 4
714 683 25 4
399 370 2 5
399 404 9 5
399 413 10 5
399 420 12 5
399 363 13 5
399 359 20 5
554 570 2 5
554 576 4 5
554 586 7 5
554 527 9 5
554 557 10 5
554 534 12 5
554 580 13 5
554 568 17 5
56 58 1 6
56 94 1 6
56 57 3 6
56 94 3 6
56 12 8 6
56 49 8 6
56 10 12 6
56 49 12 6
56 46 17 6
676 648 2 6
676 709 5 6
676 703 10 6
676 680 13 6
676 697 15 6
676 630 20 6
676 631 22 6
676 683 23 6
676 639 24 6
58 57 2 7
58 94 2 7
58 12 7 7
58 49 7 7
58 106 7 7
58 10 11 7
58 49 11 7
58 46 16 7
94 57 2 7
94 94 2 7
94 49 7 7
94 106 7 7
94 140 7 7
94 116 8 7
94 115 9 7
94 115 10 7
94 128 10 7
94 49 11 7
94 141 15 7
94 46 16 7
370 404 7 7
370 413 8 7
370 363 11 7
370 323 12 7
370 359 18 7
370 343 19 7
370 334 21 7
370 345 22 7
570 576 2 7
570 619 3 7
570 586 5 7
570 618 6 7
570 527 7 7
570 557 8 7
570 534 10 7
570 580 11 7
570 568 15 7
570 614 16 7
570 605 18 7
570 606 20 7
648 619 2 8
648 618 5 8
648 680 11 8
648 697 13 8
648 614 15 8
648 605 17 8
648 630 18 8
648 606 19 8
648 631 20 8
648 683 21 8
648 639 22 8
57 12 5 9
57 49 5 9
57 106 5 9
57 10 9 9
57 49 9 9
57 46 14 9
94 49 5 9
94 106 5 9
94 140 5 9
94 116 6 9
94 115 7 9
94 115 8 9
94 128 8 9
94 49 9 9
94 141 13 9
94 46 14 9
212 233 3 9
212 211 9 9
212 251 14 9
212 231 17 9
212 173 18 9
212 176 19 9
212 232 20 9
267 268 1 9
267 284 2 9
267 233 3 9
267 269 13 9
267 251 14 9
267 292 14 9
267 231 17 9
267 232 20 9
576 619 1 9
576 586 3 9
576 618 4 9
576 527 5 9
576 557 6 9
576 534 8 9
576 580 9 9
576 568 13 9
576 614 14 9
576 605 16 9
576 606 18 9
268 284 1 10
268 233 2 10
268 269 12 10
268 251 13 10
268 292 13 10
268 231 16 10
268 232 19 10
619 586 2 10
619 618 3 10
619 580 8 10
619 614 13 10
619 605 15 10
619 630 16 10
619 606 17 10
619 631 18 10
619 639 20 10
284 323 8 11
284 269 11 11
284 251 12 11
284 292 12 11
709 703 5 11
709 680 8 11
709 697 10 11
709 683 18 11
233 211 6 12
233 269 10 12
233 251 11 12
233 231 14 12
233 232 17 12
586 618 1 12
586 557 3 12
586 580 6 12
586 568 10 12
586 614 11 12
586 605 13 12
586 630 14 12
586 606 15 12
586 631 16 12
618 580 5 13
618 568 9 13
618 614 10 13
618 605 12 13
618 630 13 13
618 606 14 13
618 631 15 13
618 639 17 13
12 10 4 14
12 49 4 14
12 46 9 14
49 10 4 14
49 49 4 14
49 46 9 14
106 116 1 14
106 115 2 14
106 115 3 14
106 128 3 14
106 141 8 14
140 116 1 14
140 115 2 14
140 115 3 14
140 128 3 14
140 158 7 14
140 141 8 14
140 173 13 14
140 176 14 14
404 413 1 14
404 420 3 14
404 363 4 14
404 359 11 14
527 557 1 14
527 534 3 14
527 568 8 14
116 115 1 15
116 115 2 15
116 128 2 15
116 158 6 15
116 141 7 15
413 420 2 15
413 363 3 15
557 534 2 15
557 580 3 15
557 568 7 15
557 605 10 15
557 606 12 15
115 115 1 16
115 128 1 16
115 158 5 16
115 141 6 16
469 420 1 16
469 476 11 16
703 680 3 16
703 697 5 16
703 683 13 16
115 158 4 17
115 141 5 17
128 158 4 17
128 141 5 17
128 173 10 17
128 176 11 17
534 580 1 17
534 568 5 17
10 46 5 18
49 46 5 18
211 251 5 18
211 231 8 18
211 173 9 18
211 176 10 18
211 232 11 18
363 323 1 18
363 359 7 18
363 343 8 18
363 334 10 18
363 345 11 18
580 568 4 18
580 614 5 18
580 605 7 18
580 606 9 18
323 292 4 19
323 359 6 19
323 343 7 19
323 334 9 19
323 345 10 19
680 697 2 19
680 630 7 19
680 631 9 19
680 683 10 19
680 639 11 19
158 141 1 21
158 173 6 21
158 176 7 21
697 683 8 21
141 173 5 22
141 176 6 22
269 251 1 22
269 292 1 22
269 231 4 22
269 232 7 22
568 614 1 22
568 605 3 22
568 606 5 22
251 231 3 23
251 232 6 23
292 334 5 23
614 605 2 23
614 630 3 23
614 606 4 23
614 631 5 23
614 639 7 23
359 343 1 25
359 334 3 25
359 345 4 25
605 630 1 25
605 606 2 25
605 631 3 25
605 639 5 25
231 232 3 26
343 334 2 26
343 345 3 26
630 606 1 26
630 631 2 26
630 639 4 26
173 176 1 27
606 631 1 27
606 639 3 27
334 345 1 28
631 639 2 28
683 639 1 29
