26 16 2 1
26 14 3 1
26 20 3 1
26 1 4 1
26 9 4 1
26 43 10 1
26 77 10 1
26 54 11 1
26 8 14 1
26 38 14 1
26 63 15 1
26 0 16 1
26 3 16 1
26 7 16 1
26 20 16 1
26 32 16 1
26 13 17 1
26 9 19 1
26 31 19 1
26 74 19 1
26 63 20 1
26 78 21 1
26 26 23 1
26 36 23 1
26 23 25 1
26 37 25 1
26 13 31 1
26 14 32 1
26 58 33 1
471 461 3 1
471 426 4 1
471 434 6 1
471 511 8 1
471 499 9 1
471 452 10 1
471 451 11 1
471 520 11 1
471 490 19 1
471 514 19 1
471 426 22 1
471 486 23 1
471 435 29 1
471 519 34 1
614 583 2 1
614 614 3 1
614 640 4 1
614 639 7 1
614 650 10 1
614 556 17 1
614 629 28 1
614 635 29 1
614 599 35 1
614 658 45 1
614 651 46 1
138 109 1 2
138 136 1 2
138 119 2 2
138 127 2 2
138 144 3 2
138 146 6 2
138 108 7 2
138 145 7 2
138 87 15 2
138 107 16 2
138 128 16 2
138 135 18 2
138 78 20 2
138 122 21 2
138 136 21 2
138 138 23 2
138 130 24 2
138 134 25 2
138 131 26 2
138 148 27 2
138 121 28 2
138 95 29 2
138 101 30 2
138 129 30 2
138 106 31 2
138 143 31 2
138 188 33 2
138 149 34 2
299 328 6 2
299 257 7 2
299 248 9 2
299 241 15 2
299 296 23 2
299 295 24 2
299 297 25 2
299 272 26 2
299 291 27 2
299 240 29 2
299 271 29 2
299 255 30 2
299 287 31 2
299 288 32 2
299 348 33 2
694 640 3 2
694 639 6 2
694 677 8 2
694 650 9 2
694 686 14 2
694 734 17 2
694 698 20 2
694 738 22 2
694 694 23 2
694 694 24 2
694 734 25 2
694 635 28 2
694 701 29 2
694 719 32 2
694 658 44 2
694 651 45 2
16 14 1 3
16 20 1 3
16 1 2 3
16 9 2 3
16 43 8 3
16 54 9 3
16 8 12 3
16 38 12 3
16 63 13 3
16 0 14 3
16 3 14 3
16 7 14 3
16 20 14 3
16 32 14 3
16 13 15 3
16 9 17 3
16 31 17 3
16 74 17 3
16 63 18 3
16 26 21 3
16 36 21 3
16 23 23 3
16 37 23 3
16 13 29 3
16 14 30 3
16 58 31 3
109 119 1 3
109 127 1 3
109 144 2 3
109 146 5 3
109 108 6 3
109 145 6 3
109 77 8 3
109 54 9 3
109 63 13 3
109 87 14 3
109 107 15 3
109 128 15 3
109 74 17 3
109 135 17 3
109 63 18 3
109 78 19 3
109 122 20 3
109 136 20 3
109 138 22 3
109 130 23 3
109 134 24 3
109 131 25 3
109 148 26 3
109 121 27 3
109 95 28 3
109 101 29 3
109 129 29 3
109 106 30 3
109 143 30 3
109 58 31 3
109 149 33 3
136 119 1 3
136 127 1 3
136 144 2 3
136 146 5 3
136 108 6 3
136 145 6 3
136 77 8 3
136 87 14 3
136 107 15 3
136 128 15 3
136 135 17 3
136 78 19 3
136 122 20 3
136 136 20 3
136 138 22 3
136 130 23 3
136 134 24 3
136 131 25 3
136 148 26 3
136 121 27 3
136 95 28 3
136 101 29 3
136 129 29 3
136 106 30 3
136 143 30 3
136 188 32 3
136 149 33 3
379 426 2 3
379 363 3 3
379 434 4 3
379 328 5 3
379 365 11 3
379 375 12 3
379 393 14 3
379 381 18 3
379 397 19 3
379 426 20 3
379 435 27 3
379 348 32 3
583 614 1 3
583 640 2 3
583 536 3 3
583 639 5 3
583 536 11 3
583 534 12 3
583 544 14 3
583 556 15 3
583 535 18 3
583 629 26 3
583 635 27 3
583 551 29 3
583 553 30 3
583 599 33 3
14 1 1 4
14 9 1 4
14 43 7 4
14 54 8 4
14 8 11 4
14 38 11 4
14 63 12 4
14 0 13 4
14 3 13 4
14 7 13 4
14 20 13 4
14 32 13 4
14 13 14 4
14 9 16 4
14 31 16 4
14 63 17 4
14 26 20 4
14 36 20 4
14 23 22 4
14 37 22 4
14 13 28 4
14 14 29 4
14 58 30 4
20 1 1 4
20 9 1 4
20 43 7 4
20 77 7 4
20 54 8 4
20 8 11 4
20 38 11 4
20 63 12 4
20 0 13 4
20 3 13 4
20 7 13 4
20 20 13 4
20 32 13 4
20 13 14 4
20 9 16 4
20 31 16 4
20 74 16 4
20 63 17 4
20 78 18 4
20 26 20 4
20 36 20 4
20 23 22 4
20 37 22 4
20 13 28 4
20 14 29 4
20 58 30 4
119 144 1 4
119 146 4 4
119 108 5 4
119 145 5 4
119 77 7 4
119 63 12 4
119 87 13 4
119 107 14 4
119 128 14 4
119 74 16 4
119 135 16 4
119 63 17 4
119 78 18 4
119 122 19 4
119 136 19 4
119 138 21 4
119 130 22 4
119 134 23 4
119 131 24 4
119 148 25 4
119 121 26 4
119 95 27 4
119 101 28 4
119 129 28 4
119 106 29 4
119 143 29 4
119 149 32 4
127 144 1 4
127 146 4 4
127 108 5 4
127 145 5 4
127 77 7 4
127 87 13 4
127 107 14 4
127 128 14 4
127 74 16 4
127 135 16 4
127 78 18 4
127 122 19 4
127 136 19 4
127 138 21 4
127 130 22 4
127 134 23 4
127 131 24 4
127 148 25 4
127 121 26 4
127 95 27 4
127 101 28 4
127 129 28 4
127 106 29 4
127 143 29 4
127 149 32 4
461 426 1 4
461 434 3 4
461 511 5 4
461 499 6 4
461 452 7 4
461 451 8 4
461 520 8 4
461 490 16 4
461 514 16 4
461 426 19 4
461 486 20 4
461 435 26 4
461 519 31 4
614 640 1 4
614 639 4 4
614 650 7 4
614 556 14 4
614 629 25 4
614 635 26 4
614 599 32 4
614 658 42 4
614 651 43 4
1 43 6 5
1 54 7 5
1 8 10 5
1 38 10 5
1 0 12 5
1 3 12 5
1 7 12 5
1 20 12 5
1 32 12 5
1 13 13 5
1 9 15 5
1 31 15 5
1 26 19 5
1 36 19 5
1 23 21 5
1 37 21 5
1 13 27 5
1 14 28 5
1 58 29 5
9 43 6 5
9 54 7 5
9 8 10 5
9 38 10 5
9 63 11 5
9 0 12 5
9 3 12 5
9 7 12 5
9 20 12 5
9 32 12 5
9 13 13 5
9 9 15 5
9 31 15 5
9 63 16 5
9 26 19 5
9 36 19 5
9 23 21 5
9 37 21 5
9 13 27 5
9 14 28 5
9 58 29 5
144 146 3 5
144 108 4 5
144 145 4 5
144 200 10 5
144 87 12 5
144 107 13 5
144 128 13 5
144 135 15 5
144 122 18 5
144 136 18 5
144 138 20 5
144 130 21 5
144 134 22 5
144 131 23 5
144 148 24 5
144 121 25 5
144 95 26 5
144 101 27 5
144 129 27 5
144 106 28 5
144 143 28 5
144 188 30 5
144 149 31 5
426 434 2 5
426 452 6 5
426 451 7 5
426 375 10 5
426 393 12 5
426 381 16 5
426 397 17 5
426 426 18 5
426 435 25 5
640 639 3 5
640 677 5 5
640 650 6 5
640 686 11 5
640 698 17 5
640 694 20 5
640 694 21 5
640 629 24 5
640 635 25 5
640 599 31 5
640 658 41 5
640 651 42 5
363 328 2 6
363 365 8 6
363 375 9 6
363 393 11 6
363 381 15 6
363 397 16 6
363 348 29 6
536 511 3 6
536 499 4 6
536 520 6 6
536 536 8 6
536 534 9 6
536 544 11 6
536 556 12 6
536 490 14 6
536 514 14 6
536 535 15 6
536 486 18 6
536 551 26 6
536 553 27 6
536 519 29 6
434 452 4 7
434 451 5 7
434 375 8 7
434 393 10 7
434 490 13 7
434 381 14 7
434 397 15 7
434 426 16 7
434 486 17 7
434 435 23 7
761 734 12 7
761 767 16 7
761 738 17 7
761 734 20 7
761 701 24 7
761 719 27 7
146 108 1 8
146 145 1 8
146 200 7 8
146 87 9 8
146 107 10 8
146 128 10 8
146 135 12 8
146 122 15 8
146 136 15 8
146 138 17 8
146 130 18 8
146 134 19 8
146 131 20 8
146 148 21 8
146 121 22 8
146 95 23 8
146 101 24 8
146 129 24 8
146 106 25 8
146 143 25 8
146 188 27 8
146 149 28 8
328 365 6 8
328 375 7 8
328 381 13 8
328 296 17 8
328 295 18 8
328 297 19 8
328 272 20 8
328 291 21 8
328 271 23 8
328 287 25 8
328 288 26 8
328 348 27 8
639 677 2 8
639 650 3 8
639 686 8 8
639 698 14 8
639 694 17 8
639 694 18 8
639 629 21 8
639 635 22 8
639 599 28 8
639 658 38 8
639 651 39 8
108 77 2 9
108 54 3 9
108 63 7 9
108 87 8 9
108 107 9 9
108 128 9 9
108 74 11 9
108 135 11 9
108 63 12 9
108 78 13 9
108 122 14 9
108 136 14 9
108 138 16 9
108 130 17 9
108 134 18 9
108 131 19 9
108 148 20 9
108 121 21 9
108 95 22 9
108 101 23 9
108 129 23 9
108 106 24 9
108 143 24 9
108 58 25 9
108 149 27 9
145 200 6 9
145 87 8 9
145 107 9 9
145 128 9 9
145 135 11 9
145 122 14 9
145 136 14 9
145 138 16 9
145 130 17 9
145 134 18 9
145 131 19 9
145 148 20 9
145 121 21 9
145 95 22 9
145 101 23 9
145 129 23 9
145 106 24 9
145 143 24 9
145 188 26 9
145 149 27 9
257 248 2 9
257 221 5 9
257 200 6 9
257 216 7 9
257 241 8 9
257 217 12 9
257 237 13 9
257 296 16 9
257 295 17 9
257 297 18 9
257 272 19 9
257 291 20 9
257 240 22 9
257 271 22 9
257 255 23 9
257 287 24 9
257 288 25 9
511 499 1 9
511 452 2 9
511 451 3 9
511 520 3 9
511 536 5 9
511 534 6 9
511 544 8 9
511 556 9 9
511 490 11 9
511 514 11 9
511 535 12 9
511 486 15 9
511 551 23 9
511 553 24 9
511 519 26 9
499 452 1 10
499 451 2 10
499 520 2 10
499 536 4 10
499 534 5 10
499 544 7 10
499 556 8 10
499 490 10 10
499 514 10 10
499 535 11 10
499 486 14 10
499 551 22 10
499 553 23 10
499 519 25 10
677 650 1 10
677 686 6 10
677 734 9 10
677 698 12 10
677 694 15 10
677 694 16 10
677 734 17 10
677 629 19 10
677 635 20 10
677 701 21 10
677 719 24 10
677 658 36 10
677 651 37 10
43 54 1 11
43 8 4 11
43 38 4 11
43 63 5 11
43 0 6 11
43 3 6 11
43 7 6 11
43 20 6 11
43 32 6 11
43 87 6 11
43 13 7 11
43 9 9 11
43 31 9 11
43 74 9 11
43 63 10 11
43 78 11 11
43 26 13 11
43 36 13 11
43 23 15 11
43 37 15 11
43 95 20 11
43 13 21 11
43 101 21 11
43 14 22 11
43 58 23 11
77 54 1 11
77 38 4 11
77 63 5 11
77 20 6 11
77 32 6 11
77 87 6 11
77 107 7 11
77 128 7 11
77 31 9 11
77 74 9 11
77 135 9 11
77 63 10 11
77 78 11 11
77 122 12 11
77 136 12 11
77 26 13 11
77 36 13 11
77 23 15 11
77 37 15 11
77 130 15 11
77 134 16 11
77 131 17 11
77 121 19 11
77 95 20 11
77 101 21 11
77 129 21 11
77 106 22 11
77 58 23 11
248 221 3 11
248 200 4 11
248 216 5 11
248 241 6 11
248 217 10 11
248 237 11 11
248 296 14 11
248 295 15 11
248 297 16 11
248 272 17 11
248 291 18 11
248 240 20 11
248 271 20 11
248 255 21 11
248 287 22 11
248 288 23 11
248 188 24 11
452 451 1 11
452 393 6 11
452 490 9 11
452 397 11 11
452 426 12 11
452 486 13 11
452 435 19 11
650 686 5 11
650 698 11 11
650 694 14 11
650 694 15 11
650 629 18 11
650 635 19 11
650 701 20 11
650 599 25 11
650 658 35 11
650 651 36 11
54 8 3 12
54 38 3 12
54 63 4 12
54 0 5 12
54 3 5 12
54 7 5 12
54 20 5 12
54 32 5 12
54 87 5 12
54 13 6 12
54 107 6 12
54 9 8 12
54 31 8 12
54 74 8 12
54 63 9 12
54 78 10 12
54 26 12 12
54 36 12 12
54 23 14 12
54 37 14 12
54 95 19 12
54 13 20 12
54 101 20 12
54 14 21 12
54 106 21 12
54 58 22 12
451 393 5 12
451 490 8 12
451 397 10 12
451 426 11 12
451 486 12 12
451 435 18 12
520 536 2 12
520 534 3 12
520 544 5 12
520 556 6 12
520 490 8 12
520 514 8 12
520 535 9 12
520 486 12 12
520 551 20 12
520 553 21 12
520 519 23 12
221 200 1 14
221 216 2 14
221 241 3 14
221 217 7 14
221 237 8 14
221 272 14 14
221 240 17 14
221 271 17 14
221 255 18 14
221 188 21 14
365 375 1 14
365 393 3 14
365 381 7 14
365 397 8 14
365 348 21 14
536 534 1 14
536 544 3 14
536 556 4 14
536 490 6 14
536 514 6 14
536 535 7 14
536 486 10 14
536 551 18 14
536 553 19 14
536 519 21 14
8 63 1 15
8 0 2 15
8 3 2 15
8 7 2 15
8 20 2 15
8 32 2 15
8 13 3 15
8 9 5 15
8 31 5 15
8 63 6 15
8 26 9 15
8 36 9 15
8 23 11 15
8 37 11 15
8 13 17 15
8 14 18 15
8 58 19 15
38 63 1 15
38 0 2 15
38 3 2 15
38 7 2 15
38 20 2 15
38 32 2 15
38 87 2 15
38 13 3 15
38 9 5 15
38 31 5 15
38 74 5 15
38 63 6 15
38 78 7 15
38 26 9 15
38 36 9 15
38 23 11 15
38 37 11 15
38 95 16 15
38 13 17 15
38 14 18 15
38 58 19 15
200 216 1 15
200 241 2 15
200 217 6 15
200 237 7 15
200 148 14 15
200 240 16 15
200 255 17 15
200 143 18 15
200 188 20 15
200 149 21 15
375 393 2 15
375 381 6 15
375 397 7 15
375 426 8 15
375 348 20 15
534 544 2 15
534 556 3 15
534 490 5 15
534 514 5 15
534 535 6 15
534 486 9 15
534 551 17 15
534 553 18 15
534 519 20 15
63 3 1 16
63 7 1 16
63 20 1 16
63 32 1 16
63 87 1 16
63 13 2 16
63 107 2 16
63 9 4 16
63 31 4 16
63 74 4 16
63 63 5 16
63 78 6 16
63 122 7 16
63 26 8 16
63 36 8 16
63 23 10 16
63 37 10 16
63 121 14 16
63 95 15 16
63 13 16 16
63 101 16 16
63 14 17 16
63 106 17 16
63 58 18 16
216 241 1 16
216 217 5 16
216 237 6 16
216 272 12 16
216 240 15 16
216 271 15 16
216 255 16 16
216 188 19 16
686 734 3 16
686 698 6 16
686 738 8 16
686 694 9 16
686 694 10 16
686 734 11 16
686 629 13 16
686 635 14 16
686 701 15 16
686 719 18 16
686 658 30 16
686 651 31 16
0 13 1 17
0 9 3 17
0 31 3 17
0 26 7 17
0 36 7 17
0 23 9 17
0 37 9 17
0 13 15 17
0 14 16 17
0 58 17 17
3 13 1 17
3 9 3 17
3 31 3 17
3 26 7 17
3 36 7 17
3 23 9 17
3 37 9 17
3 13 15 17
3 14 16 17
3 58 17 17
7 13 1 17
7 9 3 17
7 31 3 17
7 63 4 17
7 26 7 17
7 36 7 17
7 23 9 17
7 37 9 17
7 13 15 17
7 14 16 17
7 58 17 17
20 13 1 17
20 9 3 17
20 31 3 17
20 74 3 17
20 63 4 17
20 78 5 17
20 26 7 17
20 36 7 17
20 23 9 17
20 37 9 17
20 13 15 17
20 14 16 17
20 58 17 17
32 13 1 17
32 9 3 17
32 31 3 17
32 74 3 17
32 63 4 17
32 78 5 17
32 26 7 17
32 36 7 17
32 23 9 17
32 37 9 17
32 13 15 17
32 14 16 17
32 58 17 17
87 107 1 17
87 128 1 17
87 31 3 17
87 74 3 17
87 135 3 17
87 63 4 17
87 78 5 17
87 122 6 17
87 136 6 17
87 36 7 17
87 138 8 17
87 37 9 17
87 130 9 17
87 134 10 17
87 131 11 17
87 121 13 17
87 95 14 17
87 101 15 17
87 129 15 17
87 106 16 17
87 143 16 17
87 58 17 17
241 217 4 17
241 237 5 17
241 296 8 17
241 295 9 17
241 297 10 17
241 272 11 17
241 291 12 17
241 240 14 17
241 271 14 17
241 255 15 17
241 287 16 17
241 288 17 17
241 188 18 17
393 381 4 17
393 397 5 17
393 426 6 17
393 435 13 17
393 348 18 17
544 556 1 17
544 490 3 17
544 514 3 17
544 535 4 17
544 486 7 17
544 551 15 17
544 553 16 17
544 519 18 17
544 599 19 17
13 9 2 18
13 31 2 18
13 63 3 18
13 26 6 18
13 36 6 18
13 23 8 18
13 37 8 18
13 13 14 18
13 14 15 18
13 58 16 18
107 74 2 18
107 135 2 18
107 63 3 18
107 78 4 18
107 122 5 18
107 136 5 18
107 138 7 18
107 130 8 18
107 134 9 18
107 131 10 18
107 148 11 18
107 121 12 18
107 95 13 18
107 101 14 18
107 129 14 18
107 106 15 18
107 143 15 18
107 58 16 18
107 149 18 18
128 74 2 18
128 135 2 18
128 78 4 18
128 122 5 18
128 136 5 18
128 138 7 18
128 130 8 18
128 134 9 18
128 131 10 18
128 148 11 18
128 121 12 18
128 95 13 18
128 101 14 18
128 129 14 18
128 106 15 18
128 143 15 18
128 149 18 18
556 514 2 18
556 535 3 18
556 551 14 18
556 553 15 18
556 519 17 18
556 599 18 18
734 698 3 19
734 767 4 19
734 738 5 19
734 694 6 19
734 694 7 19
734 734 8 19
734 701 12 19
734 719 15 19
9 63 1 20
9 26 4 20
9 36 4 20
9 23 6 20
9 37 6 20
9 13 12 20
9 14 13 20
9 58 14 20
31 63 1 20
31 78 2 20
31 26 4 20
31 36 4 20
31 23 6 20
31 37 6 20
31 13 12 20
31 14 13 20
31 58 14 20
74 63 1 20
74 78 2 20
74 122 3 20
74 26 4 20
74 36 4 20
74 23 6 20
74 37 6 20
74 130 6 20
74 131 8 20
74 121 10 20
74 95 11 20
74 101 12 20
74 129 12 20
74 14 13 20
74 106 13 20
74 58 14 20
135 78 2 20
135 122 3 20
135 136 3 20
135 138 5 20
135 130 6 20
135 134 7 20
135 131 8 20
135 148 9 20
135 121 10 20
135 95 11 20
135 101 12 20
135 129 12 20
135 106 13 20
135 143 13 20
135 188 15 20
135 149 16 20
490 535 1 20
490 486 4 20
490 435 10 20
490 519 15 20
514 535 1 20
514 486 4 20
514 551 12 20
514 553 13 20
514 519 15 20
63 78 1 21
63 122 2 21
63 26 3 21
63 36 3 21
63 23 5 21
63 37 5 21
63 121 9 21
63 95 10 21
63 13 11 21
63 101 11 21
63 14 12 21
63 106 12 21
63 58 13 21
217 237 1 21
217 272 7 21
217 240 10 21
217 271 10 21
217 255 11 21
217 188 14 21
381 397 1 21
381 426 2 21
381 435 9 21
381 348 14 21
535 486 3 21
535 551 11 21
535 553 12 21
535 519 14 21
78 122 1 22
78 136 1 22
78 26 2 22
78 36 2 22
78 23 4 22
78 37 4 22
78 130 4 22
78 134 5 22
78 131 6 22
78 121 8 22
78 95 9 22
78 101 10 22
78 129 10 22
78 106 11 22
78 58 12 22
237 296 3 22
237 295 4 22
237 272 6 22
237 291 7 22
237 240 9 22
237 271 9 22
237 255 10 22
237 287 11 22
237 288 12 22
237 188 13 22
397 426 1 22
397 435 8 22
397 348 13 22
698 738 2 22
698 694 3 22
698 694 4 22
698 734 5 22
698 701 9 22
698 719 12 22
698 658 24 22
698 651 25 22
122 138 2 23
122 130 3 23
122 134 4 23
122 131 5 23
122 148 6 23
122 121 7 23
122 95 8 23
122 101 9 23
122 129 9 23
122 106 10 23
122 143 10 23
122 149 13 23
136 138 2 23
136 130 3 23
136 134 4 23
136 131 5 23
136 148 6 23
136 121 7 23
136 95 8 23
136 101 9 23
136 129 9 23
136 106 10 23
136 143 10 23
136 188 12 23
136 149 13 23
426 435 7 23
767 738 1 23
767 734 4 23
767 719 11 23
26 23 2 24
26 37 2 24
26 13 8 24
26 14 9 24
26 58 10 24
36 23 2 24
36 37 2 24
36 95 7 24
36 13 8 24
36 14 9 24
36 58 10 24
486 435 6 24
486 519 11 24
738 694 1 24
738 694 2 24
738 734 3 24
738 701 7 24
738 719 10 24
138 130 1 25
138 134 2 25
138 131 3 25
138 148 4 25
138 121 5 25
138 95 6 25
138 101 7 25
138 129 7 25
138 106 8 25
138 143 8 25
138 188 10 25
138 149 11 25
296 295 1 25
296 297 2 25
296 272 3 25
296 291 4 25
296 240 6 25
296 271 6 25
296 255 7 25
296 287 8 25
296 288 9 25
296 348 10 25
694 694 1 25
694 734 2 25
694 635 5 25
694 701 6 25
694 719 9 25
694 658 21 25
694 651 22 25
23 13 6 26
23 14 7 26
23 58 8 26
37 95 5 26
37 13 6 26
37 14 7 26
37 58 8 26
130 134 1 26
130 131 2 26
130 148 3 26
130 121 4 26
130 95 5 26
130 101 6 26
130 129 6 26
130 106 7 26
130 143 7 26
130 188 9 26
130 149 10 26
295 297 1 26
295 272 2 26
295 291 3 26
295 240 5 26
295 271 5 26
295 255 6 26
295 287 7 26
295 288 8 26
295 348 9 26
694 734 1 26
694 635 4 26
694 701 5 26
694 719 8 26
694 658 20 26
694 651 21 26
134 131 1 27
134 148 2 27
134 121 3 27
134 95 4 27
134 101 5 27
134 129 5 27
134 106 6 27
134 143 6 27
134 188 8 27
134 149 9 27
297 272 1 27
297 291 2 27
297 240 4 27
297 271 4 27
297 255 5 27
297 287 6 27
297 288 7 27
297 348 8 27
734 701 4 27
734 719 7 27
131 148 1 28
131 121 2 28
131 95 3 28
131 101 4 28
131 129 4 28
131 106 5 28
131 143 5 28
131 188 7 28
131 149 8 28
272 291 1 28
272 240 3 28
272 271 3 28
272 255 4 28
272 287 5 28
272 288 6 28
148 121 1 29
148 95 2 29
148 101 3 29
148 129 3 29
148 106 4 29
148 143 4 29
148 188 6 29
148 149 7 29
291 240 2 29
291 271 2 29
291 255 3 29
291 287 4 29
291 288 5 29
291 348 6 29
629 635 1 29
629 599 7 29
629 658 17 29
629 651 18 29
121 95 1 30
121 101 2 30
121 129 2 30
121 106 3 30
121 143 3 30
121 149 6 30
635 599 6 30
635 658 16 30
635 651 17 30
95 101 1 31
95 129 1 31
95 106 2 31
95 143 2 31
95 58 3 31
95 149 5 31
240 255 1 31
240 287 2 31
240 288 3 31
240 188 4 31
271 255 1 31
271 287 2 31
271 288 3 31
701 719 3 31
701 658 15 31
701 651 16 31
13 14 1 32
13 58 2 32
101 106 1 32
101 143 1 32
101 58 2 32
101 149 4 32
129 106 1 32
129 143 1 32
129 188 3 32
129 149 4 32
255 287 1 32
255 288 2 32
551 553 1 32
551 519 3 32
551 599 4 32
14 58 1 33
106 58 1 33
106 149 3 33
143 188 2 33
143 149 3 33
287 288 1 33
553 519 2 33
553 599 3 33
188 149 1 35
599 658 10 36
599 651 11 36
658 651 1 46
