422 423 14 2
422 440 17 2
422 408 18 2
422 403 19 2
422 432 29 2
534 535 14 2
534 520 24 2
534 538 25 2
220 232 14 3
220 239 18 3
220 233 26 3
449 443 14 3
449 440 16 3
449 432 28 3
449 429 29 3
516 535 13 3
516 509 22 3
516 520 23 3
422 423 12 4
422 440 15 4
422 408 16 4
422 403 17 4
422 432 27 4
422 429 28 4
422 432 29 4
537 535 12 4
537 555 17 4
537 520 22 4
537 538 23 4
537 536 28 4
142 147 27 5
373 357 17 5
373 368 22 5
373 373 23 5
533 535 11 5
533 520 21 5
533 538 22 5
533 536 27 5
533 545 29 5
30 23 20 6
30 19 29 6
63 78 15 6
764 748 11 6
764 766 23 6
28 23 19 7
28 9 24 7
28 19 28 7
31 23 19 7
31 19 28 7
63 78 14 7
252 232 10 7
252 239 14 7
252 233 22 7
252 270 22 7
252 269 23 7
255 239 14 7
255 270 22 7
255 269 23 7
636 632 11 7
636 629 12 7
92 78 13 8
92 81 29 8
274 270 21 8
274 269 22 8
274 281 29 8
75 78 12 9
75 81 28 9
134 147 23 9
134 147 27 9
89 78 11 10
89 81 27 10
273 270 19 10
273 269 20 10
273 281 27 10
273 289 28 10
273 255 29 10
661 677 13 10
661 667 14 10
661 677 15 10
14 1 11 11
14 4 11 11
14 1 14 11
14 3 14 11
14 4 15 11
14 23 15 11
14 0 16 11
14 2 20 11
14 3 20 11
14 9 20 11
14 0 21 11
14 6 21 11
14 7 21 11
14 5 24 11
14 19 24 11
14 0 26 11
14 1 26 11
14 4 26 11
16 1 11 11
16 4 11 11
16 1 14 11
16 3 14 11
16 4 15 11
16 23 15 11
16 0 16 11
16 2 20 11
16 3 20 11
16 9 20 11
16 0 21 11
16 6 21 11
16 7 21 11
16 5 24 11
16 19 24 11
16 0 26 11
16 1 26 11
16 4 26 11
184 185 11 11
184 184 12 11
184 189 15 11
184 185 24 11
184 165 26 11
331 322 12 11
331 337 15 11
686 689 11 11
686 677 12 11
686 667 13 11
686 677 14 11
686 669 29 11
10 1 10 12
10 4 10 12
10 1 13 12
10 3 13 12
10 4 14 12
10 23 14 12
10 0 15 12
10 2 19 12
10 3 19 12
10 9 19 12
10 0 20 12
10 6 20 12
10 7 20 12
10 5 23 12
10 19 23 12
10 0 25 12
10 1 25 12
10 4 25 12
753 766 17 12
753 762 24 12
753 758 29 12
314 322 10 13
314 295 11 13
671 677 10 13
671 667 11 13
671 677 12 13
671 669 27 13
113 129 29 14
665 667 10 14
665 677 11 14
665 669 26 14
734 728 13 15
734 717 24 15
423 432 15 16
423 429 16 16
423 432 17 16
535 520 10 16
535 538 11 16
535 536 16 16
535 545 18 16
535 543 19 16
535 528 21 16
535 546 27 16
535 540 28 16
232 233 12 17
232 244 22 17
443 432 14 17
443 429 15 17
443 432 16 17
748 728 11 17
748 766 12 17
748 762 19 17
748 758 24 17
748 758 25 17
632 630 20 18
440 432 12 19
440 429 13 19
440 432 14 19
629 630 19 19
558 571 11 20
558 570 13 20
558 545 14 20
558 543 15 20
558 546 23 20
558 540 24 20
78 81 16 21
78 85 19 21
78 82 22 21
78 94 23 21
78 95 24 21
239 244 18 21
239 255 18 21
555 571 10 21
555 536 11 21
555 570 12 21
555 545 13 21
555 543 14 21
555 546 22 21
555 540 23 21
1 0 10 22
1 6 10 22
1 7 10 22
1 5 13 22
1 19 13 22
1 0 15 22
1 1 15 22
1 4 15 22
1 20 22 22
1 19 23 22
1 20 24 22
1 15 27 22
1 17 29 22
4 0 10 22
4 6 10 22
4 7 10 22
4 5 13 22
4 19 13 22
4 0 15 22
4 1 15 22
4 4 15 22
4 20 22 22
4 19 23 22
4 20 24 22
4 15 27 22
4 17 29 22
185 185 13 22
185 165 15 22
185 190 19 22
185 188 22 22
357 371 21 22
357 352 22 22
357 346 23 22
357 358 24 22
357 363 25 22
357 348 26 22
357 356 27 22
357 352 28 22
357 350 29 22
689 669 18 22
689 670 23 22
184 185 12 23
184 165 14 23
184 190 18 23
184 188 21 23
677 669 17 23
677 670 22 23
677 666 23 23
677 667 24 23
295 281 13 24
295 289 14 24
667 669 16 24
667 670 21 24
667 666 22 24
667 667 23 24
667 657 29 24
1 5 10 25
1 19 10 25
1 0 12 25
1 1 12 25
1 4 12 25
1 20 19 25
1 19 20 25
1 20 21 25
1 15 24 25
1 17 26 25
3 5 10 25
3 19 10 25
3 0 12 25
3 1 12 25
3 4 12 25
3 20 19 25
3 19 20 25
3 20 21 25
3 15 24 25
3 17 26 25
509 528 12 25
509 519 25 25
509 518 26 25
677 669 15 25
677 670 20 25
677 666 21 25
677 667 22 25
677 657 28 25
4 0 11 26
4 1 11 26
4 4 11 26
4 20 18 26
4 19 19 26
4 20 20 26
4 15 23 26
4 17 25 26
23 4 11 26
23 20 18 26
23 32 18 26
23 19 19 26
23 20 20 26
23 15 23 26
23 17 25 26
23 39 29 26
189 190 15 26
189 188 18 26
189 191 27 26
337 352 18 26
337 346 19 26
337 348 22 26
337 356 23 26
337 352 24 26
337 350 25 26
520 528 11 26
520 519 24 26
520 518 25 26
0 0 10 27
0 1 10 27
0 4 10 27
0 19 18 27
0 15 22 27
0 17 24 27
368 371 16 27
368 352 17 27
368 358 19 27
368 363 20 27
368 348 21 27
368 356 22 27
368 352 23 27
368 350 24 27
368 387 26 27
538 528 10 27
538 546 16 27
538 540 17 27
538 519 23 27
538 518 24 27
373 371 15 28
373 358 18 28
373 363 19 28
373 356 21 28
373 387 25 28
728 717 11 28
728 741 27 28
233 244 10 29
233 226 23 29
233 247 26 29
233 245 27 29
270 255 10 29
270 258 23 29
270 266 25 29
270 268 26 29
766 758 12 29
766 758 13 29
269 258 22 30
269 266 24 30
269 268 25 30
2 20 13 31
2 19 14 31
2 20 15 31
2 15 18 31
2 17 20 31
2 0 26 31
2 3 28 31
3 20 13 31
3 19 14 31
3 20 15 31
3 15 18 31
3 17 20 31
3 0 26 31
3 3 28 31
9 20 13 31
9 19 14 31
9 20 15 31
9 15 18 31
9 17 20 31
9 0 26 31
9 3 28 31
432 444 25 31
571 582 21 31
0 19 13 32
0 15 17 32
0 17 19 32
0 0 25 32
0 3 27 32
6 20 12 32
6 19 13 32
6 20 14 32
6 15 17 32
6 17 19 32
6 0 25 32
6 3 27 32
7 20 12 32
7 19 13 32
7 20 14 32
7 15 17 32
7 17 19 32
7 0 25 32
7 3 27 32
147 129 11 32
147 137 13 32
147 133 14 32
147 144 18 32
147 137 19 32
147 147 27 32
429 444 24 32
536 546 11 32
536 540 12 32
536 519 18 32
536 518 19 32
432 444 23 33
570 582 19 33
570 557 29 33
545 540 10 34
545 557 28 34
5 19 10 35
5 20 11 35
5 15 14 35
5 17 16 35
5 0 22 35
5 3 24 35
5 1 27 35
19 19 10 35
19 20 11 35
19 15 14 35
19 17 16 35
19 0 22 35
19 3 24 35
19 1 27 35
185 191 18 35
185 200 29 35
379 363 12 35
379 387 18 35
379 368 27 35
543 557 27 35
147 133 10 36
147 144 14 36
147 137 15 36
147 147 23 36
147 137 29 36
762 766 27 36
762 759 29 36
0 15 12 37
0 17 14 37
0 0 20 37
0 3 22 37
0 1 25 37
1 15 12 37
1 17 14 37
1 0 20 37
1 3 22 37
1 1 25 37
4 15 12 37
4 17 14 37
4 0 20 37
4 3 22 37
4 1 25 37
81 99 14 37
81 72 16 37
81 79 18 37
81 83 20 37
81 93 29 37
165 147 22 37
281 266 17 37
281 268 18 37
528 519 13 37
528 518 14 37
528 511 20 37
528 514 21 37
289 308 27 38
244 226 13 39
244 258 13 39
244 247 16 39
244 245 17 39
255 258 13 39
255 266 15 39
255 247 16 39
255 268 16 39
255 245 17 39
85 99 11 40
85 103 12 40
85 72 13 40
85 79 15 40
85 83 17 40
85 102 18 40
85 93 26 40
85 95 27 40
162 144 10 40
162 147 19 40
669 657 13 40
669 672 19 40
669 660 20 40
669 663 21 40
669 658 24 40
190 191 12 41
190 200 23 41
758 741 14 41
758 766 22 41
758 759 24 41
758 753 25 41
758 761 27 41
758 766 28 41
758 741 13 42
758 766 21 42
758 759 23 42
758 753 24 42
758 761 26 42
758 766 27 42
82 72 10 43
82 79 12 43
82 83 14 43
82 93 23 43
82 95 24 43
82 68 28 43
82 96 29 43
129 114 11 43
129 147 16 43
129 113 22 43
129 137 22 43
129 148 29 43
371 387 10 43
371 368 19 43
371 365 25 43
546 557 19 43
20 39 11 44
20 39 12 44
20 0 13 44
20 3 15 44
20 1 18 44
20 30 26 44
20 33 27 44
20 37 28 44
32 39 11 44
32 39 12 44
32 30 26 44
32 33 27 44
32 37 28 44
94 79 11 44
94 83 13 44
94 102 14 44
94 108 15 44
94 113 21 44
94 93 22 44
94 95 23 44
94 96 28 44
188 200 20 44
352 368 18 44
352 365 24 44
540 557 18 44
540 523 29 44
19 0 12 45
19 3 14 45
19 1 17 45
19 30 25 45
19 33 26 45
19 37 27 45
95 79 10 45
95 83 12 45
95 102 13 45
95 108 14 45
95 113 20 45
95 93 21 45
95 95 22 45
95 96 27 45
137 147 14 45
137 137 20 45
137 148 27 45
137 133 28 45
346 365 23 45
670 672 14 45
670 660 15 45
670 663 16 45
670 658 19 45
20 39 10 46
20 0 11 46
20 3 13 46
20 1 16 46
20 30 24 46
20 33 25 46
20 37 26 46
107 102 12 46
107 108 13 46
107 113 19 46
107 93 20 46
107 95 21 46
107 96 26 46
133 147 13 46
133 113 19 46
133 137 19 46
133 148 26 46
133 133 27 46
358 368 16 46
358 365 22 46
358 376 29 46
666 672 13 46
666 660 14 46
666 663 15 46
666 658 18 46
103 83 10 47
103 102 11 47
103 108 12 47
103 113 18 47
103 93 19 47
103 95 20 47
103 96 25 47
363 368 15 47
363 365 21 47
363 376 28 47
667 672 12 47
667 660 13 47
667 663 14 47
667 658 17 47
101 102 10 48
101 108 11 48
101 113 17 48
101 93 18 48
101 95 19 48
101 96 24 48
348 365 20 48
15 3 10 49
15 1 13 49
15 30 21 49
15 33 22 49
101 108 10 49
101 113 16 49
101 93 17 49
101 95 18 49
101 96 23 49
356 368 13 49
356 365 19 49
356 364 29 49
603 620 22 49
603 599 27 49
144 137 15 50
144 148 22 50
144 133 23 50
144 124 27 50
144 137 28 50
352 368 12 50
352 365 18 50
352 364 28 50
352 365 29 50
519 513 22 50
519 523 23 50
519 529 24 50
519 523 29 50
17 1 11 51
17 30 19 51
17 33 20 51
17 7 29 51
99 113 14 51
99 93 15 51
99 95 16 51
99 96 21 51
99 81 28 51
137 137 14 51
137 148 21 51
137 133 22 51
137 124 26 51
137 137 27 51
350 368 11 51
350 365 17 51
350 364 27 51
350 365 28 51
350 358 29 51
518 513 21 51
518 523 22 51
518 529 23 51
518 523 28 51
518 524 29 51
103 113 13 52
103 93 14 52
103 95 15 52
103 96 20 52
226 241 23 52
226 223 25 52
258 241 23 52
258 256 24 52
258 273 25 52
582 569 15 52
582 599 24 52
582 565 26 52
72 68 18 53
72 67 23 53
72 81 26 53
191 200 11 53
387 376 22 53
657 658 11 53
114 113 11 54
114 95 13 54
114 96 18 54
114 133 19 54
114 124 23 54
266 256 22 54
266 273 23 54
39 30 15 55
39 33 16 55
39 37 17 55
39 30 26 55
39 36 26 55
39 30 27 55
39 31 28 55
39 36 29 55
79 93 11 55
79 95 12 55
79 68 16 55
79 96 17 55
79 67 21 55
79 81 24 55
247 241 20 55
247 256 21 55
268 256 21 55
268 273 22 55
741 759 10 55
741 753 11 55
39 30 14 56
39 33 15 56
39 37 16 56
39 30 25 56
39 36 25 56
39 30 26 56
39 31 27 56
39 36 28 56
39 37 29 56
245 241 19 56
245 256 20 56
245 243 29 56
444 435 17 56
598 599 20 56
0 7 23 57
0 3 24 57
0 8 24 57
83 95 10 57
83 68 14 57
83 96 15 57
83 67 19 57
83 81 22 57
83 77 28 57
470 468 10 57
470 473 15 57
470 479 27 57
511 513 15 57
511 523 16 57
511 529 17 57
511 523 22 57
511 524 23 57
511 516 24 57
102 96 14 58
102 103 26 58
477 473 14 58
477 479 26 58
514 513 14 58
514 523 15 58
514 529 16 58
514 523 21 58
514 524 22 58
514 516 23 58
514 533 27 58
3 7 21 59
3 3 22 59
3 8 22 59
108 96 13 59
108 124 18 59
108 103 25 59
147 148 13 59
147 133 14 59
147 137 19 59
147 144 23 59
147 147 24 59
498 513 13 59
498 516 22 59
498 479 25 59
672 664 25 59
660 664 24 60
480 473 11 61
480 479 23 61
663 664 23 61
1 7 18 62
1 3 19 62
1 8 19 62
368 376 13 62
368 364 16 62
368 365 17 62
368 358 18 62
368 371 21 62
368 361 23 62
557 540 13 62
557 554 15 62
557 565 16 62
557 568 20 62
557 565 21 62
463 479 20 64
658 664 20 64
113 124 12 65
113 103 19 65
137 124 12 65
137 137 13 65
137 144 17 65
137 147 18 65
308 326 17 65
93 81 13 66
93 103 18 66
93 77 19 66
468 479 18 66
95 81 12 67
95 103 17 67
95 77 18 67
468 479 17 67
569 554 10 67
569 565 11 67
569 568 15 67
569 565 16 67
365 364 10 68
365 365 11 68
365 358 12 68
365 371 15 68
365 361 17 68
30 30 11 70
30 36 11 70
30 30 12 70
30 31 13 70
30 36 14 70
30 37 15 70
33 30 10 71
33 36 10 71
33 30 11 71
33 31 12 71
33 36 13 71
33 37 14 71
68 77 14 71
37 30 10 72
37 31 11 72
37 36 12 72
37 37 13 72
96 103 12 72
96 77 13 72
148 144 10 72
148 147 11 72
473 479 12 72
133 147 10 73
523 533 12 73
529 533 11 74
241 243 10 75
376 361 10 75
540 533 10 75
