42 35 10 0
42 38 13 0
42 52 14 0
42 39 16 0
42 40 18 0
42 25 19 0
42 37 19 0
42 24 25 0
42 44 25 0
42 43 26 0
42 59 27 0
42 56 28 0
151 133 11 0
151 160 15 0
151 138 17 0
151 154 18 0
151 144 19 0
151 140 20 0
151 156 24 0
151 166 28 0
395 384 12 0
395 385 14 0
395 377 15 0
49 38 12 1
49 52 13 1
49 39 15 1
49 40 17 1
49 37 18 1
49 44 24 1
49 43 25 1
49 59 26 1
49 56 27 1
160 177 11 1
160 160 14 1
160 154 17 1
160 144 18 1
160 140 19 1
160 156 23 1
160 171 26 1
160 166 27 1
160 179 29 1
363 377 14 1
363 370 16 1
191 177 10 2
191 184 11 2
191 195 23 2
191 171 25 2
191 179 28 2
361 377 13 2
361 370 15 2
274 280 10 3
274 285 13 3
274 259 17 3
274 278 21 3
274 267 27 3
65 52 10 4
65 76 13 4
65 59 23 4
65 56 24 4
65 57 28 4
396 385 10 4
396 377 11 4
393 377 10 5
102 102 10 6
102 101 17 6
102 93 18 6
102 119 21 6
102 116 22 6
102 114 23 6
102 116 24 6
170 154 12 6
170 156 18 6
170 171 21 6
170 166 22 6
170 179 24 6
170 166 26 6
367 370 11 6
173 154 11 7
173 156 17 7
173 171 20 7
173 166 21 7
173 179 23 7
173 166 25 7
173 176 29 7
371 370 10 7
265 259 12 8
265 278 16 8
265 267 22 8
265 260 29 8
57 37 10 9
57 44 16 9
57 43 17 9
57 59 18 9
57 56 19 9
57 57 23 9
57 59 27 9
57 73 27 9
64 44 16 9
64 59 18 9
64 56 19 9
64 57 23 9
64 59 27 9
64 73 27 9
35 21 13 10
35 24 15 10
35 44 15 10
35 43 16 10
35 32 23 10
35 16 26 10
35 18 27 10
35 34 27 10
432 437 21 10
432 443 24 10
71 59 16 11
71 56 17 11
71 57 21 11
71 59 25 11
71 73 25 11
133 119 16 11
133 116 17 11
133 114 18 11
133 116 19 11
133 133 23 11
133 146 26 11
424 437 20 11
424 443 23 11
79 93 12 12
79 59 15 12
79 59 24 12
79 73 24 12
177 195 13 12
177 171 15 12
177 166 16 12
177 179 18 12
177 166 20 12
177 176 24 12
16 0 10 13
16 12 10 13
16 21 10 13
16 3 12 13
16 14 12 13
16 24 12 13
16 1 19 13
16 4 19 13
16 4 20 13
16 7 20 13
16 32 20 13
16 4 23 13
16 16 23 13
16 5 24 13
16 18 24 13
16 34 24 13
38 21 10 13
38 24 12 13
38 44 12 13
38 43 13 13
38 56 15 13
38 57 19 13
38 32 20 13
38 18 24 13
38 34 24 13
85 101 10 13
85 93 11 13
85 73 23 13
85 104 24 13
184 195 12 13
184 171 14 13
184 166 15 13
184 179 17 13
184 166 19 13
184 199 20 13
184 176 23 13
280 278 11 13
280 267 17 13
280 287 20 13
280 294 23 13
280 260 24 13
280 263 25 13
280 264 26 13
52 44 11 14
52 43 12 14
52 59 13 14
52 56 14 14
52 57 18 14
52 32 19 14
52 59 22 14
52 34 23 14
19 3 10 15
19 14 10 15
19 24 10 15
19 1 17 15
19 4 17 15
19 4 18 15
19 7 18 15
19 32 18 15
19 4 21 15
19 16 21 15
19 5 22 15
19 18 22 15
19 34 22 15
102 119 12 15
102 116 13 15
102 114 14 15
102 116 15 15
102 104 22 15
160 171 12 15
160 166 13 15
160 179 15 15
160 166 17 15
160 176 21 15
160 146 22 15
160 155 23 15
8 1 16 16
8 4 16 16
8 4 17 16
8 7 17 16
8 4 20 16
8 16 20 16
8 5 21 16
8 18 21 16
16 1 16 16
16 4 16 16
16 4 17 16
16 7 17 16
16 32 17 16
16 4 20 16
16 16 20 16
16 5 21 16
16 18 21 16
16 34 21 16
39 43 10 16
39 56 12 16
39 57 16 16
39 32 17 16
39 34 21 16
102 119 11 16
102 116 12 16
102 114 13 16
102 116 14 16
102 104 21 16
285 301 10 16
285 267 14 16
285 287 17 16
285 294 20 16
76 59 10 17
76 56 11 17
76 57 15 17
76 59 19 17
76 73 19 17
138 119 10 17
138 133 17 17
138 146 20 17
138 155 21 17
40 56 10 18
40 57 14 18
40 32 15 18
40 59 18 18
40 34 19 18
154 166 10 18
154 166 14 18
154 146 19 18
154 155 20 18
312 316 11 18
312 321 17 18
312 294 18 18
25 7 14 19
25 32 14 19
25 16 17 19
25 5 18 19
25 18 18 19
25 34 18 19
37 32 14 19
37 18 18 19
37 34 18 19
144 133 15 19
144 146 18 19
144 155 19 19
297 316 10 19
297 287 14 19
297 294 17 19
297 316 29 19
140 133 14 20
140 146 17 20
140 155 18 20
259 267 10 20
259 240 11 20
259 260 17 20
259 263 18 20
259 264 19 20
0 4 10 23
0 7 10 23
0 4 13 23
0 16 13 23
0 5 14 23
0 18 14 23
12 4 10 23
12 7 10 23
12 4 13 23
12 16 13 23
12 5 14 23
12 18 14 23
21 4 10 23
21 7 10 23
21 32 10 23
21 4 13 23
21 16 13 23
21 5 14 23
21 18 14 23
21 34 14 23
21 38 28 23
101 104 14 23
101 113 27 23
454 443 11 23
93 73 12 24
93 104 13 24
156 146 13 24
156 155 14 24
156 169 25 24
278 294 12 24
278 260 13 24
278 263 14 24
278 264 15 24
3 4 11 25
3 16 11 25
3 5 12 25
3 18 12 25
14 4 11 25
14 16 11 25
14 5 12 25
14 18 12 25
24 4 11 25
24 16 11 25
24 5 12 25
24 18 12 25
24 34 12 25
24 38 26 25
44 59 11 25
44 34 12 25
44 38 26 25
195 176 11 25
322 321 10 25
322 316 23 25
322 319 25 25
43 59 10 26
43 34 11 26
43 38 25 26
301 294 10 26
301 316 22 26
301 319 24 26
59 68 22 27
59 66 25 27
119 104 10 27
119 113 23 27
119 121 24 27
171 155 11 27
171 169 22 27
494 487 24 27
494 491 25 27
56 68 21 28
56 38 23 28
56 66 24 28
116 113 22 28
116 121 23 28
166 155 10 28
166 169 21 28
487 487 23 28
487 491 24 28
114 113 21 29
114 121 22 29
240 241 21 29
240 242 22 29
240 236 23 29
316 316 19 29
316 319 21 29
116 113 20 30
116 121 21 30
179 169 19 30
240 241 19 31
240 242 20 31
240 236 21 31
57 68 17 32
57 38 19 32
57 66 20 32
166 169 17 32
478 487 19 32
478 491 20 32
511 491 20 32
32 38 18 33
133 113 16 34
133 121 17 34
321 316 13 35
321 319 15 35
511 491 17 35
59 68 13 36
59 66 16 36
73 68 13 36
73 66 16 36
176 169 13 36
34 38 14 37
104 113 13 37
104 121 14 37
260 241 13 37
260 242 14 37
155 169 11 38
