36 26 3 0
36 36 3 0
36 21 7 0
36 23 10 0
36 31 10 0
36 20 11 0
36 79 11 0
36 0 14 0
36 40 15 0
36 5 16 0
36 4 17 0
36 5 19 0
36 41 20 0
36 46 27 0
36 45 31 0
36 68 31 0
36 18 33 0
36 37 33 0
36 37 36 0
36 37 37 0
36 37 38 0
36 42 39 0
36 49 41 0
36 37 42 0
36 75 42 0
36 0 43 0
36 2 43 0
36 4 43 0
36 8 43 0
36 18 43 0
36 72 43 0
36 11 44 0
36 41 45 0
36 1 46 0
36 5 46 0
36 40 46 0
36 3 47 0
36 4 49 0
36 71 50 0
134 113 2 0
134 134 2 0
134 114 3 0
134 158 3 0
134 169 4 0
134 79 11 0
134 173 11 0
134 142 12 0
134 105 13 0
134 99 14 0
134 108 16 0
134 143 18 0
134 98 20 0
134 136 20 0
134 189 21 0
134 133 22 0
134 114 27 0
134 181 27 0
134 136 30 0
134 104 33 0
134 186 33 0
134 186 34 0
134 98 37 0
134 98 38 0
134 97 39 0
134 97 40 0
134 98 41 0
134 75 42 0
134 144 43 0
134 143 44 0
134 141 45 0
134 108 46 0
134 141 46 0
134 139 47 0
134 138 48 0
134 134 50 0
453 440 3 0
453 451 4 0
453 511 11 0
453 425 13 0
453 496 15 0
453 420 21 0
453 454 30 0
453 395 31 0
453 475 36 0
453 439 37 0
453 439 38 0
453 456 41 0
453 465 44 0
453 453 45 0
453 417 46 0
453 429 47 0
720 758 1 0
720 713 3 0
720 709 4 0
720 728 7 0
720 747 14 0
720 747 15 0
720 764 16 0
720 764 17 0
720 747 18 0
720 762 19 0
720 746 29 0
720 720 30 0
720 733 33 0
720 758 35 0
720 731 36 0
720 664 37 0
720 667 38 0
720 746 39 0
720 677 42 0
720 747 45 0
720 764 46 0
720 746 47 0
720 746 48 0
720 747 49 0
758 713 2 1
758 709 3 1
758 728 6 1
758 747 13 1
758 747 14 1
758 764 15 1
758 764 16 1
758 747 17 1
758 762 18 1
758 746 28 1
758 720 29 1
758 733 32 1
758 758 34 1
758 731 35 1
758 746 38 1
758 747 44 1
758 764 45 1
758 746 46 1
758 746 47 1
758 747 48 1
113 114 1 2
113 158 1 2
113 169 2 2
113 79 9 2
113 142 10 2
113 105 11 2
113 99 12 2
113 108 14 2
113 143 16 2
113 98 18 2
113 136 18 2
113 133 20 2
113 114 25 2
113 136 28 2
113 68 29 2
113 104 31 2
113 98 35 2
113 98 36 2
113 97 37 2
113 97 38 2
113 98 39 2
113 75 40 2
113 72 41 2
113 144 41 2
113 143 42 2
113 141 43 2
113 108 44 2
113 141 44 2
113 139 45 2
113 138 46 2
113 71 48 2
113 134 48 2
113 113 50 2
134 114 1 2
134 158 1 2
134 169 2 2
134 79 9 2
134 173 9 2
134 142 10 2
134 105 11 2
134 99 12 2
134 108 14 2
134 143 16 2
134 98 18 2
134 136 18 2
134 189 19 2
134 133 20 2
134 114 25 2
134 181 25 2
134 136 28 2
134 104 31 2
134 186 31 2
134 186 32 2
134 98 35 2
134 98 36 2
134 97 37 2
134 97 38 2
134 98 39 2
134 75 40 2
134 144 41 2
134 143 42 2
134 141 43 2
134 108 44 2
134 141 44 2
134 139 45 2
134 138 46 2
134 134 48 2
134 178 49 2
134 113 50 2
615 616 3 2
615 610 4 2
615 620 7 2
615 600 8 2
615 648 10 2
615 594 18 2
615 576 20 2
615 578 25 2
615 591 26 2
615 600 32 2
615 664 35 2
615 667 36 2
615 604 38 2
615 579 39 2
615 633 41 2
615 647 42 2
615 568 50 2
26 21 4 3
26 23 7 3
26 31 7 3
26 20 8 3
26 79 8 3
26 0 11 3
26 40 12 3
26 5 13 3
26 4 14 3
26 5 16 3
26 41 17 3
26 46 24 3
26 45 28 3
26 68 28 3
26 18 30 3
26 37 30 3
26 37 33 3
26 37 34 3
26 37 35 3
26 42 36 3
26 49 38 3
26 37 39 3
26 75 39 3
26 0 40 3
26 2 40 3
26 4 40 3
26 8 40 3
26 18 40 3
26 72 40 3
26 11 41 3
26 41 42 3
26 1 43 3
26 5 43 3
26 40 43 3
26 3 44 3
26 4 46 3
26 71 47 3
36 21 4 3
36 23 7 3
36 31 7 3
36 20 8 3
36 79 8 3
36 0 11 3
36 40 12 3
36 5 13 3
36 4 14 3
36 5 16 3
36 41 17 3
36 46 24 3
36 45 28 3
36 68 28 3
36 18 30 3
36 37 30 3
36 37 33 3
36 37 34 3
36 37 35 3
36 42 36 3
36 49 38 3
36 37 39 3
36 75 39 3
36 0 40 3
36 2 40 3
36 4 40 3
36 8 40 3
36 18 40 3
36 72 40 3
36 11 41 3
36 41 42 3
36 1 43 3
36 5 43 3
36 40 43 3
36 3 44 3
36 4 46 3
36 71 47 3
114 169 1 3
114 79 8 3
114 173 8 3
114 142 9 3
114 105 10 3
114 99 11 3
114 108 13 3
114 143 15 3
114 98 17 3
114 136 17 3
114 133 19 3
114 114 24 3
114 136 27 3
114 68 28 3
114 104 30 3
114 98 34 3
114 98 35 3
114 97 36 3
114 97 37 3
114 98 38 3
114 75 39 3
114 72 40 3
114 144 40 3
114 143 41 3
114 141 42 3
114 108 43 3
114 141 43 3
114 139 44 3
114 138 45 3
114 71 47 3
114 134 47 3
114 113 49 3
158 169 1 3
158 173 8 3
158 142 9 3
158 105 10 3
158 99 11 3
158 108 13 3
158 143 15 3
158 98 17 3
158 136 17 3
158 189 18 3
158 133 19 3
158 114 24 3
158 181 24 3
158 136 27 3
158 104 30 3
158 186 30 3
158 186 31 3
158 98 34 3
158 98 35 3
158 98 38 3
158 202 39 3
158 144 40 3
158 143 41 3
158 141 42 3
158 108 43 3
158 141 43 3
158 139 44 3
158 138 45 3
158 134 47 3
158 178 48 3
158 113 49 3
440 451 1 3
440 387 3 3
440 425 10 3
440 496 12 3
440 420 18 3
440 454 27 3
440 395 28 3
440 390 29 3
440 475 33 3
440 439 34 3
440 439 35 3
440 456 38 3
440 465 41 3
440 453 42 3
440 417 43 3
440 429 44 3
713 709 1 3
713 728 4 3
713 747 11 3
713 747 12 3
713 764 13 3
713 764 14 3
713 747 15 3
713 762 16 3
713 746 26 3
713 720 27 3
713 733 30 3
713 758 32 3
713 731 33 3
713 664 34 3
713 667 35 3
713 746 36 3
713 677 39 3
713 747 42 3
713 764 43 3
713 746 44 3
713 746 45 3
713 747 46 3
169 173 7 4
169 142 8 4
169 228 9 4
169 143 14 4
169 136 16 4
169 189 17 4
169 133 18 4
169 114 23 4
169 181 23 4
169 136 26 4
169 186 29 4
169 186 30 4
169 202 38 4
169 144 39 4
169 143 40 4
169 141 41 4
169 141 42 4
169 139 43 4
169 138 44 4
169 134 46 4
169 178 47 4
169 113 48 4
451 425 9 4
451 496 11 4
451 420 17 4
451 454 26 4
451 395 27 4
451 475 32 4
451 439 33 4
451 439 34 4
451 456 37 4
451 465 40 4
451 453 41 4
451 417 42 4
451 429 43 4
709 728 3 4
709 747 10 4
709 747 11 4
709 764 12 4
709 764 13 4
709 747 14 4
709 762 15 4
709 746 25 4
709 720 26 4
709 733 29 4
709 758 31 4
709 731 32 4
709 664 33 4
709 667 34 4
709 746 35 4
709 677 38 4
709 747 41 4
709 764 42 4
709 746 43 4
709 746 44 4
709 747 45 4
264 241 4 5
264 256 4 5
264 301 7 5
264 228 8 5
264 260 17 5
264 300 22 5
264 238 26 5
264 319 29 5
264 243 30 5
264 255 30 5
264 241 31 5
264 258 34 5
264 243 35 5
264 288 44 5
264 311 45 5
264 281 46 5
264 263 47 5
616 610 1 5
616 620 4 5
616 600 5 5
616 648 7 5
616 594 15 5
616 576 17 5
616 578 22 5
616 591 23 5
616 600 29 5
616 664 32 5
616 667 33 5
616 604 35 5
616 579 36 5
616 633 38 5
616 647 39 5
616 568 47 5
387 348 1 6
387 338 5 6
387 425 7 6
387 359 8 6
387 353 10 6
387 358 11 6
387 336 14 6
387 420 15 6
387 395 25 6
387 390 26 6
387 439 31 6
387 439 32 6
387 355 36 6
387 358 37 6
387 417 40 6
387 429 41 6
610 620 3 6
610 600 4 6
610 648 6 6
610 594 14 6
610 576 16 6
610 578 21 6
610 591 22 6
610 600 28 6
610 664 31 6
610 667 32 6
610 604 34 6
610 579 35 6
610 633 37 6
610 647 38 6
610 568 46 6
21 23 3 7
21 31 3 7
21 20 4 7
21 79 4 7
21 0 7 7
21 40 8 7
21 5 9 7
21 4 10 7
21 5 12 7
21 41 13 7
21 46 20 7
21 45 24 7
21 68 24 7
21 18 26 7
21 37 26 7
21 37 29 7
21 37 30 7
21 37 31 7
21 42 32 7
21 49 34 7
21 37 35 7
21 75 35 7
21 0 36 7
21 2 36 7
21 4 36 7
21 8 36 7
21 18 36 7
21 72 36 7
21 11 37 7
21 41 38 7
21 1 39 7
21 5 39 7
21 40 39 7
21 3 40 7
21 4 42 7
21 71 43 7
348 338 4 7
348 301 5 7
348 359 7 7
348 353 9 7
348 358 10 7
348 336 13 7
348 300 20 7
348 395 24 7
348 390 25 7
348 319 27 7
348 355 35 7
348 358 36 7
348 288 42 7
348 311 43 7
728 747 7 7
728 747 8 7
728 764 9 7
728 764 10 7
728 747 11 7
728 762 12 7
728 746 22 7
728 720 23 7
728 733 26 7
728 758 28 7
728 731 29 7
728 746 32 7
728 677 35 7
728 747 38 7
728 764 39 7
728 746 40 7
728 746 41 7
728 747 42 7
241 228 4 9
241 189 12 9
241 260 13 9
241 181 18 9
241 300 18 9
241 238 22 9
241 186 24 9
241 186 25 9
241 243 26 9
241 255 26 9
241 241 27 9
241 258 30 9
241 243 31 9
241 202 33 9
241 288 40 9
241 281 42 9
241 263 43 9
256 301 3 9
256 228 4 9
256 260 13 9
256 300 18 9
256 238 22 9
256 243 26 9
256 255 26 9
256 241 27 9
256 258 30 9
256 243 31 9
256 202 33 9
256 288 40 9
256 311 41 9
256 281 42 9
256 263 43 9
620 600 1 9
620 648 3 9
620 594 11 9
620 576 13 9
620 578 18 9
620 591 19 9
620 600 25 9
620 664 28 9
620 667 29 9
620 604 31 9
620 579 32 9
620 677 33 9
620 633 34 9
620 647 35 9
620 568 43 9
23 20 1 10
23 79 1 10
23 0 4 10
23 40 5 10
23 5 6 10
23 4 7 10
23 5 9 10
23 41 10 10
23 46 17 10
23 45 21 10
23 68 21 10
23 18 23 10
23 37 23 10
23 37 26 10
23 37 27 10
23 37 28 10
23 42 29 10
23 49 31 10
23 37 32 10
23 75 32 10
23 0 33 10
23 2 33 10
23 4 33 10
23 8 33 10
23 18 33 10
23 72 33 10
23 11 34 10
23 41 35 10
23 1 36 10
23 5 36 10
23 40 36 10
23 3 37 10
23 4 39 10
23 71 40 10
31 20 1 10
31 79 1 10
31 0 4 10
31 40 5 10
31 5 6 10
31 4 7 10
31 5 9 10
31 41 10 10
31 46 17 10
31 45 21 10
31 68 21 10
31 18 23 10
31 37 23 10
31 37 26 10
31 37 27 10
31 37 28 10
31 42 29 10
31 49 31 10
31 37 32 10
31 75 32 10
31 0 33 10
31 2 33 10
31 4 33 10
31 8 33 10
31 18 33 10
31 72 33 10
31 11 34 10
31 41 35 10
31 1 36 10
31 5 36 10
31 40 36 10
31 3 37 10
31 4 39 10
31 71 40 10
600 648 2 10
600 594 10 10
600 576 12 10
600 578 17 10
600 591 18 10
600 549 21 10
600 600 24 10
600 604 30 10
600 579 31 10
600 633 33 10
600 647 34 10
600 568 42 10
20 0 3 11
20 40 4 11
20 5 5 11
20 4 6 11
20 5 8 11
20 41 9 11
20 46 16 11
20 45 20 11
20 68 20 11
20 18 22 11
20 37 22 11
20 37 25 11
20 37 26 11
20 37 27 11
20 42 28 11
20 49 30 11
20 37 31 11
20 75 31 11
20 0 32 11
20 2 32 11
20 4 32 11
20 8 32 11
20 18 32 11
20 72 32 11
20 11 33 11
20 41 34 11
20 1 35 11
20 5 35 11
20 40 35 11
20 3 36 11
20 4 38 11
20 71 39 11
79 105 2 11
79 99 3 11
79 40 4 11
79 108 5 11
79 41 9 11
79 98 9 11
79 136 9 11
79 133 11 11
79 46 16 11
79 114 16 11
79 136 19 11
79 45 20 11
79 68 20 11
79 37 22 11
79 104 22 11
79 37 25 11
79 37 26 11
79 98 26 11
79 37 27 11
79 98 27 11
79 42 28 11
79 97 28 11
79 97 29 11
79 49 30 11
79 98 30 11
79 37 31 11
79 75 31 11
79 72 32 11
79 41 34 11
79 40 35 11
79 108 35 11
79 138 37 11
79 71 39 11
79 134 39 11
79 113 41 11
173 142 1 11
173 228 2 11
173 143 7 11
173 136 9 11
173 189 10 11
173 133 11 11
173 114 16 11
173 181 16 11
173 136 19 11
173 186 22 11
173 186 23 11
173 202 31 11
173 144 32 11
173 143 33 11
173 141 34 11
173 141 35 11
173 139 36 11
173 138 37 11
173 134 39 11
173 178 40 11
173 113 41 11
338 301 1 11
338 359 3 11
338 353 5 11
338 358 6 11
338 336 9 11
338 300 16 11
338 395 20 11
338 390 21 11
338 319 23 11
338 355 31 11
338 358 32 11
338 288 38 11
338 311 39 11
338 281 40 11
511 533 2 11
511 496 4 11
511 536 10 11
511 454 19 11
511 549 20 11
511 538 21 11
511 475 25 11
511 456 30 11
511 465 33 11
511 453 34 11
511 529 39 11
511 535 40 11
511 568 41 11
142 105 1 12
142 99 2 12
142 108 4 12
142 143 6 12
142 98 8 12
142 136 8 12
142 189 9 12
142 133 10 12
142 114 15 12
142 181 15 12
142 136 18 12
142 104 21 12
142 186 21 12
142 186 22 12
142 98 25 12
142 98 26 12
142 97 27 12
142 97 28 12
142 98 29 12
142 144 31 12
142 143 32 12
142 141 33 12
142 108 34 12
142 141 34 12
142 139 35 12
142 138 36 12
142 134 38 12
142 178 39 12
142 113 40 12
301 359 2 12
301 353 4 12
301 358 5 12
301 336 8 12
301 260 10 12
301 300 15 12
301 319 22 12
301 243 23 12
301 255 23 12
301 241 24 12
301 258 27 12
301 243 28 12
301 355 30 12
301 358 31 12
301 288 37 12
301 311 38 12
301 281 39 12
301 263 40 12
648 594 8 12
648 591 16 12
648 600 22 12
648 664 25 12
648 667 26 12
648 604 28 12
648 677 30 12
648 633 31 12
648 647 32 12
105 99 1 13
105 108 3 13
105 143 5 13
105 98 7 13
105 136 7 13
105 133 9 13
105 46 14 13
105 114 14 13
105 136 17 13
105 45 18 13
105 68 18 13
105 104 20 13
105 98 24 13
105 98 25 13
105 97 26 13
105 97 27 13
105 49 28 13
105 98 28 13
105 75 29 13
105 72 30 13
105 144 30 13
105 143 31 13
105 141 32 13
105 108 33 13
105 141 33 13
105 139 34 13
105 138 35 13
105 71 37 13
105 134 37 13
105 113 39 13
228 189 8 13
228 260 9 13
228 181 14 13
228 238 18 13
228 186 20 13
228 186 21 13
228 243 22 13
228 255 22 13
228 241 23 13
228 258 26 13
228 243 27 13
228 202 29 13
228 178 38 13
228 281 38 13
228 263 39 13
425 420 8 13
425 454 17 13
425 395 18 13
425 390 19 13
425 475 23 13
425 439 24 13
425 439 25 13
425 456 28 13
425 465 31 13
425 453 32 13
425 417 33 13
425 429 34 13
533 496 2 13
533 536 8 13
533 576 9 13
533 578 14 13
533 591 15 13
533 549 18 13
533 538 19 13
533 475 23 13
533 579 28 13
533 529 37 13
533 535 38 13
533 568 39 13
0 40 1 14
0 5 2 14
0 4 3 14
0 5 5 14
0 41 6 14
0 46 13 14
0 45 17 14
0 18 19 14
0 37 19 14
0 37 22 14
0 37 23 14
0 37 24 14
0 42 25 14
0 49 27 14
0 37 28 14
0 0 29 14
0 2 29 14
0 4 29 14
0 8 29 14
0 18 29 14
0 11 30 14
0 41 31 14
0 1 32 14
0 5 32 14
0 40 32 14
0 3 33 14
0 4 35 14
99 40 1 14
99 108 2 14
99 143 4 14
99 41 6 14
99 98 6 14
99 136 6 14
99 133 8 14
99 46 13 14
99 114 13 14
99 136 16 14
99 45 17 14
99 68 17 14
99 104 19 14
99 98 23 14
99 98 24 14
99 42 25 14
99 97 25 14
99 97 26 14
99 49 27 14
99 98 27 14
99 75 28 14
99 72 29 14
99 144 29 14
99 143 30 14
99 41 31 14
99 141 31 14
99 40 32 14
99 108 32 14
99 141 32 14
99 139 33 14
99 138 34 14
99 71 36 14
99 134 36 14
99 113 38 14
359 353 2 14
359 358 3 14
359 336 6 14
359 300 13 14
359 395 17 14
359 390 18 14
359 319 20 14
359 355 28 14
359 358 29 14
359 417 32 14
359 311 36 14
747 747 1 14
747 764 2 14
747 764 3 14
747 747 4 14
747 762 5 14
747 746 15 14
747 720 16 14
747 733 19 14
747 758 21 14
747 731 22 14
747 746 25 14
747 747 31 14
747 764 32 14
747 746 33 14
747 746 34 14
747 747 35 14
40 5 1 15
40 4 2 15
40 5 4 15
40 41 5 15
40 98 5 15
40 46 12 15
40 45 16 15
40 68 16 15
40 18 18 15
40 37 18 15
40 37 21 15
40 37 22 15
40 98 22 15
40 37 23 15
40 98 23 15
40 42 24 15
40 97 24 15
40 97 25 15
40 49 26 15
40 98 26 15
40 37 27 15
40 75 27 15
40 0 28 15
40 2 28 15
40 4 28 15
40 8 28 15
40 18 28 15
40 72 28 15
40 11 29 15
40 41 30 15
40 1 31 15
40 5 31 15
40 40 31 15
40 3 32 15
40 4 34 15
40 71 35 15
496 536 6 15
496 454 15 15
496 549 16 15
496 538 17 15
496 475 21 15
496 439 22 15
496 439 23 15
496 456 26 15
496 465 29 15
496 453 30 15
496 529 35 15
496 535 36 15
747 764 1 15
747 764 2 15
747 747 3 15
747 762 4 15
747 746 14 15
747 720 15 15
747 733 18 15
747 758 20 15
747 731 21 15
747 746 24 15
747 747 30 15
747 764 31 15
747 746 32 15
747 746 33 15
747 747 34 15
5 4 1 16
5 5 3 16
5 41 4 16
5 46 11 16
5 45 15 16
5 18 17 16
5 37 17 16
5 37 20 16
5 37 21 16
5 37 22 16
5 42 23 16
5 49 25 16
5 37 26 16
5 0 27 16
5 2 27 16
5 4 27 16
5 8 27 16
5 18 27 16
5 11 28 16
5 41 29 16
5 1 30 16
5 5 30 16
5 40 30 16
5 3 31 16
5 4 33 16
108 143 2 16
108 98 4 16
108 136 4 16
108 133 6 16
108 114 11 16
108 136 14 16
108 68 15 16
108 104 17 16
108 98 21 16
108 98 22 16
108 97 23 16
108 97 24 16
108 49 25 16
108 98 25 16
108 75 26 16
108 72 27 16
108 144 27 16
108 143 28 16
108 141 29 16
108 108 30 16
108 141 30 16
108 139 31 16
108 138 32 16
108 71 34 16
108 134 34 16
108 113 36 16
353 358 1 16
353 336 4 16
353 300 11 16
353 395 15 16
353 390 16 16
353 319 18 16
353 355 26 16
353 358 27 16
353 311 34 16
764 764 1 16
764 747 2 16
764 762 3 16
764 746 13 16
764 720 14 16
764 733 17 16
764 758 19 16
764 731 20 16
764 746 23 16
764 747 29 16
764 764 30 16
764 746 31 16
764 746 32 16
764 747 33 16
4 5 2 17
4 41 3 17
4 46 10 17
4 45 14 17
4 18 16 17
4 37 16 17
4 37 19 17
4 37 20 17
4 37 21 17
4 42 22 17
4 49 24 17
4 37 25 17
4 0 26 17
4 2 26 17
4 4 26 17
4 8 26 17
4 18 26 17
4 11 27 17
4 41 28 17
4 1 29 17
4 5 29 17
4 40 29 17
4 3 30 17
4 4 32 17
358 336 3 17
358 300 10 17
358 395 14 17
358 390 15 17
358 319 17 17
358 355 25 17
358 358 26 17
358 417 29 17
358 311 33 17
764 747 1 17
764 762 2 17
764 746 12 17
764 720 13 17
764 733 16 17
764 758 18 17
764 731 19 17
764 746 22 17
764 747 28 17
764 764 29 17
764 746 30 17
764 746 31 17
764 747 32 17
143 98 2 18
143 136 2 18
143 189 3 18
143 133 4 18
143 114 9 18
143 181 9 18
143 136 12 18
143 104 15 18
143 186 15 18
143 186 16 18
143 98 19 18
143 98 20 18
143 97 21 18
143 97 22 18
143 98 23 18
143 202 24 18
143 144 25 18
143 143 26 18
143 141 27 18
143 108 28 18
143 141 28 18
143 139 29 18
143 138 30 18
143 134 32 18
143 178 33 18
143 113 34 18
747 762 1 18
747 746 11 18
747 720 12 18
747 733 15 18
747 758 17 18
747 731 18 18
747 746 21 18
747 747 27 18
747 764 28 18
747 746 29 18
747 746 30 18
747 747 31 18
5 41 1 19
5 46 8 19
5 45 12 19
5 18 14 19
5 37 14 19
5 37 17 19
5 37 18 19
5 37 19 19
5 42 20 19
5 49 22 19
5 37 23 19
5 0 24 19
5 2 24 19
5 4 24 19
5 8 24 19
5 18 24 19
5 11 25 19
5 41 26 19
5 1 27 19
5 5 27 19
5 40 27 19
5 3 28 19
5 4 30 19
762 746 10 19
762 720 11 19
762 733 14 19
762 758 16 19
762 731 17 19
762 746 20 19
762 747 26 19
762 764 27 19
762 746 28 19
762 746 29 19
762 747 30 19
41 46 7 20
41 45 11 20
41 68 11 20
41 18 13 20
41 37 13 20
41 37 16 20
41 37 17 20
41 98 17 20
41 37 18 20
41 98 18 20
41 42 19 20
41 97 19 20
41 97 20 20
41 49 21 20
41 98 21 20
41 37 22 20
41 75 22 20
41 0 23 20
41 2 23 20
41 4 23 20
41 8 23 20
41 18 23 20
41 72 23 20
41 11 24 20
41 41 25 20
41 1 26 20
41 5 26 20
41 40 26 20
41 3 27 20
41 4 29 20
41 71 30 20
98 133 2 20
98 46 7 20
98 114 7 20
98 136 10 20
98 45 11 20
98 68 11 20
98 104 13 20
98 98 17 20
98 98 18 20
98 42 19 20
98 97 19 20
98 97 20 20
98 49 21 20
98 98 21 20
98 75 22 20
98 72 23 20
98 144 23 20
98 143 24 20
98 41 25 20
98 141 25 20
98 40 26 20
98 108 26 20
98 141 26 20
98 139 27 20
98 138 28 20
98 71 30 20
98 134 30 20
98 113 32 20
136 189 1 20
136 133 2 20
136 114 7 20
136 181 7 20
136 136 10 20
136 104 13 20
136 186 13 20
136 186 14 20
136 98 17 20
136 98 18 20
136 97 19 20
136 97 20 20
136 98 21 20
136 144 23 20
136 143 24 20
136 141 25 20
136 108 26 20
136 141 26 20
136 139 27 20
136 138 28 20
136 134 30 20
136 178 31 20
136 113 32 20
336 300 7 20
336 395 11 20
336 390 12 20
336 319 14 20
336 355 22 20
336 358 23 20
336 288 29 20
336 311 30 20
336 281 31 20
594 536 1 20
594 576 2 20
594 578 7 20
594 591 8 20
594 549 11 20
594 538 12 20
594 600 14 20
594 604 20 20
594 579 21 20
594 633 23 20
594 647 24 20
594 535 31 20
594 568 32 20
189 133 1 21
189 181 6 21
189 136 9 21
189 238 10 21
189 186 12 21
189 186 13 21
189 243 14 21
189 241 15 21
189 243 19 21
189 202 21 21
189 144 22 21
189 143 23 21
189 141 24 21
189 141 25 21
189 139 26 21
189 138 27 21
189 134 29 21
189 178 30 21
420 454 9 21
420 395 10 21
420 390 11 21
420 475 15 21
420 439 16 21
420 439 17 21
420 456 20 21
420 465 23 21
420 453 24 21
420 417 25 21
420 429 26 21
536 576 1 21
536 578 6 21
536 591 7 21
536 549 10 21
536 538 11 21
536 579 20 21
536 529 29 21
536 535 30 21
536 568 31 21
133 114 5 22
133 181 5 22
133 136 8 22
133 104 11 22
133 186 11 22
133 186 12 22
133 98 15 22
133 98 16 22
133 97 17 22
133 97 18 22
133 98 19 22
133 75 20 22
133 144 21 22
133 143 22 22
133 141 23 22
133 108 24 22
133 141 24 22
133 139 25 22
133 138 26 22
133 134 28 22
133 178 29 22
133 113 30 22
260 300 5 22
260 238 9 22
260 319 12 22
260 243 13 22
260 255 13 22
260 241 14 22
260 258 17 22
260 243 18 22
260 202 20 22
260 288 27 22
260 311 28 22
260 281 29 22
260 263 30 22
576 578 5 22
576 591 6 22
576 549 9 22
576 538 10 22
576 600 12 22
576 604 18 22
576 579 19 22
576 633 21 22
576 529 28 22
576 535 29 22
576 568 30 22
46 45 4 27
46 68 4 27
46 18 6 27
46 37 6 27
46 104 6 27
46 37 9 27
46 37 10 27
46 98 10 27
46 37 11 27
46 98 11 27
46 42 12 27
46 97 12 27
46 97 13 27
46 49 14 27
46 98 14 27
46 37 15 27
46 75 15 27
46 0 16 27
46 2 16 27
46 4 16 27
46 8 16 27
46 18 16 27
46 72 16 27
46 11 17 27
46 41 18 27
46 1 19 27
46 5 19 27
46 40 19 27
46 3 20 27
46 4 22 27
46 71 23 27
114 136 3 27
114 68 4 27
114 104 6 27
114 98 10 27
114 98 11 27
114 97 12 27
114 97 13 27
114 98 14 27
114 75 15 27
114 72 16 27
114 144 16 27
114 143 17 27
114 141 18 27
114 108 19 27
114 141 19 27
114 139 20 27
114 138 21 27
114 71 23 27
114 134 23 27
114 113 25 27
181 136 3 27
181 238 4 27
181 186 6 27
181 186 7 27
181 202 15 27
181 144 16 27
181 143 17 27
181 141 18 27
181 141 19 27
181 139 20 27
181 138 21 27
181 134 23 27
181 178 24 27
300 319 7 27
300 243 8 27
300 255 8 27
300 241 9 27
300 258 12 27
300 243 13 27
300 355 15 27
300 358 16 27
300 288 22 27
300 311 23 27
300 281 24 27
300 263 25 27
578 591 1 27
578 549 4 27
578 538 5 27
578 600 7 27
578 604 13 27
578 579 14 27
578 633 16 27
578 529 23 27
578 535 24 27
578 568 25 27
591 549 3 28
591 538 4 28
591 600 6 28
591 604 12 28
591 579 13 28
591 633 15 28
591 647 16 28
591 535 23 28
591 568 24 28
746 720 1 29
746 733 4 29
746 758 6 29
746 731 7 29
746 746 10 29
746 747 16 29
746 764 17 29
746 746 18 29
746 746 19 29
746 747 20 29
136 104 3 30
136 186 3 30
136 186 4 30
136 98 7 30
136 98 8 30
136 97 9 30
136 97 10 30
136 98 11 30
136 144 13 30
136 143 14 30
136 141 15 30
136 108 16 30
136 141 16 30
136 139 17 30
136 138 18 30
136 134 20 30
136 178 21 30
136 113 22 30
454 395 1 30
454 475 6 30
454 439 7 30
454 439 8 30
454 456 11 30
454 465 14 30
454 453 15 30
454 417 16 30
454 429 17 30
720 733 3 30
720 758 5 30
720 731 6 30
720 664 7 30
720 667 8 30
720 746 9 30
720 677 12 30
720 747 15 30
720 764 16 30
720 746 17 30
720 746 18 30
720 747 19 30
45 18 2 31
45 37 2 31
45 104 2 31
45 37 5 31
45 37 6 31
45 98 6 31
45 37 7 31
45 98 7 31
45 42 8 31
45 97 8 31
45 97 9 31
45 49 10 31
45 98 10 31
45 37 11 31
45 75 11 31
45 0 12 31
45 2 12 31
45 4 12 31
45 8 12 31
45 18 12 31
45 72 12 31
45 11 13 31
45 41 14 31
45 1 15 31
45 5 15 31
45 40 15 31
45 3 16 31
45 4 18 31
45 71 19 31
68 18 2 31
68 37 2 31
68 104 2 31
68 37 5 31
68 37 6 31
68 98 6 31
68 37 7 31
68 98 7 31
68 42 8 31
68 97 8 31
68 97 9 31
68 49 10 31
68 98 10 31
68 37 11 31
68 75 11 31
68 8 12 31
68 18 12 31
68 72 12 31
68 11 13 31
68 41 14 31
68 40 15 31
68 108 15 31
68 71 19 31
68 113 21 31
238 186 2 31
238 186 3 31
238 243 4 31
238 255 4 31
238 241 5 31
238 258 8 31
238 243 9 31
238 202 11 31
238 288 18 31
238 178 20 31
238 281 20 31
238 263 21 31
395 390 1 31
395 439 6 31
395 439 7 31
395 355 11 31
395 358 12 31
395 453 14 31
395 417 15 31
395 429 16 31
549 538 1 31
549 600 3 31
549 604 9 31
549 579 10 31
549 529 19 31
549 535 20 31
549 568 21 31
390 439 5 32
390 439 6 32
390 355 10 32
390 358 11 32
390 417 14 32
390 429 15 32
538 579 9 32
538 529 18 32
538 535 19 32
538 568 20 32
18 37 3 33
18 37 4 33
18 37 5 33
18 42 6 33
18 49 8 33
18 37 9 33
18 75 9 33
18 0 10 33
18 2 10 33
18 4 10 33
18 8 10 33
18 18 10 33
18 72 10 33
18 11 11 33
18 41 12 33
18 1 13 33
18 5 13 33
18 40 13 33
18 3 14 33
18 4 16 33
18 71 17 33
37 37 3 33
37 37 4 33
37 37 5 33
37 42 6 33
37 49 8 33
37 37 9 33
37 75 9 33
37 0 10 33
37 2 10 33
37 4 10 33
37 8 10 33
37 18 10 33
37 72 10 33
37 11 11 33
37 41 12 33
37 1 13 33
37 5 13 33
37 40 13 33
37 3 14 33
37 4 16 33
37 71 17 33
104 98 4 33
104 98 5 33
104 97 6 33
104 97 7 33
104 49 8 33
104 98 8 33
104 75 9 33
104 72 10 33
104 144 10 33
104 143 11 33
104 141 12 33
104 108 13 33
104 141 13 33
104 139 14 33
104 138 15 33
104 71 17 33
104 134 17 33
104 113 19 33
186 186 1 33
186 243 2 33
186 241 3 33
186 243 7 33
186 202 9 33
186 144 10 33
186 143 11 33
186 141 12 33
186 141 13 33
186 139 14 33
186 138 15 33
186 134 17 33
186 178 18 33
733 758 2 33
733 731 3 33
733 746 6 33
733 677 9 33
733 747 12 33
733 764 13 33
733 746 14 33
733 746 15 33
733 747 16 33
186 243 1 34
186 241 2 34
186 243 6 34
186 202 8 34
186 144 9 34
186 143 10 34
186 141 11 34
186 141 12 34
186 139 13 34
186 138 14 34
186 134 16 34
186 178 17 34
319 355 8 34
319 358 9 34
319 288 15 34
319 311 16 34
319 281 17 34
319 263 18 34
600 604 6 34
600 579 7 34
600 633 9 34
600 647 10 34
600 568 18 34
243 241 1 35
243 258 4 35
243 243 5 35
243 202 7 35
243 288 14 35
243 281 16 35
243 263 17 35
255 241 1 35
255 258 4 35
255 243 5 35
255 202 7 35
255 288 14 35
255 311 15 35
255 281 16 35
255 263 17 35
758 731 1 35
758 746 4 35
758 747 10 35
758 764 11 35
758 746 12 35
758 746 13 35
758 747 14 35
37 37 1 36
37 37 2 36
37 42 3 36
37 49 5 36
37 37 6 36
37 75 6 36
37 0 7 36
37 2 7 36
37 4 7 36
37 8 7 36
37 18 7 36
37 72 7 36
37 11 8 36
37 41 9 36
37 1 10 36
37 5 10 36
37 40 10 36
37 3 11 36
37 4 13 36
37 71 14 36
241 258 3 36
241 243 4 36
241 202 6 36
241 288 13 36
241 281 15 36
241 263 16 36
475 439 1 36
475 439 2 36
475 456 5 36
475 465 8 36
475 453 9 36
475 417 10 36
475 429 11 36
475 529 14 36
731 746 3 36
731 677 6 36
731 747 9 36
731 764 10 36
731 746 11 36
731 746 12 36
731 747 13 36
37 37 1 37
37 42 2 37
37 49 4 37
37 37 5 37
37 75 5 37
37 0 6 37
37 2 6 37
37 4 6 37
37 8 6 37
37 18 6 37
37 72 6 37
37 11 7 37
37 41 8 37
37 1 9 37
37 5 9 37
37 40 9 37
37 3 10 37
37 4 12 37
37 71 13 37
98 98 1 37
98 42 2 37
98 97 2 37
98 97 3 37
98 49 4 37
98 98 4 37
98 75 5 37
98 72 6 37
98 144 6 37
98 143 7 37
98 41 8 37
98 141 8 37
98 40 9 37
98 108 9 37
98 141 9 37
98 139 10 37
98 138 11 37
98 71 13 37
98 134 13 37
98 113 15 37
439 439 1 37
439 456 4 37
439 465 7 37
439 453 8 37
439 417 9 37
439 429 10 37
664 667 1 37
664 604 3 37
664 677 5 37
664 633 6 37
664 647 7 37
37 42 1 38
37 49 3 38
37 37 4 38
37 75 4 38
37 0 5 38
37 2 5 38
37 4 5 38
37 8 5 38
37 18 5 38
37 72 5 38
37 11 6 38
37 41 7 38
37 1 8 38
37 5 8 38
37 40 8 38
37 3 9 38
37 4 11 38
37 71 12 38
98 42 1 38
98 97 1 38
98 97 2 38
98 49 3 38
98 98 3 38
98 75 4 38
98 72 5 38
98 144 5 38
98 143 6 38
98 41 7 38
98 141 7 38
98 40 8 38
98 108 8 38
98 141 8 38
98 139 9 38
98 138 10 38
98 71 12 38
98 134 12 38
98 113 14 38
439 456 3 38
439 465 6 38
439 453 7 38
439 417 8 38
439 429 9 38
667 677 4 38
667 633 5 38
667 647 6 38
42 97 1 39
42 49 2 39
42 98 2 39
42 37 3 39
42 75 3 39
42 0 4 39
42 2 4 39
42 4 4 39
42 8 4 39
42 18 4 39
42 72 4 39
42 11 5 39
42 41 6 39
42 1 7 39
42 5 7 39
42 40 7 39
42 3 8 39
42 4 10 39
42 71 11 39
97 97 1 39
97 49 2 39
97 98 2 39
97 37 3 39
97 75 3 39
97 72 4 39
97 144 4 39
97 143 5 39
97 41 6 39
97 141 6 39
97 40 7 39
97 108 7 39
97 141 7 39
97 139 8 39
97 138 9 39
97 71 11 39
97 134 11 39
97 113 13 39
258 243 1 39
258 202 3 39
258 288 10 39
258 311 11 39
258 281 12 39
258 263 13 39
746 747 6 39
746 764 7 39
746 746 8 39
746 746 9 39
746 747 10 39
97 49 1 40
97 98 1 40
97 37 2 40
97 75 2 40
97 72 3 40
97 144 3 40
97 143 4 40
97 41 5 40
97 141 5 40
97 40 6 40
97 108 6 40
97 141 6 40
97 139 7 40
97 138 8 40
97 71 10 40
97 134 10 40
97 113 12 40
243 202 2 40
243 288 9 40
243 281 11 40
243 263 12 40
604 579 1 40
604 633 3 40
604 647 4 40
604 568 12 40
49 37 1 41
49 75 1 41
49 0 2 41
49 2 2 41
49 4 2 41
49 8 2 41
49 18 2 41
49 72 2 41
49 11 3 41
49 41 4 41
49 1 5 41
49 5 5 41
49 40 5 41
49 108 5 41
49 3 6 41
49 4 8 41
49 71 9 41
98 75 1 41
98 72 2 41
98 144 2 41
98 143 3 41
98 41 4 41
98 141 4 41
98 40 5 41
98 108 5 41
98 141 5 41
98 139 6 41
98 138 7 41
98 71 9 41
98 134 9 41
98 113 11 41
456 465 3 41
456 453 4 41
456 417 5 41
456 429 6 41
579 633 2 41
579 529 9 41
579 535 10 41
579 568 11 41
37 0 1 42
37 2 1 42
37 4 1 42
37 8 1 42
37 18 1 42
37 72 1 42
37 11 2 42
37 41 3 42
37 1 4 42
37 5 4 42
37 40 4 42
37 3 5 42
37 4 7 42
37 71 8 42
75 18 1 42
75 72 1 42
75 41 3 42
75 40 4 42
75 108 4 42
75 71 8 42
75 134 8 42
75 113 10 42
202 144 1 42
202 143 2 42
202 178 9 42
355 358 1 42
355 311 8 42
677 633 1 42
677 647 2 42
0 11 1 43
0 41 2 43
0 1 3 43
0 5 3 43
0 40 3 43
0 3 4 43
0 4 6 43
2 11 1 43
2 41 2 43
2 1 3 43
2 5 3 43
2 40 3 43
2 3 4 43
2 4 6 43
4 11 1 43
4 41 2 43
4 1 3 43
4 5 3 43
4 40 3 43
4 3 4 43
4 4 6 43
8 11 1 43
8 41 2 43
8 1 3 43
8 5 3 43
8 40 3 43
8 3 4 43
8 4 6 43
18 11 1 43
18 41 2 43
18 1 3 43
18 5 3 43
18 40 3 43
18 3 4 43
18 4 6 43
18 71 7 43
72 41 2 43
72 40 3 43
72 108 3 43
72 71 7 43
72 113 9 43
144 143 1 43
144 141 2 43
144 108 3 43
144 141 3 43
144 139 4 43
144 138 5 43
144 134 7 43
144 178 8 43
144 113 9 43
358 417 3 43
358 311 7 43
633 647 1 43
11 41 1 44
11 1 2 44
11 5 2 44
11 40 2 44
11 3 3 44
11 4 5 44
143 141 1 44
143 108 2 44
143 141 2 44
143 139 3 44
143 138 4 44
143 134 6 44
143 178 7 44
143 113 8 44
465 453 1 44
465 417 2 44
465 429 3 44
41 1 1 45
41 5 1 45
41 40 1 45
41 3 2 45
41 4 4 45
41 71 5 45
141 108 1 45
141 141 1 45
141 139 2 45
141 138 3 45
141 134 5 45
141 178 6 45
141 113 7 45
453 417 1 45
453 429 2 45
747 764 1 45
747 746 2 45
747 746 3 45
747 747 4 45
1 3 1 46
1 4 3 46
5 3 1 46
5 4 3 46
40 3 1 46
40 4 3 46
40 71 4 46
108 139 1 46
108 138 2 46
108 71 4 46
108 134 4 46
108 113 6 46
141 139 1 46
141 138 2 46
141 134 4 46
141 178 5 46
141 113 6 46
417 429 1 46
764 746 1 46
764 746 2 46
764 747 3 46
3 4 2 47
139 138 1 47
139 134 3 47
139 178 4 47
139 113 5 47
746 746 1 47
746 747 2 47
138 134 2 48
138 178 3 48
138 113 4 48
746 747 1 48
288 311 1 49
288 281 2 49
288 263 3 49
71 113 2 50
134 178 1 50
134 113 2 50
311 281 1 50
311 263 2 50
529 535 1 50
529 568 2 50
281 263 1 51
535 568 1 51
