41 33 10 69 8 130 11 43 25 48 85 42 4 13 67 25 19 32 53 70 55 61 91 25 36 65 221 59 151 58 83 102 28 55 23 28 209 28 251 129 17 255 44 53 70 103 14 75 13 57 70 191 179 170 100 59 35 72 52 126 55 12 27 20 18 29 106 45 123 135 109 53 108 121 131 52 128 45 31 77 97 23 74 60 39 0 
34 25 8 44 6 78 13 29 26 65 50 35 9 12 6 4 15 18 5 53 34 17 115 55 56 48 176 94 101 123 42 64 132 71 35 12 159 34 201 97 36 255 33 46 58 90 46 116 13 29 53 253 139 138 63 48 65 17 157 97 47 19 34 28 16 25 82 46 90 19 168 82 36 89 122 50 141 42 118 11 40 37 37 43 42 0 
42 31 20 11 4 39 24 95 89 114 60 30 10 12 77 43 12 57 72 44 42 82 76 5 41 15 255 111 100 108 152 149 55 93 33 39 197 49 218 93 77 186 80 28 20 65 54 84 39 58 50 202 64 81 147 141 70 160 114 62 103 17 20 29 23 36 81 39 105 199 126 120 140 102 100 154 108 20 101 14 55 99 58 58 18 0 
24 33 9 84 2 72 4 72 61 100 37 38 15 16 76 23 56 22 7 78 20 114 75 75 67 46 245 73 35 113 42 62 82 23 149 40 156 40 207 40 35 102 44 51 85 104 28 135 19 120 52 74 80 255 137 112 74 75 212 73 58 31 53 27 32 38 54 60 156 85 142 93 93 109 53 130 62 34 22 33 77 31 36 24 43 0 
21 47 10 61 5 16 6 75 54 59 37 3 2 14 8 17 23 43 25 38 34 94 60 71 7 36 255 12 25 44 72 104 38 52 29 13 86 42 122 31 31 193 62 50 27 59 28 117 25 102 43 58 20 129 21 43 47 55 42 67 5 26 22 19 25 34 21 35 113 70 153 75 15 163 3 86 81 53 80 26 64 30 48 21 42 0 
83 50 34 37 3 41 8 91 132 25 33 26 10 32 32 28 35 67 67 14 41 105 46 118 86 41 254 50 70 54 53 124 117 118 89 6 145 102 255 44 23 138 80 76 3 35 44 116 25 24 17 160 47 123 22 81 88 19 161 96 55 30 75 21 22 48 86 70 59 71 170 118 176 105 189 158 176 40 80 73 67 88 78 52 82 0 
82 24 7 17 4 12 20 54 82 48 43 23 11 16 40 31 13 90 2 65 32 127 70 59 39 0 255 42 84 61 84 92 31 110 30 6 127 95 171 9 57 183 27 129 34 78 38 15 16 34 2 105 2 73 36 19 49 64 96 34 97 18 24 13 17 32 73 65 65 42 121 67 91 76 80 40 57 34 34 5 3 31 71 14 48 0 
140 7 19 35 3 38 47 153 73 68 98 17 18 70 43 33 23 154 72 151 14 216 50 84 44 55 167 114 88 142 79 188 130 120 52 4 147 125 217 21 64 177 51 107 16 71 25 37 23 91 16 108 40 89 27 72 123 117 166 86 45 46 19 11 26 20 104 52 228 112 255 210 16 207 122 48 250 32 28 10 20 47 101 48 25 0 
81 31 18 21 4 9 55 88 160 86 72 45 13 18 17 22 14 128 28 48 45 201 44 31 28 115 255 61 62 71 58 137 78 22 141 15 113 134 169 9 43 70 65 49 50 11 23 13 30 129 31 61 45 93 22 46 46 110 57 26 48 17 34 14 23 28 79 31 92 50 85 145 54 250 76 49 88 55 28 57 12 88 13 49 19 0 
47 29 14 21 10 35 53 123 100 13 116 42 21 20 31 24 43 185 30 56 53 255 37 97 115 182 163 118 60 60 121 158 111 75 49 12 90 111 160 29 36 76 20 64 11 86 44 98 15 55 55 88 15 104 96 103 89 31 74 62 40 43 19 19 18 22 195 29 65 33 87 77 28 170 69 92 22 37 126 43 82 73 53 19 17 0 
8 25 26 7 11 22 40 33 12 55 76 28 10 22 3 12 36 105 63 132 70 156 45 32 72 153 230 106 32 73 76 178 26 63 54 1 81 189 149 60 19 170 39 109 48 123 43 54 25 122 40 138 4 104 98 58 61 88 79 112 74 31 24 25 38 45 106 39 83 19 148 189 15 255 195 91 192 24 116 37 15 66 24 41 2 0 
20 27 11 7 10 16 47 10 57 47 79 33 15 17 12 7 43 124 83 117 61 97 26 34 77 189 182 87 29 29 6 166 41 72 59 17 105 88 135 23 48 255 27 62 43 63 87 45 34 70 26 67 14 32 93 45 57 14 136 16 51 14 36 20 56 25 129 44 141 24 200 221 46 130 28 68 93 26 146 44 91 52 33 34 32 0 
30 18 26 10 1 2 25 46 47 14 43 50 17 37 17 21 16 136 99 67 53 43 10 105 60 141 142 103 71 101 27 229 87 61 43 11 53 121 97 6 30 255 14 62 17 70 46 95 22 46 15 76 15 115 64 16 16 57 61 51 76 42 34 18 10 33 88 27 22 41 62 132 85 101 178 180 2 32 42 12 23 36 20 40 41 0 
48 10 4 19 1 9 10 63 84 41 41 14 9 5 24 9 11 127 65 196 72 68 32 148 26 76 98 120 48 40 42 142 95 138 102 58 85 83 125 36 28 225 2 81 22 124 40 44 16 36 15 83 31 67 98 59 13 27 90 53 28 34 63 13 5 33 255 38 63 29 48 132 26 101 205 84 86 42 73 16 79 51 50 59 73 0 
26 39 23 24 5 19 4 53 77 22 66 24 10 44 44 109 5 194 58 164 54 142 32 127 87 95 27 132 148 79 172 103 140 140 147 103 84 184 136 74 24 225 66 103 35 72 64 70 46 70 71 32 20 50 126 41 25 37 61 73 20 4 118 21 18 50 133 28 144 92 23 193 129 118 255 149 88 15 137 27 89 50 38 77 14 0 
11 12 6 12 1 13 12 26 38 38 41 10 5 17 55 22 14 146 37 137 66 115 47 91 69 80 102 154 71 84 83 78 37 66 53 27 52 48 98 31 28 255 30 10 46 96 11 50 14 28 24 86 29 94 52 8 15 32 50 104 49 17 73 7 3 34 162 37 59 36 77 134 80 69 126 94 56 18 135 26 83 13 51 34 26 0 
18 37 11 35 12 24 37 52 25 88 44 7 26 20 66 32 96 132 31 168 18 255 56 136 102 61 104 88 198 113 112 60 73 42 145 29 66 91 82 42 11 119 16 22 38 33 32 121 16 69 105 60 62 246 21 31 25 158 100 201 10 14 58 34 12 39 167 45 84 25 143 18 100 99 37 44 56 71 106 70 76 49 41 90 68 0 
60 25 16 26 20 10 41 73 62 76 64 36 33 34 55 68 70 148 63 185 50 227 82 58 175 121 105 68 137 161 98 138 36 162 145 52 117 156 115 68 31 221 80 67 55 132 11 156 33 156 106 29 55 255 129 59 19 159 83 235 72 71 94 43 18 37 44 54 156 56 24 152 53 33 91 162 108 67 182 9 78 82 206 38 68 0 
84 47 109 51 24 44 37 76 50 4 48 42 33 65 84 125 120 184 22 39 47 213 51 181 101 176 94 107 105 45 181 226 171 99 72 114 110 144 83 55 25 111 58 105 104 163 61 123 22 40 75 46 38 170 86 48 7 161 52 186 136 40 138 30 19 27 186 30 222 24 255 177 75 74 103 76 237 86 219 32 103 130 122 111 48 0 
45 32 101 17 17 8 37 76 83 9 56 23 40 34 101 89 41 16 32 7 54 82 101 101 56 63 173 6 124 206 163 162 32 32 101 82 50 91 57 41 29 255 13 26 89 106 51 76 13 94 44 37 67 149 96 9 14 129 98 147 78 33 118 13 14 20 53 46 23 35 83 37 73 98 112 69 122 77 117 48 16 24 142 111 45 0 
50 59 207 29 7 36 44 66 81 12 80 30 40 60 90 139 50 53 27 250 100 79 41 121 137 110 239 26 39 119 236 135 77 87 88 113 76 55 91 100 24 255 38 55 74 154 63 23 17 165 74 50 38 198 84 43 15 119 175 144 172 31 31 19 23 10 206 63 50 57 186 181 138 160 125 196 224 120 157 110 40 134 67 31 94 0 
77 43 255 43 10 33 71 25 96 26 99 28 32 6 51 222 54 19 116 78 17 42 94 101 44 41 233 103 158 208 173 95 19 113 42 79 78 170 52 19 73 186 12 149 49 190 26 33 34 77 39 83 42 183 98 54 11 23 56 69 126 39 182 4 25 42 210 103 152 6 167 144 62 214 64 73 217 49 97 37 58 91 145 159 64 0 
31 24 152 21 5 12 41 28 10 11 51 34 14 2 78 76 46 9 16 31 57 38 77 44 37 18 105 38 93 97 26 90 53 38 15 29 26 78 25 27 15 167 34 30 22 30 40 4 3 50 20 25 36 62 47 29 9 48 45 39 31 27 44 10 10 6 39 5 73 36 29 63 38 255 166 70 71 31 45 15 34 34 35 44 39 0 
37 21 237 18 10 5 49 53 21 44 58 43 26 36 76 38 11 105 54 30 26 32 60 101 89 24 93 31 72 60 56 68 126 56 17 51 40 59 39 33 45 255 15 10 78 102 19 25 25 121 10 49 32 8 62 48 14 49 47 42 82 10 2 7 0 29 69 23 41 18 128 35 68 110 123 35 73 83 83 29 71 90 58 17 34 0 
39 24 255 15 14 20 45 38 53 27 64 26 24 22 123 80 24 118 13 65 26 38 68 131 26 31 56 17 80 63 19 23 60 57 35 35 17 80 25 18 39 81 57 74 41 124 33 22 30 72 30 94 36 80 52 24 31 90 46 110 84 17 20 14 12 48 147 42 28 30 59 96 77 159 97 22 106 64 92 43 46 50 69 49 24 0 
13 37 255 22 6 26 15 74 37 6 74 18 35 10 123 128 11 61 11 95 44 118 116 162 87 70 48 5 149 60 7 155 86 147 36 26 20 62 28 27 49 171 24 29 110 61 96 44 12 24 70 135 72 47 52 33 28 48 58 122 24 40 55 12 13 30 79 46 12 19 91 47 76 18 74 81 145 21 99 76 49 114 6 68 67 0 
11 27 219 8 10 27 39 79 12 11 64 14 18 25 62 43 28 90 34 119 21 66 59 170 100 66 52 37 65 45 20 52 131 111 57 18 20 106 32 8 40 255 4 70 91 130 91 25 32 86 99 35 20 44 47 67 50 49 167 43 9 61 94 26 4 47 54 27 35 49 21 42 38 63 80 59 21 74 36 56 66 8 65 37 83 0 
10 28 255 16 19 36 82 130 38 28 95 41 38 41 125 132 47 141 57 185 45 84 63 209 137 132 75 90 113 77 88 45 47 181 104 25 43 45 13 33 52 202 62 84 89 146 62 51 36 118 15 23 107 163 35 88 84 20 196 51 164 68 26 36 50 33 113 51 10 126 112 134 119 38 101 160 46 168 159 46 100 54 102 19 153 0 
11 19 161 9 25 26 79 46 57 32 66 31 54 14 149 255 95 14 17 209 11 93 109 165 197 93 102 49 101 115 37 77 150 139 37 39 9 102 4 33 64 90 53 76 93 195 68 90 23 100 120 138 93 208 70 24 49 59 202 45 59 126 97 13 62 35 86 84 23 54 136 78 63 54 58 117 61 160 47 97 43 135 136 30 15 0 
27 32 24 14 13 11 100 58 32 15 45 25 5 26 45 255 33 26 17 172 29 77 49 45 133 30 61 69 75 94 97 151 60 104 49 60 26 72 30 32 60 104 16 142 28 174 40 80 31 112 50 67 102 41 64 13 72 59 61 37 61 25 41 2 46 36 25 65 53 74 88 56 95 149 87 90 96 101 77 47 49 65 17 11 97 0 
24 29 32 15 19 38 141 122 14 39 49 22 19 14 78 132 42 63 39 255 25 71 66 15 163 18 41 57 51 186 12 132 73 73 52 62 21 82 6 21 83 163 11 142 66 84 83 50 43 9 116 48 221 57 35 30 50 54 122 11 25 30 17 8 83 37 9 45 108 86 51 20 64 98 39 56 76 118 190 63 38 78 92 81 99 0 
25 13 41 8 11 54 146 95 19 21 35 7 35 17 113 183 33 54 42 255 23 6 48 21 144 10 54 50 102 148 8 43 41 61 73 55 31 67 12 21 60 205 14 1 28 93 33 41 32 56 41 98 34 49 53 15 29 24 79 47 31 42 27 32 15 56 40 36 72 132 117 79 26 188 98 109 23 102 13 99 76 75 38 41 97 0 
28 29 150 21 49 23 120 225 58 30 27 70 60 28 110 255 12 58 79 85 27 159 55 58 108 64 159 142 99 15 114 100 27 32 51 61 51 55 32 46 68 182 16 152 103 48 72 77 18 120 106 115 144 76 56 14 40 24 47 73 79 79 94 37 42 69 5 89 42 186 27 123 97 209 207 109 97 52 169 124 15 87 27 197 219 0 
13 32 86 2 42 26 92 62 2 39 6 30 10 28 130 63 22 50 12 99 30 106 27 30 91 134 142 54 125 124 29 32 31 71 25 14 69 83 8 20 59 127 27 120 62 105 95 58 17 58 60 85 95 51 135 63 20 80 75 56 80 53 32 68 44 61 77 60 18 29 67 56 57 255 157 102 161 41 137 108 138 57 57 167 137 0 
10 20 44 7 20 33 116 58 26 6 2 27 15 20 94 219 5 69 59 134 18 68 42 33 59 164 135 83 121 74 11 84 29 31 53 22 82 70 23 25 39 87 10 216 15 16 172 5 30 66 27 132 28 35 73 55 12 40 76 14 48 33 55 13 21 23 47 53 40 19 28 130 65 255 172 74 239 40 152 82 85 82 26 71 95 0 
5 9 20 13 14 42 101 29 8 21 14 48 8 15 46 59 10 74 161 74 40 70 14 56 23 94 96 66 120 64 54 63 10 26 31 18 68 46 11 3 47 93 11 70 46 45 4 23 42 78 31 74 25 6 29 17 13 45 99 3 50 2 19 24 26 6 68 27 29 20 11 48 67 255 50 38 50 8 137 79 37 60 34 49 110 0 
7 4 26 12 15 38 93 46 2 25 23 53 23 29 10 140 26 27 158 207 62 61 29 79 47 92 101 103 146 142 63 83 77 28 44 3 87 68 13 37 68 100 26 42 65 56 52 30 28 16 58 10 58 38 5 8 25 47 128 47 36 34 24 12 3 23 15 26 29 21 48 23 99 255 48 37 31 58 26 39 114 37 16 109 135 0 
11 21 47 27 13 12 49 28 20 17 30 78 34 19 59 103 26 66 205 90 7 31 54 108 49 92 92 255 176 95 36 90 44 11 41 22 102 87 25 38 85 64 43 63 42 42 36 8 3 77 47 72 40 87 53 31 66 27 93 13 91 59 34 38 35 43 64 9 23 64 72 33 101 169 17 28 101 74 113 22 134 87 64 151 84 0 
3 32 68 24 8 11 19 40 8 22 29 81 10 13 21 33 36 47 103 81 49 35 48 8 25 53 29 27 255 98 71 55 108 16 44 12 54 52 8 43 65 4 21 50 9 21 43 20 17 24 10 62 22 56 57 25 7 23 19 25 24 15 35 38 19 34 22 4 10 45 14 72 117 81 23 43 17 47 57 25 69 27 46 21 26 0 
3 22 147 47 10 81 32 52 23 19 43 34 29 18 50 132 14 68 117 255 62 161 59 80 30 93 93 93 237 38 24 183 74 36 31 10 41 29 53 60 132 164 20 73 48 27 18 62 16 98 15 22 70 127 51 8 10 20 7 31 79 30 37 33 16 53 46 60 36 100 43 76 150 118 96 41 14 18 125 24 55 78 53 43 20 0 
13 20 149 18 6 56 38 37 9 10 28 37 10 38 50 86 21 29 118 255 18 178 37 60 40 59 74 57 221 100 44 128 87 47 45 25 43 22 46 68 89 73 15 18 32 30 37 9 18 56 15 34 49 47 6 10 13 24 43 21 35 21 38 24 13 37 42 31 11 56 12 25 79 61 66 45 31 41 24 29 37 42 53 34 14 0 
10 20 217 34 1 66 72 84 6 22 34 26 10 32 18 88 20 33 146 91 14 255 46 113 46 31 90 35 70 92 27 172 182 145 76 33 82 35 63 104 114 176 16 80 29 49 37 48 17 86 66 40 61 76 16 15 14 66 32 23 35 6 37 23 9 35 92 61 29 1 61 19 114 141 62 79 15 31 43 34 71 35 87 70 27 0 
4 15 125 20 9 31 7 34 19 10 20 1 17 2 65 141 4 41 141 53 67 126 17 62 37 66 55 67 78 142 18 89 193 63 79 7 50 7 104 151 90 155 7 13 77 35 24 15 3 40 19 27 12 35 19 17 11 65 44 57 9 38 9 4 14 35 25 15 79 69 42 255 28 93 57 42 60 20 51 9 14 4 77 3 22 0 
2 10 77 7 2 6 13 7 25 7 2 14 4 10 33 24 23 32 132 13 44 17 45 21 22 43 24 69 38 117 28 97 165 34 45 10 49 11 59 115 58 63 5 16 15 28 12 20 3 18 19 21 4 59 19 13 2 20 11 21 28 8 40 7 5 19 22 10 52 49 30 255 25 21 44 8 35 20 12 10 23 10 48 23 10 0 
1 15 36 11 3 1 7 7 1 16 17 16 2 7 2 14 8 31 86 21 15 39 57 34 21 42 42 103 52 37 19 90 158 68 8 1 26 6 78 150 45 56 6 39 18 21 8 19 1 27 5 12 11 44 6 16 4 16 8 39 38 16 7 4 3 19 6 6 13 50 27 255 32 13 16 17 17 27 18 5 13 9 33 11 10 0 
10 22 36 21 1 12 43 44 5 31 30 18 7 5 17 50 17 59 93 65 19 79 12 40 38 77 88 93 87 73 15 40 83 81 20 7 75 7 125 187 67 70 13 17 9 55 13 9 10 76 23 32 24 76 16 18 3 22 30 68 148 7 17 9 2 23 56 5 17 30 89 255 29 49 29 41 39 17 30 8 31 22 21 25 3 0 
6 27 4 19 4 16 54 35 19 29 35 2 5 4 10 27 20 56 28 51 32 9 101 60 67 80 87 83 78 70 14 31 66 93 29 18 73 8 89 255 58 61 4 16 30 55 15 6 1 64 13 16 15 43 11 4 2 28 21 48 98 29 12 8 1 21 34 12 23 58 69 143 6 47 26 42 29 25 91 5 21 20 64 3 4 0 
4 43 13 39 3 6 30 38 18 41 22 14 10 6 38 16 13 60 15 80 15 84 59 32 36 91 58 18 81 42 42 56 58 81 27 29 49 14 63 255 41 57 11 6 4 90 22 26 10 74 15 20 32 56 8 15 7 24 34 33 6 27 23 4 4 18 41 17 36 89 69 110 28 41 7 19 78 3 62 13 10 9 48 28 16 0 
6 55 12 59 7 7 23 51 4 13 10 21 10 3 21 25 21 118 30 96 50 66 51 70 74 125 101 52 80 129 7 124 64 152 11 17 67 19 94 255 64 97 15 21 26 57 14 38 22 26 40 12 38 133 43 27 9 88 84 61 25 37 15 18 6 14 15 13 81 115 41 105 72 54 88 46 56 22 52 13 2 18 21 28 21 0 
13 63 5 25 7 4 25 42 22 35 60 19 8 5 3 65 7 109 18 93 38 61 62 68 62 130 61 99 86 79 43 26 55 138 50 15 205 20 255 126 57 164 42 60 34 66 16 11 15 106 14 29 35 110 42 23 5 116 70 54 76 30 43 16 1 20 34 20 16 96 103 81 45 76 29 115 69 26 51 7 21 27 25 33 15 0 
5 36 18 37 1 22 45 39 14 25 35 13 0 1 22 24 29 94 12 96 38 85 60 87 34 160 74 26 17 66 37 69 64 124 61 29 117 15 255 41 43 157 28 54 21 71 18 33 20 59 21 72 26 94 29 43 9 21 61 55 72 30 15 5 6 10 60 20 31 76 83 164 44 12 109 41 87 25 71 19 17 9 18 22 33 0 
10 34 19 45 5 11 58 39 18 44 42 26 5 8 28 25 25 76 23 97 64 70 62 83 70 119 187 111 11 58 68 45 37 117 80 56 174 38 255 49 46 122 18 28 23 79 4 57 8 68 35 50 18 142 28 55 15 116 131 21 98 31 20 10 6 26 83 7 32 13 61 51 56 9 98 33 36 52 67 11 6 24 14 21 43 0 
6 42 15 1 6 19 29 43 12 35 11 20 5 8 3 7 37 31 37 75 21 45 24 63 69 84 112 66 45 31 27 128 47 115 13 77 103 25 255 32 43 112 3 8 50 54 31 21 18 8 13 11 9 123 22 14 9 53 39 65 98 26 14 6 7 20 70 28 36 9 16 48 7 41 94 8 76 13 5 6 57 21 46 40 28 0 
9 76 7 18 6 11 45 41 28 19 34 21 6 9 18 16 22 54 46 74 37 43 46 44 65 89 149 60 12 76 38 132 79 141 12 72 85 21 255 25 39 67 9 20 21 46 15 91 7 47 72 31 12 72 24 31 5 48 103 46 30 76 31 26 3 34 89 31 29 51 18 24 73 40 40 38 64 28 5 9 89 28 29 6 24 0 
7 62 22 35 3 19 56 31 14 57 50 33 2 8 37 24 39 65 37 52 42 34 42 23 48 90 87 108 65 42 47 149 96 97 12 51 56 15 255 19 35 138 21 26 50 62 18 116 20 37 153 15 21 98 67 31 6 23 80 46 15 30 83 26 7 30 88 40 92 6 65 75 71 87 183 72 81 31 74 12 108 25 64 47 18 0 
12 21 15 28 8 20 42 60 30 40 19 20 10 12 36 26 37 24 48 94 60 42 92 43 46 106 50 87 82 16 63 182 63 80 8 29 27 30 255 57 23 119 26 10 65 102 8 192 7 15 161 20 25 12 77 29 15 49 46 98 64 51 35 36 23 60 39 27 119 36 54 63 70 40 131 80 28 40 113 35 122 89 35 17 3 0 
13 16 7 8 12 23 38 55 12 14 23 19 6 10 13 5 19 49 10 35 15 53 76 103 37 83 29 41 65 55 86 78 79 62 20 31 45 15 235 27 32 49 30 43 52 70 41 255 57 43 113 45 19 28 70 63 15 61 40 78 100 61 43 39 43 28 143 71 50 28 101 73 75 106 77 83 29 20 48 33 84 53 106 59 47 0 
5 3 7 25 15 20 34 22 31 31 15 12 7 5 41 18 15 53 44 18 71 100 66 113 47 46 25 96 11 31 42 132 99 34 73 7 42 26 186 52 50 134 32 58 49 120 25 255 51 98 119 79 28 112 10 72 12 77 33 48 111 119 68 12 60 64 46 40 97 28 45 78 53 51 80 82 57 95 77 42 44 36 65 43 14 0 
6 7 3 6 6 7 19 24 6 22 4 11 6 6 3 15 12 24 7 51 30 79 30 55 15 11 13 35 23 24 2 52 31 22 55 16 16 13 63 16 26 177 7 141 65 45 26 255 28 114 47 16 13 2 13 29 0 30 15 11 48 90 10 8 35 74 30 22 55 33 46 49 24 58 51 48 16 80 62 11 93 12 89 13 32 0 
18 7 4 5 2 5 35 13 18 26 11 11 5 7 17 15 15 63 35 77 19 66 53 41 39 24 18 57 42 38 10 57 7 46 53 8 27 11 24 24 14 64 7 255 118 50 49 207 6 78 79 31 11 78 15 35 5 40 4 65 99 198 40 42 47 126 19 9 63 20 34 30 15 112 12 46 37 68 108 30 139 14 159 22 39 0 
19 24 8 22 6 2 15 17 17 27 23 36 8 15 12 45 13 118 130 103 77 76 65 36 24 31 52 71 13 76 34 30 40 44 105 14 21 17 25 35 10 151 37 170 106 51 45 102 5 127 17 71 16 70 67 65 9 69 34 153 142 218 21 50 71 246 44 19 80 85 73 67 136 97 57 70 46 70 125 25 149 100 255 9 46 0 
8 26 5 15 5 5 40 29 19 12 21 31 2 3 39 64 43 39 88 17 78 9 61 23 56 61 5 59 62 89 34 40 113 73 90 25 14 23 43 41 51 154 39 125 76 72 16 82 31 21 40 25 25 76 7 36 13 16 61 104 136 94 8 20 73 175 54 53 18 88 73 40 139 255 124 82 73 69 123 12 146 20 101 8 58 0 
15 36 7 17 2 7 36 27 28 40 47 22 5 49 9 41 44 78 124 77 49 106 32 111 32 103 84 89 42 48 76 30 96 35 68 23 32 14 42 51 2 53 69 72 31 96 51 69 40 35 85 44 12 89 62 14 0 49 70 30 142 75 97 59 30 46 40 37 34 144 75 23 255 82 212 60 58 54 15 36 99 22 56 68 27 0 
6 41 16 6 4 2 41 7 26 31 38 5 4 13 12 19 2 33 95 54 29 58 31 28 36 91 61 49 57 38 7 63 95 78 68 21 15 46 19 49 20 61 42 83 24 31 16 49 33 53 14 35 4 60 19 15 18 22 24 146 192 31 55 50 33 19 48 28 62 110 54 54 195 255 86 64 80 75 44 12 26 8 9 46 46 0 
53 34 20 21 12 21 21 42 29 34 104 40 3 31 46 81 49 68 106 50 57 139 91 107 42 108 77 106 125 54 67 32 50 30 101 33 39 33 41 49 9 102 52 33 90 83 62 36 56 106 103 83 5 27 51 55 22 29 39 51 186 111 59 43 15 64 14 38 27 197 214 77 65 136 255 38 133 84 102 5 73 32 40 34 61 0 
14 40 14 4 13 5 33 32 18 9 76 28 8 20 26 74 59 57 49 57 21 35 44 78 11 74 27 84 92 26 12 42 48 67 61 36 25 21 18 23 8 68 32 35 38 97 49 75 44 53 31 54 19 78 24 61 16 31 32 72 42 58 29 38 25 41 51 64 70 45 39 83 255 29 62 79 108 76 42 35 64 19 17 29 37 0 
25 28 35 47 29 22 14 92 27 86 160 44 14 5 47 144 65 116 255 237 90 62 71 111 69 186 73 113 145 86 44 78 61 212 130 41 27 50 84 118 25 82 74 47 80 153 28 72 62 114 151 164 83 81 20 149 36 132 94 105 151 20 62 62 20 82 107 76 53 25 30 74 136 145 146 97 249 62 80 78 26 90 17 90 108 0 
25 19 18 19 10 12 18 44 16 49 89 6 4 26 15 67 21 98 139 33 11 32 45 99 54 154 46 50 45 57 55 60 111 255 58 30 28 48 63 138 34 73 23 77 30 44 44 55 22 60 52 183 17 189 107 102 16 107 53 125 41 61 118 24 39 58 14 3 43 41 96 86 221 96 89 73 94 26 18 83 90 50 55 33 39 0 
16 98 11 33 12 13 29 20 27 42 112 34 11 26 21 45 70 125 86 140 95 30 16 146 28 92 162 154 60 28 18 77 32 255 120 41 21 49 51 108 20 21 24 57 28 62 35 66 12 56 65 22 25 125 19 49 51 66 52 75 123 48 83 22 17 62 118 25 67 14 55 39 198 22 198 35 28 13 43 30 12 19 12 62 42 0 
10 99 12 26 7 2 15 11 9 19 70 38 7 10 21 26 56 101 80 38 12 40 15 124 9 54 114 255 33 57 56 108 98 172 55 51 32 22 41 56 15 135 22 44 34 52 44 14 7 19 71 44 22 33 133 8 42 82 37 40 126 32 82 20 14 34 25 16 87 11 18 81 165 70 79 69 64 23 51 61 13 10 18 58 22 0 
6 100 27 30 6 1 7 13 12 9 114 63 15 18 29 8 21 112 47 111 19 30 72 156 86 125 65 173 82 90 42 130 127 55 37 21 9 32 31 59 6 54 18 60 48 89 28 20 13 88 45 26 21 36 40 29 32 33 24 81 145 146 60 18 18 50 81 16 56 35 126 72 255 101 114 83 73 20 134 8 40 47 37 11 26 0 
21 94 13 64 17 4 22 15 2 32 127 139 13 20 29 40 15 90 70 176 54 86 33 219 32 188 181 151 52 81 81 233 125 188 86 33 61 19 23 148 14 95 24 147 55 119 47 36 23 45 136 255 74 124 32 27 45 7 25 69 140 85 32 6 17 42 45 83 6 35 164 84 253 109 225 165 132 33 116 13 51 118 67 55 81 0 
24 20 9 42 9 2 22 11 27 57 92 133 43 24 55 54 49 46 82 90 50 104 34 148 20 155 168 89 145 140 78 217 118 141 39 3 52 65 26 84 17 207 86 100 84 29 15 46 46 121 88 154 43 85 12 62 31 78 83 81 255 143 41 6 13 42 129 81 191 56 30 97 218 125 165 116 95 47 100 83 108 36 47 135 92 0 
15 105 15 21 2 9 9 22 10 46 57 79 39 59 32 57 34 46 42 85 28 28 31 77 53 95 82 82 91 92 86 52 138 87 14 17 70 32 37 93 35 98 34 37 43 17 44 19 48 38 28 35 56 116 52 36 17 118 32 17 128 22 54 15 21 30 32 30 44 52 48 44 255 32 199 150 93 13 98 39 72 88 23 39 126 0 
3 75 11 17 3 6 7 8 15 49 34 65 43 34 18 28 21 53 57 137 31 58 30 34 35 54 61 35 22 91 45 48 104 71 70 16 45 20 37 87 18 51 28 18 39 59 38 46 9 32 33 80 13 76 53 3 26 96 69 35 95 17 39 7 4 7 13 23 32 19 58 86 165 49 255 19 70 25 125 43 101 73 53 41 113 0 
23 101 33 34 13 20 3 44 33 4 25 41 37 33 54 48 14 39 51 84 24 198 46 38 39 128 57 85 62 58 54 57 129 38 90 10 94 27 29 120 37 185 43 106 110 79 21 15 30 64 75 76 91 202 69 24 17 11 90 241 208 34 56 12 31 6 28 73 83 63 148 48 164 57 255 34 129 56 12 30 77 33 38 15 122 0 
12 32 15 24 11 8 0 33 21 44 18 22 49 31 30 41 24 38 30 72 74 85 52 40 21 72 48 22 24 75 22 43 55 86 35 20 46 32 11 65 32 41 11 136 34 20 64 13 40 41 43 81 71 90 52 24 26 96 52 52 255 64 38 23 18 20 10 49 81 44 34 56 91 30 60 58 38 9 100 23 78 84 50 6 77 0 
14 165 33 20 23 20 19 80 12 67 29 19 46 39 41 36 32 76 60 80 75 146 80 152 108 151 44 46 94 154 56 81 90 82 101 45 170 78 35 255 52 225 11 37 53 43 124 28 47 114 95 99 41 202 125 77 64 76 19 111 156 87 76 42 6 35 74 102 132 147 192 69 159 30 58 58 84 44 85 32 58 117 57 48 114 0 
8 186 47 21 53 23 19 13 15 26 59 70 11 65 23 46 27 46 64 31 34 26 107 228 30 232 44 93 71 24 57 138 179 127 46 52 129 52 18 145 51 255 41 99 42 106 61 31 16 244 81 101 42 73 29 118 55 96 147 76 60 151 106 67 45 66 124 39 65 152 244 79 142 48 185 94 69 30 253 21 145 54 95 137 106 0 
4 140 46 40 35 39 18 22 12 36 74 55 31 41 16 68 36 49 70 103 31 30 52 103 48 234 58 108 87 61 57 69 255 58 9 39 116 46 19 156 12 114 37 58 93 77 18 34 40 61 63 39 42 70 46 128 66 107 36 53 130 63 43 38 35 68 3 20 20 88 89 42 177 39 99 129 95 61 187 51 160 38 65 35 54 0 
9 255 40 7 18 27 23 30 14 43 8 40 34 28 26 58 14 40 46 75 40 42 29 99 25 172 52 98 10 54 24 81 33 51 25 9 95 23 17 67 48 179 29 30 61 21 39 45 28 22 49 43 108 120 53 74 72 117 53 21 220 117 31 33 44 55 47 7 19 111 92 69 55 64 65 45 78 47 104 94 87 54 71 65 22 0 
4 130 7 21 25 22 47 10 7 43 76 127 71 44 33 42 19 20 31 96 17 101 25 97 45 123 79 82 28 69 22 59 173 41 13 7 88 18 20 75 17 154 52 79 45 53 82 71 21 167 29 64 99 78 36 60 32 81 114 36 109 53 53 68 80 74 90 44 39 199 123 31 57 67 255 80 218 79 169 101 30 23 15 10 77 0 
3 96 14 18 39 9 62 63 3 41 33 74 47 48 26 20 15 59 36 75 12 71 16 63 22 71 81 44 79 32 22 63 87 30 22 13 58 29 12 38 18 84 4 12 46 47 69 21 18 19 72 71 39 127 41 64 9 64 16 72 86 101 37 44 28 53 18 45 63 116 41 45 49 79 255 66 55 28 51 24 47 44 41 27 111 0 
7 47 8 23 91 17 98 57 0 46 107 50 20 72 10 25 0 41 40 74 41 84 14 96 33 93 38 43 77 59 37 98 140 59 23 8 140 40 12 109 41 255 31 58 18 107 109 36 61 101 32 122 33 12 95 48 41 53 152 108 163 7 18 50 54 55 64 58 47 38 67 52 15 19 186 67 87 68 119 138 58 84 53 18 100 0 
2 71 20 16 115 32 102 26 1 33 101 36 122 27 25 63 14 54 36 64 41 39 23 74 30 40 88 49 4 52 51 40 75 37 33 0 110 28 2 84 16 190 25 69 30 59 255 56 33 125 43 56 111 181 114 40 29 64 3 50 151 136 87 9 84 35 71 42 61 31 112 74 25 137 121 190 161 47 203 41 33 51 38 22 74 0 
5 132 28 90 127 11 85 34 10 55 122 161 123 26 49 67 25 73 46 75 32 106 52 89 10 58 85 57 12 24 36 35 87 29 40 18 106 40 4 134 2 16 15 132 74 50 211 29 84 22 34 151 190 37 84 3 41 70 49 42 30 133 58 23 54 98 9 148 51 47 34 57 18 255 109 71 202 44 156 39 41 38 129 60 63 0 
0 101 27 76 81 15 29 24 11 27 94 255 65 18 7 22 17 17 64 43 62 49 27 46 12 19 19 67 73 41 52 31 80 19 37 13 55 36 1 77 21 50 22 51 21 39 26 38 42 10 56 23 74 22 53 21 21 9 81 64 99 52 19 28 34 29 38 30 21 32 32 66 81 55 84 74 156 53 82 74 48 12 6 21 61 0 
0 42 30 61 56 3 14 0 2 1 64 255 98 16 5 13 19 24 54 52 66 53 13 33 34 12 24 49 44 24 17 35 133 24 17 8 9 24 7 69 7 43 19 39 30 24 26 37 11 41 16 40 15 47 66 2 3 71 60 24 77 34 15 23 24 33 38 38 14 32 63 41 113 89 57 47 81 9 27 51 13 72 23 4 23 0 
0 60 50 76 23 38 18 3 3 20 77 48 39 19 13 13 8 17 40 185 255 118 20 22 38 23 47 70 21 22 34 27 64 35 32 18 29 1 10 103 18 58 40 81 89 64 71 54 48 56 21 61 75 14 56 7 64 34 67 87 67 17 36 26 33 31 71 53 41 78 42 24 102 53 102 92 73 20 58 22 18 72 62 38 29 0 
6 106 44 155 17 54 8 25 6 14 127 152 22 38 38 29 23 41 97 179 255 67 59 53 35 41 84 84 195 31 40 9 112 51 25 33 15 23 12 238 19 66 51 145 107 31 117 64 37 186 38 94 95 77 55 16 10 10 48 147 135 96 77 55 29 64 101 76 68 100 45 50 189 19 67 50 49 37 22 55 45 130 111 69 46 0 
2 107 37 64 22 16 13 14 3 8 77 84 30 42 21 16 17 38 50 88 255 117 25 31 27 31 41 30 47 41 29 36 63 35 9 31 14 7 11 224 20 54 29 54 27 61 38 75 14 92 32 36 46 69 49 31 47 34 62 35 111 86 49 18 25 22 30 29 15 31 40 37 19 21 70 36 29 18 90 38 73 29 13 41 23 0 
3 48 23 3 23 19 11 2 7 17 61 37 2 35 22 10 8 13 75 6 221 255 4 36 25 28 19 31 72 24 35 30 90 10 17 26 1 1 1 187 11 45 38 15 29 39 14 11 2 25 14 20 20 35 31 17 24 32 48 33 2 44 25 16 11 5 29 13 18 32 47 29 54 31 79 37 34 15 43 32 7 8 17 30 26 0 
1 107 31 49 21 23 9 23 5 25 67 65 21 26 26 3 19 3 135 47 137 255 11 55 56 10 49 37 42 14 24 38 160 55 14 17 28 8 5 86 20 38 27 68 70 46 25 30 23 48 30 22 13 15 59 19 46 8 29 83 112 62 33 28 1 9 66 26 40 12 27 25 49 28 98 24 32 8 36 7 13 26 43 23 20 0 
3 69 17 95 2 9 16 18 9 7 33 27 34 17 7 5 13 49 103 69 113 242 57 29 38 20 13 33 65 2 14 42 43 48 32 20 12 5 5 255 25 69 24 22 16 35 31 28 25 38 52 10 20 44 2 36 8 26 106 53 80 100 35 22 14 29 13 39 17 43 46 40 43 28 64 45 17 12 46 26 22 39 6 14 22 0 
5 74 14 173 11 21 11 24 3 17 53 55 17 13 12 23 30 72 87 43 31 173 49 5 40 48 46 47 45 52 32 4 46 36 15 23 17 8 7 255 23 96 45 47 26 22 24 55 16 42 24 28 28 29 13 23 10 33 51 43 117 55 34 15 22 11 24 29 39 8 40 61 50 80 142 32 47 43 36 15 67 19 29 17 34 0 
8 77 20 168 19 28 13 33 4 16 19 55 12 33 28 58 16 82 61 36 108 255 19 25 60 79 73 78 53 88 20 13 74 44 24 13 28 6 8 201 9 52 56 60 64 70 18 53 30 75 65 53 21 137 72 97 25 17 86 70 109 45 63 31 42 22 55 51 37 44 2 52 154 90 191 55 136 21 36 26 51 27 25 35 44 0 
5 34 27 134 11 30 15 34 8 24 86 87 14 98 18 223 27 53 53 56 85 139 42 50 25 77 53 95 59 143 50 55 73 31 43 6 46 6 13 139 76 201 108 255 96 77 22 23 41 84 69 53 43 63 53 48 54 22 203 56 57 79 72 16 52 19 10 70 33 83 98 51 151 67 252 82 220 163 50 47 28 41 55 50 26 0 
12 24 12 122 4 1 11 27 8 20 62 76 27 69 16 89 19 46 48 41 80 178 27 35 28 97 132 87 64 103 45 70 44 49 30 20 41 10 11 77 25 255 73 35 78 21 14 36 2 42 31 34 17 82 42 28 20 78 133 45 183 54 24 9 38 66 29 103 87 57 37 99 42 26 111 90 129 75 54 22 35 28 56 88 30 0 
6 17 11 110 16 21 3 33 2 24 53 48 11 26 8 36 37 136 21 53 36 118 31 35 36 75 77 81 15 75 14 86 74 35 41 14 21 7 21 44 10 58 37 64 63 26 51 42 21 32 82 76 24 78 93 75 53 131 127 54 255 114 17 6 3 65 71 34 43 13 17 44 57 127 201 130 82 40 25 50 70 24 81 17 60 0 
16 81 18 111 25 24 23 41 12 41 85 30 8 22 10 19 21 107 41 54 81 81 44 79 99 12 124 89 40 103 32 122 73 50 65 72 15 3 47 71 13 114 16 68 120 16 62 58 13 68 152 39 33 255 80 109 25 58 122 160 108 144 59 6 30 76 80 6 91 33 70 58 131 113 166 72 28 78 69 60 117 56 43 63 91 0 
15 80 16 117 33 27 38 35 0 86 96 3 17 32 1 28 96 46 95 171 74 83 61 18 36 62 61 87 4 33 21 106 28 73 61 66 21 5 83 67 23 29 89 73 116 71 29 18 37 109 183 114 46 85 113 58 22 238 61 111 155 255 35 24 9 34 63 16 36 109 91 63 132 106 80 143 48 123 64 3 97 19 100 15 111 0 
23 83 31 77 19 32 16 35 18 48 70 42 8 23 5 14 45 123 32 97 45 31 76 69 121 46 44 84 103 21 84 150 74 38 101 69 23 6 104 109 6 78 74 32 182 38 61 62 26 90 64 78 25 145 39 77 16 41 79 125 98 200 88 23 40 25 77 44 64 111 37 143 62 179 255 28 67 191 45 40 201 23 62 11 123 0 
28 45 7 25 14 28 8 43 20 72 104 15 21 15 7 34 48 97 22 133 68 119 78 115 132 66 36 73 58 47 127 172 39 138 41 154 11 8 154 126 12 202 72 85 82 58 34 44 10 148 36 68 28 89 87 83 57 88 148 156 122 66 74 17 29 40 117 15 77 255 66 160 239 161 249 159 65 114 105 39 57 30 90 111 47 0 
1 37 9 20 15 23 6 15 9 4 36 22 10 2 11 34 5 51 24 11 41 25 21 88 42 67 54 45 44 23 55 142 34 72 58 42 9 3 103 41 0 118 19 15 18 54 24 28 9 56 27 41 19 64 13 0 18 30 14 106 255 132 19 11 10 9 41 8 39 58 57 105 85 63 84 60 20 17 40 29 66 9 41 52 23 0 
6 18 7 36 21 15 14 29 8 23 52 19 12 8 4 23 6 52 29 45 70 67 34 78 33 139 11 32 18 70 66 156 16 119 96 79 3 5 120 85 18 255 74 35 68 76 38 43 7 75 48 43 21 134 30 92 17 72 86 67 144 125 30 16 16 22 66 33 51 32 75 90 142 11 220 21 56 49 23 29 117 32 47 16 84 0 
12 47 8 42 10 16 13 44 8 33 31 11 13 3 5 10 37 24 23 48 39 127 59 51 35 167 25 44 27 82 95 105 32 112 73 46 10 2 115 74 3 107 77 53 52 43 22 29 17 5 46 35 12 72 16 69 26 17 107 132 115 37 29 10 7 4 94 4 137 39 53 47 113 21 255 101 132 16 47 3 67 13 32 36 43 0 
13 30 6 40 8 32 12 25 14 45 23 31 4 7 9 33 24 47 59 87 91 137 52 35 41 255 19 73 66 91 100 134 61 113 74 100 4 2 99 79 5 107 92 45 44 39 77 56 33 114 114 49 29 51 77 38 23 54 95 137 192 211 57 13 6 26 123 6 183 63 95 127 198 85 161 147 171 59 50 32 35 24 42 15 89 0 
13 36 3 101 1 18 9 47 11 49 13 76 31 63 50 53 35 28 23 79 91 112 101 13 21 158 47 110 15 92 97 165 39 77 27 95 25 5 59 20 10 92 107 47 18 28 18 33 2 23 125 19 32 67 89 52 8 33 79 72 47 83 50 4 16 3 77 56 255 13 59 53 185 27 47 101 135 24 19 15 42 22 28 39 29 0 
15 7 12 42 16 16 12 41 30 56 2 51 17 78 46 17 33 9 52 51 120 73 36 61 71 176 32 87 35 123 36 90 20 95 95 124 46 11 108 59 7 129 140 79 88 81 16 23 11 145 69 41 17 91 24 28 14 6 41 151 255 51 89 5 10 9 151 49 216 30 122 71 175 60 224 85 129 25 117 37 38 35 50 39 34 0 
15 30 7 117 7 10 13 39 49 50 12 9 12 46 44 62 69 33 17 22 63 99 70 39 31 107 53 44 44 111 63 102 41 133 32 207 68 3 111 50 13 141 143 32 29 75 65 14 36 100 18 22 27 138 57 43 23 3 74 24 177 103 44 5 20 26 73 50 255 23 97 36 180 59 223 181 17 33 102 62 57 40 55 6 11 0 
25 21 5 48 6 30 9 45 38 42 37 22 7 12 34 16 28 70 14 51 34 13 91 50 29 63 68 45 85 146 103 37 77 119 26 251 75 6 66 33 10 59 175 88 15 54 65 22 33 30 35 32 36 126 76 69 0 27 74 52 185 220 41 15 25 17 80 36 162 22 69 33 154 178 255 115 43 14 43 30 63 5 57 98 38 0 
45 35 10 94 18 11 8 24 13 34 38 42 7 12 30 37 33 9 75 75 49 76 56 41 21 66 30 122 138 122 111 100 50 123 40 188 61 3 133 113 5 231 224 92 96 8 35 66 45 132 58 86 22 151 53 45 43 138 10 60 255 151 45 20 33 48 223 49 146 4 81 52 184 146 81 80 190 28 108 49 20 48 89 115 78 0 
22 79 8 30 56 36 27 49 57 71 70 34 13 26 43 58 40 130 51 17 114 40 69 6 64 124 69 114 107 42 67 97 103 93 114 218 48 7 153 121 36 149 156 131 54 65 161 42 92 21 125 130 96 176 168 67 65 172 81 19 177 217 20 51 92 111 255 89 89 77 185 60 144 76 253 58 145 69 51 107 162 38 122 116 106 0 
30 20 13 43 17 11 14 37 20 38 47 7 7 9 26 37 62 79 31 35 69 23 105 19 49 69 25 31 26 46 35 13 47 21 20 28 13 12 119 71 36 152 102 67 60 71 26 79 33 89 39 51 54 39 95 64 41 71 102 114 163 99 20 47 77 80 73 51 255 65 64 38 109 103 122 98 123 29 123 58 20 84 99 118 164 0 
63 22 14 155 38 40 18 38 54 37 48 24 12 23 61 18 118 97 52 58 32 84 52 64 25 55 46 22 98 10 54 84 159 123 70 27 38 22 111 158 17 85 125 56 108 133 72 101 126 144 100 170 137 148 139 61 18 148 113 76 173 82 69 56 35 30 98 142 104 140 255 92 139 45 79 81 14 74 116 69 118 148 83 46 136 0 
43 27 0 148 35 21 8 14 22 14 41 10 6 15 19 2 64 96 60 91 49 50 39 56 46 38 9 58 85 14 40 83 37 152 64 37 31 20 21 130 40 216 163 24 40 34 85 65 158 68 39 129 32 138 120 39 64 108 165 83 175 57 38 19 12 49 66 111 255 60 110 94 153 49 142 136 56 90 178 78 132 21 118 68 39 0 
12 20 2 90 22 10 4 7 30 7 25 16 2 7 14 6 28 76 17 70 40 72 30 46 13 26 23 28 34 22 46 66 16 43 55 18 4 14 24 29 32 212 98 45 39 45 15 66 70 124 66 52 63 122 74 41 26 45 45 81 64 122 71 18 40 80 140 37 255 47 93 7 44 74 27 58 92 27 89 14 12 61 7 38 110 0 
3 21 0 44 19 21 6 26 16 9 24 43 3 7 26 14 21 67 29 52 86 36 30 52 35 51 23 32 40 66 18 87 70 53 54 12 23 15 15 45 9 139 98 73 74 86 24 113 82 32 109 137 15 59 76 25 40 56 19 88 73 105 120 33 87 31 102 19 255 42 65 61 61 8 35 20 103 29 56 36 149 83 43 210 140 0 
16 17 6 64 12 20 12 20 7 3 34 44 3 56 23 13 16 63 15 94 35 32 53 65 26 23 43 35 48 26 39 145 78 86 80 14 10 20 24 50 13 137 80 65 64 23 77 48 94 128 23 109 50 44 24 24 34 40 45 136 63 66 106 85 63 1 35 96 255 85 25 66 109 115 26 161 92 146 38 80 162 77 52 185 137 0 
11 42 6 79 18 26 12 25 19 26 44 11 9 17 44 38 22 54 29 95 53 43 41 54 73 15 52 35 71 23 88 152 29 26 83 53 11 28 20 76 17 141 115 107 207 44 93 74 31 100 50 84 74 142 101 22 76 157 80 110 48 83 128 46 85 63 128 59 255 39 100 24 133 56 126 50 69 114 210 80 136 170 154 198 150 0 
27 35 14 88 22 38 9 32 29 34 38 5 14 21 3 25 18 49 54 89 66 162 32 10 77 72 83 49 111 76 71 127 38 49 78 24 4 30 4 69 13 255 159 88 138 57 39 18 55 71 39 43 14 101 88 21 96 63 81 18 101 115 71 79 36 31 111 62 100 59 114 39 173 70 69 31 47 44 163 54 26 182 145 39 53 0 
55 26 0 68 21 61 25 63 56 38 74 32 26 69 19 25 58 97 41 117 50 148 69 23 102 161 45 39 175 199 52 134 103 168 174 43 19 58 42 186 0 231 190 113 135 58 33 131 65 50 62 23 41 201 90 68 47 79 53 74 50 39 73 75 34 38 152 169 101 14 66 87 98 162 255 45 102 81 17 48 159 73 20 60 23 0 
10 47 11 33 7 22 19 46 2 31 43 21 9 26 26 28 38 76 11 107 39 120 80 47 49 99 77 32 125 117 41 13 21 120 74 64 22 35 23 87 8 255 175 85 79 74 32 14 15 31 69 45 5 150 46 81 33 44 54 45 103 69 50 24 12 39 103 107 98 30 106 2 83 69 103 131 132 58 110 9 16 11 27 23 116 0 
45 48 22 88 25 37 28 41 53 74 73 23 44 75 42 22 71 42 53 118 78 32 80 134 103 53 135 140 87 255 73 98 85 108 52 66 14 53 23 79 15 180 214 72 32 126 42 80 69 102 27 141 25 167 65 152 15 224 76 80 93 71 46 34 10 66 47 107 124 78 83 42 229 220 17 218 139 74 197 15 65 38 131 181 107 0 
28 70 25 73 28 26 21 55 25 46 62 6 21 64 38 3 24 61 9 53 104 69 40 78 86 147 150 16 125 47 34 68 101 35 29 67 20 44 26 226 14 107 147 108 12 139 32 85 13 110 12 111 22 133 42 50 18 110 31 113 99 120 69 13 30 35 151 36 83 37 61 11 203 100 183 255 95 0 44 41 22 44 104 66 46 0 
6 44 15 61 32 30 16 72 7 36 53 30 38 102 21 13 35 23 37 34 75 78 67 81 24 79 59 102 130 80 102 91 238 14 38 78 8 48 20 127 19 179 59 76 6 135 55 40 9 120 3 156 30 148 51 46 19 64 111 225 128 208 109 17 42 20 138 23 29 40 144 36 158 61 131 255 131 27 128 34 18 37 72 97 20 0 
16 52 4 36 14 32 15 57 14 12 55 31 27 67 27 32 66 59 55 2 20 62 58 99 91 28 85 96 57 113 138 59 109 146 138 93 11 32 29 92 8 171 96 48 34 166 15 33 20 181 28 59 25 28 55 21 14 130 48 11 255 72 120 5 25 22 175 13 29 28 196 35 29 88 104 39 101 9 150 51 41 13 98 87 8 0 
7 69 30 41 53 21 34 16 6 35 26 41 46 112 22 30 49 95 20 132 70 69 24 65 75 106 57 72 72 71 121 107 5 31 149 52 12 43 23 181 20 129 185 31 71 24 79 55 15 75 69 62 28 207 88 62 21 87 64 10 175 41 38 11 20 15 151 46 113 62 131 49 255 141 206 80 152 93 124 15 56 12 123 29 57 0 
14 93 26 59 28 7 34 49 6 17 23 40 75 66 38 24 34 64 20 68 21 91 51 73 22 103 69 19 160 72 91 9 35 150 102 37 4 27 19 103 29 169 197 21 25 64 17 40 40 15 24 73 14 215 130 59 36 46 15 95 142 14 57 25 24 14 108 32 81 151 72 57 255 171 90 10 68 82 96 46 50 35 108 25 14 0 
20 34 72 95 53 53 65 6 37 35 30 71 42 106 31 33 22 79 28 106 97 77 118 180 68 117 126 20 255 115 100 52 170 245 195 50 19 23 20 230 42 188 154 86 72 82 74 33 75 58 39 112 68 186 136 62 118 167 50 31 249 122 60 33 40 12 115 82 193 42 112 39 244 48 121 25 82 90 100 24 120 5 82 94 51 0 
0 24 31 40 59 11 44 20 12 10 27 65 10 27 22 30 6 24 50 19 57 79 43 52 34 44 33 40 32 119 14 31 97 132 102 52 6 27 7 67 16 93 79 62 34 84 12 29 36 82 75 62 89 48 28 69 67 122 30 132 156 98 27 53 34 29 137 29 194 64 17 51 255 111 106 119 120 57 35 26 21 21 97 11 11 0 
7 120 38 59 102 43 85 137 25 55 49 52 59 160 12 52 45 18 55 45 14 116 11 77 34 15 33 7 78 106 19 90 162 162 24 56 31 22 26 113 25 49 100 56 74 68 67 120 52 112 170 125 215 110 67 90 125 173 3 35 66 255 80 100 79 43 171 63 123 25 114 74 246 26 187 89 113 73 90 107 61 100 175 79 72 0 
7 64 47 50 188 47 122 102 35 58 57 30 38 237 20 63 18 42 45 72 54 96 27 74 39 44 75 27 76 68 120 99 196 239 95 67 32 2 6 99 30 241 75 87 132 143 197 177 28 177 142 89 241 139 77 63 151 164 73 99 255 161 63 189 52 25 156 72 134 171 168 82 253 97 64 200 53 92 21 91 95 118 166 39 84 0 
2 21 10 33 120 62 9 57 16 37 53 43 43 89 17 14 28 17 30 50 24 14 8 38 29 30 45 38 65 30 38 36 71 65 11 15 46 22 9 70 18 98 97 255 64 77 98 121 36 67 84 49 54 51 20 15 50 51 84 80 58 166 60 42 52 78 39 33 11 102 69 57 158 150 49 161 27 71 52 31 47 41 116 69 26 0 
4 39 15 59 101 67 21 35 7 13 55 10 132 255 41 63 15 17 52 96 31 47 28 26 74 22 24 43 95 29 18 40 77 60 18 42 40 30 1 92 19 38 125 81 114 54 132 131 13 137 42 5 49 82 37 5 27 53 22 127 151 198 31 49 16 90 32 21 30 32 9 102 178 29 73 34 99 47 113 39 52 45 180 59 39 0 
3 10 36 25 68 58 28 18 2 14 36 55 64 59 16 13 16 22 57 33 23 48 22 21 40 5 41 66 140 59 86 61 166 20 20 19 45 26 2 50 11 85 24 14 41 39 118 81 22 102 26 43 45 42 40 16 1 39 43 80 24 88 54 30 28 137 58 20 21 34 4 51 151 255 48 89 39 81 175 53 86 37 96 23 15 0 
2 30 39 53 55 78 38 18 3 6 37 47 71 255 22 4 15 31 79 54 50 37 19 49 23 32 60 70 180 126 39 31 196 30 14 8 26 25 3 101 15 75 27 78 78 89 0 46 11 40 7 25 44 31 27 16 18 29 32 50 29 92 28 53 6 39 61 60 20 27 36 11 128 164 68 58 25 43 156 98 29 51 32 49 15 0 
5 34 32 33 36 3 29 20 15 10 18 21 50 67 23 21 16 21 15 73 37 39 68 34 24 38 25 19 255 137 49 79 162 63 32 16 7 29 3 172 20 51 38 74 72 53 61 26 78 168 17 57 55 47 22 19 27 22 31 37 31 72 4 59 28 18 69 57 36 31 60 40 133 36 58 81 22 58 70 20 69 15 37 44 18 0 
6 80 54 55 41 89 25 63 18 24 29 95 46 60 38 55 7 37 46 50 179 253 78 83 32 33 135 128 174 58 107 70 117 64 40 48 14 35 5 203 38 103 122 82 62 56 33 24 86 77 85 51 93 79 12 11 19 53 18 97 96 187 66 67 57 108 36 65 78 11 68 2 145 255 88 98 108 93 170 33 75 32 28 110 7 0 
7 35 18 36 10 59 6 38 6 11 5 67 31 20 12 23 8 21 91 27 96 78 20 31 13 8 139 91 145 101 58 59 60 84 18 12 14 10 5 255 14 108 69 70 47 43 38 39 27 75 19 23 12 67 19 7 7 6 52 31 39 53 59 19 35 33 33 36 39 23 57 5 88 12 30 29 27 41 22 44 29 8 30 21 13 0 
4 49 21 49 5 17 13 50 8 3 21 25 23 10 17 10 10 8 59 20 24 138 47 20 39 12 65 1 37 50 28 41 164 66 44 16 4 2 4 255 12 61 75 28 11 38 16 35 16 26 13 50 81 38 29 28 17 21 10 43 1 74 22 7 7 16 18 5 48 26 55 11 25 26 39 46 36 9 21 25 18 5 7 20 9 0 
8 21 5 62 2 23 18 52 5 4 6 22 16 26 4 4 5 10 37 11 17 44 17 10 16 12 17 10 7 37 19 54 87 28 35 5 12 4 6 255 5 13 54 18 13 30 12 17 3 48 5 42 42 43 30 26 48 11 22 12 40 24 36 6 5 11 30 16 15 21 87 27 29 44 47 57 21 16 28 13 31 9 13 2 8 0 
11 19 23 93 15 5 20 93 11 13 6 21 17 17 4 12 9 30 77 6 38 59 66 20 14 36 159 28 40 22 27 74 29 39 59 8 19 5 2 255 36 52 38 32 7 27 17 26 4 19 11 56 33 68 39 24 59 21 99 20 96 57 15 12 1 12 53 8 88 46 90 25 6 28 10 37 28 8 32 27 15 4 16 9 6 0 
3 15 8 40 8 5 3 80 9 25 19 21 21 26 24 15 14 14 33 29 56 37 41 21 38 30 255 27 17 52 47 147 22 34 43 23 20 4 6 43 22 29 98 22 20 36 18 32 11 9 19 96 71 63 75 54 57 59 88 75 100 48 56 10 6 13 42 17 149 101 124 60 45 101 47 59 37 16 42 11 9 8 3 10 24 0 
9 4 3 62 15 3 7 71 2 26 38 38 22 33 10 17 27 10 27 45 55 50 37 31 8 59 255 34 24 34 40 90 139 37 27 64 14 6 4 28 20 45 93 6 5 27 24 12 12 21 27 25 34 77 120 55 25 64 92 64 93 37 46 4 5 7 55 31 85 69 99 29 42 108 33 27 59 28 61 26 21 2 35 5 18 0 
18 22 11 73 10 20 27 82 12 42 66 37 17 19 12 26 19 14 6 29 42 38 3 36 29 70 255 47 39 101 73 146 48 37 28 52 19 9 12 46 19 52 121 46 0 40 10 10 4 37 20 66 47 106 25 62 83 116 129 63 120 196 24 12 12 12 30 24 124 104 110 22 101 77 45 122 68 51 78 29 31 8 32 40 25 0 
7 14 9 46 11 25 39 95 21 40 39 13 14 31 37 18 14 34 82 22 62 72 38 37 65 83 255 29 12 56 31 102 51 15 144 78 15 11 4 33 7 115 155 24 3 38 25 12 17 26 27 68 42 123 101 74 57 49 196 83 142 74 106 13 10 23 78 24 54 57 114 81 55 87 49 63 10 34 55 35 49 16 37 51 17 0 
14 26 18 37 7 23 8 110 13 35 19 26 34 54 14 50 14 123 173 36 94 66 62 73 73 27 247 132 84 87 93 255 44 78 51 110 12 6 9 28 21 213 243 49 9 135 13 7 4 97 68 70 88 167 142 64 62 116 129 50 119 199 44 19 14 7 167 24 96 35 158 3 100 85 109 205 99 33 77 51 69 8 26 33 38 0 
28 23 29 28 10 4 25 91 49 12 43 42 32 20 13 25 27 146 47 91 101 42 44 73 104 52 244 72 85 57 54 255 77 69 63 194 8 11 5 53 21 101 254 160 43 107 7 55 14 159 37 110 41 85 72 41 16 71 109 27 106 176 56 8 9 12 161 11 33 78 162 52 86 71 150 128 21 39 151 36 55 25 79 51 37 0 
22 16 13 15 9 30 29 83 27 6 56 79 44 25 31 22 24 77 68 15 85 39 6 39 23 57 112 96 64 89 97 109 101 123 41 96 2 10 13 55 23 30 92 98 29 42 47 82 29 41 39 38 32 75 38 4 8 11 174 228 255 204 49 26 15 10 52 49 15 34 98 19 46 38 145 68 173 85 165 63 92 44 64 56 23 0 
48 41 29 31 8 37 20 100 40 34 52 69 43 42 15 48 64 96 60 36 90 59 92 21 101 63 72 194 113 74 144 7 56 169 41 75 8 7 7 40 39 249 255 75 43 145 33 51 24 63 55 78 55 49 50 50 8 62 162 100 112 134 152 7 24 18 160 61 15 5 178 20 55 103 208 88 89 41 166 58 49 27 95 38 46 0 
33 64 22 15 2 13 9 125 55 16 105 58 43 43 5 42 42 46 49 27 67 41 33 8 46 23 68 121 160 83 222 240 59 196 34 56 8 9 16 31 38 240 10 69 102 128 15 109 16 234 56 25 40 128 27 33 14 28 41 153 255 180 95 5 6 23 115 65 14 63 123 23 53 144 111 159 85 101 140 37 54 23 75 63 50 0 
3 21 8 21 11 10 9 124 9 32 78 52 36 41 13 23 62 93 26 58 58 47 39 54 141 65 64 89 93 49 253 255 39 122 10 48 7 8 9 40 11 155 175 25 79 108 40 48 14 141 18 40 18 204 21 16 22 28 41 73 162 89 36 13 19 9 171 26 36 79 182 30 7 102 113 81 86 51 166 37 19 10 60 62 18 0 
15 30 7 23 10 19 7 112 11 28 61 6 20 55 12 42 28 16 6 17 57 30 56 57 77 23 67 63 41 95 133 6 111 53 20 73 1 7 5 15 39 28 77 35 24 66 10 84 32 149 5 173 105 164 31 67 16 54 58 39 255 38 3 8 12 5 84 33 82 30 168 25 40 100 124 52 69 41 140 16 32 11 83 44 61 0 
18 14 12 26 2 30 10 143 52 20 60 34 25 30 1 46 103 69 41 16 50 55 10 74 47 16 42 32 64 15 37 42 124 72 67 30 4 9 7 63 12 122 113 23 50 66 34 55 34 108 94 33 63 38 24 83 22 95 56 119 255 15 47 26 20 23 122 57 50 49 67 44 92 91 161 61 44 81 144 24 57 35 96 73 143 0 
12 43 28 17 17 14 8 130 23 15 94 58 7 22 13 27 110 92 10 74 65 79 44 56 74 57 107 100 37 142 128 59 25 27 77 49 5 8 6 49 19 109 182 15 77 69 99 116 35 147 79 139 107 135 52 33 114 120 132 57 167 255 38 55 47 41 118 96 77 40 83 92 85 93 147 112 112 66 129 85 70 55 144 140 141 0 
62 20 9 13 1 18 8 25 32 21 33 37 12 17 14 32 41 93 12 70 45 42 47 55 55 57 65 72 40 206 60 66 61 25 40 36 8 6 2 8 7 132 96 84 28 63 103 95 70 126 88 175 109 65 61 56 75 58 87 98 142 255 52 106 61 17 105 39 74 74 136 185 76 116 77 41 28 156 129 81 82 103 80 143 122 0 
63 4 21 28 22 21 11 22 3 29 31 28 25 22 15 53 26 16 23 69 65 64 19 62 12 10 53 55 55 166 152 42 36 35 53 56 3 5 4 24 18 202 69 66 35 138 48 97 65 69 76 106 90 97 85 120 37 90 60 20 183 203 130 27 82 19 22 39 71 32 56 56 85 175 122 197 13 108 255 95 99 3 121 46 86 0 
15 17 25 10 19 12 6 38 51 63 44 8 37 32 25 59 37 15 13 97 21 144 69 41 92 72 87 58 122 176 204 81 96 130 55 27 6 12 14 5 33 255 171 74 118 145 90 60 107 100 12 153 93 132 84 78 27 75 223 112 127 235 177 94 83 76 125 93 51 16 230 41 102 216 81 56 70 80 87 94 175 180 71 96 227 0 
6 14 4 31 4 7 7 42 29 50 47 49 21 11 6 37 31 13 15 17 21 75 53 11 45 19 24 48 52 79 137 72 58 64 70 51 8 7 16 40 21 144 75 58 75 51 55 66 28 70 82 56 18 66 54 31 28 168 72 93 255 64 60 62 24 21 76 15 45 21 66 37 77 90 52 60 14 80 109 88 40 161 85 62 106 0 
11 14 3 11 7 10 4 10 11 45 53 29 15 10 23 55 57 42 12 39 22 101 33 21 49 21 31 29 65 62 114 78 37 118 56 75 4 8 13 15 15 147 82 92 49 56 103 32 54 59 52 68 85 93 53 56 255 132 74 48 120 142 103 23 66 13 85 42 100 41 68 88 55 91 81 92 54 65 91 51 103 75 114 99 42 0 
23 41 6 39 2 11 1 9 27 47 59 25 28 20 8 13 52 40 39 42 65 120 68 43 70 33 67 29 101 110 126 65 10 99 76 83 12 5 58 24 12 255 141 73 26 139 47 19 47 122 23 54 63 146 69 63 153 100 18 41 115 125 49 34 43 47 78 57 52 42 181 48 47 79 64 99 56 9 3 64 94 43 39 108 39 0 
13 21 7 26 8 22 2 38 19 39 55 44 24 13 7 30 41 37 64 42 72 59 53 47 59 42 65 36 105 118 50 29 93 94 60 100 9 6 61 24 12 255 82 17 44 78 75 27 37 103 111 121 47 127 83 56 97 82 98 39 91 65 51 34 20 14 123 8 111 38 118 111 32 82 12 138 61 17 119 42 69 37 104 33 93 0 
26 28 7 85 5 13 13 46 18 25 88 24 11 25 24 86 89 28 80 74 130 26 64 73 54 92 51 35 230 230 83 40 92 116 101 93 26 14 129 34 24 108 111 39 49 57 33 37 32 19 31 38 15 117 22 71 29 166 44 142 255 90 87 19 23 18 72 44 76 30 63 222 39 57 127 113 93 67 57 55 56 16 113 46 21 0 
9 10 14 13 8 15 7 29 6 22 63 13 17 8 7 35 34 24 44 32 69 21 46 46 39 55 26 37 40 35 39 51 14 65 41 79 10 9 98 62 16 72 164 8 42 31 42 21 12 21 24 26 5 48 25 23 14 82 73 57 93 182 26 16 9 1 76 25 255 29 73 114 51 32 39 9 32 15 4 24 42 28 63 81 47 0 
22 52 16 70 9 15 15 13 4 54 74 19 28 21 27 38 6 31 35 52 72 41 31 46 16 89 21 22 122 79 97 97 46 92 37 25 35 17 159 93 48 255 108 45 19 118 30 131 14 53 50 48 33 94 44 42 11 108 38 22 228 203 68 16 12 10 21 32 181 10 93 89 32 79 118 29 12 37 52 34 22 36 101 102 15 0 
4 47 15 40 11 24 3 25 13 53 43 15 12 24 57 50 12 9 69 77 23 42 48 33 49 64 68 98 97 125 38 40 138 112 107 129 58 10 84 32 12 130 9 12 34 95 32 53 15 89 42 49 1 41 28 60 14 108 72 116 191 114 50 3 10 10 96 13 255 16 134 76 95 116 143 60 29 56 107 30 46 28 59 35 41 0 
13 9 4 21 2 21 3 25 6 33 14 9 13 13 45 50 18 3 46 56 37 33 31 48 19 22 30 9 57 63 7 23 21 59 34 86 59 4 81 19 20 28 131 24 35 37 12 9 11 47 39 42 28 67 43 19 15 37 30 46 56 56 21 5 5 3 59 13 255 11 32 26 64 44 21 38 58 12 25 21 44 8 30 43 7 0 
5 21 4 21 5 18 1 21 6 25 6 8 5 8 6 12 4 4 20 15 25 10 22 21 16 16 3 41 9 54 11 13 50 32 8 255 43 5 70 17 5 18 46 24 7 18 8 27 5 22 20 37 11 11 7 12 9 10 31 20 85 35 15 1 2 6 8 7 114 14 46 19 67 15 53 61 20 13 6 13 36 8 20 37 9 0 
5 13 1 5 5 12 2 17 11 23 20 30 8 11 14 12 14 27 29 29 33 29 23 36 9 41 42 22 51 21 14 18 7 20 9 147 33 17 71 36 20 41 28 20 8 23 8 26 4 16 22 44 8 5 25 33 19 20 34 104 101 41 34 7 6 2 42 23 255 11 49 14 187 14 21 25 24 36 37 7 33 7 11 31 7 0 
8 41 4 23 8 25 6 24 8 14 22 42 14 22 40 11 26 24 32 28 40 29 27 46 2 55 28 50 16 43 38 37 42 40 20 74 11 23 53 91 29 74 121 31 21 37 7 27 4 26 8 16 7 44 23 25 10 51 37 21 85 151 17 9 10 10 46 46 134 13 82 32 255 33 58 31 59 10 73 11 22 0 9 11 16 0 
5 73 8 14 9 10 9 4 17 10 53 26 5 30 56 19 32 24 26 25 42 31 16 3 20 48 45 38 13 7 39 7 51 43 24 135 26 38 46 159 19 85 31 18 12 104 1 26 6 40 47 18 7 83 28 24 2 40 33 58 110 115 34 4 7 12 59 24 255 21 117 29 201 12 31 51 17 14 105 15 25 5 7 16 18 0 
10 63 5 10 12 17 8 12 14 2 52 12 6 36 37 19 11 34 15 36 23 40 26 23 28 34 48 94 17 32 25 25 33 25 19 64 27 26 25 209 40 109 77 4 27 77 5 42 3 62 60 14 18 64 17 26 1 33 10 35 82 67 14 6 6 5 29 28 255 22 78 21 122 72 126 22 61 11 90 14 38 9 12 43 7 0 
6 52 15 4 3 8 2 26 21 26 70 16 12 52 39 5 9 21 40 40 17 15 13 65 40 39 49 21 46 66 68 70 98 5 60 16 11 38 5 253 59 98 121 35 65 50 7 33 6 45 22 17 11 59 21 13 7 31 24 57 148 27 28 2 6 13 43 21 255 5 100 9 178 58 89 42 37 75 14 2 40 11 28 7 14 0 
5 50 14 28 35 26 6 32 6 57 101 33 28 20 13 24 4 44 82 69 28 5 36 92 55 103 63 141 38 55 124 171 40 45 62 45 30 50 24 255 37 121 65 18 91 51 15 57 11 96 44 36 37 135 14 63 13 152 65 90 69 165 25 7 6 6 111 31 242 34 114 49 208 88 72 92 45 80 60 7 56 13 30 14 24 0 
20 18 27 26 49 36 9 15 22 81 93 40 38 69 15 24 15 28 53 62 59 51 37 78 31 78 84 166 56 103 112 130 102 43 108 19 25 37 18 158 58 88 143 5 90 46 22 55 9 98 22 63 19 127 50 98 25 133 39 83 85 76 27 13 8 16 91 22 255 58 36 55 238 37 44 57 24 104 21 18 27 14 47 60 8 0 
9 43 32 41 17 44 11 9 27 93 109 36 74 46 4 27 28 36 57 80 28 133 52 37 47 135 255 211 54 59 86 53 121 105 56 47 18 31 20 207 18 117 140 60 41 198 28 41 16 114 34 57 25 106 27 34 57 51 28 69 191 97 100 14 15 9 229 22 53 13 175 26 172 76 115 174 35 47 159 58 55 14 39 59 18 0 
6 35 27 26 17 31 5 22 33 82 134 38 52 51 6 21 23 52 62 103 10 128 45 17 56 133 255 104 161 41 58 38 138 118 61 64 33 21 14 194 40 117 24 53 40 140 29 23 11 44 21 41 16 151 16 26 21 50 60 27 149 74 66 17 20 16 161 41 58 20 118 15 133 85 155 192 56 30 143 32 44 3 59 10 21 0 
14 41 27 57 74 14 6 59 26 51 97 15 48 63 3 24 48 40 113 150 29 129 15 46 87 86 172 67 31 136 76 54 255 88 62 65 18 11 9 125 27 80 153 40 48 117 50 25 6 36 12 51 13 100 27 42 7 42 17 27 117 56 37 7 22 21 57 33 56 45 81 6 83 59 136 62 92 43 73 27 59 12 30 20 13 0 
14 183 80 64 158 36 2 88 7 34 69 6 61 22 9 52 13 14 34 126 11 70 20 74 24 80 71 25 13 44 33 56 255 112 35 35 20 16 8 106 13 75 84 39 7 64 39 41 9 42 11 30 56 61 1 23 13 26 30 81 8 27 42 3 53 22 14 18 35 15 74 26 64 54 96 101 76 23 62 35 5 7 19 34 5 0 
3 208 175 108 208 52 33 177 20 33 70 39 115 97 54 57 51 57 88 154 30 8 4 168 17 60 134 45 29 104 14 34 255 52 61 43 23 14 11 98 41 118 96 54 57 37 41 50 8 148 30 35 77 38 21 26 31 75 24 71 37 133 61 30 16 55 30 19 43 50 52 62 102 95 198 88 131 31 66 13 58 28 16 10 32 0 
13 57 189 81 255 59 39 205 17 64 25 50 41 115 27 61 43 45 103 94 41 81 5 68 27 95 54 73 65 73 16 62 44 54 53 6 14 10 13 38 45 58 49 69 70 48 18 18 16 125 9 19 151 62 33 13 18 82 15 39 87 88 49 22 41 55 41 35 11 34 79 35 67 36 121 96 66 59 67 24 31 14 36 14 17 0 
12 226 120 127 255 37 92 218 17 27 59 40 46 79 41 63 26 21 119 101 46 95 4 33 29 102 215 20 49 79 34 46 34 90 47 23 40 41 0 64 37 96 20 78 38 72 40 100 41 59 18 39 41 34 49 32 48 42 81 60 80 52 22 39 85 97 75 18 35 179 69 43 30 46 80 15 22 68 28 88 20 32 31 63 24 0 
4 162 152 58 233 77 133 97 8 48 108 130 72 31 22 80 31 31 188 81 37 151 40 14 73 62 98 255 76 152 35 94 74 63 60 12 76 67 12 50 7 43 60 118 41 40 34 119 26 31 128 50 42 160 63 14 74 45 21 45 155 24 78 10 63 76 60 84 52 190 103 47 110 131 94 59 21 29 106 22 80 94 40 75 39 0 
8 97 79 107 83 71 89 128 16 37 56 75 139 255 45 101 29 84 128 26 40 130 20 13 17 42 69 62 105 98 75 52 52 18 63 5 50 58 1 34 19 41 42 21 27 13 34 37 14 97 49 21 40 44 33 45 41 33 36 51 64 28 76 33 31 74 46 39 28 144 61 23 62 85 38 65 57 24 80 36 19 49 20 62 14 0 
7 152 88 138 61 55 73 47 9 9 56 87 145 255 20 106 5 12 73 101 45 125 48 56 45 31 49 149 185 175 149 44 40 9 108 16 41 70 7 50 9 45 17 94 36 36 57 43 1 68 20 17 59 48 58 31 37 33 108 34 6 61 50 19 55 25 57 23 32 45 57 41 27 124 73 46 29 54 43 62 35 44 50 52 22 0 
11 38 33 42 34 47 13 45 19 17 72 35 35 67 16 91 37 28 64 80 98 162 60 120 48 23 33 255 140 50 60 52 57 4 21 3 27 66 8 64 16 35 20 16 20 31 38 33 7 25 35 51 58 24 25 27 31 52 68 21 47 28 45 17 44 28 37 10 30 36 40 24 54 39 18 23 70 26 5 23 11 51 50 45 41 0 
10 99 32 110 31 86 18 43 6 35 142 85 28 102 32 48 29 28 101 40 147 30 33 94 78 32 12 255 112 60 57 50 120 20 44 8 23 54 2 33 41 54 43 38 28 1 29 11 15 40 30 22 59 30 11 22 15 27 134 6 45 13 55 18 29 18 23 35 29 35 38 24 28 91 37 45 34 24 44 5 4 11 53 39 54 0 
18 75 33 123 25 67 26 57 16 38 131 107 22 69 8 19 49 11 107 41 115 170 82 2 117 81 59 255 17 33 50 43 43 5 25 31 14 49 6 95 35 18 42 36 3 49 39 30 9 52 7 25 34 28 23 11 6 2 29 13 44 54 14 12 5 5 61 16 10 25 34 19 17 15 15 41 10 17 9 12 53 26 31 8 28 0 
42 64 55 130 53 55 21 60 12 36 100 91 58 71 14 214 56 35 93 49 29 61 85 106 184 255 201 144 41 91 23 192 110 30 92 70 63 25 22 131 123 109 61 25 35 75 7 24 7 68 36 42 64 31 13 31 10 14 25 50 11 21 10 9 11 6 95 33 17 62 37 15 32 55 89 44 47 45 17 18 24 14 67 19 38 0 
32 90 37 147 45 43 43 51 44 37 131 95 111 31 36 250 61 20 112 108 41 101 87 82 154 255 105 152 60 124 43 123 118 56 97 69 72 1 29 72 127 42 50 49 5 34 37 17 20 37 38 5 71 39 11 12 1 12 117 36 46 55 31 10 5 6 67 44 13 74 34 24 29 47 53 137 50 51 18 26 94 20 49 16 14 0 
70 15 29 91 20 6 23 40 95 34 79 145 38 38 35 104 18 24 66 190 54 67 63 89 255 30 66 56 69 104 44 36 246 69 86 62 31 4 10 24 114 50 38 17 38 25 8 29 17 36 33 23 18 7 29 16 4 8 112 30 75 25 10 4 7 5 33 38 33 57 32 13 17 22 12 24 26 21 19 16 42 21 46 15 11 0 
105 42 43 38 25 53 48 28 84 125 123 81 52 13 23 171 77 50 87 44 77 79 48 255 178 89 59 32 41 112 76 73 87 165 150 56 3 12 18 22 110 202 41 27 13 60 12 13 43 51 31 12 29 49 54 26 12 37 133 124 154 38 61 7 10 9 134 44 79 90 74 14 57 94 137 41 118 17 108 88 34 7 31 57 82 0 
106 48 6 30 42 20 38 135 62 94 148 103 27 36 11 100 44 31 46 81 31 53 77 255 181 110 19 49 6 117 10 106 132 66 121 30 31 9 13 8 131 30 55 138 20 89 25 17 32 67 64 9 7 10 30 26 15 6 117 20 25 8 90 10 5 10 133 24 47 44 198 37 41 94 48 80 72 23 101 30 72 28 39 59 29 0 
95 37 24 23 32 24 25 100 52 110 87 35 23 48 27 75 59 25 35 120 41 20 49 98 255 72 64 87 16 22 77 159 89 167 95 44 14 22 23 10 86 85 28 30 37 90 32 24 17 113 58 28 8 75 91 2 14 16 44 55 193 51 26 10 4 2 29 47 16 21 86 45 47 43 97 61 58 52 51 30 59 27 16 16 11 0 
138 17 8 13 10 18 6 32 122 37 11 16 9 67 5 26 20 45 32 26 5 19 50 255 151 40 13 17 25 53 32 58 39 73 36 19 11 5 16 10 46 77 9 33 18 58 14 13 24 30 30 6 3 43 44 4 4 11 18 41 47 44 28 8 2 4 27 41 30 21 33 27 13 38 35 28 15 15 56 11 21 14 4 10 17 0 
105 2 10 17 10 7 12 37 255 42 10 10 1 53 5 29 32 138 5 27 6 34 79 53 61 102 14 41 21 74 80 29 13 96 20 20 8 0 5 7 27 36 18 48 44 59 38 12 12 27 25 0 14 57 7 18 10 15 10 5 25 34 34 0 9 4 35 26 4 36 21 18 19 23 27 29 49 4 21 21 17 29 25 0 26 0 
255 13 9 4 4 8 4 21 255 24 14 12 10 12 11 20 11 99 29 17 9 19 67 16 84 41 11 29 9 26 47 16 20 72 22 11 5 2 16 3 30 25 3 18 28 17 22 14 17 43 19 37 23 42 4 19 16 10 7 19 14 10 5 10 5 9 9 11 3 44 32 11 30 21 26 22 25 50 37 6 40 36 25 31 17 0 
116 11 11 5 18 19 0 102 197 105 17 25 6 26 10 42 17 110 16 28 8 52 255 78 130 26 20 49 34 48 86 84 51 83 95 22 20 5 15 16 63 89 45 91 54 65 87 16 41 31 52 93 63 52 71 38 27 74 53 70 59 79 44 73 13 46 75 61 89 80 66 43 17 24 91 43 11 82 41 40 71 49 98 109 70 0 
255 10 6 9 6 9 5 61 120 96 14 28 2 6 4 21 26 55 14 12 8 17 56 37 78 34 18 23 2 29 6 28 22 34 24 26 3 1 2 1 18 83 8 78 80 21 58 5 34 66 39 74 73 31 62 48 33 44 44 20 38 76 12 78 39 40 59 81 56 41 58 49 69 33 49 42 24 93 30 47 57 9 21 64 66 0 
255 17 4 9 8 9 8 47 228 127 26 61 3 12 7 21 15 26 8 44 8 103 16 33 99 57 14 38 5 31 10 28 12 63 24 15 5 3 17 8 7 68 16 63 42 41 39 23 80 26 39 47 17 38 26 31 23 39 9 13 47 44 26 24 2 30 12 33 36 8 12 20 22 14 10 60 19 92 82 17 76 137 29 51 36 0 
194 26 12 27 11 9 7 70 79 159 29 98 10 29 14 50 17 11 33 34 23 90 127 72 101 43 15 94 109 29 2 61 11 114 27 3 1 3 10 7 45 65 8 72 46 73 52 66 73 87 2 45 76 115 41 42 73 74 27 120 92 78 32 57 53 39 147 83 47 74 91 83 138 95 74 33 96 97 255 55 38 219 91 83 34 0 
242 26 6 24 6 11 10 33 255 39 10 25 1 3 15 20 18 41 16 14 56 133 76 30 22 43 40 15 58 35 33 57 32 74 23 38 4 2 6 11 22 7 15 69 27 77 14 20 33 64 34 37 16 98 10 31 34 70 15 28 19 1 31 35 36 35 19 51 16 56 17 31 39 68 51 89 68 74 25 26 34 26 25 58 75 0 
250 96 12 72 17 2 9 255 212 61 44 39 10 14 46 97 14 42 75 81 148 186 106 88 113 230 75 88 99 143 100 87 129 181 165 81 24 12 22 30 41 136 47 95 111 170 60 93 123 254 56 72 93 74 59 86 52 60 96 153 136 27 75 69 27 61 250 108 54 142 63 31 56 248 76 218 71 90 72 84 148 94 127 220 66 0 
2 45 28 59 19 22 17 193 251 40 29 56 20 22 28 34 80 29 84 58 127 133 60 15 97 47 68 125 44 21 79 53 77 78 203 82 1 1 22 31 47 255 73 33 75 55 5 99 33 74 73 77 79 41 18 48 45 58 25 167 15 62 33 36 24 14 152 51 18 109 43 28 67 161 27 73 144 83 34 57 11 23 89 84 39 0 
31 29 19 25 14 10 27 128 109 39 19 47 25 62 14 33 56 88 53 21 255 169 76 31 35 196 162 60 46 58 19 77 89 27 225 141 13 5 29 22 56 159 47 138 46 85 27 120 31 102 70 41 156 16 30 28 108 78 42 136 115 42 13 6 10 19 14 35 80 110 38 7 116 147 172 98 24 37 55 14 82 69 66 74 14 0 
50 46 15 29 23 27 5 215 96 111 34 63 11 255 16 47 59 116 26 44 63 118 74 44 50 70 111 56 52 48 39 58 23 28 67 150 9 9 23 20 53 92 56 143 36 13 34 80 22 117 140 26 27 19 58 47 26 124 45 16 117 49 26 25 20 21 56 29 8 65 75 14 48 79 129 30 124 77 77 11 39 37 52 63 50 0 
38 23 22 21 22 9 10 255 30 71 20 42 26 138 23 44 41 96 41 66 45 47 40 37 47 73 13 40 54 66 69 32 53 104 116 126 27 5 12 17 45 195 22 30 110 62 56 29 17 104 17 66 44 112 48 50 27 148 32 86 51 120 10 59 48 15 44 65 55 27 89 25 42 73 141 49 12 155 36 48 65 30 70 93 78 0 
46 23 7 13 2 14 8 255 66 39 16 27 4 97 3 30 38 80 38 120 149 4 15 26 75 26 62 40 26 42 27 42 64 122 29 26 10 4 15 23 22 124 42 50 138 54 44 106 29 19 158 47 43 46 16 37 10 110 21 122 36 84 39 89 62 60 67 110 120 20 60 23 12 66 65 29 68 51 57 39 132 79 51 103 90 0 
54 32 13 22 8 21 10 234 33 60 32 35 16 51 36 56 64 175 65 111 87 12 72 109 39 110 196 26 74 42 85 107 179 132 53 44 23 9 20 39 104 98 47 164 247 66 255 93 53 71 220 142 87 85 51 20 20 204 139 224 206 209 119 26 50 132 91 84 103 14 19 37 134 13 144 113 72 129 54 152 5 142 80 43 99 0 
32 13 14 17 11 34 12 225 54 43 22 10 16 20 23 66 58 46 59 182 14 48 44 68 62 115 48 45 34 34 92 85 174 78 36 105 16 15 28 18 80 80 23 140 115 186 53 161 156 96 173 92 113 101 64 36 23 99 52 71 255 110 211 46 163 63 97 185 32 55 98 50 85 169 107 51 86 193 147 75 188 55 130 182 73 0 
47 31 9 23 19 43 10 179 55 8 27 240 10 14 23 52 48 18 80 99 21 17 49 28 45 117 106 63 25 59 41 82 140 127 44 52 8 17 26 5 44 115 61 177 106 108 58 71 113 140 135 62 76 40 53 14 70 3 43 8 255 81 115 43 167 50 38 41 82 105 53 24 22 48 58 102 142 147 76 11 21 61 102 18 18 0 
26 17 13 6 5 32 12 146 28 26 14 89 12 15 27 27 34 26 255 219 38 83 58 80 75 140 111 142 31 109 96 105 89 8 37 18 17 15 22 37 30 169 22 87 20 57 3 14 17 63 82 58 191 193 47 175 131 84 171 53 12 22 43 15 27 12 73 51 94 115 89 111 12 110 62 168 69 91 73 39 20 38 25 43 11 0 
29 8 20 9 13 33 9 159 19 41 25 22 7 17 39 130 31 57 115 159 28 27 215 87 113 137 73 134 32 132 161 154 95 40 36 13 24 16 14 23 67 177 54 29 23 7 8 16 6 33 72 33 76 88 163 167 139 103 107 81 46 27 37 20 53 24 68 37 112 170 57 107 163 241 179 255 109 44 73 12 37 25 12 31 9 0 
34 38 14 21 16 32 10 114 34 31 29 14 9 18 42 82 17 49 167 101 54 210 192 27 57 82 26 76 40 123 128 145 123 45 69 13 23 26 23 37 47 229 11 85 8 30 7 10 11 103 73 97 85 145 141 43 232 86 124 68 40 14 26 6 34 15 67 16 49 255 168 132 219 149 203 171 222 41 30 11 20 26 23 25 22 0 
43 69 13 19 15 60 21 70 27 52 14 51 33 18 49 119 85 161 255 80 64 80 67 105 68 122 119 82 40 25 49 92 22 16 44 36 29 61 32 18 17 163 70 87 39 29 30 1 19 31 174 169 136 61 123 101 179 114 92 134 61 48 11 5 38 30 11 31 147 158 43 129 199 216 167 110 30 31 74 53 76 28 59 48 25 0 
17 29 14 30 19 38 11 14 21 20 11 35 10 36 26 38 55 255 17 55 46 53 53 26 11 16 10 45 17 39 56 20 15 5 9 9 50 12 28 25 4 103 34 23 18 59 8 18 10 71 92 82 53 37 72 60 48 37 26 78 101 12 3 15 33 10 17 23 29 69 78 51 50 114 111 94 26 28 52 23 38 21 38 20 9 0 
19 36 10 48 10 44 9 22 15 27 11 36 19 98 43 52 41 176 125 37 24 18 61 13 36 38 34 26 36 47 24 51 24 4 4 30 43 29 25 30 15 255 59 117 14 69 18 34 16 61 82 104 24 27 70 102 41 61 19 61 20 29 17 2 32 10 39 40 15 84 72 27 117 101 94 71 39 57 23 23 25 26 47 13 8 0 
15 80 30 56 39 38 25 6 33 76 27 67 27 139 73 54 37 95 88 73 46 69 80 17 74 14 55 30 100 38 136 93 10 40 20 26 85 59 46 65 31 90 57 255 43 40 19 5 53 168 177 192 77 107 66 150 71 201 38 112 91 12 68 38 80 62 97 127 106 162 144 121 128 127 192 223 45 107 108 32 58 46 165 39 21 0 
17 75 16 67 28 38 11 9 31 53 38 60 21 72 58 58 70 125 50 69 57 25 91 29 49 38 35 37 112 83 80 61 80 25 27 31 42 42 46 87 33 171 80 178 90 136 10 66 69 103 152 35 84 87 37 86 72 168 107 102 181 15 104 72 97 69 99 137 40 214 74 238 89 96 255 126 170 97 112 22 99 123 201 61 85 0 
14 47 10 44 25 31 8 3 18 55 18 44 13 13 21 41 31 23 19 45 70 26 74 34 69 45 98 77 92 91 100 32 40 67 14 49 29 48 20 52 23 113 27 125 43 15 22 99 64 111 102 105 39 34 93 161 122 74 154 29 255 36 40 129 25 76 48 76 129 62 97 33 97 27 92 58 108 28 44 35 21 66 114 15 137 0 
15 54 2 46 26 34 15 14 11 44 12 109 8 27 23 51 136 72 25 70 82 53 88 34 93 66 45 63 94 97 146 63 43 75 4 22 52 8 49 31 22 112 39 204 28 6 23 110 22 73 96 44 32 255 93 55 117 107 107 23 200 62 22 71 24 39 38 117 66 60 90 182 28 59 147 67 77 149 60 95 60 101 38 39 65 0 
11 52 10 31 41 38 9 28 28 69 15 27 13 16 54 134 255 30 15 26 60 85 56 53 100 72 42 49 75 37 28 89 44 143 77 33 46 48 159 153 30 87 67 106 86 51 25 135 88 69 90 160 60 77 61 126 42 157 88 98 104 25 120 18 50 31 97 73 64 94 120 160 211 44 31 143 127 168 155 62 21 6 75 47 85 0 
10 40 11 17 33 13 8 25 12 38 10 15 7 20 56 129 92 17 2 24 15 36 27 18 63 39 33 46 65 42 76 8 17 100 23 50 82 34 78 124 17 121 52 38 16 46 2 25 23 38 34 52 61 115 27 45 15 91 50 31 26 18 27 19 26 12 60 54 196 46 19 255 92 70 78 48 65 16 27 45 23 44 72 13 15 0 
6 35 8 20 23 10 12 17 5 23 4 6 7 14 44 11 9 7 14 23 5 1 25 38 20 5 22 31 31 2 88 44 52 63 16 73 46 33 131 93 6 120 27 3 6 44 4 19 15 58 19 24 26 107 30 21 12 47 14 32 34 9 31 14 2 2 40 33 255 25 27 238 75 6 30 13 77 33 50 24 13 20 48 3 6 0 
7 25 11 9 19 6 6 13 9 16 16 5 4 19 99 36 19 24 21 31 4 26 40 40 38 20 47 25 32 30 42 43 42 65 8 255 145 32 244 115 13 129 30 17 10 31 6 9 12 49 23 29 36 3 31 48 31 18 17 31 19 7 13 7 12 2 57 41 238 8 120 142 93 52 72 81 23 27 41 11 22 9 42 14 7 0 
4 27 15 12 23 19 22 9 4 11 10 5 4 24 47 70 23 30 17 21 10 11 34 38 34 30 48 19 40 41 75 36 53 45 18 255 201 81 182 114 15 83 25 30 10 32 4 7 5 24 41 66 42 69 28 26 29 49 18 22 3 9 28 4 7 1 32 36 142 8 63 183 75 29 49 11 30 10 35 2 19 5 38 10 1 0 
5 23 16 16 25 19 20 16 6 15 18 13 3 23 30 32 23 23 16 31 21 34 53 39 47 10 42 55 23 40 85 34 25 27 30 152 143 36 229 137 2 81 19 20 13 11 0 17 6 9 51 142 48 33 42 26 52 56 13 15 12 2 12 4 6 1 35 33 255 44 10 69 37 51 37 59 28 7 13 3 5 10 34 15 6 0 
5 41 25 8 34 12 9 13 4 43 25 16 24 51 75 18 24 22 22 21 9 50 30 6 33 26 15 27 17 51 35 30 73 44 26 54 65 46 140 145 16 17 22 33 31 48 4 18 4 32 12 20 22 53 21 49 10 48 24 15 26 12 8 3 4 1 24 31 77 34 255 65 52 17 17 30 38 8 46 14 15 3 35 12 11 0 
7 68 42 8 63 24 20 36 7 68 35 24 16 136 80 37 33 11 18 54 14 66 82 39 53 5 38 17 43 31 111 63 37 47 19 98 108 159 78 150 31 99 38 103 15 61 8 16 5 60 18 44 15 51 40 39 13 7 30 33 61 20 13 7 2 1 35 33 76 57 83 255 87 60 118 104 9 25 45 20 26 4 43 16 18 0 
8 65 45 8 72 24 35 37 3 80 21 23 26 108 47 24 27 48 22 65 37 69 67 68 12 18 38 57 48 62 78 99 109 54 33 99 76 50 49 53 7 37 38 61 17 12 7 21 4 16 29 16 18 71 40 20 18 73 25 49 41 12 19 3 9 1 18 58 48 85 255 116 174 111 28 87 31 52 19 6 20 4 38 28 21 0 
15 72 101 3 116 86 199 79 18 158 50 80 222 144 54 139 70 200 98 108 72 182 57 69 82 19 69 99 94 81 155 159 212 17 7 133 191 255 75 107 37 187 32 11 43 117 26 16 10 153 59 57 41 152 44 17 80 20 60 57 20 22 51 5 23 1 81 84 165 104 241 119 156 109 175 70 71 46 107 51 10 8 50 63 23 0 
6 22 50 22 63 52 116 71 9 102 29 32 62 45 67 71 65 140 47 105 15 108 16 85 40 50 19 59 20 136 190 62 34 40 13 73 127 68 57 33 19 49 24 46 21 61 75 19 7 119 21 37 16 25 27 25 17 34 31 11 60 3 36 5 10 0 82 62 41 142 255 69 130 52 76 14 39 34 16 33 20 1 21 44 11 0 
6 27 41 24 52 38 52 143 10 27 25 45 48 28 89 79 46 112 47 74 41 45 39 102 7 50 46 114 33 176 76 143 77 26 37 52 157 234 53 31 14 135 9 68 34 33 54 9 2 24 11 28 35 49 56 19 7 35 21 11 24 3 23 2 8 0 20 46 43 223 255 49 90 125 68 16 4 29 44 34 16 1 9 30 8 0 
5 10 23 11 46 102 49 99 4 74 57 135 170 54 143 255 45 108 105 119 43 103 123 82 47 52 89 164 109 255 255 78 42 38 1 34 197 251 39 66 73 66 33 57 18 63 45 9 5 49 11 33 65 98 52 4 16 19 15 17 28 10 29 1 10 0 34 42 57 255 225 76 9 147 38 96 41 9 46 37 16 3 3 30 5 0 
5 35 22 40 8 45 97 43 4 154 50 23 74 48 117 40 29 112 41 105 107 171 255 236 63 37 65 92 28 127 68 255 47 50 33 44 124 57 46 78 32 38 4 98 29 37 13 12 5 48 26 13 30 73 23 65 9 40 26 15 22 6 1 0 8 1 42 27 53 122 151 45 83 37 23 56 36 20 45 29 13 1 10 3 6 0 
7 5 15 15 21 38 58 14 0 71 52 14 4 78 51 58 32 85 120 51 113 104 211 47 29 45 7 72 89 72 12 79 31 35 42 9 255 89 34 107 50 55 21 23 33 56 11 6 5 31 28 4 16 69 24 58 4 77 25 31 29 16 4 2 10 0 20 9 37 123 41 25 85 85 48 61 31 6 46 16 8 2 17 9 8 0 
3 24 7 9 5 32 12 10 4 142 20 25 21 56 52 11 17 54 5 30 65 4 162 53 71 49 37 5 58 72 37 90 24 31 48 33 255 52 5 57 29 77 20 16 18 59 5 13 6 36 56 13 13 28 24 32 1 69 30 44 14 2 3 1 12 2 6 19 17 177 62 40 28 37 19 25 39 11 42 15 15 2 27 13 16 0 
12 31 10 37 58 50 72 34 14 189 9 74 19 61 117 23 52 35 102 106 50 131 50 135 84 107 216 70 134 96 73 112 187 134 187 96 169 53 55 17 66 131 32 108 22 235 1 34 17 39 192 65 91 192 99 54 22 29 44 48 53 32 41 3 20 1 22 82 66 255 92 110 101 94 88 101 102 18 212 35 22 22 114 16 16 0 
19 51 21 41 30 30 52 23 10 123 71 48 27 28 12 8 74 139 52 91 42 126 54 161 92 104 131 111 112 119 88 41 34 129 203 57 13 70 66 17 24 216 70 93 37 192 9 1 16 82 111 19 18 255 49 61 17 100 59 41 3 4 10 6 19 3 40 80 211 160 181 65 20 61 127 107 68 25 196 19 24 13 128 19 28 0 
10 41 9 28 37 89 24 16 14 13 57 63 46 53 78 28 56 115 53 68 63 102 58 126 81 62 115 81 112 55 36 96 70 137 141 51 34 54 12 10 61 80 8 67 22 152 2 14 30 81 98 42 255 167 23 47 78 37 18 58 52 16 50 3 27 2 30 95 62 93 131 57 65 134 12 89 69 11 105 9 68 35 124 36 71 0 
6 40 3 15 11 21 40 3 2 21 23 37 27 31 28 13 45 47 49 27 42 40 80 40 25 33 29 51 20 17 25 76 37 62 62 41 24 26 17 14 9 36 3 57 84 18 1 18 31 44 24 49 143 33 25 10 148 26 15 14 48 22 14 2 10 1 37 36 21 49 11 57 20 255 54 74 86 46 11 7 36 93 87 43 78 0 
11 20 6 20 29 67 29 9 8 87 28 36 21 32 41 20 47 18 94 41 55 83 63 23 49 22 34 23 25 35 16 96 90 96 73 74 17 40 24 7 14 125 40 74 81 138 8 19 54 101 35 96 170 120 9 44 76 62 8 71 12 3 12 1 12 2 57 24 63 255 91 103 55 142 68 75 104 67 229 7 22 41 147 61 35 0 
16 55 3 41 22 51 14 20 2 19 40 39 76 18 32 20 79 56 139 106 64 88 106 86 51 79 45 32 109 86 2 153 110 96 85 43 20 79 43 12 60 85 12 99 120 255 8 80 23 191 57 64 66 218 48 75 33 46 38 88 29 30 29 1 15 4 95 59 147 223 209 133 54 154 81 74 165 24 155 3 78 70 195 51 111 0 
10 23 2 28 42 63 13 20 2 56 13 38 25 35 36 21 41 78 82 48 50 43 31 46 111 63 65 28 73 33 31 105 68 89 59 54 16 33 2 8 13 126 54 77 39 251 0 6 3 178 67 52 119 255 75 44 53 23 26 69 19 7 22 1 8 1 104 136 90 75 214 40 41 107 37 41 60 26 245 8 25 31 170 8 47 0 
13 18 6 14 60 4 65 11 19 60 30 83 26 102 42 43 56 73 85 69 113 127 77 135 118 109 42 46 63 93 15 236 36 206 84 65 46 59 44 19 77 223 60 40 223 96 7 58 1 86 219 90 115 95 90 62 89 146 35 106 58 25 35 8 27 3 86 27 106 53 80 41 126 46 89 38 60 165 140 16 44 56 255 41 114 0 
13 27 3 42 29 39 35 44 6 100 60 153 40 75 52 29 71 114 80 56 105 110 106 101 81 23 58 20 70 23 34 229 150 211 51 12 17 44 43 54 43 91 80 255 203 152 14 92 13 121 250 56 78 159 57 112 43 107 29 183 54 13 39 2 18 2 62 66 209 78 137 43 175 72 82 166 126 85 185 12 53 33 246 125 109 0 
13 58 3 48 18 49 10 50 11 62 26 75 33 33 35 31 49 105 113 112 122 103 58 22 96 70 51 51 94 103 90 90 255 116 36 26 23 22 25 17 85 144 18 40 122 190 2 78 12 118 101 40 33 87 79 94 31 17 37 165 21 40 17 2 9 4 72 36 142 99 185 52 93 100 84 179 40 83 188 11 58 20 171 54 36 0 
10 91 3 108 10 102 17 70 12 66 63 26 12 37 56 102 54 118 187 70 124 141 163 129 189 123 119 87 155 122 64 68 98 100 85 8 26 24 17 40 59 97 86 101 40 119 9 113 6 75 83 72 72 85 34 67 14 26 35 75 23 6 35 2 20 3 28 47 80 101 108 50 17 255 100 248 71 19 93 14 77 4 130 59 52 0 
9 48 4 68 7 74 5 64 3 66 67 30 10 33 57 121 78 138 212 71 92 40 65 101 108 39 22 68 85 95 138 87 58 128 115 67 4 32 24 29 47 197 55 73 40 87 12 69 9 86 88 69 11 95 62 85 13 48 28 32 12 12 78 1 24 0 134 88 73 42 47 54 43 204 11 100 255 14 70 39 62 1 92 71 40 0 
6 90 2 95 6 64 13 97 14 141 27 17 10 63 17 58 9 53 118 24 56 17 17 31 42 45 149 97 86 91 130 22 40 61 135 62 33 54 7 39 40 255 72 141 24 117 9 101 6 198 26 41 19 140 36 118 35 30 33 71 40 2 15 0 38 2 109 40 59 26 77 31 129 103 234 200 97 28 145 15 82 1 114 35 31 0 
9 92 5 97 2 99 13 78 6 93 21 51 30 2 16 17 22 86 111 30 97 50 51 79 45 18 87 58 136 24 29 63 101 9 143 35 17 18 6 20 25 54 22 162 73 69 3 109 6 119 25 107 16 163 61 86 32 79 27 58 33 37 19 2 21 1 36 44 106 44 84 6 135 196 129 255 107 30 70 2 81 6 64 14 32 0 
10 72 4 87 2 55 9 68 18 54 12 61 13 7 12 29 24 61 88 36 79 57 85 45 82 0 84 14 55 43 73 77 11 26 146 59 13 5 5 12 73 37 44 25 53 58 5 76 3 63 21 31 14 78 45 72 32 163 27 48 73 46 27 2 15 0 27 11 152 35 62 32 70 182 95 244 255 35 50 13 73 3 48 25 21 0 
21 85 4 72 5 56 7 90 15 70 5 26 46 8 19 59 67 35 111 72 72 86 118 59 121 102 138 71 162 87 164 105 90 26 187 44 62 16 17 34 50 255 73 78 18 107 5 83 6 88 67 121 50 13 47 101 59 161 13 40 15 19 45 2 24 3 22 41 199 67 133 11 95 113 167 250 125 35 93 9 111 10 64 8 12 0 
17 92 3 73 6 63 14 53 3 30 35 15 30 11 48 38 52 123 55 103 72 123 236 46 240 124 76 133 177 48 123 255 131 84 159 114 66 9 24 38 53 179 94 157 56 100 9 100 11 24 91 152 153 131 63 81 126 121 61 81 34 43 45 1 75 2 101 121 179 162 154 19 110 167 50 142 132 13 135 21 89 7 88 38 32 0 
8 34 1 22 3 33 6 19 2 23 38 14 10 35 17 13 4 56 17 56 7 30 132 28 71 28 36 41 87 23 51 72 83 50 68 49 19 4 6 36 108 145 17 30 19 49 4 27 5 51 24 99 255 95 41 44 143 30 24 41 9 15 15 1 28 1 60 43 124 204 77 11 91 82 73 35 57 13 57 5 34 3 48 16 18 0 
