23 18 2 1
23 41 3 1
23 21 4 1
23 41 4 1
23 41 7 1
23 41 12 1
23 20 13 1
23 29 14 1
23 31 14 1
23 18 18 1
23 19 19 1
23 4 23 1
23 41 23 1
23 41 25 1
23 4 26 1
23 41 44 1
23 22 46 1
23 37 46 1
23 41 50 1
23 39 51 1
23 41 58 1
23 38 59 1
23 5 60 1
23 8 60 1
23 18 60 1
23 3 65 1
23 41 65 1
23 3 66 1
23 41 66 1
23 5 69 1
37 44 1 1
37 18 2 1
37 47 2 1
37 41 3 1
37 21 4 1
37 41 4 1
37 41 7 1
37 41 12 1
37 20 13 1
37 29 14 1
37 31 14 1
37 18 18 1
37 19 19 1
37 41 23 1
37 41 25 1
37 46 29 1
37 47 35 1
37 49 38 1
37 43 40 1
37 41 44 1
37 22 46 1
37 37 46 1
37 41 50 1
37 39 51 1
37 50 57 1
37 41 58 1
37 38 59 1
37 18 60 1
37 41 65 1
37 41 66 1
37 47 67 1
134 143 16 1
134 128 19 1
134 141 26 1
134 137 28 1
134 144 30 1
134 126 35 1
134 127 35 1
134 147 36 1
134 114 38 1
134 136 42 1
134 136 44 1
134 136 57 1
134 143 59 1
134 144 60 1
134 142 62 1
134 141 63 1
134 141 64 1
134 138 65 1
134 139 66 1
134 140 67 1
134 139 68 1
134 134 70 1
456 439 19 1
456 454 26 1
456 452 41 1
456 454 42 1
456 451 43 1
456 475 50 1
456 456 57 1
456 453 63 1
456 451 67 1
720 714 4 1
720 730 9 1
720 729 10 1
720 727 14 1
720 719 37 1
720 720 42 1
720 724 43 1
720 733 46 1
720 719 47 1
720 732 50 1
720 735 51 1
44 47 1 2
44 41 2 2
44 41 3 2
44 41 6 2
44 41 11 2
44 29 13 2
44 31 13 2
44 41 22 2
44 41 24 2
44 46 28 2
44 47 34 2
44 49 37 2
44 43 39 2
44 41 43 2
44 37 45 2
44 41 49 2
44 39 50 2
44 50 56 2
44 41 57 2
44 38 58 2
44 41 64 2
44 41 65 2
44 47 66 2
416 397 1 2
416 411 2 2
416 425 3 2
416 401 11 2
416 398 15 2
416 409 17 2
416 402 21 2
416 401 50 2
416 416 55 2
416 416 57 2
416 402 58 2
416 400 63 2
416 424 64 2
416 429 65 2
755 757 1 2
755 742 4 2
755 746 18 2
755 747 19 2
755 747 20 2
755 764 21 2
755 764 22 2
755 747 23 2
755 747 24 2
755 763 25 2
755 745 27 2
755 747 39 2
755 735 50 2
755 755 53 2
755 747 61 2
755 766 62 2
755 767 63 2
755 764 64 2
755 746 65 2
755 746 66 2
755 746 67 2
18 21 2 3
18 20 11 3
18 29 12 3
18 31 12 3
18 18 16 3
18 0 17 3
18 1 17 3
18 19 17 3
18 0 18 3
18 1 18 3
18 0 19 3
18 4 21 3
18 4 24 3
18 22 44 3
18 37 44 3
18 0 58 3
18 2 58 3
18 5 58 3
18 8 58 3
18 18 58 3
18 2 63 3
18 3 63 3
18 3 64 3
18 5 67 3
47 41 1 3
47 41 2 3
47 41 5 3
47 41 10 3
47 29 12 3
47 31 12 3
47 41 21 3
47 41 23 3
47 46 27 3
47 47 33 3
47 49 36 3
47 43 38 3
47 41 42 3
47 37 44 3
47 41 48 3
47 39 49 3
47 50 55 3
47 41 56 3
47 38 57 3
47 41 63 3
47 41 64 3
47 47 65 3
173 161 3 3
173 185 11 3
173 173 13 3
173 189 27 3
173 165 29 3
173 190 35 3
173 182 36 3
173 187 45 3
173 179 69 3
397 411 1 3
397 387 6 3
397 401 10 3
397 398 14 3
397 409 16 3
397 395 19 3
397 402 20 3
397 395 23 3
397 401 49 3
397 395 50 3
397 416 54 3
397 416 56 3
397 402 57 3
397 400 62 3
757 742 3 3
757 746 17 3
757 747 18 3
757 747 19 3
757 764 20 3
757 764 21 3
757 747 22 3
757 747 23 3
757 763 24 3
757 745 26 3
757 747 38 3
757 755 52 3
757 747 60 3
757 766 61 3
757 767 62 3
757 764 63 3
757 746 64 3
757 746 65 3
757 746 66 3
41 21 1 4
41 41 1 4
41 41 4 4
41 41 9 4
41 29 11 4
41 31 11 4
41 41 20 4
41 41 22 4
41 46 26 4
41 47 32 4
41 49 35 4
41 43 37 4
41 41 41 4
41 22 43 4
41 37 43 4
41 41 47 4
41 39 48 4
41 50 54 4
41 41 55 4
41 38 56 4
41 41 62 4
41 41 63 4
41 47 64 4
113 98 10 4
113 104 15 4
113 99 16 4
113 128 16 4
113 96 28 4
113 126 32 4
113 127 32 4
113 114 35 4
113 97 49 4
113 97 50 4
113 97 52 4
113 97 53 4
113 97 55 4
113 112 70 4
411 425 1 4
411 401 9 4
411 398 13 4
411 409 15 4
411 395 18 4
411 402 19 4
411 395 22 4
411 401 48 4
411 395 49 4
411 416 53 4
411 416 55 4
411 402 56 4
411 400 61 4
411 424 62 4
411 429 63 4
614 598 4 4
614 612 5 4
614 626 9 4
614 599 45 4
614 606 52 4
614 619 53 4
614 629 56 4
614 628 66 4
21 20 9 5
21 29 10 5
21 31 10 5
21 18 14 5
21 1 15 5
21 19 15 5
21 1 16 5
21 4 19 5
21 4 22 5
21 22 42 5
21 37 42 5
21 39 47 5
21 38 55 5
21 2 56 5
21 5 56 5
21 8 56 5
21 18 56 5
21 2 61 5
21 3 61 5
21 3 62 5
21 5 65 5
41 41 3 5
41 41 8 5
41 29 10 5
41 31 10 5
41 41 19 5
41 41 21 5
41 46 25 5
41 47 31 5
41 49 34 5
41 43 36 5
41 41 40 5
41 22 42 5
41 37 42 5
41 41 46 5
41 39 47 5
41 50 53 5
41 41 54 5
41 38 55 5
41 41 61 5
41 41 62 5
41 47 63 5
41 46 70 5
425 409 14 5
425 439 15 5
425 416 52 5
425 416 54 5
425 424 61 5
425 429 62 5
714 730 5 5
714 729 6 5
714 727 10 5
714 719 33 5
714 720 38 5
714 724 39 5
714 733 42 5
714 719 43 5
714 732 46 5
714 694 70 5
161 173 10 6
161 143 11 6
161 141 21 6
161 144 25 6
161 165 26 6
161 147 31 6
161 143 54 6
161 144 55 6
161 142 57 6
161 141 58 6
161 141 59 6
161 179 66 6
306 296 26 6
306 321 32 6
306 305 33 6
306 320 42 6
306 289 64 6
306 309 65 6
306 318 66 6
742 730 4 6
742 729 5 6
742 727 9 6
742 746 14 6
742 747 15 6
742 747 16 6
742 747 19 6
742 747 20 6
742 745 23 6
742 747 35 6
742 724 38 6
742 733 41 6
742 732 45 6
742 735 46 6
742 755 49 6
742 747 57 6
742 746 61 6
742 746 62 6
742 746 63 6
41 41 5 8
41 29 7 8
41 31 7 8
41 41 16 8
41 41 18 8
41 46 22 8
41 47 28 8
41 49 31 8
41 43 33 8
41 41 37 8
41 22 39 8
41 37 39 8
41 41 43 8
41 39 44 8
41 50 50 8
41 41 51 8
41 38 52 8
41 41 58 8
41 41 59 8
41 47 60 8
41 46 67 8
41 23 68 8
41 39 68 8
247 256 6 8
247 234 10 8
247 233 11 8
247 262 23 8
247 243 41 8
247 255 41 8
247 257 42 8
247 249 44 8
247 257 47 8
247 249 48 8
247 258 48 8
264 256 6 8
264 262 23 8
264 255 41 8
264 257 42 8
264 249 44 8
264 257 47 8
264 249 48 8
264 258 48 8
264 280 65 8
598 612 1 8
598 581 31 8
598 591 32 8
598 599 41 8
598 606 48 8
598 579 50 8
598 578 51 8
598 592 63 8
387 401 4 9
387 398 8 9
387 395 13 9
387 402 14 9
387 395 17 9
387 401 43 9
387 395 44 9
387 402 51 9
387 400 56 9
612 626 4 9
612 599 40 9
612 606 47 9
612 619 48 9
612 629 51 9
612 628 61 9
612 592 62 9
348 339 6 10
348 329 8 10
348 360 11 10
348 358 14 10
348 358 15 10
348 336 19 10
348 364 24 10
348 359 52 10
348 343 64 10
730 729 1 10
730 727 5 10
730 746 10 10
730 747 11 10
730 747 12 10
730 747 15 10
730 747 16 10
730 745 19 10
730 719 28 10
730 747 31 10
730 720 33 10
730 724 34 10
730 733 37 10
730 719 38 10
730 732 41 10
730 735 42 10
730 747 53 10
730 746 57 10
730 746 58 10
730 746 59 10
729 727 4 11
729 746 9 11
729 747 10 11
729 747 11 11
729 747 14 11
729 747 15 11
729 745 18 11
729 719 27 11
729 747 30 11
729 720 32 11
729 724 33 11
729 733 36 11
729 719 37 11
729 732 40 11
729 735 41 11
729 747 52 11
729 746 56 11
729 746 57 11
729 746 58 11
41 29 2 13
41 31 2 13
41 41 11 13
41 41 13 13
41 46 17 13
41 47 23 13
41 49 26 13
41 43 28 13
41 41 32 13
41 22 34 13
41 37 34 13
41 41 38 13
41 39 39 13
41 50 45 13
41 41 46 13
41 38 47 13
41 41 53 13
41 41 54 13
41 47 55 13
41 46 62 13
41 23 63 13
41 39 63 13
401 398 4 13
401 409 6 13
401 395 9 13
401 402 10 13
401 395 13 13
401 401 39 13
401 395 40 13
401 416 44 13
401 416 46 13
401 402 47 13
401 400 52 13
401 411 63 13
626 606 43 13
626 619 44 13
626 629 47 13
626 637 49 13
626 628 57 13
626 641 64 13
20 29 1 14
20 31 1 14
20 18 5 14
20 0 6 14
20 1 6 14
20 19 6 14
20 0 7 14
20 1 7 14
20 0 8 14
20 4 10 14
20 4 13 14
20 22 33 14
20 37 33 14
20 39 38 14
20 38 46 14
20 0 47 14
20 2 47 14
20 5 47 14
20 8 47 14
20 18 47 14
20 2 52 14
20 3 52 14
20 3 53 14
20 5 56 14
20 10 62 14
20 23 62 14
20 39 62 14
20 6 63 14
20 7 63 14
20 15 63 14
98 79 2 14
98 104 5 14
98 99 6 14
98 96 18 14
98 114 25 14
98 78 31 14
98 97 39 14
98 97 40 14
98 97 42 14
98 97 43 14
98 97 45 14
98 112 60 14
185 173 2 14
185 189 16 14
185 165 18 14
185 190 24 14
185 182 25 14
185 187 34 14
185 202 45 14
185 179 58 14
256 262 17 14
256 243 35 14
256 255 35 14
256 257 36 14
256 249 38 14
256 257 41 14
256 249 42 14
256 258 42 14
29 18 4 15
29 19 5 15
29 41 9 15
29 41 11 15
29 46 15 15
29 47 21 15
29 43 26 15
29 41 30 15
29 22 32 15
29 37 32 15
29 41 36 15
29 39 37 15
29 41 44 15
29 38 45 15
29 18 46 15
29 41 51 15
29 41 52 15
29 47 53 15
29 46 60 15
29 10 61 15
29 23 61 15
29 39 61 15
29 15 62 15
31 18 4 15
31 19 5 15
31 41 9 15
31 41 11 15
31 46 15 15
31 47 21 15
31 49 24 15
31 43 26 15
31 41 30 15
31 22 32 15
31 37 32 15
31 41 36 15
31 39 37 15
31 50 43 15
31 41 44 15
31 38 45 15
31 18 46 15
31 41 51 15
31 41 52 15
31 47 53 15
31 46 60 15
31 23 61 15
31 39 61 15
31 15 62 15
727 746 5 15
727 745 14 15
727 719 23 15
727 720 28 15
727 724 29 15
727 733 32 15
727 719 33 15
727 732 36 15
727 735 37 15
727 746 52 15
727 746 53 15
727 746 54 15
79 72 8 16
79 68 13 16
79 96 16 16
79 78 29 16
79 97 37 16
79 97 38 16
79 97 40 16
79 97 41 16
79 97 43 16
79 71 44 16
79 68 54 16
79 70 55 16
79 64 59 16
173 189 14 16
173 165 16 16
173 190 22 16
173 182 23 16
173 187 32 16
173 179 56 16
339 329 2 16
339 358 8 16
339 358 9 16
339 336 13 16
339 321 22 16
339 320 32 16
339 343 58 16
511 519 18 16
511 510 21 16
511 508 29 16
511 498 45 16
143 128 3 17
143 141 10 17
143 137 12 17
143 144 14 17
143 126 19 17
143 127 19 17
143 147 20 17
143 136 26 17
143 136 28 17
143 136 41 17
143 143 43 17
143 144 44 17
143 142 46 17
143 141 47 17
143 141 48 17
143 138 49 17
143 139 50 17
143 140 51 17
143 139 52 17
143 134 54 17
398 409 2 17
398 395 5 17
398 402 6 17
398 395 9 17
398 401 35 17
398 395 36 17
398 416 40 17
398 416 42 17
398 402 43 17
398 400 48 17
398 411 59 17
669 649 1 17
669 680 29 17
669 665 33 17
669 664 36 17
669 668 37 17
234 233 1 18
234 243 31 18
234 249 34 18
234 249 38 18
234 222 58 18
329 336 11 18
329 321 20 18
329 320 30 18
329 309 53 18
329 318 54 18
329 343 56 18
649 665 32 18
649 664 35 18
649 668 36 18
649 629 42 18
649 637 44 18
649 648 58 18
649 641 59 18
18 0 1 19
18 1 1 19
18 19 1 19
18 0 2 19
18 1 2 19
18 0 3 19
18 4 5 19
18 4 8 19
18 22 28 19
18 37 28 19
18 0 42 19
18 2 42 19
18 5 42 19
18 8 42 19
18 18 42 19
18 2 47 19
18 3 47 19
18 3 48 19
18 5 51 19
18 10 57 19
18 23 57 19
18 6 58 19
18 7 58 19
18 15 58 19
104 99 1 19
104 96 13 19
104 114 20 19
104 97 34 19
104 97 35 19
104 97 37 19
104 97 38 19
104 97 40 19
104 112 55 19
233 243 30 19
233 249 33 19
233 249 37 19
233 222 57 19
409 395 3 19
409 402 4 19
409 395 7 19
409 401 33 19
409 395 34 19
409 416 38 19
409 416 40 19
409 402 41 19
409 400 46 19
409 424 47 19
409 411 57 19
533 536 11 19
533 519 15 19
533 531 26 19
533 534 42 19
533 535 53 19
533 551 54 19
0 0 1 20
0 1 1 20
0 0 2 20
0 4 4 20
0 4 7 20
0 0 41 20
0 2 41 20
0 5 41 20
0 8 41 20
0 18 41 20
0 2 46 20
0 3 46 20
0 3 47 20
0 5 50 20
0 10 56 20
0 6 57 20
0 7 57 20
0 15 57 20
1 0 1 20
1 1 1 20
1 0 2 20
1 4 4 20
1 4 7 20
1 0 41 20
1 2 41 20
1 5 41 20
1 8 41 20
1 18 41 20
1 2 46 20
1 3 46 20
1 3 47 20
1 5 50 20
1 10 56 20
1 6 57 20
1 7 57 20
1 15 57 20
19 0 1 20
19 1 1 20
19 0 2 20
19 4 4 20
19 4 7 20
19 22 27 20
19 37 27 20
19 38 40 20
19 0 41 20
19 2 41 20
19 5 41 20
19 8 41 20
19 18 41 20
19 2 46 20
19 3 46 20
19 3 47 20
19 5 50 20
19 10 56 20
19 23 56 20
19 6 57 20
19 7 57 20
19 15 57 20
99 96 12 20
99 114 19 20
99 97 33 20
99 97 34 20
99 97 36 20
99 97 37 20
99 97 39 20
99 112 54 20
128 141 7 20
128 137 9 20
128 144 11 20
128 126 16 20
128 127 16 20
128 147 17 20
128 114 19 20
128 136 23 20
128 136 25 20
128 136 38 20
128 143 40 20
128 144 41 20
128 142 43 20
128 141 44 20
128 141 45 20
128 138 46 20
128 139 47 20
128 140 48 20
128 139 49 20
128 134 51 20
128 112 54 20
439 454 7 20
439 452 22 20
439 454 23 20
439 451 24 20
439 456 38 20
439 453 44 20
439 424 46 20
439 429 47 20
439 451 48 20
746 747 1 20
746 747 2 20
746 764 3 20
746 764 4 20
746 747 5 20
746 747 6 20
746 763 7 20
746 745 9 20
746 747 21 20
746 733 27 20
746 732 31 20
746 735 32 20
746 755 35 20
746 747 43 20
746 764 46 20
746 746 47 20
746 746 48 20
746 746 49 20
0 0 1 21
0 4 3 21
0 4 6 21
0 0 40 21
0 2 40 21
0 5 40 21
0 8 40 21
0 18 40 21
0 2 45 21
0 3 45 21
0 3 46 21
0 5 49 21
0 10 55 21
0 6 56 21
0 7 56 21
0 15 56 21
1 0 1 21
1 4 3 21
1 4 6 21
1 0 40 21
1 2 40 21
1 5 40 21
1 8 40 21
1 18 40 21
1 2 45 21
1 3 45 21
1 3 46 21
1 5 49 21
1 10 55 21
1 6 56 21
1 7 56 21
1 15 56 21
360 358 3 21
360 358 4 21
360 364 13 21
360 359 41 21
360 343 53 21
747 747 1 21
747 764 2 21
747 764 3 21
747 747 4 21
747 747 5 21
747 763 6 21
747 745 8 21
747 747 20 21
747 733 26 21
747 732 30 21
747 735 31 21
747 755 34 21
747 747 42 21
747 766 43 21
747 764 45 21
747 746 46 21
747 746 47 21
747 746 48 21
0 4 2 22
0 4 5 22
0 0 39 22
0 2 39 22
0 5 39 22
0 8 39 22
0 18 39 22
0 2 44 22
0 3 44 22
0 3 45 22
0 5 48 22
0 10 54 22
0 6 55 22
0 7 55 22
0 15 55 22
395 402 1 22
395 395 4 22
395 401 30 22
395 395 31 22
395 402 38 22
395 400 43 22
395 411 54 22
747 764 1 22
747 764 2 22
747 747 3 22
747 747 4 22
747 763 5 22
747 745 7 22
747 747 19 22
747 733 25 22
747 732 29 22
747 735 30 22
747 755 33 22
747 747 41 22
747 766 42 22
747 764 44 22
747 746 45 22
747 746 46 22
747 746 47 22
402 395 3 23
402 401 29 23
402 395 30 23
402 416 34 23
402 416 36 23
402 402 37 23
402 400 42 23
402 411 53 23
764 764 1 23
764 747 2 23
764 747 3 23
764 763 4 23
764 745 6 23
764 747 18 23
764 755 32 23
764 747 40 23
764 766 41 23
764 767 42 23
764 764 43 23
764 746 44 23
764 746 45 23
764 746 46 23
4 4 3 24
4 22 23 24
4 0 37 24
4 2 37 24
4 5 37 24
4 8 37 24
4 18 37 24
4 2 42 24
4 3 42 24
4 3 43 24
4 5 46 24
4 10 52 24
4 23 52 24
4 6 53 24
4 7 53 24
4 15 53 24
41 41 2 24
41 46 6 24
41 47 12 24
41 49 15 24
41 43 17 24
41 41 21 24
41 22 23 24
41 37 23 24
41 41 27 24
41 39 28 24
41 50 34 24
41 41 35 24
41 38 36 24
41 41 42 24
41 41 43 24
41 47 44 24
41 46 51 24
41 23 52 24
41 39 52 24
72 68 5 24
72 78 21 24
72 71 36 24
72 68 46 24
72 70 47 24
72 64 51 24
358 358 1 24
358 364 10 24
358 359 38 24
358 343 50 24
764 747 1 24
764 747 2 24
764 763 3 24
764 745 5 24
764 747 17 24
764 755 31 24
764 747 39 24
764 766 40 24
764 767 41 24
764 764 42 24
764 746 43 24
764 746 44 24
764 746 45 24
358 364 9 25
358 359 37 25
358 343 49 25
747 747 1 25
747 763 2 25
747 745 4 25
747 747 16 25
747 733 22 25
747 732 26 25
747 735 27 25
747 755 30 25
747 747 38 25
747 766 39 25
747 764 41 25
747 746 42 25
747 746 43 25
747 746 44 25
41 46 4 26
41 47 10 26
41 49 13 26
41 43 15 26
41 41 19 26
41 22 21 26
41 37 21 26
41 41 25 26
41 39 26 26
41 50 32 26
41 41 33 26
41 38 34 26
41 41 40 26
41 41 41 26
41 47 42 26
41 46 49 26
41 23 50 26
41 39 50 26
395 401 26 26
395 395 27 26
395 402 34 26
395 400 39 26
395 411 50 26
747 763 1 26
747 745 3 26
747 747 15 26
747 733 21 26
747 732 25 26
747 735 26 26
747 755 29 26
747 747 37 26
747 766 38 26
747 764 40 26
747 746 41 26
747 746 42 26
747 746 43 26
4 22 20 27
4 0 34 27
4 2 34 27
4 5 34 27
4 8 34 27
4 18 34 27
4 2 39 27
4 3 39 27
4 3 40 27
4 5 43 27
4 10 49 27
4 23 49 27
4 6 50 27
4 7 50 27
4 15 50 27
141 137 2 27
141 144 4 27
141 126 9 27
141 127 9 27
141 147 10 27
141 136 16 27
141 136 18 27
141 136 31 27
141 143 33 27
141 144 34 27
141 142 36 27
141 141 37 27
141 141 38 27
141 138 39 27
141 139 40 27
141 140 41 27
141 139 42 27
141 134 44 27
454 452 15 27
454 454 16 27
454 451 17 27
454 456 31 27
454 453 37 27
454 451 41 27
763 745 2 27
763 747 14 27
763 755 28 27
763 747 36 27
763 766 37 27
763 767 38 27
763 764 39 27
763 746 40 27
763 746 41 27
763 746 42 27
209 189 2 28
209 206 6 28
209 190 10 28
209 202 31 28
209 222 48 28
68 49 10 29
68 78 16 29
68 50 29 29
68 71 31 29
68 68 41 29
68 70 42 29
68 64 46 29
137 144 2 29
137 126 7 29
137 127 7 29
137 147 8 29
137 136 14 29
137 136 16 29
137 136 29 29
137 143 31 29
137 144 32 29
137 142 34 29
137 141 35 29
137 141 36 29
137 138 37 29
137 139 38 29
137 140 39 29
137 139 40 29
137 134 42 29
336 321 9 29
336 320 19 29
336 318 43 29
336 343 45 29
745 747 12 29
745 733 18 29
745 732 22 29
745 735 23 29
745 755 26 29
745 747 34 29
745 764 37 29
745 746 38 29
745 746 39 29
745 746 40 29
46 47 6 30
46 49 9 30
46 43 11 30
46 41 15 30
46 37 17 30
46 41 21 30
46 39 22 30
46 50 28 30
46 41 29 30
46 38 30 30
46 41 36 30
46 41 37 30
46 47 38 30
46 46 45 30
46 64 45 30
46 39 46 30
189 206 4 30
189 190 8 30
189 182 9 30
189 187 18 30
189 202 29 30
189 179 42 30
483 475 21 30
483 498 31 30
536 519 4 30
536 531 15 30
536 534 31 30
536 535 42 30
536 551 43 30
144 126 5 31
144 127 5 31
144 147 6 31
144 136 12 31
144 136 14 31
144 136 27 31
144 143 29 31
144 144 30 31
144 142 32 31
144 141 33 31
144 141 34 31
144 138 35 31
144 139 36 31
144 140 37 31
144 139 38 31
144 134 40 31
262 243 18 31
262 255 18 31
262 257 19 31
262 249 21 31
262 257 24 31
262 249 25 31
262 258 25 31
262 280 42 31
563 577 6 31
563 581 8 31
563 579 27 31
563 578 28 31
563 551 42 31
563 573 43 31
96 114 7 32
96 78 13 32
96 97 21 32
96 97 22 32
96 97 24 32
96 97 25 32
96 97 27 32
96 112 42 32
165 147 5 32
165 182 7 32
165 179 40 32
296 305 7 32
296 289 38 32
296 309 39 32
296 280 41 32
206 190 4 34
206 187 14 34
206 202 25 34
206 222 42 34
364 359 28 34
519 510 3 34
519 508 11 34
519 531 11 34
519 534 27 34
519 535 38 34
47 49 3 36
47 43 5 36
47 41 9 36
47 37 11 36
47 41 15 36
47 39 16 36
47 50 22 36
47 41 23 36
47 38 24 36
47 41 30 36
47 41 31 36
47 47 32 36
47 46 39 36
47 64 39 36
47 39 40 36
126 114 3 36
126 136 7 36
126 136 9 36
126 136 22 36
126 143 24 36
126 144 25 36
126 142 27 36
126 141 28 36
126 141 29 36
126 138 30 36
126 139 31 36
126 140 32 36
126 139 33 36
126 134 35 36
126 112 38 36
127 114 3 36
127 136 7 36
127 136 9 36
127 136 22 36
127 143 24 36
127 144 25 36
127 142 27 36
127 141 28 36
127 141 29 36
127 138 30 36
127 139 31 36
127 140 32 36
127 139 33 36
127 134 35 36
127 112 38 36
693 680 10 36
693 694 39 36
147 136 6 37
147 136 8 37
147 136 21 37
147 143 23 37
147 144 24 37
147 142 26 37
147 141 27 37
147 141 28 37
147 138 29 37
147 139 30 37
147 140 31 37
147 139 32 37
147 134 34 37
510 508 8 37
510 498 24 37
577 581 2 37
577 591 3 37
577 579 21 37
577 578 22 37
577 592 34 37
577 573 37 37
190 182 1 38
190 187 10 38
190 202 21 38
190 179 34 38
321 305 1 38
321 320 10 38
321 309 33 38
321 318 34 38
719 720 5 38
719 724 6 38
719 733 9 38
719 719 10 38
719 732 13 38
719 735 14 38
49 43 2 39
49 41 6 39
49 37 8 39
49 41 12 39
49 39 13 39
49 50 19 39
49 41 20 39
49 38 21 39
49 41 27 39
49 41 28 39
49 47 29 39
49 68 31 39
49 46 36 39
49 64 36 39
49 39 37 39
114 97 14 39
114 97 15 39
114 97 17 39
114 97 18 39
114 97 20 39
114 112 35 39
182 187 9 39
182 179 33 39
305 320 9 39
305 289 31 39
305 309 32 39
305 318 33 39
581 591 1 39
581 599 10 39
581 579 19 39
581 578 20 39
581 592 32 39
581 573 35 39
591 599 9 40
591 606 16 40
591 579 18 40
591 578 19 40
591 592 31 40
591 573 34 40
43 41 4 41
43 37 6 41
43 41 10 41
43 39 11 41
43 50 17 41
43 41 18 41
43 38 19 41
43 41 25 41
43 41 26 41
43 47 27 41
43 46 34 41
43 23 35 41
43 39 35 41
747 733 6 41
747 732 10 41
747 735 11 41
747 755 14 41
747 747 22 41
747 766 23 41
747 764 25 41
747 746 26 41
747 746 27 41
747 746 28 41
452 454 1 42
452 451 2 42
452 456 16 42
452 453 22 42
452 451 26 42
136 136 2 43
136 136 15 43
136 143 17 43
136 144 18 43
136 142 20 43
136 141 21 43
136 141 22 43
136 138 23 43
136 139 24 43
136 140 25 43
136 139 26 43
136 134 28 43
454 451 1 43
454 456 15 43
454 453 21 43
454 451 25 43
720 724 1 43
720 733 4 43
720 719 5 43
720 732 8 43
720 735 9 43
451 456 14 44
451 453 20 44
451 451 24 44
724 733 3 44
724 719 4 44
724 732 7 44
724 735 8 44
41 22 2 45
41 37 2 45
41 41 6 45
41 39 7 45
41 50 13 45
41 41 14 45
41 38 15 45
41 41 21 45
41 41 22 45
41 47 23 45
41 46 30 45
41 23 31 45
41 39 31 45
78 97 8 45
78 97 9 45
78 97 11 45
78 97 12 45
78 97 14 45
78 71 15 45
78 68 25 45
78 70 26 45
78 64 30 45
136 136 13 45
136 143 15 45
136 144 16 45
136 142 18 45
136 141 19 45
136 141 20 45
136 138 21 45
136 139 22 45
136 140 23 45
136 139 24 45
136 134 26 45
508 498 16 45
531 534 16 45
531 535 27 45
680 665 4 46
680 664 7 46
680 668 8 46
680 694 29 46
22 41 4 47
22 39 5 47
22 41 12 47
22 38 13 47
22 2 14 47
22 5 14 47
22 8 14 47
22 18 14 47
22 2 19 47
22 3 19 47
22 41 19 47
22 3 20 47
22 41 20 47
22 5 23 47
22 10 29 47
22 23 29 47
22 39 29 47
22 6 30 47
22 7 30 47
22 15 30 47
37 41 4 47
37 39 5 47
37 50 11 47
37 41 12 47
37 38 13 47
37 18 14 47
37 41 19 47
37 41 20 47
37 47 21 47
37 46 28 47
37 23 29 47
37 39 29 47
733 719 1 47
733 732 4 47
733 735 5 47
733 747 16 47
733 746 20 47
733 746 21 47
733 746 22 47
187 202 11 48
187 179 24 48
320 309 23 48
320 318 24 48
719 732 3 48
719 735 4 48
243 257 1 49
243 249 3 49
243 257 6 49
243 249 7 49
243 258 7 49
255 257 1 49
255 249 3 49
255 257 6 49
255 249 7 49
255 258 7 49
599 606 7 49
599 579 9 49
599 592 22 49
257 249 2 50
257 257 5 50
257 249 6 50
257 258 6 50
665 664 3 50
665 668 4 50
665 648 26 50
41 39 1 51
41 50 7 51
41 41 8 51
41 38 9 51
41 41 15 51
41 41 16 51
41 47 17 51
41 46 24 51
41 23 25 51
41 39 25 51
475 456 7 51
732 735 1 51
732 747 12 51
732 746 16 51
732 746 17 51
732 746 18 51
39 50 6 52
39 41 7 52
39 38 8 52
39 41 14 52
39 41 15 52
39 47 16 52
39 46 23 52
39 23 24 52
39 39 24 52
249 257 3 52
249 249 4 52
249 258 4 52
401 395 1 52
401 416 5 52
401 416 7 52
401 402 8 52
401 400 13 52
401 411 24 52
735 747 11 52
735 746 15 52
735 746 16 52
735 746 17 52
97 97 1 53
97 97 3 53
97 97 4 53
97 97 6 53
97 112 21 53
395 402 7 53
395 400 12 53
395 411 23 53
664 668 1 53
664 648 23 53
97 97 2 54
97 97 3 54
97 97 5 54
97 112 20 54
668 648 22 54
257 249 1 55
257 258 1 55
755 747 8 55
755 766 9 55
755 767 10 55
755 764 11 55
755 746 12 55
755 746 13 55
755 746 14 55
97 97 1 56
97 97 3 56
97 112 18 56
606 619 1 56
606 592 15 56
97 97 2 57
97 112 17 57
416 416 2 57
416 402 3 57
416 400 8 57
416 424 9 57
416 429 10 57
416 411 19 57
619 629 3 57
619 637 5 57
619 628 13 57
50 41 1 58
50 38 2 58
50 41 8 58
50 41 9 58
50 47 10 58
50 68 12 58
50 46 17 58
50 64 17 58
50 39 18 58
136 143 2 58
136 144 3 58
136 142 5 58
136 141 6 58
136 141 7 58
136 138 8 58
136 139 9 58
136 140 10 58
136 139 11 58
136 134 13 58
456 453 6 58
456 451 10 58
579 578 1 58
579 592 13 58
579 573 16 58
41 38 1 59
41 41 7 59
41 41 8 59
41 47 9 59
41 46 16 59
41 23 17 59
41 39 17 59
97 112 15 59
416 402 1 59
416 400 6 59
416 424 7 59
416 429 8 59
416 411 17 59
578 592 12 59
578 573 15 59
38 18 1 60
38 41 6 60
38 41 7 60
38 47 8 60
38 46 15 60
38 23 16 60
38 39 16 60
71 68 10 60
71 70 11 60
71 64 15 60
143 144 1 60
143 142 3 60
143 141 4 60
143 141 5 60
143 138 6 60
143 139 7 60
143 140 8 60
143 139 9 60
143 134 11 60
402 400 5 60
402 411 16 60
629 637 2 60
629 628 10 60
629 648 16 60
629 641 17 60
0 2 5 61
0 3 5 61
0 3 6 61
0 5 9 61
0 10 15 61
0 6 16 61
0 7 16 61
0 15 16 61
2 2 5 61
2 3 5 61
2 3 6 61
2 5 9 61
2 10 15 61
2 6 16 61
2 7 16 61
2 15 16 61
5 2 5 61
5 3 5 61
5 3 6 61
5 5 9 61
5 10 15 61
5 23 15 61
5 6 16 61
5 7 16 61
5 15 16 61
8 2 5 61
8 3 5 61
8 3 6 61
8 5 9 61
8 10 15 61
8 23 15 61
8 6 16 61
8 7 16 61
8 15 16 61
18 2 5 61
18 3 5 61
18 3 6 61
18 5 9 61
18 10 15 61
18 23 15 61
18 6 16 61
18 7 16 61
18 15 16 61
144 142 2 61
144 141 3 61
144 141 4 61
144 138 5 61
144 139 6 61
144 140 7 61
144 139 8 61
144 134 10 61
534 535 11 61
534 551 12 61
359 343 12 62
637 628 8 62
637 648 14 62
637 641 15 62
142 141 1 63
142 141 2 63
142 138 3 63
142 139 4 63
142 140 5 63
142 139 6 63
142 134 8 63
747 766 1 63
747 764 3 63
747 746 4 63
747 746 5 63
747 746 6 63
141 141 1 64
141 138 2 64
141 139 3 64
141 140 4 64
141 139 5 64
141 134 7 64
453 451 4 64
766 767 1 64
766 764 2 64
766 746 3 64
766 746 4 64
766 746 5 64
141 138 1 65
141 139 2 65
141 140 3 65
141 139 4 65
141 134 6 65
400 411 11 65
767 764 1 65
2 3 1 66
2 5 4 66
2 10 10 66
2 6 11 66
2 7 11 66
2 15 11 66
3 3 1 66
3 5 4 66
3 10 10 66
3 6 11 66
3 7 11 66
3 15 11 66
41 41 1 66
41 47 2 66
41 46 9 66
41 23 10 66
41 39 10 66
138 139 1 66
138 140 2 66
138 139 3 66
138 134 5 66
424 429 1 66
424 411 10 66
764 746 1 66
764 746 2 66
764 746 3 66
3 5 3 67
3 10 9 67
3 6 10 67
3 7 10 67
3 15 10 67
41 47 1 67
41 46 8 67
41 23 9 67
41 39 9 67
139 140 1 67
139 139 2 67
139 134 4 67
429 411 9 67
746 746 1 67
746 746 2 67
47 46 7 68
47 64 7 68
47 39 8 68
140 139 1 68
140 134 3 68
746 746 1 68
139 134 2 69
5 10 6 70
5 23 6 70
5 6 7 70
5 7 7 70
5 15 7 70
68 70 1 70
68 64 5 70
289 280 3 70
628 641 7 70
70 64 4 71
309 318 1 71
592 573 3 71
535 551 1 72
46 39 1 75
10 6 1 76
10 7 1 76
10 15 1 76
23 6 1 76
23 7 1 76
23 15 1 76
648 641 1 76
