37 64 97 15 41 82 50 53 116 203 11 255 230 103 24 94 95 70 102 137 38 44 98 59 80 38 26 86 43 22 35 39 113 85 5 19 102 147 180 114 139 147 132 139 53 128 85 190 0 
58 53 82 35 45 63 46 61 100 36 27 31 188 82 255 97 138 59 27 77 28 26 124 70 88 66 29 41 80 27 3 29 75 63 46 27 166 122 143 104 110 154 113 74 49 12 31 109 0 
20 22 17 6 19 39 20 23 41 80 32 59 33 61 51 69 92 12 39 30 14 15 36 21 60 25 20 36 33 9 5 19 39 40 25 12 37 44 109 33 78 255 12 136 40 33 38 102 0 
34 74 36 46 35 86 60 47 38 90 33 48 20 46 255 142 207 74 45 64 42 37 50 58 136 47 66 88 53 42 10 38 99 76 46 23 112 216 148 92 37 68 164 222 114 162 141 170 0 
96 13 187 27 29 72 45 35 39 229 21 36 41 28 36 77 28 23 55 76 34 58 142 84 79 149 70 114 83 81 17 26 67 76 48 0 190 150 59 82 89 215 86 94 112 13 117 255 0 
32 20 64 49 30 42 24 24 55 121 59 83 92 26 32 32 33 21 29 43 48 34 27 15 47 11 7 12 27 122 7 13 69 48 21 16 49 167 74 35 39 24 3 42 23 38 31 255 0 
9 38 50 59 23 39 20 23 31 182 65 28 49 23 33 42 40 13 35 81 41 7 84 69 48 41 12 10 42 72 7 18 58 35 37 21 33 86 37 29 5 28 24 40 29 43 29 255 0 
67 33 125 57 44 87 42 79 78 105 56 152 51 67 68 66 42 39 54 53 97 32 214 40 65 32 51 41 45 35 23 32 107 93 28 27 51 178 255 95 112 65 16 39 42 73 58 98 0 
25 28 41 29 21 42 20 42 29 81 32 51 36 19 67 30 44 20 42 131 33 39 116 42 30 8 9 20 6 58 17 16 52 43 31 5 51 36 26 27 14 14 26 20 41 76 25 255 0 
23 3 83 42 29 52 33 41 44 106 25 43 40 25 21 29 35 14 41 18 26 10 63 49 42 14 27 15 29 14 6 19 62 38 23 14 44 94 70 56 53 14 19 22 41 27 21 255 0 
37 96 197 58 32 99 47 71 90 67 134 84 70 80 1 59 57 123 51 95 37 78 147 63 66 34 54 65 91 173 23 56 145 77 44 30 63 70 31 14 93 25 55 92 79 60 63 255 0 
53 35 132 66 50 75 61 37 67 193 19 99 77 88 63 30 28 41 44 74 47 60 115 26 75 39 52 24 38 128 23 45 108 65 54 20 7 106 36 29 59 4 12 60 63 54 36 255 0 
29 21 208 47 71 107 74 73 99 255 83 95 226 105 78 54 65 46 110 115 54 117 54 53 41 50 58 76 104 228 12 58 173 114 77 38 132 72 86 97 35 72 86 157 117 62 42 208 0 
16 46 146 45 38 68 87 44 255 72 163 61 179 59 55 25 19 13 53 13 36 48 95 31 43 36 32 43 50 87 20 105 128 53 73 29 61 40 79 48 33 30 12 54 59 51 45 54 0 
41 51 255 68 58 245 123 31 109 185 157 83 98 56 36 44 47 45 73 43 53 138 138 47 32 40 50 14 48 86 55 84 159 105 47 69 116 53 101 30 71 32 65 16 97 61 56 115 0 
97 78 227 40 36 38 17 52 44 255 114 38 127 56 55 41 38 18 32 88 43 64 105 39 91 29 46 83 22 155 31 9 66 98 37 42 123 35 84 46 66 50 34 45 93 56 17 224 0 
145 79 252 195 74 53 69 115 110 255 105 82 177 90 29 41 28 67 19 132 67 210 152 25 75 39 41 64 36 97 34 72 163 73 98 29 78 67 68 49 92 40 31 74 191 58 102 175 0 
110 140 231 113 73 80 120 43 118 189 62 39 255 64 34 39 32 72 87 87 158 88 219 95 78 123 50 117 70 191 34 105 120 160 28 64 115 13 61 28 93 48 35 63 116 159 116 96 0 
108 46 185 56 56 114 45 55 104 255 78 31 57 53 87 34 32 78 37 120 56 147 114 76 74 103 67 40 69 173 14 60 64 64 67 43 134 43 66 30 52 50 64 85 17 88 65 73 0 
79 28 79 76 34 68 31 22 14 255 56 46 138 22 30 20 4 29 32 75 20 89 71 42 20 35 32 43 9 63 9 33 65 65 44 38 21 15 60 20 19 23 11 99 15 46 27 67 0 
10 8 27 38 22 53 24 22 38 255 15 22 37 25 12 11 4 15 16 55 42 49 21 24 33 28 12 36 38 63 26 18 42 39 22 20 12 28 33 19 21 24 8 16 22 38 18 74 0 
50 11 27 45 18 73 48 42 46 255 115 32 67 29 41 19 24 122 33 55 65 118 45 41 30 43 36 13 33 125 26 35 105 58 38 25 40 54 42 26 40 8 28 25 26 21 22 85 0 
35 19 30 63 24 33 48 43 42 255 32 9 13 17 30 20 8 59 21 95 45 21 10 17 24 19 15 42 16 69 19 14 44 30 39 11 9 22 35 12 21 18 18 43 26 4 8 78 0 
127 41 108 118 31 92 48 125 56 255 121 58 54 45 29 60 4 144 80 155 161 69 44 72 35 40 57 117 38 238 40 71 94 98 42 38 25 75 62 29 86 8 34 144 26 51 50 74 0 
169 28 159 146 28 133 34 76 81 255 26 31 91 50 82 46 66 21 80 101 160 34 36 57 7 29 92 122 78 165 26 41 148 132 88 49 77 69 80 55 106 14 72 39 51 55 66 132 0 
88 14 255 96 24 212 50 90 222 107 107 18 120 30 42 38 7 37 115 50 84 157 10 66 68 89 41 76 59 130 18 65 163 173 108 28 74 154 70 67 131 43 91 82 149 149 66 196 0 
59 87 255 97 62 177 99 126 128 166 151 97 55 18 62 2 51 31 90 17 78 240 67 65 74 46 54 142 15 127 22 53 152 91 40 34 56 120 57 46 60 2 50 104 53 87 17 58 0 
101 157 255 90 62 218 194 181 7 247 191 61 83 81 106 46 71 84 122 8 174 197 116 73 157 83 160 130 35 134 23 50 138 107 181 10 173 190 89 167 98 90 47 138 183 53 120 175 0 
87 98 188 192 71 201 168 114 147 95 76 119 147 88 150 51 112 95 49 85 172 181 118 90 243 150 60 126 67 212 35 100 175 141 160 63 40 225 114 119 25 45 98 179 93 54 38 255 0 
73 57 104 68 59 167 83 114 73 255 92 28 143 101 127 62 57 71 28 100 94 84 124 74 12 215 37 92 120 158 29 87 166 161 43 61 112 162 98 21 91 21 40 151 219 32 138 132 0 
63 115 101 70 51 148 126 49 115 153 90 47 120 79 87 58 22 69 63 11 82 177 199 66 255 93 63 49 39 95 7 55 149 133 113 37 225 16 95 49 79 52 45 51 92 140 85 43 0 
55 55 121 101 54 127 96 57 105 162 51 87 80 65 101 61 88 89 94 80 15 255 246 104 178 62 84 57 58 103 49 28 185 104 70 40 159 45 78 104 95 28 75 65 103 104 98 157 0 
57 43 92 43 44 73 36 25 5 63 42 15 54 21 66 38 15 84 89 83 58 172 205 74 175 36 32 61 42 127 31 19 110 72 38 12 255 28 47 49 41 22 56 58 80 21 81 49 0 
45 40 92 56 52 68 50 53 87 117 25 36 81 46 55 45 49 25 58 62 25 165 255 146 249 50 42 86 95 111 40 24 100 72 73 37 227 51 52 25 42 8 43 26 66 39 90 122 0 
56 42 65 27 33 61 38 57 115 100 80 47 54 30 43 32 45 64 116 53 20 255 186 93 237 56 29 61 50 88 45 30 94 51 49 62 171 39 64 13 54 16 41 39 22 60 121 97 0 
28 10 15 10 9 11 17 1 14 27 15 20 33 20 15 4 36 21 14 20 16 78 55 69 255 7 12 20 15 45 10 9 23 13 20 5 18 10 19 26 16 3 38 6 17 22 87 24 0 
32 4 14 0 5 14 11 24 7 24 20 29 20 21 8 9 29 11 51 11 25 52 19 33 255 35 4 11 8 25 1 8 20 9 2 7 38 15 7 16 9 13 20 8 25 22 89 33 0 
23 9 21 31 4 30 22 7 19 24 3 8 17 9 13 11 18 23 100 33 14 141 17 66 255 19 20 2 2 30 2 20 34 14 13 8 96 9 9 11 1 5 31 9 41 13 85 89 0 
65 19 28 36 14 45 17 8 24 38 20 21 13 7 11 11 10 42 153 28 39 230 21 116 227 2 9 37 25 68 21 24 49 15 28 17 255 32 17 31 9 14 15 23 48 71 220 50 0 
41 6 43 41 8 83 29 8 80 44 38 17 8 12 13 14 8 11 18 71 15 255 30 158 70 3 19 28 15 76 18 25 60 64 23 28 218 24 19 20 14 4 18 14 49 17 75 91 0 
54 42 81 86 28 64 98 30 125 67 130 20 41 30 40 34 4 36 37 24 84 254 80 133 143 23 19 68 46 93 15 27 65 73 19 27 96 51 48 24 44 16 26 25 74 36 255 82 0 
83 6 46 43 17 66 73 22 25 18 62 20 7 14 32 28 18 23 88 74 45 255 65 94 64 4 21 99 48 79 16 19 42 14 3 28 154 16 35 23 20 8 18 22 47 16 50 53 0 
13 39 73 70 22 98 39 9 66 63 31 31 17 18 30 25 12 35 136 73 21 135 5 54 141 13 29 29 20 100 16 7 15 60 30 12 87 29 29 23 4 8 35 49 59 18 255 67 0 
63 16 49 59 13 28 21 12 32 45 29 16 14 15 26 22 8 15 76 59 39 76 26 37 41 21 14 60 32 83 10 14 26 26 21 15 10 28 19 14 16 4 8 66 58 17 255 32 0 
43 27 52 42 15 22 23 42 10 29 32 13 27 20 30 22 4 2 136 48 33 145 16 33 87 30 7 42 22 77 1 8 38 41 6 5 37 35 22 13 32 6 29 77 30 13 255 81 0 
56 37 52 12 12 42 30 21 24 59 38 15 43 21 32 20 2 20 104 23 37 255 40 32 21 25 14 113 22 75 7 18 61 48 37 11 26 104 31 8 65 15 41 94 105 26 88 52 0 
24 29 54 15 18 33 19 23 12 51 13 20 8 24 52 19 8 31 75 32 6 255 33 30 47 26 13 76 26 75 5 12 39 55 15 3 62 46 22 32 72 15 96 67 92 19 28 53 0 
26 14 59 39 27 48 14 27 45 67 83 37 26 50 97 36 15 41 129 97 15 75 20 45 45 7 20 76 67 77 13 30 54 64 21 12 91 255 51 42 106 72 113 44 217 19 96 53 0 
23 14 70 28 31 49 35 23 57 26 9 72 54 17 91 68 34 62 113 99 18 195 18 32 34 15 13 82 46 77 24 27 51 44 35 10 54 255 128 15 124 22 46 38 175 24 84 52 0 
30 50 53 34 28 59 42 47 43 35 31 36 9 11 30 39 20 43 107 117 33 255 28 54 27 35 24 57 72 80 28 26 54 70 54 25 97 77 128 15 57 30 24 17 219 48 101 32 0 
18 38 88 17 39 59 14 42 26 192 46 60 63 36 27 51 30 24 178 68 40 115 57 60 43 46 34 45 78 103 21 31 52 95 40 27 133 185 70 32 59 39 23 54 255 20 137 53 0 
61 30 104 38 42 75 67 43 67 227 33 21 52 58 66 55 31 15 88 61 28 138 29 51 42 20 39 107 86 65 30 42 76 30 27 29 81 201 63 26 8 61 51 18 255 51 108 16 0 
70 40 81 43 32 70 51 58 77 255 43 8 41 23 21 36 38 52 118 102 41 114 27 45 62 17 28 66 82 71 10 38 81 55 37 16 95 190 66 38 28 18 19 30 215 18 90 59 0 
82 46 36 25 38 58 56 40 63 200 61 45 33 23 26 27 8 29 51 54 54 49 18 42 10 39 15 87 67 57 16 33 73 55 26 15 82 31 37 26 39 12 28 13 255 23 77 21 0 
23 13 37 23 14 38 28 35 32 255 70 20 27 18 15 16 17 21 30 4 25 37 19 15 22 26 14 51 26 18 3 19 42 34 30 9 36 23 31 12 25 3 9 16 135 12 39 32 0 
5 16 26 12 10 22 14 16 18 255 16 15 14 10 16 8 10 17 6 13 6 12 13 13 14 4 6 11 7 10 6 10 24 16 7 7 7 53 16 8 9 4 8 6 117 22 39 29 0 
21 11 26 14 12 26 9 29 27 255 15 23 21 7 8 13 3 18 7 23 16 21 24 19 9 9 17 16 16 28 5 12 32 38 11 16 13 107 23 9 13 6 11 10 140 17 45 22 0 
57 41 47 20 22 55 40 61 75 205 63 26 24 24 14 27 19 27 6 74 36 35 9 31 27 29 28 24 27 46 23 21 66 55 62 10 18 255 45 12 26 24 22 11 189 9 95 19 0 
44 14 38 27 19 41 16 46 22 57 27 18 49 26 13 25 2 39 5 88 24 31 13 22 13 21 18 40 19 27 13 16 43 61 24 15 16 255 28 19 18 15 17 20 73 2 53 27 0 
15 4 25 7 8 24 29 44 23 192 7 8 15 11 19 14 13 16 11 49 5 15 20 20 4 13 14 57 14 23 6 12 29 42 7 8 17 255 26 15 19 7 13 13 29 18 32 16 0 
16 21 33 10 20 25 30 24 46 177 51 13 56 11 18 8 11 14 27 35 16 22 38 9 11 14 21 25 13 24 11 13 30 27 25 13 22 255 20 5 14 3 13 8 20 11 39 8 0 
17 2 28 17 16 21 12 48 25 109 62 14 18 8 21 4 6 7 26 22 24 8 24 12 13 14 21 26 18 9 4 11 51 13 18 13 37 255 29 17 8 14 11 11 33 7 48 29 0 
37 25 43 10 7 37 42 38 38 190 111 55 106 39 18 23 18 21 50 87 26 26 10 16 25 14 17 15 19 6 11 17 76 28 23 16 32 255 35 26 5 11 31 10 50 16 64 8 0 
28 51 136 14 46 82 39 16 69 251 104 56 72 54 34 26 2 41 73 246 42 67 36 30 40 47 22 71 44 18 26 40 84 77 76 44 94 255 60 19 5 41 7 24 82 55 140 39 0 
62 41 131 5 61 71 50 6 90 214 81 23 189 49 81 30 21 52 33 255 9 64 35 49 45 48 42 98 59 58 19 24 89 89 172 159 66 117 80 25 42 10 57 44 120 45 145 55 0 
43 82 71 18 26 87 160 50 188 142 255 77 183 61 25 34 2 237 17 150 12 16 37 36 41 30 28 15 33 32 4 77 63 105 90 156 125 77 69 29 49 17 56 84 6 9 85 129 0 
9 31 58 31 36 46 58 15 6 170 26 9 255 22 15 23 17 123 13 49 17 30 34 23 24 14 18 76 17 50 6 40 31 48 50 19 35 83 50 11 16 12 30 42 50 21 22 47 0 
32 32 58 32 63 61 74 16 76 255 50 10 191 41 51 58 8 87 5 69 12 61 58 36 72 30 35 40 17 28 17 38 72 118 70 35 21 157 76 31 17 11 38 35 89 22 52 64 0 
45 46 59 29 52 65 57 81 76 137 86 77 255 11 23 46 24 39 22 81 26 41 24 23 86 30 32 38 12 74 17 32 143 51 41 34 13 152 54 35 32 9 67 14 37 35 88 55 0 
9 65 43 20 28 69 40 47 12 93 67 16 155 45 24 22 7 32 19 59 29 54 6 19 25 12 38 74 9 53 3 22 66 91 33 10 26 255 47 28 78 8 4 57 17 48 88 34 0 
57 55 75 26 111 61 37 33 49 158 63 186 149 54 92 13 27 35 30 32 65 41 65 74 67 42 13 63 41 80 20 20 79 81 46 19 86 255 65 67 161 17 57 21 40 9 133 40 0 
22 35 68 42 64 50 26 70 89 231 20 255 195 29 39 44 58 35 20 26 15 59 23 56 117 12 15 29 42 21 38 31 57 89 70 6 33 252 140 77 43 13 54 43 84 91 146 69 0 
17 57 31 9 30 31 13 38 15 80 30 255 90 55 106 39 15 47 25 69 23 25 20 48 68 8 37 20 23 9 15 18 38 57 22 0 40 85 83 41 79 39 107 33 57 74 74 29 0 
32 18 45 69 53 43 48 17 44 59 52 255 90 141 72 119 182 38 69 113 51 43 41 67 77 16 53 39 16 20 5 22 43 56 11 10 22 11 53 242 105 47 137 18 42 87 89 80 0 
58 51 114 22 84 75 39 28 30 88 12 202 204 255 183 213 167 69 25 174 33 168 133 53 169 57 67 127 66 64 19 32 62 67 34 23 22 62 36 111 155 58 79 49 201 113 141 240 0 
43 95 144 70 4 44 45 6 29 3 71 186 88 51 89 15 55 54 138 190 73 56 32 123 252 42 18 15 43 92 57 19 45 46 11 27 158 114 86 56 18 29 22 107 180 255 66 72 0 
58 48 158 108 79 56 7 25 71 78 65 193 134 59 27 34 67 104 61 88 32 75 114 99 255 46 35 69 21 28 25 19 61 58 24 33 73 198 55 6 52 21 7 171 42 219 120 104 0 
142 87 165 136 38 96 40 65 49 214 74 255 203 8 54 56 68 82 71 75 64 96 97 111 84 32 27 67 27 120 30 34 85 40 41 14 70 175 49 46 76 10 47 96 52 189 95 16 0 
69 23 74 60 20 61 41 39 10 65 43 255 203 21 31 35 53 50 50 89 12 55 68 14 52 48 16 40 40 39 26 18 58 27 42 30 26 57 43 37 32 8 4 33 55 64 43 28 0 
31 34 45 25 11 50 34 22 24 19 55 255 64 11 51 34 30 14 25 61 11 15 104 38 36 17 13 28 25 29 7 16 55 26 22 33 21 100 81 41 60 11 19 38 25 19 28 14 0 
36 22 34 23 16 38 18 47 56 8 21 255 33 22 30 29 28 20 42 56 18 30 119 61 27 22 1 7 24 80 14 12 39 36 26 16 32 12 54 11 38 12 24 25 25 59 38 34 0 
16 22 35 59 38 44 32 29 12 38 29 255 177 18 40 26 23 32 22 27 18 30 109 21 13 8 6 57 27 79 11 14 35 26 18 40 41 47 77 26 27 19 11 6 12 61 22 15 0 
37 13 63 36 69 63 19 37 39 135 74 255 121 11 47 19 44 13 48 77 4 32 216 54 32 22 32 28 24 94 10 21 52 42 10 65 19 58 60 39 6 35 29 15 28 39 31 29 0 
23 12 21 35 19 37 16 25 9 16 38 105 255 14 13 5 11 42 20 94 15 18 119 29 13 8 11 37 8 55 9 12 31 21 12 29 14 25 24 9 11 13 16 25 27 12 22 12 0 
62 17 53 59 23 58 38 78 21 100 63 121 248 34 38 5 30 38 17 80 34 14 255 69 19 19 17 40 35 56 17 15 50 55 20 21 12 54 49 30 45 13 33 12 46 52 12 29 0 
54 34 38 83 18 61 26 57 18 48 98 23 202 53 35 24 35 85 64 204 11 56 255 53 10 16 25 21 10 44 10 21 59 84 24 84 45 29 22 9 77 12 38 36 3 34 5 33 0 
29 40 66 88 40 83 52 96 59 161 41 21 93 29 40 43 30 78 62 27 22 66 255 30 25 22 39 76 22 55 27 27 95 78 14 54 55 150 33 67 86 18 90 58 20 88 21 61 0 
64 24 49 93 40 77 54 56 48 50 54 48 156 65 60 40 35 91 84 232 8 44 255 106 35 26 19 76 36 36 24 18 92 97 42 41 71 118 53 81 77 47 29 41 16 65 21 24 0 
91 58 35 87 36 69 53 96 71 52 56 23 37 69 64 24 81 46 81 207 27 28 255 24 64 0 40 116 56 35 30 23 86 54 55 87 45 55 42 42 54 83 87 9 62 54 9 79 0 
163 110 73 86 14 70 133 83 55 76 53 25 74 33 43 18 34 88 62 66 16 83 255 74 24 47 82 101 47 64 20 13 65 88 56 91 94 113 44 5 37 91 20 60 143 16 11 35 0 
143 197 109 54 41 69 69 15 104 31 131 85 24 19 65 32 35 38 219 223 63 230 224 255 64 123 180 60 132 89 8 33 68 12 192 65 191 84 60 107 46 83 29 10 179 96 19 193 0 
64 60 59 38 21 46 65 41 97 98 154 30 6 100 37 31 128 18 255 89 55 207 73 95 111 91 33 69 128 39 10 66 97 119 78 23 118 10 31 65 29 103 132 61 97 48 5 40 0 
25 43 38 10 20 54 51 81 148 69 203 121 65 112 28 58 59 59 95 68 16 53 111 116 28 94 100 59 27 36 13 41 55 235 48 55 255 193 38 49 82 201 102 50 82 23 11 53 0 
9 10 15 19 10 34 72 79 106 70 69 29 115 96 49 54 119 44 17 24 10 22 27 16 3 15 12 13 9 6 6 38 23 18 32 23 41 83 67 129 81 217 255 32 35 19 10 15 0 
27 17 24 16 9 66 80 74 46 33 98 60 26 98 89 147 255 46 36 188 20 24 79 28 23 15 27 7 13 9 9 26 23 13 36 43 33 30 93 226 180 79 73 13 27 12 13 19 0 
58 42 16 29 10 36 57 45 82 29 164 66 20 53 39 25 141 38 4 156 22 59 89 24 12 22 35 37 11 15 13 14 49 52 14 98 19 255 174 63 3 67 68 73 73 29 19 17 0 
27 41 24 34 16 46 6 38 46 7 107 136 28 92 26 59 73 45 20 255 24 4 246 30 20 15 29 29 5 1 17 12 14 22 20 65 17 136 41 15 12 27 14 22 67 41 14 41 0 
41 20 30 51 24 27 35 41 57 69 138 176 88 53 46 45 60 79 21 255 18 11 220 26 22 30 29 32 23 10 17 24 68 49 24 49 22 71 55 119 26 39 56 40 71 98 13 46 0 
16 3 17 32 14 9 19 11 12 26 64 23 6 11 27 31 11 2 8 155 18 13 255 31 18 9 6 23 20 20 10 20 22 22 12 21 4 22 24 3 10 16 6 9 7 29 22 22 0 
10 5 13 7 4 2 19 8 0 29 12 43 10 13 3 19 20 4 3 89 13 28 255 27 8 3 4 15 2 18 4 7 13 15 2 14 10 19 20 8 9 5 11 1 12 15 5 3 0 
12 3 6 15 7 5 20 13 6 19 31 5 6 9 4 12 11 6 3 139 5 7 255 25 5 6 3 13 13 25 8 4 24 9 12 8 6 7 3 10 8 2 7 3 6 36 4 9 0 
7 4 18 38 1 8 7 10 29 19 44 5 5 12 3 10 10 6 3 255 15 12 241 40 13 1 3 16 6 27 5 8 4 15 4 7 2 8 10 6 4 5 2 3 7 26 5 10 0 
13 5 7 97 7 14 8 7 16 14 32 17 11 21 6 8 6 5 9 255 7 15 210 44 4 8 2 10 10 28 2 4 3 6 2 7 9 13 5 6 9 8 4 3 3 12 6 13 0 
8 8 20 78 5 3 11 6 27 9 19 8 7 4 10 5 11 2 10 35 6 6 255 39 8 10 1 11 8 23 3 6 14 11 4 2 1 4 3 3 8 7 4 2 6 7 1 7 0 
13 14 15 122 9 19 11 12 28 9 15 16 9 10 12 8 11 6 13 183 19 14 255 41 21 12 2 31 2 22 2 4 21 17 10 8 8 8 7 9 15 7 2 5 16 11 1 14 0 
15 25 44 178 13 27 13 28 46 28 49 11 20 29 13 8 16 6 17 70 7 26 255 59 18 18 7 34 18 25 11 25 25 26 12 4 7 24 17 8 13 20 9 7 5 14 12 16 0 
19 55 122 198 36 48 75 43 95 74 71 26 19 59 41 31 38 3 30 125 42 49 255 89 13 56 9 33 17 28 23 53 72 21 41 25 39 21 38 50 17 10 27 43 37 47 24 51 0 
34 40 131 255 28 89 49 46 66 83 81 42 37 22 59 41 28 21 35 218 12 41 135 111 38 43 13 40 23 40 40 61 74 23 45 22 22 64 23 33 30 42 15 47 66 40 10 1 0 
14 68 191 35 83 111 62 62 40 99 127 44 96 47 72 59 51 13 79 255 108 79 186 128 132 26 16 98 17 53 31 84 130 68 23 18 74 45 45 33 73 19 72 73 78 82 48 22 0 
20 90 139 255 61 120 67 93 56 85 121 46 48 34 44 37 31 16 57 144 80 60 227 80 141 101 26 96 54 43 22 52 105 67 58 38 38 37 82 48 87 30 13 29 103 35 36 33 0 
76 35 107 255 59 94 41 104 35 82 34 11 48 39 89 56 32 16 29 241 126 39 122 157 156 44 35 94 63 31 43 34 92 137 47 16 44 24 45 32 54 50 24 26 56 18 9 56 0 
48 51 150 255 47 89 47 69 87 52 62 22 63 67 51 27 33 29 33 247 66 77 210 61 118 49 15 139 38 57 34 31 88 114 26 15 42 19 42 17 59 40 27 9 18 50 42 73 0 
16 102 141 255 36 71 15 26 86 39 101 50 22 41 12 19 24 51 45 206 27 84 73 86 85 36 6 117 62 2 9 41 78 119 55 17 57 17 49 23 14 36 11 35 33 76 31 64 0 
21 49 175 255 63 83 43 88 99 57 221 27 53 48 14 53 31 50 41 37 32 110 198 78 75 29 16 99 37 62 55 32 102 62 31 36 61 17 52 29 31 51 29 34 50 64 74 128 0 
39 20 210 255 58 83 60 96 94 114 225 14 86 39 80 81 67 8 14 85 35 53 113 79 22 50 31 57 49 30 58 41 116 89 54 3 23 117 73 23 46 49 31 25 125 60 41 46 0 
50 85 177 255 91 100 74 33 10 115 117 66 57 63 12 70 58 25 48 50 15 84 157 72 79 47 22 100 90 81 51 48 99 88 65 9 43 102 49 43 78 44 39 33 137 126 87 102 0 
73 31 122 255 31 77 10 56 75 137 87 49 58 57 42 65 54 51 72 122 40 55 97 15 149 68 41 108 12 32 51 49 86 73 32 6 25 21 56 13 68 37 1 52 97 73 37 98 0 
21 68 231 151 84 161 86 123 74 239 189 61 132 65 133 137 67 106 69 97 65 178 255 141 239 106 47 65 70 48 36 100 215 168 111 20 88 118 101 26 99 63 70 111 253 184 73 150 0 
40 34 116 255 78 98 55 65 107 106 95 62 18 5 99 65 59 20 29 87 19 54 106 13 104 44 20 63 9 32 36 43 104 121 66 26 60 16 53 27 40 4 23 47 225 159 67 82 0 
78 45 130 98 37 78 45 60 91 75 104 31 54 26 61 41 26 26 6 135 12 103 100 41 102 52 28 64 30 30 44 38 90 120 28 16 50 16 62 36 28 25 31 17 255 68 17 58 0 
30 24 164 165 50 81 52 116 180 137 255 61 40 67 50 47 69 51 83 230 6 104 118 199 227 77 36 61 70 66 39 39 86 116 43 7 109 14 74 26 73 15 14 18 196 67 96 27 0 
19 21 65 82 29 53 39 60 148 61 123 18 52 17 15 21 25 62 11 137 44 68 61 171 161 26 9 76 19 46 41 25 40 65 23 21 19 70 36 32 71 16 22 52 255 35 36 23 0 
29 27 69 177 32 44 28 31 175 47 62 14 54 26 30 27 48 37 59 127 2 48 48 103 116 27 28 88 40 77 57 20 43 35 25 8 33 40 16 20 44 13 4 35 255 39 47 24 0 
19 52 54 140 54 65 36 40 196 30 76 23 46 54 33 20 59 24 43 95 37 31 88 226 171 55 19 85 56 64 79 22 67 56 26 9 27 85 48 28 26 20 13 19 255 89 42 19 0 
73 40 58 190 17 53 25 65 244 35 81 20 44 47 25 29 85 20 52 67 49 171 82 182 158 22 81 14 38 255 80 5 85 57 23 20 63 31 51 22 37 38 69 14 36 87 86 86 0 
31 111 73 165 28 58 1 50 151 20 88 17 22 15 24 27 53 25 255 23 63 108 65 127 238 62 83 112 79 241 65 34 57 32 22 12 20 11 17 15 33 20 17 22 94 6 64 68 0 
16 14 45 78 9 34 15 22 75 31 81 10 3 24 26 10 34 21 126 69 12 70 31 255 94 13 33 23 28 187 4 24 36 10 16 12 20 5 18 25 25 25 4 35 120 47 80 96 0 
7 41 30 173 39 46 19 22 52 23 58 7 23 22 17 11 24 7 5 44 36 98 39 255 60 17 5 63 10 105 43 9 34 12 13 5 23 5 8 31 13 19 6 30 245 18 31 55 0 
13 36 26 186 8 26 22 17 92 11 37 2 18 10 12 8 14 2 34 16 27 28 24 255 41 8 11 48 6 10 29 28 29 20 22 6 13 10 9 15 15 13 5 21 107 34 49 12 0 
26 16 29 193 32 20 20 25 91 37 11 1 17 13 21 21 7 17 10 40 18 39 26 255 29 21 12 48 17 11 31 7 38 23 6 12 11 5 12 9 14 9 9 6 192 29 49 21 0 
13 33 62 224 51 35 33 20 52 17 58 12 16 23 35 23 11 30 8 36 31 64 27 255 44 5 26 21 13 55 23 10 48 44 23 4 23 6 24 21 10 10 12 18 45 34 87 34 0 
38 14 66 166 24 40 24 26 115 38 80 20 17 10 33 16 14 33 51 71 56 21 57 171 26 25 18 63 7 10 24 11 50 46 13 11 35 32 16 21 17 15 11 12 255 25 100 37 0 
17 15 44 147 39 32 34 27 83 49 121 2 33 16 15 31 20 15 69 113 32 43 43 84 34 24 19 90 27 42 53 21 54 53 11 10 8 25 16 4 28 4 9 14 255 11 95 55 0 
24 26 66 110 59 31 26 20 124 33 137 38 11 18 26 57 18 27 40 140 52 36 65 207 61 48 24 110 51 21 27 34 50 56 34 8 31 48 48 17 48 8 13 20 255 13 148 59 0 
16 73 86 87 68 48 66 31 133 56 175 50 75 47 50 76 30 31 144 91 73 28 61 118 80 32 26 108 52 34 60 39 76 88 42 7 51 82 54 24 46 36 7 40 255 35 152 72 0 
76 91 150 57 21 91 60 77 142 76 194 87 45 37 79 58 34 47 123 135 66 100 85 169 61 50 40 49 49 57 88 68 148 64 46 16 63 109 83 36 51 21 28 41 255 62 100 43 0 
15 14 188 108 41 114 92 69 111 109 39 33 103 32 117 42 23 75 171 94 90 84 129 153 156 70 68 59 57 45 64 78 173 73 70 19 81 255 77 21 41 41 41 59 157 101 192 15 0 
32 12 87 54 45 64 70 30 24 65 255 63 69 26 48 18 41 32 85 84 121 77 30 147 104 17 39 67 73 27 43 41 86 36 21 15 24 90 37 18 58 24 15 37 127 31 143 48 0 
73 103 115 29 92 119 81 45 204 183 197 91 56 38 54 25 25 174 132 169 78 75 68 140 107 38 33 55 100 25 120 70 85 69 107 8 158 255 97 10 60 44 31 152 56 50 222 97 0 
33 14 70 30 34 56 37 70 65 168 131 37 89 35 34 12 26 177 48 86 9 136 52 90 96 38 35 64 48 12 46 82 58 51 56 8 26 104 36 39 43 37 11 49 255 43 124 50 0 
25 61 118 67 31 69 44 36 247 210 255 43 95 62 27 42 43 229 38 99 125 137 47 50 79 21 17 127 32 25 181 64 119 58 72 32 29 137 68 0 17 77 44 33 238 75 178 33 0 
40 103 195 108 49 78 59 26 131 146 102 164 193 36 77 24 62 200 63 117 93 255 133 142 107 37 71 47 107 62 45 105 132 46 49 18 113 195 114 32 37 146 54 143 184 73 106 111 0 
44 28 114 46 44 57 33 8 29 42 255 206 29 29 60 11 38 94 65 93 64 133 48 32 43 23 26 34 54 31 141 55 65 37 53 19 11 136 52 32 37 107 65 39 18 34 105 79 0 
73 85 105 44 42 58 30 7 191 120 106 126 51 57 61 32 77 113 60 59 94 255 118 154 34 50 16 46 65 46 114 18 81 46 2 16 59 59 33 13 16 54 119 84 113 62 54 142 0 
62 50 64 81 29 35 27 22 86 127 144 160 126 23 13 46 34 78 40 57 80 255 82 85 53 33 21 14 53 28 5 34 67 47 17 3 29 13 67 26 49 49 88 24 137 72 109 58 0 
47 82 129 75 27 47 38 13 35 39 55 80 10 12 35 16 4 62 136 30 65 255 33 66 46 32 58 40 113 47 58 42 69 39 16 9 8 42 25 18 31 55 128 18 182 106 38 89 0 
46 19 16 98 0 32 7 12 32 21 59 38 34 12 17 20 6 82 131 38 10 255 30 37 46 24 21 28 6 17 37 5 18 27 24 14 26 16 3 7 14 29 55 28 111 33 103 97 0 
26 7 41 63 14 59 6 51 40 90 89 170 19 4 19 23 8 24 123 19 22 255 26 41 51 32 17 15 5 7 86 37 20 45 14 5 7 54 27 3 30 37 20 31 52 9 112 85 0 
33 13 35 27 9 41 7 30 34 50 39 104 55 8 21 17 14 19 61 31 11 190 15 67 19 9 12 12 10 13 23 36 19 32 25 13 8 43 29 14 35 23 30 10 67 29 59 255 0 
12 4 12 7 8 20 3 12 40 1 16 106 6 4 9 6 4 11 26 30 9 255 11 13 6 6 1 5 12 3 19 9 15 18 4 3 6 10 20 3 8 14 7 8 35 13 25 42 0 
2 2 21 20 11 17 10 7 29 26 4 76 6 12 4 7 4 17 20 12 10 255 24 10 10 1 3 15 13 28 20 8 18 24 16 14 10 13 12 11 4 5 21 7 13 16 20 95 0 
7 15 50 32 15 42 17 20 61 43 54 47 58 6 33 25 10 28 30 19 28 255 27 30 14 21 9 42 30 48 38 11 30 46 32 16 21 11 13 13 14 12 8 17 37 18 11 135 0 
11 27 55 75 50 83 38 27 215 98 96 255 98 13 63 35 2 96 61 95 48 97 28 16 33 39 10 50 48 35 98 19 64 66 28 83 35 18 19 5 45 19 31 40 53 35 32 138 0 
53 36 68 11 93 92 16 51 161 86 107 178 177 50 68 54 17 51 66 19 25 255 9 74 45 34 25 45 106 38 69 88 94 82 61 126 45 33 54 20 92 37 38 28 104 38 13 150 0 
38 50 113 74 62 91 19 79 198 59 140 255 126 71 46 22 31 17 126 63 9 247 74 3 51 43 38 112 92 31 86 6 98 45 49 91 65 55 33 44 49 39 41 28 103 39 47 219 0 
37 29 81 34 53 84 29 55 147 60 165 255 94 24 44 32 37 41 69 61 6 21 63 32 37 10 27 81 66 31 111 57 59 42 28 96 27 41 35 10 39 51 48 14 67 28 53 168 0 
18 29 131 49 101 107 29 49 184 96 255 186 41 16 29 50 27 81 107 67 23 67 65 59 32 55 16 98 47 40 90 54 77 83 28 84 34 37 55 15 103 40 26 41 116 0 22 236 0 
4 58 98 85 85 107 22 58 70 172 112 65 51 45 73 44 62 54 125 35 53 47 59 42 61 52 16 54 76 39 133 54 108 100 63 124 39 32 71 29 112 30 55 31 64 44 26 255 0 
55 56 103 50 21 103 58 55 255 57 88 144 74 43 105 48 40 15 57 10 40 110 57 61 67 22 5 65 90 35 160 48 112 114 76 83 70 57 48 26 92 33 33 62 143 45 21 177 0 
59 36 228 111 116 144 32 119 138 182 90 96 33 53 38 65 92 102 135 124 103 132 162 40 59 92 36 46 63 64 175 87 181 194 101 92 69 204 46 53 77 7 28 129 87 57 22 255 0 
53 54 104 47 98 97 40 71 247 29 224 79 44 28 74 41 27 105 28 111 69 46 47 56 41 25 16 83 28 22 255 68 103 81 43 84 23 160 67 19 95 25 29 23 58 32 36 174 0 
51 42 96 63 91 89 45 117 255 188 85 73 34 30 107 45 54 48 91 72 152 29 71 68 99 59 7 74 36 23 254 60 120 139 77 149 79 89 66 42 106 38 45 27 50 51 29 86 0 
71 14 125 70 47 95 77 74 255 71 243 81 39 40 45 52 42 46 102 100 116 114 67 53 35 48 26 80 66 22 127 23 129 100 73 127 32 72 45 42 101 23 29 13 66 49 35 145 0 
80 79 158 61 21 110 42 39 227 110 102 133 71 46 33 68 75 83 82 255 86 106 109 41 101 44 51 81 38 40 149 41 142 53 48 79 43 64 81 34 74 51 35 15 20 25 29 88 0 
23 51 107 60 62 85 46 32 255 93 213 74 72 41 73 53 42 58 78 142 117 55 49 86 48 60 10 43 36 24 169 60 109 88 56 108 24 85 72 26 30 32 41 38 118 47 68 88 0 
91 50 156 145 136 111 88 90 95 196 255 138 98 48 84 58 46 46 167 133 119 90 89 106 117 71 63 97 46 34 204 72 169 176 117 140 51 174 89 36 16 14 71 12 84 77 30 38 0 
32 54 104 113 48 116 53 44 255 39 101 46 52 27 16 38 39 26 60 146 56 57 77 60 56 55 32 34 16 12 212 45 113 84 13 72 41 95 65 31 39 19 21 11 154 6 12 33 0 
28 17 134 71 35 71 99 43 99 138 90 54 34 53 65 61 15 96 155 114 95 89 88 45 50 41 11 46 54 36 255 39 182 123 89 99 25 113 64 54 69 34 37 25 66 56 52 69 0 
44 26 98 49 60 100 79 51 255 74 95 18 33 32 80 48 31 61 56 38 55 72 77 40 41 40 36 28 46 15 141 40 124 91 92 68 40 77 20 14 64 35 50 12 4 88 55 95 0 
128 70 141 172 218 164 16 129 109 201 159 55 81 53 121 93 32 70 33 88 51 80 104 87 64 84 76 88 82 40 202 99 240 147 68 171 82 34 51 39 87 46 22 26 208 255 38 147 0 
31 21 94 107 130 111 147 82 238 66 76 55 55 31 30 45 16 25 195 91 9 32 97 90 64 48 33 57 62 12 255 54 107 86 126 29 23 22 47 40 42 22 17 39 98 121 56 51 0 
25 26 85 78 73 51 66 71 181 109 171 89 55 28 52 33 11 56 39 101 9 61 125 14 39 96 70 31 26 30 193 103 73 48 255 45 56 41 32 33 17 20 24 12 86 197 39 51 0 
15 27 54 7 11 43 114 43 255 80 25 29 19 18 37 17 2 24 25 39 20 13 72 11 8 43 23 8 16 1 78 145 95 117 123 138 116 17 35 7 8 7 12 9 31 107 17 28 0 
11 10 77 33 22 107 139 66 161 85 30 44 15 25 46 27 14 8 38 255 54 58 58 30 49 28 10 29 35 17 135 81 56 58 11 63 92 46 37 24 20 3 15 27 83 151 22 45 0 
31 39 75 37 91 60 49 66 89 45 99 25 26 19 14 35 6 14 29 255 66 29 81 27 39 16 18 28 12 18 114 71 29 51 27 38 36 40 20 24 27 12 20 30 46 71 19 37 0 
29 50 117 61 255 73 75 10 182 54 67 13 48 16 88 39 26 26 77 31 68 17 51 19 63 49 12 27 28 21 53 95 58 68 40 114 68 84 55 25 36 32 22 29 30 240 50 88 0 
35 23 66 55 220 72 21 41 124 150 32 68 29 29 54 22 16 33 66 166 71 42 123 33 69 25 13 46 15 22 226 167 74 71 16 117 39 72 16 19 20 17 12 67 62 255 33 65 0 
26 10 42 9 162 29 44 37 71 59 39 60 19 13 9 15 14 46 40 52 59 17 47 25 44 20 10 5 19 4 255 18 52 46 8 59 36 39 15 15 15 15 15 50 19 123 16 55 0 
15 7 47 44 161 27 28 29 202 102 56 35 21 10 24 8 17 44 23 47 37 18 29 21 36 18 6 14 9 7 255 69 30 41 24 29 30 43 33 19 22 11 6 42 29 134 21 32 0 
23 2 35 27 139 44 11 23 91 20 65 56 11 8 41 12 3 20 26 110 39 13 13 21 32 22 16 24 18 11 255 89 19 40 33 9 24 27 21 3 26 2 16 45 27 86 10 42 0 
18 16 48 40 123 36 25 39 189 45 57 45 35 26 18 31 17 24 97 55 24 45 45 13 13 18 20 56 10 26 255 25 62 19 20 21 19 11 36 31 16 13 8 38 118 164 70 38 0 
22 17 31 34 62 58 20 4 255 16 29 24 12 5 6 21 6 28 3 22 7 21 33 16 18 7 10 18 16 7 86 18 35 8 28 7 27 19 16 5 12 4 8 31 17 81 12 35 0 
12 17 23 12 64 17 17 19 255 41 73 11 10 11 11 15 18 28 12 24 27 12 26 12 8 7 12 21 7 12 55 17 39 19 19 7 15 17 16 9 23 7 7 41 31 74 14 13 0 
11 17 51 28 54 18 21 34 255 34 66 18 15 20 11 24 17 24 23 49 13 19 28 21 8 13 9 6 15 9 29 33 37 17 2 17 20 45 27 14 38 9 9 37 16 64 12 26 0 
15 12 49 46 58 47 29 33 255 44 51 38 19 16 23 14 8 10 34 35 11 8 41 21 4 16 11 13 13 2 40 49 49 36 46 13 33 5 26 8 51 7 11 41 38 52 2 15 0 
16 30 67 42 19 37 29 49 255 54 37 47 23 19 35 12 21 21 27 70 6 14 40 17 23 19 11 10 23 6 39 43 40 48 13 18 41 40 51 19 3 4 11 22 30 72 13 29 0 
10 8 93 96 31 45 42 64 255 82 5 57 32 19 25 10 33 14 28 73 10 22 28 42 35 28 16 16 35 6 13 52 58 74 21 12 13 61 45 6 34 12 18 40 39 194 15 29 0 
17 14 63 33 14 44 12 44 107 63 7 50 36 14 28 26 36 9 29 34 16 15 34 28 26 23 19 22 30 16 38 32 56 64 38 33 39 33 28 23 50 20 15 34 40 255 43 52 0 
14 23 54 58 19 33 16 21 140 53 54 25 23 30 29 24 8 20 34 8 11 17 20 20 26 17 8 29 15 10 6 18 51 43 17 22 23 44 39 14 27 11 10 19 15 255 34 13 0 
6 15 49 41 10 25 22 9 52 24 42 22 28 16 16 18 27 32 22 26 13 11 25 16 23 11 4 23 13 5 14 12 39 21 26 10 20 16 28 6 17 1 16 17 24 255 35 26 0 
10 15 74 69 23 72 41 2 187 89 126 50 20 34 41 22 31 37 23 93 18 8 53 28 43 24 10 21 15 18 39 52 55 146 127 46 51 104 31 24 47 42 6 61 33 255 57 28 0 
1 8 23 10 15 30 23 44 19 16 28 16 20 11 19 4 28 37 9 17 8 5 49 13 19 6 3 11 8 21 18 6 9 22 36 4 36 60 24 10 40 9 7 56 2 255 13 8 0 
2 4 22 7 9 32 22 18 12 8 34 8 30 3 2 16 3 11 3 56 5 1 41 11 17 5 0 12 3 27 18 19 15 13 12 4 16 69 32 15 10 8 10 255 32 58 31 27 0 
3 3 23 4 15 11 15 18 13 10 34 15 32 3 7 12 11 6 5 140 13 6 83 10 23 7 2 8 4 29 1 5 6 9 4 0 6 30 26 12 10 3 4 69 28 255 40 13 0 
3 9 14 15 13 14 10 12 15 10 22 54 15 16 6 12 6 0 8 226 4 5 99 24 23 2 2 6 1 34 8 7 10 5 4 3 8 82 11 24 5 3 2 15 17 255 36 5 0 
1 4 11 1 11 12 10 9 7 15 22 35 27 9 5 9 11 10 13 255 9 8 16 9 30 6 4 3 3 25 2 5 13 13 5 2 10 43 10 14 8 3 4 4 15 144 16 6 0 
7 5 43 43 25 36 28 20 11 16 37 39 14 18 11 10 20 20 38 178 37 3 95 16 71 8 7 29 6 53 3 15 29 16 8 8 11 66 8 15 19 3 11 18 17 255 23 18 0 
14 13 42 65 34 41 16 24 63 35 120 60 19 17 35 13 29 15 37 255 58 4 63 28 111 11 8 39 1 41 14 14 37 35 3 3 26 28 4 13 15 5 12 15 34 99 39 30 0 
9 9 68 33 20 38 24 10 80 40 78 38 31 11 10 9 25 8 58 255 10 13 52 34 103 22 4 36 19 43 0 10 10 34 57 11 24 100 29 22 14 4 12 21 23 48 13 26 0 
23 11 136 151 51 194 106 83 18 62 94 69 32 48 30 39 87 99 168 255 54 6 143 58 244 62 22 57 38 36 64 128 120 116 130 42 137 227 24 46 34 9 47 57 76 164 33 46 0 
42 35 136 103 67 137 72 51 134 120 190 20 62 47 119 79 104 78 105 100 67 76 177 130 255 98 62 39 40 30 66 74 106 80 49 34 95 223 59 37 86 25 39 81 79 177 12 46 0 
8 60 103 92 61 85 57 48 125 103 68 47 32 28 52 82 74 23 73 200 44 41 73 82 255 46 28 42 60 33 39 58 102 74 63 15 49 42 42 17 45 8 36 4 105 86 35 3 0 
31 41 75 167 56 107 61 35 149 74 58 27 44 19 14 48 67 7 86 193 60 25 123 71 255 41 23 47 36 11 27 47 96 82 37 8 43 187 23 50 3 7 30 14 46 62 33 26 0 
30 25 59 68 38 69 37 43 95 75 79 36 56 41 62 35 55 27 86 132 57 9 59 75 255 29 23 43 32 15 26 51 72 61 12 11 14 16 55 45 23 5 23 11 139 65 11 46 0 
28 18 51 215 18 72 38 53 119 55 54 18 33 28 53 15 40 17 73 114 44 13 67 45 255 7 27 15 28 8 29 28 61 64 29 12 18 89 28 5 50 8 26 17 35 68 5 8 0 
9 19 44 129 19 45 22 42 138 41 39 45 32 8 22 7 32 11 78 103 28 33 55 41 255 30 16 10 27 10 21 33 53 51 30 23 36 34 32 20 36 4 21 16 119 75 18 26 0 
10 2 27 62 11 33 19 30 113 32 58 34 19 7 1 18 15 10 41 63 27 7 30 25 184 25 14 20 21 3 7 17 33 38 9 11 15 45 20 13 23 11 15 10 255 47 17 9 0 
13 10 30 29 15 26 13 27 60 27 50 24 31 13 13 17 21 14 75 52 27 13 29 15 168 16 4 26 4 3 11 14 32 22 8 8 44 7 22 19 26 7 14 3 255 41 12 12 0 
3 6 26 46 9 20 6 16 56 18 20 18 2 11 20 2 9 3 49 5 21 6 18 13 127 9 3 20 8 6 4 13 21 23 12 10 33 26 9 7 22 6 5 1 255 39 11 8 0 
3 6 27 61 15 29 19 19 169 29 40 36 56 12 23 12 21 7 43 32 23 48 28 25 205 49 7 26 14 10 16 12 25 12 15 19 11 39 13 11 35 11 23 9 255 42 34 10 0 
19 34 47 189 27 44 36 29 146 90 76 79 79 54 55 20 20 25 16 55 40 4 67 63 255 19 2 29 17 38 59 18 62 38 26 24 59 94 24 45 39 30 40 8 87 25 75 44 0 
32 17 45 51 20 49 33 31 226 94 96 5 107 31 52 24 43 57 78 44 54 73 50 165 225 9 28 38 24 41 112 40 64 27 14 35 108 1 43 13 78 77 121 23 255 37 62 23 0 
21 11 22 115 3 30 15 11 131 38 71 16 46 74 23 28 51 44 40 45 23 76 39 85 129 3 11 18 18 68 81 20 30 21 9 26 57 48 15 47 33 65 36 33 255 60 51 6 0 
22 8 20 117 12 41 23 15 255 58 138 61 110 45 35 21 62 35 38 26 13 144 44 146 104 13 26 11 4 133 130 15 35 15 7 40 47 22 64 60 61 80 13 12 106 51 93 26 0 
41 7 48 34 17 27 14 25 118 34 86 42 38 38 32 7 43 22 144 42 41 168 47 249 255 24 69 49 26 71 170 30 31 29 15 12 22 47 72 18 36 48 6 9 120 48 69 52 0 
57 18 22 116 12 32 14 17 43 28 51 36 26 43 34 31 5 17 64 44 27 85 58 255 55 31 70 53 33 34 144 25 34 22 14 11 84 16 18 24 67 9 22 26 212 53 44 41 0 
72 24 114 179 5 43 28 40 147 32 61 42 80 24 49 47 13 57 159 134 42 155 7 255 64 61 70 48 136 98 156 19 42 40 16 15 73 70 31 39 26 23 28 20 235 59 89 19 0 
13 13 53 94 15 29 16 23 105 11 7 52 45 23 48 20 25 8 81 49 21 45 17 170 60 36 8 24 36 17 77 30 26 33 18 6 15 37 35 30 46 10 10 11 255 21 62 30 0 
15 35 77 165 16 42 22 35 173 65 71 255 34 53 42 44 19 26 102 23 27 151 28 184 48 25 25 20 50 63 80 45 48 52 21 12 30 50 67 52 39 35 35 20 174 129 61 25 0 
17 3 76 137 29 63 34 30 107 59 48 131 9 34 58 59 41 21 79 63 20 66 39 97 34 29 28 14 62 68 31 52 64 58 34 14 37 55 33 13 44 19 15 7 255 54 19 37 0 
43 56 122 63 46 86 69 79 255 85 80 150 150 59 65 57 46 45 57 87 38 51 62 138 94 83 33 60 45 57 66 41 104 87 47 10 15 39 87 40 48 23 12 21 226 70 83 45 0 
40 50 141 73 28 119 82 97 135 121 90 89 13 92 110 81 68 10 97 120 85 126 85 175 129 116 41 11 88 61 57 75 144 123 59 16 41 133 78 25 71 24 48 63 255 112 10 35 0 
34 30 141 45 39 110 70 73 190 167 119 34 231 64 79 79 44 39 219 134 38 52 86 52 91 59 9 33 84 105 71 60 131 107 50 38 35 47 104 17 39 47 18 32 255 58 135 19 0 
12 71 175 25 73 163 106 101 220 121 80 134 94 79 34 51 86 19 131 255 78 126 100 173 63 57 50 84 61 63 32 113 163 151 49 26 69 105 94 58 72 45 47 26 230 163 100 54 0 
23 65 142 86 46 150 66 76 91 66 98 33 174 99 53 61 25 62 255 112 78 34 92 139 35 61 40 34 68 68 78 61 139 110 55 39 47 43 76 56 45 25 34 26 204 64 79 61 0 
14 11 83 34 32 98 53 107 115 255 60 48 32 24 50 35 19 2 119 103 45 38 48 33 33 44 20 39 32 52 32 36 83 61 22 16 24 18 41 12 13 17 17 5 61 66 130 47 0 
25 21 92 31 16 49 30 58 7 255 8 35 14 36 30 34 34 27 144 45 44 34 59 38 37 31 25 21 5 33 63 23 66 40 18 23 34 11 26 15 18 9 21 20 39 44 103 14 0 
28 29 109 42 32 80 87 25 180 255 21 61 42 50 48 58 23 70 171 18 82 62 61 66 27 41 43 35 59 44 61 38 87 59 37 13 39 38 60 69 25 10 22 39 73 95 119 65 0 
6 38 141 22 66 112 148 154 122 165 68 35 63 73 79 84 74 55 177 91 100 108 113 16 62 71 61 50 78 101 106 50 153 93 69 35 99 33 61 76 46 9 39 9 62 152 255 74 0 
45 36 135 67 47 102 139 81 76 255 44 20 37 57 62 65 43 10 210 62 88 48 76 37 33 47 46 43 43 10 102 44 114 64 30 15 52 17 41 22 21 19 30 19 17 114 191 55 0 
37 67 210 106 79 154 152 117 25 255 93 88 41 53 124 89 83 96 148 126 193 60 136 49 49 89 75 87 88 68 83 96 193 153 56 53 93 155 80 83 124 35 66 47 53 73 220 67 0 
42 38 195 35 86 174 254 154 210 158 59 138 50 72 89 108 87 36 242 168 138 73 114 55 30 57 53 49 94 91 136 74 147 123 89 56 67 15 49 74 89 36 48 9 24 49 255 95 0 
15 17 86 62 71 113 211 71 102 255 49 56 52 73 24 60 39 58 101 17 138 68 89 34 58 52 44 50 38 61 31 36 106 95 51 28 44 85 28 35 45 21 28 49 18 65 96 70 0 
2 54 135 60 16 85 255 61 66 182 52 16 59 81 50 74 55 145 93 106 183 92 106 48 30 33 50 26 11 38 42 65 131 120 35 49 56 93 75 50 31 27 29 109 18 86 180 37 0 
26 89 187 64 47 159 192 104 188 76 15 28 74 56 96 93 75 163 150 122 199 59 112 47 30 82 25 61 48 53 58 60 167 135 51 58 49 97 56 41 74 21 37 129 14 168 255 97 0 
50 62 152 51 72 135 85 122 143 129 30 110 108 54 35 76 82 28 96 146 255 103 79 41 48 65 56 107 109 72 66 78 148 133 53 67 53 104 36 100 198 17 45 37 79 74 224 62 0 
21 39 97 36 10 63 102 46 101 98 19 40 62 61 74 68 20 11 79 47 112 60 85 27 39 57 42 56 42 28 60 49 91 97 32 45 39 75 44 52 78 21 20 27 37 51 255 77 0 
18 42 124 63 32 95 92 84 34 180 78 138 86 105 173 125 65 21 60 51 173 30 49 36 57 54 36 78 35 38 40 43 84 100 41 48 36 222 22 64 150 57 93 80 60 80 255 61 0 
21 30 67 13 50 65 42 51 91 20 50 43 72 77 142 149 31 17 42 12 156 35 54 18 29 17 19 14 59 30 28 29 71 58 20 37 31 255 112 97 43 127 158 43 59 18 158 32 0 
14 22 86 36 57 59 49 25 33 79 52 116 157 155 148 197 78 24 79 64 134 25 55 14 37 35 4 15 49 20 46 32 89 63 12 25 21 255 194 106 55 47 29 57 29 53 163 51 0 
24 51 140 29 26 74 113 73 108 80 51 76 31 93 115 39 8 22 72 60 255 53 82 44 47 30 39 52 26 21 5 48 114 105 52 38 19 46 96 29 59 28 48 10 47 30 234 32 0 
24 51 123 37 49 69 33 93 27 124 50 79 21 80 85 38 16 8 102 90 255 102 60 28 6 53 26 66 58 32 56 44 81 87 28 39 34 23 96 33 38 24 25 42 85 92 191 30 0 
23 23 86 22 42 58 52 60 123 46 10 61 1 54 89 33 11 24 47 103 153 96 64 25 32 37 11 44 81 26 32 40 69 75 22 47 21 24 77 14 32 15 21 16 35 72 255 24 0 
18 48 122 52 43 67 60 75 50 140 30 61 11 37 87 40 10 31 63 110 181 72 75 27 15 43 19 62 115 32 16 29 109 95 43 38 38 52 79 11 24 13 28 14 47 79 255 24 0 
18 29 104 33 33 82 77 76 78 90 36 91 6 33 46 39 10 10 91 23 238 68 23 26 59 44 33 34 100 31 31 56 81 71 48 10 24 27 69 21 26 14 29 13 31 44 255 69 0 
42 15 73 35 36 89 37 46 48 114 60 41 28 35 60 29 3 11 69 113 162 74 74 24 91 36 19 33 65 41 40 49 68 94 35 9 25 28 58 24 39 15 26 13 36 86 255 84 0 
96 109 91 59 69 142 55 30 115 4 27 52 31 43 80 48 22 27 50 53 255 249 117 42 47 96 143 70 138 9 9 64 140 115 46 20 4 4 53 31 57 12 28 16 61 57 192 50 0 
9 14 86 56 51 197 66 48 85 109 66 5 36 60 35 50 7 26 92 45 255 156 121 69 31 41 41 95 154 25 72 29 130 72 13 31 30 48 88 4 32 11 28 21 61 74 156 62 0 
20 51 107 51 32 110 59 72 92 74 17 8 42 37 49 45 14 21 41 48 191 255 81 67 28 37 31 73 118 41 53 58 115 86 34 40 38 19 65 24 15 20 17 41 25 47 179 60 0 
108 117 189 68 42 255 124 108 137 121 15 54 33 41 72 60 29 32 83 146 223 219 152 81 60 107 30 113 125 47 36 135 145 134 59 80 8 21 68 39 18 19 29 32 171 32 62 80 0 
33 121 172 47 26 88 90 78 66 79 61 29 18 21 31 21 23 27 75 138 149 255 57 104 84 77 42 25 29 4 51 248 190 40 122 51 76 31 4 11 21 10 9 16 163 112 54 241 0 
32 49 44 8 21 161 48 55 156 46 21 14 18 10 15 9 16 21 77 146 53 223 55 71 28 36 40 45 80 45 33 255 127 159 162 69 77 12 20 4 17 5 4 18 83 63 53 161 0 
19 19 67 21 22 24 153 85 20 36 54 25 5 7 19 4 6 8 11 139 49 255 31 38 20 25 11 26 67 28 12 198 32 63 58 32 46 20 23 7 2 6 12 11 18 23 92 24 0 
15 45 11 14 27 202 32 31 58 45 41 33 16 19 25 10 9 24 31 123 46 246 75 7 17 19 12 13 60 22 5 255 77 26 55 49 23 8 21 12 4 4 15 29 40 104 89 66 0 
5 13 17 9 19 114 62 17 52 10 10 9 6 12 12 9 3 14 19 89 34 255 16 4 4 11 6 7 38 4 17 24 7 11 16 22 17 15 16 3 6 3 9 16 7 86 51 47 0 
2 21 57 12 28 141 13 6 57 28 38 5 16 16 18 21 9 2 34 49 27 255 26 16 3 17 11 42 55 13 52 91 46 45 16 15 15 6 26 8 11 7 8 6 15 32 19 38 0 
4 18 85 13 30 191 16 30 49 81 13 18 17 9 27 21 6 18 5 23 33 255 63 1 27 22 11 58 32 13 55 138 103 36 17 22 27 7 24 19 18 3 8 8 13 55 15 23 0 
12 17 59 8 22 255 37 29 88 35 25 16 13 5 21 13 14 8 15 22 31 133 47 15 12 13 15 66 72 10 42 21 36 40 23 20 11 24 23 15 9 1 8 11 29 18 22 3 0 
19 25 50 11 23 255 5 5 60 31 21 16 17 14 20 6 2 14 20 14 29 59 37 12 18 11 6 61 37 13 15 62 22 43 28 10 29 14 20 7 4 9 12 7 18 39 14 9 0 
26 13 36 17 20 255 17 12 119 42 47 27 10 23 25 9 6 6 27 36 29 53 23 21 14 29 20 67 38 16 12 49 30 52 27 3 21 17 29 8 13 7 9 12 14 29 9 18 0 
38 85 170 84 82 229 90 62 255 135 116 75 68 71 99 88 6 21 75 116 103 72 114 77 59 71 66 78 32 52 25 43 151 132 113 58 89 50 129 47 16 26 38 57 65 125 23 22 0 
44 112 239 119 74 255 67 84 82 176 107 16 91 70 115 132 43 27 112 125 128 70 134 39 61 107 57 19 12 76 20 54 194 160 99 25 94 53 100 50 45 27 49 26 75 184 53 16 0 
19 45 179 55 77 255 54 64 118 100 94 59 49 54 89 120 14 26 110 34 110 88 117 32 43 59 46 65 57 20 9 81 148 89 40 19 96 70 92 41 82 39 28 51 33 107 65 23 0 
42 69 136 129 73 214 63 67 255 142 85 59 137 113 144 79 85 34 106 121 147 198 116 34 72 71 65 90 52 66 34 118 205 149 97 33 84 94 180 89 58 37 64 59 152 140 80 50 0 
127 124 193 69 92 162 74 122 170 213 191 78 182 120 150 105 116 13 165 196 200 176 173 129 86 165 50 170 115 67 17 166 255 201 167 34 175 127 203 82 110 64 76 38 92 8 25 57 0 
13 47 178 43 51 130 50 79 255 113 115 13 80 93 90 56 61 6 77 52 129 57 120 65 34 41 23 23 23 42 9 64 100 91 58 25 77 56 71 44 3 38 57 64 47 95 5 25 0 
83 18 238 155 103 255 104 166 214 215 56 56 159 144 153 111 58 46 134 192 219 200 103 116 49 133 63 31 78 83 17 134 186 142 109 65 69 107 113 123 59 67 61 100 85 89 52 52 0 
21 31 255 101 94 181 88 199 242 226 222 41 98 119 118 112 106 50 166 188 194 210 173 147 86 120 95 126 66 119 23 121 220 229 133 21 147 182 154 49 75 62 89 78 129 136 96 39 0 
33 35 178 61 47 133 54 111 255 121 114 40 63 41 109 73 32 19 79 43 129 88 112 59 34 55 29 64 43 25 13 74 156 110 89 51 65 130 78 21 111 41 26 43 115 191 67 10 0 
61 8 165 54 36 114 49 90 154 125 92 48 77 45 82 58 54 26 86 19 88 39 123 56 25 60 60 86 22 66 24 68 141 121 52 57 59 86 51 42 71 35 52 53 81 255 42 37 0 
40 10 150 60 58 110 45 31 255 137 120 246 161 85 95 43 50 31 53 95 38 117 105 72 72 50 72 37 50 74 23 85 155 155 94 61 77 95 133 64 77 48 48 101 120 207 56 28 0 
33 40 136 35 49 110 84 61 233 109 56 95 66 55 75 37 43 27 53 38 29 86 124 38 29 59 58 51 62 27 21 64 119 122 57 63 78 46 76 32 40 32 32 35 64 255 49 15 0 
33 17 111 13 40 91 63 70 102 100 148 255 110 73 69 45 31 6 61 86 20 51 91 38 51 70 42 36 46 50 13 52 102 84 23 46 46 61 77 26 30 43 42 21 55 211 25 34 0 
78 65 198 39 71 135 70 95 94 116 238 76 26 88 63 68 68 57 105 181 14 61 154 45 47 72 80 75 92 30 42 95 171 135 121 70 106 48 162 68 18 66 52 33 97 255 106 117 0 
47 87 255 69 80 116 71 87 253 162 92 250 130 79 96 74 60 93 97 136 60 155 72 46 90 91 55 57 66 84 9 78 185 131 90 83 75 57 82 51 59 38 46 43 104 163 110 102 0 
23 23 123 55 57 102 78 74 255 86 113 75 39 58 79 57 49 17 79 137 32 56 55 44 26 48 21 62 50 52 6 65 133 110 51 27 46 20 90 24 69 40 35 76 65 215 21 60 0 
65 55 144 83 54 128 90 28 255 101 121 102 102 55 71 68 22 20 81 86 40 85 147 41 33 72 31 39 69 64 21 86 129 107 91 19 75 54 100 106 90 57 49 81 68 219 68 37 0 
92 101 255 118 57 195 98 63 251 210 150 49 125 80 153 101 100 44 163 128 118 160 164 115 98 112 64 58 87 75 76 102 218 204 128 119 121 62 139 102 137 72 74 78 106 202 195 34 0 
47 60 163 59 28 101 73 18 36 106 163 43 71 51 113 63 39 49 85 171 88 86 126 42 55 43 40 36 58 60 46 107 185 40 135 80 135 24 103 20 75 53 46 22 42 255 155 73 0 
16 36 147 80 60 159 89 65 55 107 99 33 127 40 65 60 48 58 72 165 67 87 140 59 45 76 41 31 37 33 14 42 103 101 36 64 80 20 124 34 65 70 43 36 80 255 106 80 0 
45 86 150 97 81 91 85 53 120 107 26 119 106 106 88 59 41 28 109 173 61 105 215 78 35 61 52 46 35 53 24 41 127 156 59 35 64 14 112 62 28 62 54 34 174 163 255 63 0 
19 38 145 158 61 137 70 86 95 148 16 42 94 73 78 56 36 21 166 131 30 111 15 42 26 95 49 63 40 29 16 45 121 134 70 25 74 39 172 74 75 22 77 27 255 96 156 155 0 
60 19 197 101 39 112 78 109 44 184 32 133 57 24 89 62 22 66 255 97 58 43 156 107 88 84 11 52 48 47 31 54 122 125 58 17 98 32 131 46 98 43 33 66 244 248 172 86 0 
89 142 64 150 76 158 97 145 79 255 59 29 230 50 147 79 38 48 142 145 14 134 177 100 80 17 41 160 186 39 51 97 180 175 91 29 114 85 46 52 236 166 157 13 243 214 237 64 0 
26 25 101 16 34 64 32 59 43 88 39 151 55 75 68 40 40 17 66 26 20 27 74 37 30 58 28 54 54 24 20 41 100 73 34 17 26 34 129 40 129 97 37 55 255 190 89 134 0 
26 31 60 59 8 32 27 20 45 27 28 128 138 57 64 40 24 41 36 82 24 19 102 93 44 26 21 29 25 25 19 21 44 37 22 8 45 81 87 72 58 251 51 58 255 116 19 61 0 
20 37 135 20 5 23 14 15 13 30 15 37 26 17 18 40 26 12 15 64 23 33 62 71 60 63 29 36 42 29 8 14 26 26 13 4 36 57 26 18 110 255 67 43 87 58 79 78 0 
13 16 38 95 15 25 9 16 35 42 14 26 61 17 32 7 26 13 22 255 22 39 184 24 24 44 24 15 22 53 20 17 32 23 15 6 6 50 18 26 78 189 79 37 40 187 33 4 0 
6 16 3 57 12 17 16 12 26 18 17 141 22 22 11 5 7 5 6 255 26 22 87 14 31 10 13 12 11 42 13 10 26 27 14 3 16 6 15 14 69 23 12 26 34 65 17 84 0 
7 12 39 34 17 34 27 27 30 66 21 26 31 31 18 25 34 12 11 255 48 36 44 60 2 23 24 19 14 19 16 20 40 37 20 5 15 14 12 30 82 14 19 13 44 81 51 127 0 
5 53 143 62 56 114 78 73 137 172 55 135 168 28 81 78 103 52 64 255 118 113 97 50 69 98 67 54 72 84 43 56 140 133 61 16 99 14 45 47 167 38 58 48 45 19 53 27 0 
9 65 118 12 51 118 97 86 107 102 57 215 248 143 68 64 68 48 85 255 200 78 131 75 93 48 60 21 51 35 18 70 142 121 51 16 52 57 68 16 122 43 43 31 72 50 47 4 0 
41 51 123 71 82 128 65 92 91 164 37 108 255 173 87 85 96 25 96 99 118 83 107 72 55 98 53 83 60 10 73 71 177 147 85 34 97 98 83 75 107 48 25 5 45 45 22 39 0 
16 65 255 95 88 211 109 106 169 213 106 170 245 156 139 93 145 37 150 52 92 157 176 103 187 91 97 130 88 102 29 112 254 199 81 50 78 44 120 62 137 51 42 46 41 67 27 110 0 
45 37 186 54 77 168 122 112 133 178 57 96 176 74 95 86 112 46 115 255 68 147 70 132 69 83 112 66 55 63 52 89 206 166 118 36 102 51 85 75 163 34 23 6 57 27 20 12 0 
81 55 205 81 48 153 84 105 81 145 77 53 66 77 107 58 121 44 67 115 82 87 77 69 111 62 93 98 47 30 29 71 165 133 61 31 90 50 96 18 160 33 23 53 255 91 73 37 0 
56 42 145 96 42 103 69 81 116 114 86 37 41 64 70 47 39 24 47 155 78 130 66 92 52 57 31 96 41 45 45 63 134 120 76 13 64 45 89 14 88 29 17 8 255 31 41 53 0 
6 23 98 88 25 58 43 41 30 63 53 11 33 43 18 23 68 25 38 57 39 99 46 19 66 39 22 39 27 27 18 15 74 54 29 14 59 16 39 28 80 13 28 28 255 44 15 25 0 
11 29 67 43 13 47 17 32 19 35 37 15 20 41 27 20 15 8 35 23 31 31 26 38 38 34 20 24 20 23 16 22 51 43 30 3 47 25 26 35 44 18 7 15 255 19 12 16 0 
72 10 186 110 47 118 49 99 101 102 81 43 40 108 98 47 147 15 63 146 98 27 100 67 49 37 118 89 62 27 31 83 126 75 78 35 20 26 101 88 98 19 52 11 255 249 49 75 0 
64 10 174 169 70 118 86 148 131 167 22 94 52 129 41 54 182 10 58 89 87 255 78 80 68 130 150 160 39 67 69 33 163 71 65 29 65 94 83 143 221 41 16 45 48 102 59 104 0 
43 29 103 116 73 58 39 116 89 86 135 61 4 79 37 22 141 24 33 73 85 255 43 114 90 96 62 68 42 44 59 57 112 43 96 39 21 25 65 101 167 24 106 38 153 33 85 72 0 
151 28 143 157 13 70 78 18 65 56 42 77 97 115 81 35 169 64 33 45 174 86 143 255 75 67 160 82 29 65 55 74 93 110 66 54 49 131 97 119 19 180 115 58 94 31 91 36 0 
56 33 78 216 118 92 62 61 155 63 95 117 27 33 43 33 83 101 87 117 88 215 23 148 227 101 81 82 25 68 52 53 130 101 80 60 255 59 60 57 76 25 145 1 153 135 89 207 0 
136 16 204 174 60 96 106 1 148 75 91 59 56 58 76 50 156 58 72 235 67 138 120 126 136 60 110 70 76 33 73 46 138 165 74 142 251 19 52 52 25 8 22 35 255 190 91 64 0 
102 107 227 143 64 171 107 74 255 149 75 106 54 14 111 74 120 18 128 53 137 209 113 110 71 68 53 27 76 33 27 55 79 151 53 73 48 49 34 92 105 9 26 26 208 177 28 40 0 
32 73 161 84 44 114 92 79 106 83 67 66 50 8 91 63 31 21 98 92 58 255 83 87 64 50 28 14 55 69 16 51 104 121 57 43 63 86 58 27 42 6 98 36 209 109 41 46 0 
67 18 159 121 65 126 101 84 72 68 54 79 71 30 84 65 87 32 65 128 114 255 104 107 122 65 48 14 48 24 39 48 149 136 61 50 31 23 44 37 56 15 29 11 135 29 104 31 0 
48 14 221 102 84 198 78 84 247 176 91 48 95 98 79 89 77 38 122 112 72 255 139 124 79 51 65 83 101 82 60 49 204 169 109 48 141 63 82 86 105 11 131 52 242 133 86 16 0 
64 73 253 74 98 177 133 77 158 255 53 106 76 141 148 113 85 30 79 52 63 135 111 138 117 77 92 77 97 44 42 84 221 182 73 55 72 20 53 87 99 15 73 51 73 99 84 42 0 
98 64 194 56 112 232 119 167 170 135 255 146 128 128 173 91 84 38 105 113 83 82 112 126 101 120 39 77 124 25 87 109 186 222 146 66 132 89 177 80 41 31 45 81 137 204 110 66 0 
30 84 255 76 91 155 98 127 25 237 240 10 95 33 135 75 116 89 58 92 57 106 154 122 76 65 23 99 74 32 18 85 177 194 83 65 112 20 141 121 90 21 91 25 109 141 117 61 0 
34 58 134 46 42 100 96 60 175 255 34 82 36 36 98 63 34 17 46 65 57 60 96 71 57 50 38 45 63 47 54 61 135 135 74 32 82 42 94 56 37 15 48 17 67 86 43 23 0 
16 98 193 59 84 158 182 80 148 255 137 67 50 55 109 82 99 64 82 42 89 90 143 99 73 94 56 61 63 58 99 74 196 155 94 56 93 90 106 50 47 11 58 25 143 117 38 4 0 
38 35 248 79 79 168 192 85 233 255 42 151 95 72 121 103 92 53 119 154 95 89 171 107 80 116 81 85 104 93 33 122 230 209 98 57 119 12 137 94 101 30 83 40 205 101 117 43 0 
33 32 96 35 54 135 31 51 33 255 105 50 42 26 55 44 43 29 87 144 15 36 62 41 37 32 17 39 39 32 82 29 83 82 39 25 20 13 43 37 39 11 27 44 85 50 40 58 0 
4 61 160 59 138 118 36 77 225 255 143 91 82 55 98 62 66 110 106 250 68 74 127 75 108 67 34 64 64 82 127 229 149 168 103 121 114 95 102 68 74 28 55 96 119 78 20 64 0 
15 20 131 37 89 255 60 58 155 152 57 51 45 22 65 40 47 45 55 178 59 38 75 35 63 55 23 27 32 14 56 128 94 82 30 32 7 10 68 33 46 15 34 44 62 56 33 27 0 
27 59 129 63 62 165 193 49 36 226 40 52 41 35 74 41 40 50 76 255 45 45 69 68 83 53 45 35 41 46 63 157 146 101 22 51 24 42 64 35 48 4 35 26 76 75 41 10 0 
24 22 120 31 18 255 118 69 113 168 87 48 36 27 64 39 38 41 120 202 53 43 80 39 35 37 25 50 18 40 30 106 92 80 41 25 42 30 55 43 42 19 39 5 26 55 49 22 0 
10 18 130 47 73 255 73 72 16 186 69 57 43 45 74 49 53 33 129 75 48 81 80 67 59 76 22 41 44 49 53 65 125 122 56 54 66 36 85 63 51 26 61 16 40 100 19 57 0 
21 70 248 82 65 77 165 101 149 191 223 102 47 73 128 78 91 34 130 136 105 158 255 151 191 161 21 63 37 69 44 108 230 195 92 82 97 75 149 75 95 44 52 35 140 207 149 91 0 
18 57 76 26 25 64 53 32 24 117 57 28 33 16 47 27 32 4 255 84 88 13 77 110 72 35 60 29 19 24 31 31 73 68 28 21 27 24 42 28 35 7 33 13 148 77 99 44 0 
103 122 163 49 100 97 132 107 255 183 123 52 76 57 109 67 76 22 155 147 59 52 84 53 28 66 65 97 67 60 113 94 198 146 74 96 69 42 113 76 81 28 61 12 39 43 126 31 0 
68 46 255 86 96 131 113 125 153 217 141 160 82 67 123 77 113 34 165 194 90 85 183 100 108 85 70 78 49 100 97 72 196 200 101 186 94 57 119 91 119 38 79 45 106 162 137 75 0 
33 72 213 53 41 255 47 74 241 129 197 94 57 66 119 57 93 18 135 87 31 73 211 54 83 69 36 52 49 55 85 84 199 167 86 112 107 39 119 81 83 16 65 25 42 103 162 37 0 
42 37 174 48 12 69 120 56 96 255 43 87 56 40 73 48 69 46 117 150 54 58 22 60 76 52 27 40 54 51 82 56 147 129 52 144 62 77 83 60 38 9 69 32 23 50 113 10 0 
15 27 108 20 23 255 81 42 138 71 93 29 43 21 44 27 51 13 34 70 39 32 76 30 26 32 20 35 23 20 20 22 79 71 35 66 33 45 51 31 19 12 32 19 29 66 49 23 0 
28 48 177 61 43 255 86 82 47 173 164 66 43 22 64 44 70 39 74 71 61 55 125 37 70 58 37 48 35 50 30 122 138 120 39 46 63 83 91 80 39 15 93 32 73 149 56 16 0 
31 25 124 31 30 255 52 66 170 98 59 40 48 10 42 40 86 9 77 68 43 34 177 39 40 36 24 36 45 29 64 23 107 84 32 51 50 106 72 82 29 26 48 19 34 78 51 32 0 
9 14 59 16 0 75 25 10 93 77 40 96 114 126 90 68 10 61 26 128 29 21 255 19 16 20 7 14 9 41 12 104 33 43 8 67 10 130 58 78 83 101 64 54 30 50 35 30 0 
6 16 51 22 8 68 60 44 81 5 45 180 116 97 60 43 61 24 34 219 28 22 255 29 18 19 11 17 16 30 26 205 55 38 46 39 34 190 124 137 36 74 53 16 14 70 38 19 0 
9 12 42 7 14 48 12 24 59 101 54 255 66 78 60 41 56 23 20 223 30 17 131 7 21 16 10 15 23 14 55 102 44 40 31 11 19 126 123 58 29 23 37 7 11 227 18 0 0 
16 19 79 27 46 125 59 49 241 65 88 201 74 75 57 67 55 34 38 130 31 47 93 25 32 34 19 31 39 22 143 255 60 77 43 47 32 159 178 110 58 55 44 10 38 220 17 21 0 
15 21 65 34 41 205 69 47 255 173 94 41 81 42 57 27 58 53 42 164 33 41 19 21 38 28 19 26 6 8 125 19 64 64 37 56 43 95 8 77 73 28 40 25 27 129 17 12 0 
15 27 49 20 34 187 22 49 255 79 41 49 30 37 30 21 21 18 26 148 15 25 37 14 30 24 13 9 29 14 44 117 19 50 14 15 21 50 17 9 32 8 3 15 20 43 16 16 0 
19 11 45 18 31 118 10 30 255 54 53 10 31 25 30 25 4 10 12 145 15 26 17 19 22 16 13 11 7 9 14 57 50 39 23 9 22 10 10 6 32 9 8 24 23 19 14 7 0 
21 9 69 28 32 133 17 33 255 46 21 9 35 42 51 37 16 13 39 180 37 32 34 26 41 33 12 23 49 17 11 67 52 55 33 13 35 56 28 18 39 7 21 57 27 61 26 29 0 
18 26 89 35 46 219 48 56 255 97 113 43 42 43 56 43 27 32 53 153 76 58 40 29 43 47 30 13 89 23 20 32 85 67 66 16 55 36 39 14 44 7 11 59 14 58 27 15 0 
27 67 149 77 77 161 72 82 255 101 32 52 94 71 87 68 33 33 90 233 107 76 95 51 75 67 47 64 95 46 31 39 122 107 23 34 42 23 81 15 15 4 35 65 68 40 48 25 0 
86 25 231 96 109 255 104 131 140 208 115 94 132 117 151 110 44 112 190 216 222 186 115 82 118 87 68 163 119 41 42 154 205 170 87 21 81 44 86 43 134 28 56 154 129 165 59 49 0 
14 25 121 50 53 125 51 88 255 80 111 37 65 54 79 57 37 19 103 31 106 99 97 40 48 44 22 103 110 20 19 77 97 94 43 18 58 21 44 25 59 18 17 24 86 68 33 33 0 
22 65 200 85 67 140 48 128 255 163 239 85 106 84 92 92 23 71 131 118 142 210 62 67 105 45 38 175 158 31 26 105 167 143 70 19 94 42 106 37 103 33 46 9 107 121 86 39 0 
27 60 157 26 87 77 50 93 213 104 255 68 96 74 84 72 41 32 71 113 167 254 62 44 62 64 35 111 123 21 23 77 132 139 68 33 73 79 62 10 75 27 13 43 60 19 49 59 0 
18 23 139 47 47 104 56 80 212 76 194 46 74 57 101 53 34 82 72 89 182 255 103 28 64 65 28 55 127 34 22 46 112 117 70 26 75 14 31 15 26 7 38 64 76 30 38 50 0 
20 33 71 16 39 71 39 52 57 85 211 33 42 48 57 33 24 92 69 127 96 255 55 14 51 37 40 66 51 23 13 35 74 78 40 28 46 13 41 26 25 10 16 28 23 68 33 60 0 
36 29 64 38 31 60 46 58 87 71 177 62 33 41 54 31 22 43 67 87 151 255 56 25 56 32 32 61 31 18 9 33 75 68 32 21 37 16 18 26 32 16 26 44 44 80 25 48 0 
15 17 54 33 24 50 26 38 97 43 156 17 48 23 40 24 13 37 37 21 81 255 38 11 40 40 9 36 8 1 14 30 58 47 21 18 32 18 23 7 33 8 10 39 42 30 13 22 0 
8 14 83 55 36 74 26 56 127 83 152 52 74 37 34 29 16 42 72 71 36 255 109 15 81 61 9 19 96 15 9 58 66 55 42 19 32 36 42 17 50 16 29 46 45 21 35 53 0 
21 26 67 40 15 53 29 39 58 37 158 21 40 28 38 20 17 30 24 27 124 255 41 27 33 14 10 21 130 13 9 35 55 46 38 26 20 7 28 13 26 11 4 45 42 5 34 30 0 
12 32 85 79 39 62 45 17 29 66 178 52 27 37 48 30 28 59 40 21 54 255 43 43 47 50 36 84 157 19 14 35 70 55 2 23 34 67 28 23 23 5 11 34 221 26 53 31 0 
26 43 109 18 29 55 38 11 75 47 222 68 194 31 33 35 17 15 36 44 101 185 104 30 78 39 24 155 213 26 13 42 75 82 58 28 46 8 39 10 34 15 20 24 255 41 97 49 0 
45 47 94 101 26 45 43 11 47 54 223 119 149 49 40 35 30 63 54 52 173 240 43 27 86 17 11 145 240 32 16 35 70 75 52 21 26 20 47 20 38 16 15 24 255 22 239 43 0 
13 28 56 20 14 34 24 33 22 73 146 11 126 27 37 16 6 38 38 51 64 163 17 15 59 20 10 96 206 21 9 16 42 46 21 22 23 42 37 14 18 18 3 26 255 21 166 43 0 
29 37 66 86 13 39 30 41 86 207 142 135 227 47 25 18 26 26 53 72 63 243 55 41 38 49 24 166 255 41 19 27 55 70 12 16 26 98 22 7 35 18 18 39 244 25 228 73 0 
25 35 66 37 14 34 32 41 199 185 57 174 167 22 34 20 40 40 28 14 81 202 67 58 76 45 52 147 55 31 45 24 42 55 56 33 25 206 53 25 43 3 23 23 255 93 181 96 0 
60 73 64 77 16 15 21 22 94 84 79 255 121 54 22 44 12 54 32 64 38 111 66 110 129 45 40 124 152 37 44 23 23 32 18 28 53 142 55 54 22 15 13 12 153 78 74 134 0 
36 40 55 27 28 18 26 28 15 39 20 87 20 12 11 0 18 38 255 52 30 83 59 53 98 31 30 96 31 77 19 40 13 17 27 21 63 55 15 4 14 28 19 7 126 113 63 29 0 
76 55 95 82 9 74 2 10 163 41 53 255 59 7 19 5 7 17 91 58 79 41 35 63 176 50 77 104 195 19 13 49 36 32 14 13 19 87 55 13 29 9 7 13 83 104 103 126 0 
47 59 37 27 18 25 5 12 46 32 31 71 65 2 9 9 16 12 47 46 43 255 88 117 92 28 13 140 53 25 9 18 18 13 9 6 19 33 55 7 7 2 3 13 56 83 59 60 0 
36 8 24 26 12 46 18 10 23 45 40 49 120 18 28 21 21 27 32 16 34 110 44 47 13 30 12 105 255 19 19 27 37 21 20 5 21 47 63 1 18 3 6 6 19 45 36 32 0 
10 35 20 75 22 68 29 33 101 59 61 32 238 34 44 34 11 24 29 42 50 231 42 92 34 12 23 125 255 76 38 40 69 44 26 6 21 34 103 19 12 0 17 8 19 73 49 12 0 
14 9 15 23 21 38 16 19 18 33 62 38 48 6 9 19 12 7 23 10 26 106 34 32 3 18 5 45 255 31 6 19 34 26 17 3 20 40 43 8 16 2 4 24 11 14 38 12 0 
19 3 25 64 19 50 29 31 29 47 67 46 93 28 35 27 7 29 41 62 48 102 56 56 9 31 27 40 255 44 49 27 55 54 26 8 22 32 58 11 19 4 15 30 19 40 71 17 0 
14 21 39 34 20 47 23 29 54 52 82 32 28 24 25 23 15 30 22 45 40 9 42 41 10 7 14 22 255 39 9 22 44 49 21 5 29 11 47 9 16 2 5 28 11 35 46 20 0 
16 19 53 43 22 55 18 21 29 52 104 52 28 20 35 24 14 29 39 60 46 62 30 42 1 32 17 37 255 23 37 26 53 62 22 3 31 16 51 19 13 4 8 32 25 67 66 9 0 
18 16 59 73 32 68 35 21 77 78 120 32 11 20 47 30 28 38 51 96 48 81 57 57 20 24 31 46 255 31 23 22 72 52 27 4 39 39 67 10 29 5 16 72 13 36 76 8 0 
24 61 75 72 37 73 55 50 105 72 141 15 21 31 39 27 15 50 55 64 77 51 67 62 18 37 32 52 255 50 61 59 91 55 48 20 50 40 76 31 41 2 23 73 43 202 144 20 0 
18 52 86 56 32 74 51 47 10 79 109 12 12 37 43 25 43 31 61 49 66 31 51 68 23 45 31 43 182 61 21 39 75 52 34 7 50 32 62 26 8 10 17 87 26 255 129 22 0 
15 37 78 73 33 68 21 24 26 66 106 19 6 32 40 26 16 15 69 141 47 42 72 55 33 34 22 37 97 30 53 40 73 64 25 10 45 37 38 21 28 1 25 90 26 255 101 20 0 
18 15 52 50 21 47 20 30 28 36 105 14 13 16 29 14 7 23 34 108 35 30 100 41 18 18 10 13 6 17 24 28 45 50 14 14 24 45 31 12 26 4 14 11 17 255 102 18 0 
3 14 37 35 12 32 16 31 24 29 98 7 1 10 22 10 7 24 21 202 7 21 109 14 12 17 9 23 47 20 27 11 30 30 13 9 17 13 24 3 21 2 6 15 19 255 107 8 0 
7 11 33 29 9 29 18 23 9 31 100 13 10 15 20 12 11 44 30 226 3 16 155 39 26 18 9 17 59 15 13 18 33 34 13 11 18 23 22 8 13 2 8 24 10 255 87 3 0 
8 6 34 42 13 41 18 18 18 38 91 23 4 16 16 15 6 45 27 170 14 15 169 18 22 18 5 20 74 27 21 21 36 35 20 10 25 24 26 14 5 3 10 45 12 255 92 6 0 
7 13 34 38 15 22 10 13 14 26 77 15 8 11 17 10 11 32 17 156 10 26 148 23 21 17 2 13 50 14 20 17 26 30 14 5 12 13 27 8 8 2 5 29 6 255 93 19 0 
8 9 23 50 14 28 18 10 24 29 88 15 10 16 23 13 11 14 23 255 11 10 165 21 8 17 16 17 27 11 19 12 34 40 10 7 17 14 22 11 26 1 4 38 18 158 67 18 0 
12 26 41 53 17 35 22 20 20 34 100 14 15 15 19 19 11 33 26 255 8 21 204 54 18 15 8 24 28 19 18 24 40 50 15 9 17 23 32 14 23 5 12 14 20 242 81 5 0 
1 3 47 46 12 45 22 26 7 36 119 11 8 15 13 25 10 31 31 240 24 23 230 54 23 17 11 37 41 47 15 10 46 57 20 8 32 20 34 16 20 6 14 41 23 255 59 7 0 
6 17 33 50 30 39 28 20 29 30 101 29 15 19 22 20 11 12 27 221 9 19 255 45 4 18 4 33 46 50 30 19 37 56 22 8 13 42 26 16 21 14 3 20 13 69 69 9 0 
2 5 23 37 28 21 12 13 9 23 65 27 16 15 27 16 7 26 20 180 6 17 134 37 12 12 4 24 35 33 27 29 30 37 11 4 18 19 32 15 15 12 14 40 20 255 49 3 0 
2 6 12 49 9 28 7 8 9 12 36 14 30 17 18 33 14 3 8 149 4 8 197 26 9 8 6 12 14 167 14 12 18 24 8 4 8 56 24 44 25 17 10 146 122 255 34 8 0 
2 3 36 48 12 52 13 22 8 29 56 1 15 18 20 31 4 18 13 160 25 17 229 79 9 16 6 28 22 216 18 30 35 41 8 6 17 58 31 21 7 7 4 15 55 255 78 17 0 
7 33 57 120 47 136 49 47 29 65 101 19 50 52 79 35 29 39 53 212 31 37 37 72 5 42 25 73 52 255 32 51 82 84 32 16 57 27 44 30 41 20 19 11 118 84 61 43 0 
17 26 87 151 46 66 33 48 47 54 62 25 23 22 50 37 12 49 16 39 35 39 185 107 63 48 16 50 75 255 19 40 76 72 28 4 40 35 39 2 36 15 20 39 84 124 79 25 0 
14 29 92 123 44 123 87 64 25 97 85 59 9 50 84 48 49 134 90 70 71 56 148 78 112 65 16 72 102 167 56 31 61 108 104 34 37 49 77 24 59 10 33 6 151 255 19 40 0 
22 86 146 248 52 176 71 71 92 108 146 73 23 44 92 61 51 131 76 186 72 93 147 129 255 91 52 132 127 81 98 82 143 131 76 56 103 69 81 37 59 7 55 45 62 173 30 22 0 
7 23 73 36 30 100 28 45 22 68 41 55 15 27 53 34 16 77 73 86 48 37 74 116 255 71 31 62 72 101 46 50 78 61 49 43 194 47 61 15 40 9 24 8 129 60 25 36 0 
9 39 98 155 59 115 52 55 59 82 120 39 28 32 72 43 30 52 61 62 56 26 99 153 255 55 23 56 85 101 90 62 103 71 53 45 182 41 57 16 58 11 31 38 161 54 20 31 0 
5 15 26 15 13 42 18 18 20 36 17 20 6 12 24 16 8 19 36 18 22 11 27 109 167 55 8 15 20 52 17 24 41 24 21 18 255 7 24 2 18 6 8 11 29 17 22 7 0 
7 14 33 71 20 51 18 22 51 41 51 33 12 17 33 22 9 25 68 10 19 30 42 150 255 36 15 51 40 58 116 27 54 31 32 33 156 13 34 12 17 6 10 2 138 40 35 39 0 
19 27 24 26 5 14 14 9 46 6 55 40 7 15 6 4 4 13 114 41 19 35 30 86 255 3 7 12 15 84 78 10 16 23 6 16 132 11 17 3 12 14 6 8 53 53 32 55 0 
8 18 7 33 4 11 12 6 69 13 56 25 14 12 11 8 4 5 43 38 27 68 18 182 209 34 11 22 13 56 110 5 18 14 4 10 255 20 5 4 5 8 5 10 75 25 47 16 0 
10 12 9 33 4 17 8 9 58 11 25 15 8 7 11 9 4 6 255 180 154 115 54 130 59 37 20 17 12 28 50 8 14 20 6 11 175 5 8 3 6 1 0 4 168 148 106 83 0 
31 25 51 45 10 36 18 21 102 45 29 33 16 19 27 14 12 20 162 247 25 19 163 99 227 57 31 31 12 14 98 24 37 56 18 26 255 5 27 5 10 1 8 9 114 60 149 155 0 
7 18 37 15 13 40 20 21 123 54 24 30 15 15 29 16 11 7 78 99 18 36 57 58 255 85 15 14 18 16 37 19 38 54 24 23 67 18 27 4 14 5 4 11 151 56 63 47 0 
31 34 115 56 23 116 48 49 232 65 41 51 43 36 60 46 30 57 209 91 14 52 92 3 185 74 33 118 52 42 127 41 110 88 57 31 255 42 58 22 30 19 17 8 166 62 48 48 0 
25 30 106 103 26 145 46 65 255 48 47 51 32 42 81 62 33 35 211 73 34 43 153 49 140 85 52 98 156 59 97 28 127 82 71 72 23 9 84 32 47 16 26 40 142 19 91 62 0 
44 73 152 76 55 173 73 89 238 203 79 47 51 65 139 71 48 74 188 129 31 37 143 72 188 21 35 116 183 27 199 79 175 130 97 99 255 92 89 30 76 20 45 40 117 63 129 75 0 
42 37 142 94 54 148 50 80 195 255 41 69 44 57 98 61 31 16 126 117 11 58 149 46 135 26 10 117 167 57 107 69 140 140 88 54 113 32 80 24 53 16 33 9 68 60 93 59 0 
30 14 153 81 49 177 50 101 255 165 59 49 39 75 105 58 36 52 63 138 30 58 99 64 205 25 13 84 217 64 125 88 166 189 78 134 144 58 103 21 58 21 31 49 100 64 75 45 0 
32 47 210 83 116 175 176 72 66 255 47 33 39 52 86 55 33 41 85 62 7 59 93 51 75 29 59 190 217 62 74 92 175 178 80 170 123 47 90 23 65 27 26 17 97 58 70 49 0 
14 45 159 89 190 158 235 64 255 175 59 89 47 30 81 55 24 28 29 71 18 48 181 38 63 41 46 131 174 40 110 77 161 173 88 193 166 77 105 42 62 24 28 17 86 60 126 38 0 
23 29 155 87 164 145 140 75 91 79 52 26 40 32 80 44 43 10 24 67 11 45 138 44 68 18 31 89 135 53 112 66 129 164 86 255 117 43 85 33 55 27 19 28 55 19 108 56 0 
21 36 113 56 123 121 64 63 6 154 44 57 18 48 64 30 18 15 33 107 22 38 98 17 68 8 16 93 83 52 46 53 115 142 54 255 105 37 71 15 49 24 27 21 44 46 54 35 0 
16 46 151 93 150 159 91 79 235 154 64 50 71 87 109 80 39 45 53 182 33 43 182 46 39 43 21 37 117 45 52 79 159 193 92 255 126 7 98 33 73 20 44 15 54 107 25 27 0 
13 38 143 72 130 142 51 49 84 135 54 61 22 45 89 40 33 2 18 115 11 35 185 51 25 3 41 65 25 28 47 77 150 143 79 255 78 73 69 35 47 7 34 5 49 83 61 64 0 
12 19 118 45 91 255 17 28 43 86 61 31 23 28 54 26 13 12 38 84 16 33 40 28 58 12 19 32 33 49 21 57 95 90 46 167 97 9 34 13 38 6 9 16 33 12 56 24 0 
29 13 142 63 139 255 121 26 153 118 46 52 26 35 69 40 26 25 26 92 35 33 226 26 32 27 43 103 29 58 75 77 102 114 91 158 150 13 66 23 47 14 32 22 53 58 97 12 0 
15 13 69 42 80 255 68 5 23 46 60 13 8 16 28 17 10 9 21 13 19 14 27 23 33 20 39 12 17 29 32 31 52 34 62 75 68 32 37 9 19 4 6 6 27 54 39 41 0 
31 32 74 95 138 255 46 20 28 136 15 56 14 24 37 25 11 4 46 66 22 40 78 64 57 37 57 50 47 141 8 138 67 32 75 186 93 87 31 10 23 8 13 11 67 78 45 124 0 
30 11 33 36 92 187 116 72 51 47 190 55 9 17 30 18 5 11 47 129 30 100 53 73 22 79 42 63 104 83 60 255 88 63 15 213 72 50 22 9 16 3 8 8 22 145 17 53 0 
36 37 31 32 131 127 87 99 9 59 85 38 12 20 41 28 15 16 21 50 37 56 94 26 23 75 72 51 53 34 99 255 107 67 44 208 17 18 50 8 30 1 17 2 12 82 24 13 0 
15 14 24 5 54 255 78 19 39 43 13 15 6 8 21 13 4 9 14 12 11 9 8 8 6 14 8 20 26 16 41 63 9 43 23 102 18 31 20 6 10 2 6 7 6 26 13 3 0 
6 30 49 12 99 255 114 60 176 56 116 33 15 32 49 29 16 2 17 47 19 24 25 8 45 43 16 46 56 37 68 151 17 88 27 100 45 40 56 14 24 6 14 38 19 69 21 18 0 
10 11 31 22 58 255 32 20 153 48 12 7 8 21 32 21 8 4 13 28 5 30 50 7 18 29 13 35 37 19 16 91 50 58 3 74 24 37 36 9 19 11 7 18 17 43 21 7 0 
37 47 93 15 101 255 89 81 230 95 80 69 31 50 93 56 26 17 63 40 35 47 74 26 52 47 21 61 69 74 28 91 104 149 31 26 49 48 69 27 65 31 16 13 51 47 41 2 0 
11 45 174 80 120 130 160 72 255 139 58 73 31 67 110 71 8 19 78 65 33 56 76 50 69 79 37 137 95 35 31 53 102 181 29 74 87 141 97 26 76 43 19 44 94 9 54 46 0 
28 33 255 40 166 230 173 74 193 169 69 122 50 78 146 105 43 74 89 82 56 82 165 94 112 82 62 165 144 144 61 48 125 230 60 132 80 93 145 54 64 61 20 199 80 50 91 36 0 
23 28 184 76 94 22 124 82 238 142 40 65 30 60 107 74 21 76 28 64 38 67 120 97 58 58 23 104 76 42 38 22 112 170 62 90 86 99 102 40 51 45 21 255 66 104 53 72 0 
24 46 126 55 84 81 82 97 255 111 51 15 30 48 85 55 28 12 24 57 35 58 56 55 69 62 6 49 60 79 25 33 111 151 39 10 27 202 102 30 66 33 11 233 42 86 49 27 0 
22 9 87 57 16 67 43 131 255 97 9 68 11 40 54 34 16 33 22 4 11 39 70 25 46 28 32 19 48 58 30 39 69 93 23 26 6 113 74 25 65 25 11 86 21 45 39 25 0 
22 21 72 8 56 65 49 170 255 69 23 53 23 34 60 21 14 12 38 13 12 46 57 19 21 23 32 48 36 49 21 44 63 90 67 16 16 147 53 19 53 35 12 71 27 61 27 50 0 
16 19 57 60 45 63 38 198 225 17 5 31 12 25 63 19 13 5 30 30 21 46 52 9 53 16 10 37 48 18 11 31 68 65 15 10 43 255 43 20 30 30 8 46 13 56 20 57 0 
26 21 54 17 30 47 28 189 174 77 25 40 25 20 46 22 14 21 69 32 8 41 68 11 22 13 6 7 38 55 12 35 63 43 27 5 62 255 53 18 29 31 24 27 13 38 29 64 0 
14 19 44 43 41 65 25 211 155 38 34 25 29 37 69 31 5 32 52 50 28 40 44 27 63 13 47 34 29 67 24 27 64 41 84 5 115 255 47 31 42 17 17 35 32 24 37 69 0 
14 36 32 13 21 28 8 92 82 6 10 49 49 19 34 25 14 38 68 5 12 48 41 39 61 9 36 44 22 33 15 10 25 18 28 11 56 255 128 14 37 14 2 10 36 35 27 70 0 
27 78 48 19 29 27 12 78 27 27 21 20 30 36 35 11 16 100 55 19 25 58 30 55 12 54 66 72 48 32 65 9 26 22 50 10 52 255 120 53 47 22 19 13 25 69 68 113 0 
8 32 31 56 3 14 7 35 58 53 11 79 33 38 26 39 70 55 84 40 58 5 62 63 92 33 91 44 35 18 19 9 15 17 70 3 67 104 255 22 26 25 160 37 47 76 45 130 0 
32 28 33 61 9 13 9 24 11 18 14 92 208 50 116 47 69 69 180 69 35 22 54 59 66 79 31 113 73 5 5 15 15 14 42 8 37 46 255 80 49 37 40 45 80 52 93 232 0 
19 12 5 15 27 24 10 22 84 26 21 176 87 72 83 86 36 46 137 99 37 37 24 70 50 65 34 35 7 47 39 14 21 21 30 10 43 87 198 41 50 34 13 9 62 40 9 255 0 
26 40 99 51 25 49 27 62 139 54 31 139 39 69 27 14 34 50 53 33 37 16 39 54 30 15 79 90 60 45 40 32 53 49 13 14 58 191 255 38 56 22 17 25 77 62 23 105 0 
72 99 160 111 124 128 75 170 246 150 72 254 59 114 124 108 64 61 61 107 10 59 100 124 72 136 152 230 52 14 73 69 121 152 74 20 138 63 93 46 114 5 41 47 129 106 109 255 0 
38 6 64 56 42 86 35 95 104 57 19 255 19 72 58 31 20 73 53 43 19 7 45 36 30 54 53 121 47 14 44 43 64 98 17 5 60 149 138 32 48 16 16 8 55 79 26 114 0 
30 7 108 58 38 89 52 89 148 71 16 255 69 35 78 49 30 27 43 31 40 15 49 56 45 52 45 30 35 4 38 52 85 115 52 6 67 121 170 32 44 49 24 12 73 24 42 164 0 
27 62 122 69 67 177 85 64 255 141 48 165 110 84 80 61 46 58 67 87 8 27 50 68 34 70 72 71 61 17 31 87 136 190 31 23 98 47 251 45 78 40 44 13 116 63 44 52 0 
40 64 109 71 119 181 56 53 132 123 82 255 49 49 116 43 44 49 20 40 11 9 48 84 42 62 55 57 36 22 34 70 125 133 15 36 84 48 180 57 32 37 37 4 63 50 49 125 0 
46 33 139 81 75 177 85 122 187 107 182 255 63 89 104 60 57 225 54 21 24 34 53 52 32 52 62 143 37 37 85 131 153 170 105 19 88 62 121 52 40 37 34 55 113 51 50 254 0 
46 72 89 57 53 91 50 58 255 86 111 195 42 33 67 34 41 69 81 32 22 44 47 50 13 57 75 98 42 25 45 91 85 89 54 24 67 70 129 26 44 24 22 97 59 39 39 159 0 
19 30 64 52 103 118 9 13 255 64 115 248 27 65 44 27 41 36 41 39 18 22 38 26 36 39 55 56 30 17 26 44 75 82 43 16 61 97 91 23 34 23 16 43 46 49 18 116 0 
17 43 50 41 101 114 21 48 248 71 39 255 27 66 73 32 37 98 13 50 9 8 41 53 26 28 20 48 27 16 79 59 110 121 34 8 51 90 89 17 21 30 20 69 41 65 24 148 0 
10 65 34 34 33 88 90 75 53 57 70 255 22 14 35 19 16 12 31 22 9 13 19 27 16 32 22 53 22 8 32 86 82 62 49 7 39 64 54 13 20 21 9 60 31 21 15 103 0 
19 61 48 19 94 196 140 42 15 11 202 255 27 29 58 21 22 106 28 27 25 22 36 34 17 14 30 66 8 14 72 113 127 93 88 26 74 26 66 20 18 21 24 48 41 26 14 83 0 
14 22 31 31 101 255 102 76 86 33 176 235 20 41 38 13 17 105 22 21 13 12 9 22 3 22 17 10 13 21 54 190 56 123 92 64 89 121 52 7 32 16 5 40 19 27 11 76 0 
10 6 33 14 68 92 78 59 174 74 176 116 7 20 28 13 21 41 3 14 8 6 20 18 19 16 14 15 17 18 27 181 255 37 36 60 7 35 32 11 19 11 18 17 19 18 8 52 0 
11 51 38 23 58 255 19 35 99 85 79 102 21 24 45 22 21 66 12 18 24 19 16 23 9 24 13 9 37 21 17 140 53 115 29 18 48 78 47 10 29 11 14 29 30 25 3 68 0 
42 11 82 35 64 173 94 103 130 107 248 255 80 69 107 63 69 132 92 19 36 9 51 20 13 38 22 65 89 41 25 17 144 145 9 42 34 151 95 28 42 23 55 57 57 57 16 140 0 
18 56 86 43 18 67 15 30 82 83 255 62 51 18 74 68 47 61 62 25 21 17 28 44 44 39 33 72 99 22 16 35 74 143 51 72 35 130 121 49 53 31 22 68 53 52 14 143 0 
9 38 88 28 33 90 30 27 80 78 255 181 62 81 153 48 133 123 70 24 57 29 39 30 20 36 23 73 88 31 16 26 95 136 24 85 37 61 88 75 112 14 100 56 62 49 17 124 0 
36 44 109 45 53 53 84 56 74 90 140 15 138 219 255 100 69 149 54 17 80 32 27 37 64 35 22 119 48 19 19 12 85 121 6 76 52 203 194 64 18 38 83 9 74 52 33 145 0 
19 24 62 35 17 34 23 33 10 46 255 177 136 189 181 118 145 87 32 16 38 4 19 14 15 20 20 60 76 19 7 6 38 76 10 115 24 71 98 77 64 114 140 26 28 28 3 73 0 
3 4 30 15 18 16 13 7 7 29 204 255 82 6 95 51 100 84 21 8 19 16 14 8 6 12 5 42 50 7 10 6 22 44 13 66 9 229 111 109 57 62 56 17 3 21 8 61 0 
22 25 66 27 34 23 45 47 7 64 47 187 107 77 96 99 145 91 50 11 113 20 20 22 28 27 22 51 188 14 19 20 67 97 37 43 38 255 80 132 71 82 65 47 33 19 6 101 0 
14 7 62 14 27 33 20 28 28 37 58 255 58 17 56 19 69 64 42 8 69 25 11 15 16 25 19 56 167 15 12 16 42 75 7 26 32 68 69 59 31 20 19 19 7 19 13 107 0 
18 19 61 41 34 51 38 24 32 71 38 164 69 39 20 37 85 64 50 9 47 68 28 28 24 30 24 87 255 20 21 28 53 81 16 28 38 99 50 57 71 27 9 10 8 46 25 139 0 
18 34 56 28 30 29 22 16 34 66 64 158 47 29 35 29 44 72 54 11 119 26 15 12 16 26 15 32 255 19 30 32 54 83 18 26 42 36 45 31 20 30 22 17 16 40 28 79 0 
3 16 33 13 15 22 18 18 25 47 10 76 27 11 1 14 24 24 24 12 96 44 10 13 19 24 8 37 255 18 15 29 38 47 5 16 31 40 37 14 22 22 9 28 19 30 14 83 0 
17 27 25 9 13 23 13 24 24 32 16 47 11 2 6 12 29 7 26 13 89 43 24 14 9 14 8 77 255 10 14 14 27 29 12 8 23 14 16 17 32 17 2 17 18 25 33 76 0 
15 14 16 19 17 27 19 8 26 23 25 30 27 2 24 16 19 35 39 23 132 52 43 13 21 14 10 9 255 29 22 25 27 39 10 11 25 34 17 18 35 17 4 7 18 25 24 85 0 
9 8 27 6 16 26 11 19 36 35 25 21 24 9 21 17 18 45 39 20 129 75 38 16 4 20 11 88 255 3 15 20 29 35 36 21 25 2 34 15 33 10 5 16 19 34 36 62 0 
25 12 31 40 20 38 26 30 33 46 49 56 25 16 22 21 35 21 23 22 94 117 155 3 27 23 13 62 255 28 30 13 46 51 10 20 45 43 32 24 14 3 14 19 32 54 45 155 0 
11 12 24 15 7 21 16 23 26 38 78 24 13 5 12 13 19 3 37 13 117 44 204 23 30 16 11 45 255 13 16 31 44 30 44 20 50 32 63 12 21 7 12 21 22 15 126 96 0 
17 34 23 9 9 7 16 13 24 28 67 15 13 8 19 11 13 16 77 40 58 54 201 9 8 10 4 65 255 17 15 33 22 49 45 8 26 35 39 17 21 18 26 20 65 60 67 59 0 
15 51 45 28 32 19 131 76 90 32 162 32 16 11 12 10 15 32 22 100 66 147 239 13 40 50 18 45 244 35 20 198 79 138 56 132 255 78 7 11 22 15 37 59 16 66 253 195 0 
73 78 65 45 23 83 44 178 161 80 34 13 11 3 8 10 12 40 226 177 188 183 255 117 92 67 16 57 169 22 21 194 210 177 95 48 14 65 44 1 10 12 24 4 24 191 255 180 0 
23 11 130 24 16 31 62 12 41 19 64 18 22 3 17 13 17 44 75 96 72 123 172 28 12 25 40 69 182 20 19 63 80 87 71 17 72 77 15 11 4 19 42 46 102 29 255 94 0 
14 39 255 39 17 32 23 41 41 37 52 7 21 9 18 14 17 16 32 25 72 60 51 24 4 23 21 59 179 21 10 22 28 26 50 10 25 39 13 10 22 13 19 40 29 40 96 63 0 
25 86 241 29 24 36 30 48 25 43 50 27 24 11 28 26 28 14 19 68 74 20 255 54 23 16 24 112 170 17 17 38 78 36 73 30 3 73 51 12 37 13 23 53 41 69 58 53 0 
14 119 95 31 33 37 44 39 29 48 35 21 30 14 38 27 28 44 4 87 21 20 255 32 18 19 18 102 231 37 17 24 72 48 21 7 11 75 74 17 29 12 18 31 6 102 66 25 0 
1 130 183 37 31 44 55 38 38 56 46 14 44 23 48 29 42 74 42 129 62 32 157 55 29 20 25 90 255 29 17 12 80 49 30 22 16 71 59 13 14 8 19 20 25 87 217 32 0 
21 167 171 43 36 42 42 32 41 51 43 27 40 19 42 24 20 14 43 105 44 35 97 45 14 22 30 147 255 38 25 21 79 54 44 14 15 56 64 20 28 17 10 34 34 57 229 17 0 
9 71 58 5 26 21 27 28 23 32 17 17 22 9 21 13 7 15 13 91 4 8 255 45 10 17 12 118 112 23 14 9 42 18 27 8 10 35 51 9 28 11 12 19 35 91 60 29 0 
5 177 167 23 31 54 40 57 41 23 62 84 60 37 37 17 57 47 65 210 32 12 214 32 36 20 11 255 189 25 28 31 74 60 33 28 26 48 76 24 56 35 22 12 88 195 120 73 0 
12 106 66 84 9 45 16 29 23 28 18 40 63 41 50 9 39 35 11 201 15 26 255 53 7 14 6 159 188 74 28 23 46 37 29 17 20 94 81 16 26 30 33 24 83 153 109 15 0 
23 72 72 19 79 71 29 28 19 52 42 196 94 93 116 24 58 45 69 199 27 15 199 72 55 24 29 210 138 46 32 34 69 54 48 30 65 186 255 51 47 54 35 35 98 53 5 89 0 
15 34 161 89 14 18 20 11 12 56 11 68 16 100 107 75 69 74 28 166 15 7 108 20 10 6 22 115 58 121 13 19 37 25 17 16 37 236 255 22 25 208 113 31 131 244 74 72 0 
28 30 113 255 30 28 12 5 14 65 11 28 96 37 16 40 40 22 33 15 29 10 92 29 13 9 15 80 44 91 14 14 45 29 27 14 65 36 90 44 19 52 10 39 22 75 55 47 0 
49 65 96 255 29 62 49 42 34 76 44 41 98 52 52 89 117 33 54 79 47 11 201 100 68 39 14 145 34 67 47 19 120 48 18 40 147 119 122 49 30 58 77 71 53 112 135 122 0 
31 90 255 151 47 23 37 42 32 135 22 50 37 28 40 51 82 29 49 56 69 28 82 97 33 46 12 117 79 115 58 8 69 28 19 19 174 67 37 42 18 23 13 22 13 51 79 62 0 
57 38 255 80 25 29 16 33 18 130 40 37 35 25 47 39 31 52 39 69 55 110 189 82 70 101 31 104 24 74 44 5 24 19 12 29 189 61 20 43 23 8 20 7 37 26 90 63 0 
81 83 255 44 24 34 18 27 16 139 33 56 46 63 46 52 104 34 99 63 29 53 222 136 68 115 81 80 117 141 63 31 9 38 29 25 78 47 52 69 57 6 82 45 29 55 241 98 0 
23 26 93 33 6 34 42 27 31 125 28 39 21 30 36 18 7 25 120 85 84 119 135 82 81 91 37 13 255 25 54 14 35 27 27 28 153 6 25 8 26 13 48 2 44 21 61 144 0 
72 53 76 30 7 35 16 23 17 118 37 26 28 32 26 18 21 13 97 93 79 187 255 49 52 205 1 143 221 14 47 40 58 30 24 15 173 21 29 28 30 16 27 22 40 28 115 89 0 
22 134 106 37 35 47 36 31 25 74 2 30 37 30 8 26 14 14 6 109 22 91 255 93 46 158 34 220 112 32 34 37 88 24 23 55 89 40 34 35 27 21 38 15 19 22 108 64 0 
49 76 4 19 31 40 42 29 23 255 11 18 20 24 21 19 11 23 107 51 57 28 113 22 29 27 35 201 175 6 22 22 77 33 26 70 119 18 24 14 11 12 20 28 39 26 88 23 0 
39 48 15 13 25 51 82 20 8 139 7 6 19 25 15 15 16 26 32 60 54 21 65 34 37 38 22 255 93 13 11 23 80 28 14 25 82 3 23 19 15 13 21 42 16 20 7 8 0 
36 56 97 25 106 74 255 41 49 245 71 24 32 20 7 14 22 21 64 13 82 52 159 47 33 21 25 169 133 23 36 26 16 48 23 139 103 7 26 6 2 16 32 34 61 82 75 8 0 
21 108 115 50 145 132 78 48 41 231 41 39 31 27 41 25 43 9 100 89 77 67 174 49 43 48 31 255 169 61 47 71 252 38 67 142 101 21 53 39 14 16 25 47 82 109 174 45 0 
24 63 16 46 41 110 174 39 4 66 22 11 34 26 25 16 14 12 120 41 27 38 154 33 33 36 17 122 84 17 10 66 255 38 22 51 56 21 36 21 23 11 23 63 36 84 200 31 0 
28 105 98 166 28 99 183 38 50 183 85 29 40 21 24 17 35 16 56 63 96 39 138 32 32 43 24 93 77 162 48 66 147 97 31 174 45 39 45 20 25 14 25 63 43 161 255 19 0 
9 64 43 180 23 112 90 42 71 115 39 48 23 12 18 15 16 18 39 146 30 31 206 24 36 26 17 65 76 231 36 255 60 163 35 237 92 36 26 14 16 5 17 15 28 212 116 9 0 
18 108 90 98 64 193 47 144 39 143 32 24 32 25 34 20 35 11 96 14 57 40 57 46 66 29 25 116 100 39 27 159 255 75 116 37 45 45 61 18 14 11 34 94 45 154 63 38 0 
7 82 189 255 88 60 95 97 85 86 70 18 61 33 38 37 69 52 158 78 79 72 236 55 51 85 19 48 107 224 21 241 162 22 60 54 47 78 114 31 34 37 49 209 69 167 94 13 0 
35 122 148 254 30 3 103 76 45 107 34 35 63 27 39 31 58 50 182 86 117 51 253 52 95 87 34 162 62 65 30 118 210 59 51 67 21 87 86 44 32 28 46 255 47 133 80 34 0 
37 15 146 84 62 46 58 66 90 132 52 39 90 39 53 30 75 45 177 40 35 58 217 32 50 81 25 135 94 88 30 23 34 50 63 32 55 40 102 29 29 32 25 255 83 89 67 38 0 
11 107 137 255 65 62 35 105 205 141 38 29 58 22 47 46 73 61 118 62 54 61 153 76 133 121 39 200 111 81 51 11 66 59 92 74 35 89 93 45 46 40 51 197 155 76 72 44 0 
39 89 63 255 64 37 62 116 184 153 19 53 221 26 68 43 136 51 140 91 26 61 137 122 198 101 63 162 87 48 19 23 69 61 43 39 110 151 230 134 87 100 87 44 29 62 83 46 0 
48 168 51 62 53 14 20 64 85 252 11 19 102 27 39 38 145 145 127 53 27 32 44 147 33 162 27 18 77 47 122 13 45 34 195 36 100 137 255 54 61 65 115 68 61 34 54 65 0 
48 149 85 183 35 27 25 59 169 102 22 228 220 86 93 124 205 111 255 90 96 108 131 255 164 142 77 167 75 41 74 11 30 27 255 32 214 175 255 255 53 232 234 25 255 112 51 73 0 
87 253 157 115 50 13 22 65 113 255 38 255 255 255 42 255 255 91 161 127 214 151 94 255 255 255 127 217 18 62 10 26 32 20 255 65 255 255 255 255 81 255 255 255 255 134 80 255 0 
84 47 28 39 16 18 19 56 57 180 20 161 151 43 24 26 104 72 214 66 32 32 38 255 89 104 89 89 45 57 77 12 35 16 191 36 112 172 235 112 52 65 67 113 46 55 45 57 0 
9 103 42 53 28 62 35 46 41 5 86 175 86 53 22 40 30 89 115 53 47 48 96 176 68 71 55 255 88 40 28 12 90 19 158 37 99 184 158 186 77 41 85 79 64 94 43 43 0 
41 34 130 58 52 77 55 89 75 15 78 176 73 73 41 61 37 77 255 63 66 26 34 101 118 36 46 240 89 27 29 27 108 27 144 57 84 167 103 132 52 11 42 90 72 46 44 65 0 
48 120 82 61 81 71 88 99 80 7 70 166 84 69 33 38 21 25 255 69 57 54 94 132 53 12 58 69 97 20 18 45 123 36 126 14 72 61 35 94 26 27 79 93 72 50 28 41 0 
52 26 131 140 50 49 166 124 111 17 97 154 150 126 52 21 19 125 182 111 83 110 132 171 185 30 129 20 168 61 53 60 205 33 90 62 100 255 46 153 78 52 73 189 90 83 53 44 0 
34 91 138 135 153 93 255 20 64 25 54 180 74 102 84 14 56 148 174 110 77 98 78 161 77 26 107 49 141 33 34 86 179 10 194 50 98 25 54 166 40 47 95 131 54 115 38 44 0 
21 133 56 40 68 241 76 214 81 186 222 43 38 26 20 20 23 95 129 28 31 30 28 56 38 18 7 91 36 65 31 139 170 171 255 129 110 205 23 34 9 14 10 17 11 43 11 20 0 
51 255 143 62 54 37 144 99 73 92 119 234 121 96 103 60 103 202 197 88 53 63 100 90 113 24 75 180 75 35 87 104 138 55 162 79 113 213 56 48 51 31 69 78 27 57 60 73 0 
17 133 107 82 14 126 45 84 83 70 255 150 71 135 110 62 118 116 98 42 45 38 78 80 63 19 60 124 57 10 59 65 92 74 148 63 87 88 71 91 65 23 40 69 76 35 54 22 0 
28 78 85 53 35 52 88 69 63 58 105 255 196 174 81 147 227 95 74 58 36 54 71 57 38 24 49 80 40 40 30 39 34 25 44 178 22 174 53 105 43 126 53 76 52 36 42 36 0 
13 75 60 14 44 23 33 30 41 24 255 255 255 255 255 243 255 100 53 37 20 29 41 51 43 16 19 37 34 2 69 29 26 25 45 134 28 120 250 255 255 255 255 247 30 33 28 42 0 
39 80 158 50 47 108 83 78 55 81 156 74 56 103 58 58 255 73 151 88 71 66 125 127 98 30 72 63 65 49 51 46 113 55 153 45 68 82 74 95 100 143 52 113 131 85 78 16 0 
70 43 213 112 76 160 129 147 88 132 252 67 38 117 77 66 255 121 203 140 114 110 162 152 53 68 100 153 80 47 83 47 172 79 145 51 133 132 55 89 105 145 80 93 170 141 118 66 0 
