41 32 10 1
41 23 12 1
41 39 12 1
41 21 14 1
41 55 15 1
41 56 18 1
41 56 19 1
65 64 12 1
65 55 15 1
65 56 18 1
65 56 19 1
197 203 10 1
197 188 15 1
197 189 17 1
197 205 18 1
197 208 28 1
395 402 20 1
395 384 28 1
518 515 10 1
518 499 11 1
0 8 10 2
0 12 17 2
0 1 26 2
0 4 26 2
0 8 26 2
0 8 28 2
0 12 29 2
0 15 29 2
1 8 10 2
1 12 17 2
1 1 26 2
1 4 26 2
1 8 26 2
1 8 28 2
1 12 29 2
1 15 29 2
3 8 10 2
3 21 13 2
3 12 17 2
3 1 26 2
3 4 26 2
3 8 26 2
3 8 28 2
3 12 29 2
3 15 29 2
7 8 10 2
7 23 11 2
7 21 13 2
7 12 17 2
7 1 26 2
7 4 26 2
7 8 26 2
7 8 28 2
7 12 29 2
7 15 29 2
21 8 10 2
21 23 11 2
21 39 11 2
21 21 13 2
21 12 17 2
21 1 26 2
21 4 26 2
21 8 26 2
21 8 28 2
21 12 29 2
21 15 29 2
39 23 11 2
39 39 11 2
39 21 13 2
39 55 14 2
39 56 17 2
39 56 18 2
122 122 10 2
122 120 12 2
122 113 13 2
122 121 15 2
122 125 17 2
122 117 18 2
122 125 20 2
122 141 21 2
122 113 24 2
122 115 25 2
122 141 25 2
122 140 28 2
148 153 10 2
148 163 11 2
148 142 13 2
148 143 19 2
148 146 20 2
148 141 21 2
148 143 22 2
148 146 24 2
148 141 25 2
148 142 26 2
148 140 28 2
148 151 29 2
498 499 10 2
566 568 10 2
566 576 14 2
566 583 19 2
566 554 20 2
566 565 21 2
566 570 29 2
22 23 10 3
22 39 10 3
22 21 12 3
22 12 16 3
22 4 25 3
22 8 25 3
22 8 27 3
22 12 28 3
22 15 28 3
22 10 29 3
22 34 29 3
53 39 10 3
53 64 10 3
53 55 13 3
53 56 16 3
53 56 17 3
53 34 29 3
98 113 12 3
98 117 17 3
98 113 23 3
98 115 24 3
98 101 29 3
145 163 10 3
145 142 12 3
145 125 16 3
145 143 18 3
145 125 19 3
145 146 19 3
145 141 20 3
145 143 21 3
145 146 23 3
145 141 24 3
145 142 25 3
145 140 27 3
145 151 28 3
262 258 10 3
262 273 13 3
262 273 14 3
262 267 15 3
262 259 21 3
262 259 27 3
262 244 29 3
262 256 29 3
758 756 22 3
758 743 24 3
122 120 10 4
122 113 11 4
122 121 13 4
122 125 15 4
122 117 16 4
122 125 18 4
122 141 19 4
122 113 22 4
122 115 23 4
122 141 23 4
122 140 26 4
122 138 29 4
215 205 15 4
215 208 25 4
397 402 17 4
397 384 25 4
634 614 11 4
634 635 15 4
634 619 16 4
634 616 20 4
634 640 24 4
634 638 29 4
171 188 11 5
171 189 13 5
171 151 26 5
260 273 11 5
260 273 12 5
260 267 13 5
260 259 19 5
260 259 25 5
260 244 27 5
260 256 27 5
713 722 12 5
713 712 21 5
713 693 24 5
713 693 25 5
166 146 16 6
166 146 20 6
166 151 25 6
713 722 11 6
713 712 20 6
713 693 23 6
713 693 24 6
713 706 29 6
4 12 12 7
4 1 21 7
4 4 21 7
4 8 21 7
4 8 23 7
4 12 24 7
4 15 24 7
4 10 25 7
8 12 12 7
8 1 21 7
8 4 21 7
8 8 21 7
8 8 23 7
8 12 24 7
8 15 24 7
8 10 25 7
15 12 12 7
15 1 21 7
15 4 21 7
15 8 21 7
15 8 23 7
15 12 24 7
15 15 24 7
15 10 25 7
15 34 25 7
150 143 14 7
150 146 15 7
150 141 16 7
150 143 17 7
150 146 19 7
150 141 20 7
150 142 21 7
150 140 23 7
150 151 24 7
150 138 26 7
573 588 11 7
573 583 14 7
573 554 15 7
573 565 16 7
573 570 24 7
14 12 11 8
14 1 20 8
14 4 20 8
14 8 20 8
14 8 22 8
14 12 23 8
14 15 23 8
14 10 24 8
16 12 11 8
16 1 20 8
16 4 20 8
16 8 20 8
16 8 22 8
16 12 23 8
16 15 23 8
16 10 24 8
16 34 24 8
68 56 11 8
68 56 12 8
68 59 28 8
68 61 29 8
68 66 29 8
268 267 10 8
268 259 16 8
268 259 22 8
268 256 24 8
268 273 27 8
613 619 12 8
613 616 16 8
613 604 24 8
27 12 10 9
27 8 19 9
27 8 21 9
27 12 22 9
27 15 22 9
27 10 23 9
27 34 23 9
40 56 10 9
40 56 11 9
40 34 23 9
40 59 27 9
40 58 29 9
124 125 10 9
124 117 11 9
124 143 12 9
124 125 13 9
124 141 14 9
124 143 15 9
124 113 17 9
124 115 18 9
124 141 18 9
124 142 19 9
124 140 21 9
124 138 24 9
124 116 27 9
124 122 29 9
127 125 10 9
127 117 11 9
127 143 12 9
127 125 13 9
127 146 13 9
127 141 14 9
127 143 15 9
127 113 17 9
127 146 17 9
127 115 18 9
127 141 18 9
127 142 19 9
127 140 21 9
127 138 24 9
127 116 27 9
127 122 29 9
437 434 10 9
437 450 13 9
437 423 14 9
437 446 27 9
554 554 13 9
554 565 14 9
554 570 22 9
554 536 27 9
125 117 10 10
125 143 11 10
125 125 12 10
125 141 13 10
125 143 14 10
125 113 16 10
125 115 17 10
125 141 17 10
125 142 18 10
125 140 20 10
125 138 23 10
125 116 26 10
125 122 28 10
697 712 16 10
697 693 19 10
697 693 20 10
697 706 25 10
32 12 20 11
32 15 20 11
32 34 21 11
32 39 29 11
111 125 11 11
111 113 15 11
111 115 16 11
111 101 21 11
111 116 25 11
111 122 27 11
203 208 18 11
203 219 25 11
203 205 26 11
203 190 27 11
203 190 28 11
203 200 29 11
515 529 23 11
8 1 16 12
8 4 16 12
8 8 16 12
8 8 18 12
8 12 19 12
8 15 19 12
8 10 20 12
8 18 29 12
122 125 10 12
122 141 11 12
122 113 14 12
122 115 15 12
122 141 15 12
122 140 18 12
122 138 21 12
122 116 24 12
122 122 26 12
122 121 29 12
153 146 10 12
153 141 11 12
153 143 12 12
153 146 14 12
153 141 15 12
153 142 16 12
153 140 18 12
153 151 19 12
153 138 21 12
153 144 29 12
499 483 27 12
568 554 10 12
568 565 11 12
568 570 19 12
23 4 15 13
23 8 15 13
23 8 17 13
23 12 18 13
23 15 18 13
23 10 19 13
23 34 19 13
23 39 27 13
23 18 28 13
23 33 28 13
23 24 29 13
39 34 19 13
39 58 25 13
39 39 27 13
39 33 28 13
39 24 29 13
64 59 23 13
64 61 24 13
64 66 24 13
64 58 25 13
64 74 27 13
163 143 11 13
163 146 13 13
163 151 18 13
163 144 28 13
258 259 11 13
258 259 17 13
258 244 19 13
258 256 19 13
258 273 22 13
258 270 27 13
258 253 29 13
642 640 15 13
642 638 20 13
642 638 25 13
642 638 26 13
642 654 27 13
120 113 12 14
120 115 13 14
120 101 18 14
120 138 19 14
120 116 22 14
120 122 24 14
120 121 27 14
540 529 20 14
540 536 22 14
21 1 13 15
21 4 13 15
21 8 13 15
21 8 15 15
21 12 16 15
21 15 16 15
21 10 17 15
21 34 17 15
21 39 25 15
21 18 26 15
21 33 26 15
21 24 27 15
113 113 11 15
113 115 12 15
113 101 17 15
113 116 21 15
113 122 23 15
113 121 26 15
142 146 11 15
142 141 12 15
142 142 13 15
142 140 15 15
142 151 16 15
142 138 18 15
142 122 23 15
142 144 26 15
614 604 17 15
55 59 20 16
55 61 21 16
55 66 21 16
55 58 22 16
55 39 24 16
55 74 24 16
55 50 29 16
188 205 21 16
188 190 22 16
188 190 23 16
188 200 24 16
273 290 10 16
273 259 14 16
273 256 16 16
273 291 17 16
273 273 19 16
273 270 24 16
273 253 26 16
576 570 15 16
576 594 29 16
121 115 10 17
121 140 13 17
121 101 15 17
121 138 16 17
121 116 19 17
121 122 21 17
121 121 24 17
273 259 13 17
273 256 15 17
273 291 16 17
273 273 18 17
273 270 23 17
273 253 25 17
273 286 29 17
722 706 18 17
722 722 20 17
722 731 25 17
722 735 26 17
189 208 11 18
189 205 19 18
189 190 20 18
189 190 21 18
189 200 22 18
267 259 12 18
267 256 14 18
267 273 17 18
267 270 22 18
267 253 24 18
267 286 28 18
588 570 13 18
588 604 14 18
588 594 27 18
588 571 28 18
12 8 11 19
12 12 12 19
12 15 12 19
12 10 13 19
12 18 22 19
12 24 23 19
56 59 17 19
56 61 18 19
56 66 18 19
56 58 19 19
56 39 21 19
56 74 21 19
56 50 26 19
56 39 27 19
125 140 11 19
125 138 14 19
125 116 17 19
125 122 19 19
125 121 22 19
125 144 22 19
205 208 10 19
205 219 17 19
205 205 18 19
205 190 19 19
205 190 20 19
205 200 21 19
205 204 29 19
434 446 17 19
635 638 14 19
635 638 19 19
635 638 20 19
635 654 21 19
635 648 25 19
56 59 16 20
56 61 17 20
56 66 17 20
56 58 18 20
56 39 20 20
56 74 20 20
56 50 25 20
56 39 26 20
117 101 12 20
117 116 16 20
117 122 18 20
117 121 21 20
117 99 27 20
619 604 12 20
619 638 13 20
619 638 18 20
619 638 19 20
143 151 10 21
143 138 12 21
143 144 20 21
402 393 17 21
402 387 26 21
583 570 10 21
583 594 24 21
583 571 25 21
125 138 11 22
125 116 14 22
125 122 16 22
125 121 19 22
125 144 19 22
125 132 29 22
146 138 11 22
146 144 19 22
146 132 29 22
450 446 14 22
554 536 14 22
554 571 24 22
141 138 10 23
141 122 15 23
141 121 18 23
141 144 18 23
141 132 28 23
565 571 23 23
565 574 28 23
143 144 17 24
143 132 27 24
259 273 11 24
259 270 16 24
259 253 18 24
259 272 28 24
756 743 23 25
756 761 24 25
113 116 10 26
113 122 12 26
113 121 15 26
113 99 21 26
113 132 25 26
113 115 26 26
113 103 28 26
146 144 15 26
146 132 25 26
290 270 14 26
290 297 15 26
290 286 20 26
290 285 25 26
290 272 26 26
712 722 11 26
712 731 16 26
712 726 21 26
712 697 24 26
115 122 11 27
115 121 14 27
115 99 20 27
115 132 24 27
115 115 25 27
115 103 27 27
115 116 29 27
141 122 11 27
141 121 14 27
141 144 14 27
141 132 24 27
743 731 15 27
743 735 16 27
743 726 20 27
743 743 21 27
743 761 22 27
743 740 28 27
1 18 13 28
1 19 28 28
4 18 13 28
4 19 28 28
8 18 13 28
8 24 14 28
8 19 28 28
142 122 10 28
142 144 13 28
142 132 23 28
142 129 29 28
640 638 10 28
640 638 11 28
640 654 12 28
640 648 16 28
640 654 24 28
208 190 10 29
208 200 11 29
208 204 19 29
208 189 27 29
384 364 13 29
384 387 18 29
693 697 21 29
8 18 11 30
8 24 12 30
8 19 26 30
8 24 29 30
140 121 11 30
140 144 11 30
140 132 21 30
140 129 27 30
140 159 28 30
259 270 10 30
259 253 12 30
259 272 22 30
259 252 24 30
259 261 24 30
693 697 20 30
12 18 10 31
12 24 11 31
12 19 25 31
12 30 26 31
12 31 26 31
12 24 28 31
15 18 10 31
15 33 10 31
15 24 11 31
15 32 16 31
15 19 25 31
15 30 26 31
15 31 26 31
15 24 28 31
151 144 10 31
151 132 20 31
151 159 27 31
319 318 13 31
319 335 14 31
319 336 17 31
319 320 22 31
319 323 27 31
570 571 15 31
570 574 20 31
570 586 27 31
570 583 29 31
10 24 10 32
10 19 24 32
10 24 27 32
34 24 10 32
34 50 13 32
34 39 14 32
34 32 15 32
34 40 23 32
34 19 24 32
34 30 25 32
34 31 25 32
34 24 27 32
34 37 27 32
101 92 10 32
101 99 15 32
101 115 20 32
101 103 22 32
101 116 24 32
101 112 26 32
244 253 10 32
244 238 15 32
244 252 22 32
244 261 22 32
256 253 10 32
256 238 15 32
256 272 20 32
256 252 22 32
256 261 22 32
604 594 13 32
604 616 22 32
604 586 26 32
138 132 18 33
138 129 24 33
138 132 29 33
291 286 13 33
291 285 18 33
291 272 19 33
291 287 29 33
638 648 11 33
638 654 19 33
303 318 10 34
303 286 12 34
303 285 17 34
303 320 19 34
303 287 28 34
529 534 19 34
529 512 22 34
529 521 23 34
529 535 25 34
529 543 28 34
273 286 11 35
273 285 16 35
273 272 17 35
273 261 19 35
273 287 27 35
706 697 15 35
59 39 10 36
59 40 19 36
59 67 21 36
116 99 11 36
116 132 15 36
116 115 16 36
116 103 18 36
116 116 20 36
116 129 21 36
116 112 22 36
116 132 26 36
116 133 27 36
219 238 11 36
219 204 12 36
536 534 17 36
536 521 21 36
536 535 23 36
536 543 26 36
61 67 20 37
66 67 20 37
205 204 11 37
205 189 19 37
205 192 27 37
353 336 11 37
353 368 29 37
722 726 10 37
722 740 18 37
58 40 17 38
58 67 19 38
58 39 29 38
58 63 29 38
122 132 13 38
122 115 14 38
122 103 16 38
122 116 18 38
122 129 19 38
122 112 20 38
122 132 24 38
122 133 25 38
190 204 10 38
190 183 12 38
190 180 17 38
190 189 18 38
190 192 26 38
190 173 29 38
393 404 22 38
393 400 25 38
393 399 26 38
393 397 27 38
638 654 14 38
638 618 26 38
190 183 11 39
190 180 16 39
190 189 17 39
190 192 25 39
190 173 28 39
190 179 29 39
638 654 13 39
638 618 25 39
39 40 15 40
39 19 16 40
39 30 17 40
39 31 17 40
39 24 19 40
39 37 19 40
39 39 27 40
74 67 17 40
74 63 27 40
200 183 10 40
200 180 15 40
200 189 16 40
200 192 24 40
200 208 29 40
270 285 11 40
270 272 12 40
270 252 14 40
270 261 14 40
270 287 22 40
270 255 27 40
654 654 12 40
654 664 26 40
654 671 29 40
18 19 15 41
18 30 16 41
18 31 16 41
18 24 18 41
18 37 18 41
33 40 14 41
33 19 15 41
33 30 16 41
33 31 16 41
33 24 18 41
33 37 18 41
33 39 26 41
121 132 10 41
121 115 11 41
121 103 13 41
121 116 15 41
121 129 16 41
121 112 17 41
121 132 21 41
121 133 22 41
144 132 10 41
144 129 16 41
144 159 17 41
144 132 21 41
144 133 22 41
144 142 25 41
297 285 10 41
297 287 21 41
24 40 13 42
24 19 14 42
24 30 15 42
24 31 15 42
24 24 17 42
24 37 17 42
24 39 25 42
92 103 12 42
253 272 10 42
253 252 12 42
253 261 12 42
253 255 25 42
253 240 28 42
253 271 29 42
364 368 24 42
731 740 13 42
499 507 13 43
499 512 13 43
499 511 22 43
735 740 12 43
318 323 14 44
648 664 22 44
50 40 10 45
50 30 12 45
50 31 12 45
50 67 12 45
50 37 14 45
50 39 22 45
50 63 22 45
335 323 13 45
594 586 13 45
594 583 15 45
594 575 22 45
39 19 10 46
39 30 11 46
39 31 11 46
39 24 13 46
39 37 13 46
39 39 21 46
286 287 16 46
286 271 25 46
571 586 12 46
571 583 14 46
571 575 21 46
571 572 26 46
32 30 10 47
32 31 10 47
32 24 12 47
32 37 12 47
32 39 20 47
99 112 11 47
238 255 20 47
238 240 23 47
387 404 13 47
387 400 16 47
387 399 17 47
387 397 18 47
387 368 19 47
387 395 21 47
204 192 16 48
204 208 21 48
204 198 23 48
204 214 24 48
336 323 10 48
761 765 21 49
183 192 14 50
183 173 17 50
183 179 18 50
183 198 21 50
697 681 18 50
132 132 11 51
132 133 12 51
132 142 15 51
285 287 11 51
285 271 20 51
574 575 16 51
574 572 21 51
115 132 10 52
115 133 11 52
272 287 10 52
272 255 15 52
272 271 19 52
654 664 14 52
654 671 17 52
252 255 13 54
252 240 16 54
252 271 17 54
261 255 13 54
261 271 17 54
616 618 10 54
40 39 12 55
180 173 12 55
180 179 13 55
180 198 16 55
189 173 11 56
189 179 12 56
189 208 13 56
189 198 15 56
30 39 10 57
31 39 10 57
67 63 10 57
586 572 14 58
404 414 10 60
583 572 12 60
