766 764 20 0
72 66 10 1
72 71 11 1
72 85 17 1
72 85 19 1
72 83 23 1
72 76 24 1
766 764 19 1
766 764 29 1
72 71 10 2
72 85 16 2
72 85 18 2
72 83 22 2
72 76 23 2
165 174 10 2
165 169 11 2
165 171 13 2
165 159 15 2
165 154 16 2
165 170 18 2
165 156 19 2
165 173 24 2
165 157 26 2
165 170 29 2
296 306 15 2
296 302 17 2
296 303 19 2
296 291 24 2
602 612 12 2
602 599 14 2
602 596 16 2
602 618 17 2
44 44 12 3
44 44 15 3
44 41 28 3
44 38 29 3
85 85 15 3
85 85 17 3
85 83 21 3
85 76 22 3
170 169 10 3
170 171 12 3
170 159 14 3
170 154 15 3
170 170 17 3
170 156 18 3
170 173 23 3
170 157 25 3
170 170 28 3
507 519 24 3
507 522 25 3
507 489 28 3
511 519 24 3
511 522 25 3
295 306 13 4
295 302 15 4
295 303 17 4
295 291 22 4
295 290 28 4
295 283 29 4
711 709 27 4
72 85 13 5
72 85 15 5
72 83 19 5
72 76 20 5
72 85 12 6
72 85 14 6
72 83 18 6
72 76 19 6
155 159 11 6
155 154 12 6
155 170 14 6
155 156 15 6
155 173 20 6
155 157 22 6
155 170 25 6
155 141 26 6
155 137 27 6
294 306 11 6
294 302 13 6
294 303 15 6
294 291 20 6
294 290 26 6
294 283 27 6
295 306 10 7
295 302 12 7
295 303 14 7
295 291 19 7
295 290 25 7
295 283 26 7
536 539 14 8
536 536 17 8
536 519 19 8
536 522 20 8
536 551 21 8
44 41 22 9
44 38 23 9
44 32 24 9
44 46 25 9
85 85 11 9
85 83 15 9
85 76 16 9
85 99 25 9
85 101 26 9
170 170 11 9
170 156 12 9
170 173 17 9
170 157 19 9
170 170 22 9
170 176 27 9
494 489 22 9
471 489 21 10
663 651 14 10
663 643 26 10
66 83 13 11
66 76 14 11
66 46 23 11
509 519 16 11
509 522 17 11
509 489 20 11
597 578 22 11
597 595 23 11
597 588 24 11
71 83 12 12
71 76 13 12
174 173 14 12
174 157 16 12
174 170 19 12
174 176 24 12
488 489 19 12
666 651 12 12
169 173 13 13
169 157 15 13
169 170 18 13
169 176 23 13
548 536 12 13
548 551 16 13
316 320 10 14
316 332 11 14
612 595 20 14
44 41 16 15
44 38 17 15
44 32 18 15
44 46 19 15
171 173 11 15
171 157 13 15
171 170 16 15
171 176 21 15
265 283 18 15
265 259 21 15
637 643 21 15
637 639 28 15
637 638 29 15
220 222 27 16
325 320 28 16
599 595 18 16
599 588 19 16
159 157 11 17
159 170 14 17
159 141 15 17
159 176 19 17
159 166 29 17
306 290 15 17
306 320 27 17
533 519 10 17
533 522 11 17
533 551 12 17
44 41 13 18
44 38 14 18
44 32 15 18
44 46 16 18
85 99 16 18
85 101 17 18
154 157 10 18
154 170 13 18
154 141 14 18
154 137 15 18
154 166 28 18
154 138 29 18
260 259 18 18
596 578 15 18
596 595 16 18
596 588 17 18
231 222 24 19
302 290 13 19
302 283 14 19
302 320 25 19
618 614 29 19
85 99 14 20
85 101 15 20
85 74 28 20
85 77 29 20
170 170 11 20
170 176 16 20
170 166 26 20
764 764 10 20
764 766 27 20
156 170 10 21
156 141 11 21
156 137 12 21
156 166 25 21
156 138 26 21
303 290 11 21
303 283 12 21
303 320 23 21
539 524 27 22
11 23 21 23
11 0 25 23
11 4 25 23
11 14 25 23
11 15 25 23
106 99 11 23
106 101 12 23
106 105 21 23
320 320 21 23
320 339 24 23
7 23 20 24
7 0 24 24
7 4 24 24
7 14 24 24
7 15 24 24
83 99 10 24
83 101 11 24
83 74 24 24
83 77 25 24
83 73 29 24
320 320 20 24
320 339 23 24
651 643 12 24
651 639 19 24
651 638 20 24
76 74 23 25
76 77 24 25
76 73 28 25
76 89 29 25
332 320 19 25
332 339 22 25
536 524 24 25
536 518 27 25
536 549 28 25
173 176 10 26
173 166 20 26
173 166 25 26
173 167 28 26
173 192 29 26
740 726 20 26
740 753 28 26
405 392 16 27
405 403 24 27
519 524 22 27
519 518 25 27
157 166 18 28
157 138 19 28
157 166 23 28
157 151 25 28
157 167 26 28
157 170 28 28
157 160 29 28
405 392 15 28
405 403 23 28
522 524 21 28
522 518 24 28
522 539 28 28
522 529 29 28
402 392 14 29
402 403 22 29
551 549 24 29
551 539 27 29
764 766 17 30
764 753 24 30
41 23 13 31
41 31 17 31
41 45 18 31
41 51 22 31
41 28 27 31
41 33 27 31
170 166 15 31
170 166 20 31
170 151 22 31
170 167 23 31
170 170 25 31
170 160 26 31
170 160 29 31
489 489 21 31
709 726 15 31
5 23 12 32
5 0 16 32
5 4 16 32
5 14 16 32
5 15 16 32
38 23 12 32
38 31 16 32
38 45 17 32
38 51 21 32
38 28 26 32
38 33 26 32
38 40 29 32
141 138 15 32
141 129 16 32
141 151 21 32
141 160 25 32
141 160 28 32
571 573 18 32
571 572 19 32
571 567 29 32
32 23 11 33
32 14 15 33
32 15 15 33
32 31 15 33
32 45 16 33
32 51 20 33
32 28 25 33
32 33 25 33
32 40 28 33
137 138 14 33
137 129 15 33
137 151 20 33
578 573 17 33
578 572 18 33
578 567 28 33
46 31 14 34
46 45 15 34
46 51 19 34
46 28 24 34
46 33 24 34
46 40 27 34
99 105 10 34
99 89 20 34
99 97 21 34
595 614 14 34
101 89 19 35
101 97 20 35
588 573 15 35
588 572 16 35
176 166 10 36
176 166 15 36
176 167 18 36
176 192 19 36
176 170 20 36
176 160 21 36
176 160 24 36
259 256 13 36
222 214 16 43
23 28 14 44
23 33 14 44
23 40 17 44
105 89 10 44
105 97 11 44
195 192 11 44
195 214 15 44
320 329 12 44
320 318 13 44
320 337 15 44
320 318 17 44
320 315 18 44
166 170 10 46
166 160 11 46
166 160 14 46
367 351 12 46
367 356 14 46
339 351 11 47
339 337 12 47
339 356 13 47
766 766 13 47
14 28 10 48
14 33 10 48
15 28 10 48
15 33 10 48
31 28 10 48
31 33 10 48
31 40 13 48
74 73 10 48
74 76 11 48
74 66 12 48
74 70 13 48
45 40 12 49
77 76 10 49
77 66 11 49
77 70 12 49
200 214 10 49
524 513 10 49
524 531 13 49
573 567 11 50
572 567 10 51
518 531 10 52
