312 312 29 0
318 312 27 2
188 191 26 3
295 312 26 3
294 312 25 4
517 522 22 4
517 515 23 4
517 525 24 4
517 514 25 4
415 407 22 5
415 423 25 5
413 407 21 6
413 423 24 6
414 407 20 7
414 423 23 7
739 758 27 7
739 749 29 7
459 458 18 8
764 758 26 8
764 749 28 8
517 522 17 9
517 515 18 9
517 525 19 9
517 514 20 9
517 522 29 9
518 522 16 10
518 515 17 10
518 525 18 10
518 514 19 10
518 522 28 10
685 666 12 11
685 692 26 11
26 31 15 23
26 14 22 23
26 18 22 23
26 32 22 23
26 21 23 23
26 34 23 23
26 14 25 23
26 16 25 23
26 35 25 23
26 27 29 23
26 34 29 23
40 31 15 23
40 32 22 23
40 21 23 23
40 34 23 23
40 35 25 23
40 27 29 23
40 34 29 23
104 94 24 23
351 343 13 23
351 359 15 23
351 344 23 23
351 342 27 23
351 348 29 23
666 663 12 23
666 680 18 23
666 684 24 23
666 668 25 23
458 452 13 26
522 522 12 26
72 71 11 27
72 63 19 27
515 522 11 27
525 522 10 28
68 63 17 29
68 48 27 29
312 305 29 29
98 94 17 30
98 95 28 30
423 431 15 30
573 591 22 30
573 569 23 30
573 570 28 30
101 94 16 31
101 95 27 31
594 591 21 31
107 94 15 32
107 95 26 32
564 569 20 33
564 570 25 33
480 483 17 34
758 748 22 34
758 752 26 34
663 645 11 35
663 668 13 35
663 666 24 35
663 676 29 35
71 63 10 36
343 344 10 36
343 342 14 36
343 348 16 36
343 344 23 36
343 325 24 36
343 327 29 36
749 748 20 36
749 752 24 36
692 684 10 37
692 683 20 37
692 676 27 37
692 698 29 37
31 14 10 38
31 16 10 38
31 35 10 38
31 27 14 38
31 34 14 38
31 19 15 38
31 19 16 38
31 15 18 38
31 48 18 38
31 11 20 38
31 22 23 38
359 342 12 38
359 348 14 38
359 344 21 38
601 591 13 39
601 609 22 39
601 607 24 39
601 603 26 39
761 748 16 40
761 752 20 40
680 683 16 41
680 666 18 41
680 676 23 41
680 698 25 41
680 697 26 41
712 728 13 42
712 698 24 42
712 697 25 42
223 224 21 44
291 305 14 44
291 288 22 44
5 2 11 45
5 4 11 45
5 7 11 45
5 15 11 45
5 11 13 45
5 22 16 45
14 2 11 45
14 4 11 45
14 7 11 45
14 15 11 45
14 11 13 45
14 22 16 45
18 2 11 45
18 4 11 45
18 7 11 45
18 15 11 45
18 11 13 45
18 22 16 45
32 15 11 45
32 48 11 45
32 22 16 45
21 2 10 46
21 4 10 46
21 7 10 46
21 15 10 46
21 11 12 46
21 22 15 46
34 15 10 46
34 48 10 46
34 22 15 46
63 48 10 46
344 344 13 46
344 325 14 46
344 327 19 46
94 95 11 47
684 683 10 47
684 666 12 47
684 676 17 47
684 698 19 47
684 697 20 47
14 11 10 48
14 22 13 48
16 11 10 48
16 22 13 48
35 22 13 48
668 666 11 48
668 676 16 48
342 325 10 50
342 327 15 50
591 607 11 52
591 603 13 52
291 288 13 53
623 603 11 54
683 697 10 57
