62 68 6 11
62 62 7 11
62 67 7 11
62 68 9 11
62 68 10 11
62 69 11 11
62 68 12 11
62 77 14 11
62 68 20 11
77 68 6 11
77 62 7 11
77 67 7 11
77 68 9 11
77 68 10 11
77 69 11 11
77 68 12 11
77 77 14 11
77 68 20 11
162 162 2 11
162 171 4 11
413 414 2 11
413 405 6 11
413 404 7 11
413 405 9 11
413 414 16 11
730 733 1 11
730 727 2 11
730 741 6 11
730 741 9 11
730 741 12 11
730 714 14 11
730 727 16 11
730 748 17 11
730 727 19 11
730 741 20 11
733 727 1 12
733 741 5 12
733 741 8 12
733 741 11 12
733 714 13 12
733 727 15 12
733 748 16 12
733 727 18 12
733 741 19 12
733 741 20 12
34 34 14 13
100 98 14 13
162 171 2 13
414 405 4 13
414 404 5 13
414 405 7 13
414 414 14 13
727 741 4 13
727 741 7 13
727 741 10 13
727 714 12 13
727 727 14 13
727 727 17 13
727 741 18 13
727 741 19 13
761 760 1 14
761 741 3 14
761 758 4 14
761 753 5 14
761 741 6 14
761 757 7 14
761 759 8 14
761 741 9 14
761 767 10 14
761 748 14 14
761 759 15 14
761 741 17 14
761 741 18 14
761 759 19 14
761 741 20 14
171 183 7 15
171 184 8 15
171 171 20 15
760 741 2 15
760 758 3 15
760 753 4 15
760 741 5 15
760 757 6 15
760 759 7 15
760 741 8 15
760 767 9 15
760 748 13 15
760 759 14 15
760 741 16 15
760 741 17 15
760 759 18 15
760 741 19 15
701 714 9 16
701 681 19 16
701 698 20 16
9 7 1 17
68 62 1 17
68 67 1 17
68 68 3 17
68 68 4 17
68 69 5 17
68 68 6 17
68 77 8 17
68 68 14 17
68 69 15 17
68 67 17 17
237 225 10 17
405 404 1 17
405 405 3 17
405 414 10 17
741 758 1 17
741 753 2 17
741 741 3 17
741 757 4 17
741 759 5 17
741 741 6 17
741 727 10 17
741 748 11 17
741 759 12 17
741 727 13 17
741 741 14 17
741 741 15 17
741 759 16 17
741 741 17 17
741 757 20 17
62 68 2 18
62 68 3 18
62 69 4 18
62 68 5 18
62 77 7 18
62 68 13 18
62 69 14 18
62 67 16 18
67 68 2 18
67 68 3 18
67 69 4 18
67 68 5 18
67 77 7 18
67 68 13 18
67 69 14 18
67 67 16 18
127 135 11 18
127 128 14 18
404 405 2 18
404 414 9 18
758 753 1 18
758 741 2 18
758 757 3 18
758 759 4 18
758 741 5 18
758 767 6 18
758 748 10 18
758 759 11 18
758 741 13 18
758 741 14 18
758 759 15 18
758 741 16 18
758 757 19 18
758 749 20 18
753 741 1 19
753 757 2 19
753 759 3 19
753 741 4 19
753 767 5 19
753 748 9 19
753 759 10 19
753 741 12 19
753 741 13 19
753 759 14 19
753 741 15 19
753 757 18 19
753 749 19 19
753 767 20 19
68 68 1 20
68 69 2 20
68 68 3 20
68 77 5 20
68 68 11 20
68 69 12 20
68 67 14 20
405 414 7 20
741 757 1 20
741 759 2 20
741 741 3 20
741 727 7 20
741 748 8 20
741 759 9 20
741 727 10 20
741 741 11 20
741 741 12 20
741 759 13 20
741 741 14 20
741 757 17 20
741 749 18 20
68 69 1 21
68 68 2 21
68 77 4 21
68 68 10 21
68 69 11 21
68 67 13 21
298 296 1 21
298 296 2 21
298 306 8 21
298 296 11 21
298 296 16 21
757 759 1 21
757 741 2 21
757 767 3 21
757 748 7 21
757 759 8 21
757 741 10 21
757 741 11 21
757 759 12 21
757 741 13 21
757 757 16 21
757 749 17 21
757 767 18 21
69 68 1 22
69 77 3 22
69 68 9 22
69 69 10 22
69 67 12 22
183 184 1 22
183 171 13 22
296 296 1 22
296 306 7 22
296 296 10 22
296 296 15 22
296 299 20 22
759 741 1 22
759 767 2 22
759 748 6 22
759 759 7 22
759 741 9 22
759 741 10 22
759 759 11 22
759 741 12 22
759 757 15 22
759 749 16 22
759 767 17 22
68 77 2 23
68 68 8 23
68 69 9 23
68 67 11 23
184 171 12 23
184 203 19 23
296 306 6 23
296 296 9 23
296 296 14 23
296 299 19 23
741 727 4 23
741 748 5 23
741 759 6 23
741 727 7 23
741 741 8 23
741 741 9 23
741 759 10 23
741 741 11 23
741 757 14 23
741 749 15 23
767 748 4 24
767 759 5 24
767 759 9 24
767 757 13 24
767 749 14 24
767 767 15 24
767 767 19 24
77 68 6 25
77 69 7 25
77 67 9 25
77 84 19 25
714 727 2 25
714 727 5 25
714 698 11 25
34 24 19 27
98 84 17 27
98 101 20 27
727 727 3 27
727 741 4 27
727 741 5 27
727 741 7 27
748 759 1 28
748 741 3 28
748 741 4 28
748 759 5 28
748 741 6 28
748 757 9 28
748 749 10 28
748 767 11 28
748 767 15 28
748 759 19 28
135 128 3 29
306 296 3 29
306 296 8 29
306 299 13 29
759 741 2 29
759 741 3 29
759 759 4 29
759 741 5 29
759 757 8 29
759 749 9 29
759 767 10 29
759 767 14 29
759 759 18 29
727 741 1 30
727 741 2 30
727 741 4 30
68 69 1 31
68 67 3 31
68 84 13 31
68 62 15 31
68 69 15 31
741 741 1 31
741 759 2 31
741 741 3 31
741 757 6 31
741 749 7 31
741 759 16 31
69 67 2 32
69 84 12 32
69 62 14 32
69 69 14 32
69 75 20 32
296 296 5 32
296 299 10 32
741 759 1 32
741 741 2 32
741 757 5 32
741 749 6 32
741 759 15 32
759 741 1 33
759 757 4 33
759 749 5 33
759 767 6 33
759 767 10 33
759 759 14 33
759 762 18 33
759 747 20 33
67 84 10 34
67 62 12 34
67 69 12 34
67 75 18 34
350 340 1 34
350 330 19 34
350 334 20 34
741 757 3 34
741 749 4 34
741 759 13 34
741 747 19 34
171 188 9 35
171 171 10 35
171 158 17 35
171 190 19 35
340 330 18 35
340 334 19 35
681 698 1 35
681 665 7 35
681 670 9 35
681 682 10 35
681 666 11 35
698 682 9 36
296 299 5 37
296 301 20 37
757 749 1 37
757 767 2 37
757 767 6 37
757 759 10 37
757 762 14 37
757 747 16 37
757 767 20 37
749 767 1 38
749 767 5 38
749 759 9 38
749 762 13 38
749 747 15 38
749 767 19 38
267 249 4 39
767 767 4 39
767 759 8 39
767 762 12 39
767 747 14 39
767 767 18 39
767 767 20 39
203 188 2 42
203 190 12 42
299 301 15 42
665 670 2 42
665 682 3 42
665 666 4 42
665 665 14 42
665 663 16 42
665 663 18 42
249 264 19 43
249 247 20 43
767 759 4 43
767 762 8 43
767 747 10 43
767 767 14 43
767 767 16 43
84 69 2 44
84 101 3 44
84 75 8 44
84 95 12 44
84 102 13 44
84 68 20 44
188 171 1 44
188 190 10 44
188 177 18 44
670 682 1 44
670 666 2 44
670 665 12 44
670 663 14 44
670 663 16 44
670 684 20 44
171 158 7 45
171 190 9 45
171 177 17 45
682 666 1 45
682 665 11 45
682 663 13 45
682 663 15 45
682 684 19 45
6 13 9 46
6 24 9 46
7 13 9 46
7 24 9 46
24 13 9 46
24 24 9 46
24 33 9 46
24 27 17 46
62 75 6 46
62 68 18 46
69 75 6 46
69 68 18 46
666 665 10 46
666 663 12 46
666 663 14 46
666 684 18 46
101 115 8 47
101 95 9 47
101 102 10 47
101 103 20 47
759 762 4 47
759 747 6 47
759 767 10 47
759 767 12 47
759 741 14 47
759 756 20 47
392 392 2 49
392 380 9 49
392 392 11 49
522 517 1 49
522 538 6 49
522 522 14 49
522 509 16 49
522 525 16 49
517 522 13 50
517 509 15 50
517 525 15 50
392 380 7 51
392 392 9 51
762 747 2 51
762 767 6 51
762 767 8 51
762 756 16 51
75 68 12 52
158 177 10 52
484 486 18 52
330 334 1 53
747 741 8 53
747 756 14 53
190 177 8 54
190 201 16 54
190 208 17 54
13 27 8 55
13 0 17 55
13 1 17 55
13 6 17 55
13 30 17 55
13 7 18 55
13 21 20 55
24 27 8 55
24 6 17 55
24 30 17 55
24 36 17 55
24 7 18 55
24 21 20 55
24 34 20 55
33 27 8 55
33 30 17 55
33 36 17 55
33 21 20 55
33 34 20 55
115 95 1 55
115 102 2 55
115 103 12 55
115 121 17 55
128 121 17 55
538 522 8 55
538 525 10 55
538 540 16 55
95 102 1 56
95 103 11 56
95 78 17 56
665 663 2 56
665 663 4 56
665 684 8 56
665 647 16 56
665 666 17 56
665 675 19 56
102 103 10 57
102 121 15 57
767 767 2 57
767 756 10 57
380 392 2 58
380 392 19 58
663 663 2 58
663 647 14 58
663 666 15 58
663 675 17 58
767 756 8 59
392 392 17 60
392 406 19 60
663 647 12 60
663 666 13 60
663 675 15 60
741 756 6 61
741 741 16 61
741 741 19 61
741 748 20 61
264 247 1 62
264 248 20 62
718 714 6 62
27 30 9 63
27 36 9 63
27 7 10 63
27 21 12 63
27 34 12 63
27 10 18 63
247 248 19 63
440 424 8 63
440 444 15 63
522 509 2 63
522 525 2 63
522 540 8 63
522 521 15 63
68 78 9 64
68 69 11 64
68 70 15 64
68 73 16 64
684 666 9 64
684 685 10 64
684 675 11 64
684 684 15 64
509 521 13 65
525 540 6 65
525 521 13 65
103 121 5 67
103 114 14 67
103 113 15 67
103 115 17 67
103 102 19 67
103 102 20 67
756 741 10 67
756 741 13 67
756 748 14 67
756 751 16 67
756 753 17 67
756 764 19 67
201 208 1 70
201 195 17 70
208 195 16 71
424 406 8 71
424 434 19 71
540 521 7 71
0 7 1 72
0 0 8 72
0 1 8 72
0 5 9 72
0 10 9 72
0 11 12 72
0 9 13 72
0 6 14 72
0 7 14 72
0 17 18 72
1 7 1 72
1 0 8 72
1 1 8 72
1 5 9 72
1 10 9 72
1 11 12 72
1 9 13 72
1 6 14 72
1 7 14 72
1 17 18 72
6 7 1 72
6 21 3 72
6 0 8 72
6 1 8 72
6 5 9 72
6 10 9 72
6 11 12 72
6 24 12 72
6 9 13 72
6 6 14 72
6 7 14 72
6 17 18 72
30 21 3 72
30 34 3 72
30 10 9 72
30 11 12 72
30 24 12 72
30 33 12 72
30 17 18 72
36 21 3 72
36 34 3 72
36 24 12 72
36 33 12 72
36 17 18 72
121 114 9 72
121 113 10 72
121 115 12 72
121 102 14 72
121 102 15 72
121 102 18 72
647 666 1 72
647 636 10 72
647 666 13 72
7 21 2 73
7 0 7 73
7 1 7 73
7 5 8 73
7 10 8 73
7 11 11 73
7 24 11 73
7 9 12 73
7 6 13 73
7 7 13 73
7 17 17 73
78 69 2 73
78 70 6 73
78 73 7 73
78 62 12 73
78 69 12 73
78 70 19 73
666 685 1 73
666 675 2 73
666 684 6 73
666 666 12 73
666 667 15 73
685 675 1 74
685 684 5 74
685 666 11 74
685 667 14 74
685 666 20 74
21 1 5 75
21 5 6 75
21 10 6 75
21 11 9 75
21 24 9 75
21 33 9 75
21 9 10 75
21 6 11 75
21 7 11 75
21 17 15 75
34 24 9 75
34 33 9 75
34 17 15 75
69 70 4 75
69 73 5 75
69 62 10 75
69 69 10 75
69 70 17 75
675 684 4 75
675 666 10 75
675 667 13 75
675 666 19 75
392 406 2 77
392 392 11 77
392 395 15 77
741 741 3 77
741 748 4 77
741 751 6 77
741 753 7 77
741 741 12 77
741 741 14 77
741 753 16 77
741 753 20 77
444 434 12 78
444 433 17 78
521 518 12 78
521 527 17 78
70 73 1 79
70 62 6 79
70 69 6 79
70 70 13 79
406 392 9 79
406 395 13 79
406 391 19 79
684 666 6 79
684 667 9 79
684 666 15 79
684 666 20 79
0 5 1 80
0 10 1 80
0 11 4 80
0 9 5 80
0 6 6 80
0 7 6 80
0 17 10 80
1 5 1 80
1 10 1 80
1 11 4 80
1 9 5 80
1 6 6 80
1 7 6 80
1 17 10 80
73 62 5 80
73 69 5 80
73 70 12 80
741 748 1 80
741 751 3 80
741 753 4 80
741 741 9 80
741 741 11 80
741 753 13 80
741 753 17 80
5 11 3 81
5 24 3 81
5 9 4 81
5 6 5 81
5 7 5 81
5 17 9 81
5 24 19 81
10 11 3 81
10 24 3 81
10 9 4 81
10 6 5 81
10 7 5 81
10 17 9 81
10 24 19 81
114 113 1 81
114 115 3 81
114 102 5 81
114 102 6 81
114 102 9 81
114 121 14 81
114 122 19 81
748 751 2 81
748 753 3 81
748 764 5 81
748 741 8 81
748 741 10 81
748 753 12 81
748 753 16 81
113 115 2 82
113 102 4 82
113 102 5 82
113 102 8 82
113 121 13 82
113 122 18 82
113 94 20 82
636 635 14 82
751 753 1 83
751 764 3 83
751 741 6 83
751 741 8 83
751 753 10 83
751 753 14 83
11 9 1 84
11 6 2 84
11 7 2 84
11 17 6 84
11 24 16 84
11 6 19 84
11 9 19 84
11 27 19 84
24 9 1 84
24 6 2 84
24 7 2 84
24 17 6 84
24 24 16 84
24 32 16 84
24 6 19 84
24 9 19 84
24 27 19 84
24 38 19 84
33 17 6 84
33 24 16 84
33 32 16 84
33 27 19 84
33 38 19 84
115 102 2 84
115 102 3 84
115 102 6 84
115 121 11 84
115 122 16 84
166 165 4 84
166 180 6 84
753 764 2 84
753 741 5 84
753 741 7 84
753 753 9 84
753 753 13 84
9 6 1 85
9 7 1 85
9 17 5 85
9 24 15 85
9 6 18 85
9 9 18 85
9 27 18 85
62 70 7 85
62 68 18 85
69 70 7 85
69 68 18 85
666 667 3 85
666 666 9 85
666 666 14 85
666 682 17 85
666 665 18 85
6 17 4 86
6 24 14 86
6 6 17 86
6 9 17 86
7 17 4 86
7 24 14 86
7 6 17 86
7 9 17 86
102 102 1 86
102 102 4 86
102 121 9 86
102 94 16 86
764 753 7 86
764 753 11 86
102 102 3 87
102 121 8 87
102 94 15 87
195 180 3 87
195 203 12 87
195 188 13 87
195 190 14 87
165 180 2 88
392 395 4 88
392 391 10 88
667 666 6 88
667 666 11 88
667 682 14 88
667 665 15 88
741 741 2 89
741 753 4 89
741 753 8 89
741 725 18 89
741 728 20 89
17 24 10 90
17 32 10 90
17 6 13 90
17 9 13 90
17 27 13 90
102 121 5 90
102 94 12 90
102 99 20 90
180 188 10 90
180 190 11 90
434 433 5 90
518 527 5 90
518 506 17 90
741 753 2 91
741 753 6 91
741 725 16 91
741 728 18 91
741 727 19 91
70 68 11 92
70 73 16 92
395 391 6 92
714 725 15 92
714 728 17 92
714 727 18 92
714 714 19 92
753 753 4 93
487 475 7 94
487 506 13 94
666 666 5 94
666 682 8 94
666 665 9 94
666 665 19 94
121 122 5 95
218 203 4 95
218 224 17 95
635 644 16 96
753 759 17 97
391 375 17 98
548 565 17 98
203 188 1 99
203 190 2 99
203 184 16 99
666 682 3 99
666 665 4 99
666 665 14 99
666 684 19 99
24 6 3 100
24 9 3 100
24 27 3 100
24 38 3 100
24 6 13 100
24 7 13 100
24 14 18 100
32 27 3 100
32 38 3 100
32 14 18 100
188 190 1 100
188 184 15 100
190 184 14 101
475 457 5 101
94 99 8 102
94 94 9 102
94 93 11 102
94 88 13 102
682 665 1 102
682 665 11 102
682 684 16 102
682 696 18 102
6 0 10 103
6 2 10 103
6 6 10 103
6 7 10 103
6 14 15 103
9 0 10 103
9 2 10 103
9 6 10 103
9 7 10 103
9 14 15 103
27 7 10 103
27 14 15 103
68 73 5 103
68 58 14 103
68 62 17 103
68 70 17 103
68 68 19 103
665 665 10 103
665 684 15 103
250 248 1 106
250 242 2 106
248 242 1 107
725 728 2 107
725 727 3 107
725 714 4 107
725 740 12 107
73 88 7 108
73 58 9 108
73 62 12 108
73 70 12 108
73 68 14 108
73 77 17 108
242 224 4 108
577 565 7 108
728 727 1 109
728 714 2 109
728 740 10 109
99 94 1 110
99 93 3 110
99 88 5 110
727 714 1 110
727 740 9 110
94 93 2 111
94 88 4 111
94 77 14 111
94 94 20 111
714 696 9 111
224 216 16 112
644 640 5 112
0 14 5 113
0 16 18 113
2 14 5 113
2 16 18 113
6 14 5 113
6 16 18 113
6 25 19 113
7 14 5 113
7 16 18 113
7 25 19 113
93 88 2 113
93 77 12 113
93 94 18 113
665 684 5 113
665 665 19 113
759 740 5 114
759 759 7 114
759 754 8 114
759 753 9 114
88 70 5 115
88 68 7 115
88 77 10 115
88 94 16 115
184 188 7 115
184 199 12 115
184 196 15 115
375 384 12 115
565 561 15 115
58 62 3 117
58 70 3 117
58 68 5 117
58 77 8 117
58 70 19 117
14 16 13 118
14 25 14 118
14 31 14 118
684 696 2 118
684 685 13 118
684 665 14 118
684 702 16 118
740 759 2 119
740 754 3 119
740 753 4 119
62 68 2 120
62 77 5 120
62 70 16 120
62 65 20 120
70 68 2 120
70 77 5 120
70 70 16 120
70 65 20 120
696 685 11 120
696 702 14 120
759 754 1 121
759 753 2 121
759 767 14 121
759 758 20 121
68 77 3 122
68 70 14 122
68 65 18 122
68 84 19 122
188 199 5 122
188 196 8 122
308 321 6 122
308 299 14 122
308 292 15 122
754 753 1 122
754 767 13 122
754 758 19 122
753 767 12 123
753 758 18 123
77 94 6 125
77 70 11 125
77 65 15 125
77 84 16 125
199 216 1 127
199 196 3 127
199 189 16 127
216 196 2 128
216 232 10 128
321 316 18 128
532 535 1 128
532 546 12 128
532 513 19 128
535 546 11 129
196 189 13 130
285 278 5 130
285 299 6 130
285 292 7 130
285 271 11 130
285 266 17 130
561 546 10 130
561 570 13 130
16 25 1 131
16 31 1 131
16 35 9 131
94 84 10 131
685 665 1 131
685 702 3 131
685 665 11 131
685 695 18 131
685 689 19 131
25 35 8 132
31 35 8 132
665 665 10 132
665 656 20 132
702 695 15 134
702 689 16 134
278 292 2 135
278 271 6 135
278 266 12 135
278 263 17 135
278 267 20 135
767 758 6 135
767 764 9 135
767 753 10 135
767 759 11 135
767 748 16 135
70 65 4 136
70 84 5 136
70 65 10 136
70 70 11 136
70 62 13 136
70 65 13 136
70 56 14 136
70 66 14 136
299 292 1 136
299 316 10 136
299 316 15 136
597 581 2 136
232 243 3 138
232 248 17 138
232 244 18 138
232 245 19 138
353 341 2 138
353 336 19 138
581 570 5 138
65 84 1 140
65 65 6 140
65 70 7 140
65 62 9 140
65 65 9 140
65 56 10 140
65 66 10 140
136 127 10 140
341 326 14 140
341 336 17 140
84 65 5 141
84 70 6 141
84 65 8 141
84 66 9 141
243 248 14 141
243 244 15 141
243 256 15 141
243 245 16 141
271 266 6 141
271 263 11 141
271 267 14 141
271 256 15 141
758 764 3 141
758 753 4 141
758 759 5 141
758 741 7 141
758 748 10 141
758 748 19 141
665 656 10 142
665 646 13 142
764 753 1 144
764 759 2 144
764 748 7 144
764 748 16 144
764 756 18 144
753 759 1 145
753 741 3 145
753 748 6 145
753 748 15 145
753 756 17 145
753 762 20 145
65 70 1 146
65 62 3 146
65 65 3 146
65 56 4 146
65 66 4 146
65 69 16 146
65 58 17 146
65 75 17 146
316 316 5 146
316 326 8 146
316 296 12 146
316 306 14 146
759 741 2 146
759 748 5 146
759 748 14 146
759 756 16 146
759 762 19 146
70 62 2 147
70 65 2 147
70 56 3 147
70 66 3 147
70 69 15 147
70 58 16 147
70 75 16 147
266 263 5 147
266 248 8 147
266 267 8 147
266 256 9 147
266 264 15 147
513 510 17 147
513 512 17 147
513 510 19 147
513 522 19 147
513 509 20 147
741 748 3 148
741 748 12 148
741 756 14 148
62 56 1 149
62 66 1 149
62 69 13 149
62 58 14 149
62 75 14 149
65 56 1 149
65 66 1 149
65 69 13 149
65 58 14 149
65 75 14 149
406 394 14 149
406 405 19 149
695 689 1 149
695 714 19 149
56 69 12 150
56 58 13 150
56 75 13 150
66 69 12 150
66 58 13 150
66 75 13 150
316 326 3 151
316 296 7 151
316 306 9 151
748 748 9 151
748 756 11 151
748 762 14 151
748 762 16 151
748 740 18 151
748 741 19 151
748 741 20 151
263 248 3 152
263 267 3 152
263 244 4 152
263 256 4 152
263 245 5 152
263 264 10 152
656 641 1 152
656 641 2 152
656 646 3 152
656 642 4 152
656 636 9 152
656 665 11 152
641 641 1 153
641 646 2 153
641 642 3 153
641 636 8 153
326 336 3 154
326 306 6 154
326 336 7 154
641 646 1 154
641 642 2 154
641 636 7 154
248 244 1 155
248 256 1 155
248 245 2 155
248 264 7 155
267 256 1 155
267 264 7 155
646 642 1 155
646 636 6 155
646 665 8 155
244 245 1 156
256 245 1 156
256 264 6 156
642 636 5 156
245 264 5 157
336 336 4 157
603 605 1 157
296 306 2 158
306 312 20 160
748 756 2 160
748 762 5 160
748 762 7 160
748 740 9 160
748 741 10 160
748 741 11 160
748 741 12 160
748 739 15 160
748 741 16 160
748 741 17 160
748 748 19 160
336 336 18 161
636 641 20 161
24 6 1 162
24 9 1 162
24 30 9 162
24 34 9 162
31 30 9 162
31 34 9 162
69 58 1 162
69 75 1 162
69 64 9 162
69 53 12 162
69 69 13 162
69 70 14 162
165 166 5 162
264 266 19 162
756 762 3 162
756 762 5 162
756 740 7 162
756 741 8 162
756 741 9 162
756 741 10 162
756 739 13 162
756 741 14 162
756 741 15 162
756 748 17 162
58 64 8 163
58 53 11 163
58 69 12 163
58 70 13 163
75 64 8 163
75 69 12 163
75 70 13 163
394 405 5 163
394 406 7 163
394 394 8 163
394 406 9 163
394 405 11 163
394 406 12 163
394 405 13 163
394 406 14 163
665 645 20 163
510 510 2 164
510 522 2 164
510 509 3 164
510 518 9 164
510 518 10 164
510 491 14 164
512 510 2 164
512 522 2 164
512 509 3 164
512 518 9 164
512 518 10 164
762 762 2 165
762 748 14 165
510 509 1 166
510 518 7 166
510 518 8 166
510 491 12 166
522 509 1 166
522 518 7 166
522 518 8 166
509 518 6 167
509 518 7 167
509 491 11 167
762 748 12 167
405 406 2 168
405 394 3 168
405 406 4 168
405 405 6 168
405 406 7 168
405 405 8 168
405 406 9 168
714 727 19 168
434 434 4 169
740 741 1 169
740 741 2 169
740 741 3 169
740 739 6 169
740 741 7 169
740 741 8 169
740 748 10 169
740 727 18 169
740 753 19 169
740 749 20 169
406 394 1 170
406 406 2 170
406 405 4 170
406 406 5 170
406 405 6 170
406 406 7 170
741 741 1 170
741 741 2 170
741 739 5 170
741 741 6 170
741 741 7 170
741 748 9 170
741 727 17 170
741 753 18 170
741 749 19 170
741 748 20 170
30 21 19 171
30 11 20 171
30 15 20 171
34 53 3 171
34 21 19 171
34 15 20 171
64 53 3 171
64 69 4 171
64 70 5 171
64 76 14 171
394 406 1 171
394 405 3 171
394 406 4 171
394 405 5 171
394 406 6 171
394 375 15 171
394 413 20 171
741 741 1 171
741 739 4 171
741 741 5 171
741 741 6 171
741 748 8 171
741 727 16 171
741 753 17 171
741 749 18 171
741 748 19 171
406 405 2 172
406 406 3 172
406 405 4 172
406 406 5 172
406 413 19 172
741 739 3 172
741 741 4 172
741 741 5 172
741 748 7 172
741 727 15 172
741 753 16 172
741 749 17 172
741 748 18 172
741 753 20 172
434 434 19 173
518 518 1 173
53 69 1 174
53 70 2 174
53 69 20 174
126 124 16 174
405 406 1 174
405 405 2 174
405 406 3 174
405 413 17 174
405 413 20 174
518 517 20 174
69 70 1 175
69 76 10 175
69 69 19 175
406 405 1 175
406 406 2 175
406 413 16 175
406 413 19 175
406 413 20 175
739 741 1 175
739 741 2 175
739 748 4 175
739 727 12 175
739 753 13 175
739 749 14 175
739 748 15 175
739 753 17 175
739 741 18 175
739 742 20 175
70 76 9 176
70 69 18 176
405 406 1 176
405 413 15 176
405 413 18 176
405 413 19 176
405 404 20 176
741 741 1 176
741 748 3 176
741 727 11 176
741 753 12 176
741 749 13 176
741 748 14 176
741 753 16 176
741 741 17 176
741 742 19 176
406 413 14 177
406 413 17 177
406 413 18 177
406 404 19 177
406 402 20 177
741 748 2 177
741 727 10 177
741 753 11 177
741 749 12 177
741 748 13 177
741 753 15 177
741 741 16 177
741 742 18 177
336 327 5 179
336 316 6 179
336 334 10 179
748 753 9 179
748 749 10 179
748 748 11 179
748 762 12 179
748 753 13 179
748 741 14 179
748 742 16 179
312 308 3 180
312 327 4 180
312 316 5 180
312 308 10 180
312 296 13 180
612 605 5 180
612 625 16 180
612 629 17 180
612 601 18 180
612 614 19 180
218 220 1 181
218 234 4 181
218 208 11 181
641 641 1 181
641 645 2 181
641 645 3 181
641 625 15 181
641 629 16 181
220 234 3 182
220 208 10 182
641 645 1 182
641 645 2 182
641 625 14 182
641 629 15 182
308 327 1 183
308 316 2 183
308 308 7 183
308 296 10 183
645 645 1 183
645 625 13 183
645 629 14 183
327 316 1 184
327 334 5 184
327 308 6 184
645 625 12 184
645 629 13 184
76 69 9 185
76 65 14 185
76 70 17 185
76 70 19 185
76 66 20 185
234 216 20 185
316 334 4 185
316 308 5 185
316 296 8 185
605 601 13 185
605 614 14 185
605 597 20 185
727 741 6 187
727 742 8 187
727 740 15 187
727 741 17 187
753 749 1 188
753 748 2 188
753 762 3 188
753 753 4 188
753 741 5 188
753 742 7 188
753 740 14 188
753 758 15 188
753 741 16 188
753 757 20 188
334 336 16 189
749 748 1 189
749 762 2 189
749 753 3 189
749 741 4 189
749 742 6 189
749 740 13 189
749 758 14 189
749 741 15 189
749 757 19 189
749 746 20 189
21 11 1 190
21 15 1 190
21 26 16 190
124 124 6 190
124 127 6 190
308 296 3 190
308 296 17 190
308 298 18 190
748 762 1 190
748 753 2 190
748 741 3 190
748 742 5 190
748 740 12 190
748 758 13 190
748 741 14 190
748 757 18 190
748 746 19 190
11 26 15 191
15 26 15 191
413 413 3 191
413 413 4 191
413 404 5 191
413 402 6 191
413 399 7 191
413 406 9 191
413 407 10 191
413 406 11 191
413 406 13 191
762 753 1 191
762 742 4 191
762 758 12 191
762 757 17 191
762 746 18 191
208 188 1 192
208 216 13 192
208 221 15 192
753 741 1 192
753 742 3 192
753 740 10 192
753 758 11 192
753 741 12 192
753 757 16 192
753 746 17 192
188 181 6 193
296 286 13 193
296 296 14 193
296 298 15 193
741 742 2 193
741 740 9 193
741 758 10 193
741 741 11 193
741 757 15 193
741 746 16 193
69 65 5 194
69 70 8 194
69 70 10 194
69 66 11 194
69 86 12 194
69 62 13 194
69 68 13 194
69 68 14 194
69 68 20 194
413 413 1 194
413 404 2 194
413 402 3 194
413 399 4 194
413 406 6 194
413 407 7 194
413 406 8 194
413 406 10 194
517 518 6 194
413 404 1 195
413 402 2 195
413 399 3 195
413 406 5 195
413 407 6 195
413 406 7 195
413 406 9 195
742 740 7 195
742 758 8 195
742 741 9 195
742 757 13 195
742 746 14 195
742 741 20 195
404 402 1 196
404 399 2 196
404 406 4 196
404 407 5 196
404 406 6 196
404 406 8 196
625 629 1 196
625 614 3 196
402 399 1 197
402 406 3 197
402 407 4 197
402 406 5 197
402 406 7 197
629 614 2 197
399 406 2 198
399 407 3 198
399 406 4 198
399 406 6 198
601 614 1 198
601 597 7 198
601 585 8 198
601 601 9 198
65 70 3 199
65 70 5 199
65 66 6 199
65 62 8 199
65 68 8 199
65 68 9 199
65 68 15 199
65 62 17 199
65 76 17 199
181 167 17 199
614 597 6 199
614 601 8 199
406 407 1 200
406 406 2 200
406 406 4 200
406 402 19 200
406 399 20 200
407 406 1 201
407 406 3 201
407 402 18 201
407 399 19 201
407 395 20 201
70 70 2 202
70 66 3 202
70 86 4 202
70 62 5 202
70 68 5 202
70 68 6 202
70 68 12 202
70 62 14 202
70 76 14 202
70 68 19 202
406 406 2 202
406 402 17 202
406 399 18 202
406 395 19 202
740 758 1 202
740 741 2 202
740 757 6 202
740 746 7 202
740 741 13 202
740 741 17 202
758 741 1 203
758 757 5 203
758 746 6 203
758 741 12 203
758 741 16 203
70 66 1 204
70 86 2 204
70 62 3 204
70 68 3 204
70 68 4 204
70 68 10 204
70 62 12 204
70 76 12 204
70 68 17 204
406 402 15 204
406 399 16 204
406 395 17 204
741 757 4 204
741 746 5 204
741 741 11 204
741 741 15 204
741 746 20 204
66 62 2 205
66 68 2 205
66 68 3 205
66 68 9 205
66 62 11 205
66 76 11 205
66 68 16 205
216 221 2 205
216 202 9 205
216 224 20 205
336 324 19 205
597 585 1 205
597 601 2 205
597 590 20 205
26 9 7 206
26 30 7 206
26 37 7 206
26 26 10 206
26 24 11 206
26 34 11 206
26 26 16 206
26 14 20 206
86 68 1 206
86 68 2 206
86 94 7 206
86 68 8 206
86 76 10 206
86 68 15 206
86 98 19 206
153 167 10 206
286 296 1 206
286 298 2 206
286 295 9 206
585 601 1 206
585 590 19 206
62 68 1 207
62 68 7 207
62 62 9 207
62 76 9 207
62 68 14 207
62 62 19 207
68 68 1 207
68 68 7 207
68 62 9 207
68 76 9 207
68 68 14 207
68 62 19 207
221 202 7 207
221 224 18 207
296 298 1 207
296 295 8 207
601 590 18 207
68 68 6 208
68 62 8 208
68 76 8 208
68 68 13 208
68 62 18 208
298 295 7 208
757 746 1 208
757 741 7 208
757 741 11 208
757 746 16 208
757 759 20 208
746 741 6 209
746 741 10 209
746 746 15 209
746 759 19 209
666 662 1 212
666 665 2 212
666 679 4 212
666 665 5 212
666 665 17 212
666 666 18 212
666 664 19 212
666 685 20 212
0 14 13 213
1 14 13 213
5 24 4 213
5 14 13 213
9 26 3 213
9 24 4 213
9 26 9 213
9 14 13 213
30 26 3 213
30 24 4 213
30 34 4 213
30 26 9 213
30 14 13 213
37 26 3 213
37 24 4 213
37 34 4 213
37 26 9 213
94 76 3 213
94 98 12 213
94 107 14 213
662 665 1 213
662 679 3 213
662 665 4 213
662 665 16 213
662 666 17 213
662 664 18 213
68 62 2 214
68 76 2 214
68 68 7 214
68 62 12 214
68 70 20 214
665 679 2 214
665 665 3 214
665 665 15 214
665 666 16 214
665 664 17 214
741 741 4 215
741 746 9 215
741 759 13 215
26 24 1 216
26 34 1 216
26 26 6 216
26 14 10 216
26 24 18 216
62 68 5 216
62 62 10 216
62 70 18 216
62 67 20 216
76 68 5 216
76 62 10 216
76 70 18 216
76 67 20 216
167 179 16 216
679 665 1 216
679 689 4 216
679 665 13 216
679 666 14 216
679 664 15 216
679 685 16 216
679 689 19 216
24 26 5 217
24 14 9 217
24 24 17 217
34 26 5 217
34 14 9 217
34 24 17 217
665 665 12 217
665 666 13 217
665 664 14 217
402 399 1 219
402 395 2 219
402 393 9 219
402 399 11 219
741 746 5 219
741 759 9 219
741 746 19 219
399 395 1 220
399 393 8 220
399 399 10 220
689 685 12 220
689 689 15 220
68 62 5 221
68 70 13 221
68 67 15 221
68 69 17 221
395 393 7 221
395 399 9 221
520 539 5 221
520 535 6 221
520 522 13 221
520 510 15 221
520 522 15 221
520 537 20 221
26 14 4 222
26 24 12 222
124 119 4 222
124 128 4 222
124 107 5 222
124 115 19 222
129 119 4 222
129 128 4 222
129 115 19 222
543 539 4 222
543 535 5 222
543 537 19 222
746 759 4 224
746 746 14 224
746 760 18 224
746 748 19 224
98 107 2 225
98 115 16 225
98 113 18 225
98 78 20 225
475 491 1 225
475 479 4 225
475 469 16 225
14 24 8 226
14 6 17 226
14 26 17 226
14 29 19 226
14 24 20 226
62 70 8 226
62 67 10 226
62 69 12 226
62 54 18 226
62 63 18 226
62 78 19 226
119 107 1 226
119 115 15 226
119 113 17 226
128 115 15 226
128 113 17 226
491 479 3 226
491 510 10 226
539 535 1 226
539 522 8 226
539 522 10 226
539 537 15 226
107 115 14 227
107 113 16 227
535 522 7 227
535 522 9 227
535 537 14 227
393 399 2 228
759 746 10 228
759 760 14 228
759 748 15 228
759 759 18 228
759 740 20 228
479 469 12 229
479 484 20 229
665 666 1 229
665 664 2 229
665 648 15 229
665 680 16 229
399 407 20 230
666 664 1 230
666 685 2 230
666 648 14 230
666 680 15 230
664 648 13 231
664 680 14 231
685 689 3 232
685 680 13 232
715 714 6 233
715 718 18 233
715 714 19 233
715 714 20 233
24 6 9 234
24 26 9 234
24 29 11 234
24 34 11 234
24 24 12 234
24 34 12 234
24 9 17 234
24 24 17 234
24 34 17 234
24 6 18 234
24 7 18 234
24 24 20 234
70 67 2 234
70 69 4 234
70 54 10 234
70 63 10 234
70 78 11 234
70 72 14 234
70 70 15 234
70 70 16 234
70 75 19 234
522 510 2 234
522 522 2 234
522 537 7 234
522 532 15 234
689 680 10 235
67 69 2 236
67 54 8 236
67 63 8 236
67 78 9 236
67 72 12 236
67 70 13 236
67 70 14 236
67 75 17 236
67 50 19 236
67 64 19 236
522 537 5 236
522 532 13 236
69 54 6 238
69 63 6 238
69 78 7 238
69 72 10 238
69 70 11 238
69 70 12 238
69 75 15 238
69 50 17 238
69 64 17 238
746 760 4 238
746 748 5 238
746 759 8 238
746 740 10 238
746 761 16 238
746 746 17 238
746 763 19 238
714 718 12 239
714 714 13 239
714 714 14 239
115 113 2 241
115 105 16 241
115 129 16 241
115 102 19 241
115 121 20 241
469 484 8 241
469 488 13 241
537 532 8 241
537 521 19 241
537 529 20 241
421 407 8 242
760 748 1 242
760 759 4 242
760 740 6 242
760 761 12 242
760 746 13 242
760 766 14 242
760 763 15 242
760 763 17 242
6 24 3 243
6 0 8 243
6 2 8 243
6 3 8 243
6 9 8 243
6 24 8 243
6 6 9 243
6 7 9 243
6 24 11 243
6 0 12 243
6 2 12 243
6 6 12 243
6 8 12 243
6 2 13 243
6 6 13 243
6 9 13 243
26 29 2 243
26 34 2 243
26 24 3 243
26 34 3 243
26 9 8 243
26 24 8 243
26 34 8 243
26 6 9 243
26 7 9 243
26 24 11 243
26 6 12 243
26 8 12 243
26 6 13 243
26 9 13 243
113 105 14 243
113 129 14 243
113 102 17 243
113 121 18 243
748 759 3 243
748 740 5 243
748 761 11 243
748 746 12 243
748 766 13 243
748 763 14 243
748 763 16 243
54 34 1 244
54 34 2 244
54 72 4 244
54 70 5 244
54 70 6 244
54 34 7 244
54 50 11 244
54 64 11 244
54 70 18 244
54 69 19 244
54 68 20 244
63 78 1 244
63 72 4 244
63 70 5 244
63 70 6 244
63 75 9 244
63 50 11 244
63 64 11 244
63 70 18 244
63 69 19 244
63 68 20 244
29 24 1 245
29 34 1 245
29 9 6 245
29 24 6 245
29 34 6 245
29 24 9 245
29 9 11 245
34 24 1 245
34 34 1 245
34 24 6 245
34 34 6 245
34 24 9 245
34 50 10 245
78 72 3 245
78 70 4 245
78 70 5 245
78 75 8 245
78 64 10 245
78 70 17 245
78 69 18 245
78 68 19 245
680 678 20 245
24 9 5 246
24 24 5 246
24 34 5 246
24 6 6 246
24 7 6 246
24 24 8 246
24 6 9 246
24 8 9 246
24 6 10 246
24 9 10 246
34 24 5 246
34 34 5 246
34 24 8 246
34 50 9 246
759 740 2 246
759 761 8 246
759 746 9 246
759 766 10 246
759 763 11 246
759 763 13 246
759 741 18 246
72 70 1 248
72 70 2 248
72 75 5 248
72 64 7 248
72 70 14 248
72 69 15 248
72 68 16 248
311 304 9 248
311 328 18 248
740 746 7 248
740 741 16 248
70 70 1 249
70 75 4 249
70 50 6 249
70 64 6 249
70 70 13 249
70 69 14 249
70 68 15 249
484 488 5 249
532 521 11 249
532 529 12 249
532 540 17 249
532 537 20 249
70 75 3 250
70 50 5 250
70 64 5 250
70 70 12 250
70 69 13 250
70 68 14 250
407 399 12 250
407 399 13 250
407 405 14 250
407 399 18 250
602 614 13 250
0 6 1 251
0 7 1 251
0 0 4 251
0 2 4 251
0 6 4 251
0 8 4 251
0 2 5 251
0 6 5 251
0 9 5 251
2 6 1 251
2 7 1 251
2 0 4 251
2 2 4 251
2 6 4 251
2 8 4 251
2 2 5 251
2 6 5 251
2 9 5 251
3 6 1 251
3 7 1 251
3 0 4 251
3 2 4 251
3 6 4 251
3 8 4 251
3 2 5 251
3 6 5 251
3 9 5 251
9 6 1 251
9 7 1 251
9 24 3 251
9 0 4 251
9 2 4 251
9 6 4 251
9 8 4 251
9 2 5 251
9 6 5 251
9 9 5 251
9 28 20 251
24 6 1 251
24 7 1 251
24 24 3 251
24 6 4 251
24 8 4 251
24 6 5 251
24 9 5 251
24 28 20 251
24 35 20 251
34 24 3 251
34 50 4 251
34 28 20 251
34 35 20 251
149 147 1 251
149 165 2 251
149 129 6 251
718 714 1 251
718 714 2 251
718 714 11 251
718 698 17 251
6 24 2 252
6 0 3 252
6 2 3 252
6 6 3 252
6 8 3 252
6 2 4 252
6 6 4 252
6 9 4 252
7 24 2 252
7 0 3 252
7 2 3 252
7 6 3 252
7 8 3 252
7 2 4 252
7 6 4 252
7 9 4 252
147 165 1 252
147 129 5 252
714 714 1 252
714 714 10 252
714 698 16 252
75 64 2 253
75 70 9 253
75 69 10 253
75 68 11 253
75 84 18 253
75 74 20 253
165 178 7 253
165 166 20 253
714 714 9 253
714 698 15 253
24 6 1 254
24 8 1 254
24 6 2 254
24 9 2 254
24 28 17 254
24 35 17 254
24 14 19 254
24 26 19 254
24 33 19 254
488 504 11 254
488 504 17 254
761 746 1 254
761 766 2 254
761 763 3 254
761 763 5 254
761 741 10 254
761 766 20 254
0 2 1 255
0 6 1 255
0 9 1 255
0 14 18 255
2 2 1 255
2 6 1 255
2 9 1 255
2 14 18 255
6 2 1 255
6 6 1 255
6 9 1 255
6 14 18 255
8 2 1 255
8 6 1 255
8 9 1 255
8 14 18 255
8 26 18 255
50 69 8 255
50 68 9 255
50 35 16 255
50 33 18 255
64 70 7 255
64 69 8 255
64 68 9 255
64 74 18 255
746 763 2 255
746 763 4 255
746 741 9 255
2 14 17 256
6 14 17 256
9 28 15 256
9 14 17 256
9 26 17 256
766 763 1 256
766 763 3 256
766 766 18 256
105 102 3 257
105 121 4 257
105 123 9 257
129 121 4 257
129 123 9 257
763 763 2 257
763 766 17 257
336 328 7 259
763 766 15 259
102 121 1 260
102 84 11 260
178 194 10 260
178 195 11 260
178 166 13 260
178 162 19 260
521 529 1 260
521 504 5 260
521 540 6 260
521 537 9 260
521 504 11 260
521 504 17 260
121 123 5 261
121 124 18 261
529 540 5 261
529 537 8 261
70 69 1 262
70 68 2 262
70 84 9 262
70 74 11 262
70 70 15 262
70 69 16 262
399 399 1 262
399 405 2 262
399 399 6 262
714 698 6 262
714 720 16 262
69 68 1 263
69 84 8 263
69 74 10 263
69 70 14 263
69 69 15 263
399 405 1 263
399 399 5 263
614 621 14 263
614 600 17 263
614 602 18 263
68 84 7 264
68 74 9 264
68 70 13 264
68 69 14 264
405 399 4 264
741 759 20 264
504 504 6 265
504 504 12 265
678 665 5 265
678 677 8 265
678 685 11 265
123 124 13 266
223 226 14 266
540 537 3 266
540 549 16 266
540 554 17 266
698 685 8 268
457 475 11 269
457 476 12 269
457 451 13 269
457 455 14 269
537 549 13 269
537 554 14 269
194 195 1 270
194 202 8 270
665 677 3 270
665 666 18 270
28 14 2 271
28 26 2 271
28 33 2 271
28 15 17 271
28 35 17 271
35 26 2 271
35 33 2 271
35 15 17 271
35 35 17 271
84 74 2 271
84 70 6 271
84 69 7 271
84 64 14 271
84 67 15 271
84 68 20 271
195 202 7 271
504 504 6 271
504 510 19 271
564 549 11 271
564 554 12 271
14 15 15 273
26 15 15 273
26 35 15 273
33 15 15 273
33 35 15 273
74 70 4 273
74 69 5 273
74 64 12 273
74 67 13 273
74 68 18 273
166 162 6 273
166 162 10 273
166 172 19 273
677 685 3 273
677 666 15 273
677 687 17 273
766 759 10 274
766 760 11 274
766 766 12 274
766 758 18 274
685 666 12 276
685 687 14 276
70 69 1 277
70 64 8 277
70 67 9 277
70 68 14 277
504 510 13 277
621 602 4 277
69 64 7 278
69 67 8 278
69 68 13 278
202 195 20 278
124 121 14 279
124 127 14 279
162 162 4 279
162 172 13 279
475 476 1 280
475 455 3 280
475 461 13 280
600 602 1 280
476 461 12 281
451 455 1 282
451 461 11 282
549 554 1 282
549 540 11 282
549 536 12 282
549 549 13 282
162 172 9 283
455 461 10 283
554 540 10 283
554 536 11 283
554 549 12 283
759 760 1 284
759 766 2 284
759 741 7 284
759 758 8 284
759 748 12 284
759 749 13 284
759 758 14 284
759 759 15 284
759 760 16 284
759 740 20 284
64 67 1 285
64 68 6 285
64 66 19 285
64 68 20 285
760 766 1 285
760 741 6 285
760 758 7 285
760 748 11 285
760 749 12 285
760 758 13 285
760 759 14 285
760 760 15 285
760 740 19 285
67 68 5 286
67 66 18 286
67 68 19 286
67 66 20 286
766 758 6 286
766 748 10 286
766 749 11 286
766 758 12 286
766 759 13 286
766 760 14 286
15 0 12 288
15 30 17 288
15 34 17 288
15 6 20 288
15 26 20 288
35 30 17 288
35 34 17 288
35 26 20 288
666 685 17 288
666 665 20 288
510 520 16 290
510 497 20 290
687 692 11 290
687 698 12 290
687 685 15 290
68 66 13 291
68 68 14 291
68 66 15 291
406 405 13 291
741 758 1 291
741 748 5 291
741 749 6 291
741 758 7 291
741 759 8 291
741 760 9 291
741 730 12 291
741 740 13 291
741 751 18 291
758 748 4 292
758 749 5 292
758 758 6 292
758 759 7 292
758 760 8 292
758 740 12 292
758 765 15 292
758 751 17 292
540 536 1 293
540 549 2 293
540 520 13 293
329 337 3 294
329 336 17 294
536 549 1 294
536 520 12 294
379 363 19 295
748 749 1 296
748 758 2 296
748 759 3 296
748 760 4 296
748 730 7 296
748 740 8 296
748 765 11 296
748 751 13 296
748 741 20 296
337 336 14 297
749 758 1 297
749 759 2 297
749 760 3 297
749 730 6 297
749 740 7 297
749 765 10 297
749 751 12 297
749 741 19 297
749 753 20 297
98 94 2 298
98 101 18 298
758 759 1 298
758 760 2 298
758 740 6 298
758 765 9 298
758 751 11 298
758 741 18 298
758 753 19 298
759 760 1 299
759 740 5 299
759 765 8 299
759 751 10 299
759 741 17 299
759 753 18 299
0 6 8 300
94 101 16 300
303 296 5 300
760 740 4 300
760 765 7 300
760 751 9 300
760 741 16 300
760 753 17 300
692 698 1 301
692 685 4 301
698 685 3 302
730 740 1 303
730 741 13 303
66 68 1 304
66 66 2 304
66 65 13 304
66 64 16 304
66 68 17 304
405 424 9 304
405 405 12 304
405 405 15 304
740 751 5 304
740 741 12 304
740 753 13 304
30 26 3 305
34 26 3 305
68 66 1 305
68 65 12 305
68 64 15 305
68 68 16 305
296 279 2 305
685 665 3 305
685 665 14 305
66 65 11 306
66 64 14 306
66 68 15 306
269 279 1 306
269 269 19 306
279 269 18 307
765 751 2 307
765 753 10 307
665 650 10 308
665 665 11 308
665 657 15 308
751 741 7 309
751 753 8 309
615 615 1 310
615 611 12 310
615 605 17 310
615 604 18 310
336 324 11 311
336 318 15 311
336 321 16 311
615 611 11 311
615 605 16 311
615 604 17 311
438 424 1 312
438 430 3 312
438 430 8 312
438 455 20 312
644 639 1 312
644 650 6 312
644 641 8 312
644 657 11 312
644 641 12 312
644 642 13 312
644 641 14 312
644 636 17 312
424 430 2 313
424 405 3 313
424 405 6 313
424 430 7 313
639 650 5 313
639 641 7 313
639 657 10 313
639 641 11 313
639 642 12 313
639 641 13 313
639 636 16 313
363 368 9 314
591 591 1 314
591 605 13 314
591 604 14 314
430 430 5 315
591 605 12 315
591 604 13 315
232 221 9 316
232 248 10 316
232 216 11 316
232 249 12 316
232 246 15 316
405 405 3 316
405 406 20 316
741 753 1 316
741 752 15 316
741 757 19 316
65 64 3 317
65 68 4 317
65 69 14 317
65 61 16 317
65 63 16 317
65 75 18 317
461 455 15 317
753 752 14 317
753 766 16 317
753 757 18 317
753 767 19 317
650 665 1 318
650 641 2 318
650 657 5 318
650 641 6 318
650 642 7 318
650 641 8 318
650 636 11 318
650 665 16 318
405 406 17 319
405 406 20 319
665 657 4 319
665 665 15 319
665 679 19 319
64 68 1 320
64 69 11 320
64 61 13 320
64 63 13 320
64 75 15 320
641 657 3 320
641 641 4 320
641 642 5 320
641 641 6 320
641 636 9 320
68 69 10 321
68 61 12 321
68 63 12 321
68 75 14 321
324 318 4 322
324 321 5 322
611 605 5 322
611 604 6 322
657 641 1 323
657 642 2 323
657 641 3 323
657 665 11 323
657 676 18 323
641 642 1 324
641 641 2 324
641 636 5 324
221 216 2 325
269 249 3 325
642 641 1 325
642 636 4 325
248 249 2 326
248 246 5 326
318 321 1 326
318 301 5 326
641 636 3 326
321 301 4 327
605 604 1 327
605 591 18 327
605 607 20 327
249 246 3 328
296 301 3 328
604 591 17 328
604 607 19 328
34 26 2 331
34 33 3 331
69 61 2 331
69 63 2 331
69 75 4 331
69 71 17 331
301 299 19 331
301 317 20 331
752 766 2 331
752 757 4 331
752 767 5 331
752 741 8 331
752 765 9 331
752 757 12 331
752 741 15 331
752 766 17 331
752 739 19 331
455 457 9 332
455 468 11 332
455 473 13 332
548 537 12 332
548 543 17 332
26 33 1 333
61 75 2 333
61 71 15 333
63 75 2 333
63 71 15 333
766 757 2 333
766 767 3 333
766 765 7 333
766 757 10 333
766 766 15 333
509 506 3 334
509 511 3 334
509 509 4 334
509 510 13 334
665 679 4 334
665 676 7 334
75 71 13 335
757 767 1 335
757 741 4 335
757 765 5 335
757 757 8 335
757 741 11 335
757 766 13 335
757 739 15 335
757 766 19 335
406 406 3 336
406 419 6 336
406 392 16 336
767 765 4 336
767 757 7 336
767 766 12 336
767 766 18 336
506 509 1 337
506 510 10 337
506 488 11 337
511 509 1 337
511 510 10 337
509 510 9 338
679 676 3 338
679 695 4 338
679 685 20 338
406 419 3 339
406 392 13 339
741 757 4 339
741 741 7 339
741 739 11 339
741 748 20 339
765 757 3 340
765 766 8 340
765 766 14 340
765 748 19 340
457 468 2 341
457 473 4 341
457 475 5 341
676 695 1 341
676 685 17 341
419 431 2 342
419 431 7 342
695 685 16 342
468 473 2 343
468 475 3 343
757 741 3 343
757 766 5 343
757 739 7 343
757 766 11 343
757 748 16 343
757 766 18 343
757 758 19 343
757 764 20 343
431 431 5 344
537 543 5 344
537 548 13 344
473 475 1 345
473 488 3 345
591 607 2 345
591 603 10 345
591 604 11 345
475 488 2 346
741 739 4 346
741 748 13 346
741 758 16 346
741 739 18 346
510 517 18 347
510 523 20 347
607 619 4 347
607 603 8 347
607 604 9 347
607 624 19 347
71 60 11 348
71 76 11 348
71 83 14 348
71 75 15 348
71 75 16 348
766 766 6 348
766 748 11 348
766 766 13 348
766 758 14 348
766 764 15 348
543 548 8 349
543 523 18 349
299 317 1 350
299 299 6 350
299 303 12 350
299 297 14 350
299 297 15 350
739 748 9 350
739 758 12 350
739 739 14 350
317 324 2 351
317 323 3 351
317 326 4 351
317 299 5 351
317 335 8 351
317 334 9 351
317 334 10 351
317 303 11 351
317 329 12 351
317 297 13 351
317 297 14 351
619 603 4 351
619 604 5 351
619 624 15 351
619 634 17 351
220 219 1 352
220 234 4 352
392 404 14 352
392 406 15 352
392 399 16 352
392 406 19 352
641 641 1 352
641 644 8 352
641 624 14 352
641 634 16 352
219 234 3 353
324 323 1 353
324 326 2 353
324 335 6 353
324 334 7 353
324 334 8 353
324 329 10 353
641 644 7 353
641 624 13 353
641 634 15 353
323 326 1 354
323 335 5 354
323 334 6 354
323 334 7 354
323 303 8 354
323 329 9 354
766 748 5 354
766 766 7 354
766 758 8 354
766 764 9 354
326 335 4 355
326 334 5 355
326 334 6 355
326 329 8 355
603 604 1 355
603 590 16 355
603 601 19 355
299 303 6 356
299 297 8 356
299 297 9 356
299 287 16 356
604 590 15 356
604 601 18 356
60 75 4 359
60 75 5 359
60 65 11 359
60 65 12 359
60 50 14 359
60 70 14 359
60 69 15 359
60 70 16 359
60 68 18 359
60 77 19 359
76 83 3 359
76 75 4 359
76 75 5 359
76 65 11 359
76 65 12 359
76 70 14 359
76 69 15 359
76 70 16 359
76 68 18 359
76 77 19 359
335 334 1 359
335 334 2 359
335 329 4 359
748 766 2 359
748 758 3 359
748 764 4 359
748 739 5 359
748 741 14 359
748 766 16 359
334 334 1 360
334 329 3 360
644 624 6 360
644 634 8 360
644 640 16 360
644 647 18 360
644 641 19 360
11 6 1 361
11 1 10 361
11 29 10 361
11 2 11 361
11 6 11 361
11 30 12 361
11 7 15 361
11 12 17 361
11 25 17 361
11 13 18 361
11 0 20 361
11 1 20 361
11 6 20 361
11 28 20 361
116 132 12 361
116 113 18 361
334 329 2 361
766 758 1 361
766 764 2 361
766 766 14 361
6 1 9 362
6 2 10 362
6 6 10 362
6 7 14 362
6 12 16 362
6 25 16 362
6 13 17 362
6 0 19 362
6 1 19 362
6 6 19 362
83 75 1 362
83 75 2 362
83 65 8 362
83 65 9 362
83 70 11 362
83 69 12 362
83 70 13 362
83 68 15 362
83 77 16 362
303 297 2 362
303 297 3 362
303 287 10 362
303 311 18 362
758 764 1 362
758 739 2 362
758 741 11 362
758 766 13 362
33 29 8 363
33 34 8 363
33 30 10 363
33 50 10 363
33 25 15 363
33 33 15 363
33 13 16 363
33 28 18 363
33 35 18 363
33 26 19 363
75 75 1 363
75 65 7 363
75 65 8 363
75 70 10 363
75 69 11 363
75 70 12 363
75 68 14 363
75 77 15 363
75 62 19 363
329 311 17 363
764 766 12 363
75 65 6 364
75 65 7 364
75 70 9 364
75 69 10 364
75 70 11 364
75 68 13 364
75 77 14 364
75 62 18 364
183 188 12 364
297 297 1 364
297 287 8 364
297 311 16 364
739 741 9 364
297 287 7 365
297 311 15 365
297 299 20 365
517 523 2 365
517 523 12 365
404 406 1 366
404 399 2 366
404 406 5 366
404 394 16 366
404 391 17 366
624 634 2 366
624 640 10 366
624 641 13 366
624 605 14 366
624 642 17 366
624 641 18 366
406 399 1 367
406 406 4 367
406 394 15 367
406 391 16 367
523 523 10 367
399 406 3 368
399 394 14 368
399 391 15 368
634 640 8 368
634 647 10 368
634 641 11 368
634 644 14 368
634 642 15 368
634 641 16 368
65 65 1 370
65 50 3 370
65 70 3 370
65 69 4 370
65 70 5 370
65 68 7 370
65 77 8 370
65 62 12 370
65 60 19 370
65 63 19 370
1 2 1 371
1 6 1 371
1 7 5 371
1 12 7 371
1 13 8 371
1 0 10 371
1 1 10 371
1 6 10 371
29 30 2 371
29 12 7 371
29 25 7 371
29 33 7 371
29 13 8 371
29 28 10 371
29 35 10 371
29 26 11 371
29 26 19 371
29 33 19 371
34 30 2 371
34 50 2 371
34 25 7 371
34 33 7 371
34 28 10 371
34 35 10 371
34 26 11 371
34 26 19 371
34 33 19 371
65 50 2 371
65 70 2 371
65 69 3 371
65 70 4 371
65 68 6 371
65 77 7 371
65 62 11 371
65 60 18 371
65 63 18 371
143 149 1 371
143 132 2 371
143 126 11 371
143 128 11 371
406 394 11 371
406 391 12 371
590 571 1 371
590 601 3 371
590 605 9 371
590 600 10 371
2 7 4 372
2 12 6 372
2 13 7 372
2 0 9 372
2 1 9 372
2 6 9 372
6 7 4 372
6 12 6 372
6 25 6 372
6 13 7 372
6 0 9 372
6 1 9 372
6 6 9 372
149 132 1 372
287 299 13 372
287 279 15 372
30 12 5 373
30 25 5 373
30 33 5 373
30 13 6 373
30 28 8 373
30 35 8 373
30 26 9 373
30 26 17 373
30 33 17 373
50 69 1 373
50 68 4 373
50 33 5 373
50 35 8 373
50 62 9 373
50 60 16 373
50 63 16 373
50 33 17 373
70 69 1 373
70 70 2 373
70 68 4 373
70 77 5 373
70 62 9 373
70 60 16 373
70 63 16 373
132 113 6 373
132 126 9 373
132 128 9 373
741 727 15 373
741 726 17 373
741 738 20 373
69 70 1 374
69 68 3 374
69 77 4 374
69 62 8 374
69 60 15 374
69 63 15 374
601 605 6 374
601 600 7 374
70 68 2 375
70 77 3 375
70 62 7 375
70 60 14 375
70 63 14 375
766 764 12 375
7 12 2 376
7 25 2 376
7 13 3 376
7 0 5 376
7 1 5 376
7 6 5 376
7 26 6 376
7 26 14 376
188 196 9 376
188 178 15 376
188 207 16 376
640 647 2 376
640 641 3 376
640 644 6 376
640 642 7 376
640 641 8 376
68 77 1 377
68 62 5 377
68 60 12 377
68 63 12 377
68 58 19 377
68 79 19 377
262 246 2 377
262 279 10 377
262 260 14 377
523 513 17 377
523 517 18 377
12 13 1 378
12 0 3 378
12 1 3 378
12 6 3 378
12 28 3 378
12 26 4 378
12 26 12 378
25 13 1 378
25 6 3 378
25 28 3 378
25 35 3 378
25 26 4 378
25 26 12 378
25 33 12 378
33 13 1 378
33 28 3 378
33 35 3 378
33 26 4 378
33 26 12 378
33 33 12 378
77 62 4 378
77 94 7 378
77 60 11 378
77 63 11 378
77 58 18 378
77 79 18 378
647 641 1 378
647 644 4 378
647 642 5 378
647 641 6 378
647 666 7 378
647 665 13 378
13 0 2 379
13 1 2 379
13 6 2 379
13 28 2 379
13 26 3 379
13 26 11 379
113 126 3 379
113 128 3 379
113 94 6 379
113 105 11 379
113 102 18 379
246 260 12 379
641 644 3 379
641 642 4 379
641 641 5 379
311 299 5 380
605 600 1 380
6 24 20 381
28 26 1 381
28 26 9 381
28 33 9 381
28 24 20 381
35 26 1 381
35 26 9 381
35 33 9 381
35 24 20 381
26 26 8 382
26 33 8 382
26 24 19 382
26 31 20 382
62 60 7 382
62 63 7 382
62 58 14 382
62 79 14 382
62 68 19 382
62 75 20 382
394 391 1 382
644 642 1 382
644 641 2 382
642 641 1 383
479 493 11 384
94 105 5 385
94 79 11 385
94 102 12 385
94 75 17 385
196 178 6 385
196 207 7 385
196 189 13 385
299 279 2 385
299 285 8 385
666 685 1 385
666 665 6 385
685 699 3 386
685 665 5 386
685 695 16 386
279 260 4 387
279 285 6 387
279 266 16 387
764 753 10 387
336 336 14 388
727 726 2 388
727 738 5 388
727 741 13 388
60 58 7 389
60 79 7 389
60 68 12 389
60 75 13 389
60 68 15 389
60 70 16 389
63 58 7 389
63 79 7 389
63 68 12 389
63 75 13 389
63 68 15 389
63 70 16 389
699 706 3 389
699 695 13 389
26 24 11 390
26 31 12 390
33 24 11 390
33 31 12 390
105 102 7 390
105 105 18 390
726 706 2 390
726 738 3 390
726 741 11 390
178 161 2 391
178 189 7 391
178 162 10 391
260 249 12 391
260 266 12 391
207 189 6 392
207 215 16 392
207 225 20 392
706 695 10 392
161 150 3 393
161 162 8 393
285 266 10 393
285 296 16 393
285 269 20 393
738 753 4 393
738 741 8 393
499 493 1 394
499 517 1 394
499 516 9 394
499 482 16 394
513 493 1 394
513 517 1 394
513 516 9 394
493 482 15 395
493 474 16 395
493 475 20 395
517 516 8 395
58 68 5 396
58 75 6 396
58 68 8 396
58 70 9 396
58 75 17 396
58 75 20 396
79 68 5 396
79 75 6 396
79 68 8 396
79 70 9 396
79 94 16 396
79 75 17 396
79 75 20 396
150 162 5 396
551 543 3 396
551 543 4 396
551 568 9 396
551 566 18 396
102 105 11 397
102 94 15 397
753 741 4 397
753 754 19 397
753 734 20 397
543 543 1 399
434 424 18 400
24 31 1 401
24 25 17 401
24 30 18 401
24 34 18 401
68 75 1 401
68 68 3 401
68 70 4 401
68 75 12 401
68 75 15 401
68 63 18 401
68 84 20 401
162 166 18 401
741 754 15 401
741 734 16 401
741 723 18 401
741 727 20 401
31 25 16 402
31 30 17 402
31 34 17 402
75 68 2 402
75 70 3 402
75 94 10 402
75 75 11 402
75 75 14 402
75 63 17 402
75 84 19 402
336 330 10 402
336 346 14 402
336 334 15 402
695 690 18 402
695 711 20 402
249 247 10 403
266 247 10 403
266 269 10 403
68 70 1 404
68 75 9 404
68 75 12 404
68 63 15 404
68 84 17 404
392 394 1 404
70 75 8 405
70 75 11 405
70 63 14 405
70 84 16 405
394 413 15 405
568 566 9 405
468 470 1 406
468 465 2 406
468 482 4 406
468 474 5 406
468 475 9 406
468 485 15 406
468 462 16 406
468 463 17 406
609 608 1 406
609 620 2 406
609 601 4 406
609 601 5 406
609 602 6 406
609 603 7 406
609 603 9 406
609 608 19 406
470 465 1 407
470 482 3 407
470 474 4 407
470 475 8 407
470 485 14 407
470 462 15 407
470 463 16 407
608 620 1 407
608 601 3 407
608 601 4 407
608 602 5 407
608 603 6 407
608 603 8 407
608 608 18 407
105 94 4 408
105 90 16 408
215 225 4 408
215 225 7 408
215 222 8 408
215 215 15 408
465 482 2 408
465 474 3 408
465 475 7 408
465 462 14 408
465 463 15 408
620 601 2 408
620 601 3 408
620 602 4 408
620 603 5 408
620 603 7 408
620 629 15 408
620 608 17 408
296 300 5 409
641 629 14 409
482 474 1 410
482 475 5 410
482 485 11 410
482 462 12 410
482 463 13 410
482 477 20 410
601 601 1 410
601 602 2 410
601 603 3 410
601 603 5 410
601 608 15 410
474 475 4 411
474 485 10 411
474 462 11 411
474 463 12 411
474 477 19 411
601 602 1 411
601 603 2 411
601 603 4 411
601 608 14 411
94 75 1 412
94 75 4 412
94 84 9 412
94 90 12 412
94 76 17 412
225 225 3 412
225 222 4 412
225 215 11 412
225 232 18 412
330 346 4 412
330 334 5 412
330 336 19 412
602 603 1 412
602 603 3 412
602 608 13 412
75 75 3 413
75 63 6 413
75 84 8 413
75 90 11 413
75 62 13 413
75 64 13 413
75 76 16 413
75 68 18 413
75 65 19 413
247 245 14 413
247 259 15 413
247 232 17 413
269 259 15 413
603 603 2 413
603 608 12 413
603 592 20 413
300 300 20 414
566 555 14 414
566 569 18 414
225 222 1 415
225 215 8 415
225 232 15 415
225 234 20 415
475 485 6 415
475 462 7 415
475 463 8 415
475 477 15 415
603 608 10 415
603 592 18 415
603 599 20 415
75 63 3 416
75 84 5 416
75 90 8 416
75 62 10 416
75 64 10 416
75 76 13 416
75 68 15 416
75 65 16 416
75 69 18 416
222 215 7 416
222 232 14 416
222 234 19 416
346 334 1 416
346 336 15 416
346 336 17 416
346 356 19 416
754 734 1 416
754 765 2 416
754 742 18 416
334 336 14 417
334 336 16 417
734 723 2 417
734 727 4 417
734 733 7 417
734 724 10 417
734 717 14 417
734 742 17 417
25 30 1 418
25 34 1 418
25 5 4 418
25 12 8 418
25 30 8 418
25 24 11 418
424 413 2 418
30 12 7 419
30 30 7 419
30 24 10 419
34 30 7 419
34 24 10 419
63 62 7 419
63 64 7 419
63 76 10 419
63 68 12 419
63 65 13 419
63 69 15 419
63 60 18 419
723 727 2 419
723 711 3 419
723 733 5 419
723 712 7 419
723 724 8 419
723 713 10 419
723 717 12 419
723 742 15 419
84 90 3 421
84 64 5 421
84 76 8 421
84 68 10 421
84 65 11 421
84 69 13 421
84 75 20 421
485 477 9 421
727 711 1 421
727 733 3 421
727 712 5 421
727 724 6 421
727 713 8 421
727 717 10 421
727 742 13 421
2 12 4 422
2 2 7 422
5 12 4 422
5 2 7 422
5 24 7 422
462 463 1 422
462 444 5 422
462 477 8 422
711 712 4 422
711 724 5 422
711 713 7 422
711 717 9 422
215 232 7 423
215 234 12 423
463 444 4 423
463 477 7 423
629 609 13 423
629 641 14 423
629 645 17 423
90 76 5 424
90 75 17 424
733 724 3 424
733 713 5 424
733 717 7 424
733 742 10 424
733 737 20 424
608 592 8 425
608 599 10 425
608 609 11 425
608 601 13 425
608 598 17 425
608 605 18 425
12 2 3 426
12 24 3 426
30 24 3 426
30 34 20 426
62 76 3 426
62 68 5 426
62 65 6 426
62 69 8 426
62 60 11 426
62 75 15 426
62 65 20 426
64 76 3 426
64 68 5 426
64 65 6 426
64 69 8 426
64 60 11 426
64 75 15 426
64 65 20 426
712 724 1 426
712 713 3 426
712 717 5 426
712 731 19 426
712 724 20 426
245 259 1 427
245 232 3 427
245 234 8 427
245 248 9 427
245 263 10 427
245 245 12 427
245 251 14 427
245 248 15 427
245 250 19 427
724 713 2 427
724 717 4 427
724 742 7 427
724 737 17 427
724 731 18 427
724 724 19 427
259 248 8 428
259 263 9 428
259 245 11 428
259 251 13 428
259 248 14 428
259 250 18 428
555 569 4 428
555 571 13 428
2 0 18 429
2 1 18 429
2 3 18 429
2 12 19 429
24 34 17 429
24 25 18 429
24 12 19 429
24 25 19 429
24 34 19 429
24 25 20 429
24 38 20 429
76 68 2 429
76 65 3 429
76 69 5 429
76 60 8 429
76 75 12 429
76 65 17 429
76 59 18 429
76 69 18 429
76 74 19 429
76 70 20 429
713 717 2 429
713 731 16 429
713 724 17 429
232 234 5 430
232 248 6 430
232 245 9 430
232 251 11 430
232 248 12 430
232 250 16 430
477 461 20 430
68 65 1 431
68 69 3 431
68 60 6 431
68 75 10 431
68 65 15 431
68 59 16 431
68 69 16 431
68 74 17 431
68 70 18 431
68 71 20 431
189 200 18 431
336 336 2 431
336 334 9 431
336 346 11 431
336 354 12 431
717 731 14 431
717 724 15 431
65 69 2 432
65 60 5 432
65 75 9 432
65 65 14 432
65 59 15 432
65 69 15 432
65 74 16 432
65 70 17 432
65 71 19 432
65 65 20 432
569 571 9 432
336 334 7 433
336 346 9 433
336 354 10 433
592 599 2 433
592 609 3 433
592 601 5 433
592 598 9 433
592 605 10 433
69 60 3 434
69 75 7 434
69 65 12 434
69 59 13 434
69 69 13 434
69 74 14 434
69 70 15 434
69 71 17 434
69 65 18 434
300 286 4 434
300 298 7 434
300 282 10 434
742 737 10 434
742 731 11 434
742 724 12 434
742 741 18 434
742 740 19 434
234 248 1 435
234 245 4 435
234 251 6 435
234 248 7 435
234 250 11 435
356 346 7 435
356 354 8 435
599 609 1 435
599 601 3 435
599 598 7 435
599 605 8 435
248 263 1 436
248 245 3 436
248 251 5 436
248 248 6 436
248 250 10 436
279 263 1 436
279 286 2 436
279 298 5 436
279 282 8 436
609 601 2 436
609 598 6 436
609 605 7 436
60 75 4 437
60 65 9 437
60 59 10 437
60 69 10 437
60 74 11 437
60 70 12 437
60 71 14 437
60 65 15 437
60 68 18 437
263 245 2 437
263 251 4 437
263 248 5 437
263 282 7 437
263 250 9 437
641 645 3 437
641 660 10 437
641 648 11 437
286 298 3 438
286 282 6 438
601 598 4 438
601 605 5 438
245 251 2 439
245 248 3 439
245 250 7 439
392 406 14 439
392 394 16 439
665 645 1 439
665 660 8 439
665 648 9 439
665 679 12 439
334 346 2 440
645 660 7 440
645 648 8 440
75 65 5 441
75 59 6 441
75 69 6 441
75 74 7 441
75 70 8 441
75 71 10 441
75 65 11 441
75 68 14 441
75 71 19 441
75 65 20 441
251 248 1 441
251 250 5 441
298 282 3 441
248 250 4 442
346 354 1 442
598 605 1 442
354 335 20 443
605 593 20 443
282 285 20 444
737 731 1 444
737 724 2 444
737 741 8 444
737 740 9 444
737 754 13 444
737 741 14 444
737 741 16 444
737 741 18 444
731 724 1 445
731 741 7 445
731 740 8 445
731 741 13 445
731 741 15 445
731 741 17 445
731 733 20 445
34 25 1 446
34 25 2 446
34 34 2 446
34 25 3 446
34 38 3 446
65 59 1 446
65 69 1 446
65 74 2 446
65 70 3 446
65 71 5 446
65 65 6 446
65 68 9 446
65 71 14 446
65 65 15 446
65 69 16 446
65 75 20 446
724 741 6 446
724 740 7 446
724 741 12 446
724 741 14 446
724 741 16 446
724 733 19 446
0 12 1 447
1 12 1 447
3 12 1 447
25 12 1 447
25 25 1 447
25 34 1 447
25 25 2 447
25 38 2 447
59 74 1 447
59 70 2 447
59 71 4 447
59 65 5 447
59 68 8 447
59 71 13 447
59 65 14 447
59 69 15 447
59 75 19 447
69 74 1 447
69 70 2 447
69 71 4 447
69 65 5 447
69 68 8 447
69 71 13 447
69 65 14 447
69 69 15 447
69 75 19 447
660 648 1 447
660 679 4 447
660 641 19 447
12 25 1 448
25 25 1 448
25 38 1 448
34 25 1 448
34 38 1 448
74 70 1 448
74 71 3 448
74 65 4 448
74 68 7 448
74 71 12 448
74 65 13 448
74 69 14 448
74 75 18 448
648 641 18 448
70 71 2 449
70 65 3 449
70 68 6 449
70 71 11 449
70 65 12 449
70 69 13 449
70 75 17 449
200 205 13 449
200 203 14 449
689 679 2 449
689 685 12 449
461 460 2 450
461 465 7 450
766 764 4 450
766 762 5 450
766 764 6 450
766 754 7 450
766 758 9 450
766 762 20 450
71 65 1 451
71 68 4 451
71 71 9 451
71 65 10 451
71 69 11 451
71 75 15 451
505 509 8 451
505 504 10 451
679 685 10 451
65 68 3 452
65 71 8 452
65 65 9 452
65 69 10 452
65 75 14 452
460 465 5 452
741 740 1 452
741 754 5 452
741 741 6 452
741 758 7 452
741 741 8 452
741 741 10 452
741 733 13 452
741 727 15 452
741 727 20 452
406 394 2 453
406 424 3 453
406 424 5 453
406 394 9 453
406 396 13 453
740 754 4 453
740 741 5 453
740 758 6 453
740 741 7 453
740 741 9 453
740 733 12 453
740 727 14 453
740 727 19 453
740 733 20 453
764 762 1 454
764 764 2 454
764 754 3 454
764 758 5 454
764 762 16 454
68 71 5 455
68 65 6 455
68 69 7 455
68 75 11 455
68 86 18 455
68 60 19 455
68 69 19 455
394 394 7 455
394 396 11 455
762 764 1 455
762 754 2 455
762 758 4 455
762 762 15 455
424 424 2 456
764 754 1 456
764 758 3 456
764 762 14 456
465 465 17 457
754 741 1 457
754 758 2 457
754 741 3 457
754 741 5 457
754 762 13 457
754 741 20 457
741 758 1 458
741 741 2 458
741 741 4 458
741 733 7 458
741 727 9 458
741 727 14 458
741 733 15 458
741 732 17 458
741 724 18 458
741 741 19 458
509 504 2 459
509 499 20 459
758 741 1 459
758 741 3 459
758 762 11 459
758 741 18 459
71 65 1 460
71 69 2 460
71 75 6 460
71 86 13 460
71 60 14 460
71 69 14 460
71 86 16 460
71 68 19 460
741 741 2 460
741 733 5 460
741 727 7 460
741 727 12 460
741 733 13 460
741 732 15 460
741 724 16 460
741 741 17 460
65 69 1 461
65 75 5 461
65 60 13 461
65 69 13 461
65 68 18 461
504 486 12 461
504 499 18 461
685 685 19 461
69 75 4 462
69 86 11 462
69 60 12 462
69 69 12 462
69 86 14 462
69 68 17 462
205 203 1 462
205 215 14 462
205 224 15 462
394 396 4 462
741 733 3 462
741 727 5 462
741 727 10 462
741 733 11 462
741 732 13 462
741 724 14 462
741 741 15 462
203 215 13 463
335 324 5 463
335 326 6 463
335 321 7 463
335 336 9 463
335 346 14 463
593 601 5 463
593 602 6 463
593 594 11 463
593 607 20 463
285 301 1 464
285 279 17 464
571 564 17 464
94 75 1 465
94 113 6 465
94 93 7 465
94 86 8 465
94 86 11 465
94 94 15 465
94 105 16 465
94 88 18 465
94 111 20 465
733 727 2 465
733 727 7 465
733 733 8 465
733 732 10 465
733 724 11 465
733 741 12 465
733 714 13 465
733 741 20 465
75 93 6 466
75 86 7 466
75 60 8 466
75 69 8 466
75 86 10 466
75 68 13 466
75 94 14 466
75 88 17 466
75 84 20 466
641 640 5 466
226 228 1 467
226 215 9 467
226 224 10 467
226 235 16 467
226 228 20 467
727 727 5 467
727 733 6 467
727 732 8 467
727 724 9 467
727 741 10 467
727 714 11 467
727 709 12 467
727 741 18 467
727 741 19 467
727 737 20 467
228 215 8 468
228 224 9 468
228 235 15 468
228 228 19 468
228 219 20 468
324 326 1 468
324 321 2 468
324 336 4 468
601 602 1 468
601 594 6 468
601 607 15 468
326 321 1 469
326 336 3 469
602 594 5 469
602 607 14 469
321 336 2 470
113 93 1 471
113 94 9 471
113 105 10 471
113 111 14 471
113 94 17 471
93 86 1 472
93 86 4 472
93 94 8 472
93 105 9 472
93 88 11 472
93 111 13 472
93 84 14 472
93 94 16 472
336 346 5 472
727 733 1 472
727 732 3 472
727 724 4 472
727 741 5 472
727 714 6 472
727 709 7 472
727 741 13 472
727 741 14 472
727 737 15 472
727 740 16 472
727 716 19 472
86 69 1 473
86 86 3 473
86 68 6 473
86 94 7 473
86 105 8 473
86 88 10 473
86 84 13 473
86 94 15 473
86 69 19 473
86 73 20 473
486 499 6 473
486 470 10 473
486 481 14 473
486 475 15 473
733 732 2 473
733 724 3 473
733 741 4 473
733 714 5 473
733 741 12 473
733 741 13 473
733 737 14 473
733 740 15 473
733 716 18 473
0 0 5 474
0 1 5 474
0 5 5 474
0 11 6 474
0 14 18 474
0 19 18 474
2 0 5 474
2 1 5 474
2 5 5 474
2 11 6 474
2 14 18 474
2 19 18 474
3 0 5 474
3 1 5 474
3 5 5 474
3 11 6 474
3 14 18 474
3 19 18 474
30 24 1 474
30 44 1 474
30 34 4 474
30 27 5 474
30 11 6 474
30 30 9 474
30 32 9 474
30 14 18 474
30 19 18 474
30 31 18 474
30 37 20 474
60 44 1 474
60 68 5 474
60 69 18 474
60 60 19 474
60 73 19 474
69 86 2 474
69 68 5 474
69 88 9 474
69 84 12 474
69 69 18 474
69 60 19 474
69 73 19 474
465 462 6 474
465 470 9 474
465 481 13 474
465 475 14 474
594 607 9 474
24 34 3 475
24 5 4 475
24 27 4 475
24 11 5 475
24 30 8 475
24 32 8 475
24 14 17 475
24 19 17 475
24 31 17 475
24 37 19 475
44 34 3 475
44 27 4 475
44 30 8 475
44 32 8 475
44 31 17 475
44 60 18 475
44 37 19 475
732 724 1 475
732 741 2 475
732 714 3 475
732 741 10 475
732 741 11 475
732 737 12 475
732 740 13 475
732 716 16 475
732 733 19 475
86 68 3 476
86 94 4 476
86 105 5 476
86 88 7 476
86 84 10 476
86 94 12 476
86 69 16 476
86 73 17 476
215 224 1 476
215 228 11 476
215 219 12 476
215 232 14 476
724 741 1 476
724 714 2 476
724 709 3 476
724 741 9 476
724 741 10 476
724 737 11 476
724 740 12 476
724 716 15 476
724 733 18 476
224 235 6 477
224 228 10 477
224 219 11 477
224 232 13 477
346 356 18 477
346 344 19 477
346 329 20 477
741 741 8 477
741 741 9 477
741 737 10 477
741 740 11 477
741 733 17 477
34 27 1 478
34 30 5 478
34 32 5 478
34 14 14 478
34 19 14 478
34 31 14 478
34 37 16 478
714 709 1 478
714 716 13 478
714 733 16 478
0 11 1 479
0 14 13 479
0 19 13 479
1 11 1 479
1 14 13 479
1 19 13 479
5 11 1 479
5 14 13 479
5 19 13 479
27 11 1 479
27 30 4 479
27 32 4 479
27 14 13 479
27 19 13 479
27 31 13 479
27 37 15 479
68 84 7 479
68 69 13 479
68 60 14 479
68 73 14 479
135 150 1 479
135 145 6 479
135 141 7 479
499 481 8 479
709 716 12 479
11 30 3 480
11 14 12 480
11 19 12 480
94 105 1 480
94 88 3 480
94 111 5 480
94 84 6 480
94 94 8 480
150 145 5 480
150 141 6 480
150 165 17 480
462 470 3 480
462 481 7 480
462 475 8 480
685 665 9 480
105 88 2 481
105 111 4 481
105 94 7 481
30 14 9 483
30 19 9 483
30 31 9 483
30 37 11 483
30 30 18 483
30 30 19 483
32 14 9 483
32 19 9 483
32 31 9 483
32 37 11 483
32 30 18 483
32 30 19 483
88 84 3 483
88 94 5 483
88 69 9 483
88 73 10 483
88 69 19 483
88 69 20 483
235 228 4 483
235 219 5 483
235 232 7 483
235 248 11 483
235 243 16 483
470 481 4 483
470 475 5 483
607 620 10 483
607 601 12 483
607 607 19 483
111 94 3 485
111 94 19 485
145 141 1 485
428 424 1 485
741 741 1 485
741 737 2 485
741 740 3 485
741 733 9 485
741 737 15 485
741 726 16 485
741 726 19 485
741 732 20 485
84 94 2 486
84 69 6 486
84 73 7 486
84 64 14 486
84 69 16 486
84 69 17 486
84 94 18 486
84 69 20 486
141 145 20 486
741 737 1 486
741 740 2 486
741 733 8 486
741 737 14 486
741 726 15 486
741 726 18 486
741 732 19 486
741 739 20 486
228 219 1 487
228 232 3 487
228 243 12 487
228 224 17 487
481 475 1 487
481 465 19 487
737 740 1 487
737 733 7 487
737 737 13 487
737 726 14 487
737 726 17 487
737 732 18 487
737 739 19 487
94 94 16 488
94 104 20 488
219 232 2 488
219 224 16 488
219 226 20 488
475 465 18 488
740 733 6 488
740 737 12 488
740 726 13 488
740 726 16 488
740 732 17 488
740 739 18 488
665 650 7 489
665 679 19 489
232 248 4 490
232 243 9 490
232 224 14 490
232 226 18 490
232 234 19 490
392 394 9 490
716 733 3 491
716 726 10 491
716 714 12 491
716 726 13 491
716 732 14 491
14 30 9 492
14 30 10 492
14 9 11 492
14 6 12 492
14 14 19 492
14 30 19 492
19 37 2 492
19 30 9 492
19 30 10 492
19 9 11 492
19 6 12 492
19 35 12 492
19 14 19 492
19 30 19 492
19 34 19 492
31 37 2 492
31 30 9 492
31 30 10 492
31 35 12 492
31 14 19 492
31 30 19 492
31 34 19 492
69 60 1 492
69 73 1 492
69 60 8 492
69 64 8 492
69 58 10 492
69 69 10 492
69 69 11 492
69 59 14 492
69 69 14 492
69 58 18 492
69 65 18 492
69 65 20 492
189 169 18 492
521 540 5 492
521 537 6 492
521 501 16 492
60 60 7 493
60 64 7 493
60 58 9 493
60 69 9 493
60 69 10 493
60 59 13 493
60 69 13 493
60 58 17 493
60 65 17 493
60 65 19 493
73 60 7 493
73 64 7 493
73 58 9 493
73 69 9 493
73 69 10 493
73 59 13 493
73 69 13 493
73 58 17 493
73 65 17 493
73 65 19 493
324 329 4 493
324 326 5 493
324 335 9 493
324 337 12 493
324 311 17 493
620 601 2 493
620 638 6 493
620 607 9 493
37 30 7 494
37 30 8 494
37 35 10 494
37 30 17 494
37 34 17 494
248 243 5 494
248 234 15 494
248 263 19 494
733 737 6 494
733 726 7 494
733 714 9 494
733 726 10 494
733 732 11 494
733 739 12 494
733 742 16 494
356 344 1 495
356 337 10 495
356 349 20 495
601 607 7 495
601 591 20 495
344 329 1 496
344 326 2 496
344 335 6 496
344 337 9 496
344 349 19 496
650 638 3 496
165 145 9 497
165 150 10 497
165 169 13 497
165 153 14 497
165 172 16 497
329 326 1 497
329 335 5 497
329 337 8 497
329 311 13 497
540 537 1 497
540 555 16 497
326 335 4 498
326 337 7 498
326 311 12 498
537 555 15 498
243 224 5 499
243 226 9 499
243 234 10 499
60 58 2 500
60 69 2 500
60 69 3 500
60 59 6 500
60 69 6 500
60 58 10 500
60 65 10 500
60 65 12 500
60 68 17 500
60 70 18 500
60 69 19 500
64 58 2 500
64 69 2 500
64 69 3 500
64 59 6 500
64 69 6 500
64 58 10 500
64 65 10 500
64 65 12 500
64 68 17 500
64 70 18 500
64 69 19 500
737 726 1 500
737 726 4 500
737 732 5 500
737 739 6 500
737 742 10 500
30 30 1 501
30 35 3 501
30 14 10 501
30 30 10 501
30 34 10 501
30 28 16 501
30 35 16 501
30 14 18 501
30 15 18 501
30 33 18 501
726 714 2 501
726 726 3 501
726 732 4 501
726 739 5 501
726 742 9 501
30 35 2 502
30 14 9 502
30 30 9 502
30 34 9 502
30 28 15 502
30 35 15 502
30 14 17 502
30 15 17 502
30 33 17 502
58 69 1 502
58 59 4 502
58 69 4 502
58 58 8 502
58 65 8 502
58 65 10 502
58 68 15 502
58 70 16 502
58 69 17 502
69 69 1 502
69 59 4 502
69 69 4 502
69 58 8 502
69 65 8 502
69 65 10 502
69 68 15 502
69 70 16 502
69 69 17 502
335 337 3 502
335 349 13 502
607 591 13 502
607 598 14 502
607 608 16 502
607 617 20 502
9 6 1 503
9 14 8 503
9 6 14 503
9 28 14 503
9 14 16 503
9 15 16 503
69 59 3 503
69 69 3 503
69 58 7 503
69 65 7 503
69 65 9 503
69 68 14 503
69 70 15 503
69 69 16 503
714 726 1 503
714 732 2 503
714 698 18 503
6 14 7 504
6 6 13 504
6 14 15 504
6 15 15 504
35 30 7 504
35 34 7 504
35 28 13 504
35 35 13 504
35 15 15 504
35 33 15 504
94 104 4 504
94 97 7 504
224 226 4 504
224 234 5 504
224 234 16 504
224 238 17 504
726 732 1 504
726 739 2 504
726 742 6 504
337 349 10 505
337 335 20 505
732 739 1 505
732 742 5 505
59 58 4 506
59 65 4 506
59 65 6 506
59 68 11 506
59 70 12 506
59 69 13 506
69 58 4 506
69 65 4 506
69 65 6 506
69 68 11 506
69 70 12 506
69 69 13 506
145 150 1 506
145 153 5 506
145 161 13 506
465 464 3 506
465 472 10 506
465 470 14 506
465 482 15 506
739 742 4 506
150 169 3 507
150 153 4 507
150 161 12 507
767 764 4 507
767 765 5 507
104 97 3 508
226 234 1 508
226 234 12 508
226 238 13 508
226 242 19 508
501 482 13 508
501 485 20 508
679 690 12 508
679 698 13 508
234 234 11 509
234 238 12 509
234 242 18 509
464 472 7 509
464 470 11 509
464 482 12 509
58 65 2 510
58 68 7 510
58 70 8 510
58 69 9 510
65 65 2 510
65 68 7 510
65 70 8 510
65 69 9 510
169 153 1 510
169 172 3 510
169 161 9 510
311 301 12 510
311 328 16 510
311 305 17 510
311 302 19 510
742 726 20 510
14 6 6 511
14 28 6 511
14 14 8 511
14 15 8 511
14 33 8 511
14 33 19 511
30 28 6 511
30 35 6 511
30 14 8 511
30 15 8 511
30 33 8 511
30 33 19 511
34 28 6 511
34 35 6 511
34 14 8 511
34 15 8 511
34 33 8 511
34 33 19 511
153 172 2 511
153 161 8 511
764 765 1 511
764 766 20 511
65 68 5 512
65 70 6 512
65 69 7 512
65 84 20 512
765 766 19 512
172 161 6 513
263 280 1 513
263 267 11 513
263 246 17 513
555 565 1 513
555 571 4 513
555 573 6 513
555 567 13 513
280 267 10 514
565 571 3 514
565 573 5 514
565 567 12 514
349 335 10 515
349 335 15 515
591 598 1 515
591 571 2 515
591 608 3 515
591 573 4 515
591 601 10 515
591 608 12 515
591 601 13 515
472 470 4 516
472 482 5 516
472 485 12 516
598 608 2 516
598 617 6 516
598 601 9 516
598 608 11 516
598 601 12 516
6 14 2 517
6 15 2 517
6 14 15 517
6 6 16 517
6 7 16 517
6 24 18 517
28 14 2 517
28 15 2 517
28 33 2 517
28 33 13 517
28 14 15 517
28 29 15 517
28 34 15 517
28 27 16 517
28 34 16 517
28 24 18 517
28 31 18 517
35 15 2 517
35 33 2 517
35 33 13 517
35 29 15 517
35 34 15 517
35 27 16 517
35 34 16 517
35 52 17 517
35 24 18 517
35 31 18 517
68 70 1 517
68 69 2 517
68 84 15 517
68 69 16 517
68 52 17 517
68 86 18 517
571 573 2 517
571 567 9 517
70 69 1 518
70 84 14 518
70 69 15 518
70 52 16 518
70 86 17 518
70 65 20 518
608 617 4 518
608 601 7 518
608 608 9 518
608 601 10 518
14 33 11 519
14 14 13 519
14 29 13 519
14 6 14 519
14 7 14 519
14 27 14 519
14 24 16 519
14 31 16 519
15 33 11 519
15 14 13 519
15 29 13 519
15 34 13 519
15 6 14 519
15 7 14 519
15 27 14 519
15 34 14 519
15 24 16 519
15 31 16 519
33 33 11 519
33 14 13 519
33 29 13 519
33 34 13 519
33 27 14 519
33 34 14 519
33 52 15 519
33 24 16 519
33 31 16 519
69 84 13 519
69 69 14 519
69 52 15 519
69 86 16 519
69 65 19 519
69 65 20 519
573 567 7 519
234 238 1 520
234 242 7 520
234 246 10 520
470 482 1 520
470 485 8 520
470 461 17 520
690 698 1 520
690 705 14 520
238 242 6 521
238 246 9 521
482 485 7 521
698 710 8 521
698 705 13 521
301 305 5 522
301 302 7 522
617 601 3 522
617 608 5 522
617 601 6 522
395 413 12 523
395 407 15 523
395 405 17 523
395 406 19 523
395 406 20 523
642 644 1 523
642 642 10 523
644 642 9 524
335 328 1 525
335 335 5 525
601 608 2 525
601 601 3 525
328 335 4 526
242 246 3 527
305 302 2 527
608 601 1 527
485 502 8 528
710 726 1 529
710 726 3 529
710 705 5 529
33 14 2 530
33 29 2 530
33 34 2 530
33 27 3 530
33 34 3 530
33 52 4 530
33 24 5 530
33 31 5 530
246 245 19 530
726 726 2 530
726 740 6 530
726 741 7 530
726 742 8 530
726 740 10 530
726 740 11 530
726 741 12 530
726 741 15 530
726 736 18 530
766 767 4 531
766 766 8 531
766 757 13 531
766 766 15 531
766 764 16 531
14 6 1 532
14 7 1 532
14 27 1 532
14 24 3 532
14 31 3 532
29 27 1 532
29 34 1 532
29 24 3 532
29 31 3 532
34 27 1 532
34 34 1 532
34 52 2 532
34 24 3 532
34 31 3 532
84 69 1 532
84 86 3 532
84 65 6 532
84 65 7 532
84 70 8 532
84 68 9 532
84 71 10 532
84 68 11 532
84 64 12 532
84 70 13 532
84 73 14 532
84 66 15 532
203 216 20 532
726 740 4 532
726 741 5 532
726 742 6 532
726 740 8 532
726 740 9 532
726 741 10 532
726 741 13 532
726 736 16 532
6 24 2 533
7 24 2 533
27 24 2 533
27 31 2 533
34 52 1 533
34 24 2 533
34 31 2 533
69 52 1 533
69 86 2 533
69 65 5 533
69 65 6 533
69 59 7 533
69 70 7 533
69 68 8 533
69 71 9 533
69 68 10 533
69 64 11 533
69 70 12 533
69 73 13 533
69 66 14 533
642 656 16 533
642 641 18 533
642 641 19 533
52 65 4 534
52 65 5 534
52 59 6 534
52 70 6 534
52 68 7 534
52 71 8 534
52 68 9 534
52 64 10 534
52 70 11 534
52 66 13 534
705 685 9 534
86 70 5 535
86 68 6 535
86 71 7 535
86 68 8 535
86 70 10 535
86 73 11 535
86 66 12 535
413 407 3 535
413 405 5 535
413 406 7 535
413 406 8 535
413 396 9 535
413 406 10 535
413 406 12 535
413 395 16 535
767 766 4 535
767 757 9 535
767 766 11 535
767 764 12 535
767 766 18 535
740 741 1 536
740 742 2 536
740 740 4 536
740 740 5 536
740 741 6 536
740 757 8 536
740 741 9 536
740 736 12 536
741 742 1 537
741 740 3 537
741 740 4 537
741 741 5 537
741 757 7 537
741 741 8 537
741 736 11 537
741 733 20 537
65 65 1 538
65 59 2 538
65 70 2 538
65 68 3 538
65 71 4 538
65 68 5 538
65 64 6 538
65 70 7 538
65 73 8 538
65 66 9 538
407 405 2 538
407 406 4 538
407 406 5 538
407 396 6 538
407 406 7 538
407 406 9 538
407 395 13 538
742 740 2 538
742 740 3 538
742 741 4 538
742 757 6 538
742 741 7 538
742 736 10 538
742 733 19 538
742 753 20 538
65 59 1 539
65 70 1 539
65 68 2 539
65 71 3 539
65 68 4 539
65 64 5 539
65 70 6 539
65 73 7 539
65 66 8 539
766 757 5 539
766 766 7 539
766 764 8 539
766 766 14 539
766 753 19 539
59 68 1 540
59 71 2 540
59 68 3 540
59 64 4 540
59 70 5 540
59 73 6 540
59 66 7 540
59 60 20 540
59 69 20 540
70 68 1 540
70 71 2 540
70 68 3 540
70 64 4 540
70 70 5 540
70 73 6 540
70 66 7 540
70 60 20 540
70 69 20 540
405 406 2 540
405 406 3 540
405 396 4 540
405 406 5 540
405 406 7 540
405 395 11 540
740 740 1 540
740 741 2 540
740 757 4 540
740 741 5 540
740 736 8 540
740 733 17 540
740 753 18 540
740 730 19 540
68 71 1 541
68 68 2 541
68 64 3 541
68 70 4 541
68 73 5 541
68 66 6 541
68 60 19 541
68 69 19 541
740 741 1 541
740 757 3 541
740 741 4 541
740 736 7 541
740 733 16 541
740 753 17 541
740 730 18 541
740 758 20 541
71 68 1 542
71 64 2 542
71 70 3 542
71 73 4 542
71 66 5 542
71 60 18 542
71 69 18 542
406 406 1 542
406 396 2 542
406 406 3 542
406 406 5 542
406 395 9 542
741 757 2 542
741 741 3 542
741 736 6 542
741 733 15 542
741 753 16 542
741 730 17 542
741 758 19 542
68 64 1 543
68 70 2 543
68 73 3 543
68 66 4 543
68 60 17 543
68 69 17 543
406 396 1 543
406 406 2 543
406 406 4 543
406 395 8 543
685 700 17 543
685 693 20 543
64 70 1 544
64 73 2 544
64 66 3 544
64 60 16 544
64 69 16 544
396 406 1 544
396 406 3 544
396 395 7 544
757 741 1 544
757 766 2 544
757 764 3 544
757 766 9 544
757 753 14 544
757 758 17 544
757 767 18 544
70 73 1 545
70 66 2 545
70 60 15 545
70 69 15 545
406 406 2 545
406 395 6 545
741 736 3 545
741 733 12 545
741 753 13 545
741 730 14 545
741 758 16 545
73 66 1 546
73 60 14 546
73 69 14 546
766 764 1 546
766 766 7 546
766 753 12 546
766 758 15 546
766 767 16 546
66 60 13 547
66 69 13 547
406 395 4 547
764 766 6 547
764 753 11 547
764 758 14 547
764 767 15 547
736 733 9 548
736 753 10 548
736 730 11 548
736 719 16 548
736 726 19 548
736 737 20 548
245 251 2 549
245 249 4 549
245 258 4 549
245 248 7 549
245 259 7 549
245 258 11 549
656 641 2 549
656 641 3 549
656 641 5 549
656 654 7 549
656 675 16 549
302 314 4 550
302 320 5 550
302 305 8 550
302 286 13 550
615 601 5 550
251 266 1 551
251 249 2 551
251 258 2 551
251 248 5 551
251 259 5 551
251 258 9 551
395 396 18 551
641 641 1 551
641 641 3 551
641 654 5 551
216 215 3 552
266 249 1 552
266 258 1 552
266 248 4 552
266 259 4 552
266 258 8 552
266 248 20 552
641 641 2 552
641 654 4 552
249 248 3 553
249 259 3 553
249 258 7 553
249 248 19 553
258 248 3 553
258 259 3 553
258 258 7 553
258 248 19 553
766 753 5 553
766 758 8 553
766 767 9 553
766 767 18 553
766 753 20 553
314 320 1 554
314 305 4 554
641 654 2 554
320 305 3 555
320 334 4 555
248 258 4 556
248 248 16 556
259 258 4 556
259 248 16 556
733 730 2 557
733 719 7 557
733 726 10 557
733 737 11 557
733 714 13 557
733 723 15 557
733 723 17 557
733 726 19 557
305 286 5 558
753 758 3 558
753 767 4 558
753 737 10 558
753 767 13 558
753 753 15 558
753 766 17 558
334 337 20 559
730 719 5 559
730 726 8 559
730 737 9 559
730 714 11 559
730 723 13 559
730 723 15 559
730 726 17 559
0 9 1 560
2 9 1 560
3 9 1 560
28 9 1 560
28 30 9 560
28 33 9 560
60 76 12 560
69 76 12 560
258 248 12 560
258 251 18 560
258 255 18 560
258 250 19 560
700 693 3 560
700 719 4 560
700 707 6 560
700 714 10 560
700 697 17 560
94 76 11 561
758 767 1 561
758 767 10 561
758 753 12 561
758 766 14 561
767 767 9 562
767 753 11 562
767 766 13 562
286 269 18 563
693 675 2 563
693 707 3 563
693 697 14 563
719 707 2 564
719 726 3 564
719 737 4 564
719 714 6 564
719 723 8 564
719 723 10 564
719 726 12 564
489 492 7 565
489 487 8 565
489 469 9 565
489 491 11 565
457 469 8 566
707 726 1 566
707 714 4 566
707 723 6 566
707 723 8 566
707 726 10 566
707 697 11 566
726 737 1 567
726 714 3 567
726 723 5 567
726 723 7 567
726 726 9 567
726 732 18 567
737 723 4 568
737 753 5 568
737 723 6 568
737 726 8 568
737 732 17 568
737 751 19 568
737 733 20 568
30 26 20 569
30 32 20 569
33 26 20 569
33 32 20 569
714 723 2 570
714 723 4 570
714 726 6 570
714 697 7 570
714 732 15 570
714 733 18 570
767 753 2 571
767 766 4 571
767 751 16 571
767 757 18 571
76 59 16 572
76 84 17 572
248 251 6 572
248 255 6 572
248 250 7 572
248 250 9 572
248 250 11 572
248 257 11 572
248 249 12 572
248 256 12 572
248 249 16 572
248 256 16 572
492 487 1 572
492 491 4 572
723 723 2 572
723 726 4 572
723 732 13 572
723 733 16 572
487 469 1 573
487 491 3 573
487 499 20 573
753 766 2 573
753 751 14 573
753 733 15 573
753 757 16 573
753 767 19 573
723 726 2 574
723 732 11 574
723 733 14 574
766 751 12 575
766 757 14 575
766 767 17 575
491 499 17 576
491 491 18 576
726 732 9 576
726 733 12 576
726 708 20 576
697 702 14 577
697 704 18 577
697 708 19 577
251 250 1 578
251 250 3 578
251 269 3 578
251 250 5 578
251 257 5 578
251 249 6 578
251 256 6 578
251 249 10 578
251 256 10 578
251 270 12 578
255 250 1 578
255 250 3 578
255 269 3 578
255 250 5 578
255 257 5 578
255 249 6 578
255 256 6 578
255 249 10 578
255 256 10 578
255 270 12 578
548 534 4 578
250 250 2 579
250 269 2 579
250 250 4 579
250 257 4 579
250 249 5 579
250 256 5 579
250 249 9 579
250 256 9 579
337 326 1 579
337 333 3 579
649 642 1 579
649 641 2 579
649 647 4 579
649 652 5 579
326 333 2 580
642 641 1 580
642 647 3 580
642 652 4 580
250 250 2 581
250 257 2 581
250 249 3 581
250 256 3 581
250 249 7 581
250 256 7 581
269 250 2 581
269 257 2 581
269 249 3 581
269 256 3 581
269 249 7 581
269 256 7 581
269 270 9 581
641 647 2 581
641 652 3 581
534 521 8 582
534 521 11 582
534 520 12 582
534 551 19 582
250 249 1 583
250 256 1 583
250 249 5 583
250 256 5 583
257 249 1 583
257 256 1 583
257 249 5 583
257 256 5 583
257 270 7 583
647 652 1 583
249 249 4 584
249 256 4 584
256 249 4 584
256 256 4 584
256 270 6 584
732 751 2 585
732 733 3 585
732 716 14 585
732 718 17 585
732 726 20 585
751 733 1 587
751 757 2 587
751 767 5 587
751 763 10 587
751 764 13 587
751 763 17 587
59 69 13 588
249 254 18 588
249 255 18 588
249 250 19 588
249 264 19 588
256 270 2 588
256 254 18 588
256 255 18 588
256 250 19 588
256 264 19 588
733 716 11 588
733 718 14 588
733 726 17 588
84 103 1 589
84 69 12 589
757 767 3 589
757 763 8 589
757 764 11 589
757 763 15 589
270 254 16 590
270 255 16 590
270 250 17 590
270 264 17 590
270 270 20 590
521 521 3 590
521 520 4 590
521 534 20 590
702 704 4 591
702 708 5 591
702 708 7 591
702 716 8 591
702 718 11 591
767 763 5 592
767 764 8 592
767 763 12 592
499 491 1 593
499 491 7 593
499 491 11 593
521 520 1 593
521 534 17 593
491 491 6 594
491 491 10 594
520 534 16 594
704 708 1 595
704 708 3 595
704 716 4 595
704 718 7 595
708 708 2 596
708 716 3 596
708 718 6 596
708 726 9 596
708 716 20 596
393 394 4 597
763 764 3 597
763 763 7 597
763 753 18 597
708 716 1 598
708 718 4 598
708 726 7 598
708 716 18 598
708 703 19 598
716 718 3 599
716 726 6 599
716 716 17 599
716 703 18 599
491 491 4 600
764 763 4 600
764 753 15 600
764 762 18 600
69 52 16 601
69 63 16 601
551 534 9 601
718 726 3 602
718 716 14 602
718 703 15 602
718 718 19 602
491 489 18 604
763 753 11 604
763 762 14 604
726 716 11 605
726 718 16 605
726 718 18 605
726 717 20 605
254 250 1 606
254 264 1 606
254 247 4 606
254 270 4 606
254 249 6 606
254 242 7 606
254 261 7 606
254 248 11 606
254 257 11 606
255 250 1 606
255 264 1 606
255 247 4 606
255 270 4 606
255 249 6 606
255 242 7 606
255 261 7 606
255 248 11 606
255 257 11 606
654 655 1 606
654 641 2 606
654 642 3 606
654 641 5 606
654 650 6 606
654 654 7 606
654 665 16 606
250 247 3 607
250 249 5 607
250 242 6 607
250 261 6 607
250 248 10 607
250 257 10 607
264 247 3 607
264 270 3 607
264 249 5 607
264 261 6 607
264 248 10 607
264 257 10 607
655 641 1 607
655 642 2 607
655 641 4 607
655 650 5 607
655 654 6 607
655 665 15 607
641 642 1 608
641 641 3 608
641 650 4 608
641 654 5 608
224 242 4 609
642 641 2 609
642 650 3 609
642 654 4 609
247 249 2 610
247 242 3 610
247 261 3 610
247 248 7 610
247 257 7 610
270 261 3 610
270 257 7 610
322 336 1 611
322 337 5 611
641 650 1 611
641 654 2 611
249 242 1 612
249 261 1 612
249 248 5 612
249 257 5 612
336 337 4 612
650 654 1 612
650 665 10 612
242 248 4 613
242 257 4 613
261 248 4 613
261 257 4 613
654 665 9 613
753 762 3 615
753 762 13 615
753 734 14 615
753 753 15 615
337 340 19 616
716 703 1 616
716 718 5 616
716 718 7 616
716 717 9 616
716 720 11 616
716 734 13 616
716 723 15 616
0 6 1 617
0 7 1 617
2 6 1 617
2 7 1 617
6 6 1 617
6 7 1 617
13 6 1 617
13 7 1 617
24 6 1 617
24 7 1 617
248 238 18 617
248 250 19 617
248 257 19 617
257 238 18 617
257 250 19 617
257 257 19 617
703 692 3 617
703 718 4 617
703 718 6 617
703 717 8 617
703 720 10 617
762 762 10 618
762 753 12 618
718 718 2 621
718 717 4 621
718 720 6 621
718 734 8 621
718 723 10 621
665 647 16 622
665 653 19 622
718 717 2 623
718 720 4 623
718 734 6 623
718 723 8 623
718 734 19 623
717 720 2 625
717 734 4 625
717 723 6 625
717 734 17 625
720 734 2 627
720 723 4 627
720 734 15 627
720 733 19 627
762 753 2 628
762 753 16 628
762 754 17 628
762 762 19 628
734 753 1 629
734 723 2 629
734 734 13 629
734 753 15 629
734 733 17 629
465 468 1 630
465 457 7 630
753 734 12 630
753 753 14 630
753 754 15 630
753 733 16 630
753 762 17 630
753 741 20 630
468 457 6 631
723 734 11 631
723 733 15 631
723 705 17 631
723 741 19 631
238 250 1 635
238 257 1 635
238 220 2 635
238 247 3 635
238 249 5 635
238 250 6 635
238 249 10 635
238 256 10 635
340 323 4 635
544 526 17 635
250 247 2 636
250 267 2 636
250 249 4 636
250 258 4 636
250 250 5 636
250 249 9 636
250 256 9 636
257 247 2 636
257 267 2 636
257 249 4 636
257 258 4 636
257 250 5 636
257 249 9 636
257 256 9 636
642 641 1 636
642 647 2 636
642 641 3 636
642 636 4 636
642 653 5 636
457 444 10 637
641 647 1 637
641 641 2 637
641 636 3 637
641 653 4 637
247 249 2 638
247 258 2 638
247 250 3 638
247 249 7 638
247 256 7 638
267 249 2 638
267 258 2 638
267 250 3 638
267 249 7 638
267 256 7 638
647 641 1 638
647 636 2 638
647 653 3 638
323 316 2 639
641 636 1 639
641 653 2 639
249 250 1 640
249 249 5 640
249 256 5 640
258 250 1 640
258 249 5 640
258 256 5 640
636 653 1 640
250 249 4 641
250 256 4 641
734 753 2 642
734 733 4 642
734 741 8 642
753 754 1 644
753 733 2 644
753 762 3 644
753 741 6 644
753 757 7 644
59 69 1 645
754 762 2 645
754 741 5 645
754 757 6 645
733 741 4 646
762 757 4 647
521 504 1 649
521 526 3 649
504 491 1 650
741 757 1 650
