701 738 10 1
701 700 16 1
313 295 16 2
313 295 29 2
431 425 13 3
743 700 14 3
743 751 29 3
321 295 14 4
321 295 27 4
321 351 29 4
746 700 13 4
746 751 28 4
188 154 15 5
297 295 13 5
297 295 26 5
297 351 28 5
297 289 29 5
756 700 12 5
756 751 27 5
295 295 12 6
295 295 25 6
295 351 27 6
295 289 28 6
625 630 10 6
625 586 14 6
625 666 27 6
739 700 10 7
739 751 25 7
739 695 27 7
414 456 29 8
626 586 12 8
626 666 25 8
413 456 28 9
413 455 29 9
631 586 11 9
631 666 24 9
413 456 27 10
413 455 28 10
413 406 29 10
624 586 10 10
624 666 23 10
414 456 26 11
414 455 27 11
414 406 28 11
738 751 21 11
738 695 23 11
738 761 28 11
30 14 21 12
30 26 21 12
30 36 21 12
30 72 27 12
459 456 25 12
459 513 25 12
459 455 26 12
459 406 27 12
764 751 20 12
764 761 27 12
518 513 23 14
518 519 24 14
518 544 26 14
518 524 28 14
518 474 29 14
518 574 29 14
518 513 22 15
518 519 23 15
518 544 25 15
518 524 27 15
518 474 28 15
518 574 28 15
518 474 29 15
71 14 17 16
71 26 17 16
71 36 17 16
71 96 17 16
71 72 23 16
71 93 26 16
71 98 27 16
71 93 28 16
425 456 21 16
425 455 22 16
425 406 23 16
425 424 26 16
425 474 27 16
425 474 28 16
630 666 17 16
630 574 27 16
630 595 28 16
630 594 29 16
700 751 15 17
700 666 16 17
700 695 17 17
71 14 15 18
71 26 15 18
71 36 15 18
71 96 15 18
71 72 21 18
71 93 24 18
71 98 25 18
71 93 26 18
71 108 28 18
295 295 13 18
295 351 15 18
295 289 16 18
518 513 19 18
518 519 20 18
518 544 22 18
518 524 24 18
518 474 25 18
518 574 25 18
518 474 26 18
518 544 28 18
154 96 13 20
154 191 21 20
154 191 22 20
154 98 23 20
154 108 26 20
586 544 20 20
586 574 23 20
586 595 24 20
586 594 25 20
586 544 26 20
586 568 28 20
295 343 21 31
295 289 22 31
751 759 17 32
751 749 19 32
751 696 20 32
751 741 21 32
751 767 25 32
751 713 28 32
14 70 19 33
14 30 21 33
14 31 21 33
14 71 21 33
26 70 19 33
26 30 21 33
26 31 21 33
26 71 21 33
36 93 11 33
36 70 19 33
36 30 21 33
36 31 21 33
36 71 21 33
96 98 10 33
96 93 11 33
96 108 13 33
96 70 19 33
96 71 21 33
351 374 14 33
351 390 17 33
351 343 19 33
351 359 21 33
666 655 14 33
666 662 17 33
666 696 19 33
666 680 26 33
666 713 27 33
289 343 18 34
289 289 19 34
695 655 13 34
695 662 16 34
695 749 17 34
695 696 18 34
695 741 19 34
695 680 25 34
695 713 26 34
456 473 11 37
456 451 19 37
456 429 26 37
513 473 11 37
513 568 11 37
513 522 17 37
513 517 18 37
513 522 19 37
513 564 29 37
455 473 10 38
455 451 18 38
455 429 25 38
519 473 10 38
519 568 10 38
519 522 16 38
519 517 17 38
519 522 18 38
519 564 28 38
72 70 13 39
72 30 15 39
72 31 15 39
72 71 15 39
72 15 24 39
72 14 25 39
72 23 25 39
72 31 25 39
72 30 26 39
72 31 26 39
72 30 27 39
72 40 27 39
72 63 27 39
72 14 29 39
72 15 29 39
72 37 29 39
72 93 29 39
406 390 11 39
406 359 15 39
406 451 17 39
406 429 24 39
406 377 27 39
761 759 10 39
761 749 12 39
761 741 14 39
761 767 18 39
761 713 21 39
761 751 25 39
761 748 26 39
544 522 14 40
544 517 15 40
544 522 16 40
544 564 26 40
191 222 22 41
191 145 25 41
93 70 10 42
93 71 12 42
93 40 24 42
93 63 24 42
93 145 24 42
93 37 26 42
93 93 26 42
191 222 21 42
191 145 24 42
424 451 14 42
424 429 21 42
424 377 24 42
524 522 12 42
524 517 13 42
524 522 14 42
524 564 24 42
98 71 11 43
98 40 23 43
98 63 23 43
98 145 23 43
98 93 25 43
474 522 11 43
474 517 12 43
474 451 13 43
474 522 13 43
474 429 20 43
474 483 29 43
574 522 11 43
574 517 12 43
574 522 13 43
574 564 23 43
574 633 29 43
93 71 10 44
93 40 22 44
93 63 22 44
93 145 22 44
93 37 24 44
93 93 24 44
474 522 10 44
474 517 11 44
474 451 12 44
474 522 12 44
474 429 19 44
474 483 28 44
595 564 22 44
595 633 28 44
595 599 29 44
594 564 21 45
594 633 27 45
594 599 28 45
108 63 20 46
108 145 20 46
108 93 22 46
108 153 29 46
544 522 10 46
544 564 20 46
544 599 27 46
374 429 16 47
374 377 19 47
374 345 24 47
374 345 26 47
655 680 12 47
655 713 13 47
655 693 20 47
655 668 21 47
655 694 24 47
655 633 25 47
655 599 26 47
655 703 27 47
655 712 28 47
655 623 29 47
473 429 15 48
473 483 24 48
568 564 18 48
568 599 25 48
568 623 28 48
759 713 11 49
759 751 15 49
759 748 16 49
759 703 25 49
759 712 26 49
759 713 28 49
390 429 13 50
390 377 16 50
390 345 21 50
390 345 23 50
662 713 10 50
662 693 17 50
662 668 18 50
662 694 21 50
662 633 22 50
662 703 24 50
662 712 25 50
662 623 26 50
662 713 27 50
662 673 28 50
662 654 29 50
749 751 13 51
749 748 14 51
749 693 16 51
749 694 20 51
749 703 23 51
749 712 24 51
749 713 26 51
70 15 11 52
70 14 12 52
70 23 12 52
70 31 12 52
70 30 13 52
70 31 13 52
70 30 14 52
70 40 14 52
70 63 14 52
70 14 16 52
70 15 16 52
70 37 16 52
70 93 16 52
70 14 22 52
70 18 22 52
70 36 22 52
70 13 23 52
70 21 24 52
70 17 27 52
70 50 27 52
70 67 27 52
343 377 14 52
343 345 19 52
343 345 21 52
696 751 12 52
696 748 13 52
696 693 15 52
696 668 16 52
696 694 19 52
696 703 22 52
696 712 23 52
696 713 25 52
696 673 26 52
696 654 27 52
696 666 28 52
289 345 18 53
289 345 20 53
289 304 29 53
741 751 11 53
741 748 12 53
741 693 14 53
741 694 18 53
741 703 21 53
741 712 22 53
741 713 24 53
741 767 28 53
30 14 10 54
30 23 10 54
30 31 10 54
30 30 11 54
30 31 11 54
30 0 12 54
30 2 12 54
30 30 12 54
30 40 12 54
30 63 12 54
30 14 14 54
30 15 14 54
30 37 14 54
30 2 20 54
30 4 20 54
30 14 20 54
30 18 20 54
30 36 20 54
30 0 21 54
30 1 21 54
30 3 21 54
30 13 21 54
30 5 22 54
30 21 22 54
30 0 25 54
30 4 25 54
30 9 25 54
30 17 25 54
30 50 25 54
30 67 25 54
30 2 26 54
30 6 26 54
30 7 26 54
30 2 28 54
30 5 28 54
30 12 28 54
31 14 10 54
31 23 10 54
31 31 10 54
31 30 11 54
31 31 11 54
31 0 12 54
31 2 12 54
31 30 12 54
31 40 12 54
31 63 12 54
31 14 14 54
31 15 14 54
31 37 14 54
31 2 20 54
31 4 20 54
31 14 20 54
31 18 20 54
31 36 20 54
31 0 21 54
31 1 21 54
31 3 21 54
31 13 21 54
31 5 22 54
31 21 22 54
31 0 25 54
31 4 25 54
31 9 25 54
31 17 25 54
31 50 25 54
31 67 25 54
31 2 26 54
31 6 26 54
31 7 26 54
31 2 28 54
31 5 28 54
31 12 28 54
71 14 10 54
71 23 10 54
71 31 10 54
71 30 11 54
71 31 11 54
71 30 12 54
71 40 12 54
71 63 12 54
71 14 14 54
71 15 14 54
71 37 14 54
71 93 14 54
71 14 20 54
71 18 20 54
71 36 20 54
71 13 21 54
71 21 22 54
71 17 25 54
71 50 25 54
71 67 25 54
71 12 28 54
71 106 28 54
359 377 12 54
359 345 17 54
359 345 19 54
359 304 28 54
359 343 29 54
522 564 12 54
522 483 18 54
522 573 28 54
517 564 11 55
517 483 17 55
517 573 27 55
451 483 16 56
522 564 10 56
522 483 16 56
522 573 26 56
767 712 18 57
767 713 20 57
767 767 24 57
767 758 26 57
767 752 28 57
680 694 12 59
680 633 13 59
680 703 15 59
680 712 16 59
680 623 17 59
680 713 18 59
680 673 19 59
680 654 20 59
680 666 21 59
680 645 25 59
680 713 29 59
713 694 11 60
713 703 14 60
713 712 15 60
713 713 17 60
713 673 18 60
713 654 19 60
713 666 20 60
713 767 21 60
713 758 23 60
713 752 25 60
713 713 28 60
15 2 11 63
15 4 11 63
15 14 11 63
15 18 11 63
15 36 11 63
15 0 12 63
15 1 12 63
15 3 12 63
15 13 12 63
15 5 13 63
15 21 13 63
15 0 16 63
15 4 16 63
15 9 16 63
15 17 16 63
15 50 16 63
15 67 16 63
15 2 17 63
15 6 17 63
15 7 17 63
15 2 19 63
15 5 19 63
15 12 19 63
15 21 23 63
222 223 29 63
429 389 25 63
429 389 26 63
14 2 10 64
14 4 10 64
14 14 10 64
14 18 10 64
14 36 10 64
14 0 11 64
14 1 11 64
14 3 11 64
14 13 11 64
14 5 12 64
14 21 12 64
14 0 15 64
14 4 15 64
14 9 15 64
14 17 15 64
14 50 15 64
14 67 15 64
14 2 16 64
14 6 16 64
14 7 16 64
14 2 18 64
14 5 18 64
14 12 18 64
14 21 22 64
14 18 29 64
23 2 10 64
23 4 10 64
23 14 10 64
23 18 10 64
23 36 10 64
23 0 11 64
23 1 11 64
23 3 11 64
23 13 11 64
23 5 12 64
23 21 12 64
23 0 15 64
23 4 15 64
23 9 15 64
23 17 15 64
23 50 15 64
23 67 15 64
23 2 16 64
23 6 16 64
23 7 16 64
23 2 18 64
23 5 18 64
23 12 18 64
23 21 22 64
23 18 29 64
31 2 10 64
31 4 10 64
31 14 10 64
31 18 10 64
31 36 10 64
31 0 11 64
31 1 11 64
31 3 11 64
31 13 11 64
31 5 12 64
31 21 12 64
31 0 15 64
31 4 15 64
31 9 15 64
31 17 15 64
31 50 15 64
31 67 15 64
31 2 16 64
31 6 16 64
31 7 16 64
31 2 18 64
31 5 18 64
31 12 18 64
31 21 22 64
31 18 29 64
751 703 10 64
751 712 11 64
751 713 13 64
751 767 17 64
751 758 19 64
751 752 21 64
751 713 24 64
30 0 10 65
30 1 10 65
30 3 10 65
30 13 10 65
30 5 11 65
30 21 11 65
30 0 14 65
30 4 14 65
30 9 14 65
30 17 14 65
30 50 14 65
30 67 14 65
30 2 15 65
30 6 15 65
30 7 15 65
30 2 17 65
30 5 17 65
30 12 17 65
30 21 21 65
30 18 28 65
31 0 10 65
31 1 10 65
31 3 10 65
31 13 10 65
31 5 11 65
31 21 11 65
31 0 14 65
31 4 14 65
31 9 14 65
31 17 14 65
31 50 14 65
31 67 14 65
31 2 15 65
31 6 15 65
31 7 15 65
31 2 17 65
31 5 17 65
31 12 17 65
31 21 21 65
31 18 28 65
748 712 10 65
748 713 12 65
748 767 16 65
748 758 18 65
748 752 20 65
748 713 23 65
748 694 29 65
0 5 10 66
0 21 10 66
0 0 13 66
0 4 13 66
0 9 13 66
0 17 13 66
0 50 13 66
0 2 14 66
0 6 14 66
0 7 14 66
0 2 16 66
0 5 16 66
0 12 16 66
0 21 20 66
0 18 27 66
2 5 10 66
2 21 10 66
2 0 13 66
2 4 13 66
2 9 13 66
2 17 13 66
2 50 13 66
2 2 14 66
2 6 14 66
2 7 14 66
2 2 16 66
2 5 16 66
2 12 16 66
2 21 20 66
2 18 27 66
30 5 10 66
30 21 10 66
30 0 13 66
30 4 13 66
30 9 13 66
30 17 13 66
30 50 13 66
30 67 13 66
30 2 14 66
30 6 14 66
30 7 14 66
30 2 16 66
30 5 16 66
30 12 16 66
30 21 20 66
30 18 27 66
40 5 10 66
40 21 10 66
40 0 13 66
40 4 13 66
40 9 13 66
40 17 13 66
40 50 13 66
40 67 13 66
40 2 14 66
40 6 14 66
40 7 14 66
40 2 16 66
40 5 16 66
40 12 16 66
40 21 20 66
40 18 27 66
63 5 10 66
63 21 10 66
63 4 13 66
63 9 13 66
63 17 13 66
63 50 13 66
63 67 13 66
63 6 14 66
63 7 14 66
63 5 16 66
63 12 16 66
63 106 16 66
63 21 20 66
63 107 20 66
63 18 27 66
63 101 27 66
145 106 16 66
145 107 20 66
145 101 27 66
377 343 17 66
377 343 18 66
377 389 22 66
377 389 23 66
377 328 26 66
377 329 27 66
564 623 10 66
564 573 16 66
564 608 20 66
564 518 21 66
564 606 23 66
564 591 25 66
564 525 26 66
564 521 27 66
693 713 10 67
693 673 11 67
693 654 12 67
693 666 13 67
693 645 17 67
693 752 18 67
693 713 21 67
693 694 27 67
693 710 28 67
14 0 11 68
14 4 11 68
14 9 11 68
14 17 11 68
14 50 11 68
14 67 11 68
14 2 12 68
14 6 12 68
14 7 12 68
14 2 14 68
14 5 14 68
14 12 14 68
14 21 18 68
14 18 25 68
15 0 11 68
15 4 11 68
15 9 11 68
15 17 11 68
15 50 11 68
15 67 11 68
15 2 12 68
15 6 12 68
15 7 12 68
15 2 14 68
15 5 14 68
15 12 14 68
15 21 18 68
15 18 25 68
37 0 11 68
37 4 11 68
37 9 11 68
37 17 11 68
37 50 11 68
37 67 11 68
37 2 12 68
37 6 12 68
37 7 12 68
37 2 14 68
37 5 14 68
37 12 14 68
37 21 18 68
37 18 25 68
93 50 11 68
93 67 11 68
93 106 14 68
93 107 18 68
93 101 25 68
668 673 10 68
668 654 11 68
668 666 12 68
668 645 16 68
668 608 18 68
668 713 20 68
668 694 26 68
668 710 27 68
345 304 11 71
345 343 12 71
345 343 13 71
345 389 17 71
345 389 18 71
345 328 21 71
345 329 22 71
345 295 23 71
345 316 24 71
345 363 25 71
694 645 13 71
694 752 14 71
694 713 17 71
694 694 23 71
694 710 24 71
483 518 15 72
483 525 20 72
483 521 21 72
483 528 24 72
633 573 10 72
633 645 12 72
633 608 14 72
633 606 17 72
633 591 19 72
345 343 10 73
345 343 11 73
345 389 15 73
345 389 16 73
345 328 19 73
345 329 20 73
345 295 21 73
345 316 22 73
345 363 23 73
599 645 11 73
599 608 13 73
599 606 16 73
599 591 18 73
2 21 12 74
2 18 19 74
4 21 12 74
4 18 19 74
14 21 12 74
14 18 19 74
18 21 12 74
18 18 19 74
36 21 12 74
36 18 19 74
703 645 10 74
703 752 11 74
703 713 14 74
703 694 20 74
703 710 21 74
0 21 11 75
0 18 18 75
1 21 11 75
1 18 18 75
3 21 11 75
3 18 18 75
13 21 11 75
13 18 18 75
153 107 11 75
153 101 18 75
153 154 21 75
712 752 10 75
712 713 13 75
712 694 19 75
712 710 20 75
5 21 10 76
5 18 17 76
21 21 10 76
21 18 17 76
623 608 10 76
623 606 13 76
623 591 15 76
713 713 11 77
713 694 17 77
713 710 18 77
673 713 10 78
673 694 16 78
673 710 17 78
0 18 14 79
4 18 14 79
9 18 14 79
17 18 14 79
50 18 14 79
50 101 14 79
67 18 14 79
67 101 14 79
654 606 10 79
654 694 15 79
654 710 16 79
2 18 13 80
6 18 13 80
7 18 13 80
666 694 14 80
666 710 15 80
767 710 14 81
2 18 11 82
5 18 11 82
12 18 11 82
106 101 11 82
106 154 14 82
304 328 10 82
304 329 11 82
304 295 12 82
304 316 13 82
304 363 14 82
573 525 10 82
573 521 11 82
573 528 14 82
343 329 10 83
343 295 11 83
343 316 12 83
343 363 13 83
758 710 12 83
343 295 10 84
343 316 11 84
343 363 12 84
645 694 10 84
752 710 10 85
107 154 10 86
