661 612 2 0
661 645 5 0
661 684 14 0
661 621 15 0
661 622 16 0
520 566 5 1
520 551 6 1
520 528 7 1
520 514 8 1
520 490 9 1
520 524 9 1
520 492 10 1
520 504 11 1
520 515 11 1
520 483 12 1
520 527 18 1
520 569 19 1
520 511 20 1
284 292 1 2
284 266 2 2
284 283 3 2
284 265 7 2
284 274 16 2
284 237 17 2
284 255 17 2
284 327 19 2
612 596 2 2
612 645 3 2
612 566 4 2
612 621 13 2
612 622 14 2
612 607 16 2
612 569 18 2
292 266 1 3
292 283 2 3
292 337 3 3
292 265 6 3
292 274 15 3
292 255 16 3
292 327 18 3
292 267 20 3
795 815 10 3
98 57 1 4
98 66 1 4
98 97 4 4
98 55 5 4
98 65 6 4
98 95 8 4
98 121 9 4
98 86 10 4
98 90 11 4
98 56 15 4
98 63 15 4
98 131 18 4
98 65 19 4
98 48 20 4
266 283 1 4
266 265 5 4
266 232 14 4
266 274 14 4
266 237 15 4
266 255 15 4
266 267 19 4
596 645 1 4
596 566 2 4
596 551 3 4
596 621 11 4
596 622 12 4
596 607 14 4
596 569 16 4
596 588 19 4
596 620 20 4
1023 1008 7 4
57 97 3 5
57 55 4 5
57 18 5 5
57 33 5 5
57 65 5 5
57 43 6 5
57 18 7 5
57 95 7 5
57 36 8 5
57 47 9 5
57 86 9 5
57 90 10 5
57 10 12 5
57 17 12 5
57 32 12 5
57 9 13 5
57 56 14 5
57 63 14 5
57 8 17 5
57 9 18 5
57 15 18 5
57 65 18 5
57 15 19 5
57 48 19 5
57 11 20 5
57 61 20 5
57 90 20 5
66 97 3 5
66 55 4 5
66 18 5 5
66 33 5 5
66 65 5 5
66 43 6 5
66 18 7 5
66 95 7 5
66 36 8 5
66 47 9 5
66 86 9 5
66 90 10 5
66 17 12 5
66 32 12 5
66 56 14 5
66 63 14 5
66 65 18 5
66 48 19 5
66 61 20 5
66 90 20 5
194 165 2 5
194 193 4 5
194 208 5 5
194 189 7 5
194 194 8 5
194 192 9 5
194 232 13 5
194 237 14 5
194 197 18 5
194 202 20 5
283 265 4 5
283 274 13 5
283 237 14 5
283 255 14 5
283 327 16 5
283 267 18 5
283 306 20 5
645 684 9 5
645 621 10 5
645 622 11 5
645 607 13 5
645 620 19 5
337 327 15 6
337 306 19 6
566 551 1 6
566 528 2 6
566 524 4 6
566 607 12 6
566 527 13 6
566 569 14 6
566 534 16 6
566 588 17 6
165 193 2 7
165 208 3 7
165 189 5 7
165 121 6 7
165 194 6 7
165 192 7 7
165 131 15 7
165 197 16 7
165 202 18 7
551 528 1 7
551 514 2 7
551 524 3 7
551 504 5 7
551 515 5 7
551 527 12 7
551 569 13 7
551 511 14 7
551 534 15 7
551 588 16 7
97 55 1 8
97 65 2 8
97 95 4 8
97 121 5 8
97 47 6 8
97 86 6 8
97 90 7 8
97 56 11 8
97 63 11 8
97 131 14 8
97 65 15 8
97 48 16 8
97 61 17 8
97 90 17 8
97 50 18 8
97 76 18 8
97 69 19 8
97 91 20 8
528 514 1 8
528 490 2 8
528 524 2 8
528 492 3 8
528 504 4 8
528 515 4 8
528 483 5 8
528 527 11 8
528 569 12 8
528 511 13 8
528 534 14 8
528 478 18 8
528 483 19 8
55 18 1 9
55 33 1 9
55 65 1 9
55 43 2 9
55 18 3 9
55 95 3 9
55 36 4 9
55 47 5 9
55 86 5 9
55 90 6 9
55 10 8 9
55 17 8 9
55 32 8 9
55 9 9 9
55 56 10 9
55 63 10 9
55 8 13 9
55 9 14 9
55 15 14 9
55 65 14 9
55 15 15 9
55 48 15 9
55 11 16 9
55 61 16 9
55 90 16 9
55 50 17 9
55 76 17 9
55 31 18 9
55 69 18 9
55 91 19 9
193 208 1 9
193 189 3 9
193 194 4 9
193 192 5 9
193 232 9 9
193 237 10 9
193 197 14 9
193 202 16 9
193 168 20 9
265 232 9 9
265 274 9 9
265 237 10 9
265 255 10 9
265 267 14 9
265 306 16 9
514 490 1 9
514 524 1 9
514 492 2 9
514 504 3 9
514 515 3 9
514 483 4 9
514 467 7 9
514 527 10 9
514 511 12 9
514 534 13 9
514 478 17 9
514 483 18 9
18 43 1 10
18 18 2 10
18 36 3 10
18 47 4 10
18 0 7 10
18 2 7 10
18 10 7 10
18 17 7 10
18 32 7 10
18 9 8 10
18 56 9 10
18 63 9 10
18 8 12 10
18 9 13 10
18 15 13 10
18 65 13 10
18 15 14 10
18 48 14 10
18 11 15 10
18 61 15 10
18 50 16 10
18 31 17 10
33 43 1 10
33 18 2 10
33 36 3 10
33 47 4 10
33 0 7 10
33 2 7 10
33 10 7 10
33 17 7 10
33 32 7 10
33 9 8 10
33 56 9 10
33 63 9 10
33 8 12 10
33 9 13 10
33 15 13 10
33 65 13 10
33 15 14 10
33 48 14 10
33 11 15 10
33 61 15 10
33 50 16 10
33 76 16 10
33 31 17 10
33 69 17 10
65 43 1 10
65 18 2 10
65 95 2 10
65 36 3 10
65 47 4 10
65 86 4 10
65 90 5 10
65 17 7 10
65 32 7 10
65 56 9 10
65 63 9 10
65 15 13 10
65 65 13 10
65 15 14 10
65 48 14 10
65 61 15 10
65 90 15 10
65 50 16 10
65 76 16 10
65 31 17 10
65 69 17 10
65 91 18 10
208 189 2 10
208 194 3 10
208 192 4 10
208 232 8 10
208 237 9 10
208 255 9 10
208 197 13 10
208 202 15 10
208 168 19 10
490 492 1 10
490 504 2 10
490 515 2 10
490 483 3 10
490 447 5 10
490 467 6 10
490 527 9 10
490 511 11 10
490 534 12 10
490 478 16 10
490 483 17 10
490 506 20 10
524 492 1 10
524 504 2 10
524 515 2 10
524 483 3 10
524 527 9 10
524 569 10 10
524 511 11 10
524 534 12 10
524 478 16 10
524 483 17 10
524 506 20 10
43 18 1 11
43 36 2 11
43 47 3 11
43 86 3 11
43 90 4 11
43 0 6 11
43 2 6 11
43 10 6 11
43 17 6 11
43 32 6 11
43 9 7 11
43 56 8 11
43 63 8 11
43 8 11 11
43 9 12 11
43 15 12 11
43 65 12 11
43 15 13 11
43 48 13 11
43 11 14 11
43 61 14 11
43 90 14 11
43 50 15 11
43 76 15 11
43 31 16 11
43 69 16 11
43 91 17 11
492 504 1 11
492 515 1 11
492 483 2 11
492 447 4 11
492 467 5 11
492 527 8 11
492 511 10 11
492 534 11 11
492 478 15 11
492 483 16 11
492 506 19 11
18 36 1 12
18 47 2 12
18 0 5 12
18 2 5 12
18 10 5 12
18 17 5 12
18 32 5 12
18 9 6 12
18 56 7 12
18 63 7 12
18 8 10 12
18 9 11 12
18 15 11 12
18 65 11 12
18 15 12 12
18 48 12 12
18 11 13 12
18 61 13 12
18 50 14 12
18 31 15 12
95 121 1 12
95 47 2 12
95 86 2 12
95 90 3 12
95 56 7 12
95 63 7 12
95 131 10 12
95 65 11 12
95 48 12 12
95 61 13 12
95 90 13 12
95 50 14 12
95 76 14 12
95 69 15 12
95 91 16 12
95 132 18 12
189 194 1 12
189 192 2 12
189 232 6 12
189 237 7 12
189 197 11 12
189 202 13 12
189 168 17 12
504 483 1 12
504 467 4 12
504 527 7 12
504 511 9 12
504 534 10 12
504 478 14 12
504 483 15 12
504 506 18 12
504 544 20 12
515 483 1 12
515 467 4 12
515 527 7 12
515 511 9 12
515 534 10 12
515 478 14 12
515 483 15 12
515 506 18 12
515 544 20 12
36 47 1 13
36 0 4 13
36 2 4 13
36 10 4 13
36 17 4 13
36 32 4 13
36 9 5 13
36 56 6 13
36 63 6 13
36 8 9 13
36 9 10 13
36 15 10 13
36 65 10 13
36 15 11 13
36 48 11 13
36 11 12 13
36 61 12 13
36 50 13 13
36 76 13 13
36 31 14 13
36 69 14 13
121 86 1 13
121 90 2 13
121 131 9 13
121 90 12 13
121 76 13 13
121 91 15 13
121 168 16 13
121 132 17 13
121 170 20 13
194 192 1 13
194 232 5 13
194 237 6 13
194 197 10 13
194 202 12 13
194 168 16 13
194 170 20 13
483 447 2 13
483 467 3 13
483 527 6 13
483 511 8 13
483 478 13 13
483 483 14 13
483 506 17 13
483 510 20 13
47 90 1 14
47 0 3 14
47 2 3 14
47 10 3 14
47 17 3 14
47 32 3 14
47 9 4 14
47 56 5 14
47 63 5 14
47 8 8 14
47 9 9 14
47 15 9 14
47 65 9 14
47 15 10 14
47 48 10 14
47 11 11 14
47 61 11 14
47 90 11 14
47 50 12 14
47 76 12 14
47 31 13 14
47 69 13 14
47 91 14 14
86 90 1 14
86 56 5 14
86 63 5 14
86 131 8 14
86 65 9 14
86 48 10 14
86 61 11 14
86 90 11 14
86 50 12 14
86 76 12 14
86 69 13 14
86 91 14 14
86 132 16 14
192 232 4 14
192 237 5 14
192 197 9 14
192 202 11 14
192 168 15 14
192 170 19 14
684 713 12 14
684 655 13 14
684 727 14 14
684 723 16 14
684 711 19 14
90 56 4 15
90 63 4 15
90 131 7 15
90 65 8 15
90 48 9 15
90 61 10 15
90 90 10 15
90 50 11 15
90 76 11 15
90 69 12 15
90 91 13 15
90 132 15 15
447 467 1 15
447 478 11 15
447 483 12 15
621 622 1 15
621 607 3 15
621 588 8 15
621 620 9 15
621 655 12 15
467 511 5 16
467 478 10 16
467 483 11 16
467 506 14 16
467 510 17 16
622 607 2 16
622 588 7 16
622 620 8 16
622 655 11 16
0 9 1 17
0 8 5 17
0 9 6 17
0 15 6 17
0 15 7 17
0 48 7 17
0 11 8 17
0 31 10 17
0 19 19 17
2 9 1 17
2 8 5 17
2 9 6 17
2 15 6 17
2 15 7 17
2 48 7 17
2 11 8 17
2 50 9 17
2 31 10 17
2 19 19 17
10 9 1 17
10 56 2 17
10 8 5 17
10 9 6 17
10 15 6 17
10 15 7 17
10 48 7 17
10 11 8 17
10 50 9 17
10 31 10 17
10 19 19 17
17 9 1 17
17 56 2 17
17 63 2 17
17 8 5 17
17 9 6 17
17 15 6 17
17 65 6 17
17 15 7 17
17 48 7 17
17 11 8 17
17 61 8 17
17 50 9 17
17 31 10 17
17 19 19 17
32 9 1 17
32 56 2 17
32 63 2 17
32 8 5 17
32 9 6 17
32 15 6 17
32 65 6 17
32 15 7 17
32 48 7 17
32 11 8 17
32 61 8 17
32 50 9 17
32 76 9 17
32 31 10 17
32 69 10 17
32 19 19 17
9 56 1 18
9 8 4 18
9 9 5 18
9 15 5 18
9 15 6 18
9 48 6 18
9 11 7 18
9 50 8 18
9 31 9 18
9 19 18 18
9 13 20 18
9 15 20 18
232 237 1 18
232 255 1 18
232 197 5 18
232 267 5 18
232 202 7 18
232 277 19 18
274 237 1 18
274 255 1 18
274 267 5 18
274 306 7 18
274 277 19 18
607 569 2 18
607 588 5 18
607 620 6 18
607 655 9 18
607 568 16 18
607 591 19 18
56 8 3 19
56 9 4 19
56 15 4 19
56 65 4 19
56 15 5 19
56 48 5 19
56 11 6 19
56 61 6 19
56 90 6 19
56 50 7 19
56 76 7 19
56 31 8 19
56 69 8 19
56 91 9 19
56 19 17 19
56 13 19 19
56 15 19 19
56 7 20 19
56 78 20 19
63 15 4 19
63 65 4 19
63 15 5 19
63 48 5 19
63 61 6 19
63 90 6 19
63 50 7 19
63 76 7 19
63 31 8 19
63 69 8 19
63 91 9 19
63 19 17 19
63 13 19 19
63 15 19 19
63 78 20 19
237 197 4 19
237 267 4 19
237 202 6 19
237 277 18 19
255 267 4 19
255 277 18 19
527 569 1 19
527 511 2 19
527 534 3 19
527 478 7 19
527 483 8 19
527 506 11 19
527 544 13 19
527 510 14 19
527 568 15 19
527 521 16 19
527 544 17 19
569 534 2 20
569 588 3 20
569 544 12 20
569 568 14 20
569 521 15 20
569 544 16 20
569 591 17 20
569 610 20 20
327 306 4 21
327 340 8 21
327 351 11 21
327 369 14 21
327 277 16 21
327 312 19 21
511 534 1 21
511 478 5 21
511 483 6 21
511 506 9 21
511 544 11 21
511 510 12 21
511 521 14 21
511 544 15 21
8 9 1 22
8 15 1 22
8 15 2 22
8 48 2 22
8 11 3 22
8 50 4 22
8 31 5 22
8 19 14 22
8 13 16 22
8 15 16 22
8 3 17 22
8 7 17 22
8 55 18 22
8 39 19 22
8 1 20 22
8 3 20 22
8 9 20 22
131 90 3 22
131 91 6 22
131 168 7 22
131 132 8 22
131 170 11 22
131 143 13 22
131 155 14 22
131 123 16 22
131 91 18 22
131 129 19 22
534 506 8 22
534 544 10 22
534 510 11 22
534 568 12 22
534 521 13 22
534 544 14 22
9 15 1 23
9 48 1 23
9 11 2 23
9 50 3 23
9 31 4 23
9 19 13 23
9 13 15 23
9 15 15 23
9 3 16 23
9 7 16 23
9 55 17 23
9 39 18 23
9 1 19 23
9 3 19 23
9 9 19 23
15 15 1 23
15 48 1 23
15 11 2 23
15 61 2 23
15 50 3 23
15 31 4 23
15 19 13 23
15 13 15 23
15 15 15 23
15 3 16 23
15 7 16 23
15 55 17 23
15 39 18 23
15 1 19 23
15 3 19 23
15 9 19 23
65 15 1 23
65 48 1 23
65 61 2 23
65 90 2 23
65 50 3 23
65 76 3 23
65 31 4 23
65 69 4 23
65 91 5 23
65 19 13 23
65 15 15 23
65 78 16 23
65 55 17 23
65 91 17 23
65 39 18 23
65 77 19 23
197 202 2 23
197 168 6 23
197 170 10 23
197 155 13 23
197 206 17 23
267 306 2 23
267 277 14 23
267 312 17 23
267 263 20 23
588 620 1 23
588 544 9 23
588 568 11 23
588 544 13 23
588 591 14 23
588 610 17 23
588 609 20 23
15 11 1 24
15 61 1 24
15 50 2 24
15 31 3 24
15 19 12 24
15 13 14 24
15 15 14 24
15 3 15 24
15 7 15 24
15 55 16 24
15 39 17 24
15 1 18 24
15 3 18 24
15 9 18 24
15 41 20 24
48 11 1 24
48 61 1 24
48 90 1 24
48 50 2 24
48 76 2 24
48 31 3 24
48 69 3 24
48 91 4 24
48 19 12 24
48 13 14 24
48 15 14 24
48 3 15 24
48 7 15 24
48 78 15 24
48 55 16 24
48 91 16 24
48 39 17 24
48 1 18 24
48 3 18 24
48 9 18 24
48 77 18 24
48 41 20 24
620 655 3 24
620 591 13 24
620 610 16 24
620 609 19 24
620 598 20 24
11 50 1 25
11 31 2 25
11 19 11 25
11 13 13 25
11 15 13 25
11 3 14 25
11 7 14 25
11 55 15 25
11 39 16 25
11 1 17 25
11 3 17 25
11 9 17 25
11 41 19 25
11 43 20 25
61 50 1 25
61 76 1 25
61 31 2 25
61 69 2 25
61 91 3 25
61 19 11 25
61 13 13 25
61 15 13 25
61 78 14 25
61 55 15 25
61 91 15 25
61 39 16 25
61 77 17 25
61 41 19 25
61 43 20 25
90 50 1 25
90 76 1 25
90 69 2 25
90 91 3 25
90 132 5 25
90 123 13 25
90 78 14 25
90 55 15 25
90 91 15 25
90 129 16 25
90 77 17 25
90 41 19 25
90 43 20 25
90 130 20 25
202 168 4 25
202 170 8 25
202 155 11 25
202 206 15 25
306 340 4 25
306 351 7 25
306 277 12 25
306 312 15 25
306 263 18 25
306 264 19 25
306 286 20 25
50 31 1 26
50 69 1 26
50 91 2 26
50 19 10 26
50 13 12 26
50 15 12 26
50 3 13 26
50 7 13 26
50 78 13 26
50 55 14 26
50 91 14 26
50 39 15 26
50 1 16 26
50 3 16 26
50 9 16 26
50 77 16 26
50 41 18 26
50 43 19 26
76 31 1 26
76 69 1 26
76 91 2 26
76 123 12 26
76 78 13 26
76 55 14 26
76 91 14 26
76 39 15 26
76 77 16 26
76 41 18 26
76 43 19 26
76 123 20 26
478 483 1 26
478 506 4 26
478 510 7 26
478 521 9 26
713 727 2 26
713 753 3 26
713 723 4 26
713 734 5 26
713 711 7 26
713 700 15 26
713 673 19 26
31 19 9 27
31 13 11 27
31 15 11 27
31 3 12 27
31 7 12 27
31 78 12 27
31 55 13 27
31 39 14 27
31 1 15 27
31 3 15 27
31 9 15 27
31 77 15 27
31 41 17 27
31 43 18 27
31 34 20 27
31 67 20 27
69 91 1 27
69 19 9 27
69 78 12 27
69 55 13 27
69 91 13 27
69 39 14 27
69 77 15 27
69 41 17 27
69 43 18 27
69 34 20 27
69 67 20 27
483 506 3 27
483 510 6 27
483 521 8 27
483 436 20 27
655 610 13 27
655 700 14 27
655 609 16 27
655 673 18 27
655 665 20 27
91 132 2 28
91 123 10 28
91 78 11 28
91 55 12 28
91 91 12 28
91 129 13 28
91 77 14 28
91 41 16 28
91 43 17 28
91 130 17 28
91 123 18 28
91 67 19 28
91 127 19 28
727 753 1 28
727 723 2 28
727 734 3 28
727 711 5 28
727 700 13 28
727 714 20 28
168 132 1 29
168 170 4 29
168 143 6 29
168 155 7 29
168 123 9 29
168 206 11 29
168 129 12 29
168 130 16 29
168 123 17 29
168 127 18 29
340 351 3 29
340 369 6 29
340 384 10 29
340 312 11 29
340 371 17 29
753 723 1 29
753 734 2 29
753 711 4 29
753 782 13 29
753 714 19 29
132 170 3 30
132 143 5 30
132 155 6 30
132 123 8 30
132 91 10 30
132 129 11 30
132 130 15 30
132 123 16 30
132 127 17 30
132 97 19 30
506 544 2 30
506 510 3 30
506 521 5 30
506 544 6 30
723 734 1 30
723 711 3 30
723 700 11 30
723 673 15 30
723 714 18 30
723 693 19 30
734 711 2 31
734 700 10 31
734 782 11 31
734 714 17 31
734 693 18 31
734 697 20 31
351 369 3 32
351 384 7 32
351 312 8 32
351 371 14 32
544 510 1 32
544 568 2 32
544 521 3 32
544 544 4 32
544 591 5 32
170 143 2 33
170 155 3 33
170 123 5 33
170 206 7 33
170 129 8 33
170 130 12 33
170 123 13 33
170 127 14 33
170 219 16 33
510 521 2 33
510 544 3 33
510 478 19 33
711 700 8 33
711 673 12 33
711 665 14 33
711 714 15 33
711 693 16 33
711 697 18 33
568 521 1 34
568 544 2 34
568 591 3 34
568 610 6 34
568 609 9 34
568 598 10 34
143 155 1 35
143 123 3 35
143 129 6 35
143 130 10 35
143 123 11 35
143 127 12 35
143 97 14 35
369 384 4 35
369 406 6 35
369 371 11 35
521 544 1 35
521 478 17 35
19 13 2 36
19 15 2 36
19 3 3 36
19 7 3 36
19 55 4 36
19 39 5 36
19 1 6 36
19 3 6 36
19 9 6 36
19 41 8 36
19 43 9 36
19 34 11 36
19 67 11 36
155 123 2 36
155 129 5 36
155 130 9 36
155 123 10 36
155 127 11 36
544 591 1 36
277 312 3 37
277 263 6 37
277 264 7 37
277 286 8 37
277 256 12 37
277 266 14 37
591 610 3 37
591 609 6 37
591 598 7 37
13 3 1 38
13 7 1 38
13 55 2 38
13 39 3 38
13 1 4 38
13 3 4 38
13 9 4 38
13 41 6 38
13 43 7 38
13 34 9 38
13 60 20 38
15 3 1 38
15 7 1 38
15 55 2 38
15 39 3 38
15 1 4 38
15 3 4 38
15 9 4 38
15 41 6 38
15 43 7 38
15 34 9 38
15 60 20 38
123 78 1 38
123 91 2 38
123 129 3 38
123 77 4 38
123 130 7 38
123 123 8 38
123 127 9 38
123 97 11 38
123 73 18 38
1017 968 14 38
3 39 2 39
3 1 3 39
3 3 3 39
3 9 3 39
3 41 5 39
3 43 6 39
3 34 8 39
7 55 1 39
7 39 2 39
7 1 3 39
7 3 3 39
7 9 3 39
7 41 5 39
7 43 6 39
7 34 8 39
78 55 1 39
78 91 1 39
78 39 2 39
78 77 3 39
78 41 5 39
78 43 6 39
78 123 7 39
78 34 8 39
78 67 8 39
78 127 8 39
78 97 10 39
78 73 17 39
78 60 19 39
78 98 20 39
384 406 2 39
384 371 7 39
384 389 17 39
384 400 18 39
900 854 11 39
55 39 1 40
55 9 2 40
55 77 2 40
55 41 4 40
55 43 5 40
55 34 7 40
55 67 7 40
55 97 9 40
55 73 16 40
55 60 18 40
55 98 19 40
91 129 1 40
91 77 2 40
91 41 4 40
91 43 5 40
91 130 5 40
91 123 6 40
91 67 7 40
91 127 7 40
91 97 9 40
91 73 16 40
91 60 18 40
91 98 19 40
91 131 20 40
206 219 9 40
206 224 16 40
206 210 18 40
312 263 3 40
312 264 4 40
312 286 5 40
312 266 11 40
312 281 19 40
610 609 3 40
610 598 4 40
39 1 1 41
39 3 1 41
39 9 1 41
39 77 1 41
39 41 3 41
39 43 4 41
39 34 6 41
39 67 6 41
39 73 15 41
39 60 17 41
129 130 4 41
129 123 5 41
129 127 6 41
129 97 8 41
129 98 18 41
129 131 19 41
406 371 5 41
406 436 6 41
406 389 15 41
406 400 16 41
406 426 19 41
700 673 4 41
700 665 6 41
700 714 7 41
700 693 8 41
700 697 10 41
700 683 15 41
700 668 17 41
700 709 18 41
1 41 2 42
1 43 3 42
1 34 5 42
3 41 2 42
3 43 3 42
3 34 5 42
9 41 2 42
9 43 3 42
9 34 5 42
77 41 2 42
77 43 3 42
77 123 4 42
77 34 5 42
77 67 5 42
77 97 7 42
77 73 14 42
77 60 16 42
77 98 17 42
782 792 12 42
782 775 13 42
782 821 18 42
782 798 19 42
782 783 20 42
263 264 1 43
263 286 2 43
263 219 6 43
263 256 6 43
263 266 8 43
263 224 13 43
263 281 16 43
609 598 1 43
41 43 1 44
41 34 3 44
41 67 3 44
41 73 12 44
41 60 14 44
264 286 1 44
264 219 5 44
264 256 5 44
264 266 7 44
264 224 12 44
264 281 15 44
43 34 2 45
43 67 2 45
43 73 11 45
43 60 13 45
130 123 1 45
130 127 2 45
130 97 4 45
130 98 14 45
130 131 15 45
130 158 18 45
130 123 19 45
130 157 20 45
286 256 4 45
286 266 6 45
286 281 14 45
673 665 2 45
673 714 3 45
673 693 4 45
673 697 6 45
673 683 11 45
673 668 13 45
673 709 14 45
123 127 1 46
123 97 3 46
123 73 10 46
123 98 13 46
123 131 14 46
123 158 17 46
123 123 18 46
123 157 19 46
123 140 20 46
371 389 10 46
371 400 11 46
371 361 17 46
371 348 19 46
371 338 20 46
847 854 4 46
847 845 11 46
847 821 14 46
847 798 15 46
34 73 9 47
34 60 11 47
67 97 2 47
67 73 9 47
67 60 11 47
67 98 12 47
127 97 2 47
127 98 12 47
127 131 13 47
127 158 16 47
127 123 17 47
127 157 18 47
127 140 19 47
127 136 20 47
436 478 5 47
436 389 9 47
436 400 10 47
436 426 13 47
665 714 1 47
665 693 2 47
665 697 4 47
665 683 9 47
665 668 11 47
665 709 12 47
714 693 1 48
714 697 3 48
714 683 8 48
714 668 10 48
714 709 11 48
714 744 15 48
714 733 18 48
714 737 19 48
97 73 7 49
97 60 9 49
97 98 10 49
97 131 11 49
97 123 15 49
97 140 17 49
97 136 18 49
219 266 2 49
219 224 7 49
219 210 9 49
256 266 2 49
256 224 7 49
256 210 9 49
256 281 10 49
693 697 2 49
693 683 7 49
693 668 9 49
693 709 10 49
693 733 17 49
693 737 18 49
854 845 7 50
854 821 10 50
266 224 5 51
266 281 8 51
697 683 5 51
697 668 7 51
697 709 8 51
697 744 12 51
697 733 15 51
697 737 16 51
968 957 1 52
968 934 12 52
968 922 13 52
957 934 11 53
957 922 12 53
792 775 1 54
792 821 6 54
792 798 7 54
792 783 8 54
792 744 9 54
775 821 5 55
775 798 6 55
775 783 7 55
775 744 8 55
775 733 11 55
775 737 12 55
73 60 2 56
73 98 3 56
224 210 2 56
389 400 1 56
389 426 4 56
389 361 7 56
389 348 9 56
683 668 2 56
683 709 3 56
400 426 3 57
400 361 6 57
845 821 3 57
845 798 4 57
60 98 1 58
668 709 1 58
98 131 1 59
98 123 5 59
98 140 7 59
98 136 8 59
281 329 8 59
709 744 4 59
709 733 7 59
709 737 8 59
131 158 3 60
131 123 4 60
131 157 5 60
131 140 6 60
131 136 7 60
821 798 1 60
821 783 2 60
798 783 1 61
783 744 1 62
783 733 4 62
783 737 5 62
158 123 1 63
158 157 2 63
158 140 3 63
158 136 4 63
361 348 2 63
361 338 3 63
361 329 4 63
744 733 3 63
744 737 4 63
123 157 1 64
123 140 2 64
123 136 3 64
934 922 1 64
157 140 1 65
157 136 2 65
348 338 1 65
348 329 2 65
140 136 1 66
338 329 1 66
733 737 1 66
