206 238 25 1
206 227 26 1
206 252 29 1
213 238 24 2
213 227 25 2
213 257 27 2
213 252 28 2
494 444 19 2
494 511 19 2
197 238 23 3
197 227 24 3
197 232 29 3
494 444 18 3
494 511 18 3
494 499 29 3
196 238 22 4
196 227 23 4
196 232 28 4
275 270 20 4
275 238 22 4
275 282 22 4
275 227 23 4
275 316 23 4
275 257 25 4
275 252 26 4
275 319 26 4
275 232 28 4
415 444 16 5
415 372 18 5
415 395 23 5
415 441 26 5
416 444 15 6
416 372 17 6
416 395 22 6
416 441 25 6
416 398 29 6
501 511 14 7
501 499 25 7
501 494 26 7
501 511 28 7
511 511 14 7
511 499 25 7
511 494 26 7
511 511 28 7
507 511 13 8
507 499 24 8
507 494 25 8
507 511 27 8
507 475 29 8
456 444 11 10
456 441 21 10
456 499 22 10
456 494 23 10
456 475 27 10
444 441 10 21
444 398 14 21
444 475 16 21
444 445 21 21
444 404 25 21
444 485 27 21
444 444 29 21
511 499 11 21
511 494 12 21
511 511 14 21
511 475 16 21
511 498 19 21
511 511 21 21
511 485 27 21
511 498 28 21
372 398 12 23
372 376 18 23
372 404 23 23
372 381 28 23
270 240 10 24
270 299 10 24
270 260 15 24
270 229 20 24
270 232 22 24
270 248 28 24
270 259 28 24
270 229 29 24
350 398 10 25
350 376 16 25
350 321 20 25
350 381 26 25
29 3 14 26
29 14 14 26
29 21 14 26
29 0 15 26
29 23 15 26
29 31 15 26
29 63 15 26
29 13 16 26
29 18 16 26
29 63 16 26
29 1 20 26
29 3 20 26
29 12 20 26
29 18 20 26
29 1 21 26
29 3 21 26
29 9 21 26
29 2 23 26
29 6 23 26
29 7 23 26
29 1 24 26
29 4 24 26
29 7 24 26
29 0 25 26
29 1 25 26
29 6 25 26
29 8 25 26
29 62 25 26
29 71 25 26
61 14 14 26
61 21 14 26
61 23 15 26
61 31 15 26
61 63 15 26
61 13 16 26
61 18 16 26
61 63 16 26
61 12 20 26
61 18 20 26
61 98 21 26
61 62 25 26
61 71 25 26
126 98 21 26
238 197 13 26
238 260 13 26
238 229 18 26
238 232 20 26
238 202 25 26
238 248 26 26
238 259 26 26
238 229 27 26
238 259 29 26
282 260 13 26
282 321 19 26
282 232 20 26
282 248 26 26
282 259 26 26
282 259 29 26
62 14 13 27
62 21 13 27
62 23 14 27
62 31 14 27
62 63 14 27
62 13 15 27
62 18 15 27
62 63 15 27
62 12 19 27
62 18 19 27
62 98 20 27
62 62 24 27
62 71 24 27
65 21 13 27
65 23 14 27
65 31 14 27
65 63 14 27
65 18 15 27
65 63 15 27
65 18 19 27
65 98 20 27
65 62 24 27
65 71 24 27
227 197 12 27
227 260 12 27
227 229 17 27
227 232 19 27
227 202 24 27
227 248 25 27
227 259 25 27
227 229 26 27
227 259 28 27
316 321 18 27
69 21 12 28
69 23 13 28
69 31 13 28
69 63 13 28
69 63 14 28
69 98 19 28
69 62 23 28
69 71 23 28
395 376 13 28
395 404 18 28
395 444 22 28
395 381 23 28
395 406 26 28
257 260 10 29
257 229 15 29
257 232 17 29
257 248 23 29
257 259 23 29
257 229 24 29
257 259 26 29
257 288 29 29
252 229 14 30
252 232 16 30
252 202 21 30
252 248 22 30
252 259 22 30
252 229 23 30
252 259 25 30
252 288 28 30
252 210 29 30
252 275 29 30
319 321 15 30
319 335 27 30
319 288 28 30
319 275 29 30
441 445 11 31
441 404 15 31
441 485 17 31
441 444 19 31
441 406 23 31
47 13 10 32
47 18 10 32
47 63 10 32
47 1 14 32
47 3 14 32
47 12 14 32
47 18 14 32
47 1 15 32
47 3 15 32
47 9 15 32
47 2 17 32
47 6 17 32
47 7 17 32
47 1 18 32
47 4 18 32
47 7 18 32
47 0 19 32
47 1 19 32
47 6 19 32
47 8 19 32
47 62 19 32
47 71 19 32
47 67 26 32
232 229 12 32
232 232 14 32
232 202 19 32
232 248 20 32
232 259 20 32
232 229 21 32
232 259 23 32
232 210 27 32
232 275 27 32
232 258 28 32
499 511 10 32
499 485 16 32
499 498 17 32
499 501 21 32
499 511 21 32
494 485 15 33
494 498 16 33
494 444 17 33
494 501 20 33
494 511 20 33
20 1 12 34
20 3 12 34
20 12 12 34
20 18 12 34
20 1 13 34
20 3 13 34
20 9 13 34
20 2 15 34
20 6 15 34
20 7 15 34
20 1 16 34
20 4 16 34
20 7 16 34
20 0 17 34
20 1 17 34
20 6 17 34
20 8 17 34
20 62 17 34
20 67 24 34
47 1 12 34
47 3 12 34
47 12 12 34
47 18 12 34
47 1 13 34
47 3 13 34
47 9 13 34
47 2 15 34
47 6 15 34
47 7 15 34
47 1 16 34
47 4 16 34
47 7 16 34
47 0 17 34
47 1 17 34
47 6 17 34
47 8 17 34
47 62 17 34
47 71 17 34
47 67 24 34
240 229 10 34
240 232 12 34
240 202 17 34
240 248 18 34
240 259 18 34
240 229 19 34
240 259 21 34
240 288 24 34
240 210 25 34
240 275 25 34
240 258 26 34
299 321 11 34
299 259 18 34
299 259 21 34
299 335 23 34
299 288 24 34
299 275 25 34
299 258 26 34
398 404 11 35
398 444 15 35
398 381 16 35
398 406 19 35
511 485 13 35
511 498 14 35
511 501 18 35
511 511 18 35
475 485 11 37
475 498 12 37
475 444 13 37
475 501 16 37
475 511 16 37
197 202 12 39
197 229 14 39
197 148 19 39
197 210 20 39
260 248 13 39
260 259 13 39
260 229 14 39
260 259 16 39
260 288 19 39
260 210 20 39
260 275 20 39
260 258 21 39
3 1 10 40
3 4 10 40
3 7 10 40
3 0 11 40
3 1 11 40
3 6 11 40
3 8 11 40
14 1 10 40
14 4 10 40
14 7 10 40
14 0 11 40
14 1 11 40
14 6 11 40
14 8 11 40
14 62 11 40
21 1 10 40
21 4 10 40
21 7 10 40
21 0 11 40
21 1 11 40
21 6 11 40
21 8 11 40
21 62 11 40
21 67 18 40
498 501 13 40
498 511 13 40
0 0 10 41
0 1 10 41
0 6 10 41
0 8 10 41
23 0 10 41
23 1 10 41
23 6 10 41
23 8 10 41
23 62 10 41
23 71 10 41
23 67 17 41
31 0 10 41
31 1 10 41
31 6 10 41
31 8 10 41
31 62 10 41
31 71 10 41
31 67 17 41
63 62 10 41
63 71 10 41
63 67 17 41
376 381 10 41
376 406 13 41
376 335 16 41
18 67 16 42
63 67 16 42
445 406 12 42
511 501 11 42
511 511 11 42
229 259 11 44
229 210 15 44
229 275 15 44
229 258 16 44
321 335 12 45
321 288 13 45
321 275 14 45
18 67 12 46
232 210 13 46
232 275 13 46
232 258 14 46
98 67 11 47
98 127 13 47
