383 385 11 1
383 364 15 1
383 373 19 1
182 168 6 2
182 169 14 2
449 438 1 2
449 455 2 2
449 435 6 2
449 432 20 2
517 519 16 2
517 526 17 2
216 218 1 3
216 218 8 3
216 231 9 3
216 207 16 3
438 455 1 3
438 435 5 3
438 424 8 3
438 432 19 3
691 687 5 3
691 674 6 3
691 679 13 3
30 28 1 4
30 31 1 4
30 11 4 4
30 21 4 4
30 27 15 4
43 28 1 4
43 31 1 4
43 27 15 4
64 77 1 4
64 73 3 4
64 82 15 4
218 218 7 4
218 231 8 4
218 207 15 4
455 435 4 4
28 11 3 5
28 21 3 5
28 8 13 5
28 27 14 5
28 9 17 5
28 19 20 5
31 11 3 5
31 21 3 5
31 27 14 5
31 19 20 5
77 73 2 5
77 82 14 5
252 251 1 5
252 271 2 5
252 267 16 5
277 274 1 5
277 271 2 5
277 267 16 5
726 728 15 5
251 231 6 6
251 267 15 6
274 271 1 6
274 267 15 6
274 281 20 6
73 82 12 7
73 81 19 7
271 267 14 7
271 281 19 7
271 289 20 7
661 674 2 7
661 665 3 7
661 641 5 7
661 679 9 7
661 668 10 7
11 0 1 8
11 3 7 8
11 3 10 8
11 8 10 8
11 0 11 8
11 4 11 8
11 27 11 8
11 0 14 8
11 2 14 8
11 9 14 8
11 3 15 8
11 7 15 8
11 5 17 8
11 19 17 8
11 0 18 8
11 3 18 8
21 3 7 8
21 3 10 8
21 8 10 8
21 4 11 8
21 27 11 8
21 2 14 8
21 9 14 8
21 3 15 8
21 7 15 8
21 5 17 8
21 19 17 8
21 3 18 8
168 169 8 8
168 160 15 8
168 170 18 8
435 424 3 8
435 432 14 8
435 420 16 8
435 433 17 8
687 674 1 8
687 679 8 8
687 668 9 8
687 685 20 8
0 3 6 9
0 3 9 9
0 8 9 9
0 0 10 9
0 4 10 9
0 0 13 9
0 2 13 9
0 9 13 9
0 3 14 9
0 7 14 9
0 5 16 9
0 19 16 9
0 0 17 9
0 3 17 9
114 113 1 9
128 113 1 9
323 337 10 9
674 665 1 9
674 679 7 9
674 668 8 9
674 685 19 9
665 679 6 10
665 668 7 10
218 231 1 11
218 207 8 11
218 199 14 11
424 408 3 11
424 432 11 11
424 420 13 11
424 433 14 11
632 641 1 11
632 631 2 11
632 631 18 11
231 244 16 12
385 373 8 12
385 383 11 12
385 390 18 12
641 631 1 12
641 631 17 12
631 631 16 13
408 420 10 14
408 390 16 14
557 555 1 14
557 571 8 14
557 569 9 14
557 543 10 14
557 549 11 14
3 3 3 15
3 8 3 15
3 0 4 15
3 4 4 15
3 0 7 15
3 2 7 15
3 9 7 15
3 3 8 15
3 7 8 15
3 5 10 15
3 19 10 15
3 0 11 15
3 3 11 15
3 20 17 15
3 8 18 15
3 15 20 15
344 359 3 15
344 337 4 15
344 354 16 15
344 346 17 15
344 348 18 15
344 345 19 15
344 356 20 15
555 571 7 15
555 569 8 15
555 543 9 15
555 549 10 15
169 160 7 16
169 170 10 16
169 161 13 16
364 359 2 16
364 373 4 16
364 383 7 16
364 354 15 16
364 346 16 16
364 348 17 16
364 345 18 16
364 356 19 16
364 350 20 16
679 668 1 16
679 685 12 16
679 671 16 16
679 667 17 16
298 281 9 17
298 289 10 17
668 685 11 17
668 671 15 17
668 667 16 17
3 0 1 18
3 4 1 18
3 0 4 18
3 2 4 18
3 9 4 18
3 3 5 18
3 7 5 18
3 5 7 18
3 19 7 18
3 0 8 18
3 3 8 18
3 20 14 18
3 8 15 18
3 15 17 18
3 17 18 18
3 6 19 18
3 7 19 18
3 19 19 18
8 0 1 18
8 4 1 18
8 27 1 18
8 0 4 18
8 2 4 18
8 9 4 18
8 3 5 18
8 7 5 18
8 5 7 18
8 19 7 18
8 0 8 18
8 3 8 18
8 20 14 18
8 8 15 18
8 15 17 18
8 17 18 18
8 6 19 18
8 7 19 18
8 19 19 18
359 373 2 18
359 354 13 18
359 346 14 18
359 348 15 18
359 345 16 18
359 356 17 18
359 350 18 18
519 526 1 18
519 532 8 18
519 531 9 18
519 519 18 18
519 518 19 18
0 0 3 19
0 2 3 19
0 9 3 19
0 3 4 19
0 7 4 19
0 5 6 19
0 19 6 19
0 0 7 19
0 3 7 19
0 8 14 19
0 15 16 19
0 17 17 19
0 6 18 19
0 7 18 19
0 19 18 19
4 0 3 19
4 2 3 19
4 9 3 19
4 3 4 19
4 7 4 19
4 5 6 19
4 19 6 19
4 0 7 19
4 3 7 19
4 20 13 19
4 8 14 19
4 15 16 19
4 17 17 19
4 6 18 19
4 7 18 19
4 19 18 19
27 9 3 19
27 7 4 19
27 19 6 19
27 20 13 19
27 8 14 19
27 15 16 19
27 17 17 19
27 7 18 19
27 19 18 19
27 36 20 19
82 81 7 19
82 91 12 19
82 92 13 19
82 96 15 19
82 101 16 19
82 97 17 19
82 71 19 19
82 78 20 19
207 199 6 19
207 226 18 19
207 193 19 19
337 354 12 19
337 346 13 19
337 348 14 19
337 345 15 19
337 356 16 19
337 350 17 19
526 543 5 19
526 532 7 19
526 531 8 19
526 519 17 19
526 518 18 19
373 383 3 20
373 390 10 20
373 354 11 20
373 356 15 20
373 384 18 20
728 741 19 20
267 281 5 21
267 259 7 21
267 258 16 21
267 247 18 21
267 255 18 21
0 3 1 22
0 7 1 22
0 5 3 22
0 19 3 22
0 0 4 22
0 3 4 22
0 8 11 22
0 15 13 22
0 17 14 22
0 6 15 22
0 7 15 22
0 19 15 22
0 1 19 22
0 5 20 22
0 7 20 22
2 3 1 22
2 7 1 22
2 5 3 22
2 19 3 22
2 0 4 22
2 3 4 22
2 20 10 22
2 8 11 22
2 15 13 22
2 17 14 22
2 6 15 22
2 7 15 22
2 19 15 22
2 1 19 22
2 5 20 22
2 7 20 22
9 3 1 22
9 7 1 22
9 5 3 22
9 19 3 22
9 0 4 22
9 3 4 22
9 20 10 22
9 8 11 22
9 15 13 22
9 17 14 22
9 6 15 22
9 7 15 22
9 19 15 22
9 1 19 22
9 5 20 22
9 7 20 22
432 420 2 22
432 433 3 22
571 569 1 22
3 5 2 23
3 19 2 23
3 0 3 23
3 3 3 23
3 20 9 23
3 8 10 23
3 15 12 23
3 17 13 23
3 6 14 23
3 7 14 23
3 19 14 23
3 1 18 23
3 5 19 23
3 7 19 23
7 5 2 23
7 19 2 23
7 0 3 23
7 3 3 23
7 20 9 23
7 8 10 23
7 15 12 23
7 17 13 23
7 6 14 23
7 7 14 23
7 19 14 23
7 1 18 23
7 5 19 23
7 7 19 23
160 170 3 23
160 161 6 23
383 390 7 23
383 384 15 23
569 549 2 23
420 433 1 24
420 423 20 24
543 549 1 24
543 532 2 24
543 531 3 24
543 558 20 24
5 0 1 25
5 3 1 25
5 20 7 25
5 8 8 25
5 15 10 25
5 17 11 25
5 6 12 25
5 7 12 25
5 19 12 25
5 1 16 25
5 5 17 25
5 7 17 25
19 0 1 25
19 3 1 25
19 20 7 25
19 8 8 25
19 15 10 25
19 17 11 25
19 6 12 25
19 7 12 25
19 19 12 25
19 36 14 25
19 1 16 25
19 5 17 25
19 7 17 25
199 193 13 25
433 423 19 25
549 532 1 25
549 531 2 25
549 558 19 25
0 8 7 26
0 15 9 26
0 17 10 26
0 6 11 26
0 7 11 26
0 19 11 26
0 1 15 26
0 5 16 26
0 7 16 26
3 20 6 26
3 8 7 26
3 15 9 26
3 17 10 26
3 6 11 26
3 7 11 26
3 19 11 26
3 1 15 26
3 5 16 26
3 7 16 26
81 91 5 26
81 92 6 26
81 96 8 26
81 97 10 26
81 71 12 26
81 78 13 26
81 85 15 26
81 82 16 26
170 161 3 26
281 289 1 26
281 288 14 26
532 531 1 26
532 519 10 26
532 518 11 26
532 514 14 26
289 288 13 27
289 308 19 27
289 275 20 27
531 519 9 27
531 518 10 27
531 514 13 27
531 511 14 27
244 226 9 28
244 258 9 28
244 247 11 28
244 255 11 28
244 245 12 28
259 258 9 28
259 247 11 28
259 255 11 28
259 245 12 28
259 275 19 28
685 671 4 28
685 667 5 28
685 673 14 28
390 384 8 30
390 408 15 30
758 741 9 30
758 762 15 30
758 753 17 30
758 760 19 30
91 92 1 31
91 107 2 31
91 96 3 31
91 101 4 31
91 97 5 31
91 71 7 31
91 78 8 31
91 85 10 31
91 82 11 31
91 93 16 31
127 137 1 31
127 107 2 31
127 137 5 31
127 114 6 31
127 134 13 31
127 132 14 31
127 112 15 31
127 129 15 31
354 346 1 31
354 348 2 31
354 345 3 31
354 356 4 31
354 350 5 31
20 8 1 32
20 15 3 32
20 17 4 32
20 6 5 32
20 7 5 32
20 19 5 32
20 36 7 32
20 39 8 32
20 1 9 32
20 5 10 32
20 7 10 32
20 30 18 32
20 33 18 32
20 32 19 32
92 107 1 32
92 96 2 32
92 101 3 32
92 97 4 32
92 78 7 32
92 85 9 32
92 82 10 32
92 93 15 32
137 137 4 32
137 134 12 32
137 132 13 32
137 129 14 32
137 148 19 32
346 348 1 32
346 345 2 32
346 356 3 32
346 350 4 32
671 667 1 32
671 673 10 32
671 663 11 32
671 658 14 32
8 15 2 33
8 17 3 33
8 6 4 33
8 7 4 33
8 19 4 33
8 1 8 33
8 5 9 33
8 7 9 33
107 96 1 33
107 101 2 33
107 97 3 33
107 114 4 33
107 112 13 33
107 93 14 33
348 345 1 33
348 356 2 33
348 350 3 33
667 673 9 33
667 663 10 33
667 658 13 33
96 101 1 34
96 97 2 34
96 114 3 34
96 78 5 34
96 85 7 34
96 82 8 34
96 112 12 34
96 93 13 34
345 356 1 34
345 350 2 34
15 17 1 35
15 6 2 35
15 7 2 35
15 19 2 35
15 1 6 35
15 5 7 35
15 7 7 35
15 30 15 35
15 33 15 35
15 32 16 35
101 97 1 35
101 114 2 35
101 85 6 35
101 82 7 35
101 112 11 35
101 93 12 35
356 350 1 35
356 368 18 35
17 6 1 36
17 7 1 36
17 19 1 36
17 36 3 36
17 1 5 36
17 5 6 36
17 7 6 36
17 30 14 36
17 33 14 36
17 32 15 36
97 114 1 36
97 78 3 36
97 85 5 36
97 82 6 36
97 112 10 36
97 93 11 36
97 109 20 36
137 134 8 36
137 132 9 36
137 129 10 36
137 148 15 36
350 368 17 36
350 363 20 36
519 518 1 36
519 514 4 36
519 511 5 36
519 516 16 36
519 529 17 36
6 1 4 37
6 5 5 37
6 7 5 37
6 7 20 37
7 1 4 37
7 5 5 37
7 7 5 37
7 7 20 37
19 36 2 37
19 1 4 37
19 5 5 37
19 7 5 37
19 30 13 37
19 33 13 37
19 32 14 37
19 7 20 37
114 132 8 37
114 112 9 37
114 129 9 37
114 109 19 37
226 245 3 37
226 241 16 37
226 225 17 37
226 233 18 37
258 247 2 37
258 255 2 37
258 245 3 37
258 275 10 37
258 241 16 37
258 256 17 37
258 273 18 37
518 514 3 37
518 511 4 37
518 498 5 37
518 516 15 37
518 529 16 37
71 78 1 38
71 85 3 38
71 82 4 38
71 70 12 38
71 69 13 38
71 66 16 38
71 63 17 38
193 201 14 38
384 378 14 38
384 368 15 38
384 383 19 38
36 39 1 39
36 30 11 39
36 33 11 39
36 32 12 39
36 30 19 39
36 39 19 39
36 36 20 39
78 85 2 39
78 82 3 39
78 93 8 39
78 70 11 39
78 69 12 39
78 66 15 39
78 63 16 39
247 245 1 39
247 241 14 39
247 256 15 39
247 233 16 39
255 245 1 39
255 241 14 39
255 256 15 39
255 273 16 39
741 753 8 39
741 760 10 39
39 30 10 40
39 33 10 40
39 32 11 40
39 30 18 40
39 39 18 40
39 36 19 40
39 36 20 40
245 241 13 40
245 225 14 40
245 256 14 40
245 233 15 40
288 275 7 40
288 273 15 40
514 511 1 40
514 498 2 40
514 516 12 40
514 529 13 40
1 5 1 41
1 7 1 41
1 7 16 41
1 7 17 41
85 82 1 41
85 93 6 41
85 70 9 41
85 69 10 41
85 66 13 41
85 103 19 41
470 474 10 41
470 478 19 41
511 498 1 41
511 516 11 41
511 529 12 41
5 7 15 42
5 7 16 42
7 7 15 42
7 7 16 42
82 93 5 42
82 70 8 42
82 69 9 42
82 66 12 42
82 63 13 42
498 516 10 42
498 478 18 42
673 663 1 42
673 658 4 42
673 688 15 42
673 664 18 42
663 658 3 43
663 664 17 43
134 132 1 44
134 129 2 44
134 148 7 44
134 137 14 44
134 147 15 44
423 408 1 44
558 568 4 44
558 546 7 44
558 553 11 44
558 570 12 44
558 569 14 44
132 112 1 45
132 129 1 45
132 148 6 45
132 137 13 45
132 147 14 45
762 753 2 45
762 760 4 45
112 93 1 46
112 109 10 46
112 103 14 46
129 148 5 46
129 109 10 46
129 137 12 46
129 147 13 46
308 324 13 46
658 664 14 46
93 109 9 47
93 103 13 47
275 256 7 47
275 273 8 47
753 760 2 47
568 553 7 48
568 570 8 48
568 569 10 48
30 32 1 50
30 30 8 50
30 39 8 50
30 36 9 50
30 36 10 50
33 32 1 50
33 30 8 50
33 39 8 50
33 36 9 50
33 36 10 50
70 69 1 50
70 66 4 50
70 63 5 50
32 30 7 51
32 39 7 51
32 36 8 51
32 36 9 51
69 66 3 51
69 63 4 51
148 137 7 51
148 147 8 51
474 478 9 51
546 529 2 51
546 553 4 51
201 219 8 52
378 368 1 52
378 363 4 52
378 383 5 52
516 529 1 52
241 225 1 53
241 256 1 53
241 233 2 53
368 363 3 53
368 383 4 53
66 63 1 54
225 233 1 54
225 219 6 54
256 273 1 54
233 219 5 55
553 570 1 55
553 569 3 55
109 103 4 56
570 569 2 56
7 7 1 57
30 36 1 58
30 36 2 58
39 36 1 58
39 36 2 58
137 147 1 58
36 36 1 59
