98 93 6 2
98 116 15 2
98 115 18 2
249 250 2 2
249 258 3 2
249 265 9 2
249 233 12 2
249 263 18 2
257 250 2 2
257 258 3 2
257 265 9 2
257 273 10 2
257 263 18 2
545 527 14 2
545 534 18 2
590 570 5 3
590 577 8 3
590 585 11 3
590 589 15 3
250 258 1 4
250 265 7 4
250 233 10 4
250 263 16 4
279 290 4 4
279 278 6 4
279 265 7 4
279 273 8 4
279 293 12 4
279 263 16 4
714 710 9 4
714 709 13 4
714 706 15 4
714 711 19 4
258 265 6 5
258 273 7 5
258 263 15 5
258 275 20 5
665 676 2 5
665 654 4 5
665 678 17 5
399 412 11 6
620 610 6 6
620 618 9 6
620 616 15 6
620 614 20 6
323 323 15 7
323 310 19 7
323 317 20 7
676 678 15 7
58 48 8 8
58 46 18 8
290 278 2 8
290 273 4 8
290 293 8 8
290 275 17 8
570 577 3 8
570 585 6 8
570 589 10 8
570 567 17 8
654 643 1 9
654 664 19 9
278 265 1 10
278 273 2 10
278 293 6 10
278 263 10 10
278 275 15 10
120 116 6 11
120 120 8 11
120 115 9 11
265 273 1 11
265 263 9 11
265 275 14 11
265 251 18 11
577 585 3 11
577 589 7 11
577 567 14 11
273 263 8 12
273 275 13 12
610 618 3 12
610 616 9 12
610 614 14 12
610 605 17 12
710 709 4 13
710 706 6 13
710 711 10 13
233 232 12 14
233 251 15 14
233 231 16 14
233 232 19 14
585 589 4 14
585 567 11 14
618 616 6 15
618 614 11 15
618 605 14 15
618 631 16 15
618 631 17 15
48 46 10 16
48 54 15 16
140 120 3 16
140 153 8 16
140 141 9 16
140 120 16 16
293 275 9 16
293 310 10 16
293 298 19 16
527 534 4 16
116 120 2 17
116 115 3 17
116 120 15 17
709 706 2 17
709 711 6 17
469 476 13 18
589 605 11 18
120 115 1 19
120 120 13 19
706 711 4 19
115 120 12 20
212 211 1 20
212 231 10 20
263 275 5 20
263 251 9 20
263 266 14 20
534 548 10 20
369 359 7 21
369 359 9 21
369 363 11 21
616 614 5 21
616 605 8 21
616 631 10 21
616 631 11 21
323 310 4 22
323 317 5 22
323 323 11 22
678 664 6 22
678 667 11 22
153 141 1 24
275 266 9 25
567 548 5 25
46 54 5 26
232 251 3 26
232 231 4 26
232 232 7 26
310 317 1 26
310 323 7 26
310 298 9 26
614 605 3 26
614 631 5 26
614 631 6 26
317 323 6 27
317 298 8 27
359 344 1 28
359 359 2 28
359 363 4 28
359 349 18 28
664 667 5 28
664 646 6 28
251 231 1 29
251 232 4 29
251 266 5 29
344 359 1 29
344 363 3 29
344 349 17 29
231 232 3 30
359 363 2 30
359 349 16 30
176 176 1 31
631 631 1 31
631 646 3 31
363 349 14 32
631 646 2 32
