120 141 11 1
120 104 12 1
120 102 13 1
120 120 15 1
120 147 19 1
120 126 20 1
120 124 25 1
120 109 27 1
120 122 29 1
120 91 33 1
120 143 34 1
120 123 35 1
120 128 35 1
120 110 36 1
120 116 37 1
120 146 37 1
120 96 38 1
120 115 39 1
120 112 41 1
120 112 42 1
120 126 43 1
120 96 44 1
120 93 45 1
120 101 46 1
120 118 50 1
120 137 51 1
120 115 52 1
120 108 53 1
120 117 55 1
120 118 56 1
120 149 56 1
120 113 58 1
106 104 11 2
106 102 12 2
106 120 14 2
106 88 18 2
106 126 19 2
106 83 21 2
106 124 24 2
106 109 26 2
106 122 28 2
106 91 32 2
106 123 34 2
106 128 34 2
106 110 35 2
106 116 36 2
106 96 37 2
106 115 38 2
106 112 40 2
106 112 41 2
106 126 42 2
106 96 43 2
106 93 44 2
106 101 45 2
106 87 48 2
106 118 49 2
106 89 50 2
106 115 51 2
106 108 52 2
106 117 54 2
106 118 55 2
106 113 57 2
106 83 59 2
232 242 11 2
232 252 12 2
232 217 16 2
232 249 21 2
232 248 25 2
232 210 26 2
232 224 30 2
232 216 31 2
232 226 32 2
232 255 33 2
232 255 34 2
232 238 39 2
232 228 40 2
232 232 42 2
232 242 44 2
232 242 45 2
232 242 46 2
232 240 47 2
232 242 48 2
232 231 49 2
232 242 51 2
232 239 52 2
232 217 53 2
232 224 54 2
232 231 56 2
7 13 10 3
7 6 15 3
7 8 15 3
7 15 15 3
7 7 18 3
7 18 18 3
7 17 19 3
7 16 22 3
7 14 23 3
7 9 24 3
7 14 28 3
7 29 39 3
7 34 42 3
7 0 46 3
7 1 46 3
7 3 46 3
7 2 56 3
7 3 56 3
7 26 58 3
34 13 10 3
34 52 10 3
34 6 15 3
34 8 15 3
34 15 15 3
34 7 18 3
34 18 18 3
34 17 19 3
34 16 22 3
34 14 23 3
34 9 24 3
34 14 28 3
34 29 39 3
34 37 39 3
34 45 40 3
34 34 42 3
34 26 58 3
34 40 58 3
126 104 10 3
126 102 11 3
126 120 13 3
126 153 13 3
126 147 17 3
126 126 18 3
126 151 22 3
126 124 23 3
126 109 25 3
126 122 27 3
126 154 27 3
126 143 32 3
126 123 33 3
126 128 33 3
126 110 34 3
126 116 35 3
126 146 35 3
126 96 36 3
126 115 37 3
126 112 39 3
126 112 40 3
126 126 41 3
126 96 42 3
126 101 44 3
126 118 48 3
126 137 49 3
126 115 50 3
126 108 51 3
126 117 53 3
126 118 54 3
126 149 54 3
126 113 56 3
127 104 10 3
127 102 11 3
127 120 13 3
127 153 13 3
127 147 17 3
127 126 18 3
127 151 22 3
127 124 23 3
127 109 25 3
127 122 27 3
127 154 27 3
127 143 32 3
127 123 33 3
127 128 33 3
127 110 34 3
127 116 35 3
127 146 35 3
127 115 37 3
127 112 39 3
127 112 40 3
127 126 41 3
127 101 44 3
127 118 48 3
127 137 49 3
127 115 50 3
127 108 51 3
127 117 53 3
127 118 54 3
127 149 54 3
127 113 56 3
2 6 14 4
2 8 14 4
2 15 14 4
2 7 17 4
2 18 17 4
2 17 18 4
2 16 21 4
2 14 22 4
2 9 23 4
2 14 27 4
2 29 38 4
2 0 45 4
2 1 45 4
2 3 45 4
2 2 55 4
2 3 55 4
2 26 57 4
3 6 14 4
3 8 14 4
3 15 14 4
3 7 17 4
3 18 17 4
3 17 18 4
3 16 21 4
3 14 22 4
3 9 23 4
3 14 27 4
3 29 38 4
3 0 45 4
3 1 45 4
3 3 45 4
3 2 55 4
3 3 55 4
3 26 57 4
7 6 14 4
7 8 14 4
7 15 14 4
7 7 17 4
7 18 17 4
7 17 18 4
7 16 21 4
7 14 22 4
7 9 23 4
7 14 27 4
7 29 38 4
7 34 41 4
7 0 45 4
7 1 45 4
7 3 45 4
7 2 55 4
7 3 55 4
7 26 57 4
28 6 14 4
28 8 14 4
28 15 14 4
28 7 17 4
28 18 17 4
28 17 18 4
28 16 21 4
28 14 22 4
28 9 23 4
28 14 27 4
28 29 38 4
28 37 38 4
28 45 39 4
28 34 41 4
28 0 45 4
28 1 45 4
28 3 45 4
28 2 55 4
28 3 55 4
28 26 57 4
28 40 57 4
44 15 14 4
44 18 17 4
44 17 18 4
44 67 20 4
44 16 21 4
44 14 22 4
44 14 27 4
44 65 37 4
44 29 38 4
44 37 38 4
44 45 39 4
44 34 41 4
44 68 56 4
44 26 57 4
44 40 57 4
68 88 16 4
68 83 19 4
68 67 20 4
68 75 27 4
68 91 30 4
68 96 35 4
68 65 37 4
68 45 39 4
68 96 41 4
68 93 42 4
68 87 46 4
68 89 48 4
68 68 56 4
68 40 57 4
68 83 57 4
68 81 58 4
145 171 11 4
145 120 12 4
145 153 12 4
145 147 16 4
145 126 17 4
145 151 21 4
145 124 22 4
145 161 22 4
145 122 26 4
145 154 26 4
145 158 27 4
145 143 31 4
145 123 32 4
145 128 32 4
145 171 33 4
145 116 34 4
145 146 34 4
145 174 35 4
145 115 36 4
145 169 39 4
145 126 40 4
145 118 47 4
145 137 48 4
145 115 49 4
145 117 52 4
145 118 53 4
145 149 53 4
145 164 55 4
13 6 13 5
13 8 13 5
13 15 13 5
13 7 16 5
13 18 16 5
13 17 17 5
13 16 20 5
13 14 21 5
13 9 22 5
13 14 26 5
13 29 37 5
13 37 37 5
13 34 40 5
13 0 44 5
13 1 44 5
13 3 44 5
13 2 54 5
13 3 54 5
13 26 56 5
13 40 56 5
15 6 13 5
15 8 13 5
15 15 13 5
15 7 16 5
15 18 16 5
15 17 17 5
15 16 20 5
15 14 21 5
15 9 22 5
15 14 26 5
15 29 37 5
15 37 37 5
15 34 40 5
15 0 44 5
15 1 44 5
15 3 44 5
15 2 54 5
15 3 54 5
15 26 56 5
15 40 56 5
32 6 13 5
32 8 13 5
32 15 13 5
32 7 16 5
32 18 16 5
32 17 17 5
32 16 20 5
32 14 21 5
32 9 22 5
32 14 26 5
32 29 37 5
32 37 37 5
32 45 38 5
32 34 40 5
32 3 44 5
32 2 54 5
32 3 54 5
32 26 56 5
32 40 56 5
153 171 10 5
153 153 11 5
153 147 15 5
153 126 16 5
153 181 16 5
153 175 19 5
153 151 20 5
153 124 21 5
153 161 21 5
153 154 25 5
153 158 26 5
153 143 30 5
153 123 31 5
153 128 31 5
153 171 32 5
153 146 33 5
153 174 34 5
153 169 38 5
153 126 39 5
153 179 40 5
153 137 47 5
153 149 52 5
153 164 54 5
6 6 12 6
6 8 12 6
6 15 12 6
6 7 15 6
6 18 15 6
6 17 16 6
6 16 19 6
6 14 20 6
6 9 21 6
6 14 25 6
6 29 36 6
6 34 39 6
6 0 43 6
6 1 43 6
6 3 43 6
6 2 53 6
6 3 53 6
6 26 55 6
13 6 12 6
13 8 12 6
13 15 12 6
13 7 15 6
13 18 15 6
13 17 16 6
13 16 19 6
13 14 20 6
13 9 21 6
13 14 25 6
13 29 36 6
13 37 36 6
13 34 39 6
13 0 43 6
13 1 43 6
13 3 43 6
13 2 53 6
13 3 53 6
13 26 55 6
13 40 55 6
0 6 11 7
0 8 11 7
0 15 11 7
0 7 14 7
0 18 14 7
0 17 15 7
0 16 18 7
0 14 19 7
0 9 20 7
0 14 24 7
0 29 35 7
0 0 42 7
0 1 42 7
0 3 42 7
0 2 52 7
0 3 52 7
0 26 54 7
0 27 59 7
1 6 11 7
1 8 11 7
1 15 11 7
1 7 14 7
1 18 14 7
1 17 15 7
1 16 18 7
1 14 19 7
1 9 20 7
1 14 24 7
1 29 35 7
1 0 42 7
1 1 42 7
1 3 42 7
1 2 52 7
1 3 52 7
1 26 54 7
1 27 59 7
10 6 11 7
10 8 11 7
10 15 11 7
10 7 14 7
10 18 14 7
10 17 15 7
10 16 18 7
10 14 19 7
10 9 20 7
10 14 24 7
10 29 35 7
10 37 35 7
10 34 38 7
10 0 42 7
10 1 42 7
10 3 42 7
10 2 52 7
10 3 52 7
10 26 54 7
10 27 59 7
10 31 59 7
47 18 14 7
47 17 15 7
47 67 17 7
47 75 24 7
47 65 34 7
47 29 35 7
47 37 35 7
47 45 36 7
47 34 38 7
47 68 53 7
47 26 54 7
47 40 54 7
47 27 59 7
47 31 59 7
239 217 11 7
239 249 16 7
239 248 20 7
239 210 21 7
239 224 25 7
239 216 26 7
239 226 27 7
239 255 28 7
239 255 29 7
239 238 34 7
239 228 35 7
239 232 37 7
239 242 39 7
239 242 40 7
239 242 41 7
239 240 42 7
239 242 43 7
239 231 44 7
239 242 46 7
239 239 47 7
239 217 48 7
239 224 49 7
239 231 51 7
239 232 55 7
239 245 56 7
239 246 57 7
239 246 59 7
87 88 12 8
87 83 15 8
87 67 16 8
87 109 20 8
87 75 23 8
87 91 26 8
87 110 29 8
87 116 30 8
87 96 31 8
87 115 32 8
87 65 33 8
87 112 34 8
87 112 35 8
87 96 37 8
87 93 38 8
87 101 39 8
87 87 42 8
87 89 44 8
87 115 45 8
87 108 46 8
87 113 51 8
87 68 52 8
87 83 53 8
87 81 54 8
87 113 55 8
87 92 57 8
87 93 59 8
134 147 12 8
134 126 13 8
134 151 17 8
134 124 18 8
134 161 18 8
134 109 20 8
134 122 22 8
134 154 22 8
134 158 23 8
134 143 27 8
134 123 28 8
134 128 28 8
134 110 29 8
134 116 30 8
134 146 30 8
134 115 32 8
134 112 34 8
134 112 35 8
134 126 36 8
134 118 43 8
134 137 44 8
134 115 45 8
134 108 46 8
134 117 48 8
134 118 49 8
134 149 49 8
134 113 51 8
134 113 55 8
2 7 12 9
2 18 12 9
2 17 13 9
2 16 16 9
2 14 17 9
2 9 18 9
2 14 22 9
2 29 33 9
2 0 40 9
2 1 40 9
2 3 40 9
2 2 50 9
2 3 50 9
2 26 52 9
2 27 57 9
2 31 57 9
2 18 58 9
2 16 59 9
18 7 12 9
18 18 12 9
18 17 13 9
18 16 16 9
18 14 17 9
18 9 18 9
18 14 22 9
18 29 33 9
18 37 33 9
18 45 34 9
18 34 36 9
18 0 40 9
18 1 40 9
18 3 40 9
18 2 50 9
18 3 50 9
18 26 52 9
18 40 52 9
18 27 57 9
18 31 57 9
18 18 58 9
18 34 58 9
18 16 59 9
37 7 12 9
37 18 12 9
37 17 13 9
37 16 16 9
37 14 17 9
37 9 18 9
37 14 22 9
37 65 32 9
37 29 33 9
37 37 33 9
37 45 34 9
37 34 36 9
37 26 52 9
37 40 52 9
37 27 57 9
37 31 57 9
37 18 58 9
37 34 58 9
37 16 59 9
142 147 11 9
142 126 12 9
142 151 16 9
142 124 17 9
142 161 17 9
142 122 21 9
142 154 21 9
142 158 22 9
142 143 26 9
142 123 27 9
142 128 27 9
142 171 28 9
142 116 29 9
142 146 29 9
142 115 31 9
142 112 33 9
142 112 34 9
142 169 34 9
142 126 35 9
142 118 42 9
142 137 43 9
142 115 44 9
142 117 47 9
142 118 48 9
142 149 48 9
142 113 50 9
142 164 50 9
142 113 54 9
1 7 11 10
1 18 11 10
1 17 12 10
1 16 15 10
1 14 16 10
1 9 17 10
1 14 21 10
1 29 32 10
1 0 39 10
1 1 39 10
1 3 39 10
1 2 49 10
1 3 49 10
1 26 51 10
1 27 56 10
1 18 57 10
1 16 58 10
1 19 59 10
40 18 11 10
40 17 12 10
40 67 14 10
40 16 15 10
40 14 16 10
40 14 21 10
40 65 31 10
40 29 32 10
40 37 32 10
40 45 33 10
40 34 35 10
40 68 50 10
40 26 51 10
40 40 51 10
40 27 56 10
40 31 56 10
40 18 57 10
40 34 57 10
40 16 58 10
40 19 59 10
40 57 59 10
80 88 10 10
80 83 13 10
80 67 14 10
80 109 18 10
80 75 21 10
80 91 24 10
80 96 29 10
80 65 31 10
80 96 35 10
80 93 36 10
80 101 37 10
80 87 40 10
80 89 42 10
80 108 44 10
80 68 50 10
80 83 51 10
80 81 52 10
80 92 55 10
80 93 57 10
80 86 58 10
80 57 59 10
80 83 59 10
130 147 10 10
130 126 11 10
130 151 15 10
130 124 16 10
130 109 18 10
130 122 20 10
130 154 20 10
130 158 21 10
130 143 25 10
130 123 26 10
130 128 26 10
130 110 27 10
130 116 28 10
130 146 28 10
130 115 30 10
130 112 32 10
130 112 33 10
130 126 34 10
130 101 37 10
130 118 41 10
130 137 42 10
130 115 43 10
130 108 44 10
130 117 46 10
130 118 47 10
130 149 47 10
130 113 49 10
130 113 53 10
85 83 12 11
85 67 13 11
85 109 17 11
85 75 20 11
85 91 23 11
85 110 26 11
85 96 28 11
85 65 30 11
85 112 31 11
85 112 32 11
85 96 34 11
85 93 35 11
85 101 36 11
85 87 39 11
85 89 41 11
85 108 43 11
85 113 48 11
85 68 49 11
85 83 50 11
85 81 51 11
85 113 52 11
85 92 54 11
85 93 56 11
85 86 57 11
85 57 58 11
85 83 58 11
85 95 59 11
231 249 12 11
231 248 16 11
231 210 17 11
231 224 21 11
231 216 22 11
231 226 23 11
231 255 24 11
231 255 25 11
231 238 30 11
231 228 31 11
231 232 33 11
231 242 35 11
231 242 36 11
231 242 37 11
231 240 38 11
231 242 39 11
231 231 40 11
231 242 42 11
231 239 43 11
231 217 44 11
231 224 45 11
231 231 47 11
231 232 51 11
231 245 52 11
231 246 53 11
231 246 55 11
231 246 56 11
231 244 57 11
231 234 59 11
49 67 12 12
49 75 19 12
49 65 29 12
49 29 30 12
49 37 30 12
49 45 31 12
49 34 33 12
49 68 48 12
49 26 49 12
49 40 49 12
49 27 54 12
49 31 54 12
49 34 55 12
49 19 57 12
49 57 57 12
141 151 13 12
141 124 14 12
141 161 14 12
141 122 18 12
141 154 18 12
141 158 19 12
141 143 23 12
141 123 24 12
141 128 24 12
141 116 26 12
141 146 26 12
141 115 28 12
141 112 30 12
141 112 31 12
141 169 31 12
141 126 32 12
141 118 39 12
141 137 40 12
141 115 41 12
141 117 44 12
141 118 45 12
141 149 45 12
141 113 47 12
141 164 47 12
141 113 51 12
13 16 12 13
13 14 13 13
13 9 14 13
13 14 18 13
13 29 29 13
13 37 29 13
13 34 32 13
13 0 36 13
13 1 36 13
13 3 36 13
13 2 46 13
13 3 46 13
13 26 48 13
13 40 48 13
13 27 53 13
13 31 53 13
13 18 54 13
13 34 54 13
13 16 55 13
13 19 56 13
52 67 11 13
52 75 18 13
52 65 28 13
52 29 29 13
52 37 29 13
52 45 30 13
52 34 32 13
52 68 47 13
52 26 48 13
52 40 48 13
52 81 49 13
52 27 53 13
52 31 53 13
52 34 54 13
52 57 56 13
52 79 58 13
52 55 59 13
104 83 10 13
104 124 13 13
104 109 15 13
104 122 17 13
104 75 18 13
104 91 21 13
104 123 23 13
104 128 23 13
104 110 24 13
104 116 25 13
104 96 26 13
104 115 27 13
104 112 29 13
104 112 30 13
104 126 31 13
104 96 32 13
104 93 33 13
104 101 34 13
104 87 37 13
104 118 38 13
104 89 39 13
104 115 40 13
104 108 41 13
104 117 43 13
104 118 44 13
104 113 46 13
104 83 48 13
104 81 49 13
104 113 50 13
104 92 52 13
104 93 54 13
104 86 55 13
104 83 56 13
104 95 57 13
104 79 58 13
104 84 59 13
242 249 10 13
242 248 14 13
242 224 19 13
242 216 20 13
242 226 21 13
242 255 22 13
242 255 23 13
242 238 28 13
242 228 29 13
242 232 31 13
242 242 33 13
242 242 34 13
242 242 35 13
242 240 36 13
242 242 37 13
242 231 38 13
242 242 40 13
242 239 41 13
242 217 42 13
242 224 43 13
242 231 45 13
242 232 49 13
242 245 50 13
242 246 51 13
242 246 53 13
242 246 54 13
242 244 55 13
242 234 57 13
242 235 58 13
102 124 12 14
102 109 14 14
102 122 16 14
102 75 17 14
102 91 20 14
102 123 22 14
102 128 22 14
102 110 23 14
102 116 24 14
102 96 25 14
102 115 26 14
102 112 28 14
102 112 29 14
102 126 30 14
102 96 31 14
102 93 32 14
102 101 33 14
102 87 36 14
102 118 37 14
102 89 38 14
102 115 39 14
102 108 40 14
102 117 42 14
102 118 43 14
102 113 45 14
102 83 47 14
102 81 48 14
102 113 49 14
102 92 51 14
102 93 53 14
102 86 54 14
102 83 55 14
102 95 56 14
102 79 57 14
102 84 58 14
252 248 13 14
252 224 18 14
252 226 20 14
252 255 21 14
252 255 22 14
252 238 27 14
252 228 28 14
252 232 30 14
252 242 32 14
252 242 33 14
252 242 34 14
252 240 35 14
252 242 36 14
252 231 37 14
252 242 39 14
252 239 40 14
252 224 42 14
252 231 44 14
252 232 48 14
252 245 49 14
252 246 50 14
252 246 52 14
252 246 53 14
252 244 54 14
252 234 56 14
252 235 57 14
171 151 10 15
171 161 11 15
171 154 15 15
171 158 16 15
171 143 20 15
171 171 22 15
171 146 23 15
171 174 24 15
171 169 28 15
171 179 30 15
171 149 42 15
171 164 44 15
171 187 45 15
171 187 46 15
171 177 54 15
171 178 58 15
120 124 10 16
120 109 12 16
120 122 14 16
120 91 18 16
120 143 19 16
120 123 20 16
120 128 20 16
120 110 21 16
120 116 22 16
120 146 22 16
120 96 23 16
120 115 24 16
120 112 26 16
120 112 27 16
120 126 28 16
120 96 29 16
120 93 30 16
120 101 31 16
120 118 35 16
120 137 36 16
120 115 37 16
120 108 38 16
120 117 40 16
120 118 41 16
120 149 41 16
120 113 43 16
120 113 47 16
120 92 49 16
120 93 51 16
120 95 54 16
120 92 58 16
120 139 58 16
120 93 59 16
153 124 10 16
153 161 10 16
153 154 14 16
153 158 15 16
153 143 19 16
153 123 20 16
153 128 20 16
153 171 21 16
153 146 22 16
153 174 23 16
153 169 27 16
153 126 28 16
153 179 29 16
153 137 36 16
153 149 41 16
153 164 43 16
153 177 53 16
153 178 57 16
153 139 58 16
6 14 13 18
6 29 24 18
6 34 27 18
6 0 31 18
6 1 31 18
6 3 31 18
6 2 41 18
6 3 41 18
6 26 43 18
6 27 48 18
6 31 48 18
6 18 49 18
6 34 49 18
6 16 50 18
6 19 51 18
6 21 56 18
8 14 13 18
8 29 24 18
8 37 24 18
8 34 27 18
8 0 31 18
8 1 31 18
8 3 31 18
8 2 41 18
8 3 41 18
8 26 43 18
8 27 48 18
8 31 48 18
8 18 49 18
8 34 49 18
8 16 50 18
8 19 51 18
8 21 56 18
15 14 13 18
15 29 24 18
15 37 24 18
15 34 27 18
15 0 31 18
15 1 31 18
15 3 31 18
15 2 41 18
15 3 41 18
15 26 43 18
15 40 43 18
15 27 48 18
15 31 48 18
15 18 49 18
15 34 49 18
15 16 50 18
15 19 51 18
15 21 56 18
15 43 56 18
217 210 10 18
217 224 14 18
217 216 15 18
217 226 16 18
217 238 23 18
217 228 24 18
217 232 26 18
217 242 28 18
217 242 29 18
217 242 30 18
217 240 31 18
217 242 32 18
217 231 33 18
217 242 35 18
217 239 36 18
217 217 37 18
217 224 38 18
217 231 40 18
217 187 42 18
217 187 43 18
217 232 44 18
217 245 45 18
217 246 46 18
217 246 48 18
217 246 49 18
217 244 50 18
217 234 52 18
217 235 53 18
217 209 58 18
217 245 59 18
187 158 12 19
187 216 14 19
187 171 18 19
187 174 20 19
187 169 24 19
187 179 26 19
187 164 40 19
187 187 41 19
187 187 42 19
187 177 50 19
187 178 54 19
187 209 57 19
88 75 11 20
88 91 14 20
88 110 17 20
88 116 18 20
88 96 19 20
88 115 20 20
88 65 21 20
88 112 22 20
88 112 23 20
88 96 25 20
88 93 26 20
88 101 27 20
88 87 30 20
88 89 32 20
88 115 33 20
88 108 34 20
88 117 36 20
88 113 39 20
88 68 40 20
88 83 41 20
88 81 42 20
88 113 43 20
88 92 45 20
88 93 47 20
88 86 48 20
88 83 49 20
88 95 50 20
88 79 51 20
88 84 52 20
88 66 53 20
88 92 54 20
88 93 55 20
88 111 56 20
88 90 57 20
88 74 58 20
147 122 10 20
147 154 10 20
147 158 11 20
147 143 15 20
147 123 16 20
147 128 16 20
147 171 17 20
147 146 18 20
147 174 19 20
147 169 23 20
147 126 24 20
147 118 31 20
147 137 32 20
147 117 36 20
147 118 37 20
147 149 37 20
147 164 39 20
147 139 54 20
147 153 59 20
7 14 10 21
7 29 21 21
7 34 24 21
7 0 28 21
7 1 28 21
7 3 28 21
7 2 38 21
7 3 38 21
7 26 40 21
7 27 45 21
7 31 45 21
7 18 46 21
7 34 46 21
7 16 47 21
7 19 48 21
7 21 53 21
7 13 58 21
7 21 58 21
7 18 59 21
18 14 10 21
18 29 21 21
18 37 21 21
18 45 22 21
18 34 24 21
18 0 28 21
18 1 28 21
18 3 28 21
18 2 38 21
18 3 38 21
18 26 40 21
18 40 40 21
18 27 45 21
18 31 45 21
18 18 46 21
18 34 46 21
18 16 47 21
18 19 48 21
18 21 53 21
18 43 53 21
18 45 54 21
18 37 57 21
18 13 58 21
18 21 58 21
18 45 58 21
18 18 59 21
126 143 14 21
126 123 15 21
126 128 15 21
126 110 16 21
126 116 17 21
126 146 17 21
126 96 18 21
126 115 19 21
126 112 21 21
126 112 22 21
126 126 23 21
126 96 24 21
126 101 26 21
126 118 30 21
126 137 31 21
126 115 32 21
126 108 33 21
126 117 35 21
126 118 36 21
126 149 36 21
126 113 38 21
126 113 42 21
126 139 53 21
126 111 55 21
126 153 58 21
181 158 10 21
181 171 16 21
181 174 18 21
181 169 22 21
181 179 24 21
181 164 38 21
181 187 39 21
181 187 40 21
181 177 48 21
181 178 52 21
181 209 55 21
181 153 58 21
17 29 20 22
17 37 20 22
17 45 21 22
17 34 23 22
17 0 27 22
17 1 27 22
17 3 27 22
17 2 37 22
17 3 37 22
17 26 39 22
17 40 39 22
17 27 44 22
17 31 44 22
17 18 45 22
17 34 45 22
17 16 46 22
17 19 47 22
17 21 52 22
17 43 52 22
17 45 53 22
17 37 56 22
17 13 57 22
17 21 57 22
17 45 57 22
17 18 58 22
17 29 59 22
189 216 11 22
189 171 15 22
189 174 17 22
189 169 21 22
189 179 23 22
189 217 33 22
189 164 37 22
189 187 38 22
189 187 39 22
189 177 47 22
189 178 51 22
189 209 54 22
83 91 11 23
83 110 14 23
83 96 16 23
83 65 18 23
83 112 19 23
83 112 20 23
83 96 22 23
83 93 23 23
83 101 24 23
83 87 27 23
83 89 29 23
83 108 31 23
83 68 37 23
83 83 38 23
83 81 39 23
83 92 42 23
83 93 44 23
83 86 45 23
83 57 46 23
83 83 46 23
83 95 47 23
83 79 48 23
83 55 49 23
83 84 49 23
83 66 50 23
83 92 51 23
83 93 52 23
83 111 53 23
83 90 54 23
83 74 55 23
83 89 59 23
249 226 11 23
249 255 12 23
249 255 13 23
249 238 18 23
249 228 19 23
249 232 21 23
249 242 23 23
249 242 24 23
249 242 25 23
249 240 26 23
249 242 27 23
249 231 28 23
249 242 30 23
249 239 31 23
249 224 33 23
249 231 35 23
249 232 39 23
249 245 40 23
249 246 41 23
249 246 43 23
249 246 44 23
249 244 45 23
249 234 47 23
249 235 48 23
249 245 54 23
249 242 55 23
249 255 56 23
67 91 10 24
67 96 15 24
67 65 17 24
67 37 18 24
67 45 19 24
67 96 21 24
67 93 22 24
67 87 26 24
67 89 28 24
67 68 36 24
67 40 37 24
67 83 37 24
67 81 38 24
67 92 41 24
67 93 43 24
67 86 44 24
67 57 45 24
67 83 45 24
67 95 46 24
67 79 47 24
67 55 48 24
67 84 48 24
67 66 49 24
67 43 50 24
67 92 50 24
67 45 51 24
67 93 51 24
67 90 53 24
67 37 54 24
67 74 54 24
67 45 55 24
67 89 58 24
175 171 13 24
175 146 14 24
175 174 15 24
175 169 19 24
175 179 21 24
175 149 33 24
175 164 35 24
175 187 36 24
175 187 37 24
175 177 45 24
175 178 49 24
175 153 55 24
175 188 58 24
16 29 17 25
16 37 17 25
16 45 18 25
16 34 20 25
16 0 24 25
16 1 24 25
16 3 24 25
16 2 34 25
16 3 34 25
16 26 36 25
16 40 36 25
16 27 41 25
16 31 41 25
16 18 42 25
16 34 42 25
16 16 43 25
16 19 44 25
16 21 49 25
16 43 49 25
16 45 50 25
16 37 53 25
16 13 54 25
16 21 54 25
16 45 54 25
16 18 55 25
16 29 56 25
16 33 59 25
151 143 10 25
151 123 11 25
151 128 11 25
151 171 12 25
151 146 13 25
151 174 14 25
151 169 18 25
151 126 19 25
151 179 20 25
151 137 27 25
151 149 32 25
151 164 34 25
151 177 44 25
151 178 48 25
151 139 49 25
151 153 54 25
151 159 59 25
14 29 16 26
14 37 16 26
14 34 19 26
14 0 23 26
14 1 23 26
14 3 23 26
14 2 33 26
14 3 33 26
14 26 35 26
14 40 35 26
14 27 40 26
14 31 40 26
14 18 41 26
14 34 41 26
14 16 42 26
14 19 43 26
14 21 48 26
14 43 48 26
14 37 52 26
14 13 53 26
14 21 53 26
14 18 54 26
14 29 55 26
14 33 58 26
124 123 10 26
124 128 10 26
124 110 11 26
124 116 12 26
124 146 12 26
124 96 13 26
124 115 14 26
124 112 16 26
124 112 17 26
124 126 18 26
124 96 19 26
124 101 21 26
124 118 25 26
124 137 26 26
124 115 27 26
124 108 28 26
124 117 30 26
124 118 31 26
124 149 31 26
124 113 33 26
124 113 37 26
124 95 44 26
124 139 48 26
124 111 50 26
124 153 53 26
124 97 59 26
161 171 11 26
161 146 12 26
161 174 13 26
161 169 17 26
161 179 19 26
161 137 26 26
161 149 31 26
161 164 33 26
161 187 34 26
161 187 35 26
161 177 43 26
161 178 47 26
161 139 48 26
161 153 53 26
161 188 56 26
161 159 58 26
9 29 15 27
9 37 15 27
9 34 18 27
9 0 22 27
9 1 22 27
9 3 22 27
9 2 32 27
9 3 32 27
9 26 34 27
9 27 39 27
9 31 39 27
9 18 40 27
9 34 40 27
9 16 41 27
9 19 42 27
9 21 47 27
9 37 51 27
9 13 52 27
9 21 52 27
9 18 53 27
9 29 54 27
9 33 57 27
248 238 14 27
248 228 15 27
248 232 17 27
248 242 19 27
248 242 20 27
248 242 21 27
248 240 22 27
248 242 23 27
248 231 24 27
248 242 26 27
248 239 27 27
248 224 29 27
248 231 31 27
248 232 35 27
248 245 36 27
248 246 37 27
248 246 39 27
248 246 40 27
248 244 41 27
248 234 43 27
248 235 44 27
248 245 50 27
248 242 51 27
248 255 52 27
109 116 10 28
109 96 11 28
109 115 12 28
109 112 14 28
109 112 15 28
109 126 16 28
109 96 17 28
109 93 18 28
109 101 19 28
109 87 22 28
109 118 23 28
109 89 24 28
109 137 24 28
109 115 25 28
109 108 26 28
109 117 28 28
109 118 29 28
109 113 31 28
109 83 33 28
109 81 34 28
109 113 35 28
109 92 37 28
109 93 39 28
109 86 40 28
109 83 41 28
109 95 42 28
109 79 43 28
109 84 44 28
109 92 46 28
109 93 47 28
109 111 48 28
109 90 49 28
109 89 54 28
109 97 57 28
210 238 13 28
210 228 14 28
210 232 16 28
210 231 23 28
210 239 26 28
210 217 27 28
210 224 28 28
210 231 30 28
210 187 32 28
210 187 33 28
210 232 34 28
210 234 42 28
210 235 43 28
210 209 48 28
210 188 54 28
210 206 57 28
122 115 10 30
122 112 12 30
122 112 13 30
122 126 14 30
122 96 15 30
122 93 16 30
122 101 17 30
122 118 21 30
122 137 22 30
122 115 23 30
122 108 24 30
122 117 26 30
122 118 27 30
122 149 27 30
122 113 29 30
122 113 33 30
122 92 35 30
122 93 37 30
122 95 40 30
122 92 44 30
122 139 44 30
122 93 45 30
122 111 46 30
122 97 55 30
154 169 13 30
154 126 14 30
154 179 15 30
154 137 22 30
154 149 27 30
154 164 29 30
154 177 39 30
154 178 43 30
154 139 44 30
154 153 49 30
154 159 54 30
14 29 11 31
14 37 11 31
14 34 14 31
14 0 18 31
14 1 18 31
14 3 18 31
14 2 28 31
14 3 28 31
14 26 30 31
14 40 30 31
14 27 35 31
14 31 35 31
14 18 36 31
14 34 36 31
14 16 37 31
14 19 38 31
14 21 43 31
14 43 43 31
14 37 47 31
14 13 48 31
14 21 48 31
14 18 49 31
14 29 50 31
14 33 53 31
75 65 10 31
75 45 12 31
75 96 14 31
75 93 15 31
75 101 16 31
75 87 19 31
75 89 21 31
75 68 29 31
75 83 30 31
75 81 31 31
75 92 34 31
75 93 36 31
75 86 37 31
75 57 38 31
75 83 38 31
75 95 39 31
75 79 40 31
75 55 41 31
75 84 41 31
75 66 42 31
75 92 43 31
75 45 44 31
75 93 44 31
75 90 46 31
75 74 47 31
75 45 48 31
75 89 51 31
75 76 53 31
75 58 54 31
75 97 54 31
158 169 12 31
158 179 14 31
158 137 21 31
158 149 26 31
158 164 28 31
158 187 29 31
158 187 30 31
158 177 38 31
158 178 42 31
158 139 43 31
158 153 48 31
158 159 53 31
224 228 10 32
224 232 12 32
224 242 14 32
224 242 15 32
224 242 16 32
224 240 17 32
224 242 18 32
224 231 19 32
224 242 21 32
224 239 22 32
224 217 23 32
224 224 24 32
224 231 26 32
224 232 30 32
224 245 31 32
224 246 32 32
224 246 34 32
224 246 35 32
224 244 36 32
224 234 38 32
224 235 39 32
224 209 44 32
224 245 45 32
224 242 46 32
224 206 53 32
216 232 11 33
216 242 13 33
216 242 14 33
216 242 15 33
216 240 16 33
216 242 17 33
216 231 18 33
216 242 20 33
216 239 21 33
216 217 22 33
216 224 23 33
216 231 25 33
216 187 27 33
216 187 28 33
216 232 29 33
216 245 30 33
216 244 35 33
216 234 37 33
216 235 38 33
216 209 43 33
216 245 44 33
216 242 45 33
216 188 49 33
216 206 52 33
91 96 11 34
91 93 12 34
91 101 13 34
91 87 16 34
91 118 17 34
91 89 18 34
91 115 19 34
91 108 20 34
91 117 22 34
91 118 23 34
91 113 25 34
91 68 26 34
91 83 27 34
91 81 28 34
91 113 29 34
91 92 31 34
91 93 33 34
91 86 34 34
91 83 35 34
91 95 36 34
91 79 37 34
91 84 38 34
91 66 39 34
91 92 40 34
91 93 41 34
91 111 42 34
91 90 43 34
91 74 44 34
91 89 48 34
91 76 50 34
91 97 51 34
226 232 10 34
226 242 12 34
226 242 13 34
226 242 14 34
226 240 15 34
226 242 16 34
226 231 17 34
226 242 19 34
226 239 20 34
226 217 21 34
226 224 22 34
226 231 24 34
226 232 28 34
226 245 29 34
226 246 30 34
226 246 32 34
226 246 33 34
226 244 34 34
226 234 36 34
226 235 37 34
226 209 42 34
226 245 43 34
226 242 44 34
226 255 45 34
226 206 51 34
143 118 16 35
143 137 17 35
143 115 18 35
143 117 21 35
143 118 22 35
143 149 22 35
143 113 24 35
143 164 24 35
143 113 28 35
143 139 39 35
143 153 44 35
143 159 49 35
255 242 11 35
255 242 12 35
255 242 13 35
255 240 14 35
255 242 15 35
255 231 16 35
255 242 18 35
255 239 19 35
255 231 23 35
255 232 27 35
255 245 28 35
255 246 29 35
255 246 31 35
255 246 32 35
255 244 33 35
255 234 35 35
255 235 36 35
255 245 42 35
255 242 43 35
255 255 44 35
123 93 10 36
123 101 11 36
123 118 15 36
123 137 16 36
123 115 17 36
123 108 18 36
123 117 20 36
123 118 21 36
123 149 21 36
123 113 23 36
123 113 27 36
123 93 31 36
123 95 34 36
123 139 38 36
123 93 39 36
123 111 40 36
123 97 49 36
128 101 11 36
128 118 15 36
128 137 16 36
128 115 17 36
128 108 18 36
128 117 20 36
128 118 21 36
128 149 21 36
128 113 23 36
128 113 27 36
128 139 38 36
128 111 40 36
128 153 43 36
255 242 10 36
255 242 11 36
255 242 12 36
255 240 13 36
255 242 14 36
255 231 15 36
255 242 17 36
255 239 18 36
255 231 22 36
255 232 26 36
255 245 27 36
255 246 28 36
255 246 30 36
255 246 31 36
255 244 32 36
255 234 34 36
255 235 35 36
255 245 41 36
255 242 42 36
255 255 43 36
110 101 10 37
110 87 13 37
110 118 14 37
110 89 15 37
110 137 15 37
110 115 16 37
110 108 17 37
110 117 19 37
110 118 20 37
110 113 22 37
110 83 24 37
110 81 25 37
110 113 26 37
110 92 28 37
110 93 30 37
110 86 31 37
110 83 32 37
110 95 33 37
110 84 35 37
110 92 37 37
110 139 37 37
110 93 38 37
110 111 39 37
110 90 40 37
110 89 45 37
110 97 48 37
171 149 20 37
171 164 22 37
171 187 23 37
171 187 24 37
171 177 32 37
171 178 36 37
171 153 42 37
171 188 45 37
171 159 47 37
116 87 12 38
116 118 13 38
116 89 14 38
116 137 14 38
116 115 15 38
116 108 16 38
116 117 18 38
116 118 19 38
116 113 21 38
116 113 25 38
116 92 27 38
116 93 29 38
116 86 30 38
116 95 32 38
116 92 36 38
116 139 36 38
116 93 37 38
116 111 38 38
116 90 39 38
116 89 44 38
116 97 47 38
146 118 13 38
146 137 14 38
146 117 18 38
146 118 19 38
146 149 19 38
146 164 21 38
146 139 36 38
146 153 41 38
146 159 46 38
96 87 11 39
96 118 12 39
96 89 13 39
96 115 14 39
96 108 15 39
96 117 17 39
96 118 18 39
96 113 20 39
96 68 21 39
96 83 22 39
96 81 23 39
96 113 24 39
96 92 26 39
96 93 28 39
96 86 29 39
96 83 30 39
96 95 31 39
96 79 32 39
96 84 33 39
96 66 34 39
96 92 35 39
96 93 36 39
96 111 37 39
96 90 38 39
96 74 39 39
96 89 43 39
96 76 45 39
96 97 46 39
174 149 18 39
174 164 20 39
174 187 21 39
174 187 22 39
174 177 30 39
174 178 34 39
174 153 40 39
174 188 43 39
174 159 45 39
115 87 10 40
115 118 11 40
115 89 12 40
115 137 12 40
115 115 13 40
115 108 14 40
115 117 16 40
115 118 17 40
115 113 19 40
115 113 23 40
115 92 25 40
115 93 27 40
115 86 28 40
115 95 30 40
115 92 34 40
115 139 34 40
115 93 35 40
115 111 36 40
115 90 37 40
115 89 42 40
115 97 45 40
65 89 11 41
65 68 19 41
65 40 20 41
65 83 20 41
65 81 21 41
65 92 24 41
65 93 26 41
65 86 27 41
65 57 28 41
65 83 28 41
65 79 30 41
65 55 31 41
65 84 31 41
65 66 32 41
65 43 33 41
65 92 33 41
65 45 34 41
65 93 34 41
65 90 36 41
65 37 37 41
65 74 37 41
65 45 38 41
65 89 41 41
65 76 43 41
65 58 44 41
238 231 10 41
238 242 12 41
238 239 13 41
238 217 14 41
238 224 15 41
238 231 17 41
238 232 21 41
238 245 22 41
238 246 23 41
238 246 25 41
238 246 26 41
238 244 27 41
238 234 29 41
238 235 30 41
238 209 35 41
238 245 36 41
238 242 37 41
238 255 38 41
29 2 17 42
29 3 17 42
29 26 19 42
29 40 19 42
29 27 24 42
29 31 24 42
29 18 25 42
29 34 25 42
29 16 26 42
29 19 27 42
29 57 27 42
29 55 30 42
29 21 32 42
29 43 32 42
29 45 33 42
29 37 36 42
29 13 37 42
29 21 37 42
29 45 37 42
29 18 38 42
29 29 39 42
29 33 42 42
29 58 43 42
37 26 19 42
37 40 19 42
37 27 24 42
37 31 24 42
37 18 25 42
37 34 25 42
37 16 26 42
37 19 27 42
37 57 27 42
37 55 30 42
37 66 31 42
37 21 32 42
37 43 32 42
37 45 33 42
37 37 36 42
37 13 37 42
37 21 37 42
37 45 37 42
37 18 38 42
37 29 39 42
37 33 42 42
37 58 43 42
112 89 10 42
112 137 10 42
112 115 11 42
112 108 12 42
112 117 14 42
112 118 15 42
112 113 17 42
112 83 19 42
112 113 21 42
112 92 23 42
112 93 25 42
112 86 26 42
112 83 27 42
112 95 28 42
112 84 30 42
112 92 32 42
112 139 32 42
112 93 33 42
112 111 34 42
112 90 35 42
112 89 40 42
112 97 43 42
228 242 11 42
228 239 12 42
228 217 13 42
228 224 14 42
228 231 16 42
228 232 20 42
228 245 21 42
228 246 22 42
228 246 24 42
228 246 25 42
228 244 26 42
228 234 28 42
228 235 29 42
228 209 34 42
228 245 35 42
228 242 36 42
228 255 37 42
228 206 43 42
45 68 17 43
45 26 18 43
45 40 18 43
45 27 23 43
45 31 23 43
45 18 24 43
45 34 24 43
45 16 25 43
45 19 26 43
45 57 26 43
45 55 29 43
45 66 30 43
45 21 31 43
45 43 31 43
45 45 32 43
45 37 35 43
45 74 35 43
45 21 36 43
45 45 36 43
45 18 37 43
45 29 38 43
45 33 41 43
45 58 42 43
112 115 10 43
112 108 11 43
112 117 13 43
112 118 14 43
112 113 16 43
112 83 18 43
112 113 20 43
112 92 22 43
112 93 24 43
112 86 25 43
112 83 26 43
112 95 27 43
112 84 29 43
112 92 31 43
112 139 31 43
112 93 32 43
112 111 33 43
112 90 34 43
112 89 39 43
112 97 42 43
169 149 14 43
169 164 16 43
169 187 17 43
169 187 18 43
169 177 26 43
169 178 30 43
169 139 31 43
169 153 36 43
169 188 39 43
169 159 41 43
126 108 10 44
126 117 12 44
126 118 13 44
126 149 13 44
126 113 15 44
126 113 19 44
126 139 30 44
126 111 32 44
126 153 35 44
126 97 41 44
232 239 10 44
232 217 11 44
232 224 12 44
232 231 14 44
232 232 18 44
232 245 19 44
232 246 20 44
232 246 22 44
232 246 23 44
232 244 24 44
232 234 26 44
232 235 27 44
232 209 32 44
232 245 33 44
232 242 34 44
232 255 35 44
232 206 41 44
34 26 16 45
34 40 16 45
34 27 21 45
34 31 21 45
34 18 22 45
34 34 22 45
34 16 23 45
34 19 24 45
34 57 24 45
34 55 27 45
34 21 29 45
34 43 29 45
34 45 30 45
34 37 33 45
34 13 34 45
34 21 34 45
34 45 34 45
34 18 35 45
34 29 36 45
34 33 39 45
34 58 40 45
96 117 11 45
96 118 12 45
96 113 14 45
96 68 15 45
96 83 16 45
96 81 17 45
96 113 18 45
96 92 20 45
96 93 22 45
96 86 23 45
96 83 24 45
96 95 25 45
96 79 26 45
96 84 27 45
96 66 28 45
96 92 29 45
96 93 30 45
96 111 31 45
96 90 32 45
96 74 33 45
96 89 37 45
96 76 39 45
96 97 40 45
179 149 12 45
179 164 14 45
179 187 15 45
179 187 16 45
179 177 24 45
179 178 28 45
179 153 34 45
179 188 37 45
179 159 39 45
179 206 40 45
93 117 10 46
93 118 11 46
93 113 13 46
93 68 14 46
93 83 15 46
93 81 16 46
93 113 17 46
93 92 19 46
93 93 21 46
93 86 22 46
93 83 23 46
93 95 24 46
93 79 25 46
93 84 26 46
93 66 27 46
93 92 28 46
93 93 29 46
93 111 30 46
93 90 31 46
93 74 32 46
93 89 36 46
93 76 38 46
93 97 39 46
242 224 10 46
242 231 12 46
242 232 16 46
242 245 17 46
242 246 18 46
242 246 20 46
242 246 21 46
242 244 22 46
242 234 24 46
242 235 25 46
242 245 31 46
242 242 32 46
242 255 33 46
101 118 10 47
101 113 12 47
101 83 14 47
101 81 15 47
101 113 16 47
101 92 18 47
101 93 20 47
101 86 21 47
101 83 22 47
101 95 23 47
101 79 24 47
101 84 25 47
101 92 27 47
101 93 28 47
101 111 29 47
101 90 30 47
101 74 31 47
101 89 35 47
101 76 37 47
101 97 38 47
242 231 11 47
242 232 15 47
242 245 16 47
242 246 17 47
242 246 19 47
242 246 20 47
242 244 21 47
242 234 23 47
242 235 24 47
242 245 30 47
242 242 31 47
242 255 32 47
242 231 10 48
242 232 14 48
242 245 15 48
242 246 16 48
242 246 18 48
242 246 19 48
242 244 20 48
242 234 22 48
242 235 23 48
242 245 29 48
242 242 30 48
242 255 31 48
0 2 10 49
0 3 10 49
0 26 12 49
0 27 17 49
0 18 18 49
0 16 19 49
0 19 20 49
0 21 25 49
0 13 30 49
0 21 30 49
0 18 31 49
0 29 32 49
1 2 10 49
1 3 10 49
1 26 12 49
1 27 17 49
1 18 18 49
1 16 19 49
1 19 20 49
1 21 25 49
1 13 30 49
1 21 30 49
1 18 31 49
1 29 32 49
3 2 10 49
3 3 10 49
3 26 12 49
3 27 17 49
3 31 17 49
3 18 18 49
3 16 19 49
3 19 20 49
3 21 25 49
3 13 30 49
3 21 30 49
3 18 31 49
3 29 32 49
240 232 13 49
240 245 14 49
240 246 15 49
240 246 17 49
240 246 18 49
240 244 19 49
240 234 21 49
240 235 22 49
240 245 28 49
240 242 29 49
240 255 30 49
87 68 10 50
87 83 11 50
87 81 12 50
87 113 13 50
87 92 15 50
87 93 17 50
87 86 18 50
87 57 19 50
87 83 19 50
87 95 20 50
87 79 21 50
87 84 22 50
87 66 23 50
87 92 24 50
87 93 25 50
87 111 26 50
87 90 27 50
87 74 28 50
87 89 32 50
87 76 34 50
87 58 35 50
87 97 35 50
242 232 12 50
242 245 13 50
242 246 14 50
242 246 16 50
242 246 17 50
242 244 18 50
242 234 20 50
242 235 21 50
242 245 27 50
242 242 28 50
242 255 29 50
118 113 12 51
118 92 14 51
118 93 16 51
118 95 19 51
118 92 23 51
118 139 23 51
118 93 24 51
118 111 25 51
118 90 26 51
118 89 31 51
118 97 34 51
231 232 11 51
231 245 12 51
231 246 13 51
231 246 15 51
231 246 16 51
231 244 17 51
231 234 19 51
231 235 20 51
231 209 25 51
231 245 26 51
231 242 27 51
231 255 28 51
231 206 34 51
89 81 10 52
89 113 11 52
89 92 13 52
89 93 15 52
89 86 16 52
89 83 17 52
89 95 18 52
89 79 19 52
89 84 20 52
89 66 21 52
89 92 22 52
89 93 23 52
89 111 24 52
89 90 25 52
89 74 26 52
89 89 30 52
89 76 32 52
89 97 33 52
137 113 11 52
137 139 22 52
137 111 24 52
137 153 27 52
137 159 32 52
115 113 10 53
115 92 12 53
115 93 14 53
115 86 15 53
115 95 17 53
115 92 21 53
115 139 21 53
115 93 22 53
115 111 23 53
115 90 24 53
115 89 29 53
115 97 32 53
242 245 10 53
242 246 11 53
242 246 13 53
242 246 14 53
242 244 15 53
242 234 17 53
242 235 18 53
242 245 24 53
242 242 25 53
242 255 26 53
108 92 11 54
108 93 13 54
108 86 14 54
108 83 15 54
108 95 16 54
108 79 17 54
108 84 18 54
108 92 20 54
108 93 21 54
108 111 22 54
108 90 23 54
108 89 28 54
108 97 31 54
239 246 10 54
239 246 12 54
239 246 13 54
239 244 14 54
239 234 16 54
239 235 17 54
239 209 22 54
239 245 23 54
239 242 24 54
239 255 25 54
217 246 11 55
217 246 12 55
217 244 13 55
217 234 15 55
217 235 16 55
217 209 21 55
217 245 22 55
217 242 23 55
217 188 27 55
217 206 30 55
117 93 11 56
117 95 14 56
117 92 18 56
117 139 18 56
117 93 19 56
117 111 20 56
117 90 21 56
117 89 26 56
117 97 29 56
224 246 10 56
224 246 11 56
224 244 12 56
224 234 14 56
224 235 15 56
224 209 20 56
224 245 21 56
224 242 22 56
224 206 29 56
118 93 10 57
118 95 13 57
118 92 17 57
118 139 17 57
118 93 18 57
118 111 19 57
118 90 20 57
118 89 25 57
118 97 28 57
149 177 12 57
149 178 16 57
149 139 17 57
149 153 22 57
149 159 27 57
231 244 10 58
231 234 12 58
231 235 13 58
231 209 18 58
231 245 19 58
231 242 20 58
231 255 21 58
231 206 27 58
2 19 10 59
2 21 15 59
2 13 20 59
2 21 20 59
2 18 21 59
2 29 22 59
3 19 10 59
3 21 15 59
3 13 20 59
3 21 20 59
3 18 21 59
3 29 22 59
113 83 10 59
113 95 11 59
113 84 13 59
113 92 15 59
113 139 15 59
113 93 16 59
113 111 17 59
113 90 18 59
113 89 23 59
113 97 26 59
164 177 10 59
164 178 14 59
164 139 15 59
164 153 20 59
164 188 23 59
164 159 25 59
68 95 10 60
68 79 11 60
68 55 12 60
68 84 12 60
68 66 13 60
68 43 14 60
68 92 14 60
68 45 15 60
68 93 15 60
68 90 17 60
68 74 18 60
68 45 19 60
68 89 22 60
68 76 24 60
68 58 25 60
68 97 25 60
187 178 13 60
187 209 16 60
187 188 22 60
187 159 24 60
187 206 25 60
26 55 11 61
26 21 13 61
26 43 13 61
26 45 14 61
26 37 17 61
26 13 18 61
26 21 18 61
26 45 18 61
26 18 19 61
26 29 20 61
26 33 23 61
40 55 11 61
40 66 12 61
40 21 13 61
40 43 13 61
40 45 14 61
40 37 17 61
40 13 18 61
40 21 18 61
40 45 18 61
40 18 19 61
40 29 20 61
40 33 23 61
40 58 24 61
83 79 10 61
83 55 11 61
83 84 11 61
83 66 12 61
83 92 13 61
83 93 14 61
83 111 15 61
83 90 16 61
83 74 17 61
83 89 21 61
83 76 23 61
83 58 24 61
83 97 24 61
187 178 12 61
187 209 15 61
187 188 21 61
187 159 23 61
187 206 24 61
81 55 10 62
81 84 10 62
81 66 11 62
81 92 12 62
81 93 13 62
81 90 15 62
81 74 16 62
81 89 20 62
81 76 22 62
81 58 23 62
81 97 23 62
232 209 14 62
232 245 15 62
232 242 16 62
232 255 17 62
232 206 23 62
113 92 11 63
113 139 11 63
113 93 12 63
113 111 13 63
113 90 14 63
113 89 19 63
113 97 22 63
245 245 14 63
245 242 15 63
245 255 16 63
246 245 13 64
246 242 14 64
246 255 15 64
92 93 10 65
92 111 11 65
92 90 12 65
92 74 13 65
92 89 17 65
92 76 19 65
92 97 20 65
27 37 12 66
27 13 13 66
27 21 13 66
27 45 13 66
27 18 14 66
27 29 15 66
27 33 18 66
31 37 12 66
31 13 13 66
31 21 13 66
31 45 13 66
31 18 14 66
31 29 15 66
31 33 18 66
31 58 19 66
246 245 11 66
246 242 12 66
246 255 13 66
18 37 11 67
18 13 12 67
18 21 12 67
18 45 12 67
18 18 13 67
18 29 14 67
18 33 17 67
34 37 11 67
34 13 12 67
34 21 12 67
34 45 12 67
34 18 13 67
34 29 14 67
34 33 17 67
34 58 18 67
93 90 10 67
93 74 11 67
93 89 15 67
93 76 17 67
93 97 18 67
246 245 10 67
246 242 11 67
246 255 12 67
16 37 10 68
16 13 11 68
16 21 11 68
16 45 11 68
16 18 12 68
16 29 13 68
16 33 16 68
86 74 10 68
86 89 14 68
86 76 16 68
86 58 17 68
86 97 17 68
244 242 10 68
244 255 11 68
19 13 10 69
19 21 10 69
19 45 10 69
19 18 11 69
19 29 12 69
19 33 15 69
57 45 10 69
57 29 12 69
57 33 15 69
57 76 15 69
57 58 16 69
83 89 13 69
83 76 15 69
83 58 16 69
83 97 16 69
177 153 10 69
177 188 13 69
177 159 15 69
177 206 16 69
95 89 12 70
95 76 14 70
95 97 15 70
234 206 15 70
79 89 11 71
79 76 13 71
79 58 14 71
79 97 14 71
235 206 14 71
55 33 12 72
55 76 12 72
55 58 13 72
84 89 10 72
84 76 12 72
84 58 13 72
84 97 13 72
66 76 11 73
66 58 12 73
178 159 11 73
178 206 12 73
21 33 10 74
43 33 10 74
43 58 11 74
92 76 10 74
92 97 11 74
139 159 10 74
45 58 10 75
93 97 10 75
