74 59 1 3
74 94 2 3
74 54 3 3
74 63 3 3
74 122 7 3
74 114 8 3
74 47 9 3
74 46 11 3
74 77 20 3
156 131 2 3
156 142 3 3
156 137 4 3
156 138 5 3
156 124 6 3
156 204 6 3
156 122 7 3
156 167 7 3
156 114 8 3
156 139 9 3
156 147 20 3
1023 1023 8 3
1023 1023 10 3
59 23 1 4
59 94 1 4
59 54 2 4
59 63 2 4
59 47 8 4
59 46 10 4
59 77 19 4
322 361 4 4
322 368 6 4
322 340 7 4
322 340 9 4
322 343 19 4
322 355 20 4
544 519 10 4
544 538 20 4
0 47 7 5
0 0 9 5
0 46 9 5
3 47 7 5
3 0 9 5
3 46 9 5
23 54 1 5
23 63 1 5
23 47 7 5
23 0 9 5
23 46 9 5
94 54 1 5
94 63 1 5
94 142 1 5
94 137 2 5
94 138 3 5
94 124 4 5
94 122 5 5
94 114 6 5
94 47 7 5
94 139 7 5
94 46 9 5
94 77 18 5
94 136 19 5
131 142 1 5
131 137 2 5
131 138 3 5
131 124 4 5
131 122 5 5
131 167 5 5
131 114 6 5
131 139 7 5
131 147 18 5
131 136 19 5
131 148 20 5
642 666 3 5
642 669 4 5
642 643 5 5
642 629 7 5
642 609 8 5
642 645 18 5
54 47 6 6
54 46 8 6
54 77 17 6
54 9 20 6
54 18 20 6
54 47 20 6
54 82 20 6
63 47 6 6
63 46 8 6
63 77 17 6
63 18 20 6
63 47 20 6
63 82 20 6
142 137 1 6
142 138 2 6
142 124 3 6
142 122 4 6
142 167 4 6
142 114 5 6
142 139 6 6
142 147 17 6
142 136 18 6
142 148 19 6
142 129 20 6
887 886 1 6
887 885 5 6
137 138 1 7
137 124 2 7
137 122 3 7
137 167 3 7
137 114 4 7
137 139 5 7
137 147 16 7
137 136 17 7
137 148 18 7
137 129 19 7
137 185 20 7
886 885 4 7
138 124 1 8
138 122 2 8
138 167 2 8
138 114 3 8
138 139 4 8
138 147 15 8
138 136 16 8
138 148 17 8
138 129 18 8
138 185 19 8
361 375 1 8
361 368 2 8
361 340 3 8
361 340 5 8
361 374 6 8
361 343 15 8
361 355 16 8
361 319 19 8
361 348 20 8
666 669 1 8
666 643 2 8
666 629 4 8
666 645 15 8
666 631 18 8
124 122 1 9
124 167 1 9
124 114 2 9
124 139 3 9
124 77 14 9
124 147 14 9
124 136 15 9
124 148 16 9
124 82 17 9
124 129 17 9
204 167 1 9
204 232 2 9
204 185 18 9
204 174 20 9
375 368 1 9
375 340 2 9
375 340 4 9
375 374 5 9
375 343 14 9
375 355 15 9
375 348 19 9
669 643 1 9
669 629 3 9
669 645 14 9
669 631 17 9
669 653 20 9
122 114 1 10
122 139 2 10
122 77 13 10
122 147 13 10
122 136 14 10
122 148 15 10
122 82 16 10
122 129 16 10
167 139 2 10
167 147 13 10
167 136 14 10
167 148 15 10
167 129 16 10
167 185 17 10
167 174 19 10
368 340 1 10
368 340 3 10
368 374 4 10
368 343 13 10
368 355 14 10
368 319 17 10
368 348 18 10
643 629 2 10
643 609 3 10
643 645 13 10
643 631 16 10
643 653 19 10
643 635 20 10
114 139 1 11
114 77 12 11
114 147 12 11
114 136 13 11
114 148 14 11
114 82 15 11
114 129 15 11
114 71 17 11
232 185 16 11
232 257 19 11
232 197 20 11
232 265 20 11
340 340 2 11
340 374 3 11
340 343 12 11
340 355 13 11
340 291 15 11
340 319 16 11
340 348 17 11
340 292 18 11
1023 1023 2 11
47 0 2 12
47 46 2 12
47 77 11 12
47 1 14 12
47 3 14 12
47 9 14 12
47 18 14 12
47 47 14 12
47 82 14 12
47 11 15 12
47 15 15 12
47 71 16 12
47 49 18 12
47 5 19 12
47 7 19 12
47 16 19 12
47 50 19 12
47 31 20 12
139 147 11 12
139 136 12 12
139 148 13 12
139 129 14 12
139 185 15 12
139 174 17 12
139 133 20 12
629 609 1 12
629 645 11 12
629 631 14 12
629 653 17 12
629 635 18 12
629 651 19 12
340 374 1 13
340 343 10 13
340 355 11 13
340 291 13 13
340 319 14 13
340 348 15 13
340 292 16 13
340 361 20 13
609 645 10 13
609 631 13 13
609 653 16 13
609 635 17 13
609 651 18 13
0 1 12 14
0 3 12 14
0 9 12 14
0 18 12 14
0 47 12 14
0 11 13 14
0 15 13 14
0 49 16 14
0 5 17 14
0 7 17 14
0 16 17 14
0 31 18 14
46 77 9 14
46 1 12 14
46 3 12 14
46 9 12 14
46 18 12 14
46 47 12 14
46 82 12 14
46 11 13 14
46 15 13 14
46 71 14 14
46 49 16 14
46 5 17 14
46 7 17 14
46 16 17 14
46 50 17 14
46 31 18 14
374 343 9 14
374 355 10 14
374 348 14 14
374 361 19 14
519 538 10 14
519 512 13 14
519 516 14 14
519 548 18 14
519 558 19 14
77 47 3 23
77 82 3 23
77 71 5 23
77 49 7 23
77 50 8 23
77 31 9 23
77 112 10 23
77 39 12 23
77 126 12 23
77 41 13 23
77 84 13 23
77 42 15 23
77 103 15 23
77 43 16 23
77 114 16 23
147 136 1 23
147 148 2 23
147 129 3 23
147 185 4 23
147 174 6 23
147 133 9 23
147 112 10 23
147 128 10 23
147 170 11 23
147 126 12 23
147 127 12 23
147 155 14 23
147 103 15 23
147 153 15 23
147 114 16 23
147 142 16 23
343 355 1 23
343 319 4 23
343 348 5 23
343 361 10 23
343 299 13 23
343 362 16 23
645 631 3 23
645 653 6 23
645 635 7 23
645 651 8 23
645 684 12 23
136 148 1 24
136 129 2 24
136 185 3 24
136 174 5 24
136 133 8 24
136 112 9 24
136 128 9 24
136 170 10 24
136 126 11 24
136 127 11 24
136 155 13 24
136 103 14 24
136 153 14 24
136 114 15 24
136 142 15 24
355 319 3 24
355 348 4 24
355 361 9 24
355 362 15 24
538 512 3 24
538 516 4 24
538 548 8 24
538 558 9 24
538 518 12 24
538 537 13 24
538 543 15 24
148 129 1 25
148 185 2 25
148 174 4 25
148 197 6 25
148 133 7 25
148 112 8 25
148 128 8 25
148 170 9 25
148 126 10 25
148 127 10 25
148 155 12 25
148 103 13 25
148 153 13 25
148 114 14 25
148 142 14 25
744 733 9 25
744 759 13 25
1 11 1 26
1 15 1 26
1 49 4 26
1 5 5 26
1 7 5 26
1 16 5 26
1 50 5 26
1 31 6 26
1 4 9 26
1 39 9 26
1 41 10 26
1 42 12 26
1 43 13 26
3 11 1 26
3 15 1 26
3 49 4 26
3 5 5 26
3 7 5 26
3 16 5 26
3 50 5 26
3 31 6 26
3 4 9 26
3 39 9 26
3 41 10 26
3 42 12 26
3 43 13 26
9 11 1 26
9 15 1 26
9 49 4 26
9 5 5 26
9 7 5 26
9 16 5 26
9 50 5 26
9 31 6 26
9 4 9 26
9 39 9 26
9 41 10 26
9 42 12 26
9 43 13 26
18 11 1 26
18 15 1 26
18 49 4 26
18 5 5 26
18 7 5 26
18 16 5 26
18 50 5 26
18 31 6 26
18 4 9 26
18 39 9 26
18 41 10 26
18 42 12 26
18 43 13 26
47 11 1 26
47 15 1 26
47 71 2 26
47 49 4 26
47 5 5 26
47 7 5 26
47 16 5 26
47 50 5 26
47 31 6 26
47 4 9 26
47 39 9 26
47 41 10 26
47 84 10 26
47 42 12 26
47 43 13 26
82 71 2 26
82 49 4 26
82 50 5 26
82 112 7 26
82 128 7 26
82 39 9 26
82 126 9 26
82 127 9 26
82 41 10 26
82 84 10 26
82 42 12 26
82 103 12 26
82 43 13 26
82 114 13 26
129 174 3 26
129 133 6 26
129 112 7 26
129 128 7 26
129 170 8 26
129 126 9 26
129 127 9 26
129 84 10 26
129 155 11 26
129 103 12 26
129 153 12 26
129 114 13 26
129 142 13 26
291 319 1 26
291 292 3 26
291 257 4 26
291 265 5 26
291 285 6 26
291 257 8 26
291 299 10 26
631 653 3 26
631 635 4 26
631 651 5 26
11 49 3 27
11 5 4 27
11 7 4 27
11 16 4 27
11 50 4 27
11 31 5 27
11 4 8 27
11 39 8 27
11 41 9 27
11 42 11 27
11 43 12 27
15 49 3 27
15 5 4 27
15 7 4 27
15 16 4 27
15 50 4 27
15 31 5 27
15 4 8 27
15 39 8 27
15 41 9 27
15 42 11 27
15 43 12 27
185 174 2 27
185 197 4 27
185 170 7 27
185 155 10 27
185 153 11 27
185 142 12 27
319 348 1 27
319 292 2 27
319 285 5 27
319 361 6 27
319 299 9 27
319 362 12 27
512 516 1 27
512 548 5 27
512 558 6 27
512 518 9 27
512 537 10 27
512 543 12 27
71 49 2 28
71 50 3 28
71 31 4 28
71 112 5 28
71 39 7 28
71 41 8 28
71 84 8 28
71 42 10 28
71 103 10 28
71 43 11 28
71 114 11 28
348 361 5 28
348 299 8 28
348 362 11 28
516 548 4 28
516 558 5 28
516 518 8 28
516 537 9 28
516 543 11 28
174 197 2 29
174 133 3 29
174 128 4 29
174 170 5 29
174 126 6 29
174 127 6 29
174 155 8 29
174 153 9 29
174 142 10 29
292 257 1 29
292 265 2 29
292 285 3 29
292 257 5 29
292 299 7 29
653 635 1 29
653 651 2 29
653 684 6 29
49 5 1 30
49 7 1 30
49 16 1 30
49 50 1 30
49 31 2 30
49 4 5 30
49 39 5 30
49 41 6 30
49 84 6 30
49 42 8 30
49 43 9 30
257 265 1 30
257 285 2 30
257 257 4 30
257 299 6 30
635 651 1 30
635 684 5 30
5 31 1 31
5 4 4 31
5 39 4 31
5 41 5 31
5 42 7 31
5 43 8 31
7 31 1 31
7 4 4 31
7 39 4 31
7 41 5 31
7 42 7 31
7 43 8 31
16 31 1 31
16 4 4 31
16 39 4 31
16 41 5 31
16 42 7 31
16 43 8 31
50 31 1 31
50 4 4 31
50 39 4 31
50 41 5 31
50 84 5 31
50 42 7 31
50 43 8 31
197 170 3 31
197 155 6 31
197 153 7 31
265 285 1 31
265 257 3 31
265 299 5 31
651 684 4 31
31 4 3 32
31 39 3 32
31 41 4 32
31 42 6 32
31 43 7 32
133 112 1 32
133 128 1 32
133 170 2 32
133 126 3 32
133 127 3 32
133 84 4 32
133 155 5 32
133 103 6 32
133 153 6 32
133 114 7 32
133 142 7 32
285 257 2 32
285 299 4 32
548 558 1 32
548 518 4 32
548 537 5 32
548 543 7 32
112 126 2 33
112 127 2 33
112 84 3 33
112 155 4 33
112 103 5 33
112 153 5 33
112 114 6 33
112 142 6 33
128 170 1 33
128 126 2 33
128 127 2 33
128 84 3 33
128 155 4 33
128 103 5 33
128 153 5 33
128 114 6 33
128 142 6 33
361 362 6 33
558 518 3 33
558 537 4 33
558 543 6 33
170 126 1 34
170 127 1 34
170 155 3 34
170 153 4 34
170 142 5 34
257 299 2 34
733 684 1 34
733 759 4 34
4 41 1 35
4 42 3 35
4 43 4 35
39 41 1 35
39 84 1 35
39 42 3 35
39 43 4 35
126 84 1 35
126 155 2 35
126 103 3 35
126 153 3 35
126 114 4 35
126 142 4 35
127 84 1 35
127 155 2 35
127 103 3 35
127 153 3 35
127 114 4 35
127 142 4 35
41 42 2 36
41 43 3 36
84 42 2 36
84 103 2 36
84 43 3 36
84 114 3 36
518 537 1 36
518 543 3 36
155 153 1 37
155 114 2 37
155 142 2 37
440 434 1 37
537 543 2 37
42 43 1 38
103 114 1 38
103 142 1 38
153 114 1 38
153 142 1 38
