197 195 3 0
197 211 5 0
197 191 29 0
197 203 31 0
197 194 42 0
197 200 44 0
197 212 45 0
341 354 10 0
341 348 11 0
341 322 14 0
341 321 20 0
341 350 31 0
341 326 34 0
341 332 35 0
341 356 36 0
341 345 37 0
341 344 42 0
341 333 44 0
341 359 45 0
252 260 5 1
252 243 6 1
252 246 7 1
252 258 8 1
252 233 11 1
252 239 19 1
252 261 25 1
252 268 49 1
255 260 5 1
255 243 6 1
255 246 7 1
255 258 8 1
255 239 19 1
255 274 23 1
255 261 25 1
255 272 26 1
255 268 49 1
144 124 1 2
144 155 7 2
144 137 11 2
144 129 12 2
144 138 15 2
144 153 17 2
144 132 23 2
144 134 30 2
144 127 35 2
144 124 36 2
484 503 27 2
484 478 37 2
484 498 41 2
484 465 46 2
49 34 1 3
49 29 5 3
49 42 5 3
49 61 7 3
49 65 7 3
49 46 8 3
49 31 11 3
49 42 15 3
49 48 16 3
49 32 17 3
49 45 18 3
49 40 26 3
49 64 26 3
49 60 27 3
49 45 28 3
49 64 28 3
49 56 29 3
49 63 30 3
49 43 32 3
49 36 39 3
49 56 41 3
49 66 46 3
49 64 47 3
124 109 5 3
124 105 6 3
124 137 10 3
124 116 11 3
124 129 11 3
124 138 14 3
124 132 22 3
124 134 29 3
124 122 34 3
124 127 34 3
124 124 35 3
124 109 39 3
195 211 2 3
195 191 26 3
195 203 28 3
195 194 39 3
195 200 41 3
195 212 42 3
195 176 44 3
297 277 2 3
297 309 4 3
297 310 9 3
297 287 10 3
297 285 12 3
297 305 25 3
297 282 27 3
297 303 29 3
297 301 30 3
511 503 26 3
511 498 40 3
23 6 4 4
23 14 4 4
23 29 4 4
23 42 4 4
23 8 5 4
23 18 5 4
23 6 8 4
23 7 8 4
23 16 8 4
23 31 10 4
23 42 14 4
23 5 15 4
23 15 16 4
23 32 16 4
23 3 23 4
23 9 23 4
23 9 25 4
23 40 25 4
23 21 29 4
23 22 31 4
23 36 38 4
34 14 4 4
34 29 4 4
34 42 4 4
34 18 5 4
34 46 7 4
34 16 8 4
34 31 10 4
34 42 14 4
34 48 15 4
34 15 16 4
34 32 16 4
34 45 17 4
34 40 25 4
34 45 27 4
34 21 29 4
34 22 31 4
34 43 31 4
34 36 38 4
96 83 1 4
96 109 4 4
96 105 5 4
96 99 15 4
96 84 18 4
96 83 21 4
96 85 22 4
96 100 26 4
96 91 31 4
96 109 38 4
96 79 43 4
411 428 34 4
411 401 36 4
411 391 42 4
83 72 1 5
83 65 5 5
83 99 14 5
83 84 17 5
83 83 20 5
83 85 21 5
83 75 22 5
83 64 24 5
83 100 25 5
83 64 26 5
83 63 28 5
83 91 30 5
83 79 42 5
83 66 44 5
83 64 45 5
211 224 6 5
211 191 24 5
211 225 25 5
211 203 26 5
211 217 30 5
211 230 34 5
211 194 37 5
211 200 39 5
211 212 40 5
277 260 1 5
277 258 4 5
277 287 8 5
277 285 10 5
277 274 19 5
277 261 21 5
277 272 22 5
277 282 25 5
277 268 45 5
72 61 4 6
72 65 4 6
72 84 16 6
72 83 19 6
72 85 20 6
72 75 21 6
72 64 23 6
72 60 24 6
72 64 25 6
72 56 26 6
72 63 27 6
72 91 29 6
72 56 38 6
72 79 41 6
72 66 43 6
72 64 44 6
173 155 3 6
173 153 13 6
173 170 15 6
173 172 17 6
173 174 18 6
173 191 23 6
173 168 28 6
173 176 41 6
173 171 43 6
173 165 44 6
260 243 1 6
260 246 2 6
260 258 3 6
260 274 18 6
260 261 20 6
260 272 21 6
260 268 44 6
243 246 1 7
243 258 2 7
243 224 4 7
243 233 5 7
243 239 13 7
243 261 19 7
243 225 23 7
243 230 32 7
309 310 5 7
309 322 7 7
309 321 13 7
309 305 21 7
309 303 25 7
309 301 26 7
309 326 27 7
6 8 1 8
6 18 1 8
6 6 4 8
6 7 4 8
6 16 4 8
6 2 10 8
6 5 11 8
6 15 12 8
6 3 19 8
6 9 19 8
6 1 21 8
6 9 21 8
6 0 23 8
6 2 23 8
6 21 25 8
6 22 27 8
14 8 1 8
14 18 1 8
14 6 4 8
14 7 4 8
14 16 4 8
14 31 6 8
14 2 10 8
14 5 11 8
14 15 12 8
14 32 12 8
14 3 19 8
14 9 19 8
14 1 21 8
14 9 21 8
14 0 23 8
14 2 23 8
14 21 25 8
14 22 27 8
29 18 1 8
29 46 3 8
29 16 4 8
29 31 6 8
29 42 10 8
29 48 11 8
29 15 12 8
29 32 12 8
29 45 13 8
29 9 19 8
29 9 21 8
29 40 21 8
29 45 23 8
29 21 25 8
29 22 27 8
29 43 27 8
29 36 34 8
42 61 2 8
42 46 3 8
42 31 6 8
42 42 10 8
42 48 11 8
42 32 12 8
42 45 13 8
42 40 21 8
42 60 22 8
42 45 23 8
42 56 24 8
42 22 27 8
42 43 27 8
42 36 34 8
42 56 36 8
109 105 1 8
109 116 6 8
109 99 11 8
109 100 22 8
109 91 27 8
109 122 29 8
109 127 29 8
109 124 30 8
109 109 34 8
246 258 1 8
246 233 4 8
246 239 12 8
246 261 18 8
246 230 31 8
381 361 13 8
381 364 15 8
381 375 17 8
381 387 33 8
381 391 38 8
381 372 39 8
381 370 41 8
8 6 3 9
8 7 3 9
8 16 3 9
8 2 9 9
8 5 10 9
8 15 11 9
8 3 18 9
8 9 18 9
8 1 20 9
8 9 20 9
8 0 22 9
8 2 22 9
8 21 24 9
8 22 26 9
18 6 3 9
18 7 3 9
18 16 3 9
18 31 5 9
18 2 9 9
18 5 10 9
18 15 11 9
18 32 11 9
18 3 18 9
18 9 18 9
18 1 20 9
18 9 20 9
18 0 22 9
18 2 22 9
18 21 24 9
18 22 26 9
18 36 33 9
105 116 5 9
105 99 10 9
105 85 17 9
105 100 21 9
105 91 26 9
105 122 28 9
105 124 29 9
105 109 33 9
155 137 4 9
155 138 8 9
155 153 10 9
155 170 12 9
155 172 14 9
155 174 15 9
155 168 25 9
155 171 40 9
155 165 41 9
258 239 11 9
258 274 15 9
258 261 17 9
258 272 18 9
258 268 41 9
61 46 1 10
61 42 8 10
61 48 9 10
61 45 11 10
61 75 17 10
61 64 19 10
61 60 20 10
61 45 21 10
61 64 21 10
61 56 22 10
61 63 23 10
61 43 25 10
61 56 34 10
61 79 37 10
61 66 39 10
61 64 40 10
65 46 1 10
65 48 9 10
65 45 11 10
65 84 12 10
65 83 15 10
65 75 17 10
65 64 19 10
65 60 20 10
65 45 21 10
65 64 21 10
65 56 22 10
65 63 23 10
65 56 34 10
65 79 37 10
65 66 39 10
65 64 40 10
354 348 1 10
354 361 11 10
354 364 13 10
354 350 21 10
354 356 26 10
354 345 27 10
354 344 32 10
354 359 35 10
354 372 37 10
354 370 39 10
46 31 3 11
46 42 7 11
46 48 8 11
46 32 9 11
46 45 10 11
46 40 18 11
46 64 18 11
46 60 19 11
46 45 20 11
46 64 20 11
46 56 21 11
46 63 22 11
46 43 24 11
46 36 31 11
46 56 33 11
46 64 39 11
224 233 1 11
224 239 9 11
224 225 19 11
224 217 24 11
224 230 28 11
224 212 34 11
348 361 10 11
348 364 12 11
348 350 20 11
348 332 24 11
348 356 25 11
348 345 26 11
348 344 31 11
348 333 33 11
348 359 34 11
6 2 6 12
6 5 7 12
6 15 8 12
6 3 15 12
6 9 15 12
6 1 17 12
6 9 17 12
6 0 19 12
6 2 19 12
6 21 21 12
6 22 23 12
7 2 6 12
7 5 7 12
7 15 8 12
7 3 15 12
7 9 15 12
7 1 17 12
7 9 17 12
7 0 19 12
7 2 19 12
7 21 21 12
7 22 23 12
16 31 2 12
16 2 6 12
16 5 7 12
16 15 8 12
16 32 8 12
16 3 15 12
16 9 15 12
16 1 17 12
16 9 17 12
16 0 19 12
16 2 19 12
16 21 21 12
16 22 23 12
233 239 8 12
233 225 18 12
233 217 23 12
233 230 27 12
310 322 2 12
310 321 8 12
310 305 16 12
310 303 20 12
310 301 21 12
310 326 22 12
137 129 1 13
137 138 4 13
137 153 6 13
137 132 12 13
137 134 19 13
137 122 24 13
137 127 24 13
137 124 25 13
287 285 2 13
287 274 11 13
287 272 14 13
287 305 15 13
287 282 17 13
287 303 19 13
287 301 20 13
287 268 37 13
31 42 4 14
31 48 5 14
31 15 6 14
31 32 6 14
31 45 7 14
31 40 15 14
31 45 17 14
31 21 19 14
31 22 21 14
31 43 21 14
31 36 28 14
116 99 5 14
116 132 11 14
116 100 16 14
116 134 18 14
116 122 23 14
116 127 23 14
116 124 24 14
116 109 28 14
129 138 3 14
129 132 11 14
129 134 18 14
129 122 23 14
129 127 23 14
129 124 24 14
129 109 28 14
322 321 6 14
322 305 14 14
322 303 18 14
322 326 20 14
322 332 21 14
322 333 30 14
285 274 9 15
285 272 12 15
285 282 15 15
285 303 17 15
285 301 18 15
285 268 35 15
138 153 2 17
138 132 8 17
138 134 15 17
138 122 20 17
138 127 20 17
138 124 21 17
457 459 5 17
457 465 31 17
2 5 1 18
2 15 2 18
2 3 9 18
2 9 9 18
2 1 11 18
2 9 11 18
2 0 13 18
2 2 13 18
2 21 15 18
42 48 1 18
42 32 2 18
42 45 3 18
42 40 11 18
42 60 12 18
42 45 13 18
42 56 14 18
42 22 17 18
42 43 17 18
42 36 24 18
42 56 26 18
5 15 1 19
5 3 8 19
5 9 8 19
5 1 10 19
5 9 10 19
5 0 12 19
5 2 12 19
5 21 14 19
5 22 16 19
48 32 1 19
48 45 2 19
48 40 10 19
48 64 10 19
48 60 11 19
48 45 12 19
48 64 12 19
48 56 13 19
48 63 14 19
48 43 16 19
48 36 23 19
48 56 25 19
48 66 30 19
48 64 31 19
99 84 3 19
99 83 6 19
99 85 7 19
99 100 11 19
99 91 16 19
99 109 23 19
99 79 28 19
153 170 2 19
153 172 4 19
153 134 13 19
153 168 15 19
153 171 30 19
153 165 31 19
15 3 7 20
15 9 7 20
15 1 9 20
15 9 9 20
15 0 11 20
15 2 11 20
15 21 13 20
15 22 15 20
32 45 1 20
32 40 9 20
32 45 11 20
32 21 13 20
32 22 15 20
32 43 15 20
32 36 22 20
239 225 10 20
239 230 19 20
321 305 8 20
321 303 12 20
321 301 13 20
321 326 14 20
321 332 15 20
321 333 24 20
45 40 8 21
45 64 8 21
45 60 9 21
45 45 10 21
45 64 10 21
45 56 11 21
45 63 12 21
45 43 14 21
45 36 21 21
45 56 23 21
45 64 29 21
170 172 2 21
170 174 3 21
170 168 13 21
170 176 26 21
170 171 28 21
170 165 29 21
361 364 2 21
361 375 4 21
361 350 10 21
361 356 15 21
361 345 16 21
361 344 21 21
361 359 24 21
361 372 26 21
361 370 28 21
84 83 3 22
84 85 4 22
84 75 5 22
84 64 7 22
84 100 8 22
84 64 9 22
84 91 13 22
84 79 25 22
84 66 27 22
84 64 28 22
459 478 17 22
459 465 26 22
172 174 1 23
172 191 6 23
172 168 11 23
172 176 24 23
172 171 26 23
172 165 27 23
364 375 2 23
364 350 8 23
364 356 13 23
364 345 14 23
364 344 19 23
364 359 22 23
364 372 24 23
364 370 26 23
174 191 5 24
174 168 10 24
174 176 23 24
174 171 25 24
174 165 26 24
274 261 2 24
274 272 3 24
274 282 6 24
274 268 26 24
83 85 1 25
83 75 2 25
83 64 4 25
83 100 5 25
83 64 6 25
83 63 8 25
83 91 10 25
83 79 22 25
83 66 24 25
83 64 25 25
132 134 7 25
132 122 12 25
132 127 12 25
132 124 13 25
375 356 11 25
375 387 16 25
375 359 20 25
375 391 21 25
375 372 22 25
375 370 24 25
85 75 1 26
85 100 4 26
85 91 9 26
85 79 21 26
85 66 23 26
261 272 1 26
261 268 24 26
3 1 2 27
3 9 2 27
3 0 4 27
3 2 4 27
3 21 6 27
3 22 8 27
9 1 2 27
9 9 2 27
9 0 4 27
9 2 4 27
9 21 6 27
9 22 8 27
75 64 2 27
75 60 3 27
75 64 4 27
75 56 5 27
75 63 6 27
75 91 8 27
75 56 17 27
75 79 20 27
75 66 22 27
75 64 23 27
272 282 3 27
272 268 23 27
305 303 4 28
305 301 5 28
1 0 2 29
1 2 2 29
9 0 2 29
9 2 2 29
9 21 4 29
9 22 6 29
40 45 2 29
40 56 3 29
40 21 4 29
40 22 6 29
40 43 6 29
40 36 13 29
40 56 15 29
64 60 1 29
64 45 2 29
64 64 2 29
64 56 3 29
64 63 4 29
64 56 15 29
64 79 18 29
64 66 20 29
64 64 21 29
191 203 2 29
191 194 13 29
191 200 15 29
191 176 18 29
191 171 20 29
503 498 14 29
60 45 1 30
60 64 1 30
60 56 2 30
60 63 3 30
60 43 5 30
60 56 14 30
60 79 17 30
60 66 19 30
60 64 20 30
100 91 5 30
100 109 12 30
225 217 5 30
225 230 9 30
225 212 15 30
282 301 3 30
282 268 20 30
2 21 2 31
45 56 1 31
45 63 2 31
45 43 4 31
45 36 11 31
45 56 13 31
45 64 19 31
64 56 1 31
64 63 2 31
64 56 13 31
64 79 16 31
64 66 18 31
64 64 19 31
203 217 4 31
203 194 11 31
203 200 13 31
203 212 14 31
350 332 4 31
350 356 5 31
350 345 6 31
350 344 11 31
350 333 13 31
350 359 14 31
56 63 1 32
56 43 3 32
56 36 10 32
56 56 12 32
56 66 17 32
56 64 18 32
134 122 5 32
134 127 5 32
134 124 6 32
303 301 1 32
21 22 2 33
21 36 9 33
63 43 2 33
63 56 11 33
63 79 14 33
63 66 16 33
63 64 17 33
168 176 13 34
168 171 15 34
168 165 16 34
326 332 1 34
326 345 3 34
326 344 8 34
326 333 10 34
22 36 7 35
43 36 7 35
43 56 9 35
91 109 7 35
91 79 12 35
217 230 4 35
217 200 9 35
217 212 10 35
332 345 2 35
332 344 7 35
332 333 9 35
356 345 1 36
356 344 6 36
356 359 9 36
356 372 11 36
356 370 13 36
122 124 1 37
122 109 5 37
127 124 1 37
127 109 5 37
345 344 5 37
345 333 7 37
345 359 8 37
124 109 4 38
230 212 6 39
478 465 9 39
401 387 1 40
401 391 6 40
387 391 5 41
387 372 6 41
387 370 8 41
194 200 2 42
194 212 3 42
194 176 5 42
344 333 2 42
344 359 3 42
56 66 5 44
56 64 6 44
200 212 1 44
359 372 2 45
359 370 4 45
391 372 1 46
79 66 2 47
79 64 3 47
176 171 2 47
176 165 3 47
372 370 2 47
66 64 1 49
171 165 1 49
