701 743 2 1
701 746 3 1
701 756 4 1
701 739 6 1
701 738 10 1
701 700 16 1
701 751 31 1
701 666 32 1
701 695 33 1
701 655 46 1
701 759 48 1
701 662 49 1
701 749 50 1
313 321 2 2
313 297 3 2
313 295 4 2
313 295 16 2
313 295 29 2
313 351 31 2
313 289 32 2
313 343 50 2
431 414 5 3
431 413 6 3
431 413 7 3
431 414 8 3
431 459 9 3
431 425 13 3
431 456 34 3
431 455 35 3
431 406 36 3
431 424 39 3
431 474 40 3
431 474 41 3
431 374 44 3
431 473 45 3
431 390 47 3
743 746 1 3
743 756 2 3
743 739 4 3
743 738 8 3
743 764 9 3
743 700 14 3
743 751 29 3
743 695 31 3
743 761 36 3
743 759 46 3
743 749 48 3
743 696 49 3
743 741 50 3
321 297 1 4
321 295 2 4
321 295 14 4
321 295 27 4
321 351 29 4
321 289 30 4
321 374 43 4
321 343 48 4
321 289 49 4
321 359 50 4
746 756 1 4
746 739 3 4
746 738 7 4
746 764 8 4
746 700 13 4
746 751 28 4
746 695 30 4
746 761 35 4
746 759 45 4
746 749 47 4
746 696 48 4
746 741 49 4
188 154 15 5
188 191 36 5
188 191 37 5
297 295 1 5
297 295 13 5
297 295 26 5
297 351 28 5
297 289 29 5
297 343 47 5
297 289 48 5
756 739 2 5
756 738 6 5
756 764 7 5
756 700 12 5
756 751 27 5
756 761 34 5
756 759 44 5
756 749 46 5
756 696 47 5
756 741 48 5
295 295 12 6
295 295 25 6
295 351 27 6
295 289 28 6
295 343 46 6
295 289 47 6
625 626 2 6
625 631 3 6
625 624 4 6
625 630 10 6
625 586 14 6
625 666 27 6
625 574 37 6
625 595 38 6
625 594 39 6
625 655 41 6
625 568 42 6
625 662 44 6
739 738 4 7
739 764 5 7
739 700 10 7
739 751 25 7
739 695 27 7
739 761 32 7
739 759 42 7
739 749 44 7
739 696 45 7
739 741 46 7
739 767 50 7
414 413 1 8
414 413 2 8
414 414 3 8
414 459 4 8
414 425 8 8
414 456 29 8
414 455 30 8
414 406 31 8
414 424 34 8
414 374 39 8
414 473 40 8
414 390 42 8
414 359 46 8
414 451 48 8
626 631 1 8
626 624 2 8
626 630 8 8
626 586 12 8
626 666 25 8
626 574 35 8
626 595 36 8
626 594 37 8
626 655 39 8
626 568 40 8
626 662 42 8
413 413 1 9
413 414 2 9
413 459 3 9
413 425 7 9
413 456 28 9
413 455 29 9
413 406 30 9
413 424 33 9
413 374 38 9
413 390 41 9
413 359 45 9
413 451 47 9
631 624 1 9
631 630 7 9
631 586 11 9
631 666 24 9
631 574 34 9
631 595 35 9
631 594 36 9
631 655 38 9
631 662 41 9
631 680 50 9
413 414 1 10
413 459 2 10
413 425 6 10
413 456 27 10
413 455 28 10
413 406 29 10
413 424 32 10
413 374 37 10
413 390 40 10
413 359 44 10
413 451 46 10
624 630 6 10
624 586 10 10
624 666 23 10
624 574 33 10
624 595 34 10
624 594 35 10
624 655 37 10
624 568 38 10
624 662 40 10
624 680 49 10
414 459 1 11
414 425 5 11
414 456 26 11
414 455 27 11
414 406 28 11
414 424 31 11
414 374 36 11
414 473 37 11
414 390 39 11
414 359 43 11
414 451 45 11
738 764 1 11
738 700 6 11
738 751 21 11
738 695 23 11
738 761 28 11
738 759 38 11
738 749 40 11
738 696 41 11
738 741 42 11
738 767 46 11
738 680 48 11
738 713 49 11
30 71 4 12
30 71 6 12
30 14 21 12
30 26 21 12
30 36 21 12
30 72 27 12
30 70 40 12
30 30 42 12
30 31 42 12
30 71 42 12
459 518 2 12
459 518 3 12
459 425 4 12
459 518 6 12
459 456 25 12
459 513 25 12
459 455 26 12
459 406 27 12
459 424 30 12
459 474 31 12
459 474 32 12
459 473 36 12
459 517 43 12
459 451 44 12
764 751 20 12
764 761 27 12
764 759 37 12
764 749 39 12
764 741 41 12
764 767 45 12
764 713 48 12
518 518 1 14
518 518 4 14
518 513 23 14
518 519 24 14
518 544 26 14
518 524 28 14
518 474 29 14
518 574 29 14
518 474 30 14
518 544 32 14
518 473 34 14
518 568 34 14
518 522 40 14
518 517 41 14
518 522 42 14
518 518 3 15
518 513 22 15
518 519 23 15
518 544 25 15
518 524 27 15
518 474 28 15
518 574 28 15
518 474 29 15
518 544 31 15
518 473 33 15
518 568 33 15
518 522 39 15
518 517 40 15
518 522 41 15
71 71 2 16
71 14 17 16
71 26 17 16
71 36 17 16
71 96 17 16
71 72 23 16
71 93 26 16
71 98 27 16
71 93 28 16
71 108 30 16
71 70 36 16
71 30 38 16
71 31 38 16
71 71 38 16
71 15 47 16
71 14 48 16
71 23 48 16
71 31 48 16
71 30 49 16
71 31 49 16
71 30 50 16
71 40 50 16
71 63 50 16
425 456 21 16
425 455 22 16
425 406 23 16
425 424 26 16
425 474 27 16
425 474 28 16
425 374 31 16
425 473 32 16
425 390 34 16
425 451 40 16
425 429 47 16
425 377 50 16
630 586 4 16
630 666 17 16
630 574 27 16
630 595 28 16
630 594 29 16
630 655 31 16
630 662 34 16
630 680 43 16
700 751 15 17
700 666 16 17
700 695 17 17
700 655 30 17
700 759 32 17
700 662 33 17
700 749 34 17
700 696 35 17
700 741 36 17
700 680 42 17
700 713 43 17
700 751 47 17
700 748 48 17
700 693 50 17
71 14 15 18
71 26 15 18
71 36 15 18
71 96 15 18
71 72 21 18
71 93 24 18
71 98 25 18
71 93 26 18
71 108 28 18
71 70 34 18
71 30 36 18
71 31 36 18
71 71 36 18
71 15 45 18
71 14 46 18
71 23 46 18
71 31 46 18
71 30 47 18
71 31 47 18
71 30 48 18
71 40 48 18
71 63 48 18
71 14 50 18
71 15 50 18
71 37 50 18
71 93 50 18
295 295 13 18
295 351 15 18
295 289 16 18
295 343 34 18
295 289 35 18
518 513 19 18
518 519 20 18
518 544 22 18
518 524 24 18
518 474 25 18
518 574 25 18
518 474 26 18
518 544 28 18
518 473 30 18
518 568 30 18
518 522 36 18
518 517 37 18
518 522 38 18
518 564 48 18
154 96 13 20
154 191 21 20
154 191 22 20
154 98 23 20
154 108 26 20
154 145 46 20
586 544 20 20
586 574 23 20
586 595 24 20
586 594 25 20
586 544 26 20
586 568 28 20
586 564 46 20
295 351 2 31
295 289 3 31
295 343 21 31
295 289 22 31
295 345 40 31
295 345 42 31
751 695 2 32
751 761 7 32
751 759 17 32
751 749 19 32
751 696 20 32
751 741 21 32
751 767 25 32
751 713 28 32
751 751 32 32
751 748 33 32
751 693 35 32
751 694 39 32
751 703 42 32
751 712 43 32
751 713 45 32
751 767 49 32
14 72 6 33
14 70 19 33
14 30 21 33
14 31 21 33
14 71 21 33
14 15 30 33
14 14 31 33
14 23 31 33
14 31 31 33
14 30 32 33
14 31 32 33
14 0 33 33
14 2 33 33
14 30 33 33
14 40 33 33
14 63 33 33
14 14 35 33
14 15 35 33
14 37 35 33
14 2 41 33
14 4 41 33
14 14 41 33
14 18 41 33
14 36 41 33
14 0 42 33
14 1 42 33
14 3 42 33
14 13 42 33
14 5 43 33
14 21 43 33
14 0 46 33
14 4 46 33
14 9 46 33
14 17 46 33
14 50 46 33
14 67 46 33
14 2 47 33
14 6 47 33
14 7 47 33
14 2 49 33
14 5 49 33
14 12 49 33
26 72 6 33
26 70 19 33
26 30 21 33
26 31 21 33
26 71 21 33
26 15 30 33
26 14 31 33
26 23 31 33
26 31 31 33
26 30 32 33
26 31 32 33
26 0 33 33
26 2 33 33
26 30 33 33
26 40 33 33
26 63 33 33
26 14 35 33
26 15 35 33
26 37 35 33
26 2 41 33
26 4 41 33
26 14 41 33
26 18 41 33
26 36 41 33
26 0 42 33
26 1 42 33
26 3 42 33
26 13 42 33
26 5 43 33
26 21 43 33
26 0 46 33
26 4 46 33
26 9 46 33
26 17 46 33
26 50 46 33
26 67 46 33
26 2 47 33
26 6 47 33
26 7 47 33
26 2 49 33
26 5 49 33
26 12 49 33
36 72 6 33
36 93 9 33
36 93 11 33
36 70 19 33
36 30 21 33
36 31 21 33
36 71 21 33
36 15 30 33
36 14 31 33
36 23 31 33
36 31 31 33
36 30 32 33
36 31 32 33
36 0 33 33
36 2 33 33
36 30 33 33
36 40 33 33
36 63 33 33
36 14 35 33
36 15 35 33
36 37 35 33
36 93 35 33
36 2 41 33
36 4 41 33
36 14 41 33
36 18 41 33
36 36 41 33
36 0 42 33
36 1 42 33
36 3 42 33
36 13 42 33
36 5 43 33
36 21 43 33
36 0 46 33
36 4 46 33
36 9 46 33
36 17 46 33
36 50 46 33
36 67 46 33
36 2 47 33
36 6 47 33
36 7 47 33
36 2 49 33
36 5 49 33
36 12 49 33
96 72 6 33
96 93 9 33
96 98 10 33
96 93 11 33
96 108 13 33
96 70 19 33
96 71 21 33
96 40 33 33
96 63 33 33
96 145 33 33
96 37 35 33
96 93 35 33
96 36 41 33
96 153 42 33
96 50 46 33
96 67 46 33
96 106 49 33
351 406 6 33
351 374 14 33
351 390 17 33
351 343 19 33
351 359 21 33
351 377 33 33
351 345 38 33
351 345 40 33
351 304 49 33
351 343 50 33
666 695 1 33
666 655 14 33
666 662 17 33
666 696 19 33
666 680 26 33
666 713 27 33
666 693 34 33
666 668 35 33
666 694 38 33
666 633 39 33
666 703 41 33
666 712 42 33
666 623 43 33
666 713 44 33
666 673 45 33
666 654 46 33
666 666 47 33
289 343 18 34
289 289 19 34
289 345 37 34
289 345 39 34
289 304 48 34
289 343 49 34
289 343 50 34
695 655 13 34
695 662 16 34
695 749 17 34
695 696 18 34
695 741 19 34
695 680 25 34
695 713 26 34
695 751 30 34
695 748 31 34
695 693 33 34
695 668 34 34
695 694 37 34
695 703 40 34
695 712 41 34
695 713 43 34
695 673 44 34
695 654 45 34
695 666 46 34
695 645 50 34
456 455 1 37
456 406 2 37
456 424 5 37
456 474 6 37
456 474 7 37
456 473 11 37
456 451 19 37
456 429 26 37
456 483 35 37
513 455 1 37
513 519 1 37
513 544 3 37
513 524 5 37
513 474 6 37
513 474 7 37
513 544 9 37
513 473 11 37
513 568 11 37
513 522 17 37
513 517 18 37
513 522 19 37
513 564 29 37
513 483 35 37
513 518 50 37
455 406 1 38
455 424 4 38
455 474 5 38
455 474 6 38
455 473 10 38
455 451 18 38
455 429 25 38
455 483 34 38
519 544 2 38
519 524 4 38
519 474 5 38
519 574 5 38
519 474 6 38
519 544 8 38
519 473 10 38
519 568 10 38
519 522 16 38
519 517 17 38
519 522 18 38
519 564 28 38
519 483 34 38
519 573 44 38
519 518 49 38
72 93 3 39
72 98 4 39
72 93 5 39
72 108 7 39
72 70 13 39
72 30 15 39
72 31 15 39
72 71 15 39
72 15 24 39
72 14 25 39
72 23 25 39
72 31 25 39
72 30 26 39
72 31 26 39
72 30 27 39
72 40 27 39
72 63 27 39
72 14 29 39
72 15 29 39
72 37 29 39
72 93 29 39
72 14 35 39
72 18 35 39
72 36 35 39
72 13 36 39
72 21 37 39
72 17 40 39
72 50 40 39
72 67 40 39
72 12 43 39
72 106 43 39
72 21 47 39
72 107 47 39
406 424 3 39
406 374 8 39
406 390 11 39
406 359 15 39
406 451 17 39
406 429 24 39
406 377 27 39
406 389 49 39
406 389 50 39
761 759 10 39
761 749 12 39
761 741 14 39
761 767 18 39
761 713 21 39
761 751 25 39
761 748 26 39
761 703 35 39
761 712 36 39
761 713 38 39
761 767 42 39
761 758 44 39
761 752 46 39
761 713 49 39
544 524 2 40
544 574 3 40
544 595 4 40
544 594 5 40
544 544 6 40
544 568 8 40
544 522 14 40
544 517 15 40
544 522 16 40
544 564 26 40
544 599 33 40
544 573 42 40
544 518 47 40
191 191 1 41
191 222 22 41
191 145 25 41
191 153 34 41
93 98 1 42
93 93 2 42
93 108 4 42
93 70 10 42
93 71 12 42
93 40 24 42
93 63 24 42
93 145 24 42
93 37 26 42
93 93 26 42
93 36 32 42
93 50 37 42
93 67 37 42
93 106 40 42
93 107 44 42
191 222 21 42
191 145 24 42
191 153 33 42
191 223 50 42
424 474 1 42
424 474 2 42
424 374 5 42
424 473 6 42
424 390 8 42
424 451 14 42
424 429 21 42
424 377 24 42
424 483 30 42
424 389 46 42
424 389 47 42
524 474 1 42
524 574 1 42
524 474 2 42
524 544 4 42
524 473 6 42
524 568 6 42
524 522 12 42
524 517 13 42
524 522 14 42
524 564 24 42
524 483 30 42
524 573 40 42
524 518 45 42
524 525 50 42
98 93 1 43
98 108 3 43
98 70 9 43
98 71 11 43
98 40 23 43
98 63 23 43
98 145 23 43
98 93 25 43
98 153 32 43
98 50 36 43
98 67 36 43
98 106 39 43
98 107 43 43
98 101 50 43
474 474 1 43
474 473 5 43
474 522 11 43
474 517 12 43
474 451 13 43
474 522 13 43
474 429 20 43
474 483 29 43
474 518 44 43
474 525 49 43
474 521 50 43
574 595 1 43
574 594 2 43
574 544 3 43
574 568 5 43
574 522 11 43
574 517 12 43
574 522 13 43
574 564 23 43
574 633 29 43
574 599 30 43
574 623 33 43
574 573 39 43
574 608 43 43
574 518 44 43
574 606 46 43
574 591 48 43
574 525 49 43
574 521 50 43
93 108 2 44
93 70 8 44
93 71 10 44
93 40 22 44
93 63 22 44
93 145 22 44
93 37 24 44
93 93 24 44
93 36 30 44
93 50 35 44
93 67 35 44
93 106 38 44
93 107 42 44
93 101 49 44
474 473 4 44
474 522 10 44
474 517 11 44
474 451 12 44
474 522 12 44
474 429 19 44
474 483 28 44
474 518 43 44
474 525 48 44
474 521 49 44
595 594 1 44
595 544 2 44
595 568 4 44
595 564 22 44
595 633 28 44
595 599 29 44
595 623 32 44
595 654 35 44
595 573 38 44
595 645 40 44
595 608 42 44
595 606 45 44
595 591 47 44
594 544 1 45
594 568 3 45
594 564 21 45
594 633 27 45
594 599 28 45
594 623 31 45
594 573 37 45
594 645 39 45
594 608 41 45
594 606 44 45
594 591 46 45
108 70 6 46
108 71 8 46
108 63 20 46
108 145 20 46
108 93 22 46
108 153 29 46
108 50 33 46
108 67 33 46
108 106 36 46
108 107 40 46
108 101 47 46
108 154 50 46
544 568 2 46
544 522 8 46
544 517 9 46
544 522 10 46
544 564 20 46
544 599 27 46
544 573 36 46
544 518 41 46
544 591 45 46
544 525 46 46
544 521 47 46
544 528 50 46
374 390 3 47
374 343 5 47
374 359 7 47
374 429 16 47
374 377 19 47
374 345 24 47
374 345 26 47
374 343 36 47
374 343 37 47
374 389 41 47
374 389 42 47
374 328 45 47
374 329 46 47
374 316 48 47
374 363 49 47
655 662 3 47
655 696 5 47
655 680 12 47
655 713 13 47
655 693 20 47
655 668 21 47
655 694 24 47
655 633 25 47
655 599 26 47
655 703 27 47
655 712 28 47
655 623 29 47
655 713 30 47
655 673 31 47
655 654 32 47
655 666 33 47
655 645 37 47
655 608 39 47
655 713 41 47
655 606 42 47
655 694 47 47
655 710 48 47
473 522 6 48
473 517 7 48
473 451 8 48
473 522 8 48
473 429 15 48
473 483 24 48
473 518 39 48
473 525 44 48
473 521 45 48
473 528 48 48
568 522 6 48
568 517 7 48
568 522 8 48
568 564 18 48
568 599 25 48
568 623 28 48
568 573 34 48
568 608 38 48
568 518 39 48
568 606 41 48
568 591 43 48
568 525 44 48
568 521 45 48
568 528 48 48
759 749 2 49
759 741 4 49
759 767 8 49
759 713 11 49
759 751 15 49
759 748 16 49
759 703 25 49
759 712 26 49
759 713 28 49
759 767 32 49
759 758 34 49
759 752 36 49
759 713 39 49
759 710 46 49
390 343 2 50
390 359 4 50
390 429 13 50
390 377 16 50
390 345 21 50
390 345 23 50
390 343 33 50
390 343 34 50
390 389 38 50
390 389 39 50
390 363 46 50
662 696 2 50
662 680 9 50
662 713 10 50
662 693 17 50
662 668 18 50
662 694 21 50
662 633 22 50
662 703 24 50
662 712 25 50
662 623 26 50
662 713 27 50
662 673 28 50
662 654 29 50
662 666 30 50
662 645 34 50
662 608 36 50
662 713 38 50
662 606 39 50
662 694 44 50
662 710 45 50
749 696 1 51
749 741 2 51
749 767 6 51
749 713 9 51
749 751 13 51
749 748 14 51
749 693 16 51
749 694 20 51
749 703 23 51
749 712 24 51
749 713 26 51
749 767 30 51
749 758 32 51
749 752 34 51
749 713 37 51
749 694 43 51
749 710 44 51
70 30 2 52
70 31 2 52
70 71 2 52
70 15 11 52
70 14 12 52
70 23 12 52
70 31 12 52
70 30 13 52
70 31 13 52
70 30 14 52
70 40 14 52
70 63 14 52
70 14 16 52
70 15 16 52
70 37 16 52
70 93 16 52
70 14 22 52
70 18 22 52
70 36 22 52
70 13 23 52
70 21 24 52
70 17 27 52
70 50 27 52
70 67 27 52
70 12 30 52
70 106 30 52
70 21 34 52
70 107 34 52
70 18 41 52
70 101 41 52
343 289 1 52
343 359 2 52
343 377 14 52
343 345 19 52
343 345 21 52
343 304 30 52
343 343 31 52
343 343 32 52
343 389 36 52
343 389 37 52
343 328 40 52
343 329 41 52
343 295 42 52
343 316 43 52
343 363 44 52
696 741 1 52
696 680 7 52
696 713 8 52
696 751 12 52
696 748 13 52
696 693 15 52
696 668 16 52
696 694 19 52
696 703 22 52
696 712 23 52
696 713 25 52
696 673 26 52
696 654 27 52
696 666 28 52
696 645 32 52
696 752 33 52
696 713 36 52
696 694 42 52
696 710 43 52
289 345 18 53
289 345 20 53
289 304 29 53
289 343 30 53
289 343 31 53
289 328 39 53
289 329 40 53
289 295 41 53
289 316 42 53
741 767 4 53
741 713 7 53
741 751 11 53
741 748 12 53
741 693 14 53
741 694 18 53
741 703 21 53
741 712 22 53
741 713 24 53
741 767 28 53
741 758 30 53
741 752 32 53
741 713 35 53
741 694 41 53
741 710 42 53
30 15 9 54
30 14 10 54
30 23 10 54
30 31 10 54
30 30 11 54
30 31 11 54
30 0 12 54
30 2 12 54
30 30 12 54
30 40 12 54
30 63 12 54
30 14 14 54
30 15 14 54
30 37 14 54
30 2 20 54
30 4 20 54
30 14 20 54
30 18 20 54
30 36 20 54
30 0 21 54
30 1 21 54
30 3 21 54
30 13 21 54
30 5 22 54
30 21 22 54
30 0 25 54
30 4 25 54
30 9 25 54
30 17 25 54
30 50 25 54
30 67 25 54
30 2 26 54
30 6 26 54
30 7 26 54
30 2 28 54
30 5 28 54
30 12 28 54
30 21 32 54
30 18 39 54
31 15 9 54
31 14 10 54
31 23 10 54
31 31 10 54
31 30 11 54
31 31 11 54
31 0 12 54
31 2 12 54
31 30 12 54
31 40 12 54
31 63 12 54
31 14 14 54
31 15 14 54
31 37 14 54
31 2 20 54
31 4 20 54
31 14 20 54
31 18 20 54
31 36 20 54
31 0 21 54
31 1 21 54
31 3 21 54
31 13 21 54
31 5 22 54
31 21 22 54
31 0 25 54
31 4 25 54
31 9 25 54
31 17 25 54
31 50 25 54
31 67 25 54
31 2 26 54
31 6 26 54
31 7 26 54
31 2 28 54
31 5 28 54
31 12 28 54
31 21 32 54
31 18 39 54
71 15 9 54
71 14 10 54
71 23 10 54
71 31 10 54
71 30 11 54
71 31 11 54
71 30 12 54
71 40 12 54
71 63 12 54
71 14 14 54
71 15 14 54
71 37 14 54
71 93 14 54
71 14 20 54
71 18 20 54
71 36 20 54
71 13 21 54
71 21 22 54
71 17 25 54
71 50 25 54
71 67 25 54
71 12 28 54
71 106 28 54
71 21 32 54
71 107 32 54
71 18 39 54
71 101 39 54
359 377 12 54
359 345 17 54
359 345 19 54
359 304 28 54
359 343 29 54
359 343 30 54
359 389 34 54
359 389 35 54
359 328 38 54
359 329 39 54
359 316 41 54
359 363 42 54
522 517 1 54
522 522 2 54
522 564 12 54
522 483 18 54
522 573 28 54
522 518 33 54
522 525 38 54
522 521 39 54
522 528 42 54
517 522 1 55
517 564 11 55
517 483 17 55
517 573 27 55
517 518 32 55
517 525 37 55
517 521 38 55
517 528 41 55
451 429 7 56
451 483 16 56
522 564 10 56
522 483 16 56
522 573 26 56
522 518 31 56
522 525 36 56
522 521 37 56
522 528 40 56
767 713 3 57
767 751 7 57
767 748 8 57
767 712 18 57
767 713 20 57
767 767 24 57
767 758 26 57
767 752 28 57
767 713 31 57
767 710 38 57
680 713 1 59
680 693 8 59
680 668 9 59
680 694 12 59
680 633 13 59
680 703 15 59
680 712 16 59
680 623 17 59
680 713 18 59
680 673 19 59
680 654 20 59
680 666 21 59
680 645 25 59
680 713 29 59
680 694 35 59
680 710 36 59
713 751 4 60
713 748 5 60
713 693 7 60
713 668 8 60
713 694 11 60
713 703 14 60
713 712 15 60
713 713 17 60
713 673 18 60
713 654 19 60
713 666 20 60
713 767 21 60
713 758 23 60
713 752 25 60
713 713 28 60
713 694 34 60
713 710 35 60
15 14 1 63
15 23 1 63
15 31 1 63
15 30 2 63
15 31 2 63
15 0 3 63
15 2 3 63
15 30 3 63
15 40 3 63
15 63 3 63
15 14 5 63
15 15 5 63
15 37 5 63
15 2 11 63
15 4 11 63
15 14 11 63
15 18 11 63
15 36 11 63
15 0 12 63
15 1 12 63
15 3 12 63
15 13 12 63
15 5 13 63
15 21 13 63
15 0 16 63
15 4 16 63
15 9 16 63
15 17 16 63
15 50 16 63
15 67 16 63
15 2 17 63
15 6 17 63
15 7 17 63
15 2 19 63
15 5 19 63
15 12 19 63
15 21 23 63
15 18 30 63
222 223 29 63
222 228 30 63
429 377 3 63
429 483 9 63
429 389 25 63
429 389 26 63
14 30 1 64
14 31 1 64
14 0 2 64
14 2 2 64
14 30 2 64
14 40 2 64
14 63 2 64
14 14 4 64
14 15 4 64
14 37 4 64
14 2 10 64
14 4 10 64
14 14 10 64
14 18 10 64
14 36 10 64
14 0 11 64
14 1 11 64
14 3 11 64
14 13 11 64
14 5 12 64
14 21 12 64
14 0 15 64
14 4 15 64
14 9 15 64
14 17 15 64
14 50 15 64
14 67 15 64
14 2 16 64
14 6 16 64
14 7 16 64
14 2 18 64
14 5 18 64
14 12 18 64
14 21 22 64
14 18 29 64
23 30 1 64
23 31 1 64
23 0 2 64
23 2 2 64
23 30 2 64
23 40 2 64
23 63 2 64
23 14 4 64
23 15 4 64
23 37 4 64
23 2 10 64
23 4 10 64
23 14 10 64
23 18 10 64
23 36 10 64
23 0 11 64
23 1 11 64
23 3 11 64
23 13 11 64
23 5 12 64
23 21 12 64
23 0 15 64
23 4 15 64
23 9 15 64
23 17 15 64
23 50 15 64
23 67 15 64
23 2 16 64
23 6 16 64
23 7 16 64
23 2 18 64
23 5 18 64
23 12 18 64
23 21 22 64
23 18 29 64
31 30 1 64
31 31 1 64
31 0 2 64
31 2 2 64
31 30 2 64
31 40 2 64
31 63 2 64
31 14 4 64
31 15 4 64
31 37 4 64
31 2 10 64
31 4 10 64
31 14 10 64
31 18 10 64
31 36 10 64
31 0 11 64
31 1 11 64
31 3 11 64
31 13 11 64
31 5 12 64
31 21 12 64
31 0 15 64
31 4 15 64
31 9 15 64
31 17 15 64
31 50 15 64
31 67 15 64
31 2 16 64
31 6 16 64
31 7 16 64
31 2 18 64
31 5 18 64
31 12 18 64
31 21 22 64
31 18 29 64
751 748 1 64
751 693 3 64
751 694 7 64
751 703 10 64
751 712 11 64
751 713 13 64
751 767 17 64
751 758 19 64
751 752 21 64
751 713 24 64
751 694 30 64
751 710 31 64
30 0 1 65
30 2 1 65
30 30 1 65
30 40 1 65
30 63 1 65
30 14 3 65
30 15 3 65
30 37 3 65
30 2 9 65
30 4 9 65
30 14 9 65
30 18 9 65
30 36 9 65
30 0 10 65
30 1 10 65
30 3 10 65
30 13 10 65
30 5 11 65
30 21 11 65
30 0 14 65
30 4 14 65
30 9 14 65
30 17 14 65
30 50 14 65
30 67 14 65
30 2 15 65
30 6 15 65
30 7 15 65
30 2 17 65
30 5 17 65
30 12 17 65
30 21 21 65
30 18 28 65
31 0 1 65
31 2 1 65
31 30 1 65
31 40 1 65
31 63 1 65
31 14 3 65
31 15 3 65
31 37 3 65
31 2 9 65
31 4 9 65
31 14 9 65
31 18 9 65
31 36 9 65
31 0 10 65
31 1 10 65
31 3 10 65
31 13 10 65
31 5 11 65
31 21 11 65
31 0 14 65
31 4 14 65
31 9 14 65
31 17 14 65
31 50 14 65
31 67 14 65
31 2 15 65
31 6 15 65
31 7 15 65
31 2 17 65
31 5 17 65
31 12 17 65
31 21 21 65
31 18 28 65
748 693 2 65
748 694 6 65
748 703 9 65
748 712 10 65
748 713 12 65
748 767 16 65
748 758 18 65
748 752 20 65
748 713 23 65
748 694 29 65
748 710 30 65
0 14 2 66
0 15 2 66
0 37 2 66
0 2 8 66
0 4 8 66
0 14 8 66
0 18 8 66
0 36 8 66
0 0 9 66
0 1 9 66
0 3 9 66
0 13 9 66
0 5 10 66
0 21 10 66
0 0 13 66
0 4 13 66
0 9 13 66
0 17 13 66
0 50 13 66
0 2 14 66
0 6 14 66
0 7 14 66
0 2 16 66
0 5 16 66
0 12 16 66
0 21 20 66
0 18 27 66
2 14 2 66
2 15 2 66
2 37 2 66
2 2 8 66
2 4 8 66
2 14 8 66
2 18 8 66
2 36 8 66
2 0 9 66
2 1 9 66
2 3 9 66
2 13 9 66
2 5 10 66
2 21 10 66
2 0 13 66
2 4 13 66
2 9 13 66
2 17 13 66
2 50 13 66
2 2 14 66
2 6 14 66
2 7 14 66
2 2 16 66
2 5 16 66
2 12 16 66
2 21 20 66
2 18 27 66
30 14 2 66
30 15 2 66
30 37 2 66
30 2 8 66
30 4 8 66
30 14 8 66
30 18 8 66
30 36 8 66
30 0 9 66
30 1 9 66
30 3 9 66
30 13 9 66
30 5 10 66
30 21 10 66
30 0 13 66
30 4 13 66
30 9 13 66
30 17 13 66
30 50 13 66
30 67 13 66
30 2 14 66
30 6 14 66
30 7 14 66
30 2 16 66
30 5 16 66
30 12 16 66
30 21 20 66
30 18 27 66
40 14 2 66
40 15 2 66
40 37 2 66
40 93 2 66
40 2 8 66
40 4 8 66
40 14 8 66
40 18 8 66
40 36 8 66
40 0 9 66
40 1 9 66
40 3 9 66
40 13 9 66
40 5 10 66
40 21 10 66
40 0 13 66
40 4 13 66
40 9 13 66
40 17 13 66
40 50 13 66
40 67 13 66
40 2 14 66
40 6 14 66
40 7 14 66
40 2 16 66
40 5 16 66
40 12 16 66
40 21 20 66
40 18 27 66
63 14 2 66
63 15 2 66
63 37 2 66
63 93 2 66
63 4 8 66
63 14 8 66
63 18 8 66
63 36 8 66
63 3 9 66
63 13 9 66
63 5 10 66
63 21 10 66
63 4 13 66
63 9 13 66
63 17 13 66
63 50 13 66
63 67 13 66
63 6 14 66
63 7 14 66
63 5 16 66
63 12 16 66
63 106 16 66
63 21 20 66
63 107 20 66
63 18 27 66
63 101 27 66
145 93 2 66
145 153 9 66
145 106 16 66
145 107 20 66
145 101 27 66
145 154 30 66
377 345 5 66
377 345 7 66
377 343 17 66
377 343 18 66
377 389 22 66
377 389 23 66
377 328 26 66
377 329 27 66
377 363 30 66
564 599 7 66
564 623 10 66
564 573 16 66
564 608 20 66
564 518 21 66
564 606 23 66
564 591 25 66
564 525 26 66
564 521 27 66
564 528 30 66
693 668 1 67
693 694 4 67
693 633 5 67
693 703 7 67
693 712 8 67
693 713 10 67
693 673 11 67
693 654 12 67
693 666 13 67
693 645 17 67
693 752 18 67
693 713 21 67
693 694 27 67
693 710 28 67
14 2 6 68
14 4 6 68
14 14 6 68
14 18 6 68
14 36 6 68
14 0 7 68
14 1 7 68
14 3 7 68
14 13 7 68
14 5 8 68
14 21 8 68
14 0 11 68
14 4 11 68
14 9 11 68
14 17 11 68
14 50 11 68
14 67 11 68
14 2 12 68
14 6 12 68
14 7 12 68
14 2 14 68
14 5 14 68
14 12 14 68
14 21 18 68
14 18 25 68
15 2 6 68
15 4 6 68
15 14 6 68
15 18 6 68
15 36 6 68
15 0 7 68
15 1 7 68
15 3 7 68
15 13 7 68
15 5 8 68
15 21 8 68
15 0 11 68
15 4 11 68
15 9 11 68
15 17 11 68
15 50 11 68
15 67 11 68
15 2 12 68
15 6 12 68
15 7 12 68
15 2 14 68
15 5 14 68
15 12 14 68
15 21 18 68
15 18 25 68
37 2 6 68
37 4 6 68
37 14 6 68
37 18 6 68
37 36 6 68
37 0 7 68
37 1 7 68
37 3 7 68
37 13 7 68
37 5 8 68
37 21 8 68
37 0 11 68
37 4 11 68
37 9 11 68
37 17 11 68
37 50 11 68
37 67 11 68
37 2 12 68
37 6 12 68
37 7 12 68
37 2 14 68
37 5 14 68
37 12 14 68
37 21 18 68
37 18 25 68
93 36 6 68
93 50 11 68
93 67 11 68
93 106 14 68
93 107 18 68
93 101 25 68
668 694 3 68
668 633 4 68
668 703 6 68
668 712 7 68
668 623 8 68
668 713 9 68
668 673 10 68
668 654 11 68
668 666 12 68
668 645 16 68
668 608 18 68
668 713 20 68
668 694 26 68
668 710 27 68
345 345 2 71
345 304 11 71
345 343 12 71
345 343 13 71
345 389 17 71
345 389 18 71
345 328 21 71
345 329 22 71
345 295 23 71
345 316 24 71
345 363 25 71
694 703 3 71
694 712 4 71
694 713 6 71
694 673 7 71
694 654 8 71
694 666 9 71
694 645 13 71
694 752 14 71
694 713 17 71
694 694 23 71
694 710 24 71
483 518 15 72
483 525 20 72
483 521 21 72
483 528 24 72
633 599 1 72
633 623 4 72
633 673 6 72
633 654 7 72
633 666 8 72
633 573 10 72
633 645 12 72
633 608 14 72
633 606 17 72
633 591 19 72
345 304 9 73
345 343 10 73
345 343 11 73
345 389 15 73
345 389 16 73
345 328 19 73
345 329 20 73
345 295 21 73
345 316 22 73
345 363 23 73
599 623 3 73
599 654 6 73
599 573 9 73
599 645 11 73
599 608 13 73
599 606 16 73
599 591 18 73
2 0 1 74
2 1 1 74
2 3 1 74
2 13 1 74
2 5 2 74
2 21 2 74
2 0 5 74
2 4 5 74
2 9 5 74
2 17 5 74
2 50 5 74
2 2 6 74
2 6 6 74
2 7 6 74
2 2 8 74
2 5 8 74
2 12 8 74
2 21 12 74
2 18 19 74
4 0 1 74
4 1 1 74
4 3 1 74
4 13 1 74
4 5 2 74
4 21 2 74
4 0 5 74
4 4 5 74
4 9 5 74
4 17 5 74
4 50 5 74
4 2 6 74
4 6 6 74
4 7 6 74
4 2 8 74
4 5 8 74
4 12 8 74
4 21 12 74
4 18 19 74
14 0 1 74
14 1 1 74
14 3 1 74
14 13 1 74
14 5 2 74
14 21 2 74
14 0 5 74
14 4 5 74
14 9 5 74
14 17 5 74
14 50 5 74
14 67 5 74
14 2 6 74
14 6 6 74
14 7 6 74
14 2 8 74
14 5 8 74
14 12 8 74
14 21 12 74
14 18 19 74
18 0 1 74
18 1 1 74
18 3 1 74
18 13 1 74
18 5 2 74
18 21 2 74
18 0 5 74
18 4 5 74
18 9 5 74
18 17 5 74
18 50 5 74
18 67 5 74
18 2 6 74
18 6 6 74
18 7 6 74
18 2 8 74
18 5 8 74
18 12 8 74
18 21 12 74
18 18 19 74
36 0 1 74
36 1 1 74
36 3 1 74
36 13 1 74
36 5 2 74
36 21 2 74
36 0 5 74
36 4 5 74
36 9 5 74
36 17 5 74
36 50 5 74
36 67 5 74
36 2 6 74
36 6 6 74
36 7 6 74
36 2 8 74
36 5 8 74
36 12 8 74
36 21 12 74
36 18 19 74
703 712 1 74
703 713 3 74
703 673 4 74
703 654 5 74
703 666 6 74
703 758 9 74
703 645 10 74
703 752 11 74
703 713 14 74
703 694 20 74
703 710 21 74
0 5 1 75
0 21 1 75
0 0 4 75
0 4 4 75
0 9 4 75
0 17 4 75
0 50 4 75
0 2 5 75
0 6 5 75
0 7 5 75
0 2 7 75
0 5 7 75
0 12 7 75
0 21 11 75
0 18 18 75
1 5 1 75
1 21 1 75
1 0 4 75
1 4 4 75
1 9 4 75
1 17 4 75
1 50 4 75
1 2 5 75
1 6 5 75
1 7 5 75
1 2 7 75
1 5 7 75
1 12 7 75
1 21 11 75
1 18 18 75
3 5 1 75
3 21 1 75
3 0 4 75
3 4 4 75
3 9 4 75
3 17 4 75
3 50 4 75
3 2 5 75
3 6 5 75
3 7 5 75
3 2 7 75
3 5 7 75
3 12 7 75
3 21 11 75
3 18 18 75
13 5 1 75
13 21 1 75
13 0 4 75
13 4 4 75
13 9 4 75
13 17 4 75
13 50 4 75
13 67 4 75
13 2 5 75
13 6 5 75
13 7 5 75
13 2 7 75
13 5 7 75
13 12 7 75
13 21 11 75
13 18 18 75
153 106 7 75
153 107 11 75
153 101 18 75
153 154 21 75
712 713 2 75
712 673 3 75
712 654 4 75
712 666 5 75
712 767 6 75
712 758 8 75
712 752 10 75
712 713 13 75
712 694 19 75
712 710 20 75
5 0 3 76
5 4 3 76
5 9 3 76
5 17 3 76
5 50 3 76
5 2 4 76
5 6 4 76
5 7 4 76
5 2 6 76
5 5 6 76
5 12 6 76
5 21 10 76
5 18 17 76
21 0 3 76
21 4 3 76
21 9 3 76
21 17 3 76
21 50 3 76
21 67 3 76
21 2 4 76
21 6 4 76
21 7 4 76
21 2 6 76
21 5 6 76
21 12 6 76
21 21 10 76
21 18 17 76
623 673 2 76
623 654 3 76
623 666 4 76
623 573 6 76
623 645 8 76
623 608 10 76
623 606 13 76
623 591 15 76
713 673 1 77
713 654 2 77
713 666 3 77
713 767 4 77
713 758 6 77
713 752 8 77
713 713 11 77
713 694 17 77
713 710 18 77
673 654 1 78
673 666 2 78
673 645 6 78
673 713 10 78
673 694 16 78
673 710 17 78
0 2 1 79
0 6 1 79
0 7 1 79
0 2 3 79
0 5 3 79
0 12 3 79
0 21 7 79
0 18 14 79
4 2 1 79
4 6 1 79
4 7 1 79
4 2 3 79
4 5 3 79
4 12 3 79
4 21 7 79
4 18 14 79
9 2 1 79
9 6 1 79
9 7 1 79
9 2 3 79
9 5 3 79
9 12 3 79
9 21 7 79
9 18 14 79
17 2 1 79
17 6 1 79
17 7 1 79
17 2 3 79
17 5 3 79
17 12 3 79
17 21 7 79
17 18 14 79
50 2 1 79
50 6 1 79
50 7 1 79
50 2 3 79
50 5 3 79
50 12 3 79
50 106 3 79
50 21 7 79
50 107 7 79
50 18 14 79
50 101 14 79
67 7 1 79
67 12 3 79
67 106 3 79
67 21 7 79
67 107 7 79
67 18 14 79
67 101 14 79
654 666 1 79
654 645 5 79
654 608 7 79
654 713 9 79
654 606 10 79
654 694 15 79
654 710 16 79
2 2 2 80
2 5 2 80
2 12 2 80
2 21 6 80
2 18 13 80
6 2 2 80
6 5 2 80
6 12 2 80
6 21 6 80
6 18 13 80
7 2 2 80
7 5 2 80
7 12 2 80
7 21 6 80
7 18 13 80
666 645 4 80
666 608 6 80
666 713 8 80
666 606 9 80
666 694 14 80
666 710 15 80
767 758 2 81
767 752 4 81
767 713 7 81
767 710 14 81
2 21 4 82
2 18 11 82
5 21 4 82
5 18 11 82
12 21 4 82
12 18 11 82
106 107 4 82
106 101 11 82
106 154 14 82
304 343 1 82
304 343 2 82
304 328 10 82
304 329 11 82
304 295 12 82
304 316 13 82
304 363 14 82
573 608 4 82
573 518 5 82
573 606 7 82
573 591 9 82
573 525 10 82
573 521 11 82
573 528 14 82
343 343 1 83
343 389 5 83
343 389 6 83
343 328 9 83
343 329 10 83
343 295 11 83
343 316 12 83
343 363 13 83
758 752 2 83
758 713 5 83
758 710 12 83
343 389 4 84
343 389 5 84
343 328 8 84
343 329 9 84
343 295 10 84
343 316 11 84
343 363 12 84
645 608 2 84
645 606 5 84
645 591 7 84
645 694 10 84
752 713 3 85
752 694 9 85
752 710 10 85
21 18 7 86
107 101 7 86
107 154 10 86
608 606 3 86
608 591 5 86
518 525 5 87
518 521 6 87
518 528 9 87
389 389 1 88
389 329 5 88
389 363 8 88
713 694 6 88
713 710 7 88
389 329 4 89
389 363 7 89
606 591 2 89
223 228 1 92
328 329 1 92
328 295 2 92
328 316 3 92
328 363 4 92
525 521 1 92
525 528 4 92
101 154 3 93
329 295 1 93
329 316 2 93
329 363 3 93
521 528 3 93
295 316 1 94
694 710 1 94
316 363 1 95
