313 320 2 0
313 296 3 0
313 279 8 0
313 345 36 0
313 289 37 0
313 359 38 0
313 344 50 0
743 748 1 1
743 741 2 1
743 738 6 1
743 763 7 1
743 761 26 1
743 756 31 1
743 691 35 1
743 700 36 1
743 767 39 1
743 748 40 1
743 713 41 1
743 747 44 1
320 296 1 2
320 279 6 2
320 377 31 2
320 345 34 2
320 289 35 2
320 359 36 2
320 377 44 2
320 344 48 2
320 345 49 2
748 741 1 2
748 738 5 2
748 763 6 2
748 761 25 2
748 756 30 2
748 691 34 2
748 700 35 2
748 767 38 2
748 748 39 2
748 713 40 2
748 747 43 2
74 26 20 3
74 40 20 3
74 74 20 3
74 71 24 3
74 28 26 3
74 43 26 3
74 74 26 3
74 98 27 3
74 105 29 3
74 71 33 3
74 23 35 3
74 32 35 3
74 71 35 3
74 35 41 3
74 22 42 3
74 32 42 3
74 35 43 3
74 63 43 3
74 93 44 3
74 14 45 3
74 16 45 3
74 36 45 3
74 15 49 3
74 35 49 3
74 21 50 3
188 152 26 3
188 148 50 3
296 279 5 3
296 345 33 3
296 289 34 3
296 344 47 3
296 345 48 3
296 292 50 3
741 738 4 3
741 763 5 3
741 761 24 3
741 756 29 3
741 691 33 3
741 700 34 3
741 767 37 3
741 748 38 3
741 713 39 3
741 747 42 3
415 416 1 4
415 411 2 4
415 421 3 4
415 457 21 4
415 457 22 4
415 407 23 4
415 415 25 4
415 387 28 4
415 377 29 4
415 387 31 4
415 359 34 4
415 450 35 4
415 429 40 4
415 377 42 4
622 626 1 4
622 625 2 4
622 666 19 4
622 573 26 4
622 594 27 4
622 564 29 4
622 671 30 4
622 663 31 4
622 597 35 4
622 647 42 4
622 680 43 4
622 668 44 4
622 655 46 4
622 599 47 4
622 568 48 4
622 591 49 4
622 610 50 4
416 411 1 5
416 421 2 5
416 457 20 5
416 457 21 5
416 407 22 5
416 415 24 5
416 387 27 5
416 377 28 5
416 387 30 5
416 359 33 5
416 450 34 5
416 429 39 5
416 377 41 5
626 625 1 5
626 666 18 5
626 573 25 5
626 594 26 5
626 671 29 5
626 663 30 5
626 597 34 5
626 647 41 5
626 680 42 5
626 668 43 5
626 655 45 5
626 599 46 5
626 568 47 5
626 591 48 5
626 610 49 5
411 421 1 6
411 457 19 6
411 457 20 6
411 407 21 6
411 415 23 6
411 387 26 6
411 377 27 6
411 387 29 6
411 359 32 6
411 450 33 6
411 429 38 6
411 377 40 6
625 666 17 6
625 573 24 6
625 594 25 6
625 671 28 6
625 663 29 6
625 597 33 6
625 647 40 6
625 680 41 6
625 668 42 6
625 655 44 6
625 599 45 6
625 568 46 6
625 591 47 6
625 610 48 6
421 457 18 7
421 457 19 7
421 407 20 7
421 415 22 7
421 476 23 7
421 387 25 7
421 377 26 7
421 387 28 7
421 450 32 7
421 429 37 7
421 377 39 7
738 763 1 7
738 761 20 7
738 756 25 7
738 691 29 7
738 700 30 7
738 767 33 7
738 748 34 7
738 713 35 7
738 747 38 7
738 680 40 7
738 748 48 7
738 748 49 7
738 767 50 7
279 289 29 8
279 292 45 8
279 305 50 8
763 761 19 8
763 756 24 8
763 767 32 8
763 748 33 8
763 713 34 8
763 747 37 8
763 748 47 8
763 748 48 8
763 767 49 8
518 518 1 9
518 558 16 9
518 516 17 9
518 525 19 9
518 527 20 9
518 476 21 9
518 573 21 9
518 564 24 9
518 522 29 9
518 568 43 9
518 573 49 9
518 558 15 10
518 516 16 10
518 525 18 10
518 527 19 10
518 476 20 10
518 573 20 10
518 564 23 10
518 522 28 10
518 568 42 10
518 573 48 10
13 71 4 23
13 28 6 23
13 43 6 23
13 13 8 23
13 13 9 23
13 71 13 23
13 23 15 23
13 32 15 23
13 71 15 23
13 35 21 23
13 0 22 23
13 5 22 23
13 22 22 23
13 32 22 23
13 0 23 23
13 35 23 23
13 63 23 23
13 14 25 23
13 16 25 23
13 36 25 23
13 0 29 23
13 1 29 23
13 3 29 23
13 13 29 23
13 15 29 23
13 35 29 23
13 5 30 23
13 7 30 23
13 21 30 23
13 11 32 23
13 17 32 23
13 32 32 23
13 0 33 23
13 2 33 23
13 4 33 23
13 8 33 23
13 18 33 23
13 49 33 23
13 66 33 23
13 13 34 23
13 11 35 23
13 17 35 23
13 23 37 23
26 71 4 23
26 28 6 23
26 43 6 23
26 74 6 23
26 13 8 23
26 13 9 23
26 71 13 23
26 23 15 23
26 32 15 23
26 71 15 23
26 35 21 23
26 0 22 23
26 5 22 23
26 22 22 23
26 32 22 23
26 0 23 23
26 35 23 23
26 63 23 23
26 14 25 23
26 16 25 23
26 36 25 23
26 0 29 23
26 1 29 23
26 3 29 23
26 13 29 23
26 15 29 23
26 35 29 23
26 5 30 23
26 7 30 23
26 21 30 23
26 11 32 23
26 17 32 23
26 32 32 23
26 0 33 23
26 2 33 23
26 4 33 23
26 8 33 23
26 18 33 23
26 49 33 23
26 66 33 23
26 13 34 23
26 11 35 23
26 17 35 23
26 23 37 23
40 71 4 23
40 28 6 23
40 43 6 23
40 74 6 23
40 98 7 23
40 13 8 23
40 13 9 23
40 71 13 23
40 23 15 23
40 32 15 23
40 71 15 23
40 35 21 23
40 0 22 23
40 5 22 23
40 22 22 23
40 32 22 23
40 0 23 23
40 35 23 23
40 63 23 23
40 93 24 23
40 14 25 23
40 16 25 23
40 36 25 23
40 0 29 23
40 1 29 23
40 3 29 23
40 13 29 23
40 15 29 23
40 35 29 23
40 5 30 23
40 7 30 23
40 21 30 23
40 11 32 23
40 17 32 23
40 32 32 23
40 0 33 23
40 2 33 23
40 4 33 23
40 8 33 23
40 18 33 23
40 49 33 23
40 66 33 23
40 13 34 23
40 93 34 23
40 11 35 23
40 17 35 23
40 23 37 23
74 71 4 23
74 28 6 23
74 43 6 23
74 74 6 23
74 98 7 23
74 105 9 23
74 71 13 23
74 23 15 23
74 32 15 23
74 71 15 23
74 35 21 23
74 22 22 23
74 32 22 23
74 35 23 23
74 63 23 23
74 93 24 23
74 14 25 23
74 16 25 23
74 36 25 23
74 15 29 23
74 35 29 23
74 21 30 23
74 17 32 23
74 32 32 23
74 18 33 23
74 49 33 23
74 66 33 23
74 93 34 23
74 17 35 23
74 104 35 23
74 23 37 23
74 101 42 23
666 671 11 23
666 663 12 23
666 691 13 23
666 700 14 23
666 713 19 23
666 647 23 23
666 680 24 23
666 668 25 23
666 655 27 23
666 610 31 23
666 671 36 23
666 714 39 23
666 618 41 23
666 697 43 23
457 457 1 25
457 516 1 25
457 407 2 25
457 415 4 25
457 476 5 25
457 450 14 25
457 429 19 25
558 516 1 25
558 525 3 25
558 527 4 25
558 573 5 25
558 594 6 25
558 564 8 25
558 522 13 25
558 597 14 25
558 599 26 25
558 568 27 25
558 591 28 25
558 610 29 25
558 573 33 25
558 604 35 25
558 527 36 25
558 605 38 25
558 526 40 25
457 407 1 26
457 415 3 26
457 476 4 26
457 450 13 26
457 429 18 26
516 525 2 26
516 527 3 26
516 476 4 26
516 573 4 26
516 564 7 26
516 522 12 26
516 568 26 26
516 573 32 26
516 527 35 26
516 526 39 26
71 28 2 27
71 43 2 27
71 74 2 27
71 98 3 27
71 13 4 27
71 13 5 27
71 105 5 27
71 71 9 27
71 23 11 27
71 32 11 27
71 71 11 27
71 35 17 27
71 22 18 27
71 32 18 27
71 35 19 27
71 63 19 27
71 93 20 27
71 14 21 27
71 16 21 27
71 36 21 27
71 13 25 27
71 15 25 27
71 35 25 27
71 21 26 27
71 11 28 27
71 17 28 27
71 32 28 27
71 18 29 27
71 49 29 27
71 66 29 27
71 13 30 27
71 93 30 27
71 11 31 27
71 17 31 27
71 104 31 27
71 23 33 27
71 101 38 27
407 415 2 27
407 387 5 27
407 377 6 27
407 387 8 27
407 359 11 27
407 450 12 27
407 429 17 27
407 377 19 27
407 387 35 27
761 756 5 27
761 767 13 27
761 748 14 27
761 713 15 27
761 747 18 27
761 748 28 27
761 748 29 27
761 767 30 27
761 714 35 27
525 527 1 28
525 476 2 28
525 573 2 28
525 564 5 28
525 522 10 28
525 568 24 28
525 573 30 28
525 527 33 28
525 526 37 28
28 13 2 29
28 13 3 29
28 71 7 29
28 23 9 29
28 32 9 29
28 71 9 29
28 35 15 29
28 0 16 29
28 5 16 29
28 22 16 29
28 32 16 29
28 0 17 29
28 35 17 29
28 63 17 29
28 14 19 29
28 16 19 29
28 36 19 29
28 0 23 29
28 1 23 29
28 3 23 29
28 13 23 29
28 15 23 29
28 35 23 29
28 5 24 29
28 7 24 29
28 21 24 29
28 11 26 29
28 17 26 29
28 32 26 29
28 0 27 29
28 2 27 29
28 4 27 29
28 8 27 29
28 18 27 29
28 49 27 29
28 66 27 29
28 13 28 29
28 11 29 29
28 17 29 29
28 23 31 29
43 98 1 29
43 13 2 29
43 13 3 29
43 71 7 29
43 23 9 29
43 32 9 29
43 71 9 29
43 35 15 29
43 0 16 29
43 5 16 29
43 22 16 29
43 32 16 29
43 0 17 29
43 35 17 29
43 63 17 29
43 93 18 29
43 14 19 29
43 16 19 29
43 36 19 29
43 0 23 29
43 1 23 29
43 3 23 29
43 13 23 29
43 15 23 29
43 35 23 29
43 5 24 29
43 7 24 29
43 21 24 29
43 11 26 29
43 17 26 29
43 32 26 29
43 0 27 29
43 2 27 29
43 4 27 29
43 8 27 29
43 18 27 29
43 49 27 29
43 66 27 29
43 13 28 29
43 93 28 29
43 11 29 29
43 17 29 29
43 23 31 29
43 101 36 29
74 98 1 29
74 105 3 29
74 71 7 29
74 23 9 29
74 32 9 29
74 71 9 29
74 35 15 29
74 22 16 29
74 32 16 29
74 35 17 29
74 63 17 29
74 93 18 29
74 14 19 29
74 16 19 29
74 36 19 29
74 15 23 29
74 35 23 29
74 21 24 29
74 17 26 29
74 32 26 29
74 18 27 29
74 49 27 29
74 66 27 29
74 93 28 29
74 17 29 29
74 104 29 29
74 23 31 29
74 101 36 29
152 98 1 29
152 105 3 29
152 93 18 29
152 148 24 29
152 93 28 29
152 104 29 29
152 101 36 29
415 387 3 29
415 377 4 29
415 387 6 29
415 359 9 29
415 450 10 29
415 429 15 29
415 377 17 29
415 387 33 29
527 476 1 29
527 573 1 29
527 564 4 29
527 522 9 29
527 568 23 29
527 573 29 29
527 527 32 29
527 526 36 29
98 105 2 30
98 71 6 30
98 71 8 30
98 63 16 30
98 93 17 30
98 148 23 30
98 49 26 30
98 66 26 30
98 93 27 30
98 104 28 30
98 101 35 30
476 522 8 30
476 450 9 30
476 429 14 30
476 527 31 30
476 526 35 30
573 594 1 30
573 564 3 30
573 522 8 30
573 597 9 30
573 599 21 30
573 568 22 30
573 591 23 30
573 610 24 30
573 573 28 30
573 604 30 30
573 527 31 30
573 605 33 30
573 618 34 30
573 526 35 30
13 13 1 31
13 71 5 31
13 23 7 31
13 32 7 31
13 71 7 31
13 35 13 31
13 0 14 31
13 5 14 31
13 22 14 31
13 32 14 31
13 0 15 31
13 35 15 31
13 63 15 31
13 14 17 31
13 16 17 31
13 36 17 31
13 0 21 31
13 1 21 31
13 3 21 31
13 13 21 31
13 15 21 31
13 35 21 31
13 5 22 31
13 7 22 31
13 21 22 31
13 11 24 31
13 17 24 31
13 32 24 31
13 0 25 31
13 2 25 31
13 4 25 31
13 8 25 31
13 18 25 31
13 49 25 31
13 66 25 31
13 13 26 31
13 11 27 31
13 17 27 31
13 23 29 31
594 564 2 31
594 597 8 31
594 647 15 31
594 599 20 31
594 568 21 31
594 591 22 31
594 610 23 31
594 573 27 31
594 604 29 31
594 605 32 31
594 618 33 31
13 71 4 32
13 23 6 32
13 32 6 32
13 71 6 32
13 35 12 32
13 0 13 32
13 5 13 32
13 22 13 32
13 32 13 32
13 0 14 32
13 35 14 32
13 63 14 32
13 14 16 32
13 16 16 32
13 36 16 32
13 0 20 32
13 1 20 32
13 3 20 32
13 13 20 32
13 15 20 32
13 35 20 32
13 5 21 32
13 7 21 32
13 21 21 32
13 11 23 32
13 17 23 32
13 32 23 32
13 0 24 32
13 2 24 32
13 4 24 32
13 8 24 32
13 18 24 32
13 49 24 32
13 66 24 32
13 13 25 32
13 11 26 32
13 17 26 32
13 23 28 32
105 71 4 32
105 71 6 32
105 63 14 32
105 93 15 32
105 148 21 32
105 49 24 32
105 66 24 32
105 93 25 32
105 104 26 32
105 101 33 32
387 377 1 32
387 387 3 32
387 345 4 32
387 359 6 32
387 429 12 32
387 377 14 32
387 344 18 32
387 345 19 32
387 387 30 32
387 328 33 32
756 700 5 32
756 767 8 32
756 748 9 32
756 713 10 32
756 747 13 32
756 748 23 32
756 748 24 32
756 767 25 32
756 714 30 32
756 697 34 32
377 387 2 33
377 345 3 33
377 359 5 33
377 429 11 33
377 377 13 33
377 344 17 33
377 345 18 33
377 324 26 33
377 387 29 33
377 328 32 33
564 522 5 33
564 597 6 33
564 599 18 33
564 568 19 33
564 591 20 33
564 610 21 33
564 573 25 33
564 604 27 33
564 527 28 33
564 605 30 33
564 618 31 33
564 526 32 33
671 663 1 34
671 691 2 34
671 700 3 34
671 713 8 34
671 647 12 34
671 680 13 34
671 668 14 34
671 655 16 34
671 671 25 34
671 714 28 34
671 618 30 34
671 697 32 34
387 345 1 35
387 359 3 35
387 429 9 35
387 377 11 35
387 344 15 35
387 345 16 35
387 387 27 35
387 328 30 35
663 691 1 35
663 700 2 35
663 713 7 35
663 647 11 35
663 680 12 35
663 668 13 35
663 655 15 35
663 610 19 35
663 671 24 35
663 604 25 35
663 714 27 35
663 605 28 35
663 618 29 35
663 697 31 35
71 23 2 36
71 32 2 36
71 71 2 36
71 35 8 36
71 22 9 36
71 32 9 36
71 35 10 36
71 63 10 36
71 93 11 36
71 14 12 36
71 16 12 36
71 36 12 36
71 13 16 36
71 15 16 36
71 35 16 36
71 21 17 36
71 11 19 36
71 17 19 36
71 32 19 36
71 18 20 36
71 49 20 36
71 66 20 36
71 13 21 36
71 93 21 36
71 11 22 36
71 17 22 36
71 104 22 36
71 23 24 36
71 101 29 36
345 289 1 36
345 359 2 36
345 377 10 36
345 344 14 36
345 345 15 36
345 292 17 36
345 305 22 36
345 324 23 36
345 387 26 36
345 328 29 36
345 297 30 36
691 700 1 36
691 748 5 36
691 713 6 36
691 747 9 36
691 647 10 36
691 680 11 36
691 668 12 36
691 655 14 36
691 748 19 36
691 748 20 36
691 671 23 36
691 714 26 36
691 697 30 36
289 344 13 37
289 345 14 37
289 292 16 37
289 305 21 37
289 324 22 37
289 328 28 37
289 297 29 37
700 748 4 37
700 713 5 37
700 747 8 37
700 647 9 37
700 680 10 37
700 668 11 37
700 655 13 37
700 748 18 37
700 748 19 37
700 671 22 37
700 714 25 37
700 697 29 37
23 35 6 38
23 0 7 38
23 5 7 38
23 22 7 38
23 32 7 38
23 0 8 38
23 35 8 38
23 63 8 38
23 14 10 38
23 16 10 38
23 36 10 38
23 0 14 38
23 1 14 38
23 3 14 38
23 13 14 38
23 15 14 38
23 35 14 38
23 5 15 38
23 7 15 38
23 21 15 38
23 11 17 38
23 17 17 38
23 32 17 38
23 0 18 38
23 2 18 38
23 4 18 38
23 8 18 38
23 18 18 38
23 49 18 38
23 66 18 38
23 13 19 38
23 11 20 38
23 17 20 38
23 23 22 38
32 35 6 38
32 0 7 38
32 5 7 38
32 22 7 38
32 32 7 38
32 0 8 38
32 35 8 38
32 63 8 38
32 14 10 38
32 16 10 38
32 36 10 38
32 0 14 38
32 1 14 38
32 3 14 38
32 13 14 38
32 15 14 38
32 35 14 38
32 5 15 38
32 7 15 38
32 21 15 38
32 11 17 38
32 17 17 38
32 32 17 38
32 0 18 38
32 2 18 38
32 4 18 38
32 8 18 38
32 18 18 38
32 49 18 38
32 66 18 38
32 13 19 38
32 11 20 38
32 17 20 38
32 23 22 38
71 35 6 38
71 22 7 38
71 32 7 38
71 35 8 38
71 63 8 38
71 93 9 38
71 14 10 38
71 16 10 38
71 36 10 38
71 13 14 38
71 15 14 38
71 35 14 38
71 21 15 38
71 11 17 38
71 17 17 38
71 32 17 38
71 18 18 38
71 49 18 38
71 66 18 38
71 13 19 38
71 93 19 38
71 11 20 38
71 17 20 38
71 104 20 38
71 23 22 38
71 101 27 38
359 377 8 38
359 344 12 38
359 345 13 38
359 305 20 38
359 324 21 38
359 387 24 38
359 328 27 38
522 568 14 38
522 573 20 38
522 527 23 38
522 526 27 38
450 429 5 39
597 647 7 39
597 655 11 39
597 599 12 39
597 568 13 39
597 591 14 39
597 610 15 39
597 573 19 39
597 604 21 39
597 605 24 39
597 618 25 39
767 748 1 40
767 713 2 40
767 747 5 40
767 748 15 40
767 748 16 40
767 767 17 40
767 714 22 40
748 713 1 41
748 747 4 41
748 748 14 41
748 748 15 41
748 767 16 41
748 714 21 41
748 697 25 41
713 747 3 42
713 680 5 42
713 668 6 42
713 655 8 42
713 748 13 42
713 748 14 42
713 767 15 42
713 671 17 42
713 714 20 42
713 697 24 42
35 0 1 44
35 5 1 44
35 22 1 44
35 32 1 44
35 0 2 44
35 35 2 44
35 63 2 44
35 93 3 44
35 14 4 44
35 16 4 44
35 36 4 44
35 0 8 44
35 1 8 44
35 3 8 44
35 13 8 44
35 15 8 44
35 35 8 44
35 5 9 44
35 7 9 44
35 21 9 44
35 11 11 44
35 17 11 44
35 32 11 44
35 0 12 44
35 2 12 44
35 4 12 44
35 8 12 44
35 18 12 44
35 49 12 44
35 66 12 44
35 13 13 44
35 93 13 44
35 11 14 44
35 17 14 44
35 23 16 44
429 377 2 44
429 387 18 44
0 0 1 45
0 35 1 45
0 14 3 45
0 16 3 45
0 36 3 45
0 0 7 45
0 1 7 45
0 3 7 45
0 13 7 45
0 15 7 45
0 35 7 45
0 5 8 45
0 7 8 45
0 21 8 45
0 11 10 45
0 17 10 45
0 32 10 45
0 0 11 45
0 2 11 45
0 4 11 45
0 8 11 45
0 18 11 45
0 49 11 45
0 13 12 45
0 11 13 45
0 17 13 45
0 23 15 45
5 0 1 45
5 35 1 45
5 63 1 45
5 14 3 45
5 16 3 45
5 36 3 45
5 0 7 45
5 1 7 45
5 3 7 45
5 13 7 45
5 15 7 45
5 35 7 45
5 5 8 45
5 7 8 45
5 21 8 45
5 11 10 45
5 17 10 45
5 32 10 45
5 0 11 45
5 2 11 45
5 4 11 45
5 8 11 45
5 18 11 45
5 49 11 45
5 13 12 45
5 11 13 45
5 17 13 45
5 23 15 45
22 0 1 45
22 35 1 45
22 63 1 45
22 14 3 45
22 16 3 45
22 36 3 45
22 0 7 45
22 1 7 45
22 3 7 45
22 13 7 45
22 15 7 45
22 35 7 45
22 5 8 45
22 7 8 45
22 21 8 45
22 11 10 45
22 17 10 45
22 32 10 45
22 0 11 45
22 2 11 45
22 4 11 45
22 8 11 45
22 18 11 45
22 49 11 45
22 66 11 45
22 13 12 45
22 11 13 45
22 17 13 45
22 23 15 45
32 0 1 45
32 35 1 45
32 63 1 45
32 14 3 45
32 16 3 45
32 36 3 45
32 0 7 45
32 1 7 45
32 3 7 45
32 13 7 45
32 15 7 45
32 35 7 45
32 5 8 45
32 7 8 45
32 21 8 45
32 11 10 45
32 17 10 45
32 32 10 45
32 0 11 45
32 2 11 45
32 4 11 45
32 8 11 45
32 18 11 45
32 49 11 45
32 66 11 45
32 13 12 45
32 11 13 45
32 17 13 45
32 23 15 45
747 748 10 45
747 748 11 45
747 767 12 45
747 714 17 45
747 697 21 45
0 14 2 46
0 16 2 46
0 36 2 46
0 0 6 46
0 1 6 46
0 3 6 46
0 13 6 46
0 15 6 46
0 35 6 46
0 5 7 46
0 7 7 46
0 21 7 46
0 11 9 46
0 17 9 46
0 32 9 46
0 0 10 46
0 2 10 46
0 4 10 46
0 8 10 46
0 18 10 46
0 49 10 46
0 13 11 46
0 11 12 46
0 17 12 46
0 23 14 46
35 93 1 46
35 14 2 46
35 16 2 46
35 36 2 46
35 0 6 46
35 1 6 46
35 3 6 46
35 13 6 46
35 15 6 46
35 35 6 46
35 5 7 46
35 7 7 46
35 21 7 46
35 11 9 46
35 17 9 46
35 32 9 46
35 0 10 46
35 2 10 46
35 4 10 46
35 8 10 46
35 18 10 46
35 49 10 46
35 66 10 46
35 13 11 46
35 93 11 46
35 11 12 46
35 17 12 46
35 23 14 46
63 93 1 46
63 14 2 46
63 16 2 46
63 36 2 46
63 3 6 46
63 13 6 46
63 15 6 46
63 35 6 46
63 5 7 46
63 7 7 46
63 21 7 46
63 11 9 46
63 17 9 46
63 32 9 46
63 4 10 46
63 8 10 46
63 18 10 46
63 49 10 46
63 66 10 46
63 13 11 46
63 93 11 46
63 11 12 46
63 17 12 46
63 104 12 46
63 23 14 46
63 101 19 46
377 344 4 46
377 345 5 46
377 324 13 46
377 387 16 46
377 328 19 46
647 680 1 46
647 668 2 46
647 655 4 46
647 599 5 46
647 591 7 46
647 610 8 46
647 671 13 46
647 604 14 46
647 605 17 46
647 618 18 46
647 697 20 46
93 36 1 47
93 35 5 47
93 148 6 47
93 49 9 47
93 66 9 47
93 93 10 47
93 104 11 47
93 101 18 47
680 668 1 47
680 655 3 47
680 671 12 47
680 714 15 47
680 697 19 47
14 0 4 48
14 1 4 48
14 3 4 48
14 13 4 48
14 15 4 48
14 35 4 48
14 5 5 48
14 7 5 48
14 21 5 48
14 11 7 48
14 17 7 48
14 32 7 48
14 0 8 48
14 2 8 48
14 4 8 48
14 8 8 48
14 18 8 48
14 49 8 48
14 66 8 48
14 13 9 48
14 11 10 48
14 17 10 48
14 23 12 48
16 0 4 48
16 1 4 48
16 3 4 48
16 13 4 48
16 15 4 48
16 35 4 48
16 5 5 48
16 7 5 48
16 21 5 48
16 11 7 48
16 17 7 48
16 32 7 48
16 0 8 48
16 2 8 48
16 4 8 48
16 8 8 48
16 18 8 48
16 49 8 48
16 66 8 48
16 13 9 48
16 11 10 48
16 17 10 48
16 23 12 48
36 0 4 48
36 1 4 48
36 3 4 48
36 13 4 48
36 15 4 48
36 35 4 48
36 5 5 48
36 7 5 48
36 21 5 48
36 11 7 48
36 17 7 48
36 32 7 48
36 0 8 48
36 2 8 48
36 4 8 48
36 8 8 48
36 18 8 48
36 49 8 48
36 66 8 48
36 13 9 48
36 93 9 48
36 11 10 48
36 17 10 48
36 23 12 48
668 655 2 48
668 610 6 48
668 671 11 48
668 714 14 48
668 618 16 48
668 697 18 48
344 345 1 50
344 292 3 50
344 305 8 50
344 324 9 50
344 387 12 50
344 328 15 50
344 297 16 50
655 599 1 50
655 610 4 50
655 671 9 50
655 604 10 50
655 714 12 50
655 605 13 50
655 618 14 50
655 697 16 50
345 292 2 51
345 305 7 51
345 324 8 51
345 387 11 51
345 328 14 51
345 297 15 51
599 568 1 51
599 591 2 51
599 610 3 51
599 573 7 51
599 604 9 51
599 605 12 51
599 618 13 51
0 5 1 52
0 7 1 52
0 21 1 52
0 11 3 52
0 17 3 52
0 32 3 52
0 0 4 52
0 2 4 52
0 4 4 52
0 8 4 52
0 18 4 52
0 49 4 52
0 13 5 52
0 11 6 52
0 17 6 52
0 23 8 52
1 5 1 52
1 7 1 52
1 21 1 52
1 11 3 52
1 17 3 52
1 32 3 52
1 0 4 52
1 2 4 52
1 4 4 52
1 8 4 52
1 18 4 52
1 49 4 52
1 13 5 52
1 11 6 52
1 17 6 52
1 23 8 52
3 5 1 52
3 7 1 52
3 21 1 52
3 11 3 52
3 17 3 52
3 32 3 52
3 0 4 52
3 2 4 52
3 4 4 52
3 8 4 52
3 18 4 52
3 49 4 52
3 13 5 52
3 11 6 52
3 17 6 52
3 23 8 52
13 5 1 52
13 7 1 52
13 21 1 52
13 11 3 52
13 17 3 52
13 32 3 52
13 0 4 52
13 2 4 52
13 4 4 52
13 8 4 52
13 18 4 52
13 49 4 52
13 66 4 52
13 13 5 52
13 11 6 52
13 17 6 52
13 23 8 52
15 5 1 52
15 7 1 52
15 21 1 52
15 11 3 52
15 17 3 52
15 32 3 52
15 0 4 52
15 2 4 52
15 4 4 52
15 8 4 52
15 18 4 52
15 49 4 52
15 66 4 52
15 13 5 52
15 11 6 52
15 17 6 52
15 23 8 52
35 5 1 52
35 7 1 52
35 21 1 52
35 11 3 52
35 17 3 52
35 32 3 52
35 0 4 52
35 2 4 52
35 4 4 52
35 8 4 52
35 18 4 52
35 49 4 52
35 66 4 52
35 13 5 52
35 93 5 52
35 11 6 52
35 17 6 52
35 23 8 52
568 591 1 52
568 610 2 52
568 573 6 52
568 604 8 52
568 527 9 52
568 605 11 52
568 618 12 52
568 526 13 52
5 11 2 53
5 17 2 53
5 32 2 53
5 0 3 53
5 2 3 53
5 4 3 53
5 8 3 53
5 18 3 53
5 49 3 53
5 13 4 53
5 11 5 53
5 17 5 53
5 23 7 53
7 11 2 53
7 17 2 53
7 32 2 53
7 0 3 53
7 2 3 53
7 4 3 53
7 8 3 53
7 18 3 53
7 49 3 53
7 66 3 53
7 13 4 53
7 11 5 53
7 17 5 53
7 23 7 53
21 11 2 53
21 17 2 53
21 32 2 53
21 0 3 53
21 2 3 53
21 4 3 53
21 8 3 53
21 18 3 53
21 49 3 53
21 66 3 53
21 13 4 53
21 11 5 53
21 17 5 53
21 23 7 53
148 93 4 53
148 104 5 53
148 101 12 53
292 305 5 53
292 324 6 53
292 328 12 53
292 297 13 53
591 610 1 53
591 573 5 53
591 604 7 53
591 605 10 53
591 618 11 53
610 573 4 54
610 604 6 54
610 605 9 54
610 618 10 54
11 0 1 55
11 2 1 55
11 4 1 55
11 8 1 55
11 18 1 55
11 49 1 55
11 66 1 55
11 13 2 55
11 11 3 55
11 17 3 55
11 23 5 55
17 0 1 55
17 2 1 55
17 4 1 55
17 8 1 55
17 18 1 55
17 49 1 55
17 66 1 55
17 13 2 55
17 11 3 55
17 17 3 55
17 23 5 55
32 0 1 55
32 2 1 55
32 4 1 55
32 8 1 55
32 18 1 55
32 49 1 55
32 66 1 55
32 13 2 55
32 11 3 55
32 17 3 55
32 23 5 55
748 748 1 55
748 767 2 55
748 714 7 55
748 697 11 55
0 13 1 56
0 11 2 56
0 17 2 56
0 23 4 56
2 13 1 56
2 11 2 56
2 17 2 56
2 23 4 56
4 13 1 56
4 11 2 56
4 17 2 56
4 23 4 56
8 13 1 56
8 11 2 56
8 17 2 56
8 23 4 56
18 13 1 56
18 11 2 56
18 17 2 56
18 23 4 56
49 13 1 56
49 93 1 56
49 11 2 56
49 17 2 56
49 104 2 56
49 23 4 56
49 101 9 56
66 13 1 56
66 93 1 56
66 11 2 56
66 17 2 56
66 104 2 56
66 23 4 56
66 101 9 56
748 767 1 56
748 714 6 56
748 697 10 56
13 11 1 57
13 17 1 57
13 23 3 57
93 104 1 57
93 101 8 57
767 714 5 57
11 23 2 58
17 23 2 58
104 101 7 58
305 324 1 58
305 328 7 58
305 297 8 58
573 604 2 58
573 527 3 58
573 605 5 58
573 618 6 58
573 526 7 58
324 328 6 59
324 297 7 59
671 714 3 59
671 618 5 59
671 697 7 59
604 605 3 60
604 618 4 60
527 526 4 61
387 328 3 62
714 697 4 62
605 618 1 63
328 297 1 65
