308 323 1 0
308 311 2 0
308 254 4 0
308 321 4 0
308 319 5 0
308 260 7 0
308 307 9 0
308 326 11 0
308 305 12 0
308 327 15 0
308 305 16 0
308 329 22 0
308 275 23 0
308 342 25 0
308 332 26 0
308 338 28 0
308 334 29 0
308 364 30 0
308 278 31 0
308 349 32 0
308 301 33 0
308 335 34 0
308 273 36 0
308 325 38 0
308 343 40 0
308 264 43 0
308 272 44 0
308 284 45 0
308 274 46 0
308 255 48 0
308 261 49 0
308 366 50 0
699 741 1 0
699 685 3 0
699 700 4 0
699 698 5 0
699 664 6 0
699 704 7 0
699 758 8 0
699 653 12 0
699 738 15 0
699 748 17 0
699 741 18 0
699 736 20 0
699 731 21 0
699 647 22 0
699 673 23 0
699 684 26 0
699 724 28 0
699 684 29 0
699 727 32 0
699 728 33 0
699 695 34 0
699 728 35 0
699 664 36 0
699 719 37 0
699 653 38 0
699 753 39 0
699 740 44 0
699 740 45 0
699 740 46 0
699 723 47 0
699 703 49 0
699 708 50 0
116 64 1 1
116 135 1 1
116 67 2 1
116 100 3 1
116 94 5 1
116 175 5 1
116 116 6 1
116 121 7 1
116 142 7 1
116 90 28 1
116 93 30 1
116 85 35 1
116 175 40 1
116 92 41 1
116 101 42 1
116 79 45 1
116 84 46 1
116 57 47 1
116 63 47 1
116 112 48 1
116 170 50 1
131 135 1 1
131 100 3 1
131 94 5 1
131 175 5 1
131 116 6 1
131 121 7 1
131 142 7 1
131 179 10 1
131 90 28 1
131 93 30 1
131 85 35 1
131 175 40 1
131 92 41 1
131 101 42 1
131 79 45 1
131 84 46 1
131 112 48 1
131 170 50 1
323 311 1 1
323 321 3 1
323 319 4 1
323 307 8 1
323 326 10 1
323 305 11 1
323 377 13 1
323 327 14 1
323 305 15 1
323 371 20 1
323 329 21 1
323 275 22 1
323 342 24 1
323 332 25 1
323 338 27 1
323 334 28 1
323 364 29 1
323 278 30 1
323 349 31 1
323 301 32 1
323 335 33 1
323 273 35 1
323 325 37 1
323 343 39 1
323 264 42 1
323 272 43 1
323 284 44 1
323 274 45 1
323 368 46 1
323 366 49 1
323 318 50 1
741 685 2 1
741 700 3 1
741 698 4 1
741 704 6 1
741 758 7 1
741 738 14 1
741 748 16 1
741 741 17 1
741 736 19 1
741 731 20 1
741 684 25 1
741 724 27 1
741 684 28 1
741 727 31 1
741 728 32 1
741 695 33 1
741 728 34 1
741 719 36 1
741 753 38 1
741 740 43 1
741 740 44 1
741 740 45 1
741 723 46 1
741 703 48 1
741 708 49 1
2 18 1 2
2 38 1 2
2 1 2 2
2 4 2 2
2 19 2 2
2 33 2 2
2 27 3 2
2 40 3 2
2 6 4 2
2 7 4 2
2 21 4 2
2 30 5 2
2 24 6 2
2 46 7 2
2 30 9 2
2 25 10 2
2 31 10 2
2 48 14 2
2 49 15 2
2 29 16 2
2 31 17 2
2 45 19 2
2 26 28 2
2 0 32 2
2 6 32 2
2 11 32 2
2 27 36 2
2 28 37 2
2 0 39 2
2 8 39 2
2 24 40 2
2 50 45 2
2 57 46 2
2 30 47 2
3 18 1 2
3 38 1 2
3 1 2 2
3 4 2 2
3 19 2 2
3 33 2 2
3 27 3 2
3 40 3 2
3 6 4 2
3 7 4 2
3 21 4 2
3 30 5 2
3 24 6 2
3 46 7 2
3 30 9 2
3 25 10 2
3 31 10 2
3 48 14 2
3 49 15 2
3 29 16 2
3 31 17 2
3 45 19 2
3 26 28 2
3 0 32 2
3 6 32 2
3 11 32 2
3 27 36 2
3 28 37 2
3 0 39 2
3 8 39 2
3 24 40 2
3 50 45 2
3 57 46 2
3 30 47 2
8 18 1 2
8 38 1 2
8 67 1 2
8 1 2 2
8 4 2 2
8 19 2 2
8 33 2 2
8 27 3 2
8 40 3 2
8 6 4 2
8 7 4 2
8 21 4 2
8 30 5 2
8 24 6 2
8 46 7 2
8 30 9 2
8 25 10 2
8 31 10 2
8 48 14 2
8 49 15 2
8 29 16 2
8 31 17 2
8 45 19 2
8 26 28 2
8 0 32 2
8 6 32 2
8 11 32 2
8 27 36 2
8 28 37 2
8 0 39 2
8 8 39 2
8 24 40 2
8 50 45 2
8 57 46 2
8 63 46 2
8 30 47 2
8 65 50 2
15 18 1 2
15 38 1 2
15 67 1 2
15 1 2 2
15 4 2 2
15 19 2 2
15 33 2 2
15 27 3 2
15 40 3 2
15 6 4 2
15 7 4 2
15 21 4 2
15 30 5 2
15 24 6 2
15 46 7 2
15 30 9 2
15 25 10 2
15 31 10 2
15 48 14 2
15 49 15 2
15 29 16 2
15 31 17 2
15 45 19 2
15 26 28 2
15 0 32 2
15 6 32 2
15 11 32 2
15 27 36 2
15 28 37 2
15 0 39 2
15 8 39 2
15 24 40 2
15 50 45 2
15 57 46 2
15 63 46 2
15 30 47 2
15 65 50 2
43 18 1 2
43 38 1 2
43 67 1 2
43 1 2 2
43 4 2 2
43 19 2 2
43 33 2 2
43 100 2 2
43 27 3 2
43 40 3 2
43 6 4 2
43 7 4 2
43 21 4 2
43 94 4 2
43 30 5 2
43 24 6 2
43 46 7 2
43 30 9 2
43 25 10 2
43 31 10 2
43 48 14 2
43 49 15 2
43 29 16 2
43 31 17 2
43 45 19 2
43 90 27 2
43 26 28 2
43 93 29 2
43 0 32 2
43 6 32 2
43 11 32 2
43 85 34 2
43 27 36 2
43 28 37 2
43 0 39 2
43 8 39 2
43 24 40 2
43 92 40 2
43 101 41 2
43 79 44 2
43 50 45 2
43 84 45 2
43 57 46 2
43 63 46 2
43 30 47 2
43 65 50 2
64 18 1 2
64 38 1 2
64 67 1 2
64 4 2 2
64 19 2 2
64 33 2 2
64 100 2 2
64 27 3 2
64 40 3 2
64 6 4 2
64 7 4 2
64 21 4 2
64 94 4 2
64 30 5 2
64 116 5 2
64 24 6 2
64 121 6 2
64 46 7 2
64 30 9 2
64 25 10 2
64 31 10 2
64 48 14 2
64 49 15 2
64 29 16 2
64 31 17 2
64 45 19 2
64 90 27 2
64 26 28 2
64 93 29 2
64 6 32 2
64 11 32 2
64 85 34 2
64 27 36 2
64 28 37 2
64 8 39 2
64 24 40 2
64 92 40 2
64 101 41 2
64 79 44 2
64 50 45 2
64 84 45 2
64 57 46 2
64 63 46 2
64 30 47 2
64 112 47 2
64 65 50 2
135 100 2 2
135 94 4 2
135 175 4 2
135 116 5 2
135 121 6 2
135 142 6 2
135 179 9 2
135 90 27 2
135 93 29 2
135 85 34 2
135 175 39 2
135 92 40 2
135 101 41 2
135 79 44 2
135 84 45 2
135 112 47 2
135 170 49 2
135 128 50 2
311 254 2 2
311 321 2 2
311 319 3 2
311 260 5 2
311 307 7 2
311 326 9 2
311 305 10 2
311 327 13 2
311 305 14 2
311 329 20 2
311 275 21 2
311 342 23 2
311 332 24 2
311 338 26 2
311 334 27 2
311 364 28 2
311 278 29 2
311 349 30 2
311 301 31 2
311 335 32 2
311 273 34 2
311 325 36 2
311 343 38 2
311 264 41 2
311 272 42 2
311 284 43 2
311 274 44 2
311 368 45 2
311 255 46 2
311 261 47 2
311 366 48 2
311 318 49 2
311 277 50 2
597 653 10 2
597 545 11 2
597 546 12 2
597 634 17 2
597 647 20 2
597 539 29 2
597 653 36 2
597 553 38 2
597 550 41 2
597 543 49 2
597 576 50 2
18 1 1 3
18 4 1 3
18 19 1 3
18 33 1 3
18 27 2 3
18 40 2 3
18 6 3 3
18 7 3 3
18 21 3 3
18 30 4 3
18 24 5 3
18 46 6 3
18 30 8 3
18 25 9 3
18 31 9 3
18 48 13 3
18 49 14 3
18 29 15 3
18 31 16 3
18 45 18 3
18 26 27 3
18 0 31 3
18 6 31 3
18 11 31 3
18 27 35 3
18 28 36 3
18 0 38 3
18 8 38 3
18 24 39 3
18 50 44 3
18 57 45 3
18 63 45 3
18 30 46 3
18 65 49 3
38 1 1 3
38 4 1 3
38 19 1 3
38 33 1 3
38 27 2 3
38 40 2 3
38 6 3 3
38 7 3 3
38 21 3 3
38 94 3 3
38 30 4 3
38 24 5 3
38 46 6 3
38 30 8 3
38 25 9 3
38 31 9 3
38 48 13 3
38 49 14 3
38 29 15 3
38 31 16 3
38 45 18 3
38 90 26 3
38 26 27 3
38 93 28 3
38 0 31 3
38 6 31 3
38 11 31 3
38 85 33 3
38 27 35 3
38 28 36 3
38 0 38 3
38 8 38 3
38 24 39 3
38 92 39 3
38 79 43 3
38 50 44 3
38 84 44 3
38 57 45 3
38 63 45 3
38 30 46 3
38 65 49 3
67 19 1 3
67 33 1 3
67 100 1 3
67 27 2 3
67 40 2 3
67 7 3 3
67 21 3 3
67 94 3 3
67 30 4 3
67 116 4 3
67 24 5 3
67 121 5 3
67 46 6 3
67 30 8 3
67 25 9 3
67 31 9 3
67 48 13 3
67 49 14 3
67 29 15 3
67 31 16 3
67 45 18 3
67 90 26 3
67 26 27 3
67 93 28 3
67 11 31 3
67 85 33 3
67 27 35 3
67 28 36 3
67 8 38 3
67 24 39 3
67 92 39 3
67 101 40 3
67 79 43 3
67 50 44 3
67 84 44 3
67 57 45 3
67 63 45 3
67 30 46 3
67 112 46 3
67 65 49 3
209 254 1 3
209 175 3 3
209 246 4 3
209 260 4 3
209 245 6 3
209 179 8 3
209 203 13 3
209 200 15 3
209 222 18 3
209 209 23 3
209 204 25 3
209 214 27 3
209 246 32 3
209 234 33 3
209 223 34 3
209 244 36 3
209 175 38 3
209 208 39 3
209 239 40 3
209 264 40 3
209 246 41 3
209 247 42 3
209 247 43 3
209 195 45 3
209 255 45 3
209 226 46 3
209 261 46 3
209 240 47 3
209 170 48 3
462 430 5 3
462 464 7 3
462 515 7 3
462 435 10 3
462 449 14 3
462 470 15 3
462 441 16 3
462 501 17 3
462 425 21 3
462 516 22 3
462 441 24 3
462 423 32 3
462 463 34 3
462 454 36 3
462 489 38 3
462 511 38 3
462 452 39 3
685 700 1 3
685 698 2 3
685 664 3 3
685 704 4 3
685 653 9 3
685 738 12 3
685 741 15 3
685 634 16 3
685 736 17 3
685 731 18 3
685 647 19 3
685 673 20 3
685 684 23 3
685 724 25 3
685 684 26 3
685 727 29 3
685 728 30 3
685 695 31 3
685 728 32 3
685 664 33 3
685 719 34 3
685 653 35 3
685 740 41 3
685 740 42 3
685 740 43 3
685 723 44 3
685 703 46 3
685 708 47 3
685 628 50 3
1 27 1 4
1 40 1 4
1 6 2 4
1 7 2 4
1 21 2 4
1 30 3 4
1 24 4 4
1 46 5 4
1 30 7 4
1 25 8 4
1 31 8 4
1 48 12 4
1 49 13 4
1 29 14 4
1 31 15 4
1 45 17 4
1 26 26 4
1 0 30 4
1 6 30 4
1 11 30 4
1 27 34 4
1 28 35 4
1 0 37 4
1 8 37 4
1 24 38 4
1 50 43 4
1 57 44 4
1 30 45 4
4 27 1 4
4 40 1 4
4 6 2 4
4 7 2 4
4 21 2 4
4 30 3 4
4 24 4 4
4 46 5 4
4 30 7 4
4 25 8 4
4 31 8 4
4 48 12 4
4 49 13 4
4 29 14 4
4 31 15 4
4 45 17 4
4 26 26 4
4 0 30 4
4 6 30 4
4 11 30 4
4 27 34 4
4 28 35 4
4 0 37 4
4 8 37 4
4 24 38 4
4 50 43 4
4 57 44 4
4 63 44 4
4 30 45 4
19 27 1 4
19 40 1 4
19 6 2 4
19 7 2 4
19 21 2 4
19 30 3 4
19 24 4 4
19 46 5 4
19 30 7 4
19 25 8 4
19 31 8 4
19 48 12 4
19 49 13 4
19 29 14 4
19 31 15 4
19 45 17 4
19 26 26 4
19 0 30 4
19 6 30 4
19 11 30 4
19 27 34 4
19 28 35 4
19 0 37 4
19 8 37 4
19 24 38 4
19 50 43 4
19 57 44 4
19 63 44 4
19 30 45 4
19 65 48 4
33 27 1 4
33 40 1 4
33 6 2 4
33 7 2 4
33 21 2 4
33 30 3 4
33 24 4 4
33 46 5 4
33 30 7 4
33 25 8 4
33 31 8 4
33 48 12 4
33 49 13 4
33 29 14 4
33 31 15 4
33 45 17 4
33 90 25 4
33 26 26 4
33 0 30 4
33 6 30 4
33 11 30 4
33 85 32 4
33 27 34 4
33 28 35 4
33 0 37 4
33 8 37 4
33 24 38 4
33 92 38 4
33 79 42 4
33 50 43 4
33 84 43 4
33 57 44 4
33 63 44 4
33 30 45 4
33 65 48 4
100 40 1 4
100 94 2 4
100 116 3 4
100 121 4 4
100 142 4 4
100 46 5 4
100 48 12 4
100 49 13 4
100 45 17 4
100 90 25 4
100 93 27 4
100 85 32 4
100 92 38 4
100 101 39 4
100 79 42 4
100 50 43 4
100 84 43 4
100 57 44 4
100 63 44 4
100 112 45 4
100 65 48 4
100 128 48 4
254 246 3 4
254 260 3 4
254 245 5 4
254 307 5 4
254 305 8 4
254 203 12 4
254 305 12 4
254 200 14 4
254 222 17 4
254 275 19 4
254 209 22 4
254 204 24 4
254 214 26 4
254 278 27 4
254 301 29 4
254 246 31 4
254 234 32 4
254 273 32 4
254 223 33 4
254 244 35 4
254 208 38 4
254 239 39 4
254 264 39 4
254 246 40 4
254 272 40 4
254 247 41 4
254 284 41 4
254 247 42 4
254 274 42 4
254 195 44 4
254 255 44 4
254 226 45 4
254 261 45 4
254 240 46 4
254 277 48 4
254 292 50 4
321 319 1 4
321 307 5 4
321 326 7 4
321 305 8 4
321 377 10 4
321 327 11 4
321 305 12 4
321 371 17 4
321 329 18 4
321 275 19 4
321 342 21 4
321 332 22 4
321 338 24 4
321 334 25 4
321 364 26 4
321 278 27 4
321 349 28 4
321 301 29 4
321 335 30 4
321 273 32 4
321 325 34 4
321 343 36 4
321 264 39 4
321 272 40 4
321 284 41 4
321 274 42 4
321 368 43 4
321 261 45 4
321 366 46 4
321 318 47 4
321 277 48 4
321 292 50 4
700 698 1 4
700 664 2 4
700 704 3 4
700 758 4 4
700 653 8 4
700 738 11 4
700 748 13 4
700 741 14 4
700 736 16 4
700 731 17 4
700 647 18 4
700 673 19 4
700 684 22 4
700 724 24 4
700 684 25 4
700 727 28 4
700 728 29 4
700 695 30 4
700 728 31 4
700 664 32 4
700 719 33 4
700 653 34 4
700 753 35 4
700 740 40 4
700 740 41 4
700 740 42 4
700 723 43 4
700 703 45 4
700 708 46 4
27 6 1 5
27 7 1 5
27 21 1 5
27 30 2 5
27 24 3 5
27 46 4 5
27 30 6 5
27 25 7 5
27 31 7 5
27 48 11 5
27 49 12 5
27 29 13 5
27 31 14 5
27 45 16 5
27 26 25 5
27 0 29 5
27 6 29 5
27 11 29 5
27 85 31 5
27 27 33 5
27 28 34 5
27 0 36 5
27 8 36 5
27 24 37 5
27 79 41 5
27 50 42 5
27 84 42 5
27 57 43 5
27 63 43 5
27 30 44 5
27 65 47 5
27 69 50 5
40 6 1 5
40 7 1 5
40 21 1 5
40 94 1 5
40 30 2 5
40 24 3 5
40 46 4 5
40 30 6 5
40 25 7 5
40 31 7 5
40 48 11 5
40 49 12 5
40 29 13 5
40 31 14 5
40 45 16 5
40 90 24 5
40 26 25 5
40 93 26 5
40 0 29 5
40 6 29 5
40 11 29 5
40 85 31 5
40 27 33 5
40 28 34 5
40 0 36 5
40 8 36 5
40 24 37 5
40 92 37 5
40 79 41 5
40 50 42 5
40 84 42 5
40 57 43 5
40 63 43 5
40 30 44 5
40 65 47 5
40 69 50 5
319 260 2 5
319 307 4 5
319 326 6 5
319 305 7 5
319 377 9 5
319 327 10 5
319 305 11 5
319 371 16 5
319 329 17 5
319 275 18 5
319 342 20 5
319 332 21 5
319 338 23 5
319 334 24 5
319 364 25 5
319 278 26 5
319 349 27 5
319 301 28 5
319 335 29 5
319 273 31 5
319 325 33 5
319 343 35 5
319 264 38 5
319 272 39 5
319 284 40 5
319 274 41 5
319 368 42 5
319 261 44 5
319 366 45 5
319 318 46 5
319 277 47 5
319 292 49 5
698 664 1 5
698 704 2 5
698 653 7 5
698 738 10 5
698 748 12 5
698 741 13 5
698 736 15 5
698 731 16 5
698 647 17 5
698 673 18 5
698 684 21 5
698 724 23 5
698 684 24 5
698 727 27 5
698 728 28 5
698 695 29 5
698 728 30 5
698 664 31 5
698 719 32 5
698 653 33 5
698 753 34 5
698 740 39 5
698 740 40 5
698 740 41 5
698 723 42 5
698 703 44 5
698 708 45 5
698 728 50 5
6 30 1 6
6 24 2 6
6 46 3 6
6 30 5 6
6 25 6 6
6 31 6 6
6 48 10 6
6 49 11 6
6 29 12 6
6 31 13 6
6 45 15 6
6 26 24 6
6 0 28 6
6 6 28 6
6 11 28 6
6 27 32 6
6 28 33 6
6 0 35 6
6 8 35 6
6 24 36 6
6 50 41 6
6 57 42 6
6 63 42 6
6 30 43 6
6 65 46 6
7 30 1 6
7 24 2 6
7 46 3 6
7 30 5 6
7 25 6 6
7 31 6 6
7 48 10 6
7 49 11 6
7 29 12 6
7 31 13 6
7 45 15 6
7 26 24 6
7 0 28 6
7 6 28 6
7 11 28 6
7 27 32 6
7 28 33 6
7 0 35 6
7 8 35 6
7 24 36 6
7 50 41 6
7 57 42 6
7 63 42 6
7 30 43 6
7 65 46 6
21 30 1 6
21 24 2 6
21 46 3 6
21 30 5 6
21 25 6 6
21 31 6 6
21 48 10 6
21 49 11 6
21 29 12 6
21 31 13 6
21 45 15 6
21 26 24 6
21 0 28 6
21 6 28 6
21 11 28 6
21 27 32 6
21 28 33 6
21 0 35 6
21 8 35 6
21 24 36 6
21 79 40 6
21 50 41 6
21 57 42 6
21 63 42 6
21 30 43 6
21 65 46 6
21 69 49 6
94 116 1 6
94 121 2 6
94 142 2 6
94 46 3 6
94 48 10 6
94 49 11 6
94 45 15 6
94 90 23 6
94 93 25 6
94 85 30 6
94 92 36 6
94 101 37 6
94 79 40 6
94 50 41 6
94 84 41 6
94 57 42 6
94 63 42 6
94 112 43 6
94 65 46 6
94 128 46 6
94 69 49 6
94 97 50 6
175 116 1 6
175 121 2 6
175 142 2 6
175 179 5 6
175 203 10 6
175 200 12 6
175 222 15 6
175 209 20 6
175 204 22 6
175 214 24 6
175 234 30 6
175 223 31 6
175 175 35 6
175 208 36 6
175 195 42 6
175 226 43 6
175 170 45 6
175 128 46 6
175 178 48 6
175 221 49 6
175 175 50 6
392 430 2 6
392 435 7 6
392 377 8 6
392 449 11 6
392 441 13 6
392 371 15 6
392 425 18 6
392 342 19 6
392 332 20 6
392 441 21 6
392 338 22 6
392 334 23 6
392 364 24 6
392 349 26 6
392 335 28 6
392 423 29 6
392 343 34 6
392 368 41 6
392 366 44 6
664 704 1 6
664 653 6 6
664 634 13 6
664 647 16 6
664 673 17 6
664 684 20 6
664 684 23 6
664 695 28 6
664 664 30 6
664 719 31 6
664 653 32 6
664 723 41 6
664 703 43 6
664 708 44 6
664 628 47 6
30 24 1 7
30 46 2 7
30 30 4 7
30 25 5 7
30 31 5 7
30 48 9 7
30 49 10 7
30 29 11 7
30 31 12 7
30 45 14 7
30 26 23 7
30 0 27 7
30 6 27 7
30 11 27 7
30 85 29 7
30 27 31 7
30 28 32 7
30 0 34 7
30 8 34 7
30 24 35 7
30 79 39 7
30 50 40 7
30 84 40 7
30 57 41 7
30 63 41 7
30 30 42 7
30 65 45 7
30 69 48 7
116 121 1 7
116 142 1 7
116 90 22 7
116 93 24 7
116 85 29 7
116 175 34 7
116 92 35 7
116 101 36 7
116 79 39 7
116 84 40 7
116 57 41 7
116 63 41 7
116 112 42 7
116 170 44 7
116 65 45 7
116 128 45 7
116 69 48 7
116 97 49 7
116 175 49 7
116 91 50 7
246 245 2 7
246 305 5 7
246 203 9 7
246 305 9 7
246 200 11 7
246 222 14 7
246 275 16 7
246 209 19 7
246 204 21 7
246 214 23 7
246 278 24 7
246 301 26 7
246 246 28 7
246 234 29 7
246 273 29 7
246 223 30 7
246 244 32 7
246 208 35 7
246 239 36 7
246 264 36 7
246 246 37 7
246 272 37 7
246 247 38 7
246 284 38 7
246 247 39 7
246 274 39 7
246 195 41 7
246 255 41 7
246 226 42 7
246 261 42 7
246 240 43 7
246 277 45 7
246 292 47 7
246 221 48 7
260 245 2 7
260 307 2 7
260 305 5 7
260 203 9 7
260 305 9 7
260 200 11 7
260 222 14 7
260 275 16 7
260 209 19 7
260 204 21 7
260 214 23 7
260 278 24 7
260 301 26 7
260 246 28 7
260 234 29 7
260 273 29 7
260 223 30 7
260 244 32 7
260 208 35 7
260 239 36 7
260 264 36 7
260 246 37 7
260 272 37 7
260 247 38 7
260 284 38 7
260 247 39 7
260 274 39 7
260 255 41 7
260 226 42 7
260 261 42 7
260 240 43 7
260 318 44 7
260 277 45 7
260 292 47 7
260 221 48 7
260 317 50 7
704 758 1 7
704 653 5 7
704 738 8 7
704 748 10 7
704 741 11 7
704 736 13 7
704 731 14 7
704 647 15 7
704 673 16 7
704 684 19 7
704 724 21 7
704 684 22 7
704 727 25 7
704 728 26 7
704 695 27 7
704 728 28 7
704 664 29 7
704 719 30 7
704 653 31 7
704 753 32 7
704 740 37 7
704 740 38 7
704 740 39 7
704 723 40 7
704 703 42 7
704 708 43 7
704 728 48 7
24 46 1 8
24 30 3 8
24 25 4 8
24 31 4 8
24 48 8 8
24 49 9 8
24 29 10 8
24 31 11 8
24 45 13 8
24 26 22 8
24 0 26 8
24 6 26 8
24 11 26 8
24 27 30 8
24 28 31 8
24 0 33 8
24 8 33 8
24 24 34 8
24 79 38 8
24 50 39 8
24 57 40 8
24 63 40 8
24 30 41 8
24 65 44 8
24 69 47 8
121 179 3 8
121 90 21 8
121 93 23 8
121 85 28 8
121 175 33 8
121 92 34 8
121 101 35 8
121 79 38 8
121 84 39 8
121 63 40 8
121 112 41 8
121 170 43 8
121 65 44 8
121 128 44 8
121 178 46 8
121 69 47 8
121 97 48 8
121 175 48 8
121 91 49 8
142 179 3 8
142 200 10 8
142 90 21 8
142 93 23 8
142 85 28 8
142 175 33 8
142 92 34 8
142 101 35 8
142 84 39 8
142 195 40 8
142 112 41 8
142 170 43 8
142 128 44 8
142 178 46 8
142 97 48 8
142 175 48 8
142 91 49 8
430 464 2 8
430 435 5 8
430 377 6 8
430 449 9 8
430 470 10 8
430 441 11 8
430 371 13 8
430 425 16 8
430 441 19 8
430 423 27 8
430 463 29 8
430 454 31 8
430 489 33 8
430 452 34 8
758 738 7 8
758 748 9 8
758 741 10 8
758 736 12 8
758 731 13 8
758 724 20 8
758 727 24 8
758 728 25 8
758 728 27 8
758 719 29 8
758 753 31 8
758 740 36 8
758 740 37 8
758 740 38 8
758 723 39 8
758 703 41 8
758 708 42 8
758 728 47 8
46 30 2 9
46 25 3 9
46 31 3 9
46 48 7 9
46 49 8 9
46 29 9 9
46 31 10 9
46 45 12 9
46 90 20 9
46 26 21 9
46 93 22 9
46 0 25 9
46 6 25 9
46 11 25 9
46 85 27 9
46 27 29 9
46 28 30 9
46 0 32 9
46 8 32 9
46 24 33 9
46 92 33 9
46 101 34 9
46 79 37 9
46 50 38 9
46 84 38 9
46 57 39 9
46 63 39 9
46 30 40 9
46 65 43 9
46 69 46 9
46 97 47 9
46 91 48 9
245 203 7 9
245 200 9 9
245 222 12 9
245 275 14 9
245 209 17 9
245 204 19 9
245 214 21 9
245 278 22 9
245 301 24 9
245 246 26 9
245 234 27 9
245 273 27 9
245 223 28 9
245 244 30 9
245 208 33 9
245 239 34 9
245 264 34 9
245 246 35 9
245 272 35 9
245 247 36 9
245 284 36 9
245 247 37 9
245 274 37 9
245 195 39 9
245 255 39 9
245 226 40 9
245 261 40 9
245 240 41 9
245 277 43 9
245 292 45 9
245 221 46 9
307 326 2 9
307 305 3 9
307 327 6 9
307 305 7 9
307 329 13 9
307 275 14 9
307 342 16 9
307 332 17 9
307 338 19 9
307 334 20 9
307 364 21 9
307 278 22 9
307 349 23 9
307 301 24 9
307 335 25 9
307 273 27 9
307 325 29 9
307 343 31 9
307 264 34 9
307 272 35 9
307 247 36 9
307 284 36 9
307 247 37 9
307 274 37 9
307 255 39 9
307 261 40 9
307 366 41 9
307 318 42 9
307 277 43 9
307 292 45 9
307 317 48 9
523 464 1 9
523 515 1 9
523 545 4 9
523 546 5 9
523 526 7 9
523 470 9 9
523 501 11 9
523 522 15 9
523 516 16 9
523 524 18 9
523 535 21 9
523 539 22 9
523 463 28 9
523 553 31 9
523 489 32 9
523 511 32 9
523 530 33 9
523 550 34 9
523 533 39 9
523 543 42 9
523 576 43 9
523 517 45 9
464 435 3 10
464 449 7 10
464 470 8 10
464 441 9 10
464 501 10 10
464 425 14 10
464 522 14 10
464 516 15 10
464 441 17 10
464 423 25 10
464 463 27 10
464 454 29 10
464 489 31 10
464 511 31 10
464 452 32 10
464 517 44 10
464 514 50 10
515 545 3 10
515 546 4 10
515 526 6 10
515 470 8 10
515 501 10 10
515 522 14 10
515 516 15 10
515 524 17 10
515 535 20 10
515 539 21 10
515 463 27 10
515 553 30 10
515 489 31 10
515 511 31 10
515 530 32 10
515 550 33 10
515 533 38 10
515 543 41 10
515 517 44 10
515 514 50 10
30 25 1 11
30 31 1 11
30 48 5 11
30 49 6 11
30 29 7 11
30 31 8 11
30 45 10 11
30 26 19 11
30 0 23 11
30 6 23 11
30 11 23 11
30 85 25 11
30 27 27 11
30 28 28 11
30 0 30 11
30 8 30 11
30 24 31 11
30 79 35 11
30 50 36 11
30 84 36 11
30 57 37 11
30 63 37 11
30 30 38 11
30 65 41 11
30 69 44 11
30 73 49 11
179 203 5 11
179 200 7 11
179 222 10 11
179 209 15 11
179 204 17 11
179 214 19 11
179 234 25 11
179 223 26 11
179 175 30 11
179 208 31 11
179 195 37 11
179 226 38 11
179 170 40 11
179 128 41 11
179 178 43 11
179 221 44 11
179 175 45 11
179 127 49 11
326 305 1 11
326 377 3 11
326 327 4 11
326 305 5 11
326 371 10 11
326 329 11 11
326 275 12 11
326 342 14 11
326 332 15 11
326 338 17 11
326 334 18 11
326 364 19 11
326 278 20 11
326 349 21 11
326 301 22 11
326 335 23 11
326 273 25 11
326 325 27 11
326 343 29 11
326 272 33 11
326 284 34 11
326 274 35 11
326 368 36 11
326 366 39 11
326 318 40 11
326 277 41 11
326 292 43 11
326 317 46 11
326 291 49 11
25 48 4 12
25 49 5 12
25 29 6 12
25 31 7 12
25 45 9 12
25 26 18 12
25 0 22 12
25 6 22 12
25 11 22 12
25 27 26 12
25 28 27 12
25 0 29 12
25 8 29 12
25 24 30 12
25 79 34 12
25 50 35 12
25 84 35 12
25 57 36 12
25 63 36 12
25 30 37 12
25 65 40 12
25 69 43 12
25 73 48 12
31 48 4 12
31 49 5 12
31 29 6 12
31 31 7 12
31 45 9 12
31 90 17 12
31 26 18 12
31 0 22 12
31 6 22 12
31 11 22 12
31 85 24 12
31 27 26 12
31 28 27 12
31 0 29 12
31 8 29 12
31 24 30 12
31 79 34 12
31 50 35 12
31 84 35 12
31 57 36 12
31 63 36 12
31 30 37 12
31 65 40 12
31 69 43 12
31 73 48 12
305 327 3 12
305 305 4 12
305 329 10 12
305 275 11 12
305 342 13 12
305 332 14 12
305 338 16 12
305 334 17 12
305 364 18 12
305 278 19 12
305 349 20 12
305 301 21 12
305 335 22 12
305 246 23 12
305 273 24 12
305 325 26 12
305 343 28 12
305 264 31 12
305 246 32 12
305 272 32 12
305 247 33 12
305 284 33 12
305 247 34 12
305 274 34 12
305 255 36 12
305 261 37 12
305 318 39 12
305 277 40 12
305 292 42 12
305 317 45 12
305 291 48 12
653 634 7 12
653 647 10 12
653 673 11 12
653 684 14 12
653 684 17 12
653 695 22 12
653 664 24 12
653 653 26 12
653 703 37 12
653 708 38 12
653 628 41 12
435 377 1 13
435 449 4 13
435 470 5 13
435 441 6 13
435 425 11 13
435 441 14 13
435 423 22 13
435 463 24 13
435 454 26 13
435 489 28 13
435 452 29 13
545 546 1 13
545 526 3 13
545 501 7 13
545 522 11 13
545 516 12 13
545 524 14 13
545 535 17 13
545 539 18 13
545 553 27 13
545 489 28 13
545 511 28 13
545 530 29 13
545 550 30 13
545 533 35 13
545 543 38 13
545 576 39 13
545 517 41 13
545 585 44 13
545 514 47 13
377 327 1 14
377 371 7 14
377 329 8 14
377 425 10 14
377 342 11 14
377 332 12 14
377 338 14 14
377 334 15 14
377 364 16 14
377 349 18 14
377 335 20 14
377 423 21 14
377 325 24 14
377 343 26 14
377 368 33 14
377 366 36 14
377 318 37 14
377 317 43 14
546 526 2 14
546 501 6 14
546 522 10 14
546 516 11 14
546 524 13 14
546 535 16 14
546 539 17 14
546 553 26 14
546 489 27 14
546 511 27 14
546 530 28 14
546 550 29 14
546 533 34 14
546 543 37 14
546 576 38 14
546 517 40 14
546 585 43 14
546 514 46 14
327 305 1 15
327 371 6 15
327 329 7 15
327 275 8 15
327 342 10 15
327 332 11 15
327 338 13 15
327 334 14 15
327 364 15 15
327 278 16 15
327 349 17 15
327 301 18 15
327 335 19 15
327 273 21 15
327 325 23 15
327 343 25 15
327 272 29 15
327 284 30 15
327 274 31 15
327 368 32 15
327 366 35 15
327 318 36 15
327 277 37 15
327 292 39 15
327 317 42 15
327 291 45 15
738 748 2 15
738 741 3 15
738 736 5 15
738 731 6 15
738 684 11 15
738 724 13 15
738 684 14 15
738 727 17 15
738 728 18 15
738 695 19 15
738 728 20 15
738 719 22 15
738 753 24 15
738 740 29 15
738 740 30 15
738 740 31 15
738 723 32 15
738 703 34 15
738 708 35 15
738 728 40 15
48 49 1 16
48 29 2 16
48 31 3 16
48 45 5 16
48 90 13 16
48 26 14 16
48 93 15 16
48 0 18 16
48 6 18 16
48 11 18 16
48 85 20 16
48 27 22 16
48 28 23 16
48 0 25 16
48 8 25 16
48 24 26 16
48 92 26 16
48 101 27 16
48 79 30 16
48 50 31 16
48 84 31 16
48 57 32 16
48 63 32 16
48 30 33 16
48 65 36 16
48 69 39 16
48 97 40 16
48 91 41 16
48 73 44 16
203 200 2 16
203 222 5 16
203 209 10 16
203 204 12 16
203 214 14 16
203 246 19 16
203 234 20 16
203 223 21 16
203 244 23 16
203 175 25 16
203 208 26 16
203 239 27 16
203 246 28 16
203 247 29 16
203 247 30 16
203 195 32 16
203 255 32 16
203 226 33 16
203 261 33 16
203 240 34 16
203 170 35 16
203 178 38 16
203 221 39 16
203 175 40 16
305 329 6 16
305 275 7 16
305 342 9 16
305 332 10 16
305 338 12 16
305 334 13 16
305 364 14 16
305 278 15 16
305 349 16 16
305 301 17 16
305 335 18 16
305 246 19 16
305 273 20 16
305 325 22 16
305 343 24 16
305 264 27 16
305 246 28 16
305 272 28 16
305 247 29 16
305 284 29 16
305 247 30 16
305 274 30 16
305 255 32 16
305 261 33 16
305 318 35 16
305 277 36 16
305 292 38 16
305 317 41 16
305 291 44 16
526 470 2 16
526 501 4 16
526 522 8 16
526 516 9 16
526 524 11 16
526 535 14 16
526 539 15 16
526 553 24 16
526 489 25 16
526 511 25 16
526 530 26 16
526 550 27 16
526 533 32 16
526 543 35 16
526 576 36 16
526 517 38 16
526 585 41 16
526 514 44 16
49 29 1 17
49 31 2 17
49 45 4 17
49 90 12 17
49 26 13 17
49 93 14 17
49 0 17 17
49 6 17 17
49 11 17 17
49 85 19 17
49 27 21 17
49 28 22 17
49 0 24 17
49 8 24 17
49 24 25 17
49 92 25 17
49 101 26 17
49 79 29 17
49 50 30 17
49 84 30 17
49 57 31 17
49 63 31 17
49 30 32 17
49 65 35 17
49 69 38 17
49 97 39 17
49 91 40 17
49 73 43 17
449 470 1 17
449 441 2 17
449 501 3 17
449 425 7 17
449 441 10 17
449 423 18 17
449 463 20 17
449 454 22 17
449 489 24 17
449 452 25 17
748 741 1 17
748 736 3 17
748 731 4 17
748 724 11 17
748 727 15 17
748 728 16 17
748 695 17 17
748 728 18 17
748 719 20 17
748 753 22 17
748 740 27 17
748 740 28 17
748 740 29 17
748 723 30 17
748 703 32 17
748 708 33 17
748 728 38 17
29 31 1 18
29 45 3 18
29 26 12 18
29 0 16 18
29 6 16 18
29 11 16 18
29 85 18 18
29 27 20 18
29 28 21 18
29 0 23 18
29 8 23 18
29 24 24 18
29 79 28 18
29 50 29 18
29 84 29 18
29 57 30 18
29 63 30 18
29 30 31 18
29 65 34 18
29 69 37 18
29 73 42 18
200 222 3 18
200 209 8 18
200 204 10 18
200 214 12 18
200 246 17 18
200 234 18 18
200 223 19 18
200 244 21 18
200 175 23 18
200 208 24 18
200 239 25 18
200 246 26 18
200 247 27 18
200 247 28 18
200 195 30 18
200 255 30 18
200 226 31 18
200 240 32 18
200 170 33 18
200 178 36 18
200 221 37 18
200 175 38 18
470 441 1 18
470 501 2 18
470 425 6 18
470 522 6 18
470 516 7 18
470 441 9 18
470 524 9 18
470 423 17 18
470 463 19 18
470 454 21 18
470 489 23 18
470 511 23 18
470 452 24 18
470 517 36 18
470 514 42 18
741 736 2 18
741 731 3 18
741 684 8 18
741 724 10 18
741 684 11 18
741 727 14 18
741 728 15 18
741 695 16 18
741 728 17 18
741 719 19 18
741 753 21 18
741 740 26 18
741 740 27 18
741 740 28 18
741 723 29 18
741 703 31 18
741 708 32 18
741 728 37 18
31 45 2 19
31 90 10 19
31 26 11 19
31 0 15 19
31 6 15 19
31 11 15 19
31 85 17 19
31 27 19 19
31 28 20 19
31 0 22 19
31 8 22 19
31 24 23 19
31 79 27 19
31 50 28 19
31 84 28 19
31 57 29 19
31 63 29 19
31 30 30 19
31 65 33 19
31 69 36 19
31 73 41 19
441 425 5 19
441 441 8 19
441 423 16 19
441 463 18 19
441 454 20 19
441 489 22 19
441 452 23 19
634 647 3 19
634 673 4 19
634 684 7 19
634 684 10 19
634 664 17 19
634 653 19 19
634 576 33 19
634 628 34 19
634 585 38 19
501 522 4 20
501 516 5 20
501 441 7 20
501 524 7 20
501 535 10 20
501 539 11 20
501 463 17 20
501 454 19 20
501 553 20 20
501 489 21 20
501 511 21 20
501 452 22 20
501 530 22 20
501 550 23 20
501 533 28 20
501 543 31 20
501 517 34 20
501 514 40 20
736 731 1 20
736 684 6 20
736 724 8 20
736 684 9 20
736 727 12 20
736 728 13 20
736 695 14 20
736 728 15 20
736 719 17 20
736 753 19 20
736 740 24 20
736 740 25 20
736 740 26 20
736 723 27 20
736 703 29 20
736 708 30 20
736 728 35 20
45 90 8 21
45 26 9 21
45 93 10 21
45 0 13 21
45 6 13 21
45 11 13 21
45 85 15 21
45 27 17 21
45 28 18 21
45 0 20 21
45 8 20 21
45 24 21 21
45 92 21 21
45 101 22 21
45 79 25 21
45 50 26 21
45 84 26 21
45 57 27 21
45 63 27 21
45 30 28 21
45 65 31 21
45 69 34 21
45 97 35 21
45 91 36 21
45 73 39 21
222 275 2 21
222 209 5 21
222 204 7 21
222 214 9 21
222 278 10 21
222 246 14 21
222 234 15 21
222 273 15 21
222 223 16 21
222 244 18 21
222 175 20 21
222 208 21 21
222 239 22 21
222 264 22 21
222 246 23 21
222 272 23 21
222 247 24 21
222 247 25 21
222 274 25 21
222 195 27 21
222 255 27 21
222 226 28 21
222 261 28 21
222 240 29 21
222 170 30 21
222 277 31 21
222 178 33 21
222 221 34 21
222 175 35 21
371 329 1 21
371 425 3 21
371 342 4 21
371 332 5 21
371 338 7 21
371 334 8 21
371 364 9 21
371 349 11 21
371 335 13 21
371 423 14 21
371 325 17 21
371 343 19 21
371 368 26 21
371 366 29 21
371 318 30 21
371 317 36 21
731 673 2 21
731 684 5 21
731 724 7 21
731 684 8 21
731 727 11 21
731 728 12 21
731 695 13 21
731 728 14 21
731 719 16 21
731 753 18 21
731 740 23 21
731 740 24 21
731 740 25 21
731 723 26 21
731 703 28 21
731 708 29 21
731 728 34 21
329 275 1 22
329 342 3 22
329 332 4 22
329 338 6 22
329 334 7 22
329 364 8 22
329 278 9 22
329 349 10 22
329 301 11 22
329 335 12 22
329 273 14 22
329 325 16 22
329 343 18 22
329 272 22 22
329 284 23 22
329 274 24 22
329 368 25 22
329 366 28 22
329 318 29 22
329 277 30 22
329 292 32 22
329 317 35 22
329 291 38 22
647 673 1 22
647 684 4 22
647 684 7 22
647 695 12 22
647 664 14 22
647 653 16 22
647 703 27 22
647 628 31 22
275 332 3 23
275 334 6 23
275 278 8 23
275 301 10 23
275 246 12 23
275 234 13 23
275 273 13 23
275 223 14 23
275 325 15 23
275 244 16 23
275 239 20 23
275 264 20 23
275 246 21 23
275 272 21 23
275 247 22 23
275 284 22 23
275 247 23 23
275 274 23 23
275 255 25 23
275 226 26 23
275 261 26 23
275 240 27 23
275 318 28 23
275 277 29 23
275 292 31 23
275 221 32 23
275 317 34 23
275 291 37 23
673 684 3 23
673 724 5 23
673 684 6 23
673 727 9 23
673 728 10 23
673 695 11 23
673 728 12 23
673 664 13 23
673 719 14 23
673 653 15 23
673 723 24 23
673 703 26 23
673 708 27 23
673 628 30 23
673 728 32 23
425 441 3 24
425 423 11 24
425 463 13 24
425 454 15 24
425 452 18 24
425 368 23 24
425 366 26 24
522 516 1 24
522 524 3 24
522 535 6 24
522 539 7 24
522 463 13 24
522 553 16 24
522 489 17 24
522 511 17 24
522 530 18 24
522 550 19 24
522 533 24 24
522 543 27 24
522 576 28 24
522 517 30 24
522 514 36 24
342 332 1 25
342 338 3 25
342 334 4 25
342 364 5 25
342 349 7 25
342 301 8 25
342 335 9 25
342 325 13 25
342 343 15 25
342 284 20 25
342 368 22 25
342 366 25 25
342 318 26 25
342 292 29 25
342 317 32 25
342 291 35 25
516 524 2 25
516 535 5 25
516 539 6 25
516 463 12 25
516 553 15 25
516 489 16 25
516 511 16 25
516 530 17 25
516 550 18 25
516 533 23 25
516 543 26 25
516 517 29 25
516 514 35 25
209 204 2 26
209 214 4 26
209 246 9 26
209 234 10 26
209 223 11 26
209 244 13 26
209 175 15 26
209 208 16 26
209 239 17 26
209 264 17 26
209 246 18 26
209 247 19 26
209 247 20 26
209 195 22 26
209 255 22 26
209 226 23 26
209 261 23 26
209 240 24 26
209 170 25 26
209 178 28 26
209 221 29 26
209 175 30 26
332 338 2 26
332 334 3 26
332 364 4 26
332 278 5 26
332 349 6 26
332 301 7 26
332 335 8 26
332 273 10 26
332 325 12 26
332 343 14 26
332 272 18 26
332 284 19 26
332 274 20 26
332 368 21 26
332 366 24 26
332 318 25 26
332 277 26 26
332 292 28 26
332 317 31 26
332 291 34 26
684 724 2 26
684 684 3 26
684 727 6 26
684 728 7 26
684 695 8 26
684 728 9 26
684 664 10 26
684 719 11 26
684 653 12 26
684 740 18 26
684 740 19 26
684 740 20 26
684 723 21 26
684 703 23 26
684 708 24 26
684 628 27 26
684 728 29 26
441 423 8 27
441 463 10 27
441 454 12 27
441 489 14 27
441 452 15 27
524 535 3 27
524 539 4 27
524 553 13 27
524 489 14 27
524 511 14 27
524 530 15 27
524 550 16 27
524 533 21 27
524 543 24 27
524 576 25 27
524 517 27 27
524 514 33 27
204 214 2 28
204 246 7 28
204 234 8 28
204 223 9 28
204 244 11 28
204 175 13 28
204 208 14 28
204 239 15 28
204 246 16 28
204 247 17 28
204 247 18 28
204 195 20 28
204 255 20 28
204 226 21 28
204 261 21 28
204 240 22 28
204 170 23 28
204 178 26 28
204 221 27 28
204 175 28 28
338 334 1 28
338 364 2 28
338 278 3 28
338 349 4 28
338 301 5 28
338 335 6 28
338 325 10 28
338 343 12 28
338 284 17 28
338 368 19 28
338 366 22 28
338 318 23 28
338 292 26 28
338 317 29 28
338 291 32 28
724 684 1 28
724 727 4 28
724 728 5 28
724 695 6 28
724 728 7 28
724 664 8 28
724 719 9 28
724 753 11 28
724 740 16 28
724 740 17 28
724 740 18 28
724 723 19 28
724 703 21 28
724 708 22 28
724 728 27 28
90 93 2 29
90 85 7 29
90 92 13 29
90 101 14 29
90 79 17 29
90 50 18 29
90 84 18 29
90 57 19 29
90 63 19 29
90 30 20 29
90 112 20 29
90 65 23 29
90 128 23 29
90 69 26 29
90 97 27 29
90 91 28 29
90 73 31 29
90 127 31 29
334 364 1 29
334 278 2 29
334 349 3 29
334 301 4 29
334 335 5 29
334 325 9 29
334 343 11 29
334 284 16 29
334 274 17 29
334 368 18 29
334 366 21 29
334 318 22 29
334 277 23 29
334 292 25 29
334 317 28 29
334 291 31 29
684 727 3 29
684 728 4 29
684 695 5 29
684 728 6 29
684 664 7 29
684 719 8 29
684 653 9 29
684 740 15 29
684 740 16 29
684 740 17 29
684 723 18 29
684 703 20 29
684 708 21 29
684 628 24 29
684 728 26 29
26 0 4 30
26 6 4 30
26 11 4 30
26 85 6 30
26 27 8 30
26 28 9 30
26 0 11 30
26 8 11 30
26 24 12 30
26 79 16 30
26 50 17 30
26 84 17 30
26 57 18 30
26 63 18 30
26 30 19 30
26 65 22 30
26 69 25 30
26 73 30 30
214 246 5 30
214 234 6 30
214 273 6 30
214 223 7 30
214 244 9 30
214 175 11 30
214 208 12 30
214 239 13 30
214 264 13 30
214 246 14 30
214 272 14 30
214 247 15 30
214 247 16 30
214 195 18 30
214 255 18 30
214 226 19 30
214 261 19 30
214 240 20 30
214 170 21 30
214 178 24 30
214 221 25 30
214 175 26 30
364 349 2 30
364 335 4 30
364 423 5 30
364 325 8 30
364 343 10 30
364 368 17 30
364 366 20 30
364 318 21 30
364 317 27 30
535 539 1 30
535 553 10 30
535 489 11 30
535 511 11 30
535 530 12 30
535 550 13 30
535 533 18 30
535 543 21 30
535 576 22 30
535 517 24 30
535 585 27 30
535 514 30 30
93 85 5 31
93 92 11 31
93 101 12 31
93 79 15 31
93 50 16 31
93 84 16 31
93 57 17 31
93 63 17 31
93 112 18 31
93 65 21 31
93 128 21 31
93 69 24 31
93 97 25 31
93 91 26 31
93 73 29 31
93 127 29 31
278 301 2 31
278 335 3 31
278 246 4 31
278 234 5 31
278 273 5 31
278 223 6 31
278 325 7 31
278 244 8 31
278 239 12 31
278 264 12 31
278 246 13 31
278 272 13 31
278 247 14 31
278 284 14 31
278 247 15 31
278 274 15 31
278 255 17 31
278 226 18 31
278 261 18 31
278 240 19 31
278 318 20 31
278 277 21 31
278 292 23 31
278 221 24 31
278 317 26 31
278 291 29 31
539 553 9 31
539 489 10 31
539 511 10 31
539 530 11 31
539 550 12 31
539 533 17 31
539 543 20 31
539 576 21 31
539 517 23 31
539 585 26 31
539 514 29 31
349 301 1 32
349 335 2 32
349 325 6 32
349 343 8 32
349 368 15 32
349 366 18 32
349 318 19 32
349 292 22 32
349 317 25 32
349 291 28 32
727 728 1 32
727 695 2 32
727 728 3 32
727 719 5 32
727 753 7 32
727 740 12 32
727 740 13 32
727 740 14 32
727 723 15 32
727 703 17 32
727 708 18 32
727 728 23 32
301 335 1 33
301 246 2 33
301 273 3 33
301 325 5 33
301 244 6 33
301 343 7 33
301 264 10 33
301 246 11 33
301 272 11 33
301 247 12 33
301 284 12 33
301 247 13 33
301 274 13 33
301 255 15 33
301 261 16 33
301 318 18 33
301 277 19 33
301 292 21 33
301 317 24 33
301 291 27 33
728 695 1 33
728 728 2 33
728 719 4 33
728 753 6 33
728 740 11 33
728 740 12 33
728 740 13 33
728 723 14 33
728 703 16 33
728 708 17 33
728 728 22 33
0 27 4 34
0 28 5 34
0 0 7 34
0 8 7 34
0 24 8 34
0 50 13 34
0 57 14 34
0 30 15 34
6 27 4 34
6 28 5 34
6 0 7 34
6 8 7 34
6 24 8 34
6 50 13 34
6 57 14 34
6 63 14 34
6 30 15 34
6 65 18 34
11 27 4 34
11 28 5 34
11 0 7 34
11 8 7 34
11 24 8 34
11 50 13 34
11 57 14 34
11 63 14 34
11 30 15 34
11 65 18 34
11 69 21 34
335 325 4 34
335 343 6 34
335 284 11 34
335 368 13 34
335 366 16 34
335 318 17 34
335 277 18 34
335 292 20 34
335 317 23 34
335 291 26 34
695 728 1 34
695 664 2 34
695 719 3 34
695 653 4 34
695 753 5 34
695 740 10 34
695 740 11 34
695 740 12 34
695 723 13 34
695 703 15 34
695 708 16 34
695 728 21 34
246 234 1 35
246 273 1 35
246 223 2 35
246 244 4 35
246 208 7 35
246 239 8 35
246 264 8 35
246 246 9 35
246 272 9 35
246 247 10 35
246 284 10 35
246 247 11 35
246 274 11 35
246 195 13 35
246 255 13 35
246 226 14 35
246 261 14 35
246 240 15 35
246 277 17 35
246 292 19 35
246 221 20 35
246 291 25 35
423 463 2 35
423 454 4 35
423 452 7 35
423 368 12 35
423 366 15 35
728 719 2 35
728 753 4 35
728 740 9 35
728 740 10 35
728 740 11 35
728 723 12 35
728 703 14 35
728 708 15 35
728 728 20 35
85 27 2 36
85 28 3 36
85 92 6 36
85 101 7 36
85 79 10 36
85 50 11 36
85 84 11 36
85 57 12 36
85 63 12 36
85 30 13 36
85 112 13 36
85 65 16 36
85 128 16 36
85 69 19 36
85 97 20 36
85 91 21 36
85 73 24 36
85 127 24 36
234 223 1 36
234 244 3 36
234 175 5 36
234 208 6 36
234 239 7 36
234 264 7 36
234 246 8 36
234 272 8 36
234 247 9 36
234 284 9 36
234 247 10 36
234 274 10 36
234 195 12 36
234 255 12 36
234 226 13 36
234 261 13 36
234 240 14 36
234 277 16 36
234 178 18 36
234 292 18 36
234 221 19 36
234 175 20 36
234 291 24 36
273 223 1 36
273 325 2 36
273 244 3 36
273 239 7 36
273 264 7 36
273 246 8 36
273 272 8 36
273 247 9 36
273 284 9 36
273 247 10 36
273 274 10 36
273 255 12 36
273 226 13 36
273 261 13 36
273 240 14 36
273 318 15 36
273 277 16 36
273 292 18 36
273 221 19 36
273 317 21 36
273 291 24 36
664 719 1 36
664 653 2 36
664 723 11 36
664 703 13 36
664 708 14 36
664 628 17 36
223 244 2 37
223 175 4 37
223 208 5 37
223 239 6 37
223 264 6 37
223 246 7 37
223 272 7 37
223 247 8 37
223 247 9 37
223 274 9 37
223 195 11 37
223 255 11 37
223 226 12 37
223 261 12 37
223 240 13 37
223 170 14 37
223 277 15 37
223 178 17 37
223 221 18 37
223 175 19 37
463 454 2 37
463 489 4 37
463 511 4 37
463 452 5 37
463 517 17 37
463 514 23 37
719 753 2 37
719 740 7 37
719 740 8 37
719 740 9 37
719 723 10 37
719 703 12 37
719 708 13 37
719 728 18 37
27 28 1 38
27 0 3 38
27 8 3 38
27 24 4 38
27 79 8 38
27 50 9 38
27 84 9 38
27 57 10 38
27 63 10 38
27 30 11 38
27 65 14 38
27 69 17 38
27 73 22 38
325 343 2 38
325 272 6 38
325 284 7 38
325 274 8 38
325 368 9 38
325 366 12 38
325 318 13 38
325 277 14 38
325 292 16 38
325 317 19 38
325 291 22 38
653 703 11 38
653 708 12 38
653 628 15 38
28 0 2 39
28 8 2 39
28 24 3 39
28 79 7 39
28 50 8 39
28 84 8 39
28 57 9 39
28 63 9 39
28 30 10 39
28 65 13 39
28 69 16 39
28 73 21 39
244 208 3 39
244 239 4 39
244 264 4 39
244 246 5 39
244 272 5 39
244 247 6 39
244 284 6 39
244 247 7 39
244 274 7 39
244 195 9 39
244 255 9 39
244 226 10 39
244 261 10 39
244 240 11 39
244 277 13 39
244 292 15 39
244 221 16 39
244 291 21 39
454 489 2 39
454 511 2 39
454 452 3 39
753 740 5 39
753 740 6 39
753 740 7 39
753 723 8 39
753 703 10 39
753 708 11 39
753 728 16 39
343 284 5 40
343 368 7 40
343 366 10 40
343 318 11 40
343 292 14 40
343 317 17 40
343 291 20 40
553 511 1 40
553 530 2 40
553 550 3 40
553 533 8 40
553 543 11 40
553 576 12 40
553 517 14 40
553 585 17 40
553 514 20 40
0 24 1 41
0 50 6 41
0 57 7 41
0 30 8 41
8 24 1 41
8 50 6 41
8 57 7 41
8 63 7 41
8 30 8 41
8 65 11 41
175 208 1 41
175 195 7 41
175 226 8 41
175 170 10 41
175 128 11 41
175 178 13 41
175 221 14 41
175 175 15 41
175 127 19 41
489 452 1 41
489 530 1 41
489 533 7 41
489 543 10 41
489 517 13 41
489 514 19 41
511 452 1 41
511 530 1 41
511 550 2 41
511 533 7 41
511 543 10 41
511 517 13 41
511 514 19 41
24 79 4 42
24 50 5 42
24 57 6 42
24 63 6 42
24 30 7 42
24 65 10 42
24 69 13 42
24 73 18 42
92 101 1 42
92 79 4 42
92 50 5 42
92 84 5 42
92 57 6 42
92 63 6 42
92 112 7 42
92 65 10 42
92 128 10 42
92 69 13 42
92 97 14 42
92 91 15 42
92 73 18 42
92 127 18 42
208 239 1 42
208 264 1 42
208 246 2 42
208 247 3 42
208 247 4 42
208 195 6 42
208 255 6 42
208 226 7 42
208 261 7 42
208 240 8 42
208 170 9 42
208 178 12 42
208 221 13 42
208 175 14 42
530 550 1 42
530 533 6 42
530 543 9 42
530 576 10 42
530 517 12 42
530 585 15 42
530 514 18 42
101 79 3 43
101 50 4 43
101 84 4 43
101 57 5 43
101 63 5 43
101 112 6 43
101 65 9 43
101 128 9 43
101 69 12 43
101 97 13 43
101 91 14 43
101 73 17 43
101 127 17 43
239 246 1 43
239 272 1 43
239 247 2 43
239 284 2 43
239 247 3 43
239 274 3 43
239 195 5 43
239 255 5 43
239 226 6 43
239 261 6 43
239 240 7 43
239 277 9 43
239 292 11 43
239 221 12 43
239 291 17 43
264 246 1 43
264 272 1 43
264 247 2 43
264 284 2 43
264 247 3 43
264 274 3 43
264 255 5 43
264 226 6 43
264 261 6 43
264 240 7 43
264 318 8 43
264 277 9 43
264 292 11 43
264 221 12 43
264 317 14 43
264 291 17 43
550 533 5 43
550 543 8 43
550 576 9 43
550 517 11 43
550 585 14 43
550 514 17 43
246 247 1 44
246 284 1 44
246 247 2 44
246 274 2 44
246 195 4 44
246 255 4 44
246 226 5 44
246 261 5 44
246 240 6 44
246 277 8 44
246 292 10 44
246 221 11 44
246 291 16 44
272 247 1 44
272 284 1 44
272 247 2 44
272 274 2 44
272 255 4 44
272 226 5 44
272 261 5 44
272 240 6 44
272 318 7 44
272 277 8 44
272 292 10 44
272 221 11 44
272 317 13 44
272 291 16 44
740 740 1 44
740 740 2 44
740 723 3 44
740 703 5 44
740 708 6 44
740 728 11 44
247 247 1 45
247 274 1 45
247 195 3 45
247 255 3 45
247 226 4 45
247 261 4 45
247 240 5 45
247 277 7 45
247 292 9 45
247 221 10 45
247 291 15 45
284 247 1 45
284 274 1 45
284 255 3 45
284 226 4 45
284 261 4 45
284 240 5 45
284 318 6 45
284 277 7 45
284 292 9 45
284 317 12 45
284 291 15 45
740 740 1 45
740 723 2 45
740 703 4 45
740 708 5 45
740 728 10 45
79 50 1 46
79 84 1 46
79 57 2 46
79 63 2 46
79 30 3 46
79 112 3 46
79 65 6 46
79 128 6 46
79 69 9 46
79 97 10 46
79 91 11 46
79 73 14 46
79 127 14 46
247 195 2 46
247 255 2 46
247 226 3 46
247 261 3 46
247 240 4 46
247 277 6 46
247 292 8 46
247 221 9 46
247 291 14 46
274 255 2 46
274 226 3 46
274 261 3 46
274 240 4 46
274 318 5 46
274 277 6 46
274 292 8 46
274 221 9 46
274 317 11 46
274 291 14 46
740 723 1 46
740 703 3 46
740 708 4 46
740 728 9 46
50 57 1 47
50 63 1 47
50 30 2 47
50 65 5 47
50 69 8 47
50 97 9 47
50 91 10 47
50 73 13 47
84 57 1 47
84 63 1 47
84 30 2 47
84 112 2 47
84 65 5 47
84 128 5 47
84 69 8 47
84 97 9 47
84 91 10 47
84 73 13 47
84 127 13 47
368 366 3 47
368 318 4 47
368 317 10 47
723 703 2 47
723 708 3 47
723 728 8 47
57 30 1 48
57 112 1 48
57 65 4 48
57 69 7 48
57 97 8 48
57 91 9 48
57 73 12 48
63 30 1 48
63 112 1 48
63 65 4 48
63 69 7 48
63 97 8 48
63 91 9 48
63 73 12 48
195 226 1 48
195 240 2 48
195 170 3 48
195 178 6 48
195 221 7 48
195 175 8 48
255 226 1 48
255 261 1 48
255 240 2 48
255 277 4 48
255 292 6 48
255 221 7 48
255 291 12 48
533 543 3 48
533 576 4 48
533 517 6 48
533 585 9 48
533 514 12 48
30 65 3 49
30 69 6 49
30 73 11 49
112 170 2 49
112 65 3 49
112 128 3 49
112 69 6 49
112 97 7 49
112 91 8 49
112 73 11 49
112 127 11 49
226 240 1 49
226 170 2 49
226 277 3 49
226 178 5 49
226 221 6 49
226 175 7 49
261 240 1 49
261 318 2 49
261 277 3 49
261 292 5 49
261 221 6 49
261 317 8 49
261 291 11 49
703 708 1 49
703 728 6 49
240 277 2 50
240 292 4 50
240 221 5 50
240 291 10 50
366 318 1 50
366 317 7 50
708 728 5 50
170 128 1 51
170 178 3 51
170 221 4 51
170 175 5 51
170 127 9 51
318 277 1 51
318 292 3 51
318 317 6 51
318 291 9 51
543 576 1 51
543 517 3 51
543 585 6 51
543 514 9 51
65 69 3 52
65 97 4 52
65 91 5 52
65 73 8 52
128 178 2 52
128 69 3 52
128 97 4 52
128 175 4 52
128 91 5 52
128 73 8 52
128 127 8 52
277 292 2 52
277 221 3 52
277 317 5 52
277 291 8 52
576 628 1 52
576 517 2 52
576 585 5 52
628 585 4 53
178 221 1 54
178 175 2 54
178 127 6 54
292 317 3 54
292 291 6 54
517 514 6 54
69 97 1 55
69 91 2 55
69 73 5 55
69 127 5 55
221 175 1 55
97 91 1 56
97 73 4 56
97 127 4 56
175 127 4 56
91 73 3 57
91 127 3 57
317 291 3 57
