426 431 1 4
426 429 9 4
426 429 10 4
426 429 12 4
426 430 13 4
426 430 14 4
426 430 15 4
426 431 16 4
426 430 17 4
426 431 18 4
426 430 19 4
426 429 20 4
1017 1020 1 4
1017 1023 1 4
1017 1023 2 4
1017 1020 3 4
1017 1020 5 4
1017 980 7 4
1017 959 9 4
1017 1023 9 4
1017 958 10 4
1017 959 18 4
1017 959 19 4
1017 980 20 4
1023 1020 1 4
1023 1023 1 4
1023 1023 2 4
1023 1020 3 4
1023 1020 5 4
1023 980 7 4
1023 1023 9 4
1023 980 20 4
87 43 6 5
87 33 7 5
87 75 8 5
87 76 9 5
431 429 8 5
431 429 9 5
431 429 11 5
431 430 12 5
431 430 13 5
431 430 14 5
431 431 15 5
431 430 16 5
431 431 17 5
431 430 18 5
431 429 19 5
431 430 20 5
1020 1023 1 5
1020 1020 2 5
1020 1020 4 5
1020 980 6 5
1020 1023 8 5
1020 980 19 5
1020 980 20 5
1023 1023 1 5
1023 1020 2 5
1023 1020 4 5
1023 980 6 5
1023 1023 8 5
1023 980 19 5
1023 980 20 5
823 823 2 6
1023 1020 1 6
1023 1020 3 6
1023 980 5 6
1023 1023 7 6
1023 980 18 6
1023 980 19 6
1023 979 20 6
1020 1020 2 7
1020 980 4 7
1020 1023 6 7
1020 980 17 7
1020 980 18 7
1020 979 19 7
1020 980 2 9
1020 1023 4 9
1020 980 15 9
1020 980 16 9
1020 979 17 9
1020 980 20 9
43 33 1 11
43 75 2 11
43 76 3 11
506 508 1 11
506 507 19 11
980 959 2 11
980 1023 2 11
980 958 3 11
980 939 4 11
980 939 5 11
980 939 6 11
980 939 9 11
980 937 10 11
980 959 11 11
980 959 12 11
980 980 13 11
980 980 14 11
980 979 15 11
980 980 18 11
980 958 20 11
33 75 1 12
33 76 2 12
190 193 4 12
190 193 5 12
190 184 6 12
190 194 7 12
190 194 8 12
190 194 11 12
190 194 12 12
190 194 13 12
190 193 14 12
190 184 15 12
190 186 16 12
508 507 18 12
75 76 1 13
429 429 1 13
429 429 3 13
429 430 4 13
429 430 5 13
429 430 6 13
429 431 7 13
429 430 8 13
429 431 9 13
429 430 10 13
429 429 11 13
429 430 12 13
429 429 13 13
429 429 14 13
429 427 18 13
429 428 19 13
429 430 20 13
959 958 1 13
959 939 2 13
959 939 3 13
959 939 4 13
959 901 5 13
959 902 6 13
959 939 7 13
959 937 8 13
959 959 9 13
959 959 10 13
959 980 11 13
959 980 12 13
959 979 13 13
959 901 14 13
959 901 15 13
959 980 16 13
959 958 18 13
959 956 19 13
959 958 20 13
1023 980 11 13
1023 980 12 13
1023 979 13 13
1023 980 16 13
429 429 2 14
429 430 3 14
429 430 4 14
429 430 5 14
429 431 6 14
429 430 7 14
429 431 8 14
429 430 9 14
429 429 10 14
429 430 11 14
429 429 12 14
429 429 13 14
429 427 17 14
429 428 18 14
429 430 19 14
429 429 20 14
958 939 1 14
958 939 2 14
958 939 3 14
958 901 4 14
958 902 5 14
958 939 6 14
958 937 7 14
958 959 8 14
958 959 9 14
958 980 10 14
958 980 11 14
958 979 12 14
958 901 13 14
958 901 14 14
958 980 15 14
958 958 17 14
958 956 18 14
958 958 19 14
958 938 20 14
939 939 1 15
939 939 2 15
939 901 3 15
939 902 4 15
939 939 5 15
939 937 6 15
939 959 7 15
939 959 8 15
939 980 9 15
939 980 10 15
939 979 11 15
939 901 12 15
939 901 13 15
939 980 14 15
939 958 16 15
939 956 17 15
939 958 18 15
939 938 19 15
939 938 20 15
193 193 1 16
193 184 2 16
193 194 3 16
193 194 4 16
193 194 7 16
193 194 8 16
193 194 9 16
193 193 10 16
193 184 11 16
193 186 12 16
193 193 18 16
193 193 19 16
429 430 1 16
429 430 2 16
429 430 3 16
429 431 4 16
429 430 5 16
429 431 6 16
429 430 7 16
429 429 8 16
429 430 9 16
429 429 10 16
429 429 11 16
429 427 15 16
429 428 16 16
429 430 17 16
429 429 18 16
429 429 19 16
429 429 20 16
939 939 1 16
939 901 2 16
939 902 3 16
939 939 4 16
939 937 5 16
939 959 6 16
939 959 7 16
939 980 8 16
939 980 9 16
939 979 10 16
939 901 11 16
939 901 12 16
939 980 13 16
939 958 15 16
939 956 16 16
939 958 17 16
939 938 18 16
939 938 19 16
939 939 20 16
193 184 1 17
193 194 2 17
193 194 3 17
193 194 6 17
193 194 7 17
193 194 8 17
193 193 9 17
193 184 10 17
193 186 11 17
193 193 17 17
193 193 18 17
430 430 1 17
430 430 2 17
430 431 3 17
430 430 4 17
430 431 5 17
430 430 6 17
430 429 7 17
430 430 8 17
430 429 9 17
430 429 10 17
430 427 14 17
430 428 15 17
430 430 16 17
430 429 17 17
430 429 18 17
430 429 19 17
430 429 20 17
939 901 1 17
939 902 2 17
939 939 3 17
939 937 4 17
939 959 5 17
939 959 6 17
939 980 7 17
939 980 8 17
939 979 9 17
939 901 10 17
939 901 11 17
939 980 12 17
939 958 14 17
939 956 15 17
939 958 16 17
939 938 17 17
939 938 18 17
939 939 19 17
939 901 20 17
184 194 1 18
184 194 2 18
184 194 5 18
184 194 6 18
184 194 7 18
184 193 8 18
184 184 9 18
184 186 10 18
184 193 16 18
184 193 17 18
430 430 1 18
430 431 2 18
430 430 3 18
430 431 4 18
430 430 5 18
430 429 6 18
430 430 7 18
430 429 8 18
430 429 9 18
430 427 13 18
430 428 14 18
430 430 15 18
430 429 16 18
430 429 17 18
430 429 18 18
430 429 19 18
901 902 1 18
901 939 2 18
901 937 3 18
901 959 4 18
901 959 5 18
901 901 9 18
901 901 10 18
901 958 13 18
901 956 14 18
901 958 15 18
901 938 16 18
901 938 17 18
901 939 18 18
901 901 19 18
901 938 20 18
194 194 1 19
194 194 4 19
194 194 5 19
194 194 6 19
194 193 7 19
194 184 8 19
194 186 9 19
194 193 15 19
194 193 16 19
430 431 1 19
430 430 2 19
430 431 3 19
430 430 4 19
430 429 5 19
430 430 6 19
430 429 7 19
430 429 8 19
430 427 12 19
430 428 13 19
430 430 14 19
430 429 15 19
430 429 16 19
430 429 17 19
430 429 18 19
430 430 20 19
902 939 1 19
902 937 2 19
902 959 3 19
902 959 4 19
902 901 8 19
902 901 9 19
902 958 12 19
902 956 13 19
902 958 14 19
902 938 15 19
902 938 16 19
902 939 17 19
902 901 18 19
902 938 19 19
902 937 20 19
194 194 3 20
194 194 4 20
194 194 5 20
194 193 6 20
194 184 7 20
194 186 8 20
194 193 14 20
194 193 15 20
431 430 1 20
431 431 2 20
431 430 3 20
431 429 4 20
431 430 5 20
431 429 6 20
431 429 7 20
431 427 11 20
431 428 12 20
431 430 13 20
431 429 14 20
431 429 15 20
431 429 16 20
431 429 17 20
431 430 19 20
431 426 20 20
939 937 1 20
939 959 2 20
939 959 3 20
939 980 4 20
939 980 5 20
939 979 6 20
939 901 7 20
939 901 8 20
939 980 9 20
939 958 11 20
939 956 12 20
939 958 13 20
939 938 14 20
939 938 15 20
939 939 16 20
939 901 17 20
939 938 18 20
939 937 19 20
939 958 20 20
430 431 1 21
430 430 2 21
430 429 3 21
430 430 4 21
430 429 5 21
430 429 6 21
430 427 10 21
430 428 11 21
430 430 12 21
430 429 13 21
430 429 14 21
430 429 15 21
430 429 16 21
430 430 18 21
430 426 19 21
430 428 20 21
937 959 1 21
937 959 2 21
937 980 3 21
937 980 4 21
937 979 5 21
937 901 6 21
937 901 7 21
937 980 8 21
937 958 10 21
937 956 11 21
937 958 12 21
937 938 13 21
937 938 14 21
937 939 15 21
937 901 16 21
937 938 17 21
937 937 18 21
937 958 19 21
937 959 20 21
431 430 1 22
431 429 2 22
431 430 3 22
431 429 4 22
431 429 5 22
431 427 9 22
431 428 10 22
431 430 11 22
431 429 12 22
431 429 13 22
431 429 14 22
431 429 15 22
431 430 17 22
431 426 18 22
431 428 19 22
431 429 20 22
959 959 1 22
959 980 2 22
959 980 3 22
959 979 4 22
959 901 5 22
959 901 6 22
959 980 7 22
959 958 9 22
959 956 10 22
959 958 11 22
959 938 12 22
959 938 13 22
959 939 14 22
959 901 15 22
959 938 16 22
959 937 17 22
959 958 18 22
959 959 19 22
959 959 20 22
194 194 1 23
194 194 2 23
194 193 3 23
194 184 4 23
194 186 5 23
194 193 11 23
194 193 12 23
194 193 18 23
194 193 19 23
430 429 1 23
430 430 2 23
430 429 3 23
430 429 4 23
430 427 8 23
430 428 9 23
430 430 10 23
430 429 11 23
430 429 12 23
430 429 13 23
430 429 14 23
430 430 16 23
430 426 17 23
430 428 18 23
430 429 19 23
430 429 20 23
959 980 1 23
959 980 2 23
959 979 3 23
959 901 4 23
959 901 5 23
959 980 6 23
959 958 8 23
959 956 9 23
959 958 10 23
959 938 11 23
959 938 12 23
959 939 13 23
959 901 14 23
959 938 15 23
959 937 16 23
959 958 17 23
959 959 18 23
959 959 19 23
959 980 20 23
194 194 1 24
194 193 2 24
194 184 3 24
194 186 4 24
194 193 10 24
194 193 11 24
194 193 17 24
194 193 18 24
194 193 20 24
429 430 1 24
429 429 2 24
429 429 3 24
429 427 7 24
429 428 8 24
429 430 9 24
429 429 10 24
429 429 11 24
429 429 12 24
429 429 13 24
429 430 15 24
429 426 16 24
429 428 17 24
429 429 18 24
429 429 19 24
429 429 20 24
980 980 1 24
980 979 2 24
980 980 5 24
980 958 7 24
980 956 8 24
980 958 9 24
980 938 10 24
980 938 11 24
980 939 12 24
980 938 14 24
980 937 15 24
980 958 16 24
980 959 17 24
980 959 18 24
980 980 19 24
194 193 1 25
194 184 2 25
194 186 3 25
194 193 9 25
194 193 10 25
194 193 16 25
194 193 17 25
194 193 19 25
194 193 20 25
430 429 1 25
430 429 2 25
430 427 6 25
430 428 7 25
430 430 8 25
430 429 9 25
430 429 10 25
430 429 11 25
430 429 12 25
430 430 14 25
430 426 15 25
430 428 16 25
430 429 17 25
430 429 18 25
430 429 19 25
430 429 20 25
980 979 1 25
980 980 4 25
980 958 6 25
980 956 7 25
980 958 8 25
980 938 9 25
980 938 10 25
980 939 11 25
980 938 13 25
980 937 14 25
980 958 15 25
980 959 16 25
980 959 17 25
980 980 18 25
193 184 1 26
193 186 2 26
193 193 8 26
193 193 9 26
193 193 15 26
193 193 16 26
193 193 18 26
193 193 19 26
429 429 1 26
429 427 5 26
429 428 6 26
429 430 7 26
429 429 8 26
429 429 9 26
429 429 10 26
429 429 11 26
429 430 13 26
429 426 14 26
429 428 15 26
429 429 16 26
429 429 17 26
429 429 18 26
429 429 19 26
979 980 3 26
979 958 5 26
979 956 6 26
979 958 7 26
979 938 8 26
979 938 9 26
979 939 10 26
979 938 12 26
979 937 13 26
979 958 14 26
979 959 15 26
979 959 16 26
979 980 17 26
184 186 1 27
184 193 7 27
184 193 8 27
184 193 14 27
184 193 15 27
184 193 17 27
184 193 18 27
429 427 4 27
429 428 5 27
429 430 6 27
429 429 7 27
429 429 8 27
429 429 9 27
429 429 10 27
429 430 12 27
429 426 13 27
429 428 14 27
429 429 15 27
429 429 16 27
429 429 17 27
429 429 18 27
901 901 1 27
901 958 4 27
901 956 5 27
901 958 6 27
901 938 7 27
901 938 8 27
901 939 9 27
901 901 10 27
901 938 11 27
901 937 12 27
901 958 13 27
901 959 14 27
901 959 15 27
901 901 17 27
901 901 18 27
186 193 6 28
186 193 7 28
186 193 13 28
186 193 14 28
186 193 16 28
186 193 17 28
901 958 3 28
901 956 4 28
901 958 5 28
901 938 6 28
901 938 7 28
901 939 8 28
901 901 9 28
901 938 10 28
901 937 11 28
901 958 12 28
901 959 13 28
901 959 14 28
901 901 16 28
901 901 17 28
980 958 2 29
980 956 3 29
980 958 4 29
980 938 5 29
980 938 6 29
980 939 7 29
980 938 9 29
980 937 10 29
980 958 11 29
980 959 12 29
980 959 13 29
980 980 14 29
980 977 20 29
507 508 16 30
822 822 16 30
822 823 17 30
427 428 1 31
427 430 2 31
427 429 3 31
427 429 4 31
427 429 5 31
427 429 6 31
427 430 8 31
427 426 9 31
427 428 10 31
427 429 11 31
427 429 12 31
427 429 13 31
427 429 14 31
958 956 1 31
958 958 2 31
958 938 3 31
958 938 4 31
958 939 5 31
958 901 6 31
958 938 7 31
958 937 8 31
958 958 9 31
958 959 10 31
958 959 11 31
958 980 12 31
958 901 13 31
958 901 14 31
958 977 18 31
958 945 19 31
428 430 1 32
428 429 2 32
428 429 3 32
428 429 4 32
428 429 5 32
428 430 7 32
428 426 8 32
428 428 9 32
428 429 10 32
428 429 11 32
428 429 12 32
428 429 13 32
956 958 1 32
956 938 2 32
956 938 3 32
956 939 4 32
956 901 5 32
956 938 6 32
956 937 7 32
956 958 8 32
956 959 9 32
956 959 10 32
956 980 11 32
956 901 12 32
956 901 13 32
956 977 17 32
956 945 18 32
430 429 1 33
430 429 2 33
430 429 3 33
430 429 4 33
430 430 6 33
430 426 7 33
430 428 8 33
430 429 9 33
430 429 10 33
430 429 11 33
430 429 12 33
958 938 1 33
958 938 2 33
958 939 3 33
958 901 4 33
958 938 5 33
958 937 6 33
958 958 7 33
958 959 8 33
958 959 9 33
958 980 10 33
958 901 11 33
958 901 12 33
958 977 16 33
958 945 17 33
193 193 1 34
193 193 7 34
193 193 8 34
193 193 10 34
193 193 11 34
193 145 18 34
193 152 19 34
193 151 20 34
429 429 1 34
429 429 2 34
429 429 3 34
429 430 5 34
429 426 6 34
429 428 7 34
429 429 8 34
429 429 9 34
429 429 10 34
429 429 11 34
938 938 1 34
938 939 2 34
938 901 3 34
938 938 4 34
938 937 5 34
938 958 6 34
938 959 7 34
938 959 8 34
938 980 9 34
938 901 10 34
938 901 11 34
938 977 15 34
938 945 16 34
193 193 6 35
193 193 7 35
193 193 9 35
193 193 10 35
193 145 17 35
193 152 18 35
193 151 19 35
193 150 20 35
429 429 1 35
429 429 2 35
429 430 4 35
429 426 5 35
429 428 6 35
429 429 7 35
429 429 8 35
429 429 9 35
429 429 10 35
938 939 1 35
938 901 2 35
938 938 3 35
938 937 4 35
938 958 5 35
938 959 6 35
938 959 7 35
938 980 8 35
938 901 9 35
938 901 10 35
938 977 14 35
938 945 15 35
429 429 1 36
429 430 3 36
429 426 4 36
429 428 5 36
429 429 6 36
429 429 7 36
429 429 8 36
429 429 9 36
939 901 1 36
939 938 2 36
939 937 3 36
939 958 4 36
939 959 5 36
939 959 6 36
939 980 7 36
939 901 8 36
939 901 9 36
939 977 13 36
939 945 14 36
429 430 2 37
429 426 3 37
429 428 4 37
429 429 5 37
429 429 6 37
429 429 7 37
429 429 8 37
901 938 1 37
901 937 2 37
901 958 3 37
901 959 4 37
901 959 5 37
901 901 7 37
901 901 8 37
901 945 13 37
938 937 1 38
938 958 2 38
938 959 3 38
938 959 4 38
938 980 5 38
938 901 6 38
938 901 7 38
938 977 11 38
938 945 12 38
938 939 20 38
430 426 1 39
430 428 2 39
430 429 3 39
430 429 4 39
430 429 5 39
430 429 6 39
430 428 20 39
937 958 1 39
937 959 2 39
937 959 3 39
937 980 4 39
937 901 5 39
937 901 6 39
937 977 10 39
937 945 11 39
937 939 19 39
426 428 1 40
426 429 2 40
426 429 3 40
426 429 4 40
426 429 5 40
426 428 19 40
426 430 20 40
958 959 1 40
958 959 2 40
958 980 3 40
958 901 4 40
958 901 5 40
958 977 9 40
958 945 10 40
958 939 18 40
958 1004 20 40
193 193 1 41
193 193 3 41
193 193 4 41
193 145 11 41
193 152 12 41
193 151 13 41
193 150 14 41
193 150 15 41
193 251 18 41
428 429 1 41
428 429 2 41
428 429 3 41
428 429 4 41
428 428 18 41
428 430 19 41
959 959 1 41
959 980 2 41
959 901 3 41
959 901 4 41
959 977 8 41
959 945 9 41
959 939 17 41
959 1004 19 41
193 193 2 42
193 193 3 42
193 145 10 42
193 152 11 42
193 151 12 42
193 150 13 42
193 150 14 42
193 251 17 42
429 429 1 42
429 429 2 42
429 429 3 42
429 428 17 42
429 430 18 42
429 429 20 42
959 980 1 42
959 901 2 42
959 901 3 42
959 977 7 42
959 945 8 42
959 939 16 42
959 1004 18 42
429 429 1 43
429 429 2 43
429 428 16 43
429 430 17 43
429 429 19 43
429 429 20 43
980 977 6 43
980 945 7 43
980 939 15 43
980 1004 17 43
193 193 1 44
193 145 8 44
193 152 9 44
193 151 10 44
193 150 11 44
193 150 12 44
193 251 15 44
193 193 19 44
429 429 1 44
429 428 15 44
429 430 16 44
429 429 18 44
429 429 19 44
429 429 20 44
901 901 1 44
901 945 6 44
901 939 14 44
193 145 7 45
193 152 8 45
193 151 9 45
193 150 10 45
193 150 11 45
193 251 14 45
193 193 18 45
429 428 14 45
429 430 15 45
429 429 17 45
429 429 18 45
429 429 19 45
901 945 5 45
901 939 13 45
508 510 5 46
508 541 6 46
508 544 7 46
508 544 8 46
508 544 9 46
508 544 10 46
822 823 1 46
822 782 5 46
822 814 15 46
822 821 16 46
822 820 17 46
823 782 4 47
823 814 14 47
823 821 15 47
823 820 16 47
977 945 1 49
977 939 9 49
977 1004 11 49
977 998 15 49
945 939 8 50
945 1004 10 50
945 998 14 50
945 897 16 50
945 896 17 50
510 541 1 51
510 544 2 51
510 544 3 51
510 544 4 51
510 544 5 51
782 814 10 51
782 821 11 51
782 820 12 51
782 820 17 51
782 780 18 51
782 737 19 51
145 152 1 52
145 151 2 52
145 150 3 52
145 150 4 52
145 193 11 52
145 193 16 52
145 193 17 52
345 348 2 52
345 348 3 52
345 348 4 52
345 361 9 52
541 544 1 52
541 544 2 52
541 544 3 52
541 544 4 52
541 588 5 52
152 151 1 53
152 150 2 53
152 150 3 53
152 193 10 53
152 193 15 53
152 193 16 53
544 544 1 53
544 544 2 53
544 544 3 53
544 588 4 53
151 150 1 54
151 150 2 54
151 193 9 54
151 193 14 54
151 193 15 54
348 348 1 54
348 348 2 54
348 361 7 54
544 544 1 54
544 544 2 54
544 588 3 54
150 150 1 55
150 193 8 55
150 193 13 55
150 193 14 55
348 348 1 55
348 361 6 55
544 544 1 55
544 588 2 55
150 193 7 56
150 193 12 56
150 193 13 56
348 361 5 56
544 588 1 56
588 604 2 57
78 73 1 58
78 78 11 58
78 64 12 58
939 998 6 58
939 897 8 58
939 896 9 58
939 936 13 58
939 937 14 58
939 937 15 58
939 958 17 58
939 944 18 58
73 78 10 59
73 64 11 59
251 193 4 59
251 193 9 59
251 193 10 59
251 193 18 59
251 250 19 59
428 430 1 59
428 429 3 59
428 429 4 59
428 429 5 59
428 429 9 59
428 429 10 59
428 429 11 59
428 429 13 59
428 430 14 59
428 429 18 59
428 429 19 59
428 429 20 59
604 603 19 59
430 429 2 60
430 429 3 60
430 429 4 60
430 429 8 60
430 429 9 60
430 429 10 60
430 429 12 60
430 430 13 60
430 429 17 60
430 429 18 60
430 429 19 60
1004 998 4 60
1004 958 15 60
1004 944 16 60
361 361 19 61
814 821 1 61
814 820 2 61
814 820 7 61
814 780 8 61
814 819 18 61
814 818 19 61
814 825 20 61
429 429 1 62
429 429 2 62
429 429 6 62
429 429 7 62
429 429 8 62
429 429 10 62
429 430 11 62
429 429 15 62
429 429 16 62
429 429 17 62
429 429 19 62
429 429 20 62
821 820 1 62
821 820 6 62
821 780 7 62
821 819 17 62
821 818 18 62
821 825 19 62
193 193 5 63
193 193 6 63
193 193 14 63
193 250 15 63
429 429 1 63
429 429 5 63
429 429 6 63
429 429 7 63
429 429 9 63
429 430 10 63
429 429 14 63
429 429 15 63
429 429 16 63
429 429 18 63
429 429 19 63
820 820 5 63
820 780 6 63
820 819 16 63
820 818 17 63
820 825 18 63
429 429 4 64
429 429 5 64
429 429 6 64
429 429 8 64
429 430 9 64
429 429 13 64
429 429 14 64
429 429 15 64
429 429 17 64
429 429 18 64
998 958 11 64
998 944 12 64
998 1002 18 64
897 896 1 66
897 936 5 66
897 937 6 66
897 937 7 66
897 944 10 66
897 901 17 66
896 936 4 67
896 937 5 67
896 937 6 67
896 944 9 67
896 901 16 67
193 193 1 68
193 193 9 68
193 250 10 68
193 186 19 68
429 429 1 68
429 429 2 68
429 429 4 68
429 430 5 68
429 429 9 68
429 429 10 68
429 429 11 68
429 429 13 68
429 429 14 68
429 429 18 68
429 425 19 68
429 429 20 68
820 780 1 68
820 819 11 68
820 818 12 68
820 825 13 68
78 64 1 69
78 118 18 69
193 193 8 69
193 250 9 69
193 186 18 69
429 429 1 69
429 429 3 69
429 430 4 69
429 429 8 69
429 429 9 69
429 429 10 69
429 429 12 69
429 429 13 69
429 429 17 69
429 425 18 69
429 429 19 69
780 737 1 69
780 739 5 69
780 819 10 69
780 818 11 69
780 825 12 69
64 118 17 70
429 429 2 70
429 430 3 70
429 429 7 70
429 429 8 70
429 429 9 70
429 429 11 70
429 429 12 70
429 429 16 70
429 425 17 70
429 429 18 70
429 429 20 70
737 739 4 70
737 739 20 70
936 937 1 71
936 937 2 71
936 958 4 71
936 944 5 71
936 901 12 71
936 979 14 71
936 980 15 71
936 952 17 71
936 933 18 71
429 430 1 72
429 429 5 72
429 429 6 72
429 429 7 72
429 429 9 72
429 429 10 72
429 429 14 72
429 425 15 72
429 429 16 72
429 429 18 72
429 429 19 72
937 937 1 72
937 958 3 72
937 944 4 72
937 901 11 72
937 979 13 72
937 980 14 72
937 952 16 72
937 933 17 72
430 429 4 73
430 429 5 73
430 429 6 73
430 429 8 73
430 429 9 73
430 429 13 73
430 425 14 73
430 429 15 73
430 429 17 73
430 429 18 73
937 958 2 73
937 944 3 73
937 901 10 73
937 979 12 73
937 980 13 73
937 952 15 73
937 933 16 73
739 739 16 74
739 738 17 74
739 738 18 74
739 739 19 74
739 738 20 74
958 944 1 75
958 1002 7 75
958 901 8 75
958 979 10 75
958 980 11 75
958 952 13 75
958 933 14 75
958 936 20 75
944 1002 6 76
944 901 7 76
944 979 9 76
944 980 10 76
944 952 12 76
944 933 13 76
944 936 19 76
944 936 20 76
193 250 1 77
193 186 10 77
193 144 13 77
193 142 14 77
193 143 15 77
193 196 19 77
193 190 20 77
429 429 1 77
429 429 2 77
429 429 4 77
429 429 5 77
429 429 9 77
429 425 10 77
429 429 11 77
429 429 13 77
429 429 14 77
429 429 18 77
429 429 19 77
429 429 20 77
665 660 10 77
250 196 18 78
250 190 19 78
429 429 1 78
429 429 3 78
429 429 4 78
429 429 8 78
429 425 9 78
429 429 10 78
429 429 12 78
429 429 13 78
429 429 17 78
429 429 18 78
429 429 19 78
603 660 9 78
429 429 2 79
429 429 3 79
429 429 7 79
429 425 8 79
429 429 9 79
429 429 11 79
429 429 12 79
429 429 16 79
429 429 17 79
429 429 18 79
819 818 1 79
819 825 2 79
819 817 18 79
361 346 18 80
818 825 1 80
818 817 17 80
429 429 1 81
429 429 5 81
429 425 6 81
429 429 7 81
429 429 9 81
429 429 10 81
429 429 14 81
429 429 15 81
429 429 16 81
429 429 19 81
429 429 20 81
825 817 16 81
429 429 4 82
429 425 5 82
429 429 6 82
429 429 8 82
429 429 9 82
429 429 13 82
429 429 14 82
429 429 15 82
429 429 18 82
429 429 19 82
1002 979 3 82
1002 980 4 82
1002 952 6 82
1002 959 19 82
1002 1023 19 82
901 952 5 83
901 933 6 83
901 936 12 83
901 936 13 83
901 959 18 83
979 980 1 85
979 952 3 85
979 933 4 85
979 936 10 85
979 936 11 85
979 959 16 85
979 1023 16 85
979 1002 19 85
429 425 1 86
429 429 2 86
429 429 4 86
429 429 5 86
429 429 9 86
429 429 10 86
429 429 11 86
429 429 14 86
429 429 15 86
429 429 20 86
980 952 2 86
980 933 3 86
980 936 9 86
980 936 10 86
980 959 15 86
980 1023 15 86
980 1002 18 86
118 144 3 87
118 142 4 87
118 143 5 87
186 144 3 87
186 142 4 87
186 143 5 87
186 196 9 87
186 190 10 87
186 192 13 87
425 429 1 87
425 429 3 87
425 429 4 87
425 429 8 87
425 429 9 87
425 429 10 87
425 429 13 87
425 429 14 87
425 429 19 87
425 429 20 87
660 663 11 87
660 663 12 87
660 664 13 87
429 429 2 88
429 429 3 88
429 429 7 88
429 429 8 88
429 429 9 88
429 429 12 88
429 429 13 88
429 429 18 88
429 429 19 88
952 933 1 88
952 936 7 88
952 936 8 88
952 959 13 88
952 1002 16 88
933 936 6 89
933 936 7 89
933 959 12 89
144 142 1 90
144 143 2 90
144 196 6 90
144 190 7 90
144 192 10 90
144 193 19 90
429 429 1 90
429 429 5 90
429 429 6 90
429 429 7 90
429 429 10 90
429 429 11 90
429 429 16 90
429 429 17 90
429 430 19 90
429 429 20 90
739 738 1 90
739 738 2 90
739 739 3 90
739 738 4 90
739 780 16 90
739 778 17 90
142 143 1 91
142 196 5 91
142 190 6 91
142 192 9 91
142 193 18 91
429 429 4 91
429 429 5 91
429 429 6 91
429 429 9 91
429 429 10 91
429 429 15 91
429 429 16 91
429 430 18 91
429 429 19 91
429 430 20 91
738 738 1 91
738 739 2 91
738 738 3 91
738 780 15 91
738 778 16 91
143 196 4 92
143 190 5 92
143 192 8 92
143 193 17 92
738 739 1 92
738 738 2 92
738 780 14 92
738 778 15 92
739 738 1 93
739 780 13 93
739 778 14 93
738 780 12 94
738 778 13 94
429 429 1 95
429 429 2 95
429 429 5 95
429 429 6 95
429 429 11 95
429 429 12 95
429 430 14 95
429 429 15 95
429 430 16 95
429 427 20 95
936 936 1 95
936 959 6 95
936 897 15 95
936 896 16 95
936 900 17 95
936 900 18 95
936 937 19 95
936 900 20 95
196 190 1 96
196 192 4 96
196 193 13 96
196 193 20 96
429 429 1 96
429 429 4 96
429 429 5 96
429 429 10 96
429 429 11 96
429 430 13 96
429 429 14 96
429 430 15 96
429 427 19 96
429 430 20 96
936 959 5 96
936 897 14 96
936 896 15 96
936 900 16 96
936 900 17 96
936 937 18 96
936 900 19 96
936 959 20 96
190 192 3 97
190 193 12 97
190 193 19 97
429 429 3 97
429 429 4 97
429 429 9 97
429 429 10 97
429 430 12 97
429 429 13 97
429 430 14 97
429 427 18 97
429 430 19 97
429 429 20 97
817 818 8 97
817 780 9 97
817 778 10 97
817 821 11 97
817 820 12 97
663 663 1 98
663 664 2 98
504 507 6 99
663 664 1 99
192 193 9 100
192 193 16 100
192 193 18 100
192 193 19 100
429 429 1 100
429 429 6 100
429 429 7 100
429 430 9 100
429 429 10 100
429 430 11 100
429 427 15 100
429 430 16 100
429 429 17 100
429 429 18 100
429 429 19 100
429 429 20 100
664 665 20 100
429 429 5 101
429 429 6 101
429 430 8 101
429 429 9 101
429 430 10 101
429 427 14 101
429 430 15 101
429 429 16 101
429 429 17 101
429 429 18 101
429 429 19 101
959 1002 3 101
959 900 11 101
959 900 12 101
959 937 13 101
959 900 14 101
959 959 15 101
959 900 16 101
959 900 17 101
959 900 18 101
1023 1002 3 101
1023 1023 9 101
1023 1023 10 101
1023 1023 11 101
1023 1023 12 101
42 49 1 104
42 34 14 104
1002 1023 6 104
1002 1023 7 104
1002 1023 8 104
1002 1023 9 104
1002 959 12 104
49 34 13 105
507 507 16 105
507 508 17 105
507 509 18 105
818 780 1 105
818 778 2 105
818 821 3 105
818 820 4 105
818 822 17 105
818 818 18 105
818 819 19 105
429 429 1 106
429 430 3 106
429 429 4 106
429 430 5 106
429 427 9 106
429 430 10 106
429 429 11 106
429 429 12 106
429 429 13 106
429 429 14 106
780 778 1 106
780 821 2 106
780 820 3 106
780 822 16 106
780 818 17 106
780 819 18 106
429 430 2 107
429 429 3 107
429 430 4 107
429 427 8 107
429 430 9 107
429 429 10 107
429 429 11 107
429 429 12 107
429 429 13 107
778 821 1 107
778 820 2 107
778 822 15 107
778 818 16 107
778 819 17 107
821 820 1 108
821 822 14 108
821 818 15 108
821 819 16 108
193 193 7 109
193 193 9 109
193 193 10 109
193 145 19 109
193 142 20 109
430 429 1 109
430 430 2 109
430 427 6 109
430 430 7 109
430 429 8 109
430 429 9 109
430 429 10 109
430 429 11 109
430 429 20 109
820 822 13 109
820 818 14 109
820 819 15 109
429 430 1 110
429 427 5 110
429 430 6 110
429 429 7 110
429 429 8 110
429 429 9 110
429 429 10 110
429 429 19 110
897 896 1 110
897 900 2 110
897 900 3 110
897 937 4 110
897 900 5 110
897 900 7 110
897 900 8 110
897 900 9 110
897 956 15 110
897 933 16 110
897 938 17 110
1023 1023 1 110
1023 1023 2 110
1023 1023 3 110
430 427 4 111
430 430 5 111
430 429 6 111
430 429 7 111
430 429 8 111
430 429 9 111
430 429 18 111
896 900 1 111
896 900 2 111
896 937 3 111
896 900 4 111
896 900 6 111
896 900 7 111
896 900 8 111
896 933 15 111
896 938 16 111
1023 1023 1 111
1023 1023 2 111
900 900 1 112
900 937 2 112
900 900 3 112
900 959 4 112
900 900 5 112
900 900 6 112
900 900 7 112
900 956 13 112
900 933 14 112
900 938 15 112
900 932 20 112
1023 1023 1 112
900 937 1 113
900 900 2 113
900 959 3 113
900 900 4 113
900 900 5 113
900 900 6 113
900 956 12 113
900 933 13 113
900 938 14 113
900 932 19 113
900 952 20 113
937 900 1 114
937 959 2 114
937 900 3 114
937 900 4 114
937 900 5 114
937 956 11 114
937 933 12 114
937 938 13 114
937 932 18 114
937 952 19 114
427 430 1 115
427 429 2 115
427 429 3 115
427 429 4 115
427 429 5 115
427 429 14 115
900 959 1 115
900 900 2 115
900 900 3 115
900 900 4 115
900 956 10 115
900 933 11 115
900 938 12 115
900 932 17 115
900 952 18 115
900 959 20 115
193 193 2 116
193 193 3 116
193 145 12 116
193 142 13 116
193 144 14 116
193 144 15 116
430 429 1 116
430 429 2 116
430 429 3 116
430 429 4 116
430 429 13 116
959 900 1 116
959 900 2 116
959 900 3 116
959 956 9 116
959 933 10 116
959 938 11 116
959 932 16 116
959 952 17 116
959 959 19 116
959 974 20 116
429 429 1 117
429 429 2 117
429 429 3 117
429 429 12 117
900 900 1 117
900 900 2 117
900 956 8 117
900 933 9 117
900 938 10 117
900 932 15 117
900 952 16 117
900 959 18 117
193 193 1 118
193 145 10 118
193 142 11 118
193 144 12 118
193 144 13 118
193 192 20 118
429 429 1 118
429 429 2 118
429 429 11 118
900 900 1 118
900 956 7 118
900 933 8 118
900 938 9 118
900 932 14 118
900 952 15 118
900 959 17 118
193 145 9 119
193 142 10 119
193 144 11 119
193 144 12 119
193 192 19 119
193 193 20 119
429 429 1 119
429 429 10 119
429 429 20 119
900 956 6 119
900 933 7 119
900 938 8 119
900 932 13 119
900 952 14 119
900 959 16 119
429 429 9 120
429 429 19 120
429 430 20 120
665 665 1 120
665 666 14 120
665 665 19 120
507 508 1 121
507 509 2 121
507 507 7 121
507 506 9 121
507 506 16 121
507 506 17 121
665 666 13 121
665 665 18 121
508 509 1 122
508 507 6 122
508 506 8 122
508 506 15 122
508 506 16 122
822 818 1 122
822 819 2 122
509 507 5 123
509 506 7 123
509 506 14 123
509 506 15 123
509 507 20 123
818 819 1 123
819 767 20 124
956 933 1 125
956 938 2 125
956 932 7 125
956 952 8 125
956 959 10 125
956 974 11 125
956 975 12 125
956 1001 13 125
956 1014 16 125
956 1013 17 125
956 961 18 125
933 938 1 126
933 932 6 126
933 952 7 126
933 959 9 126
933 974 10 126
933 975 11 126
933 961 17 126
938 932 5 127
938 952 6 127
938 959 8 127
938 974 9 127
938 975 10 127
938 961 16 127
145 142 1 128
145 144 2 128
145 144 3 128
145 192 10 128
145 193 11 128
507 506 2 128
507 506 9 128
507 506 10 128
507 507 15 128
507 540 19 128
738 736 1 128
738 739 2 128
738 738 3 128
738 767 16 128
738 740 17 128
738 739 18 128
738 738 20 128
142 144 1 129
142 144 2 129
142 192 9 129
142 193 10 129
429 429 10 129
429 430 11 129
429 430 17 129
429 429 18 129
736 739 1 129
736 738 2 129
736 767 15 129
736 740 16 129
736 739 17 129
736 738 19 129
736 740 20 129
144 144 1 130
144 192 8 130
144 193 9 130
144 147 20 130
506 506 7 130
506 506 8 130
506 507 13 130
506 540 17 130
506 543 20 130
739 738 1 130
739 767 14 130
739 740 15 130
739 739 16 130
739 738 18 130
739 740 19 130
144 192 7 131
144 193 8 131
144 147 19 131
738 767 13 131
738 740 14 131
738 739 15 131
738 738 17 131
738 740 18 131
738 737 20 131
932 952 1 132
932 959 3 132
932 974 4 132
932 975 5 132
932 961 11 132
952 959 2 133
952 974 3 133
952 975 4 133
952 1001 5 133
952 961 10 133
666 665 5 134
959 974 1 135
959 975 2 135
959 1001 3 135
959 1014 6 135
959 1013 7 135
959 961 8 135
959 975 19 135
959 974 20 135
1023 974 1 135
1023 975 2 135
1023 1023 2 135
1023 1001 3 135
1023 1014 6 135
1023 1023 6 135
1023 1013 7 135
1023 1023 7 135
1023 1023 11 135
1023 975 19 135
1023 974 20 135
974 975 1 136
974 1023 1 136
974 1001 2 136
974 1014 5 136
974 1023 5 136
974 1013 6 136
974 1023 6 136
974 961 7 136
974 1023 10 136
974 975 18 136
974 974 19 136
974 1003 20 136
506 506 1 137
506 507 6 137
506 540 10 137
506 543 13 137
975 1001 1 137
975 1014 4 137
975 1023 4 137
975 1013 5 137
975 1023 5 137
975 961 6 137
975 1023 9 137
975 975 17 137
975 974 18 137
975 1003 19 137
975 1007 20 137
1023 1001 1 137
1023 1014 4 137
1023 1023 4 137
1023 1013 5 137
1023 1023 5 137
1023 1023 9 137
1023 975 17 137
1023 974 18 137
1023 1003 19 137
1023 1007 20 137
192 193 1 138
192 147 12 138
192 250 13 138
506 507 5 138
506 540 9 138
506 543 12 138
506 506 20 138
1001 1014 3 138
1001 1023 3 138
1001 1013 4 138
1001 1023 4 138
1001 961 5 138
1001 1023 8 138
1001 975 16 138
1001 974 17 138
1001 1003 18 138
1001 1007 19 138
193 147 11 139
193 250 12 139
429 430 1 139
429 430 7 139
429 429 8 139
429 430 17 139
429 429 18 139
430 430 6 140
430 429 7 140
430 430 16 140
430 429 17 140
1014 1013 1 141
1014 1023 1 141
1014 961 2 141
1014 1023 5 141
1014 975 13 141
1014 974 14 141
1014 1003 15 141
1014 1007 16 141
1014 988 18 141
1014 1023 19 141
1014 971 20 141
1023 1013 1 141
1023 1023 1 141
1023 1023 5 141
1023 975 13 141
1023 974 14 141
1023 1003 15 141
1023 1007 16 141
1023 988 18 141
1023 1023 19 141
1023 971 20 141
1013 961 1 142
1013 1023 4 142
1013 975 12 142
1013 974 13 142
1013 1003 14 142
1013 1007 15 142
1013 988 17 142
1013 1023 18 142
1013 971 19 142
1023 1023 4 142
1023 975 12 142
1023 974 13 142
1023 1003 14 142
1023 1007 15 142
1023 988 17 142
1023 1023 18 142
1023 971 19 142
507 540 4 143
507 543 7 143
507 506 15 143
507 507 18 143
961 975 11 143
961 974 12 143
961 1003 13 143
961 1007 14 143
961 988 16 143
961 902 17 143
961 971 18 143
961 939 20 143
767 740 1 144
767 739 2 144
767 738 4 144
767 740 5 144
767 737 7 144
767 780 8 144
767 823 9 144
767 822 14 144
740 739 1 145
740 738 3 145
740 740 4 145
740 737 6 145
740 780 7 145
740 739 20 145
430 429 1 146
430 430 10 146
430 429 11 146
430 433 16 146
430 429 19 146
430 429 20 146
739 738 2 146
739 740 3 146
739 737 5 146
739 780 6 146
739 739 19 146
739 738 20 146
1023 975 8 146
1023 974 9 146
1023 1003 10 146
1023 1007 11 146
1023 988 13 146
1023 1023 14 146
1023 971 15 146
429 430 9 147
429 429 10 147
429 433 15 147
429 429 18 147
429 429 19 147
540 543 3 147
540 506 11 147
540 507 14 147
738 740 1 148
738 737 3 148
738 780 4 148
738 739 17 148
738 738 18 148
738 739 19 148
740 737 2 149
740 780 3 149
740 739 16 149
740 738 17 149
740 739 18 149
740 773 20 149
147 196 12 150
543 506 8 150
543 507 11 150
250 196 11 151
737 780 1 151
737 739 14 151
737 738 15 151
737 739 16 151
737 773 18 151
737 779 19 151
8 10 9 152
8 18 9 152
8 42 9 152
8 12 18 152
8 17 18 152
8 49 19 152
780 823 1 152
780 822 6 152
780 739 13 152
780 738 14 152
780 739 15 152
780 773 17 152
780 779 18 152
780 824 19 152
823 822 5 153
823 773 16 153
823 779 17 153
823 824 18 153
975 974 1 154
975 1003 2 154
975 1007 3 154
975 988 5 154
975 1023 6 154
975 971 7 154
975 939 9 154
975 941 10 154
975 941 14 154
975 936 18 154
975 922 19 154
975 923 20 154
975 1023 20 154
974 1003 1 155
974 1007 2 155
974 988 4 155
974 1023 5 155
974 971 6 155
974 939 8 155
974 941 9 155
974 941 13 155
974 936 17 155
974 922 18 155
974 923 19 155
974 1023 19 155
974 924 20 155
430 429 1 156
430 433 6 156
430 429 9 156
430 429 10 156
430 419 14 156
430 429 18 156
430 429 19 156
1003 1007 1 156
1003 988 3 156
1003 1023 4 156
1003 971 5 156
1003 1023 18 156
429 433 5 157
429 429 8 157
429 429 9 157
429 419 13 157
429 429 17 157
429 429 18 157
1007 988 2 157
1007 1023 3 157
1007 971 4 157
1007 1023 17 157
506 507 3 158
822 773 11 158
822 779 12 158
822 824 13 158
988 1023 1 159
988 971 2 159
988 939 4 159
988 941 5 159
988 941 9 159
988 936 13 159
988 1023 15 159
988 932 17 159
988 937 18 159
988 1017 19 159
988 1023 20 159
902 939 3 160
902 941 4 160
902 941 8 160
902 936 12 160
902 922 13 160
902 923 14 160
902 924 15 160
902 932 16 160
902 937 17 160
902 960 20 160
1023 971 1 160
1023 1023 14 160
1023 1017 18 160
1023 1023 19 160
10 12 9 161
10 17 9 161
10 49 10 161
18 12 9 161
18 17 9 161
18 49 10 161
42 12 9 161
42 17 9 161
42 49 10 161
971 939 2 161
971 941 3 161
971 941 7 161
971 936 11 161
971 922 12 161
971 923 13 161
971 1023 13 161
971 924 14 161
971 932 15 161
971 937 16 161
971 1017 17 161
971 1023 18 161
971 960 19 161
196 193 12 162
433 429 3 162
433 429 4 162
433 419 8 162
433 429 12 162
433 429 13 162
433 428 19 162
939 941 1 163
939 941 5 163
939 936 9 163
939 922 10 163
939 923 11 163
939 924 12 163
939 932 13 163
939 937 14 163
939 960 17 163
939 936 19 163
941 941 4 164
941 936 8 164
941 922 9 164
941 923 10 164
941 924 11 164
941 932 12 164
941 937 13 164
941 960 16 164
941 936 18 164
941 902 20 164
429 429 1 165
429 419 5 165
429 429 9 165
429 429 10 165
429 428 16 165
429 428 18 165
429 429 19 165
739 738 1 165
739 739 2 165
739 773 4 165
739 779 5 165
739 782 16 165
429 419 4 166
429 429 8 166
429 429 9 166
429 428 15 166
429 428 17 166
429 429 18 166
738 739 1 166
738 773 3 166
738 779 4 166
738 782 15 166
739 773 2 167
739 779 3 167
739 782 14 167
941 936 4 168
941 922 5 168
941 923 6 168
941 924 7 168
941 932 8 168
941 937 9 168
941 960 12 168
941 936 14 168
941 902 16 168
941 900 17 168
941 938 18 168
941 938 20 168
773 779 1 169
773 824 2 169
773 830 10 169
773 782 12 169
773 820 14 169
12 49 1 170
17 49 1 170
419 429 4 170
419 429 5 170
419 428 11 170
419 428 13 170
419 429 14 170
419 430 17 170
419 430 20 170
779 824 1 170
779 830 9 170
779 782 11 170
779 820 13 170
824 830 8 171
824 782 10 171
824 820 12 171
936 922 1 172
936 923 2 172
936 924 3 172
936 932 4 172
936 937 5 172
936 960 8 172
936 936 10 172
936 902 12 172
936 900 13 172
936 938 14 172
936 938 16 172
936 958 17 172
936 960 18 172
936 959 19 172
922 923 1 173
922 924 2 173
922 932 3 173
922 937 4 173
922 960 7 173
922 936 9 173
922 902 11 173
922 900 12 173
922 938 13 173
922 938 15 173
922 958 16 173
922 960 17 173
922 959 18 173
922 900 20 173
193 193 19 174
193 193 20 174
429 429 1 174
429 428 7 174
429 428 9 174
429 429 10 174
429 430 13 174
429 430 16 174
429 430 17 174
429 429 18 174
429 429 19 174
429 429 20 174
923 924 1 174
923 932 2 174
923 937 3 174
923 960 6 174
923 936 8 174
923 902 10 174
923 900 11 174
923 938 12 174
923 938 14 174
923 958 15 174
923 960 16 174
923 959 17 174
923 900 19 174
923 901 20 174
1023 1017 4 174
1023 1023 5 174
1023 1023 10 174
1023 1023 11 174
1023 1023 12 174
1023 1015 13 174
1023 1023 13 174
1023 1023 14 174
1023 1023 19 174
429 428 6 175
429 428 8 175
429 429 9 175
429 430 12 175
429 430 15 175
429 430 16 175
429 429 17 175
429 429 18 175
429 429 19 175
924 932 1 175
924 937 2 175
924 960 5 175
924 936 7 175
924 902 9 175
924 900 10 175
924 938 11 175
924 938 13 175
924 958 14 175
924 960 15 175
924 959 16 175
924 900 18 175
924 901 19 175
932 937 1 176
932 960 4 176
932 936 6 176
932 902 8 176
932 900 9 176
932 938 10 176
932 938 12 176
932 958 13 176
932 960 14 176
932 959 15 176
932 900 17 176
932 901 18 176
932 978 20 176
937 960 3 177
937 936 5 177
937 902 7 177
937 900 8 177
937 938 9 177
937 938 11 177
937 958 12 177
937 960 13 177
937 959 14 177
937 900 16 177
937 901 17 177
937 978 19 177
937 979 20 177
1017 1023 1 178
1017 960 2 178
1017 1023 6 178
1017 1023 7 178
1017 1023 8 178
1017 1015 9 178
1017 1023 9 178
1017 1023 10 178
1017 958 11 178
1017 960 12 178
1017 959 13 178
1017 1023 15 178
1017 978 18 178
1017 979 19 178
830 782 2 179
830 820 4 179
830 821 16 179
1023 1023 5 179
1023 1023 6 179
1023 1023 7 179
1023 1015 8 179
1023 1023 8 179
1023 1023 9 179
1023 1023 14 179
1023 978 17 179
1023 979 18 179
960 936 2 180
960 902 4 180
960 900 5 180
960 938 6 180
960 1015 7 180
960 938 8 180
960 958 9 180
960 960 10 180
960 959 11 180
960 900 13 180
960 901 14 180
960 978 16 180
960 979 17 180
428 428 2 181
428 429 3 181
428 430 6 181
428 430 9 181
428 430 10 181
428 429 11 181
428 429 12 181
428 429 13 181
428 408 19 181
782 820 2 181
782 741 11 181
782 821 14 181
782 737 17 181
936 902 2 182
936 900 3 182
936 938 4 182
936 938 6 182
936 958 7 182
936 960 8 182
936 959 9 182
936 900 11 182
936 901 12 182
936 978 14 182
936 979 15 182
428 429 1 183
428 430 4 183
428 430 7 183
428 430 8 183
428 429 9 183
428 429 10 183
428 429 11 183
428 408 17 183
428 430 19 183
820 821 12 183
429 430 3 184
429 430 6 184
429 430 7 184
429 429 8 184
429 429 9 184
429 429 10 184
429 408 16 184
429 430 18 184
902 900 1 184
902 938 2 184
902 938 4 184
902 958 5 184
902 960 6 184
902 959 7 184
902 900 9 184
902 901 10 184
1023 1023 1 184
1023 1023 2 184
1023 1015 3 184
1023 1023 3 184
1023 1023 4 184
1023 1023 9 184
1023 978 12 184
1023 979 13 184
507 504 1 185
507 508 3 185
507 508 4 185
507 539 18 185
900 938 1 185
900 938 3 185
900 958 4 185
900 959 6 185
900 900 8 185
900 901 9 185
1023 1023 1 185
1023 1015 2 185
1023 1023 2 185
1023 1023 3 185
1023 1023 8 185
1023 978 11 185
1023 979 12 185
504 508 2 186
504 508 3 186
504 539 17 186
938 938 2 186
938 958 3 186
938 960 4 186
938 959 5 186
938 900 7 186
938 901 8 186
938 978 10 186
938 979 11 186
1023 1015 1 186
1023 1023 1 186
1023 1023 2 186
1023 1023 7 186
1023 978 10 186
1023 979 11 186
430 430 3 187
430 430 4 187
430 429 5 187
430 429 6 187
430 429 7 187
430 408 13 187
430 430 15 187
430 429 20 187
1015 1023 1 187
1015 958 2 187
1015 960 3 187
1015 959 4 187
1015 1023 6 187
1015 978 9 187
1015 979 10 187
1023 1023 1 187
1023 1023 6 187
1023 978 9 187
1023 979 10 187
508 508 1 188
508 539 15 188
938 958 1 188
938 960 2 188
938 959 3 188
938 900 5 188
938 901 6 188
938 978 8 188
938 979 9 188
1023 1023 5 188
1023 978 8 188
1023 979 9 188
508 539 14 189
958 960 1 189
958 959 2 189
958 900 4 189
958 901 5 189
958 978 7 189
958 979 8 189
430 430 1 190
430 429 2 190
430 429 3 190
430 429 4 190
430 408 10 190
430 430 12 190
430 429 17 190
430 429 18 190
430 430 19 190
960 959 1 190
960 900 3 190
960 901 4 190
960 978 6 190
960 979 7 190
430 429 1 191
430 429 2 191
430 429 3 191
430 408 9 191
430 430 11 191
430 429 16 191
430 429 17 191
430 430 18 191
959 900 2 191
959 901 3 191
959 978 5 191
959 979 6 191
429 429 1 192
429 429 2 192
429 408 8 192
429 430 10 192
429 429 15 192
429 429 16 192
429 430 17 192
741 737 6 192
741 740 13 192
741 739 14 192
741 781 19 192
193 193 1 193
193 189 7 193
193 181 8 193
193 186 9 193
193 181 10 193
193 244 19 193
429 429 1 193
429 408 7 193
429 430 9 193
429 429 14 193
429 429 15 193
429 430 16 193
900 901 1 193
1023 978 3 193
1023 979 4 193
193 189 6 194
193 181 7 194
193 186 8 194
193 181 9 194
193 244 18 194
429 408 6 194
429 430 8 194
429 429 13 194
429 429 14 194
429 430 15 194
821 821 9 195
821 819 14 195
821 820 15 195
821 781 16 195
821 819 17 195
821 821 18 195
978 979 1 196
737 740 7 198
737 739 8 198
737 781 13 198
119 82 1 199
119 75 2 199
119 77 20 199
119 149 20 199
660 606 1 199
660 608 2 199
660 658 3 199
660 665 8 199
660 664 9 199
660 606 15 199
660 606 16 199
660 658 18 199
660 659 19 199
660 606 20 199
82 75 1 200
82 77 19 200
189 181 1 200
189 186 2 200
189 181 3 200
189 244 12 200
189 149 19 200
408 430 2 200
408 429 7 200
408 429 8 200
408 430 9 200
606 608 1 200
606 658 2 200
606 665 7 200
606 664 8 200
606 606 14 200
606 606 15 200
606 658 17 200
606 659 18 200
606 606 19 200
606 661 20 200
75 77 18 201
181 186 1 201
181 181 2 201
181 149 18 201
181 144 20 201
294 340 2 201
294 244 11 201
294 318 15 201
294 343 18 201
294 341 19 201
294 314 20 201
608 658 1 201
608 665 6 201
608 664 7 201
608 606 13 201
608 606 14 201
608 658 16 201
608 659 17 201
608 606 18 201
608 661 19 201
186 181 1 202
186 244 10 202
186 149 17 202
186 144 19 202
186 143 20 202
430 429 5 202
430 429 6 202
430 430 7 202
658 665 5 202
658 664 6 202
658 606 12 202
658 606 13 202
658 658 15 202
658 659 16 202
658 606 17 202
658 661 18 202
181 149 16 203
181 144 18 203
181 143 19 203
340 318 13 203
340 343 16 203
340 341 17 203
340 314 18 203
340 341 19 203
539 535 13 203
539 540 18 203
539 540 19 203
539 506 20 203
821 819 5 204
821 820 6 204
821 781 7 204
821 819 8 204
821 821 9 204
821 780 19 204
740 739 1 205
740 781 6 205
740 780 18 205
740 737 20 205
739 781 5 206
739 780 17 206
739 737 19 206
429 429 1 207
429 430 2 207
665 664 1 207
665 606 7 207
665 606 8 207
665 658 10 207
665 659 11 207
665 606 12 207
665 661 13 207
665 664 17 207
665 664 19 207
429 430 1 208
429 426 20 208
664 606 6 208
664 606 7 208
664 658 9 208
664 659 10 208
664 606 11 208
664 661 12 208
664 664 16 208
664 664 18 208
430 426 19 209
430 384 20 209
819 820 1 209
819 781 2 209
819 819 3 209
819 821 4 209
819 780 14 209
819 782 19 209
820 781 1 210
820 819 2 210
820 821 3 210
820 780 13 210
820 782 18 210
781 819 1 211
781 821 2 211
781 780 12 211
781 737 14 211
781 740 16 211
781 782 17 211
781 840 20 211
244 250 17 212
819 821 1 212
819 780 11 212
819 782 16 212
819 840 19 212
819 780 20 212
821 780 10 213
821 782 15 213
821 840 18 213
821 780 19 213
606 606 1 214
606 658 3 214
606 659 4 214
606 606 5 214
606 661 6 214
606 664 10 214
606 664 12 214
606 603 15 214
606 658 2 215
606 659 3 215
606 606 4 215
606 661 5 215
606 664 9 215
606 664 11 215
606 603 14 215
318 343 3 216
318 341 4 216
318 314 5 216
318 341 6 216
318 346 11 216
318 336 20 216
535 540 5 216
535 540 6 216
535 506 7 216
535 508 8 216
535 506 9 216
535 508 10 216
535 507 19 216
535 514 19 216
658 659 1 217
658 606 2 217
658 661 3 217
658 664 7 217
658 664 9 217
658 603 12 217
658 658 19 217
658 717 20 217
659 606 1 218
659 661 2 218
659 664 6 218
659 664 8 218
659 603 11 218
659 658 18 218
659 717 19 218
659 664 20 218
149 144 2 219
149 143 3 219
149 178 17 219
343 341 1 219
343 314 2 219
343 341 3 219
343 346 8 219
343 384 10 219
343 336 17 219
343 339 18 219
343 342 19 219
606 661 1 219
606 664 5 219
606 664 7 219
606 603 10 219
606 658 17 219
606 664 19 219
341 314 1 220
341 341 2 220
341 346 7 220
341 384 9 220
341 336 16 220
341 339 17 220
341 342 18 220
341 344 20 220
661 664 4 220
661 664 6 220
661 603 9 220
661 658 16 220
661 717 17 220
661 664 18 220
144 143 1 221
144 178 15 221
144 193 19 221
314 341 1 221
314 346 6 221
314 336 15 221
314 339 16 221
314 342 17 221
314 344 19 221
540 540 1 221
540 506 2 221
540 508 3 221
540 506 4 221
540 508 5 221
540 507 14 221
540 514 14 221
540 541 19 221
143 178 14 222
143 193 18 222
341 346 5 222
341 384 7 222
341 336 14 222
341 339 15 222
341 342 16 222
341 344 18 222
540 506 1 222
540 508 2 222
540 506 3 222
540 508 4 222
540 507 13 222
540 514 13 222
540 541 18 222
506 508 1 223
506 506 2 223
506 508 3 223
506 507 12 223
506 514 12 223
506 541 17 223
506 506 20 223
780 737 2 223
780 740 4 223
780 782 5 223
780 780 9 223
780 821 18 223
780 821 20 223
508 506 1 224
508 508 2 224
508 507 11 224
508 514 11 224
508 541 16 224
508 506 19 224
664 664 2 224
664 658 12 224
664 717 13 224
664 664 14 224
664 664 18 224
506 508 1 225
506 507 10 225
506 514 10 225
506 541 15 225
506 506 18 225
737 740 2 225
737 782 3 225
737 780 7 225
737 717 12 225
737 743 19 225
737 784 20 225
508 507 9 226
508 514 9 226
508 541 14 226
508 506 17 226
664 658 10 226
664 717 11 226
664 664 12 226
664 664 16 226
346 384 2 227
346 336 9 227
346 339 10 227
346 342 11 227
346 344 13 227
740 782 1 227
740 780 5 227
740 717 10 227
740 743 17 227
740 784 18 227
426 384 1 228
426 428 14 228
782 840 3 228
782 780 4 228
782 821 13 228
782 821 15 228
782 743 16 228
782 784 17 228
782 766 20 228
250 193 11 229
384 336 7 229
384 339 8 229
384 342 9 229
384 344 11 229
384 428 13 229
603 658 7 229
961 960 3 230
840 780 1 231
840 899 3 231
840 871 8 231
840 821 10 231
840 821 12 231
840 784 14 231
780 821 9 232
780 821 11 232
780 743 12 232
780 784 13 232
780 766 16 232
960 900 13 233
899 871 5 234
899 900 12 234
507 541 5 235
507 506 8 235
507 541 12 235
507 505 13 235
507 541 14 235
514 541 5 235
514 506 8 235
514 541 12 235
514 505 13 235
514 541 14 235
178 193 4 236
178 188 17 236
178 221 19 236
336 339 1 236
336 342 2 236
336 344 4 236
336 338 18 236
658 717 1 236
658 664 2 236
658 664 6 236
658 660 17 236
339 342 1 237
339 344 3 237
339 338 17 237
717 664 1 237
717 664 5 237
717 743 7 237
717 766 11 237
717 660 16 237
717 735 17 237
717 738 18 237
342 344 2 238
342 338 16 238
664 664 4 238
664 660 15 238
871 821 2 239
871 821 4 239
871 900 7 239
871 821 18 239
871 871 19 239
871 844 20 239
193 188 13 240
193 221 15 240
344 338 14 240
541 506 3 240
541 541 7 240
541 505 8 240
541 541 9 240
541 506 16 240
821 821 2 241
821 784 4 241
821 766 7 241
821 806 15 241
821 821 16 241
821 871 17 241
821 844 18 241
428 430 18 242
664 660 11 242
506 541 4 243
506 505 5 243
506 541 6 243
506 506 13 243
506 538 19 243
506 507 20 243
506 541 20 243
821 784 2 243
821 766 5 243
821 806 13 243
821 821 14 243
821 871 15 243
821 844 16 243
743 784 1 244
743 766 4 244
743 735 10 244
743 738 11 244
784 766 3 245
784 735 9 245
784 738 10 245
784 806 11 245
784 821 12 245
900 871 12 246
900 844 13 246
541 505 1 247
541 541 2 247
541 506 9 247
541 538 15 247
541 507 16 247
541 541 16 247
541 540 17 247
541 507 19 247
505 541 1 248
505 506 8 248
505 538 14 248
505 507 15 248
505 541 15 248
505 540 16 248
505 507 18 248
505 506 20 248
766 735 6 248
766 738 7 248
766 806 8 248
766 821 9 248
766 821 18 248
541 506 7 249
541 538 13 249
541 507 14 249
541 541 14 249
541 540 15 249
541 507 17 249
541 506 19 249
541 507 20 249
188 221 2 253
188 135 9 253
188 194 10 253
188 143 11 253
188 193 12 253
660 608 12 253
660 658 14 253
660 660 15 253
338 342 10 254
735 738 1 254
221 194 8 255
221 193 10 255
506 538 6 256
506 507 7 256
506 541 7 256
506 540 8 256
506 507 10 256
506 506 12 256
506 507 13 256
506 507 15 256
806 821 1 256
806 844 3 256
806 821 10 256
806 820 13 256
806 820 15 256
806 820 16 256
821 871 1 257
821 844 2 257
821 821 9 257
821 820 12 257
821 820 14 257
821 820 15 257
871 844 1 258
871 821 8 258
871 820 11 258
871 926 12 258
871 820 13 258
871 820 14 258
871 897 20 258
844 821 7 259
844 820 10 259
844 820 12 259
844 820 13 259
844 897 19 259
1023 978 1 259
1023 978 2 259
1023 1023 18 259
1023 1023 19 259
1023 1023 20 259
430 429 17 260
430 429 18 260
430 429 20 260
978 978 1 260
978 926 10 260
978 956 13 260
978 1023 17 260
978 1023 18 260
978 1023 19 260
978 1023 20 260
978 926 9 261
978 956 12 261
978 1023 16 261
978 1023 17 261
978 1023 18 261
978 1023 19 261
978 936 20 261
978 1023 20 261
135 194 1 262
135 143 2 262
135 81 3 262
135 193 3 262
538 507 1 262
538 541 1 262
538 540 2 262
538 507 4 262
538 506 6 262
538 507 7 262
538 507 9 262
194 143 1 263
194 193 2 263
507 540 1 263
507 507 3 263
507 506 5 263
507 507 6 263
507 507 8 263
541 540 1 263
541 507 3 263
541 506 5 263
541 507 6 263
541 507 8 263
143 193 1 264
342 349 11 264
540 507 2 264
540 506 4 264
540 507 5 264
540 507 7 264
608 658 2 265
608 660 3 265
608 604 9 265
608 663 10 265
608 663 11 265
608 664 12 265
608 665 14 265
507 506 2 266
507 507 3 266
507 507 5 266
821 820 3 266
821 820 5 266
821 820 6 266
658 660 1 267
658 604 7 267
658 663 8 267
658 663 9 267
658 664 10 267
658 665 12 267
506 507 1 268
506 507 3 268
660 604 6 268
660 663 7 268
660 663 8 268
660 664 9 268
660 665 11 268
660 665 20 268
507 507 2 269
820 820 2 269
820 820 3 269
820 821 18 269
926 956 3 270
926 897 8 270
926 895 10 270
926 936 11 270
926 900 12 270
926 900 13 270
926 900 14 270
926 899 15 270
926 901 16 270
926 979 19 270
926 898 20 270
507 501 20 271
507 511 20 271
820 820 1 271
820 821 16 271
820 821 15 272
820 781 20 272
956 897 5 273
956 936 8 273
956 900 9 273
956 900 10 273
956 900 11 273
956 899 12 273
956 901 13 273
956 979 16 273
956 898 17 273
604 663 1 274
604 663 2 274
663 663 1 275
663 664 2 275
663 665 4 275
663 665 13 275
663 662 20 275
663 664 1 276
663 665 3 276
663 665 12 276
663 662 19 276
429 429 1 277
429 429 3 277
429 429 6 277
429 427 7 277
429 429 8 277
429 429 9 277
429 429 10 277
429 429 17 277
664 665 2 277
664 665 11 277
664 662 18 277
664 663 20 277
1023 1023 1 277
1023 1023 2 277
1023 1023 3 277
1023 1023 4 277
1023 1023 5 277
1023 979 12 277
1023 1023 12 277
1023 1023 13 277
1023 1023 14 277
429 429 2 278
429 429 5 278
429 427 6 278
429 429 7 278
429 429 8 278
429 429 9 278
429 429 16 278
897 895 2 278
897 936 3 278
897 900 4 278
897 900 5 278
897 900 6 278
897 899 7 278
897 901 8 278
897 898 12 278
1023 1023 1 278
1023 1023 2 278
1023 1023 3 278
1023 1023 4 278
1023 979 11 278
1023 1023 11 278
1023 1023 12 278
1023 1023 13 278
665 665 9 279
665 662 16 279
665 663 18 279
665 664 19 279
665 664 20 279
1023 1023 1 279
1023 1023 2 279
1023 1023 3 279
1023 979 10 279
1023 1023 10 279
1023 1023 11 279
1023 1023 12 279
429 429 3 280
429 427 4 280
429 429 5 280
429 429 6 280
429 429 7 280
429 429 14 280
895 936 1 280
895 900 2 280
895 900 3 280
895 900 4 280
895 899 5 280
895 901 6 280
895 898 10 280
1023 1023 1 280
1023 1023 2 280
1023 979 9 280
1023 1023 9 280
1023 1023 10 280
1023 1023 11 280
1023 1023 20 280
936 900 1 281
936 900 2 281
936 900 3 281
936 899 4 281
936 901 5 281
936 979 8 281
936 898 9 281
1023 1023 1 281
1023 979 8 281
1023 1023 8 281
1023 1023 9 281
1023 1023 10 281
1023 1023 19 281
900 900 1 282
900 900 2 282
900 899 3 282
900 901 4 282
900 898 8 282
1023 979 7 282
1023 1023 7 282
1023 1023 8 282
1023 1023 9 282
1023 1023 18 282
1023 1023 20 282
429 427 1 283
429 429 2 283
429 429 3 283
429 429 4 283
429 429 11 283
900 900 1 283
900 899 2 283
900 901 3 283
900 898 7 283
427 429 1 284
427 429 2 284
427 429 3 284
427 429 10 284
900 899 1 284
900 901 2 284
900 898 6 284
429 429 1 285
429 429 2 285
429 429 9 285
899 901 1 285
899 898 5 285
429 429 1 286
429 429 8 286
901 898 4 286
429 429 7 287
821 781 5 287
821 780 6 287
821 822 7 287
821 821 9 287
821 821 13 287
821 782 14 287
821 821 18 287
821 821 19 287
821 820 20 287
665 662 7 288
665 663 9 288
665 664 10 288
665 664 11 288
665 656 14 288
665 655 15 288
665 663 16 288
979 1023 1 289
979 1023 2 289
979 1023 11 289
979 1023 13 289
979 1023 14 289
979 1023 19 289
979 1023 20 289
1023 1023 1 289
1023 1023 2 289
1023 1023 11 289
1023 1023 13 289
1023 1023 14 289
1023 1023 19 289
1023 1023 20 289
1023 1023 1 290
1023 1023 10 290
1023 1023 12 290
1023 1023 13 290
1023 1023 18 290
1023 1023 19 290
501 500 11 291
501 501 12 291
501 504 13 291
501 504 15 291
501 504 16 291
511 500 11 291
511 501 12 291
511 504 13 291
511 504 15 291
511 504 16 291
1023 1023 9 291
1023 1023 11 291
1023 1023 12 291
1023 1023 17 291
1023 1023 18 291
781 780 1 292
781 822 2 292
781 821 4 292
781 821 8 292
781 782 9 292
781 821 13 292
781 821 14 292
781 820 15 292
781 821 16 292
781 821 17 292
781 776 18 292
781 784 19 292
780 822 1 293
780 821 3 293
780 821 7 293
780 782 8 293
780 821 12 293
780 821 13 293
780 820 14 293
780 821 15 293
780 821 16 293
780 776 17 293
780 784 18 293
780 738 20 293
429 429 14 294
429 428 20 294
822 821 2 294
822 821 6 294
822 782 7 294
822 821 11 294
822 821 12 294
822 820 13 294
822 821 14 294
822 821 15 294
822 776 16 294
822 784 17 294
662 663 2 295
662 664 3 295
662 664 4 295
662 656 7 295
662 655 8 295
662 663 9 295
821 821 4 296
821 782 5 296
821 821 9 296
821 821 10 296
821 820 11 296
821 821 12 296
821 821 13 296
821 776 14 296
821 784 15 296
821 821 20 296
663 664 1 297
663 664 2 297
663 656 5 297
663 655 6 297
663 663 7 297
664 664 1 298
664 656 4 298
664 655 5 298
664 663 6 298
664 656 3 299
664 655 4 299
664 663 5 299
821 782 1 300
821 821 5 300
821 821 6 300
821 820 7 300
821 821 8 300
821 821 9 300
821 776 10 300
821 784 11 300
821 821 16 300
821 821 17 300
821 821 19 300
1023 1023 2 300
1023 1023 3 300
1023 1023 8 300
1023 1023 9 300
1023 1023 13 300
1023 1023 14 300
1023 1023 19 300
1023 978 20 300
782 821 4 301
782 821 5 301
782 820 6 301
782 821 7 301
782 821 8 301
782 776 9 301
782 784 10 301
782 738 12 301
782 735 13 301
782 739 14 301
782 821 15 301
782 821 16 301
782 821 18 301
500 501 1 302
500 504 2 302
500 504 4 302
500 504 5 302
500 542 10 302
500 506 17 302
656 655 1 302
656 663 2 302
656 666 19 302
656 668 20 302
1023 1023 1 302
1023 1023 6 302
1023 1023 7 302
1023 1023 11 302
1023 1023 12 302
1023 1023 17 302
1023 978 18 302
14 10 18 303
14 48 18 303
14 50 19 303
14 28 20 303
14 38 20 303
19 10 18 303
19 48 18 303
19 50 19 303
19 28 20 303
19 38 20 303
49 10 18 303
49 48 18 303
49 50 19 303
49 28 20 303
49 38 20 303
501 504 1 303
501 504 3 303
501 504 4 303
501 542 9 303
501 506 16 303
655 663 1 303
655 666 18 303
655 668 19 303
655 663 20 303
1023 1023 5 303
1023 1023 6 303
1023 1023 10 303
1023 1023 11 303
1023 1023 16 303
1023 978 17 303
504 504 2 304
504 504 3 304
504 542 8 304
504 506 15 304
663 666 17 304
663 668 18 304
663 663 19 304
821 821 1 305
821 820 2 305
821 821 3 305
821 821 4 305
821 776 5 305
821 784 6 305
821 821 11 305
821 821 12 305
821 821 14 305
821 820 20 305
504 504 1 306
504 542 6 306
504 506 13 306
504 505 19 306
821 820 1 306
821 821 2 306
821 821 3 306
821 776 4 306
821 784 5 306
821 821 10 306
821 821 11 306
821 821 13 306
821 820 19 306
504 542 5 307
504 506 12 307
504 505 18 307
820 821 1 307
820 821 2 307
820 776 3 307
820 784 4 307
820 821 9 307
820 821 10 307
820 821 12 307
820 820 18 307
429 428 6 308
429 429 16 308
429 474 20 308
821 821 1 308
821 776 2 308
821 784 3 308
821 821 8 308
821 821 9 308
821 821 11 308
821 820 17 308
1023 1023 1 308
1023 1023 5 308
1023 1023 6 308
1023 1023 11 308
1023 978 12 308
1023 999 16 308
1023 1023 20 308
821 776 1 309
821 784 2 309
821 821 7 309
821 821 8 309
821 821 10 309
821 820 16 309
1023 1023 4 309
1023 1023 5 309
1023 1023 10 309
1023 978 11 309
1023 999 15 309
1023 1023 19 309
776 784 1 310
776 738 3 310
776 735 4 310
776 739 5 310
776 821 6 310
776 821 7 310
776 821 9 310
776 820 15 310
776 737 16 310
776 738 17 310
784 738 2 311
784 735 3 311
784 739 4 311
784 821 5 311
784 821 6 311
784 821 8 311
784 820 14 311
784 737 15 311
784 738 16 311
542 506 7 312
542 505 13 312
542 521 16 312
738 735 1 313
738 739 2 313
738 737 13 313
738 738 14 313
1023 1023 1 313
1023 1023 6 313
1023 978 7 313
1023 999 11 313
1023 1023 15 313
428 429 10 314
428 474 14 314
735 739 1 314
735 737 12 314
735 738 13 314
1023 1023 5 314
1023 978 6 314
1023 999 10 314
1023 1023 14 314
739 737 11 315
739 738 12 315
821 821 1 316
821 821 3 316
821 820 9 316
821 777 20 316
821 821 2 317
821 820 8 317
821 777 19 317
821 780 20 317
958 978 2 318
958 999 6 318
506 505 6 319
506 474 9 319
506 521 9 319
506 538 16 319
821 820 6 319
821 777 17 319
821 780 18 319
1023 978 1 319
1023 999 5 319
1023 1023 9 319
978 999 4 320
978 1023 8 320
10 50 1 321
10 28 2 321
10 38 2 321
10 51 7 321
10 63 7 321
10 0 16 321
10 1 16 321
10 3 16 321
48 50 1 321
48 28 2 321
48 38 2 321
48 51 7 321
48 63 7 321
48 0 16 321
48 1 16 321
48 3 16 321
48 71 20 321
666 668 1 321
666 663 2 321
666 665 8 321
50 28 1 322
50 38 1 322
50 51 6 322
50 63 6 322
50 0 15 322
50 1 15 322
50 3 15 322
50 71 19 322
50 72 20 322
668 663 1 322
668 665 7 322
28 51 5 323
28 63 5 323
28 0 14 323
28 1 14 323
28 3 14 323
28 71 18 323
28 72 19 323
38 51 5 323
38 63 5 323
38 0 14 323
38 1 14 323
38 3 14 323
38 71 18 323
38 72 19 323
663 665 6 323
663 605 7 323
663 604 18 323
429 474 4 324
429 423 12 324
429 424 13 324
429 488 17 324
999 1023 4 324
505 474 3 325
505 521 3 325
505 538 10 325
505 488 16 325
505 511 17 325
820 777 11 325
820 780 12 325
737 738 1 326
737 777 10 326
737 780 11 326
738 777 9 327
738 780 10 327
738 716 20 327
51 0 9 328
51 1 9 328
51 3 9 328
51 71 13 328
51 72 14 328
51 43 19 328
63 3 9 328
63 71 13 328
63 72 14 328
63 43 19 328
474 423 8 328
474 424 9 328
474 488 13 328
474 511 14 328
521 538 7 328
521 488 13 328
521 511 14 328
1023 1023 18 328
665 605 1 329
665 716 18 329
605 604 11 330
605 547 19 330
338 342 20 335
538 488 6 335
538 511 7 335
538 547 14 335
538 507 16 335
538 507 19 335
423 424 1 336
423 428 13 336
423 429 14 336
777 780 1 336
777 822 10 336
777 779 12 336
777 782 15 336
777 783 16 336
777 740 20 336
0 43 10 337
1 43 10 337
3 43 10 337
424 428 12 337
424 429 13 337
780 822 9 337
780 779 11 337
780 782 14 337
780 783 15 337
780 740 19 337
780 821 20 337
71 72 1 341
71 43 6 341
71 68 17 341
488 511 1 341
488 428 8 341
488 547 8 341
488 429 9 341
488 507 10 341
488 507 13 341
488 505 18 341
488 428 19 341
488 428 20 341
604 547 8 341
604 662 12 341
604 607 14 341
72 43 5 342
72 68 16 342
72 24 20 342
72 78 20 342
511 547 7 342
511 507 9 342
511 507 12 342
511 505 17 342
822 779 2 346
822 782 5 346
822 783 6 346
822 821 11 346
822 821 12 346
822 815 18 346
1023 1023 5 346
1023 1023 6 346
1023 1023 7 346
1023 1023 8 346
1023 1023 10 346
43 68 11 347
43 24 15 347
43 78 15 347
716 665 3 347
716 662 6 347
716 740 9 347
716 664 12 347
716 664 13 347
716 664 14 347
716 662 15 347
716 661 16 347
779 782 3 348
779 783 4 348
779 740 8 348
779 821 9 348
779 821 10 348
779 815 16 348
428 429 1 349
428 428 11 349
428 428 12 349
428 428 13 349
547 507 2 349
547 507 5 349
547 505 10 349
547 507 14 349
547 508 15 349
429 428 10 350
429 428 11 350
429 428 12 350
665 662 3 350
665 607 5 350
665 664 9 350
665 664 10 350
665 664 11 350
665 662 12 350
665 661 13 350
507 507 3 351
507 505 8 351
507 507 12 351
507 508 13 351
782 783 1 351
782 740 5 351
782 821 6 351
782 821 7 351
782 815 13 351
1023 1023 1 351
1023 1023 2 351
1023 1023 3 351
1023 1023 5 351
783 740 4 352
783 821 5 352
783 821 6 352
783 815 12 352
1023 1023 1 352
1023 1023 2 352
1023 1023 4 352
662 607 2 353
662 664 6 353
662 664 7 353
662 664 8 353
662 662 9 353
662 661 10 353
1023 1023 1 353
1023 1023 3 353
507 505 5 354
507 507 9 354
507 508 10 354
1023 1023 2 354
607 664 4 355
607 664 5 355
607 664 6 355
607 662 7 355
607 661 8 355
821 821 1 357
821 815 7 357
68 24 4 358
68 78 4 358
821 815 6 358
505 507 4 359
505 508 5 359
664 664 1 359
664 664 2 359
664 662 3 359
664 661 4 359
428 428 1 360
428 428 2 360
664 664 1 360
664 662 2 360
664 661 3 360
428 428 1 361
664 662 1 361
664 661 2 361
662 661 1 362
507 508 1 363
661 663 1 453
661 661 5 453
661 661 15 453
661 661 16 453
661 662 17 453
661 664 18 453
663 661 4 454
663 661 14 454
663 661 15 454
663 662 16 454
663 664 17 454
783 782 1 455
783 783 2 455
782 783 1 456
507 506 10 458
661 661 10 458
661 661 11 458
661 662 12 458
661 664 13 458
661 661 1 468
661 662 2 468
661 664 3 468
661 661 19 468
661 660 20 468
661 662 1 469
661 664 2 469
661 661 18 469
661 660 19 469
661 663 20 469
662 664 1 470
662 661 17 470
662 660 18 470
662 663 19 470
664 661 16 471
664 660 17 471
664 663 18 471
661 660 1 487
661 663 2 487
661 665 12 487
661 663 13 487
661 664 14 487
661 664 15 487
661 665 16 487
661 665 18 487
661 664 20 487
660 663 1 488
660 665 11 488
660 663 12 488
660 664 13 488
660 664 14 488
660 665 15 488
660 665 17 488
660 664 19 488
660 665 20 488
663 665 10 489
663 663 11 489
663 664 12 489
663 664 13 489
663 665 14 489
663 665 16 489
663 664 18 489
663 665 19 489
663 606 20 489
872 872 1 490
872 872 2 490
872 872 3 490
872 867 5 490
872 819 8 490
872 892 16 490
872 872 1 491
872 872 2 491
872 867 4 491
872 819 7 491
872 892 15 491
872 824 20 491
872 872 1 492
872 867 3 492
872 819 6 492
872 892 14 492
872 824 19 492
872 902 20 492
872 867 2 493
872 819 5 493
872 892 13 493
872 824 18 493
872 902 19 493
872 821 20 493
978 997 2 494
978 976 3 494
978 1023 9 494
978 939 10 494
978 1023 10 494
978 1023 11 494
978 1023 12 494
978 1023 13 494
978 1023 14 494
978 1023 16 494
867 819 3 495
867 892 11 495
867 824 16 495
867 902 17 495
867 821 18 495
997 976 1 496
997 1023 7 496
997 939 8 496
997 1023 8 496
997 1023 9 496
997 1023 10 496
997 1023 11 496
997 1023 12 496
997 1023 14 496
976 1023 6 497
976 939 7 497
976 1023 7 497
976 1023 8 497
976 1023 9 497
976 1023 10 497
976 1023 11 497
976 1023 13 497
976 1023 20 497
819 824 13 498
819 821 15 498
665 663 1 499
665 664 2 499
665 664 3 499
665 665 4 499
665 665 6 499
665 664 8 499
665 665 9 499
665 606 10 499
665 663 15 499
665 663 16 499
665 663 17 499
665 664 19 499
665 664 20 499
663 664 1 500
663 664 2 500
663 665 3 500
663 665 5 500
663 664 7 500
663 665 8 500
663 606 9 500
663 604 10 500
663 663 14 500
663 663 15 500
663 663 16 500
663 664 18 500
663 664 19 500
664 664 1 501
664 665 2 501
664 665 4 501
664 664 6 501
664 665 7 501
664 606 8 501
664 604 9 501
664 663 13 501
664 663 14 501
664 663 15 501
664 664 17 501
664 664 18 501
664 665 1 502
664 665 3 502
664 664 5 502
664 665 6 502
664 606 7 502
664 604 8 502
664 663 12 502
664 663 13 502
664 663 14 502
664 664 16 502
664 664 17 502
36 86 7 503
36 16 11 503
665 665 2 503
665 664 4 503
665 665 5 503
665 606 6 503
665 663 11 503
665 663 12 503
665 663 13 503
665 664 15 503
665 664 16 503
1023 1023 1 503
1023 1023 2 503
1023 1023 3 503
1023 1023 4 503
1023 1023 5 503
1023 1023 7 503
1023 1023 14 503
939 892 2 504
939 902 8 504
1023 1023 1 504
1023 1023 2 504
1023 1023 3 504
1023 1023 4 504
1023 1023 6 504
1023 1023 13 504
510 506 5 505
510 507 10 505
665 664 2 505
665 665 3 505
665 606 4 505
665 663 9 505
665 663 10 505
665 663 11 505
665 664 13 505
665 664 14 505
1023 1023 1 505
1023 1023 2 505
1023 1023 3 505
1023 1023 5 505
1023 1023 12 505
892 902 6 506
1023 1023 1 506
1023 1023 2 506
1023 1023 4 506
1023 1023 11 506
664 665 1 507
664 606 2 507
664 604 3 507
664 663 7 507
664 663 8 507
664 663 9 507
664 664 11 507
664 664 12 507
1023 1023 1 507
1023 1023 3 507
1023 1023 10 507
665 606 1 508
665 663 6 508
665 663 7 508
665 663 8 508
665 664 10 508
665 664 11 508
1023 1023 2 508
1023 1023 9 508
606 604 1 509
606 663 5 509
606 663 6 509
606 663 7 509
606 664 9 509
606 664 10 509
606 665 20 509
86 97 4 510
506 507 5 510
604 663 4 510
604 663 5 510
604 663 6 510
1023 1023 7 510
824 821 2 511
824 818 19 511
821 818 17 513
97 142 17 514
97 142 18 514
663 663 1 514
663 663 2 514
663 664 4 514
663 664 5 514
663 665 15 514
663 662 18 514
663 641 19 514
663 663 20 514
663 663 1 515
663 664 3 515
663 664 4 515
663 665 14 515
663 662 17 515
663 641 18 515
663 663 19 515
663 664 2 516
663 664 3 516
663 665 13 516
663 662 16 516
663 641 17 516
663 663 18 516
739 738 14 517
664 664 1 518
664 665 11 518
664 662 14 518
664 641 15 518
664 663 16 518
664 665 10 519
664 662 13 519
664 641 14 519
664 663 15 519
428 426 1 529
428 425 2 529
665 662 3 529
665 641 4 529
665 663 5 529
426 425 1 530
142 142 1 531
662 641 1 532
662 663 2 532
641 663 1 533
339 345 3 627
661 659 2 627
661 661 3 627
184 187 1 629
659 661 1 629
661 664 20 630
664 663 1 650
664 663 2 650
663 663 1 651
978 978 1 654
978 978 2 654
978 978 3 654
978 978 4 654
978 1023 4 654
978 978 5 654
978 978 6 654
978 979 8 654
978 980 9 654
978 1023 9 654
978 979 11 654
978 1023 11 654
978 980 12 654
978 1023 13 654
978 1023 18 654
978 980 20 654
978 978 1 655
978 978 2 655
978 978 3 655
978 1023 3 655
978 978 4 655
978 978 5 655
978 979 7 655
978 980 8 655
978 1023 8 655
978 979 10 655
978 1023 10 655
978 980 11 655
978 1023 12 655
978 1023 17 655
978 980 19 655
978 980 20 655
978 978 1 656
978 978 2 656
978 1023 2 656
978 978 3 656
978 978 4 656
978 979 6 656
978 980 7 656
978 1023 7 656
978 979 9 656
978 1023 9 656
978 980 10 656
978 1023 11 656
978 1023 16 656
978 980 18 656
978 980 19 656
978 980 20 656
978 1023 20 656
978 978 1 657
978 1023 1 657
978 978 2 657
978 978 3 657
978 979 5 657
978 980 6 657
978 1023 6 657
978 979 8 657
978 1023 8 657
978 980 9 657
978 1023 10 657
978 1023 15 657
978 980 17 657
978 980 18 657
978 980 19 657
978 1023 19 657
978 1023 20 657
978 978 1 658
978 978 2 658
978 979 4 658
978 980 5 658
978 1023 5 658
978 979 7 658
978 1023 7 658
978 980 8 658
978 1023 9 658
978 1023 14 658
978 980 16 658
978 980 17 658
978 980 18 658
978 1023 18 658
978 1023 19 658
978 1023 20 658
1023 978 1 658
1023 978 2 658
1023 979 4 658
1023 980 5 658
1023 1023 5 658
1023 979 7 658
1023 1023 7 658
1023 980 8 658
1023 1023 9 658
1023 1023 14 658
1023 980 16 658
1023 980 17 658
1023 980 18 658
1023 1023 18 658
1023 1023 19 658
1023 1023 20 658
978 978 1 659
978 979 3 659
978 980 4 659
978 1023 4 659
978 979 6 659
978 1023 6 659
978 980 7 659
978 1023 8 659
978 1023 13 659
978 980 15 659
978 980 16 659
978 980 17 659
978 1023 17 659
978 1023 18 659
978 1023 19 659
978 979 2 660
978 980 3 660
978 1023 3 660
978 979 5 660
978 1023 5 660
978 980 6 660
978 1023 7 660
978 1023 12 660
978 980 14 660
978 980 15 660
978 980 16 660
978 1023 16 660
978 1023 17 660
978 1023 18 660
901 901 3 661
901 901 6 661
901 900 7 661
901 900 8 661
901 900 9 661
901 900 10 661
901 900 11 661
901 901 12 661
901 901 16 661
901 901 17 661
979 980 1 662
979 1023 1 662
979 979 3 662
979 1023 3 662
979 980 4 662
979 1023 5 662
979 1023 10 662
979 980 12 662
979 980 13 662
979 980 14 662
979 1023 14 662
979 1023 15 662
979 1023 16 662
979 1023 19 662
980 979 2 663
980 1023 2 663
980 980 3 663
980 1023 4 663
980 1023 9 663
980 980 11 663
980 980 12 663
980 980 13 663
980 1023 13 663
980 1023 14 663
980 1023 15 663
980 1023 18 663
1023 979 2 663
1023 1023 2 663
1023 980 3 663
1023 1023 4 663
1023 1023 9 663
1023 980 11 663
1023 980 12 663
1023 980 13 663
1023 1023 13 663
1023 1023 14 663
1023 1023 15 663
1023 1023 18 663
901 901 3 664
901 900 4 664
901 900 5 664
901 900 6 664
901 900 7 664
901 900 8 664
901 901 9 664
901 901 13 664
901 901 14 664
901 902 18 664
901 901 19 664
429 429 9 665
429 428 10 665
429 429 18 665
429 429 19 665
979 980 1 665
979 1023 2 665
979 1023 7 665
979 980 9 665
979 980 10 665
979 980 11 665
979 1023 11 665
979 1023 12 665
979 1023 13 665
979 1023 16 665
979 981 19 665
1023 980 1 665
1023 1023 2 665
1023 1023 7 665
1023 980 9 665
1023 980 10 665
1023 980 11 665
1023 1023 11 665
1023 1023 12 665
1023 1023 13 665
1023 1023 16 665
1023 981 19 665
980 1023 1 666
980 1023 6 666
980 980 8 666
980 980 9 666
980 980 10 666
980 1023 10 666
980 1023 11 666
980 1023 12 666
980 1023 15 666
980 981 18 666
980 978 20 666
980 1023 20 666
505 507 4 667
505 506 5 667
505 506 6 667
505 506 9 667
505 506 10 667
505 507 11 667
505 507 12 667
505 507 13 667
505 507 14 667
505 507 15 667
505 506 19 667
505 506 20 667
901 900 1 667
901 900 2 667
901 900 3 667
901 900 4 667
901 900 5 667
901 901 6 667
901 901 10 667
901 901 11 667
901 902 15 667
901 901 16 667
1023 1023 5 667
1023 980 7 667
1023 980 8 667
1023 980 9 667
1023 1023 9 667
1023 1023 10 667
1023 1023 11 667
1023 1023 14 667
1023 981 17 667
1023 978 19 667
1023 1023 19 667
1023 976 20 667
900 900 1 668
900 900 2 668
900 900 3 668
900 900 4 668
900 901 5 668
900 901 9 668
900 901 10 668
900 902 14 668
900 901 15 668
900 900 1 669
900 900 2 669
900 900 3 669
900 901 4 669
900 901 8 669
900 901 9 669
900 902 13 669
900 901 14 669
900 901 20 669
900 900 1 670
900 900 2 670
900 901 3 670
900 901 7 670
900 901 8 670
900 902 12 670
900 901 13 670
900 901 19 670
900 900 20 670
507 506 1 671
507 506 2 671
507 506 5 671
507 506 6 671
507 507 7 671
507 507 8 671
507 507 9 671
507 507 10 671
507 507 11 671
507 506 15 671
507 506 16 671
507 507 17 671
507 507 18 671
507 507 19 671
507 506 20 671
900 900 1 671
900 901 2 671
900 901 6 671
900 901 7 671
900 902 11 671
900 901 12 671
900 901 18 671
900 900 19 671
506 506 1 672
506 506 4 672
506 506 5 672
506 507 6 672
506 507 7 672
506 507 8 672
506 507 9 672
506 507 10 672
506 506 14 672
506 506 15 672
506 507 16 672
506 507 17 672
506 507 18 672
506 506 19 672
506 506 20 672
900 901 1 672
900 901 5 672
900 901 6 672
900 902 10 672
900 901 11 672
900 901 17 672
900 900 18 672
1023 980 2 672
1023 980 3 672
1023 980 4 672
1023 1023 4 672
1023 1023 5 672
1023 1023 6 672
1023 1023 9 672
1023 981 12 672
1023 978 14 672
1023 1023 14 672
1023 976 15 672
1023 977 16 672
1023 1001 19 672
1023 1023 19 672
1023 1001 20 672
506 506 3 673
506 506 4 673
506 507 5 673
506 507 6 673
506 507 7 673
506 507 8 673
506 507 9 673
506 506 13 673
506 506 14 673
506 507 15 673
506 507 16 673
506 507 17 673
506 506 18 673
506 506 19 673
901 901 4 673
901 901 5 673
901 902 9 673
901 901 10 673
901 901 16 673
901 900 17 673
429 428 1 674
429 429 9 674
429 429 10 674
429 430 19 674
429 429 20 674
980 980 1 674
980 980 2 674
980 1023 2 674
980 1023 3 674
980 1023 4 674
980 1023 7 674
980 981 10 674
980 978 12 674
980 1023 12 674
980 976 13 674
980 977 14 674
980 1001 17 674
980 1023 17 674
980 1001 18 674
980 979 19 674
428 429 8 675
428 429 9 675
428 430 18 675
428 429 19 675
980 980 1 675
980 1023 1 675
980 1023 2 675
980 1023 3 675
980 1023 6 675
980 981 9 675
980 978 11 675
980 1023 11 675
980 976 12 675
980 977 13 675
980 1001 16 675
980 1023 16 675
980 1001 17 675
980 979 18 675
980 1023 20 675
506 506 1 676
506 507 2 676
506 507 3 676
506 507 4 676
506 507 5 676
506 507 6 676
506 506 10 676
506 506 11 676
506 507 12 676
506 507 13 676
506 507 14 676
506 506 15 676
506 506 16 676
506 506 19 676
506 505 20 676
980 1023 1 676
980 1023 2 676
980 1023 5 676
980 981 8 676
980 978 10 676
980 1023 10 676
980 976 11 676
980 977 12 676
980 1001 15 676
980 1023 15 676
980 1001 16 676
980 979 17 676
980 1023 19 676
1023 1023 1 676
1023 1023 2 676
1023 1023 5 676
1023 981 8 676
1023 978 10 676
1023 1023 10 676
1023 976 11 676
1023 977 12 676
1023 1001 15 676
1023 1023 15 676
1023 1001 16 676
1023 979 17 676
1023 1023 19 676
506 507 1 677
506 507 2 677
506 507 3 677
506 507 4 677
506 507 5 677
506 506 9 677
506 506 10 677
506 507 11 677
506 507 12 677
506 507 13 677
506 506 14 677
506 506 15 677
506 506 18 677
506 505 19 677
901 901 1 677
901 902 5 677
901 901 6 677
901 901 12 677
901 900 13 677
901 900 17 677
901 901 18 677
901 900 19 677
901 900 20 677
1023 1023 1 677
1023 1023 4 677
1023 981 7 677
1023 978 9 677
1023 1023 9 677
1023 976 10 677
1023 977 11 677
1023 1001 14 677
1023 1023 14 677
1023 1001 15 677
1023 979 16 677
1023 1023 18 677
244 192 12 678
244 245 19 678
507 507 1 678
507 507 2 678
507 507 3 678
507 507 4 678
507 506 8 678
507 506 9 678
507 507 10 678
507 507 11 678
507 507 12 678
507 506 13 678
507 506 14 678
507 506 17 678
507 505 18 678
507 508 20 678
901 902 4 678
901 901 5 678
901 901 11 678
901 900 12 678
901 900 16 678
901 901 17 678
901 900 18 678
901 900 19 678
901 900 20 678
1023 1023 3 678
1023 981 6 678
1023 978 8 678
1023 1023 8 678
1023 976 9 678
1023 977 10 678
1023 1001 13 678
1023 1023 13 678
1023 1001 14 678
1023 979 15 678
1023 1023 17 678
507 507 1 679
507 507 2 679
507 507 3 679
507 506 7 679
507 506 8 679
507 507 9 679
507 507 10 679
507 507 11 679
507 506 12 679
507 506 13 679
507 506 16 679
507 505 17 679
507 508 19 679
507 507 20 679
665 665 1 679
507 507 1 680
507 507 2 680
507 506 6 680
507 506 7 680
507 507 8 680
507 507 9 680
507 507 10 680
507 506 11 680
507 506 12 680
507 506 15 680
507 505 16 680
507 508 18 680
507 507 19 680
507 506 20 680
507 507 1 681
507 506 5 681
507 506 6 681
507 507 7 681
507 507 8 681
507 507 9 681
507 506 10 681
507 506 11 681
507 506 14 681
507 505 15 681
507 508 17 681
507 507 18 681
507 506 19 681
507 506 20 681
823 821 4 681
823 872 19 681
823 824 20 681
1023 981 3 681
1023 978 5 681
1023 1023 5 681
1023 976 6 681
1023 977 7 681
1023 1001 10 681
1023 1023 10 681
1023 1001 11 681
1023 979 12 681
1023 1023 14 681
1023 1023 19 681
507 506 4 682
507 506 5 682
507 507 6 682
507 507 7 682
507 507 8 682
507 506 9 682
507 506 10 682
507 506 13 682
507 505 14 682
507 508 16 682
507 507 17 682
507 506 18 682
507 506 19 682
902 901 1 682
902 901 7 682
902 900 8 682
902 900 12 682
902 901 13 682
902 900 14 682
902 900 15 682
902 900 16 682
902 900 17 682
902 872 18 682
902 900 20 682
429 429 1 683
429 430 10 683
429 429 11 683
429 429 19 683
429 429 20 683
901 901 6 683
901 900 7 683
901 900 11 683
901 901 12 683
901 900 13 683
901 900 14 683
901 900 15 683
901 900 16 683
901 872 17 683
901 900 19 683
901 901 20 683
429 430 9 684
429 429 10 684
429 429 18 684
429 429 19 684
429 429 20 684
981 978 2 684
981 1023 2 684
981 976 3 684
981 977 4 684
981 1001 7 684
981 1023 7 684
981 1001 8 684
981 979 9 684
981 1023 11 684
981 1023 16 684
981 1023 20 684
821 872 15 685
821 824 16 685
506 506 1 686
506 507 2 686
506 507 3 686
506 507 4 686
506 506 5 686
506 506 6 686
506 506 9 686
506 505 10 686
506 508 12 686
506 507 13 686
506 506 14 686
506 506 15 686
978 976 1 686
978 977 2 686
978 1001 5 686
978 1023 5 686
978 1001 6 686
978 979 7 686
978 1023 9 686
978 1023 14 686
978 1023 18 686
978 1023 19 686
978 1023 20 686
1023 976 1 686
1023 977 2 686
1023 1001 5 686
1023 1023 5 686
1023 1001 6 686
1023 979 7 686
1023 1023 9 686
1023 1023 14 686
1023 1023 18 686
1023 1023 19 686
1023 1023 20 686
506 507 1 687
506 507 2 687
506 507 3 687
506 506 4 687
506 506 5 687
506 506 8 687
506 505 9 687
506 508 11 687
506 507 12 687
506 506 13 687
506 506 14 687
976 977 1 687
976 1001 4 687
976 1023 4 687
976 1001 5 687
976 979 6 687
976 1023 8 687
976 1023 13 687
976 1023 17 687
976 1023 18 687
976 1023 19 687
507 507 1 688
507 507 2 688
507 506 3 688
507 506 4 688
507 506 7 688
507 505 8 688
507 508 10 688
507 507 11 688
507 506 12 688
507 506 13 688
507 507 20 688
977 1001 3 688
977 1023 3 688
977 1001 4 688
977 979 5 688
977 1023 7 688
977 1023 12 688
977 1023 16 688
977 1023 17 688
977 1023 18 688
507 507 1 689
507 506 2 689
507 506 3 689
507 506 6 689
507 505 7 689
507 508 9 689
507 507 10 689
507 506 11 689
507 506 12 689
507 507 19 689
507 506 20 689
901 900 1 689
901 900 5 689
901 901 6 689
901 900 7 689
901 900 8 689
901 900 9 689
901 900 10 689
901 872 11 689
901 900 13 689
901 901 14 689
901 901 15 689
901 901 16 689
901 901 17 689
901 902 18 689
901 901 19 689
901 871 20 689
192 245 7 690
192 244 9 690
192 244 16 690
192 244 18 690
192 191 19 690
507 506 1 690
507 506 2 690
507 506 5 690
507 505 6 690
507 508 8 690
507 507 9 690
507 506 10 690
507 506 11 690
507 507 18 690
507 506 19 690
507 507 20 690
900 900 4 690
900 901 5 690
900 900 6 690
900 900 7 690
900 900 8 690
900 900 9 690
900 872 10 690
900 900 12 690
900 901 13 690
900 901 14 690
900 901 15 690
900 901 16 690
900 902 17 690
900 901 18 690
900 871 19 690
900 902 20 690
74 75 18 691
506 506 1 691
506 506 4 691
506 505 5 691
506 508 7 691
506 507 8 691
506 506 9 691
506 506 10 691
506 507 17 691
506 506 18 691
506 507 19 691
1001 1001 1 691
1001 979 2 691
1001 1023 4 691
1001 1023 9 691
1001 1023 13 691
1001 1023 14 691
1001 1023 15 691
1001 1023 18 691
1023 1001 1 691
1023 979 2 691
1023 1023 4 691
1023 1023 9 691
1023 1023 13 691
1023 1023 14 691
1023 1023 15 691
1023 1023 18 691
506 506 3 692
506 505 4 692
506 508 6 692
506 507 7 692
506 506 8 692
506 506 9 692
506 507 16 692
506 506 17 692
506 507 18 692
1001 979 1 692
1001 1023 3 692
1001 1023 8 692
1001 1023 12 692
1001 1023 13 692
1001 1023 14 692
1001 1023 17 692
430 429 1 693
430 429 9 693
430 429 10 693
430 429 11 693
430 429 18 693
430 428 19 693
430 429 20 693
979 1023 2 693
979 1023 7 693
979 1023 11 693
979 1023 12 693
979 1023 13 693
979 1023 16 693
979 979 20 693
979 1023 20 693
429 429 8 694
429 429 9 694
429 429 10 694
429 429 17 694
429 428 18 694
429 429 19 694
900 901 1 694
900 900 2 694
900 900 3 694
900 900 4 694
900 900 5 694
900 872 6 694
900 900 8 694
900 901 9 694
900 901 10 694
900 901 11 694
900 901 12 694
900 902 13 694
900 901 14 694
900 871 15 694
900 902 16 694
900 901 17 694
506 505 1 695
506 508 3 695
506 507 4 695
506 506 5 695
506 506 6 695
506 507 13 695
506 506 14 695
506 507 15 695
506 507 19 695
901 900 1 695
901 900 2 695
901 900 3 695
901 900 4 695
901 872 5 695
901 900 7 695
901 901 8 695
901 901 9 695
901 901 10 695
901 901 11 695
901 902 12 695
901 901 13 695
901 871 14 695
901 902 15 695
901 901 16 695
901 900 20 695
1023 1023 5 695
1023 1023 9 695
1023 1023 10 695
1023 1023 11 695
1023 1023 14 695
1023 979 18 695
1023 1023 18 695
1023 1023 19 695
1023 1023 20 695
505 508 2 696
505 507 3 696
505 506 4 696
505 506 5 696
505 507 12 696
505 506 13 696
505 507 14 696
505 507 18 696
900 900 1 696
900 900 2 696
900 900 3 696
900 872 4 696
900 900 6 696
900 901 7 696
900 901 8 696
900 901 9 696
900 901 10 696
900 902 11 696
900 901 12 696
900 871 13 696
900 902 14 696
900 901 15 696
900 900 19 696
900 901 20 696
245 244 2 697
245 244 9 697
245 244 11 697
245 191 12 697
245 244 18 697
245 244 19 697
900 900 1 697
900 900 2 697
900 872 3 697
900 900 5 697
900 901 6 697
900 901 7 697
900 901 8 697
900 901 9 697
900 902 10 697
900 901 11 697
900 871 12 697
900 902 13 697
900 901 14 697
900 900 18 697
900 901 19 697
900 902 20 697
508 507 1 698
508 506 2 698
508 506 3 698
508 507 10 698
508 506 11 698
508 507 12 698
508 507 16 698
508 507 19 698
508 507 20 698
900 900 1 698
900 872 2 698
900 900 4 698
900 901 5 698
900 901 6 698
900 901 7 698
900 901 8 698
900 902 9 698
900 901 10 698
900 871 11 698
900 902 12 698
900 901 13 698
900 900 17 698
900 901 18 698
900 902 19 698
900 900 20 698
244 244 7 699
244 244 9 699
244 191 10 699
244 244 16 699
244 244 17 699
244 191 19 699
507 506 1 699
507 506 2 699
507 507 9 699
507 506 10 699
507 507 11 699
507 507 15 699
507 507 18 699
507 507 19 699
900 872 1 699
900 900 3 699
900 901 4 699
900 901 5 699
900 901 6 699
900 901 7 699
900 902 8 699
900 901 9 699
900 871 10 699
900 902 11 699
900 901 12 699
900 900 16 699
900 901 17 699
900 902 18 699
900 900 19 699
506 506 1 700
506 507 8 700
506 506 9 700
506 507 10 700
506 507 14 700
506 507 17 700
506 507 18 700
872 824 1 700
872 900 2 700
872 901 3 700
872 901 4 700
872 901 5 700
872 901 6 700
872 902 7 700
872 901 8 700
872 871 9 700
872 902 10 700
872 901 11 700
872 900 15 700
872 901 16 700
872 902 17 700
872 900 18 700
872 900 20 700
1023 1023 4 700
1023 1023 5 700
1023 1023 6 700
1023 1023 9 700
1023 979 13 700
1023 1023 13 700
1023 1023 14 700
1023 1023 15 700
1023 980 19 700
1023 1023 19 700
506 507 7 701
506 506 8 701
506 507 9 701
506 507 13 701
506 507 16 701
506 507 17 701
824 871 8 701
429 429 1 702
429 429 2 702
429 429 9 702
429 428 10 702
429 429 11 702
429 429 18 702
429 427 19 702
900 901 1 702
900 901 2 702
900 901 3 702
900 901 4 702
900 902 5 702
900 901 6 702
900 871 7 702
900 902 8 702
900 901 9 702
900 900 13 702
900 901 14 702
900 902 15 702
900 900 16 702
900 900 18 702
900 900 19 702
900 900 20 702
429 429 1 703
429 429 8 703
429 428 9 703
429 429 10 703
429 429 17 703
429 427 18 703
901 901 1 703
901 901 2 703
901 901 3 703
901 902 4 703
901 901 5 703
901 871 6 703
901 902 7 703
901 901 8 703
901 900 12 703
901 901 13 703
901 902 14 703
901 900 15 703
901 900 17 703
901 900 18 703
901 900 19 703
901 901 20 703
429 429 7 704
429 428 8 704
429 429 9 704
429 429 16 704
429 427 17 704
901 901 1 704
901 901 2 704
901 902 3 704
901 901 4 704
901 871 5 704
901 902 6 704
901 901 7 704
901 900 11 704
901 901 12 704
901 902 13 704
901 900 14 704
901 900 16 704
901 900 17 704
901 900 18 704
901 901 19 704
901 901 20 704
1023 1023 1 704
1023 1023 2 704
1023 1023 5 704
1023 979 9 704
1023 1023 9 704
1023 1023 10 704
1023 1023 11 704
1023 980 15 704
1023 1023 15 704
901 901 1 705
901 902 2 705
901 901 3 705
901 871 4 705
901 902 5 705
901 901 6 705
901 900 10 705
901 901 11 705
901 902 12 705
901 900 13 705
901 900 15 705
901 900 16 705
901 900 17 705
901 901 18 705
901 901 19 705
901 901 20 705
1023 1023 1 705
1023 1023 4 705
1023 979 8 705
1023 1023 8 705
1023 1023 9 705
1023 1023 10 705
1023 980 14 705
1023 1023 14 705
244 244 2 706
244 191 3 706
244 244 9 706
244 244 10 706
244 191 12 706
244 192 14 706
244 193 20 706
901 902 1 706
901 901 2 706
901 871 3 706
901 902 4 706
901 901 5 706
901 900 9 706
901 901 10 706
901 902 11 706
901 900 12 706
901 900 14 706
901 900 15 706
901 900 16 706
901 901 17 706
901 901 18 706
901 901 19 706
901 901 20 706
1023 1023 3 706
1023 979 7 706
1023 1023 7 706
1023 1023 8 706
1023 1023 9 706
1023 980 13 706
1023 1023 13 706
902 901 1 707
902 871 2 707
902 902 3 707
902 901 4 707
902 900 8 707
902 901 9 707
902 902 10 707
902 900 11 707
902 900 13 707
902 900 14 707
902 900 15 707
902 901 16 707
902 901 17 707
902 901 18 707
902 901 19 707
902 901 20 707
244 191 1 708
244 244 7 708
244 244 8 708
244 191 10 708
244 192 12 708
244 193 18 708
244 193 19 708
507 506 1 708
507 507 2 708
507 507 6 708
507 507 9 708
507 507 10 708
507 507 14 708
901 871 1 708
901 902 2 708
901 901 3 708
901 900 7 708
901 901 8 708
901 902 9 708
901 900 10 708
901 900 12 708
901 900 13 708
901 900 14 708
901 901 15 708
901 901 16 708
901 901 17 708
901 901 18 708
901 901 19 708
901 901 20 708
75 73 3 709
75 74 10 709
191 244 6 709
191 244 7 709
191 191 9 709
191 192 11 709
191 193 17 709
191 193 18 709
191 194 20 709
506 507 1 709
506 507 5 709
506 507 8 709
506 507 9 709
506 507 13 709
871 902 1 709
871 901 2 709
871 900 6 709
871 901 7 709
871 902 8 709
871 900 9 709
871 900 11 709
871 900 12 709
871 900 13 709
871 901 14 709
871 901 15 709
871 901 16 709
871 901 17 709
871 901 18 709
871 901 19 709
871 901 20 709
1023 979 4 709
1023 1023 4 709
1023 1023 5 709
1023 1023 6 709
1023 980 10 709
1023 1023 10 709
507 507 4 710
507 507 7 710
507 507 8 710
507 507 12 710
902 901 1 710
902 900 5 710
902 901 6 710
902 902 7 710
902 900 8 710
902 900 10 710
902 900 11 710
902 900 12 710
902 901 13 710
902 901 14 710
902 901 15 710
902 901 16 710
902 901 17 710
902 901 18 710
902 901 19 710
429 428 1 711
429 429 2 711
429 429 9 711
429 427 10 711
429 427 18 711
901 900 4 711
901 901 5 711
901 902 6 711
901 900 7 711
901 900 9 711
901 900 10 711
901 900 11 711
901 901 12 711
901 901 13 711
901 901 14 711
901 901 15 711
901 901 16 711
901 901 17 711
901 901 18 711
73 74 7 712
428 429 1 712
428 429 8 712
428 427 9 712
428 427 17 712
665 665 2 712
429 429 7 713
429 427 8 713
429 427 16 713
979 1023 1 713
979 1023 2 713
979 980 6 713
979 1023 6 713
979 980 17 713
979 980 18 713
1023 1023 1 713
1023 1023 2 713
1023 980 6 713
1023 1023 6 713
1023 980 17 713
1023 980 18 713
507 507 3 714
507 507 4 714
507 507 8 714
1023 1023 1 714
1023 980 5 714
1023 1023 5 714
1023 980 16 714
1023 980 17 714
244 244 1 715
244 191 3 715
244 192 5 715
244 193 11 715
244 193 12 715
244 194 14 715
244 195 17 715
900 901 1 715
900 902 2 715
900 900 3 715
900 900 5 715
900 900 6 715
900 900 7 715
900 901 8 715
900 901 9 715
900 901 10 715
900 901 11 715
900 901 12 715
900 901 13 715
900 901 14 715
900 901 17 715
900 901 18 715
900 901 19 715
900 902 20 715
1023 980 4 715
1023 1023 4 715
1023 980 15 715
1023 980 16 715
244 191 2 716
244 192 4 716
244 193 10 716
244 193 11 716
244 194 13 716
244 195 16 716
901 902 1 716
901 900 2 716
901 900 4 716
901 900 5 716
901 900 6 716
901 901 7 716
901 901 8 716
901 901 9 716
901 901 10 716
901 901 11 716
901 901 12 716
901 901 13 716
901 901 16 716
901 901 17 716
901 901 18 716
901 902 19 716
901 902 20 716
507 507 1 717
507 507 5 717
902 900 1 717
902 900 3 717
902 900 4 717
902 900 5 717
902 901 6 717
902 901 7 717
902 901 8 717
902 901 9 717
902 901 10 717
902 901 11 717
902 901 12 717
902 901 15 717
902 901 16 717
902 901 17 717
902 902 18 717
902 902 19 717
191 192 2 718
191 193 8 718
191 193 9 718
191 194 11 718
191 195 14 718
191 192 19 718
507 507 4 718
900 900 2 718
900 900 3 718
900 900 4 718
900 901 5 718
900 901 6 718
900 901 7 718
900 901 8 718
900 901 9 718
900 901 10 718
900 901 11 718
900 901 14 718
900 901 15 718
900 901 16 718
900 902 17 718
900 902 18 718
341 353 11 719
980 980 11 719
980 980 12 719
980 980 18 719
980 980 19 719
1023 980 11 719
1023 980 12 719
1023 980 18 719
1023 980 19 719
192 193 6 720
192 193 7 720
192 194 9 720
192 195 12 720
192 192 17 720
192 193 19 720
429 427 1 720
429 427 9 720
429 429 16 720
900 900 1 720
900 900 2 720
900 901 3 720
900 901 4 720
900 901 5 720
900 901 6 720
900 901 7 720
900 901 8 720
900 901 9 720
900 901 12 720
900 901 13 720
900 901 14 720
900 902 15 720
900 902 16 720
900 901 19 720
900 901 20 720
427 427 8 721
427 429 15 721
900 900 1 721
900 901 2 721
900 901 3 721
900 901 4 721
900 901 5 721
900 901 6 721
900 901 7 721
900 901 8 721
900 901 11 721
900 901 12 721
900 901 13 721
900 902 14 721
900 902 15 721
900 901 18 721
900 901 19 721
900 901 1 722
900 901 2 722
900 901 3 722
900 901 4 722
900 901 5 722
900 901 6 722
900 901 7 722
900 901 10 722
900 901 11 722
900 901 12 722
900 902 13 722
900 902 14 722
900 901 17 722
900 901 18 722
901 901 1 723
901 901 2 723
901 901 3 723
901 901 4 723
901 901 5 723
901 901 6 723
901 901 9 723
901 901 10 723
901 901 11 723
901 902 12 723
901 902 13 723
901 901 16 723
901 901 17 723
901 901 1 724
901 901 2 724
901 901 3 724
901 901 4 724
901 901 5 724
901 901 8 724
901 901 9 724
901 901 10 724
901 902 11 724
901 902 12 724
901 901 15 724
901 901 16 724
901 901 1 725
901 901 2 725
901 901 3 725
901 901 4 725
901 901 7 725
901 901 8 725
901 901 9 725
901 902 10 725
901 902 11 725
901 901 14 725
901 901 15 725
193 193 1 726
193 194 3 726
193 195 6 726
193 192 11 726
193 193 13 726
901 901 1 726
901 901 2 726
901 901 3 726
901 901 6 726
901 901 7 726
901 901 8 726
901 902 9 726
901 902 10 726
901 901 13 726
901 901 14 726
193 194 2 727
193 195 5 727
193 192 10 727
193 193 12 727
901 901 1 727
901 901 2 727
901 901 5 727
901 901 6 727
901 901 7 727
901 902 8 727
901 902 9 727
901 901 12 727
901 901 13 727
901 901 1 728
901 901 4 728
901 901 5 728
901 901 6 728
901 902 7 728
901 902 8 728
901 901 11 728
901 901 12 728
194 195 3 729
194 192 8 729
194 193 10 729
427 429 7 729
901 901 3 729
901 901 4 729
901 901 5 729
901 902 6 729
901 902 7 729
901 901 10 729
901 901 11 729
980 980 1 730
980 980 7 730
980 980 8 730
980 980 6 731
980 980 7 731
195 192 5 732
195 193 7 732
901 901 1 732
901 901 2 732
901 902 3 732
901 902 4 732
901 901 7 732
901 901 8 732
901 901 1 733
901 902 2 733
901 902 3 733
901 901 6 733
901 901 7 733
901 902 1 734
901 902 2 734
901 901 5 734
901 901 6 734
902 902 1 735
902 901 4 735
902 901 5 735
902 901 3 736
902 901 4 736
192 193 2 737
980 980 1 737
901 901 1 739
665 665 1 741
