43 42 2 0
43 56 3 0
43 46 4 0
43 54 5 0
43 30 6 0
43 55 6 0
43 66 6 0
43 0 9 0
43 1 9 0
43 3 9 0
43 7 9 0
43 44 11 0
43 63 11 0
43 39 12 0
43 70 12 0
43 11 14 0
43 11 15 0
43 17 15 0
43 29 18 0
43 56 18 0
43 9 19 0
43 50 20 0
43 64 30 0
43 9 31 0
43 29 33 0
43 33 33 0
43 53 34 0
43 52 35 0
43 89 35 0
43 51 36 0
43 30 37 0
43 59 37 0
43 89 38 0
43 79 41 0
43 12 42 0
43 44 42 0
43 74 42 0
43 16 44 0
43 86 46 0
43 91 47 0
43 23 48 0
98 56 3 0
98 102 3 0
98 54 5 0
98 104 5 0
98 55 6 0
98 66 6 0
98 128 6 0
98 102 7 0
98 110 8 0
98 113 9 0
98 63 11 0
98 70 12 0
98 123 14 0
98 130 15 0
98 144 16 0
98 56 18 0
98 105 19 0
98 50 20 0
98 104 20 0
98 134 28 0
98 64 30 0
98 135 31 0
98 53 34 0
98 52 35 0
98 89 35 0
98 51 36 0
98 105 36 0
98 59 37 0
98 103 37 0
98 89 38 0
98 119 39 0
98 79 41 0
98 74 42 0
98 86 46 0
98 91 47 0
98 127 47 0
98 131 49 0
149 165 2 0
149 102 3 0
149 164 3 0
149 104 5 0
149 128 6 0
149 102 7 0
149 110 8 0
149 176 8 0
149 113 9 0
149 148 10 0
149 123 14 0
149 198 14 0
149 130 15 0
149 144 16 0
149 105 19 0
149 104 20 0
149 134 28 0
149 189 30 0
149 135 31 0
149 105 36 0
149 103 37 0
149 119 39 0
149 173 39 0
149 176 41 0
149 164 45 0
149 127 47 0
149 131 49 0
460 508 1 0
460 448 4 0
460 490 12 0
460 494 16 0
460 469 17 0
460 414 39 0
460 463 42 0
460 428 47 0
516 508 1 0
516 535 7 0
516 490 12 0
516 518 15 0
516 494 16 0
516 469 17 0
516 546 20 0
516 513 28 0
516 564 33 0
516 557 34 0
516 556 36 0
516 547 38 0
516 513 39 0
516 512 45 0
516 542 46 0
516 544 47 0
516 538 48 0
508 535 6 1
508 490 11 1
508 518 14 1
508 494 15 1
508 469 16 1
508 546 19 1
508 513 27 1
508 557 33 1
508 556 35 1
508 547 37 1
508 513 38 1
508 463 41 1
508 512 44 1
508 542 45 1
508 544 46 1
508 538 47 1
703 704 2 1
703 704 4 1
703 685 5 1
703 663 9 1
703 686 15 1
703 704 20 1
703 684 31 1
703 684 39 1
703 676 40 1
703 664 41 1
703 664 43 1
703 707 48 1
703 654 50 1
42 56 1 2
42 46 2 2
42 54 3 2
42 30 4 2
42 55 4 2
42 66 4 2
42 0 7 2
42 1 7 2
42 3 7 2
42 7 7 2
42 44 9 2
42 63 9 2
42 39 10 2
42 70 10 2
42 11 12 2
42 11 13 2
42 17 13 2
42 29 16 2
42 56 16 2
42 9 17 2
42 50 18 2
42 64 28 2
42 9 29 2
42 29 31 2
42 33 31 2
42 53 32 2
42 52 33 2
42 89 33 2
42 51 34 2
42 30 35 2
42 59 35 2
42 89 36 2
42 79 39 2
42 12 40 2
42 44 40 2
42 74 40 2
42 16 42 2
42 86 44 2
42 91 45 2
42 23 46 2
42 47 49 2
42 81 49 2
42 49 50 2
165 164 1 2
165 128 4 2
165 176 6 2
165 148 8 2
165 123 12 2
165 198 12 2
165 130 13 2
165 144 14 2
165 203 19 2
165 134 26 2
165 189 28 2
165 135 29 2
165 119 37 2
165 173 37 2
165 176 39 2
165 164 43 2
165 127 45 2
165 131 47 2
165 204 49 2
165 134 50 2
307 329 5 2
307 259 6 2
307 288 8 2
307 300 11 2
307 298 12 2
307 284 13 2
307 327 16 2
307 261 18 2
307 334 19 2
307 296 26 2
307 287 29 2
307 301 31 2
307 302 32 2
307 266 33 2
307 349 41 2
307 349 42 2
307 355 46 2
307 278 47 2
307 295 48 2
307 276 49 2
307 331 50 2
594 616 6 2
594 643 7 2
594 629 9 2
594 603 10 2
594 605 11 2
594 568 12 2
594 583 16 2
594 571 17 2
594 546 18 2
594 569 28 2
594 570 29 2
594 564 31 2
594 557 32 2
594 598 33 2
594 556 34 2
594 547 36 2
594 544 45 2
56 46 1 3
56 54 2 3
56 104 2 3
56 30 3 3
56 55 3 3
56 66 3 3
56 102 4 3
56 7 6 3
56 44 8 3
56 63 8 3
56 39 9 3
56 70 9 3
56 11 11 3
56 11 12 3
56 17 12 3
56 29 15 3
56 56 15 3
56 9 16 3
56 105 16 3
56 50 17 3
56 104 17 3
56 64 27 3
56 9 28 3
56 29 30 3
56 33 30 3
56 53 31 3
56 52 32 3
56 89 32 3
56 51 33 3
56 105 33 3
56 30 34 3
56 59 34 3
56 103 34 3
56 89 35 3
56 79 38 3
56 12 39 3
56 44 39 3
56 74 39 3
56 16 41 3
56 86 43 3
56 91 44 3
56 23 45 3
56 47 48 3
56 81 48 3
56 49 49 3
56 68 50 3
102 54 2 3
102 104 2 3
102 55 3 3
102 66 3 3
102 128 3 3
102 102 4 3
102 110 5 3
102 113 6 3
102 148 7 3
102 63 8 3
102 70 9 3
102 123 11 3
102 130 12 3
102 144 13 3
102 56 15 3
102 105 16 3
102 104 17 3
102 134 25 3
102 64 27 3
102 135 28 3
102 53 31 3
102 52 32 3
102 89 32 3
102 105 33 3
102 59 34 3
102 103 34 3
102 89 35 3
102 119 36 3
102 79 38 3
102 74 39 3
102 86 43 3
102 91 44 3
102 127 44 3
102 131 46 3
102 81 48 3
102 134 49 3
102 68 50 3
102 141 50 3
164 128 3 3
164 176 5 3
164 148 7 3
164 123 11 3
164 198 11 3
164 130 12 3
164 144 13 3
164 203 18 3
164 134 25 3
164 189 27 3
164 135 28 3
164 119 36 3
164 173 36 3
164 176 38 3
164 164 42 3
164 127 44 3
164 131 46 3
164 204 48 3
164 134 49 3
164 141 50 3
256 251 1 3
256 233 4 3
256 259 5 3
256 288 7 3
256 300 10 3
256 298 11 3
256 284 12 3
256 248 16 3
256 261 17 3
256 296 25 3
256 287 28 3
256 301 30 3
256 252 31 3
256 302 31 3
256 266 32 3
256 240 33 3
256 239 34 3
256 251 35 3
256 255 35 3
256 278 46 3
256 295 47 3
256 276 48 3
256 281 50 3
704 704 2 3
704 685 3 3
704 663 7 3
704 686 13 3
704 704 18 3
704 684 29 3
704 684 37 3
704 676 38 3
704 664 39 3
704 664 41 3
704 707 46 3
704 654 48 3
704 673 49 3
46 54 1 4
46 30 2 4
46 55 2 4
46 66 2 4
46 0 5 4
46 1 5 4
46 3 5 4
46 7 5 4
46 44 7 4
46 63 7 4
46 39 8 4
46 70 8 4
46 11 10 4
46 11 11 4
46 17 11 4
46 29 14 4
46 56 14 4
46 9 15 4
46 50 16 4
46 64 26 4
46 9 27 4
46 29 29 4
46 33 29 4
46 53 30 4
46 52 31 4
46 89 31 4
46 51 32 4
46 30 33 4
46 59 33 4
46 89 34 4
46 79 37 4
46 12 38 4
46 44 38 4
46 74 38 4
46 16 40 4
46 86 42 4
46 91 43 4
46 23 44 4
46 47 47 4
46 81 47 4
46 49 48 4
46 68 49 4
46 95 50 4
251 233 3 4
251 259 4 4
251 288 6 4
251 300 9 4
251 298 10 4
251 284 11 4
251 248 15 4
251 261 16 4
251 203 17 4
251 296 24 4
251 287 27 4
251 252 30 4
251 266 31 4
251 240 32 4
251 239 33 4
251 251 34 4
251 255 34 4
251 278 45 4
251 295 46 4
251 204 47 4
251 276 47 4
251 281 49 4
251 285 50 4
448 408 1 4
448 405 2 4
448 490 8 4
448 494 12 4
448 469 13 4
448 404 32 4
448 414 35 4
448 463 38 4
448 428 43 4
652 685 2 4
652 616 4 4
652 643 5 4
652 663 6 4
652 629 7 4
652 603 8 4
652 605 9 4
652 686 12 4
652 645 13 4
652 684 28 4
652 684 36 4
652 676 37 4
652 664 38 4
652 650 39 4
652 664 40 4
652 654 47 4
652 673 48 4
652 646 49 4
54 30 1 5
54 55 1 5
54 66 1 5
54 102 2 5
54 7 4 5
54 44 6 5
54 63 6 5
54 39 7 5
54 70 7 5
54 11 9 5
54 11 10 5
54 17 10 5
54 29 13 5
54 56 13 5
54 9 14 5
54 50 15 5
54 64 25 5
54 9 26 5
54 29 28 5
54 33 28 5
54 53 29 5
54 52 30 5
54 89 30 5
54 51 31 5
54 30 32 5
54 59 32 5
54 103 32 5
54 89 33 5
54 79 36 5
54 12 37 5
54 44 37 5
54 74 37 5
54 16 39 5
54 86 41 5
54 91 42 5
54 23 43 5
54 47 46 5
54 81 46 5
54 49 47 5
54 68 48 5
54 95 49 5
54 15 50 5
104 55 1 5
104 66 1 5
104 128 1 5
104 102 2 5
104 110 3 5
104 113 4 5
104 148 5 5
104 63 6 5
104 70 7 5
104 123 9 5
104 130 10 5
104 144 11 5
104 56 13 5
104 105 14 5
104 104 15 5
104 134 23 5
104 64 25 5
104 135 26 5
104 89 30 5
104 105 31 5
104 59 32 5
104 103 32 5
104 89 33 5
104 119 34 5
104 79 36 5
104 74 37 5
104 86 41 5
104 91 42 5
104 127 42 5
104 131 44 5
104 81 46 5
104 134 47 5
104 68 48 5
104 141 48 5
104 95 49 5
408 405 1 5
408 362 6 5
408 376 25 5
408 404 31 5
408 359 32 5
408 414 34 5
408 370 36 5
408 364 40 5
408 428 42 5
704 685 1 5
704 663 5 5
704 686 11 5
704 704 16 5
704 684 27 5
704 684 35 5
704 676 36 5
704 664 37 5
704 664 39 5
704 707 44 5
704 654 46 5
704 673 47 5
704 740 49 5
704 685 50 5
30 0 3 6
30 1 3 6
30 3 3 6
30 7 3 6
30 44 5 6
30 63 5 6
30 39 6 6
30 70 6 6
30 11 8 6
30 11 9 6
30 17 9 6
30 29 12 6
30 56 12 6
30 9 13 6
30 50 14 6
30 64 24 6
30 9 25 6
30 29 27 6
30 33 27 6
30 53 28 6
30 52 29 6
30 51 30 6
30 30 31 6
30 59 31 6
30 79 35 6
30 12 36 6
30 44 36 6
30 74 36 6
30 16 38 6
30 23 42 6
30 47 45 6
30 49 46 6
30 68 47 6
30 15 49 6
30 13 50 6
30 17 50 6
55 102 1 6
55 7 3 6
55 44 5 6
55 63 5 6
55 39 6 6
55 70 6 6
55 11 8 6
55 11 9 6
55 17 9 6
55 29 12 6
55 56 12 6
55 9 13 6
55 50 14 6
55 104 14 6
55 64 24 6
55 9 25 6
55 29 27 6
55 33 27 6
55 53 28 6
55 52 29 6
55 89 29 6
55 51 30 6
55 30 31 6
55 59 31 6
55 103 31 6
55 89 32 6
55 79 35 6
55 12 36 6
55 44 36 6
55 74 36 6
55 16 38 6
55 86 40 6
55 91 41 6
55 23 42 6
55 47 45 6
55 81 45 6
55 49 46 6
55 68 47 6
55 95 48 6
55 15 49 6
55 13 50 6
55 17 50 6
66 102 1 6
66 110 2 6
66 113 3 6
66 44 5 6
66 63 5 6
66 39 6 6
66 70 6 6
66 17 9 6
66 29 12 6
66 56 12 6
66 105 13 6
66 50 14 6
66 104 14 6
66 64 24 6
66 29 27 6
66 33 27 6
66 53 28 6
66 52 29 6
66 89 29 6
66 51 30 6
66 105 30 6
66 30 31 6
66 59 31 6
66 103 31 6
66 89 32 6
66 79 35 6
66 44 36 6
66 74 36 6
66 16 38 6
66 86 40 6
66 91 41 6
66 23 42 6
66 47 45 6
66 81 45 6
66 49 46 6
66 68 47 6
66 95 48 6
66 17 50 6
128 102 1 6
128 110 2 6
128 176 2 6
128 113 3 6
128 148 4 6
128 123 8 6
128 130 9 6
128 144 10 6
128 105 13 6
128 104 14 6
128 134 22 6
128 135 25 6
128 89 29 6
128 105 30 6
128 103 31 6
128 89 32 6
128 119 33 6
128 173 33 6
128 79 35 6
128 176 35 6
128 164 39 6
128 86 40 6
128 91 41 6
128 127 41 6
128 131 43 6
128 81 45 6
128 134 46 6
128 141 47 6
128 95 48 6
128 161 48 6
128 174 49 6
405 362 5 6
405 376 24 6
405 404 30 6
405 359 31 6
405 414 33 6
405 370 35 6
405 364 39 6
405 428 41 6
405 355 42 6
685 643 3 6
685 663 4 6
685 686 10 6
685 645 11 6
685 704 15 6
685 684 26 6
685 684 34 6
685 676 35 6
685 664 36 6
685 650 37 6
685 664 38 6
685 707 43 6
685 654 45 6
685 673 46 6
685 646 47 6
685 685 49 6
102 110 1 7
102 113 2 7
102 148 3 7
102 63 4 7
102 70 5 7
102 123 7 7
102 130 8 7
102 144 9 7
102 56 11 7
102 105 12 7
102 104 13 7
102 134 21 7
102 64 23 7
102 135 24 7
102 53 27 7
102 52 28 7
102 89 28 7
102 105 29 7
102 59 30 7
102 103 30 7
102 89 31 7
102 119 32 7
102 79 34 7
102 74 35 7
102 86 39 7
102 91 40 7
102 127 40 7
102 131 42 7
102 81 44 7
102 134 45 7
102 68 46 7
102 141 46 7
102 95 47 7
233 259 1 7
233 198 7 7
233 248 12 7
233 261 13 7
233 203 14 7
233 189 23 7
233 252 27 7
233 266 28 7
233 240 29 7
233 239 30 7
233 251 31 7
233 255 31 7
233 278 42 7
233 204 44 7
233 276 44 7
233 281 46 7
329 288 3 7
329 362 4 7
329 300 6 7
329 298 7 7
329 284 8 7
329 327 11 7
329 334 14 7
329 296 21 7
329 376 23 7
329 287 24 7
329 301 26 7
329 302 27 7
329 359 30 7
329 370 34 7
329 349 36 7
329 349 37 7
329 364 38 7
329 355 41 7
329 295 43 7
329 331 45 7
329 281 46 7
329 285 47 7
329 344 48 7
535 490 5 7
535 568 7 7
535 518 8 7
535 494 9 7
535 583 11 7
535 571 12 7
535 546 13 7
535 513 21 7
535 569 23 7
535 570 24 7
535 564 26 7
535 557 27 7
535 556 29 7
535 547 31 7
535 513 32 7
535 512 38 7
535 542 39 7
535 544 40 7
535 538 41 7
535 485 49 7
110 113 1 8
110 148 2 8
110 63 3 8
110 70 4 8
110 123 6 8
110 130 7 8
110 144 8 8
110 105 11 8
110 104 12 8
110 134 20 8
110 64 22 8
110 135 23 8
110 89 27 8
110 105 28 8
110 103 29 8
110 89 30 8
110 119 31 8
110 79 33 8
110 74 34 8
110 86 38 8
110 91 39 8
110 127 39 8
110 131 41 8
110 81 43 8
110 134 44 8
110 68 45 8
110 141 45 8
110 95 46 8
176 148 2 8
176 198 6 8
176 130 7 8
176 144 8 8
176 203 13 8
176 134 20 8
176 189 22 8
176 135 23 8
176 173 31 8
176 176 33 8
176 164 37 8
176 127 39 8
176 131 41 8
176 204 43 8
176 134 44 8
176 141 45 8
176 161 46 8
176 174 47 8
176 165 49 8
259 288 2 8
259 300 5 8
259 298 6 8
259 284 7 8
259 248 11 8
259 261 12 8
259 296 20 8
259 287 23 8
259 301 25 8
259 252 26 8
259 302 26 8
259 266 27 8
259 240 28 8
259 239 29 8
259 251 30 8
259 255 30 8
259 278 41 8
259 295 42 8
259 276 43 8
259 281 45 8
259 285 46 8
616 643 1 8
616 663 2 8
616 629 3 8
616 603 4 8
616 605 5 8
616 568 6 8
616 645 9 8
616 583 10 8
616 571 11 8
616 569 22 8
616 570 23 8
616 598 27 8
616 664 34 8
616 650 35 8
616 664 36 8
616 654 43 8
616 646 45 8
0 44 2 9
0 39 3 9
0 11 5 9
0 11 6 9
0 17 6 9
0 29 9 9
0 9 10 9
0 9 22 9
0 29 24 9
0 33 24 9
0 30 28 9
0 12 33 9
0 44 33 9
0 16 35 9
0 23 39 9
0 47 42 9
0 49 43 9
0 15 46 9
0 13 47 9
0 17 47 9
0 11 48 9
1 44 2 9
1 39 3 9
1 11 5 9
1 11 6 9
1 17 6 9
1 29 9 9
1 9 10 9
1 50 11 9
1 9 22 9
1 29 24 9
1 33 24 9
1 30 28 9
1 12 33 9
1 44 33 9
1 16 35 9
1 23 39 9
1 47 42 9
1 49 43 9
1 15 46 9
1 13 47 9
1 17 47 9
1 11 48 9
3 44 2 9
3 39 3 9
3 11 5 9
3 11 6 9
3 17 6 9
3 29 9 9
3 9 10 9
3 50 11 9
3 9 22 9
3 29 24 9
3 33 24 9
3 52 26 9
3 51 27 9
3 30 28 9
3 12 33 9
3 44 33 9
3 16 35 9
3 23 39 9
3 47 42 9
3 49 43 9
3 15 46 9
3 13 47 9
3 17 47 9
3 11 48 9
7 44 2 9
7 39 3 9
7 11 5 9
7 11 6 9
7 17 6 9
7 29 9 9
7 56 9 9
7 9 10 9
7 50 11 9
7 9 22 9
7 29 24 9
7 33 24 9
7 53 25 9
7 52 26 9
7 51 27 9
7 30 28 9
7 12 33 9
7 44 33 9
7 16 35 9
7 23 39 9
7 47 42 9
7 49 43 9
7 15 46 9
7 13 47 9
7 17 47 9
7 11 48 9
113 148 1 9
113 63 2 9
113 70 3 9
113 123 5 9
113 130 6 9
113 144 7 9
113 105 10 9
113 104 11 9
113 134 19 9
113 64 21 9
113 135 22 9
113 89 26 9
113 105 27 9
113 103 28 9
113 89 29 9
113 119 30 9
113 79 32 9
113 74 33 9
113 86 37 9
113 91 38 9
113 127 38 9
113 131 40 9
113 81 42 9
113 134 43 9
113 68 44 9
113 141 44 9
113 95 45 9
113 161 45 9
643 663 1 9
643 629 2 9
643 603 3 9
643 605 4 9
643 686 7 9
643 645 8 9
643 684 23 9
643 598 26 9
643 684 31 9
643 676 32 9
643 664 33 9
643 650 34 9
643 664 35 9
643 654 42 9
643 673 43 9
643 646 44 9
643 685 46 9
148 123 4 10
148 130 5 10
148 144 6 10
148 105 9 10
148 104 10 10
148 134 18 10
148 189 20 10
148 135 21 10
148 105 26 10
148 103 27 10
148 119 29 10
148 173 29 10
148 176 31 10
148 164 35 10
148 127 37 10
148 131 39 10
148 134 42 10
148 141 43 10
148 161 44 10
148 174 45 10
148 165 47 10
288 300 3 10
288 298 4 10
288 284 5 10
288 327 8 10
288 248 9 10
288 261 10 10
288 334 11 10
288 296 18 10
288 287 21 10
288 301 23 10
288 252 24 10
288 302 24 10
288 266 25 10
288 240 26 10
288 239 27 10
288 251 28 10
288 255 28 10
288 278 39 10
288 295 40 10
288 276 41 10
288 331 42 10
288 281 43 10
288 285 44 10
663 629 1 10
663 686 6 10
663 645 7 10
663 704 11 10
663 684 22 10
663 684 30 10
663 676 31 10
663 664 32 10
663 650 33 10
663 664 34 10
663 707 39 10
663 654 41 10
663 673 42 10
663 646 43 10
663 685 45 10
44 39 1 11
44 70 1 11
44 11 3 11
44 11 4 11
44 17 4 11
44 29 7 11
44 56 7 11
44 9 8 11
44 50 9 11
44 64 19 11
44 9 20 11
44 29 22 11
44 33 22 11
44 53 23 11
44 52 24 11
44 89 24 11
44 51 25 11
44 30 26 11
44 59 26 11
44 89 27 11
44 79 30 11
44 12 31 11
44 44 31 11
44 74 31 11
44 16 33 11
44 86 35 11
44 91 36 11
44 23 37 11
44 47 40 11
44 81 40 11
44 49 41 11
44 68 42 11
44 15 44 11
44 13 45 11
44 17 45 11
44 11 46 11
63 39 1 11
63 70 1 11
63 17 4 11
63 29 7 11
63 56 7 11
63 105 8 11
63 50 9 11
63 104 9 11
63 64 19 11
63 29 22 11
63 33 22 11
63 53 23 11
63 52 24 11
63 89 24 11
63 51 25 11
63 105 25 11
63 30 26 11
63 59 26 11
63 103 26 11
63 89 27 11
63 79 30 11
63 44 31 11
63 74 31 11
63 16 33 11
63 86 35 11
63 91 36 11
63 23 37 11
63 47 40 11
63 81 40 11
63 49 41 11
63 68 42 11
63 95 43 11
63 15 44 11
63 13 45 11
63 17 45 11
362 327 7 11
362 334 10 11
362 376 19 11
362 404 25 11
362 359 26 11
362 370 30 11
362 349 32 11
362 349 33 11
362 364 34 11
362 355 37 11
362 331 41 11
362 344 44 11
629 603 1 11
629 605 2 11
629 645 6 11
629 583 7 11
629 598 24 11
629 676 30 11
629 664 31 11
629 650 32 11
629 664 33 11
629 654 40 11
629 673 41 11
629 646 42 11
39 11 2 12
39 11 3 12
39 17 3 12
39 29 6 12
39 56 6 12
39 9 7 12
39 50 8 12
39 64 18 12
39 9 19 12
39 29 21 12
39 33 21 12
39 53 22 12
39 52 23 12
39 51 24 12
39 30 25 12
39 59 25 12
39 79 29 12
39 12 30 12
39 44 30 12
39 74 30 12
39 16 32 12
39 86 34 12
39 23 36 12
39 47 39 12
39 81 39 12
39 49 40 12
39 68 41 12
39 15 43 12
39 13 44 12
39 17 44 12
39 11 45 12
70 29 6 12
70 56 6 12
70 105 7 12
70 50 8 12
70 104 8 12
70 64 18 12
70 29 21 12
70 33 21 12
70 53 22 12
70 52 23 12
70 89 23 12
70 51 24 12
70 105 24 12
70 30 25 12
70 59 25 12
70 103 25 12
70 89 26 12
70 119 27 12
70 79 29 12
70 44 30 12
70 74 30 12
70 86 34 12
70 91 35 12
70 23 36 12
70 47 39 12
70 81 39 12
70 49 40 12
70 68 41 12
70 95 42 12
490 518 3 12
490 494 4 12
490 469 5 12
490 513 16 12
490 513 27 12
490 463 30 12
490 512 33 12
490 538 36 12
490 485 44 12
603 605 1 12
603 568 2 12
603 645 5 12
603 583 6 12
603 571 7 12
603 569 18 12
603 570 19 12
603 564 21 12
603 557 22 12
603 598 23 12
603 556 24 12
603 650 31 12
603 646 41 12
300 298 1 13
300 284 2 13
300 327 5 13
300 261 7 13
300 334 8 13
300 296 15 13
300 287 18 13
300 301 20 13
300 252 21 13
300 302 21 13
300 266 22 13
300 251 25 13
300 255 25 13
300 349 30 13
300 349 31 13
300 278 36 13
300 295 37 13
300 276 38 13
300 331 39 13
300 281 40 13
300 285 41 13
300 344 42 13
605 568 1 13
605 645 4 13
605 583 5 13
605 571 6 13
605 569 17 13
605 570 18 13
605 564 20 13
605 557 21 13
605 598 22 13
605 556 23 13
605 650 30 13
605 654 38 13
605 646 40 13
11 11 1 14
11 17 1 14
11 29 4 14
11 56 4 14
11 9 5 14
11 50 6 14
11 9 17 14
11 29 19 14
11 33 19 14
11 53 20 14
11 52 21 14
11 51 22 14
11 30 23 14
11 59 23 14
11 12 28 14
11 44 28 14
11 16 30 14
11 23 34 14
11 47 37 14
11 49 38 14
11 15 41 14
11 13 42 14
11 17 42 14
11 11 43 14
123 130 1 14
123 144 2 14
123 105 5 14
123 104 6 14
123 134 14 14
123 135 17 14
123 89 21 14
123 105 22 14
123 103 23 14
123 89 24 14
123 119 25 14
123 79 27 14
123 74 28 14
123 164 31 14
123 86 32 14
123 91 33 14
123 127 33 14
123 131 35 14
123 81 37 14
123 134 38 14
123 141 39 14
123 95 40 14
123 161 40 14
123 165 43 14
198 203 7 14
198 189 16 14
198 240 22 14
198 239 23 14
198 173 25 14
198 176 27 14
198 164 31 14
198 204 37 14
198 161 40 14
198 174 41 14
198 165 43 14
298 284 1 14
298 327 4 14
298 248 5 14
298 261 6 14
298 334 7 14
298 296 14 14
298 287 17 14
298 301 19 14
298 252 20 14
298 302 20 14
298 266 21 14
298 251 24 14
298 255 24 14
298 278 35 14
298 295 36 14
298 276 37 14
298 331 38 14
298 281 39 14
298 285 40 14
298 344 41 14
568 518 1 14
568 583 4 14
568 571 5 14
568 546 6 14
568 569 16 14
568 570 17 14
568 564 19 14
568 557 20 14
568 598 21 14
568 556 22 14
568 547 24 14
568 542 32 14
568 544 33 14
568 538 34 14
11 29 3 15
11 56 3 15
11 9 4 15
11 50 5 15
11 9 16 15
11 29 18 15
11 33 18 15
11 53 19 15
11 52 20 15
11 51 21 15
11 30 22 15
11 59 22 15
11 12 27 15
11 44 27 15
11 16 29 15
11 23 33 15
11 47 36 15
11 49 37 15
11 15 40 15
11 13 41 15
11 17 41 15
11 11 42 15
17 29 3 15
17 56 3 15
17 9 4 15
17 50 5 15
17 64 15 15
17 9 16 15
17 29 18 15
17 33 18 15
17 53 19 15
17 52 20 15
17 51 21 15
17 30 22 15
17 59 22 15
17 12 27 15
17 44 27 15
17 16 29 15
17 23 33 15
17 47 36 15
17 49 37 15
17 15 40 15
17 13 41 15
17 17 41 15
17 11 42 15
130 144 1 15
130 105 4 15
130 104 5 15
130 134 13 15
130 135 16 15
130 89 20 15
130 105 21 15
130 103 22 15
130 89 23 15
130 119 24 15
130 173 24 15
130 176 26 15
130 164 30 15
130 86 31 15
130 91 32 15
130 127 32 15
130 131 34 15
130 81 36 15
130 134 37 15
130 141 38 15
130 95 39 15
130 161 39 15
130 174 40 15
130 165 42 15
284 327 3 15
284 248 4 15
284 261 5 15
284 296 13 15
284 287 16 15
284 301 18 15
284 252 19 15
284 302 19 15
284 266 20 15
284 240 21 15
284 239 22 15
284 251 23 15
284 255 23 15
284 278 34 15
284 295 35 15
284 276 36 15
284 331 37 15
284 281 38 15
284 285 39 15
518 494 1 15
518 469 2 15
518 546 5 15
518 513 13 15
518 564 18 15
518 557 19 15
518 556 21 15
518 547 23 15
518 513 24 15
518 512 30 15
518 542 31 15
518 544 32 15
518 538 33 15
518 485 41 15
144 105 3 16
144 104 4 16
144 134 12 16
144 189 14 16
144 135 15 16
144 105 20 16
144 103 21 16
144 119 23 16
144 173 23 16
144 176 25 16
144 164 29 16
144 127 31 16
144 131 33 16
144 134 36 16
144 141 37 16
144 95 38 16
144 161 38 16
144 174 39 16
144 165 41 16
494 469 1 16
494 513 12 16
494 513 23 16
494 463 26 16
494 512 29 16
494 542 30 16
494 538 32 16
494 485 40 16
686 645 1 16
686 704 5 16
686 684 16 16
686 684 24 16
686 676 25 16
686 664 26 16
686 650 27 16
686 664 28 16
686 707 33 16
686 654 35 16
686 673 36 16
686 646 37 16
686 685 39 16
469 513 11 17
469 513 22 17
469 463 25 17
469 512 28 17
469 428 30 17
469 485 39 17
645 684 15 17
645 598 18 17
645 684 23 17
645 676 24 17
645 664 25 17
645 650 26 17
645 664 27 17
645 654 34 17
645 673 35 17
645 646 36 17
645 685 38 17
29 9 1 18
29 50 2 18
29 64 12 18
29 9 13 18
29 29 15 18
29 33 15 18
29 53 16 18
29 52 17 18
29 51 18 18
29 30 19 18
29 59 19 18
29 12 24 18
29 44 24 18
29 74 24 18
29 16 26 18
29 23 30 18
29 47 33 18
29 49 34 18
29 68 35 18
29 15 37 18
29 13 38 18
29 17 38 18
29 11 39 18
56 9 1 18
56 105 1 18
56 50 2 18
56 104 2 18
56 64 12 18
56 9 13 18
56 29 15 18
56 33 15 18
56 53 16 18
56 52 17 18
56 89 17 18
56 51 18 18
56 105 18 18
56 30 19 18
56 59 19 18
56 103 19 18
56 89 20 18
56 79 23 18
56 12 24 18
56 44 24 18
56 74 24 18
56 16 26 18
56 86 28 18
56 91 29 18
56 23 30 18
56 47 33 18
56 81 33 18
56 49 34 18
56 68 35 18
56 95 36 18
56 15 37 18
56 13 38 18
56 17 38 18
56 11 39 18
327 334 3 18
327 296 10 18
327 376 12 18
327 287 13 18
327 301 15 18
327 302 16 18
327 359 19 18
327 370 23 18
327 349 25 18
327 349 26 18
327 364 27 18
327 355 30 18
327 278 31 18
327 295 32 18
327 331 34 18
327 281 35 18
327 285 36 18
327 344 37 18
583 571 1 18
583 546 2 18
583 569 12 18
583 570 13 18
583 564 15 18
583 557 16 18
583 598 17 18
583 556 18 18
583 547 20 18
583 542 28 18
583 544 29 18
583 538 30 18
9 50 1 19
9 9 12 19
9 29 14 19
9 33 14 19
9 53 15 19
9 52 16 19
9 51 17 19
9 30 18 19
9 12 23 19
9 44 23 19
9 16 25 19
9 23 29 19
9 47 32 19
9 49 33 19
9 15 36 19
9 13 37 19
9 17 37 19
9 11 38 19
105 104 1 19
105 134 9 19
105 64 11 19
105 135 12 19
105 89 16 19
105 105 17 19
105 59 18 19
105 103 18 19
105 89 19 19
105 119 20 19
105 79 22 19
105 74 23 19
105 86 27 19
105 91 28 19
105 127 28 19
105 131 30 19
105 81 32 19
105 134 33 19
105 68 34 19
105 141 34 19
105 95 35 19
248 261 1 19
248 203 2 19
248 296 9 19
248 287 12 19
248 252 15 19
248 266 16 19
248 240 17 19
248 239 18 19
248 251 19 19
248 255 19 19
248 278 30 19
248 295 31 19
248 204 32 19
248 276 32 19
248 281 34 19
248 285 35 19
571 546 1 19
571 569 11 19
571 570 12 19
571 564 14 19
571 557 15 19
571 598 16 19
571 556 17 19
571 547 19 19
571 542 27 19
571 544 28 19
571 538 29 19
50 64 10 20
50 9 11 20
50 29 13 20
50 33 13 20
50 53 14 20
50 52 15 20
50 89 15 20
50 51 16 20
50 30 17 20
50 59 17 20
50 89 18 20
50 79 21 20
50 12 22 20
50 44 22 20
50 74 22 20
50 16 24 20
50 86 26 20
50 91 27 20
50 23 28 20
50 47 31 20
50 81 31 20
50 49 32 20
50 68 33 20
50 95 34 20
50 15 35 20
50 13 36 20
50 17 36 20
50 11 37 20
104 134 8 20
104 64 10 20
104 135 11 20
104 89 15 20
104 105 16 20
104 59 17 20
104 103 17 20
104 89 18 20
104 119 19 20
104 79 21 20
104 74 22 20
104 86 26 20
104 91 27 20
104 127 27 20
104 131 29 20
104 81 31 20
104 134 32 20
104 68 33 20
104 141 33 20
104 95 34 20
261 296 8 20
261 287 11 20
261 301 13 20
261 252 14 20
261 302 14 20
261 266 15 20
261 240 16 20
261 239 17 20
261 251 18 20
261 255 18 20
261 278 29 20
261 295 30 20
261 276 31 20
261 281 33 20
261 285 34 20
546 513 8 20
546 569 10 20
546 570 11 20
546 564 13 20
546 557 14 20
546 556 16 20
546 547 18 20
546 513 19 20
546 512 25 20
546 542 26 20
546 544 27 20
546 538 28 20
203 189 9 21
203 252 13 21
203 240 15 21
203 239 16 21
203 251 17 21
203 173 18 21
203 176 20 21
203 164 24 21
203 204 30 21
203 161 33 21
203 174 34 21
203 165 36 21
334 296 7 21
334 376 9 21
334 287 10 21
334 301 12 21
334 302 13 21
334 359 16 21
334 370 20 21
334 349 22 21
334 349 23 21
334 364 24 21
334 355 27 21
334 295 29 21
334 331 31 21
334 285 33 21
334 344 34 21
704 684 11 21
704 684 19 21
704 676 20 21
704 664 21 21
704 664 23 21
704 707 28 21
704 654 30 21
704 673 31 21
704 740 33 21
704 685 34 21
134 135 3 28
134 89 7 28
134 105 8 28
134 103 9 28
134 89 10 28
134 119 11 28
134 173 11 28
134 176 13 28
134 164 17 28
134 86 18 28
134 91 19 28
134 127 19 28
134 131 21 28
134 134 24 28
134 141 25 28
134 95 26 28
134 161 26 28
134 174 27 28
134 165 29 28
296 287 3 28
296 301 5 28
296 252 6 28
296 302 6 28
296 266 7 28
296 251 10 28
296 255 10 28
296 278 21 28
296 295 22 28
296 276 23 28
296 331 24 28
296 281 25 28
296 285 26 28
296 344 27 28
513 557 6 28
513 556 8 28
513 547 10 28
513 513 11 28
513 463 14 28
513 512 17 28
513 542 18 28
513 544 19 28
513 538 20 28
513 485 28 28
64 29 3 30
64 33 3 30
64 53 4 30
64 52 5 30
64 89 5 30
64 51 6 30
64 105 6 30
64 30 7 30
64 59 7 30
64 103 7 30
64 89 8 30
64 79 11 30
64 44 12 30
64 74 12 30
64 16 14 30
64 86 16 30
64 91 17 30
64 23 18 30
64 47 21 30
64 81 21 30
64 49 22 30
64 68 23 30
64 95 24 30
64 15 25 30
64 17 26 30
189 173 9 30
189 176 11 30
189 164 15 30
189 204 21 30
189 141 23 30
189 161 24 30
189 174 25 30
189 165 27 30
376 404 6 30
376 359 7 30
376 414 9 30
376 370 11 30
376 349 13 30
376 349 14 30
376 364 15 30
376 355 18 30
376 331 22 30
376 344 25 30
569 570 1 30
569 564 3 30
569 557 4 30
569 598 5 30
569 556 6 30
569 547 8 30
569 542 16 30
569 544 17 30
569 538 18 30
9 29 2 31
9 33 2 31
9 53 3 31
9 52 4 31
9 51 5 31
9 30 6 31
9 12 11 31
9 44 11 31
9 16 13 31
9 23 17 31
9 47 20 31
9 49 21 31
9 15 24 31
9 13 25 31
9 17 25 31
9 11 26 31
135 89 4 31
135 105 5 31
135 103 6 31
135 89 7 31
135 119 8 31
135 173 8 31
135 176 10 31
135 164 14 31
135 86 15 31
135 91 16 31
135 127 16 31
135 131 18 31
135 134 21 31
135 141 22 31
135 95 23 31
135 161 23 31
135 174 24 31
135 165 26 31
287 301 2 31
287 252 3 31
287 302 3 31
287 266 4 31
287 240 5 31
287 239 6 31
287 251 7 31
287 255 7 31
287 278 18 31
287 295 19 31
287 276 20 31
287 331 21 31
287 281 22 31
287 285 23 31
570 564 2 31
570 557 3 31
570 598 4 31
570 556 5 31
570 547 7 31
570 542 15 31
570 544 16 31
570 538 17 31
684 684 8 32
684 676 9 32
684 664 10 32
684 650 11 32
684 664 12 32
684 707 17 32
684 654 19 32
684 673 20 32
684 646 21 32
684 685 23 32
29 53 1 33
29 52 2 33
29 51 3 33
29 30 4 33
29 59 4 33
29 12 9 33
29 44 9 33
29 74 9 33
29 16 11 33
29 23 15 33
29 47 18 33
29 49 19 33
29 68 20 33
29 15 22 33
29 13 23 33
29 17 23 33
29 11 24 33
33 53 1 33
33 52 2 33
33 51 3 33
33 30 4 33
33 59 4 33
33 79 8 33
33 12 9 33
33 44 9 33
33 74 9 33
33 16 11 33
33 23 15 33
33 47 18 33
33 81 18 33
33 49 19 33
33 68 20 33
33 15 22 33
33 13 23 33
33 17 23 33
33 11 24 33
301 252 1 33
301 302 1 33
301 266 2 33
301 251 5 33
301 255 5 33
301 349 10 33
301 349 11 33
301 278 16 33
301 295 17 33
301 276 18 33
301 331 19 33
301 281 20 33
301 285 21 33
301 344 22 33
564 557 1 33
564 598 2 33
564 556 3 33
564 547 5 33
564 542 13 33
564 544 14 33
564 538 15 33
53 52 1 34
53 89 1 34
53 51 2 34
53 30 3 34
53 59 3 34
53 89 4 34
53 79 7 34
53 12 8 34
53 44 8 34
53 74 8 34
53 16 10 34
53 86 12 34
53 91 13 34
53 23 14 34
53 47 17 34
53 81 17 34
53 49 18 34
53 68 19 34
53 95 20 34
53 15 21 34
53 13 22 34
53 17 22 34
53 11 23 34
252 266 1 34
252 240 2 34
252 239 3 34
252 251 4 34
252 255 4 34
252 278 15 34
252 295 16 34
252 204 17 34
252 276 17 34
252 281 19 34
252 285 20 34
302 266 1 34
302 255 4 34
302 349 9 34
302 349 10 34
302 278 15 34
302 295 16 34
302 276 17 34
302 331 18 34
302 281 19 34
302 285 20 34
302 344 21 34
557 598 1 34
557 556 2 34
557 547 4 34
557 513 5 34
557 512 11 34
557 542 12 34
557 544 13 34
557 538 14 34
52 51 1 35
52 30 2 35
52 59 2 35
52 89 3 35
52 79 6 35
52 12 7 35
52 44 7 35
52 74 7 35
52 16 9 35
52 86 11 35
52 91 12 35
52 23 13 35
52 47 16 35
52 81 16 35
52 49 17 35
52 68 18 35
52 95 19 35
52 15 20 35
52 13 21 35
52 17 21 35
52 11 22 35
89 51 1 35
89 105 1 35
89 59 2 35
89 103 2 35
89 89 3 35
89 119 4 35
89 79 6 35
89 44 7 35
89 74 7 35
89 86 11 35
89 91 12 35
89 127 12 35
89 131 14 35
89 47 16 35
89 81 16 35
89 49 17 35
89 134 17 35
89 68 18 35
89 95 19 35
266 240 1 35
266 239 2 35
266 251 3 35
266 255 3 35
266 278 14 35
266 295 15 35
266 276 16 35
266 281 18 35
266 285 19 35
598 556 1 35
598 646 18 35
51 30 1 36
51 59 1 36
51 89 2 36
51 79 5 36
51 12 6 36
51 44 6 36
51 74 6 36
51 16 8 36
51 86 10 36
51 91 11 36
51 23 12 36
51 47 15 36
51 81 15 36
51 49 16 36
51 68 17 36
51 95 18 36
51 15 19 36
51 13 20 36
51 17 20 36
51 11 21 36
105 59 1 36
105 103 1 36
105 89 2 36
105 119 3 36
105 79 5 36
105 74 6 36
105 86 10 36
105 91 11 36
105 127 11 36
105 131 13 36
105 81 15 36
105 134 16 36
105 68 17 36
105 141 17 36
105 95 18 36
240 239 1 36
240 251 2 36
240 255 2 36
240 278 13 36
240 204 15 36
240 276 15 36
240 281 17 36
240 285 18 36
404 359 1 36
404 414 3 36
404 370 5 36
404 364 9 36
404 428 11 36
404 355 12 36
556 547 2 36
556 513 3 36
556 512 9 36
556 542 10 36
556 544 11 36
556 538 12 36
30 79 4 37
30 12 5 37
30 44 5 37
30 74 5 37
30 16 7 37
30 23 11 37
30 47 14 37
30 49 15 37
30 68 16 37
30 15 18 37
30 13 19 37
30 17 19 37
30 11 20 37
59 89 1 37
59 79 4 37
59 12 5 37
59 44 5 37
59 74 5 37
59 16 7 37
59 86 9 37
59 91 10 37
59 23 11 37
59 47 14 37
59 81 14 37
59 49 15 37
59 68 16 37
59 95 17 37
59 15 18 37
59 13 19 37
59 17 19 37
59 11 20 37
103 89 1 37
103 119 2 37
103 79 4 37
103 74 5 37
103 86 9 37
103 91 10 37
103 127 10 37
103 131 12 37
103 81 14 37
103 134 15 37
103 68 16 37
103 141 16 37
103 95 17 37
239 251 1 37
239 255 1 37
239 278 12 37
239 204 14 37
239 276 14 37
239 281 16 37
239 285 17 37
359 370 4 37
359 349 6 37
359 349 7 37
359 364 8 37
359 355 11 37
359 331 15 37
359 344 18 37
89 119 1 38
89 79 3 38
89 44 4 38
89 74 4 38
89 86 8 38
89 91 9 38
89 127 9 38
89 131 11 38
89 47 13 38
89 81 13 38
89 49 14 38
89 134 14 38
89 68 15 38
89 95 16 38
251 278 11 38
251 295 12 38
251 204 13 38
251 276 13 38
251 281 15 38
251 285 16 38
255 278 11 38
255 295 12 38
255 276 13 38
255 281 15 38
255 285 16 38
547 513 1 38
547 512 7 38
547 542 8 38
547 544 9 38
547 538 10 38
119 79 2 39
119 74 3 39
119 164 6 39
119 86 7 39
119 91 8 39
119 127 8 39
119 131 10 39
119 81 12 39
119 134 13 39
119 141 14 39
119 95 15 39
119 161 15 39
119 165 18 39
173 176 2 39
173 164 6 39
173 127 8 39
173 131 10 39
173 204 12 39
173 134 13 39
173 141 14 39
173 161 15 39
173 174 16 39
173 165 18 39
414 370 2 39
414 463 3 39
414 364 6 39
414 428 8 39
513 463 3 39
513 512 6 39
513 542 7 39
513 544 8 39
513 538 9 39
513 485 17 39
684 676 1 40
684 664 2 40
684 650 3 40
684 664 4 40
684 707 9 40
684 654 11 40
684 673 12 40
684 646 13 40
684 685 15 40
79 44 1 41
79 74 1 41
79 86 5 41
79 91 6 41
79 127 6 41
79 47 10 41
79 81 10 41
79 49 11 41
79 68 12 41
79 95 13 41
176 164 4 41
176 127 6 41
176 131 8 41
176 204 10 41
176 134 11 41
176 141 12 41
176 161 13 41
176 174 14 41
176 165 16 41
370 349 2 41
370 349 3 41
370 364 4 41
370 355 7 41
370 331 11 41
370 344 14 41
676 664 1 41
676 650 2 41
676 664 3 41
676 707 8 41
676 654 10 41
676 673 11 41
676 646 12 41
676 685 14 41
12 16 2 42
12 23 6 42
12 47 9 42
12 49 10 42
12 15 13 42
12 13 14 42
12 17 14 42
12 11 15 42
44 16 2 42
44 86 4 42
44 91 5 42
44 23 6 42
44 47 9 42
44 81 9 42
44 49 10 42
44 68 11 42
44 15 13 42
44 13 14 42
44 17 14 42
44 11 15 42
74 86 4 42
74 91 5 42
74 47 9 42
74 81 9 42
74 49 10 42
74 68 11 42
74 95 12 42
463 512 3 42
463 428 5 42
463 485 14 42
664 650 1 42
664 664 2 42
664 707 7 42
664 654 9 42
664 673 10 42
664 646 11 42
664 685 13 42
349 349 1 43
349 364 2 43
349 355 5 43
349 331 9 43
349 344 12 43
650 664 1 43
650 654 8 43
650 673 9 43
650 646 10 43
650 685 12 43
16 23 4 44
16 47 7 44
16 49 8 44
16 15 11 44
16 13 12 44
16 17 12 44
16 11 13 44
349 364 1 44
349 355 4 44
349 331 8 44
349 344 11 44
664 707 5 44
664 654 7 44
664 673 8 44
664 646 9 44
664 685 11 44
164 127 2 45
164 131 4 45
164 204 6 45
164 134 7 45
164 141 8 45
164 161 9 45
164 174 10 45
164 165 12 45
364 355 3 45
364 331 7 45
364 344 10 45
512 542 1 45
512 544 2 45
512 538 3 45
512 485 11 45
86 91 1 46
86 127 1 46
86 131 3 46
86 47 5 46
86 81 5 46
86 49 6 46
86 134 6 46
86 68 7 46
86 95 8 46
542 544 1 46
542 538 2 46
91 131 2 47
91 47 4 47
91 81 4 47
91 49 5 47
91 134 5 47
91 68 6 47
91 95 7 47
127 131 2 47
127 81 4 47
127 134 5 47
127 141 6 47
127 95 7 47
127 161 7 47
127 174 8 47
127 165 10 47
544 538 1 47
23 47 3 48
23 49 4 48
23 68 5 48
23 15 7 48
23 13 8 48
23 17 8 48
23 11 9 48
355 331 4 48
355 344 7 48
131 81 2 49
131 134 3 49
131 141 4 49
131 95 5 49
131 161 5 49
131 174 6 49
131 165 8 49
278 295 1 49
278 276 2 49
278 281 4 49
278 285 5 49
707 673 3 49
707 740 5 49
707 685 6 49
295 276 1 50
295 331 2 50
295 281 3 50
295 285 4 50
295 344 5 50
758 740 4 50
47 49 1 51
47 68 2 51
47 95 3 51
47 15 4 51
47 13 5 51
47 17 5 51
47 11 6 51
81 49 1 51
81 68 2 51
81 95 3 51
204 161 3 51
204 174 4 51
204 165 6 51
276 281 2 51
276 285 3 51
654 673 1 51
654 646 2 51
654 685 4 51
49 68 1 52
49 95 2 52
49 15 3 52
49 13 4 52
49 17 4 52
49 11 5 52
134 141 1 52
134 95 2 52
134 161 2 52
134 174 3 52
134 165 5 52
331 281 1 52
331 285 2 52
331 344 3 52
673 646 1 52
673 685 3 52
68 95 1 53
141 95 1 53
141 161 1 53
141 174 2 53
141 165 4 53
281 285 1 53
646 685 2 53
161 174 1 54
161 165 3 54
15 13 1 55
15 17 1 55
15 11 2 55
174 165 2 55
13 11 1 56
17 11 1 56
