604 592 8 0
604 593 9 0
542 537 1 1
542 549 10 1
542 543 11 1
542 547 14 1
542 553 15 1
56 52 3 2
56 57 5 2
56 45 12 2
56 64 12 2
56 71 13 2
56 60 14 2
56 58 19 2
56 58 20 2
79 91 3 2
79 64 12 2
79 71 13 2
79 60 14 2
79 79 20 2
242 259 3 2
242 253 5 2
242 259 9 2
242 256 10 2
242 255 14 2
537 549 9 2
537 543 10 2
537 547 13 2
537 553 14 2
122 122 4 3
122 130 11 3
122 108 15 3
122 116 17 3
122 125 18 3
127 122 4 3
127 146 7 3
127 130 11 3
127 108 15 3
127 116 17 3
127 125 18 3
262 266 1 3
262 259 2 3
262 253 4 3
262 259 8 3
262 256 9 3
262 255 13 3
262 264 17 3
262 275 18 3
266 259 1 4
266 253 3 4
266 259 7 4
266 256 8 4
266 255 12 4
266 264 16 4
266 275 17 4
266 283 18 4
52 57 2 5
52 45 9 5
52 64 9 5
52 71 10 5
52 60 11 5
52 58 16 5
52 58 17 5
91 71 10 5
91 101 11 5
91 108 13 5
91 79 17 5
91 75 18 5
91 84 19 5
166 146 5 5
166 174 11 5
259 253 2 5
259 259 6 5
259 256 7 5
259 255 11 5
259 264 15 5
259 275 16 5
666 653 2 5
57 45 7 7
57 64 7 7
57 71 8 7
57 60 9 7
57 58 14 7
57 58 15 7
57 75 16 7
122 130 7 7
122 108 11 7
122 116 13 7
122 125 14 7
122 109 20 7
122 128 20 7
253 259 4 7
253 256 5 7
253 255 9 7
253 264 13 7
592 593 1 8
592 609 13 8
592 595 14 8
592 583 15 8
592 573 16 8
592 574 19 8
593 609 12 9
593 595 13 9
593 583 14 9
593 573 15 9
593 574 18 9
146 130 4 10
146 128 17 10
146 132 18 10
146 132 19 10
430 430 9 10
430 429 17 10
430 434 18 10
569 549 1 10
569 553 6 10
569 583 13 10
569 573 14 10
569 574 17 10
569 570 18 10
569 564 19 10
259 256 1 11
259 255 5 11
259 264 9 11
259 275 10 11
549 543 1 11
549 547 4 11
549 553 5 11
549 564 18 11
549 538 19 11
256 255 4 12
256 264 8 12
256 275 9 12
543 547 3 12
543 553 4 12
543 538 18 12
543 549 20 12
188 174 3 13
399 396 11 13
399 411 19 13
399 394 20 13
25 9 1 14
25 8 2 14
25 25 2 14
25 20 13 14
25 31 13 14
25 8 14 14
25 30 14 14
25 44 14 14
45 25 2 14
45 60 2 14
45 58 7 14
45 58 8 14
45 31 13 14
45 30 14 14
45 44 14 14
64 71 1 14
64 60 2 14
64 58 7 14
64 58 8 14
64 79 8 14
64 75 9 14
64 44 14 14
130 116 6 14
130 125 7 14
130 128 13 14
130 114 14 14
130 132 14 14
130 115 15 14
130 132 15 14
130 120 18 14
9 8 1 15
9 25 1 15
9 20 12 15
9 0 13 15
9 1 13 15
9 8 13 15
71 60 1 15
71 58 6 15
71 58 7 15
71 79 7 15
71 75 8 15
71 84 9 15
71 88 15 15
547 553 1 15
547 564 14 15
547 538 15 15
547 549 17 15
8 20 11 16
8 0 12 16
8 1 12 16
8 8 12 16
25 20 11 16
25 31 11 16
25 8 12 16
25 30 12 16
25 44 12 16
60 58 5 16
60 58 6 16
60 79 6 16
60 75 7 16
60 44 12 16
101 108 2 16
101 116 4 16
101 84 8 16
101 109 11 16
101 114 12 16
101 115 13 16
101 88 14 16
101 120 16 16
255 264 4 16
553 570 12 16
553 564 13 16
553 538 14 16
553 549 16 16
108 116 2 18
108 125 3 18
108 109 9 18
108 114 10 18
108 115 11 18
108 88 12 18
108 120 14 18
430 429 8 19
430 434 9 19
430 411 13 19
116 125 1 20
116 109 7 20
116 128 7 20
116 114 8 20
116 132 8 20
116 115 9 20
116 132 9 20
116 120 12 20
116 127 20 20
264 275 1 20
264 283 2 20
58 58 1 21
58 75 2 21
58 44 7 21
58 66 20 21
125 109 6 21
125 128 6 21
125 114 7 21
125 132 7 21
125 115 8 21
125 132 8 21
125 120 11 21
125 127 19 21
275 283 1 21
275 284 19 21
275 290 20 21
609 595 1 21
58 75 1 22
58 44 6 22
58 66 19 22
58 65 20 22
79 75 1 22
79 84 2 22
79 88 8 22
79 83 18 22
79 66 19 22
79 65 20 22
283 284 18 22
283 290 19 22
595 583 1 22
75 84 1 23
75 88 7 23
75 83 17 23
75 66 18 23
75 65 19 23
583 573 1 23
583 574 4 23
583 570 5 23
583 564 6 23
84 88 6 24
84 83 16 24
84 66 17 24
84 65 18 24
396 411 8 24
396 394 9 24
573 574 3 24
573 570 4 24
573 564 5 24
20 0 1 27
20 1 1 27
20 8 1 27
20 30 1 27
20 13 14 27
20 21 14 27
20 36 14 27
31 30 1 27
31 44 1 27
31 13 14 27
31 21 14 27
31 36 14 27
109 114 1 27
109 115 2 27
109 120 5 27
109 127 13 27
109 108 18 27
128 114 1 27
128 132 1 27
128 115 2 27
128 132 2 27
128 120 5 27
128 127 13 27
128 108 18 27
429 434 1 27
429 411 5 27
574 570 1 27
574 564 2 27
0 13 13 28
1 13 13 28
8 13 13 28
8 21 13 28
30 13 13 28
30 21 13 28
30 36 13 28
44 36 13 28
114 115 1 28
114 132 1 28
114 120 4 28
114 127 12 28
114 108 17 28
132 115 1 28
132 132 1 28
132 120 4 28
132 127 12 28
132 150 13 28
570 564 1 28
570 551 12 28
115 120 3 29
115 127 11 29
115 108 16 29
132 120 3 29
132 127 11 29
132 150 12 29
488 468 16 29
564 549 3 29
564 551 11 29
88 83 10 30
467 468 15 30
538 549 2 30
538 551 10 30
120 127 8 32
120 108 13 32
411 394 1 32
549 551 8 32
83 66 1 40
83 65 2 40
83 91 12 40
83 63 13 40
83 90 18 40
83 77 20 40
127 108 5 40
284 290 1 40
284 266 4 40
284 266 8 40
284 266 12 40
284 296 19 40
284 288 20 40
13 2 11 41
13 3 11 41
13 12 11 41
13 3 12 41
13 7 12 41
13 9 13 41
13 12 17 41
13 27 17 41
13 27 19 41
21 2 11 41
21 3 11 41
21 12 11 41
21 3 12 41
21 7 12 41
21 9 13 41
21 12 17 41
21 27 17 41
21 27 19 41
36 27 17 41
36 27 19 41
66 65 1 41
66 59 12 41
66 63 12 41
66 77 19 41
290 296 18 41
290 288 19 41
290 276 20 41
65 59 11 42
65 63 11 42
65 77 18 42
341 340 4 42
341 353 5 42
341 358 9 42
266 253 2 44
266 266 4 44
266 266 8 44
266 253 16 44
266 276 17 44
108 91 7 45
108 90 13 45
604 598 3 45
604 587 9 45
253 266 2 46
253 266 6 46
253 245 7 46
253 253 14 46
340 353 1 46
340 358 5 46
353 358 4 47
266 266 4 48
266 253 12 48
266 276 13 48
598 587 6 48
358 344 19 51
2 3 1 52
2 7 1 52
2 9 2 52
2 12 6 52
2 3 18 52
2 7 18 52
2 15 18 52
3 3 1 52
3 7 1 52
3 9 2 52
3 12 6 52
3 3 18 52
3 7 18 52
3 15 18 52
12 3 1 52
12 7 1 52
12 9 2 52
12 12 6 52
12 27 6 52
12 27 8 52
12 31 16 52
12 3 18 52
12 7 18 52
12 15 18 52
91 90 6 52
91 77 8 52
91 91 17 52
91 73 18 52
219 199 20 52
266 253 8 52
266 276 9 52
742 735 1 52
742 737 3 52
742 741 7 52
742 733 8 52
742 731 18 52
3 9 1 53
3 12 5 53
3 3 17 53
3 7 17 53
3 15 17 53
3 9 20 53
7 9 1 53
7 12 5 53
7 3 17 53
7 7 17 53
7 15 17 53
7 9 20 53
7 25 20 53
59 77 7 53
59 73 17 53
63 77 7 53
63 73 17 53
245 253 7 53
245 263 20 53
427 434 2 53
427 439 5 53
427 445 9 53
427 438 16 53
735 737 2 53
735 741 6 53
735 733 7 53
735 721 15 53
735 715 16 53
735 731 17 53
9 12 4 54
9 27 4 54
9 27 6 54
9 3 16 54
9 7 16 54
9 15 16 54
9 9 19 54
9 25 19 54
9 0 20 54
9 28 20 54
434 439 3 55
434 445 7 55
434 438 14 55
737 741 4 55
737 733 5 55
737 721 13 55
737 731 15 55
12 27 2 58
12 31 10 58
12 3 12 58
12 7 12 58
12 15 12 58
12 9 15 58
12 25 15 58
12 0 16 58
12 28 16 58
12 24 17 58
27 27 2 58
27 31 10 58
27 7 12 58
27 15 12 58
27 34 12 58
27 9 15 58
27 25 15 58
27 32 15 58
27 28 16 58
27 40 16 58
27 24 17 58
90 77 2 58
90 91 11 58
90 73 12 58
90 91 15 58
90 98 17 58
90 108 20 58
439 445 4 58
439 438 11 58
296 288 1 59
296 276 2 59
296 291 15 59
741 733 1 59
741 721 9 59
741 731 11 59
741 759 16 59
27 31 8 60
27 7 10 60
27 15 10 60
27 34 10 60
27 9 13 60
27 25 13 60
27 32 13 60
27 28 14 60
27 40 14 60
27 24 15 60
77 91 9 60
77 73 10 60
77 91 13 60
77 69 14 60
77 59 18 60
77 79 19 60
253 263 13 60
253 245 16 60
253 259 17 60
288 276 1 60
288 291 14 60
733 721 8 60
733 715 9 60
733 731 10 60
276 263 12 61
276 291 13 61
276 259 16 61
445 438 7 62
31 15 2 68
31 34 2 68
31 25 5 68
31 32 5 68
31 28 6 68
31 40 6 68
31 24 7 68
31 26 17 68
169 186 5 68
169 151 6 68
721 715 1 68
721 731 2 68
721 735 20 68
91 73 1 69
91 91 4 69
91 98 6 69
91 108 9 69
91 79 10 69
91 97 15 69
438 430 16 69
438 439 18 69
715 731 1 69
3 9 3 70
3 0 4 70
3 2 15 70
3 3 15 70
7 9 3 70
7 25 3 70
7 0 4 70
7 24 5 70
7 2 15 70
7 3 15 70
7 26 15 70
15 9 3 70
15 25 3 70
15 32 3 70
15 0 4 70
15 28 4 70
15 24 5 70
15 2 15 70
15 3 15 70
15 26 15 70
34 25 3 70
34 32 3 70
34 28 4 70
34 40 4 70
34 24 5 70
34 51 9 70
34 26 15 70
73 91 3 70
73 69 4 70
73 59 8 70
73 79 9 70
73 58 13 70
138 151 4 70
344 361 2 70
344 325 5 70
344 359 11 70
344 338 13 70
344 341 14 70
731 735 18 70
199 186 1 72
199 217 13 72
361 359 9 72
361 341 12 72
9 0 1 73
9 28 1 73
9 24 2 73
9 2 12 73
9 3 12 73
9 26 12 73
9 11 18 73
9 22 19 73
9 22 20 73
25 28 1 73
25 40 1 73
25 24 2 73
25 26 12 73
25 11 18 73
25 22 19 73
25 22 20 73
32 28 1 73
32 40 1 73
32 24 2 73
32 51 6 73
32 26 12 73
32 22 19 73
32 22 20 73
91 98 2 73
91 108 5 73
91 79 6 73
91 97 11 73
91 99 17 73
91 89 18 73
91 79 20 73
263 245 3 73
263 259 4 73
263 266 17 73
0 2 11 74
0 3 11 74
0 11 17 74
28 24 1 74
28 26 11 74
28 11 17 74
28 22 18 74
28 22 19 74
40 24 1 74
40 59 4 74
40 51 5 74
40 58 9 74
40 26 11 74
40 22 18 74
40 22 19 74
69 59 4 74
69 51 5 74
69 79 5 74
69 58 9 74
69 79 19 74
151 133 17 74
291 310 12 74
291 289 19 74
291 282 20 74
24 26 10 75
24 11 16 75
24 22 17 75
24 22 18 75
98 108 3 75
98 79 4 75
98 97 9 75
98 99 15 75
98 89 16 75
98 79 18 75
325 338 8 75
325 341 9 75
325 310 11 75
325 305 20 75
759 743 17 75
245 259 1 76
392 387 3 76
259 266 13 77
604 604 1 77
604 604 2 77
604 594 8 77
604 609 14 77
59 51 1 78
59 58 5 78
59 63 17 78
108 97 6 78
108 99 12 78
108 89 13 78
604 604 1 78
604 594 7 78
604 609 13 78
51 58 4 79
51 63 16 79
79 97 5 79
79 89 12 79
79 79 14 79
79 63 16 79
604 594 6 79
604 609 12 79
359 341 3 81
359 367 20 81
58 63 12 83
338 341 1 83
338 338 17 83
338 324 19 83
97 99 6 84
97 89 7 84
97 79 9 84
220 217 1 84
220 200 18 84
341 338 16 84
341 324 18 84
2 11 6 85
2 3 17 85
3 11 6 85
3 22 7 85
3 22 8 85
3 3 17 85
26 11 6 85
26 22 7 85
26 22 8 85
217 200 17 85
430 439 2 85
430 430 7 85
594 609 6 85
310 305 9 86
310 324 16 86
439 430 5 87
735 743 4 88
735 730 5 88
735 731 6 88
735 754 13 88
99 89 1 90
99 79 3 90
266 282 4 90
11 22 1 91
11 22 2 91
11 3 11 91
89 79 2 91
22 22 1 92
22 3 10 92
743 730 1 92
743 731 2 92
743 759 8 92
743 754 9 92
22 3 9 93
79 63 2 93
289 282 1 93
289 305 2 93
730 731 1 93
305 324 7 95
338 324 2 100
759 754 1 100
196 200 1 101
