763 763 1 0
763 763 3 0
763 763 4 0
763 763 6 0
763 763 7 0
763 763 8 0
763 763 10 0
317 322 19 1
763 763 2 1
763 763 3 1
763 763 5 1
763 763 6 1
763 763 7 1
763 763 9 1
763 747 20 1
499 499 2 2
499 487 7 2
499 487 9 2
499 502 10 2
720 719 16 2
720 720 17 2
720 735 18 2
388 371 7 3
388 389 10 3
388 374 11 3
388 374 16 3
388 374 19 3
763 763 1 3
763 763 3 3
763 763 4 3
763 763 5 3
763 763 7 3
763 747 18 3
499 487 5 4
499 487 7 4
499 502 8 4
763 763 2 4
763 763 3 4
763 763 4 4
763 763 6 4
763 747 17 4
763 764 20 4
763 763 1 6
763 763 2 6
763 763 4 6
763 747 15 6
763 764 18 6
435 441 1 7
435 434 10 7
435 431 11 7
435 416 16 7
763 763 1 7
763 763 3 7
763 747 14 7
763 764 17 7
441 434 9 8
441 431 10 8
763 763 2 8
763 747 13 8
763 764 16 8
0 10 5 9
0 0 6 9
0 1 6 9
0 5 6 9
0 9 6 9
0 0 7 9
0 1 7 9
0 4 7 9
0 10 7 9
0 0 8 9
0 1 8 9
0 4 8 9
0 10 8 9
0 1 9 9
0 14 9 9
0 15 9 9
0 0 10 9
0 1 10 9
0 10 10 9
0 1 11 9
0 3 11 9
0 7 11 9
0 15 11 9
0 2 13 9
0 8 13 9
0 10 14 9
1 10 5 9
1 0 6 9
1 1 6 9
1 5 6 9
1 9 6 9
1 0 7 9
1 1 7 9
1 4 7 9
1 10 7 9
1 0 8 9
1 1 8 9
1 4 8 9
1 10 8 9
1 1 9 9
1 14 9 9
1 15 9 9
1 0 10 9
1 1 10 9
1 10 10 9
1 1 11 9
1 3 11 9
1 7 11 9
1 15 11 9
1 2 13 9
1 8 13 9
1 10 14 9
44 55 2 9
44 30 4 9
44 31 4 9
44 58 11 9
44 29 13 9
44 38 13 9
44 54 18 9
487 487 2 9
487 502 3 9
371 389 3 10
371 374 4 10
371 374 9 10
371 374 12 10
371 380 16 10
371 371 17 10
371 354 18 10
371 374 19 10
763 747 11 10
763 764 14 10
55 58 9 11
55 38 11 11
55 54 16 11
55 54 19 11
487 502 1 11
667 677 1 11
667 685 6 11
667 657 14 11
667 654 16 11
667 661 17 11
667 653 18 11
677 691 1 12
677 689 3 12
677 688 4 12
677 685 5 12
677 657 13 12
677 661 16 12
30 10 1 13
30 10 3 13
30 10 4 13
30 14 5 13
30 15 5 13
30 10 6 13
30 15 7 13
30 29 9 13
30 38 9 13
30 10 10 13
30 30 17 13
30 11 18 13
30 15 18 13
30 12 19 13
30 31 19 13
31 14 5 13
31 15 5 13
31 15 7 13
31 29 9 13
31 38 9 13
31 30 17 13
31 11 18 13
31 15 18 13
31 12 19 13
31 31 19 13
389 374 1 13
389 374 6 13
389 374 9 13
389 380 13 13
389 371 14 13
389 374 16 13
691 689 2 13
691 688 3 13
691 685 4 13
10 0 1 14
10 1 1 14
10 5 1 14
10 9 1 14
10 0 2 14
10 1 2 14
10 4 2 14
10 10 2 14
10 0 3 14
10 1 3 14
10 4 3 14
10 10 3 14
10 1 4 14
10 14 4 14
10 15 4 14
10 0 5 14
10 1 5 14
10 10 5 14
10 1 6 14
10 3 6 14
10 7 6 14
10 15 6 14
10 2 8 14
10 8 8 14
10 29 8 14
10 10 9 14
10 1 16 14
10 9 16 14
10 0 17 14
10 1 17 14
10 11 17 14
10 15 17 14
10 12 18 14
10 1 20 14
374 374 5 14
374 374 8 14
374 380 12 14
374 371 13 14
374 354 14 14
374 374 15 14
374 371 20 14
0 0 1 15
0 1 1 15
0 4 1 15
0 10 1 15
0 0 2 15
0 1 2 15
0 4 2 15
0 10 2 15
0 1 3 15
0 14 3 15
0 15 3 15
0 0 4 15
0 1 4 15
0 10 4 15
0 1 5 15
0 3 5 15
0 7 5 15
0 15 5 15
0 2 7 15
0 8 7 15
0 10 8 15
0 1 15 15
0 9 15 15
0 0 16 15
0 1 16 15
0 11 16 15
0 15 16 15
0 12 17 15
0 1 19 15
0 0 20 15
0 2 20 15
0 4 20 15
0 8 20 15
1 0 1 15
1 1 1 15
1 4 1 15
1 10 1 15
1 0 2 15
1 1 2 15
1 4 2 15
1 10 2 15
1 1 3 15
1 14 3 15
1 15 3 15
1 0 4 15
1 1 4 15
1 10 4 15
1 1 5 15
1 3 5 15
1 7 5 15
1 15 5 15
1 2 7 15
1 8 7 15
1 10 8 15
1 1 15 15
1 9 15 15
1 0 16 15
1 1 16 15
1 11 16 15
1 15 16 15
1 12 17 15
1 1 19 15
1 0 20 15
1 2 20 15
1 4 20 15
1 8 20 15
5 0 1 15
5 1 1 15
5 4 1 15
5 10 1 15
5 0 2 15
5 1 2 15
5 4 2 15
5 10 2 15
5 1 3 15
5 14 3 15
5 15 3 15
5 0 4 15
5 1 4 15
5 10 4 15
5 1 5 15
5 3 5 15
5 7 5 15
5 15 5 15
5 2 7 15
5 8 7 15
5 10 8 15
5 1 15 15
5 9 15 15
5 0 16 15
5 1 16 15
5 11 16 15
5 15 16 15
5 12 17 15
5 1 19 15
5 0 20 15
5 2 20 15
5 4 20 15
5 8 20 15
9 0 1 15
9 1 1 15
9 4 1 15
9 10 1 15
9 0 2 15
9 1 2 15
9 4 2 15
9 10 2 15
9 1 3 15
9 14 3 15
9 15 3 15
9 0 4 15
9 1 4 15
9 10 4 15
9 1 5 15
9 3 5 15
9 7 5 15
9 15 5 15
9 2 7 15
9 8 7 15
9 10 8 15
9 1 15 15
9 9 15 15
9 0 16 15
9 1 16 15
9 11 16 15
9 15 16 15
9 12 17 15
9 1 19 15
9 0 20 15
9 2 20 15
9 4 20 15
9 8 20 15
689 688 1 15
689 685 2 15
689 700 20 15
0 0 1 16
0 1 1 16
0 4 1 16
0 10 1 16
0 1 2 16
0 14 2 16
0 15 2 16
0 0 3 16
0 1 3 16
0 10 3 16
0 1 4 16
0 3 4 16
0 7 4 16
0 15 4 16
0 2 6 16
0 8 6 16
0 10 7 16
0 1 14 16
0 9 14 16
0 0 15 16
0 1 15 16
0 11 15 16
0 15 15 16
0 12 16 16
0 1 18 16
0 0 19 16
0 2 19 16
0 4 19 16
0 8 19 16
0 0 20 16
0 1 20 16
0 3 20 16
0 14 20 16
0 15 20 16
1 0 1 16
1 1 1 16
1 4 1 16
1 10 1 16
1 1 2 16
1 14 2 16
1 15 2 16
1 0 3 16
1 1 3 16
1 10 3 16
1 1 4 16
1 3 4 16
1 7 4 16
1 15 4 16
1 2 6 16
1 8 6 16
1 10 7 16
1 1 14 16
1 9 14 16
1 0 15 16
1 1 15 16
1 11 15 16
1 15 15 16
1 12 16 16
1 1 18 16
1 0 19 16
1 2 19 16
1 4 19 16
1 8 19 16
1 0 20 16
1 1 20 16
1 3 20 16
1 14 20 16
1 15 20 16
4 0 1 16
4 1 1 16
4 4 1 16
4 10 1 16
4 1 2 16
4 14 2 16
4 15 2 16
4 0 3 16
4 1 3 16
4 10 3 16
4 1 4 16
4 3 4 16
4 7 4 16
4 15 4 16
4 2 6 16
4 8 6 16
4 10 7 16
4 1 14 16
4 9 14 16
4 0 15 16
4 1 15 16
4 11 15 16
4 15 15 16
4 12 16 16
4 1 18 16
4 0 19 16
4 2 19 16
4 4 19 16
4 8 19 16
4 0 20 16
4 1 20 16
4 3 20 16
4 14 20 16
4 15 20 16
10 0 1 16
10 1 1 16
10 4 1 16
10 10 1 16
10 1 2 16
10 14 2 16
10 15 2 16
10 0 3 16
10 1 3 16
10 10 3 16
10 1 4 16
10 3 4 16
10 7 4 16
10 15 4 16
10 2 6 16
10 8 6 16
10 29 6 16
10 10 7 16
10 1 14 16
10 9 14 16
10 0 15 16
10 1 15 16
10 11 15 16
10 15 15 16
10 12 16 16
10 1 18 16
10 0 19 16
10 2 19 16
10 4 19 16
10 8 19 16
10 0 20 16
10 1 20 16
10 3 20 16
10 14 20 16
10 15 20 16
688 685 1 16
688 700 19 16
0 1 1 17
0 14 1 17
0 15 1 17
0 0 2 17
0 1 2 17
0 10 2 17
0 1 3 17
0 3 3 17
0 7 3 17
0 15 3 17
0 2 5 17
0 8 5 17
0 10 6 17
0 1 13 17
0 9 13 17
0 0 14 17
0 1 14 17
0 11 14 17
0 15 14 17
0 12 15 17
0 1 17 17
0 0 18 17
0 2 18 17
0 4 18 17
0 8 18 17
0 0 19 17
0 1 19 17
0 3 19 17
0 14 19 17
0 15 19 17
0 0 20 17
0 3 20 17
0 8 20 17
1 1 1 17
1 14 1 17
1 15 1 17
1 0 2 17
1 1 2 17
1 10 2 17
1 1 3 17
1 3 3 17
1 7 3 17
1 15 3 17
1 2 5 17
1 8 5 17
1 10 6 17
1 1 13 17
1 9 13 17
1 0 14 17
1 1 14 17
1 11 14 17
1 15 14 17
1 12 15 17
1 1 17 17
1 0 18 17
1 2 18 17
1 4 18 17
1 8 18 17
1 0 19 17
1 1 19 17
1 3 19 17
1 14 19 17
1 15 19 17
1 0 20 17
1 3 20 17
1 8 20 17
4 1 1 17
4 14 1 17
4 15 1 17
4 0 2 17
4 1 2 17
4 10 2 17
4 1 3 17
4 3 3 17
4 7 3 17
4 15 3 17
4 2 5 17
4 8 5 17
4 10 6 17
4 1 13 17
4 9 13 17
4 0 14 17
4 1 14 17
4 11 14 17
4 15 14 17
4 12 15 17
4 1 17 17
4 0 18 17
4 2 18 17
4 4 18 17
4 8 18 17
4 0 19 17
4 1 19 17
4 3 19 17
4 14 19 17
4 15 19 17
4 0 20 17
4 3 20 17
4 8 20 17
10 1 1 17
10 14 1 17
10 15 1 17
10 0 2 17
10 1 2 17
10 10 2 17
10 1 3 17
10 3 3 17
10 7 3 17
10 15 3 17
10 2 5 17
10 8 5 17
10 29 5 17
10 10 6 17
10 1 13 17
10 9 13 17
10 0 14 17
10 1 14 17
10 11 14 17
10 15 14 17
10 12 15 17
10 1 17 17
10 0 18 17
10 2 18 17
10 4 18 17
10 8 18 17
10 0 19 17
10 1 19 17
10 3 19 17
10 14 19 17
10 15 19 17
10 0 20 17
10 3 20 17
10 8 20 17
434 431 1 17
434 416 6 17
434 438 13 17
434 434 14 17
434 438 15 17
434 451 16 17
434 445 18 17
434 428 19 17
434 427 20 17
685 700 18 17
1 0 1 18
1 1 1 18
1 10 1 18
1 1 2 18
1 3 2 18
1 7 2 18
1 15 2 18
1 2 4 18
1 8 4 18
1 10 5 18
1 1 12 18
1 9 12 18
1 0 13 18
1 1 13 18
1 11 13 18
1 15 13 18
1 12 14 18
1 1 16 18
1 0 17 18
1 2 17 18
1 4 17 18
1 8 17 18
1 0 18 18
1 1 18 18
1 3 18 18
1 14 18 18
1 15 18 18
1 0 19 18
1 3 19 18
1 8 19 18
1 3 20 18
1 10 20 18
14 0 1 18
14 1 1 18
14 10 1 18
14 1 2 18
14 3 2 18
14 7 2 18
14 15 2 18
14 2 4 18
14 8 4 18
14 29 4 18
14 10 5 18
14 1 12 18
14 9 12 18
14 30 12 18
14 0 13 18
14 1 13 18
14 11 13 18
14 15 13 18
14 12 14 18
14 31 14 18
14 1 16 18
14 0 17 18
14 2 17 18
14 4 17 18
14 8 17 18
14 0 18 18
14 1 18 18
14 3 18 18
14 14 18 18
14 15 18 18
14 0 19 18
14 3 19 18
14 8 19 18
14 3 20 18
14 10 20 18
15 0 1 18
15 1 1 18
15 10 1 18
15 1 2 18
15 3 2 18
15 7 2 18
15 15 2 18
15 2 4 18
15 8 4 18
15 29 4 18
15 10 5 18
15 1 12 18
15 9 12 18
15 30 12 18
15 0 13 18
15 1 13 18
15 11 13 18
15 15 13 18
15 12 14 18
15 31 14 18
15 1 16 18
15 0 17 18
15 2 17 18
15 4 17 18
15 8 17 18
15 0 18 18
15 1 18 18
15 3 18 18
15 14 18 18
15 15 18 18
15 0 19 18
15 3 19 18
15 8 19 18
15 3 20 18
15 10 20 18
431 416 5 18
431 438 12 18
431 434 13 18
431 438 14 18
431 445 17 18
431 428 18 18
431 427 19 18
431 427 20 18
719 720 1 18
719 735 2 18
719 734 5 18
719 734 8 18
719 734 12 18
719 734 14 18
719 700 17 18
0 1 1 19
0 3 1 19
0 7 1 19
0 15 1 19
0 2 3 19
0 8 3 19
0 10 4 19
0 1 11 19
0 9 11 19
0 0 12 19
0 1 12 19
0 11 12 19
0 15 12 19
0 12 13 19
0 1 15 19
0 0 16 19
0 2 16 19
0 4 16 19
0 8 16 19
0 0 17 19
0 1 17 19
0 3 17 19
0 14 17 19
0 15 17 19
0 0 18 19
0 3 18 19
0 8 18 19
0 3 19 19
0 10 19 19
0 6 20 19
0 7 20 19
1 1 1 19
1 3 1 19
1 7 1 19
1 15 1 19
1 2 3 19
1 8 3 19
1 10 4 19
1 1 11 19
1 9 11 19
1 0 12 19
1 1 12 19
1 11 12 19
1 15 12 19
1 12 13 19
1 1 15 19
1 0 16 19
1 2 16 19
1 4 16 19
1 8 16 19
1 0 17 19
1 1 17 19
1 3 17 19
1 14 17 19
1 15 17 19
1 0 18 19
1 3 18 19
1 8 18 19
1 3 19 19
1 10 19 19
1 6 20 19
1 7 20 19
10 1 1 19
10 3 1 19
10 7 1 19
10 15 1 19
10 2 3 19
10 8 3 19
10 29 3 19
10 10 4 19
10 1 11 19
10 9 11 19
10 0 12 19
10 1 12 19
10 11 12 19
10 15 12 19
10 12 13 19
10 1 15 19
10 0 16 19
10 2 16 19
10 4 16 19
10 8 16 19
10 0 17 19
10 1 17 19
10 3 17 19
10 14 17 19
10 15 17 19
10 0 18 19
10 3 18 19
10 8 18 19
10 3 19 19
10 10 19 19
10 6 20 19
10 7 20 19
374 374 3 19
374 380 7 19
374 371 8 19
374 354 9 19
374 374 10 19
374 371 15 19
720 735 1 19
720 734 4 19
720 734 7 19
720 734 11 19
720 734 13 19
720 700 16 19
720 712 20 19
1 2 2 20
1 8 2 20
1 10 3 20
1 1 10 20
1 9 10 20
1 0 11 20
1 1 11 20
1 11 11 20
1 15 11 20
1 12 12 20
1 1 14 20
1 0 15 20
1 2 15 20
1 4 15 20
1 8 15 20
1 0 16 20
1 1 16 20
1 3 16 20
1 14 16 20
1 15 16 20
1 0 17 20
1 3 17 20
1 8 17 20
1 3 18 20
1 10 18 20
1 6 19 20
1 7 19 20
1 10 20 20
3 2 2 20
3 8 2 20
3 10 3 20
3 1 10 20
3 9 10 20
3 0 11 20
3 1 11 20
3 11 11 20
3 15 11 20
3 12 12 20
3 1 14 20
3 0 15 20
3 2 15 20
3 4 15 20
3 8 15 20
3 0 16 20
3 1 16 20
3 3 16 20
3 14 16 20
3 15 16 20
3 0 17 20
3 3 17 20
3 8 17 20
3 3 18 20
3 10 18 20
3 6 19 20
3 7 19 20
3 10 20 20
7 2 2 20
7 8 2 20
7 10 3 20
7 1 10 20
7 9 10 20
7 0 11 20
7 1 11 20
7 11 11 20
7 15 11 20
7 12 12 20
7 1 14 20
7 0 15 20
7 2 15 20
7 4 15 20
7 8 15 20
7 0 16 20
7 1 16 20
7 3 16 20
7 14 16 20
7 15 16 20
7 0 17 20
7 3 17 20
7 8 17 20
7 3 18 20
7 10 18 20
7 6 19 20
7 7 19 20
7 10 20 20
15 2 2 20
15 8 2 20
15 29 2 20
15 10 3 20
15 1 10 20
15 9 10 20
15 30 10 20
15 0 11 20
15 1 11 20
15 11 11 20
15 15 11 20
15 12 12 20
15 31 12 20
15 1 14 20
15 0 15 20
15 2 15 20
15 4 15 20
15 8 15 20
15 0 16 20
15 1 16 20
15 3 16 20
15 14 16 20
15 15 16 20
15 0 17 20
15 3 17 20
15 8 17 20
15 3 18 20
15 10 18 20
15 6 19 20
15 7 19 20
15 10 20 20
58 38 2 20
58 54 7 20
58 54 10 20
58 49 14 20
735 747 1 20
735 734 3 20
735 734 6 20
735 734 10 20
735 753 11 20
735 734 12 20
735 753 13 20
735 748 17 20
735 747 18 20
735 747 20 20
747 734 2 21
747 764 3 21
747 734 5 21
747 734 9 21
747 753 10 21
747 734 11 21
747 753 12 21
747 748 16 21
747 747 17 21
747 747 19 21
747 746 20 21
2 10 1 22
2 1 8 22
2 9 8 22
2 0 9 22
2 1 9 22
2 11 9 22
2 15 9 22
2 12 10 22
2 1 12 22
2 0 13 22
2 2 13 22
2 4 13 22
2 8 13 22
2 0 14 22
2 1 14 22
2 3 14 22
2 14 14 22
2 15 14 22
2 0 15 22
2 3 15 22
2 8 15 22
2 3 16 22
2 10 16 22
2 6 17 22
2 7 17 22
2 10 18 22
8 10 1 22
8 1 8 22
8 9 8 22
8 0 9 22
8 1 9 22
8 11 9 22
8 15 9 22
8 12 10 22
8 1 12 22
8 0 13 22
8 2 13 22
8 4 13 22
8 8 13 22
8 0 14 22
8 1 14 22
8 3 14 22
8 14 14 22
8 15 14 22
8 0 15 22
8 3 15 22
8 8 15 22
8 3 16 22
8 10 16 22
8 6 17 22
8 7 17 22
8 10 18 22
8 26 20 22
29 10 1 22
29 9 8 22
29 30 8 22
29 11 9 22
29 15 9 22
29 12 10 22
29 31 10 22
29 14 14 22
29 15 14 22
29 10 16 22
29 10 18 22
29 26 20 22
38 54 5 22
38 30 8 22
38 54 8 22
38 31 10 22
38 49 12 22
38 26 20 22
374 380 4 22
374 371 5 22
374 354 6 22
374 374 7 22
374 371 12 22
626 634 14 22
626 630 20 22
10 1 7 23
10 9 7 23
10 0 8 23
10 1 8 23
10 11 8 23
10 15 8 23
10 12 9 23
10 1 11 23
10 0 12 23
10 2 12 23
10 4 12 23
10 8 12 23
10 0 13 23
10 1 13 23
10 3 13 23
10 14 13 23
10 15 13 23
10 0 14 23
10 3 14 23
10 8 14 23
10 3 15 23
10 10 15 23
10 6 16 23
10 7 16 23
10 10 17 23
10 26 19 23
10 10 20 23
140 143 20 23
416 434 8 23
416 428 13 23
416 427 14 23
416 427 15 23
416 428 16 23
416 426 17 23
416 419 18 23
416 408 19 23
416 418 20 23
734 734 3 23
734 734 7 23
734 753 8 23
734 734 9 23
734 753 10 23
734 748 14 23
734 747 15 23
734 747 17 23
734 746 18 23
734 746 20 23
764 753 7 24
764 753 9 24
764 748 13 24
764 747 14 24
764 747 16 24
764 746 17 24
764 746 19 24
764 747 20 24
657 654 2 25
657 661 3 25
657 653 4 25
657 661 9 25
380 371 1 26
380 374 3 26
380 371 8 26
734 734 4 26
734 753 5 26
734 734 6 26
734 753 7 26
734 748 11 26
734 747 12 26
734 747 14 26
734 746 15 26
734 746 17 26
734 747 18 26
734 747 19 26
734 747 20 26
54 54 3 27
54 49 7 27
371 354 1 27
371 374 2 27
371 371 7 27
654 661 1 27
654 653 2 27
654 661 7 27
654 634 9 27
354 371 6 28
661 653 1 28
661 661 6 28
374 371 5 29
653 661 5 29
653 634 7 29
1 0 1 30
1 1 1 30
1 11 1 30
1 15 1 30
1 12 2 30
1 1 4 30
1 0 5 30
1 2 5 30
1 4 5 30
1 8 5 30
1 0 6 30
1 1 6 30
1 3 6 30
1 14 6 30
1 15 6 30
1 0 7 30
1 3 7 30
1 8 7 30
1 3 8 30
1 10 8 30
1 6 9 30
1 7 9 30
1 10 10 30
1 10 13 30
1 10 16 30
9 0 1 30
9 1 1 30
9 11 1 30
9 15 1 30
9 12 2 30
9 1 4 30
9 0 5 30
9 2 5 30
9 4 5 30
9 8 5 30
9 0 6 30
9 1 6 30
9 3 6 30
9 14 6 30
9 15 6 30
9 0 7 30
9 3 7 30
9 8 7 30
9 3 8 30
9 10 8 30
9 6 9 30
9 7 9 30
9 10 10 30
9 26 12 30
9 10 13 30
9 10 16 30
30 11 1 30
30 15 1 30
30 12 2 30
30 31 2 30
30 49 4 30
30 14 6 30
30 15 6 30
30 10 8 30
30 10 10 30
30 26 12 30
30 10 13 30
30 30 13 30
30 31 13 30
30 10 16 30
54 49 4 30
438 434 1 30
438 438 2 30
438 451 3 30
438 445 5 30
438 428 6 30
438 427 7 30
438 427 8 30
438 428 9 30
438 426 10 30
438 419 11 30
438 418 13 30
438 419 14 30
734 753 1 30
734 734 2 30
734 753 3 30
734 748 7 30
734 747 8 30
734 747 10 30
734 746 11 30
734 746 13 30
734 747 14 30
734 747 15 30
734 747 16 30
734 746 18 30
0 12 1 31
0 1 3 31
0 0 4 31
0 2 4 31
0 4 4 31
0 8 4 31
0 0 5 31
0 1 5 31
0 3 5 31
0 14 5 31
0 15 5 31
0 0 6 31
0 3 6 31
0 8 6 31
0 3 7 31
0 10 7 31
0 6 8 31
0 7 8 31
0 10 9 31
0 10 12 31
0 10 15 31
1 12 1 31
1 1 3 31
1 0 4 31
1 2 4 31
1 4 4 31
1 8 4 31
1 0 5 31
1 1 5 31
1 3 5 31
1 14 5 31
1 15 5 31
1 0 6 31
1 3 6 31
1 8 6 31
1 3 7 31
1 10 7 31
1 6 8 31
1 7 8 31
1 10 9 31
1 10 12 31
1 10 15 31
11 12 1 31
11 1 3 31
11 0 4 31
11 2 4 31
11 4 4 31
11 8 4 31
11 0 5 31
11 1 5 31
11 3 5 31
11 14 5 31
11 15 5 31
11 0 6 31
11 3 6 31
11 8 6 31
11 3 7 31
11 10 7 31
11 6 8 31
11 7 8 31
11 10 9 31
11 26 11 31
11 10 12 31
11 30 12 31
11 10 15 31
15 12 1 31
15 31 1 31
15 1 3 31
15 0 4 31
15 2 4 31
15 4 4 31
15 8 4 31
15 0 5 31
15 1 5 31
15 3 5 31
15 14 5 31
15 15 5 31
15 0 6 31
15 3 6 31
15 8 6 31
15 3 7 31
15 10 7 31
15 6 8 31
15 7 8 31
15 10 9 31
15 26 11 31
15 10 12 31
15 30 12 31
15 31 12 31
15 10 15 31
434 438 1 31
434 451 2 31
434 445 4 31
434 428 5 31
434 427 6 31
434 427 7 31
434 428 8 31
434 426 9 31
434 419 10 31
434 418 12 31
434 419 13 31
753 734 1 31
753 753 2 31
753 748 6 31
753 747 7 31
753 747 9 31
753 746 10 31
753 746 12 31
753 747 13 31
753 747 14 31
753 747 15 31
753 746 17 31
753 763 19 31
12 1 2 32
12 0 3 32
12 2 3 32
12 4 3 32
12 8 3 32
12 0 4 32
12 1 4 32
12 3 4 32
12 14 4 32
12 15 4 32
12 0 5 32
12 3 5 32
12 8 5 32
12 3 6 32
12 10 6 32
12 6 7 32
12 7 7 32
12 10 8 32
12 26 10 32
12 10 11 32
12 30 11 32
12 31 11 32
12 10 14 32
31 49 2 32
31 14 4 32
31 15 4 32
31 26 10 32
31 30 11 32
31 31 11 32
438 451 1 32
438 445 3 32
438 428 4 32
438 427 5 32
438 427 6 32
438 428 7 32
438 426 8 32
438 419 9 32
438 418 11 32
438 419 12 32
734 753 1 32
734 748 5 32
734 747 6 32
734 747 8 32
734 746 9 32
734 746 11 32
734 747 12 32
734 747 13 32
734 747 14 32
734 746 16 32
451 445 2 33
753 748 4 33
753 747 5 33
753 747 7 33
753 746 8 33
753 746 10 33
753 747 11 33
753 747 12 33
753 747 13 33
753 746 15 33
753 763 17 33
753 747 20 33
1 0 1 34
1 2 1 34
1 4 1 34
1 8 1 34
1 0 2 34
1 1 2 34
1 3 2 34
1 14 2 34
1 15 2 34
1 0 3 34
1 3 3 34
1 8 3 34
1 3 4 34
1 10 4 34
1 6 5 34
1 7 5 34
1 10 6 34
1 10 9 34
1 10 12 34
49 30 9 34
49 31 9 34
661 648 18 34
0 0 1 35
0 1 1 35
0 3 1 35
0 14 1 35
0 15 1 35
0 0 2 35
0 3 2 35
0 8 2 35
0 3 3 35
0 10 3 35
0 6 4 35
0 7 4 35
0 10 5 35
0 10 8 35
0 10 11 35
2 0 1 35
2 1 1 35
2 3 1 35
2 14 1 35
2 15 1 35
2 0 2 35
2 3 2 35
2 8 2 35
2 3 3 35
2 10 3 35
2 6 4 35
2 7 4 35
2 10 5 35
2 10 8 35
2 10 11 35
4 0 1 35
4 1 1 35
4 3 1 35
4 14 1 35
4 15 1 35
4 0 2 35
4 3 2 35
4 8 2 35
4 3 3 35
4 10 3 35
4 6 4 35
4 7 4 35
4 10 5 35
4 10 8 35
4 10 11 35
8 0 1 35
8 1 1 35
8 3 1 35
8 14 1 35
8 15 1 35
8 0 2 35
8 3 2 35
8 8 2 35
8 3 3 35
8 10 3 35
8 6 4 35
8 7 4 35
8 10 5 35
8 26 7 35
8 10 8 35
8 10 11 35
445 428 1 35
445 427 2 35
445 427 3 35
445 428 4 35
445 426 5 35
700 712 4 35
700 712 14 35
0 0 1 36
0 3 1 36
0 8 1 36
0 3 2 36
0 10 2 36
0 6 3 36
0 7 3 36
0 10 4 36
0 10 7 36
0 10 10 36
1 0 1 36
1 3 1 36
1 8 1 36
1 3 2 36
1 10 2 36
1 6 3 36
1 7 3 36
1 10 4 36
1 10 7 36
1 10 10 36
3 0 1 36
3 3 1 36
3 8 1 36
3 3 2 36
3 10 2 36
3 6 3 36
3 7 3 36
3 10 4 36
3 10 7 36
3 10 10 36
14 0 1 36
14 3 1 36
14 8 1 36
14 3 2 36
14 10 2 36
14 6 3 36
14 7 3 36
14 10 4 36
14 26 6 36
14 10 7 36
14 30 7 36
14 31 7 36
14 10 10 36
15 0 1 36
15 3 1 36
15 8 1 36
15 3 2 36
15 10 2 36
15 6 3 36
15 7 3 36
15 10 4 36
15 26 6 36
15 10 7 36
15 30 7 36
15 31 7 36
15 10 10 36
193 196 1 36
193 182 6 36
193 208 15 36
428 427 1 36
428 427 2 36
428 428 3 36
428 426 4 36
428 419 5 36
428 408 6 36
428 418 7 36
428 419 8 36
428 410 10 36
428 409 11 36
634 630 6 36
634 648 16 36
0 3 1 37
0 10 1 37
0 6 2 37
0 7 2 37
0 10 3 37
0 10 6 37
0 10 9 37
3 3 1 37
3 10 1 37
3 6 2 37
3 7 2 37
3 10 3 37
3 10 6 37
3 10 9 37
8 3 1 37
8 10 1 37
8 6 2 37
8 7 2 37
8 10 3 37
8 26 5 37
8 10 6 37
8 10 9 37
196 182 5 37
196 208 14 37
196 189 20 37
427 427 1 37
427 428 2 37
427 426 3 37
427 419 4 37
427 408 5 37
427 418 6 37
427 419 7 37
427 410 9 37
427 409 10 37
427 431 20 37
748 747 1 37
748 747 3 37
748 746 4 37
748 746 6 37
748 747 7 37
748 747 8 37
748 747 9 37
748 746 11 37
748 763 13 37
748 747 16 37
748 763 17 37
748 747 18 37
748 728 19 37
3 6 1 38
3 7 1 38
3 10 2 38
3 10 5 38
3 10 8 38
3 6 20 38
3 7 20 38
10 6 1 38
10 7 1 38
10 10 2 38
10 26 4 38
10 10 5 38
10 10 8 38
10 6 20 38
10 7 20 38
427 428 1 38
427 426 2 38
427 419 3 38
427 408 4 38
427 418 5 38
427 419 6 38
427 410 8 38
427 409 9 38
427 431 19 38
427 430 20 38
747 747 2 38
747 746 3 38
747 746 5 38
747 747 6 38
747 747 7 38
747 747 8 38
747 746 10 38
747 763 12 38
747 747 15 38
747 763 16 38
747 747 17 38
747 728 18 38
6 10 1 39
6 10 4 39
6 10 7 39
6 6 19 39
6 7 19 39
6 6 20 39
6 7 20 39
7 10 1 39
7 26 3 39
7 10 4 39
7 10 7 39
7 6 19 39
7 7 19 39
7 6 20 39
7 7 20 39
428 426 1 39
428 419 2 39
428 408 3 39
428 418 4 39
428 419 5 39
428 410 7 39
428 409 8 39
428 431 18 39
428 430 19 39
712 712 10 39
712 728 17 39
712 720 18 39
712 719 19 39
712 720 20 39
10 26 2 40
10 10 3 40
10 10 6 40
10 6 18 40
10 7 18 40
10 6 19 40
10 7 19 40
10 8 20 40
426 419 1 40
426 408 2 40
426 418 3 40
426 419 4 40
426 410 6 40
426 409 7 40
426 431 17 40
426 430 18 40
747 746 1 40
747 746 3 40
747 747 4 40
747 747 5 40
747 747 6 40
747 746 8 40
747 763 10 40
747 747 13 40
747 763 14 40
747 747 15 40
747 728 16 40
419 408 1 41
419 418 2 41
419 419 3 41
419 410 5 41
419 409 6 41
419 431 16 41
419 430 17 41
746 746 2 41
746 747 3 41
746 747 4 41
746 747 5 41
746 746 7 41
746 763 9 41
746 747 12 41
746 763 13 41
746 747 14 41
746 728 15 41
26 10 1 42
26 30 1 42
26 31 1 42
26 10 4 42
26 6 16 42
26 7 16 42
26 6 17 42
26 7 17 42
26 8 18 42
75 92 1 42
75 58 15 42
75 71 15 42
75 55 20 42
182 189 15 42
182 196 16 42
182 189 17 42
182 188 19 42
182 189 20 42
408 418 1 42
408 419 2 42
408 410 4 42
408 409 5 42
630 648 10 42
10 10 3 43
10 6 15 43
10 7 15 43
10 6 16 43
10 7 16 43
10 8 17 43
10 6 20 43
10 7 20 43
30 10 3 43
92 105 9 43
143 144 9 43
418 419 1 43
418 410 3 43
418 409 4 43
418 431 14 43
418 430 15 43
418 430 19 43
418 430 20 43
746 747 1 43
746 747 2 43
746 747 3 43
746 746 5 43
746 763 7 43
746 747 10 43
746 763 11 43
746 747 12 43
746 728 13 43
746 747 20 43
419 410 2 44
419 409 3 44
419 431 13 44
419 430 14 44
419 430 18 44
419 430 19 44
419 429 20 44
747 747 1 44
747 747 2 44
747 746 4 44
747 763 6 44
747 747 9 44
747 763 10 44
747 747 11 44
747 728 12 44
747 747 19 44
501 511 6 45
501 504 16 45
501 515 17 45
747 747 1 45
747 746 3 45
747 763 5 45
747 747 8 45
747 763 9 45
747 747 10 45
747 728 11 45
747 747 18 45
10 6 12 46
10 7 12 46
10 6 13 46
10 7 13 46
10 8 14 46
10 6 17 46
10 7 17 46
10 6 18 46
10 7 18 46
410 409 1 46
410 429 18 46
410 429 19 46
747 746 2 46
747 763 4 46
747 747 7 46
747 763 8 46
747 747 9 46
747 728 10 46
747 747 17 46
572 582 14 47
746 763 2 48
746 747 5 48
746 763 6 48
746 747 7 48
746 728 8 48
746 747 15 48
712 728 7 49
712 720 8 49
712 719 9 49
712 720 10 49
712 723 11 49
763 747 3 50
763 763 4 50
763 747 5 50
763 747 13 50
763 767 15 50
208 189 6 51
208 196 7 51
208 189 8 51
208 188 10 51
208 189 11 51
208 188 13 51
208 188 15 51
208 188 16 51
208 188 18 51
256 272 1 51
511 504 10 51
511 515 11 51
648 644 14 52
648 639 15 52
747 763 1 53
747 747 2 53
747 728 3 53
747 747 10 53
747 731 19 53
747 733 20 53
763 747 1 54
763 747 9 54
763 767 11 54
747 728 1 55
747 747 8 55
747 731 17 55
747 733 18 55
728 720 1 56
728 719 2 56
728 720 3 56
728 723 4 56
728 747 7 56
728 731 16 56
728 733 17 56
58 55 5 57
58 58 6 57
58 55 9 57
58 55 10 57
58 49 14 57
58 71 14 57
58 56 16 57
71 55 5 57
71 58 6 57
71 55 9 57
71 55 10 57
71 71 14 57
71 56 16 57
189 196 1 57
189 189 2 57
189 188 4 57
189 189 5 57
189 188 7 57
189 188 9 57
189 188 10 57
189 188 12 57
189 188 15 57
431 430 1 57
431 430 5 57
431 430 6 57
431 429 7 57
431 429 8 57
431 430 11 57
431 429 15 57
720 719 1 57
720 720 2 57
720 723 3 57
720 731 15 57
720 733 16 57
6 6 1 58
6 7 1 58
6 8 2 58
6 6 5 58
6 7 5 58
6 6 6 58
6 7 6 58
6 14 10 58
6 15 10 58
6 14 15 58
6 15 15 58
7 6 1 58
7 7 1 58
7 8 2 58
7 6 5 58
7 7 5 58
7 6 6 58
7 7 6 58
7 14 10 58
7 15 10 58
7 14 15 58
7 15 15 58
196 189 1 58
196 188 3 58
196 189 4 58
196 188 6 58
196 188 8 58
196 188 9 58
196 188 11 58
196 188 14 58
430 430 4 58
430 430 5 58
430 429 6 58
430 429 7 58
430 430 10 58
430 429 14 58
719 720 1 58
719 723 2 58
719 731 14 58
719 733 15 58
6 8 1 59
6 6 4 59
6 7 4 59
6 6 5 59
6 7 5 59
6 14 9 59
6 15 9 59
6 14 14 59
6 15 14 59
7 8 1 59
7 6 4 59
7 7 4 59
7 6 5 59
7 7 5 59
7 14 9 59
7 15 9 59
7 14 14 59
7 15 14 59
189 188 2 59
189 189 3 59
189 188 5 59
189 188 7 59
189 188 8 59
189 188 10 59
189 188 13 59
331 322 8 59
331 350 14 59
720 723 1 59
720 731 13 59
720 733 14 59
8 6 3 60
8 7 3 60
8 6 4 60
8 7 4 60
8 14 8 60
8 15 8 60
8 14 13 60
8 15 13 60
723 731 12 60
723 733 13 60
188 189 1 61
188 188 3 61
188 188 5 61
188 188 6 61
188 188 8 61
188 188 11 61
504 515 1 61
582 586 8 61
582 578 10 61
55 58 1 62
55 55 4 62
55 55 5 62
55 49 9 62
55 71 9 62
55 56 11 62
189 188 2 62
189 188 4 62
189 188 5 62
189 188 7 62
189 188 10 62
430 430 1 62
430 429 2 62
430 429 3 62
430 430 6 62
430 429 10 62
6 6 1 63
6 7 1 63
6 14 5 63
6 15 5 63
6 14 10 63
6 15 10 63
7 6 1 63
7 7 1 63
7 14 5 63
7 15 5 63
7 14 10 63
7 15 10 63
58 55 3 63
58 55 4 63
58 49 8 63
58 71 8 63
58 56 10 63
430 429 1 63
430 429 2 63
430 430 5 63
430 429 9 63
747 731 9 63
747 733 10 63
6 14 4 64
6 15 4 64
6 14 9 64
6 15 9 64
7 14 4 64
7 15 4 64
7 14 9 64
7 15 9 64
30 14 4 64
30 15 4 64
30 49 7 64
30 14 9 64
30 15 9 64
188 188 2 64
188 188 3 64
188 188 5 64
188 188 8 64
429 429 1 64
429 430 4 64
429 429 8 64
429 430 3 65
429 429 7 65
55 55 1 66
55 49 5 66
55 71 5 66
55 56 7 66
188 188 1 66
188 188 3 66
188 188 6 66
377 381 17 66
644 639 1 66
644 658 13 66
55 49 4 67
55 71 4 67
55 56 6 67
188 188 2 67
188 188 5 67
639 658 12 67
14 14 5 68
14 15 5 68
15 14 5 68
15 15 5 68
430 429 4 68
188 188 3 69
586 578 2 69
49 56 2 71
71 56 2 71
731 733 1 72
