23 18 2 1
23 41 3 1
23 21 4 1
23 41 4 1
23 41 7 1
23 41 12 1
23 20 13 1
23 29 14 1
23 31 14 1
23 18 18 1
23 19 19 1
37 44 1 1
37 18 2 1
37 47 2 1
37 41 3 1
37 21 4 1
37 41 4 1
37 41 7 1
37 41 12 1
37 20 13 1
37 29 14 1
37 31 14 1
37 18 18 1
37 19 19 1
134 143 16 1
134 128 19 1
456 439 19 1
720 714 4 1
720 730 9 1
720 729 10 1
720 727 14 1
44 47 1 2
44 41 2 2
44 41 3 2
44 41 6 2
44 41 11 2
44 29 13 2
44 31 13 2
416 397 1 2
416 411 2 2
416 425 3 2
416 401 11 2
416 398 15 2
416 409 17 2
755 757 1 2
755 742 4 2
755 746 18 2
755 747 19 2
755 747 20 2
18 21 2 3
18 20 11 3
18 29 12 3
18 31 12 3
18 18 16 3
18 0 17 3
18 1 17 3
18 19 17 3
18 0 18 3
18 1 18 3
18 0 19 3
47 41 1 3
47 41 2 3
47 41 5 3
47 41 10 3
47 29 12 3
47 31 12 3
173 161 3 3
173 185 11 3
173 173 13 3
397 411 1 3
397 387 6 3
397 401 10 3
397 398 14 3
397 409 16 3
397 395 19 3
397 402 20 3
757 742 3 3
757 746 17 3
757 747 18 3
757 747 19 3
757 764 20 3
41 21 1 4
41 41 1 4
41 41 4 4
41 41 9 4
41 29 11 4
41 31 11 4
41 41 20 4
113 98 10 4
113 104 15 4
113 99 16 4
113 128 16 4
411 425 1 4
411 401 9 4
411 398 13 4
411 409 15 4
411 395 18 4
411 402 19 4
614 598 4 4
614 612 5 4
614 626 9 4
21 20 9 5
21 29 10 5
21 31 10 5
21 18 14 5
21 1 15 5
21 19 15 5
21 1 16 5
21 4 19 5
41 41 3 5
41 41 8 5
41 29 10 5
41 31 10 5
41 41 19 5
425 409 14 5
425 439 15 5
714 730 5 5
714 729 6 5
714 727 10 5
161 173 10 6
161 143 11 6
742 730 4 6
742 729 5 6
742 727 9 6
742 746 14 6
742 747 15 6
742 747 16 6
742 747 19 6
742 747 20 6
41 41 5 8
41 29 7 8
41 31 7 8
41 41 16 8
41 41 18 8
247 256 6 8
247 234 10 8
247 233 11 8
264 256 6 8
598 612 1 8
387 401 4 9
387 398 8 9
387 395 13 9
387 402 14 9
387 395 17 9
612 626 4 9
348 339 6 10
348 329 8 10
348 360 11 10
348 358 14 10
348 358 15 10
348 336 19 10
730 729 1 10
730 727 5 10
730 746 10 10
730 747 11 10
730 747 12 10
730 747 15 10
730 747 16 10
730 745 19 10
729 727 4 11
729 746 9 11
729 747 10 11
729 747 11 11
729 747 14 11
729 747 15 11
729 745 18 11
41 29 2 13
41 31 2 13
41 41 11 13
41 41 13 13
41 46 17 13
401 398 4 13
401 409 6 13
401 395 9 13
401 402 10 13
401 395 13 13
20 29 1 14
20 31 1 14
20 18 5 14
20 0 6 14
20 1 6 14
20 19 6 14
20 0 7 14
20 1 7 14
20 0 8 14
20 4 10 14
20 4 13 14
98 79 2 14
98 104 5 14
98 99 6 14
98 96 18 14
185 173 2 14
185 189 16 14
185 165 18 14
256 262 17 14
29 18 4 15
29 19 5 15
29 41 9 15
29 41 11 15
29 46 15 15
31 18 4 15
31 19 5 15
31 41 9 15
31 41 11 15
31 46 15 15
727 746 5 15
727 745 14 15
79 72 8 16
79 68 13 16
79 96 16 16
173 189 14 16
173 165 16 16
339 329 2 16
339 358 8 16
339 358 9 16
339 336 13 16
511 519 18 16
143 128 3 17
143 141 10 17
143 137 12 17
143 144 14 17
143 126 19 17
143 127 19 17
143 147 20 17
398 409 2 17
398 395 5 17
398 402 6 17
398 395 9 17
669 649 1 17
234 233 1 18
329 336 11 18
329 321 20 18
18 0 1 19
18 1 1 19
18 19 1 19
18 0 2 19
18 1 2 19
18 0 3 19
18 4 5 19
18 4 8 19
104 99 1 19
104 96 13 19
104 114 20 19
409 395 3 19
409 402 4 19
409 395 7 19
533 536 11 19
533 519 15 19
0 0 1 20
0 1 1 20
0 0 2 20
0 4 4 20
0 4 7 20
1 0 1 20
1 1 1 20
1 0 2 20
1 4 4 20
1 4 7 20
19 0 1 20
19 1 1 20
19 0 2 20
19 4 4 20
19 4 7 20
99 96 12 20
99 114 19 20
128 141 7 20
128 137 9 20
128 144 11 20
128 126 16 20
128 127 16 20
128 147 17 20
128 114 19 20
439 454 7 20
746 747 1 20
746 747 2 20
746 764 3 20
746 764 4 20
746 747 5 20
746 747 6 20
746 763 7 20
746 745 9 20
0 0 1 21
0 4 3 21
0 4 6 21
1 0 1 21
1 4 3 21
1 4 6 21
360 358 3 21
360 358 4 21
360 364 13 21
747 747 1 21
747 764 2 21
747 764 3 21
747 747 4 21
747 747 5 21
747 763 6 21
747 745 8 21
747 747 20 21
0 4 2 22
0 4 5 22
395 402 1 22
395 395 4 22
747 764 1 22
747 764 2 22
747 747 3 22
747 747 4 22
747 763 5 22
747 745 7 22
747 747 19 22
402 395 3 23
764 764 1 23
764 747 2 23
764 747 3 23
764 763 4 23
764 745 6 23
764 747 18 23
4 4 3 24
41 41 2 24
41 46 6 24
41 47 12 24
41 49 15 24
41 43 17 24
72 68 5 24
358 358 1 24
358 364 10 24
764 747 1 24
764 747 2 24
764 763 3 24
764 745 5 24
764 747 17 24
358 364 9 25
747 747 1 25
747 763 2 25
747 745 4 25
747 747 16 25
41 46 4 26
41 47 10 26
41 49 13 26
41 43 15 26
41 41 19 26
747 763 1 26
747 745 3 26
747 747 15 26
4 22 20 27
141 137 2 27
141 144 4 27
141 126 9 27
141 127 9 27
141 147 10 27
141 136 16 27
141 136 18 27
454 452 15 27
454 454 16 27
454 451 17 27
763 745 2 27
763 747 14 27
209 189 2 28
209 206 6 28
209 190 10 28
68 49 10 29
68 78 16 29
137 144 2 29
137 126 7 29
137 127 7 29
137 147 8 29
137 136 14 29
137 136 16 29
336 321 9 29
336 320 19 29
745 747 12 29
745 733 18 29
46 47 6 30
46 49 9 30
46 43 11 30
46 41 15 30
46 37 17 30
189 206 4 30
189 190 8 30
189 182 9 30
189 187 18 30
536 519 4 30
536 531 15 30
144 126 5 31
144 127 5 31
144 147 6 31
144 136 12 31
144 136 14 31
262 243 18 31
262 255 18 31
262 257 19 31
563 577 6 31
563 581 8 31
96 114 7 32
96 78 13 32
165 147 5 32
165 182 7 32
296 305 7 32
206 190 4 34
206 187 14 34
519 510 3 34
519 508 11 34
519 531 11 34
47 49 3 36
47 43 5 36
47 41 9 36
47 37 11 36
47 41 15 36
47 39 16 36
126 114 3 36
126 136 7 36
126 136 9 36
127 114 3 36
127 136 7 36
127 136 9 36
693 680 10 36
147 136 6 37
147 136 8 37
510 508 8 37
577 581 2 37
577 591 3 37
190 182 1 38
190 187 10 38
321 305 1 38
321 320 10 38
719 720 5 38
719 724 6 38
719 733 9 38
719 719 10 38
719 732 13 38
719 735 14 38
49 43 2 39
49 41 6 39
49 37 8 39
49 41 12 39
49 39 13 39
49 50 19 39
49 41 20 39
114 97 14 39
114 97 15 39
114 97 17 39
114 97 18 39
114 97 20 39
182 187 9 39
305 320 9 39
581 591 1 39
581 599 10 39
581 579 19 39
581 578 20 39
591 599 9 40
591 606 16 40
591 579 18 40
591 578 19 40
43 41 4 41
43 37 6 41
43 41 10 41
43 39 11 41
43 50 17 41
43 41 18 41
43 38 19 41
747 733 6 41
747 732 10 41
747 735 11 41
747 755 14 41
452 454 1 42
452 451 2 42
452 456 16 42
136 136 2 43
136 136 15 43
136 143 17 43
136 144 18 43
136 142 20 43
454 451 1 43
454 456 15 43
720 724 1 43
720 733 4 43
720 719 5 43
720 732 8 43
720 735 9 43
451 456 14 44
451 453 20 44
724 733 3 44
724 719 4 44
724 732 7 44
724 735 8 44
41 22 2 45
41 37 2 45
41 41 6 45
41 39 7 45
41 50 13 45
41 41 14 45
41 38 15 45
78 97 8 45
78 97 9 45
78 97 11 45
78 97 12 45
78 97 14 45
78 71 15 45
136 136 13 45
136 143 15 45
136 144 16 45
136 142 18 45
136 141 19 45
136 141 20 45
508 498 16 45
531 534 16 45
680 665 4 46
680 664 7 46
680 668 8 46
22 41 4 47
22 39 5 47
22 41 12 47
22 38 13 47
22 2 14 47
22 5 14 47
22 8 14 47
22 18 14 47
22 2 19 47
22 3 19 47
22 41 19 47
22 3 20 47
22 41 20 47
37 41 4 47
37 39 5 47
37 50 11 47
37 41 12 47
37 38 13 47
37 18 14 47
37 41 19 47
37 41 20 47
733 719 1 47
733 732 4 47
733 735 5 47
733 747 16 47
733 746 20 47
187 202 11 48
719 732 3 48
719 735 4 48
243 257 1 49
243 249 3 49
243 257 6 49
243 249 7 49
243 258 7 49
255 257 1 49
255 249 3 49
255 257 6 49
255 249 7 49
255 258 7 49
599 606 7 49
599 579 9 49
257 249 2 50
257 257 5 50
257 249 6 50
257 258 6 50
665 664 3 50
665 668 4 50
41 39 1 51
41 50 7 51
41 41 8 51
41 38 9 51
41 41 15 51
41 41 16 51
41 47 17 51
475 456 7 51
732 735 1 51
732 747 12 51
732 746 16 51
732 746 17 51
732 746 18 51
39 50 6 52
39 41 7 52
39 38 8 52
39 41 14 52
39 41 15 52
39 47 16 52
249 257 3 52
249 249 4 52
249 258 4 52
401 395 1 52
401 416 5 52
401 416 7 52
401 402 8 52
401 400 13 52
735 747 11 52
735 746 15 52
735 746 16 52
735 746 17 52
97 97 1 53
97 97 3 53
97 97 4 53
97 97 6 53
395 402 7 53
395 400 12 53
664 668 1 53
97 97 2 54
97 97 3 54
97 97 5 54
97 112 20 54
257 249 1 55
257 258 1 55
755 747 8 55
755 766 9 55
755 767 10 55
755 764 11 55
755 746 12 55
755 746 13 55
755 746 14 55
97 97 1 56
97 97 3 56
97 112 18 56
606 619 1 56
606 592 15 56
97 97 2 57
97 112 17 57
416 416 2 57
416 402 3 57
416 400 8 57
416 424 9 57
416 429 10 57
416 411 19 57
619 629 3 57
619 637 5 57
619 628 13 57
50 41 1 58
50 38 2 58
50 41 8 58
50 41 9 58
50 47 10 58
50 68 12 58
50 46 17 58
50 64 17 58
50 39 18 58
136 143 2 58
136 144 3 58
136 142 5 58
136 141 6 58
136 141 7 58
136 138 8 58
136 139 9 58
136 140 10 58
136 139 11 58
136 134 13 58
456 453 6 58
456 451 10 58
579 578 1 58
579 592 13 58
579 573 16 58
41 38 1 59
41 41 7 59
41 41 8 59
41 47 9 59
41 46 16 59
41 23 17 59
41 39 17 59
97 112 15 59
416 402 1 59
416 400 6 59
416 424 7 59
416 429 8 59
416 411 17 59
578 592 12 59
578 573 15 59
38 18 1 60
38 41 6 60
38 41 7 60
38 47 8 60
38 46 15 60
38 23 16 60
38 39 16 60
71 68 10 60
71 70 11 60
71 64 15 60
143 144 1 60
143 142 3 60
143 141 4 60
143 141 5 60
143 138 6 60
143 139 7 60
143 140 8 60
143 139 9 60
143 134 11 60
402 400 5 60
402 411 16 60
629 637 2 60
629 628 10 60
629 648 16 60
629 641 17 60
0 2 5 61
0 3 5 61
0 3 6 61
0 5 9 61
0 10 15 61
0 6 16 61
0 7 16 61
0 15 16 61
2 2 5 61
2 3 5 61
2 3 6 61
2 5 9 61
2 10 15 61
2 6 16 61
2 7 16 61
2 15 16 61
5 2 5 61
5 3 5 61
5 3 6 61
5 5 9 61
5 10 15 61
5 23 15 61
5 6 16 61
5 7 16 61
5 15 16 61
8 2 5 61
8 3 5 61
8 3 6 61
8 5 9 61
8 10 15 61
8 23 15 61
8 6 16 61
8 7 16 61
8 15 16 61
18 2 5 61
18 3 5 61
18 3 6 61
18 5 9 61
18 10 15 61
18 23 15 61
18 6 16 61
18 7 16 61
18 15 16 61
144 142 2 61
144 141 3 61
144 141 4 61
144 138 5 61
144 139 6 61
144 140 7 61
144 139 8 61
144 134 10 61
534 535 11 61
534 551 12 61
359 343 12 62
637 628 8 62
637 648 14 62
637 641 15 62
142 141 1 63
142 141 2 63
142 138 3 63
142 139 4 63
142 140 5 63
142 139 6 63
142 134 8 63
747 766 1 63
747 764 3 63
747 746 4 63
747 746 5 63
747 746 6 63
141 141 1 64
141 138 2 64
141 139 3 64
141 140 4 64
141 139 5 64
141 134 7 64
453 451 4 64
766 767 1 64
766 764 2 64
766 746 3 64
766 746 4 64
766 746 5 64
141 138 1 65
141 139 2 65
141 140 3 65
141 139 4 65
141 134 6 65
400 411 11 65
767 764 1 65
2 3 1 66
2 5 4 66
2 10 10 66
2 6 11 66
2 7 11 66
2 15 11 66
3 3 1 66
3 5 4 66
3 10 10 66
3 6 11 66
3 7 11 66
3 15 11 66
41 41 1 66
41 47 2 66
41 46 9 66
41 23 10 66
41 39 10 66
138 139 1 66
138 140 2 66
138 139 3 66
138 134 5 66
424 429 1 66
424 411 10 66
764 746 1 66
764 746 2 66
764 746 3 66
3 5 3 67
3 10 9 67
3 6 10 67
3 7 10 67
3 15 10 67
41 47 1 67
41 46 8 67
41 23 9 67
41 39 9 67
139 140 1 67
139 139 2 67
139 134 4 67
429 411 9 67
746 746 1 67
746 746 2 67
47 46 7 68
47 64 7 68
47 39 8 68
140 139 1 68
140 134 3 68
746 746 1 68
139 134 2 69
5 10 6 70
5 23 6 70
5 6 7 70
5 7 7 70
5 15 7 70
68 70 1 70
68 64 5 70
289 280 3 70
628 641 7 70
70 64 4 71
309 318 1 71
592 573 3 71
535 551 1 72
46 39 1 75
10 6 1 76
10 7 1 76
10 15 1 76
23 6 1 76
23 7 1 76
23 15 1 76
648 641 1 76
