100 106 13 1
100 116 14 1
100 115 15 1
100 115 16 1
158 140 13 1
158 158 20 1
158 141 21 1
158 173 26 1
158 176 27 1
258 269 21 1
258 251 22 1
555 557 14 1
555 568 21 1
17 12 12 2
17 10 16 2
58 49 12 2
58 49 16 2
58 46 21 2
99 106 12 2
99 116 13 2
99 115 14 2
99 115 15 2
465 469 14 2
465 476 25 2
545 527 12 2
545 557 13 2
545 534 15 2
250 269 19 3
250 251 20 3
250 231 23 3
250 232 26 3
268 269 19 3
268 251 20 3
601 618 10 3
601 614 20 3
601 605 22 3
601 606 24 3
115 106 10 4
115 116 11 4
115 115 12 4
115 115 13 4
115 128 13 4
212 211 14 4
212 231 22 4
259 269 18 4
259 251 19 4
714 703 12 4
714 697 17 4
399 413 10 5
554 557 10 5
554 534 12 5
554 568 17 5
56 49 12 6
56 46 17 6
676 680 13 6
676 683 23 6
58 49 11 7
58 46 16 7
370 363 11 7
370 359 18 7
570 580 11 7
570 568 15 7
648 630 18 8
648 631 20 8
648 639 22 8
57 46 14 9
212 231 17 9
267 269 13 9
267 251 14 9
576 568 13 9
268 269 12 10
268 251 13 10
619 614 13 10
619 605 15 10
619 630 16 10
619 606 17 10
619 631 18 10
284 269 11 11
284 292 12 11
709 697 10 11
233 251 11 12
233 231 14 12
233 232 17 12
586 568 10 12
586 605 13 12
618 614 10 13
618 605 12 13
618 630 13 13
618 606 14 13
618 631 15 13
469 476 11 16
703 683 13 16
363 345 11 18
680 683 10 19
