8 0 12 0
8 6 12 0
8 7 12 0
8 16 12 0
8 9 17 0
8 9 21 0
8 9 26 0
8 0 29 0
8 16 29 0
8 0 37 0
8 1 37 0
8 21 37 0
8 2 45 0
8 3 45 0
8 21 48 0
16 0 12 0
16 6 12 0
16 7 12 0
16 16 12 0
16 9 17 0
16 9 21 0
16 9 26 0
16 0 29 0
16 16 29 0
16 0 37 0
16 1 37 0
16 21 37 0
16 28 43 0
16 2 45 0
16 3 45 0
16 21 48 0
16 31 48 0
254 245 11 0
254 270 15 0
254 273 16 0
254 253 18 0
254 240 20 0
254 269 23 0
254 248 24 0
254 257 25 0
254 255 26 0
254 265 32 0
254 252 34 0
254 256 34 0
254 259 41 0
254 261 50 0
430 436 12 0
430 444 24 0
430 445 33 0
569 559 32 0
569 568 33 0
569 564 40 0
83 64 11 1
83 85 12 1
83 72 16 1
83 66 23 1
83 68 24 1
83 69 25 1
83 85 27 1
83 74 28 1
83 65 31 1
83 73 32 1
83 64 33 1
83 75 36 1
83 83 37 1
83 72 39 1
83 63 41 1
83 67 42 1
83 88 49 1
441 436 11 1
441 444 23 1
441 445 32 1
633 626 28 1
633 623 29 1
633 638 34 1
633 627 36 1
633 639 37 1
633 621 38 1
633 633 50 1
36 16 10 2
36 54 13 2
36 43 15 2
36 46 22 2
36 39 23 2
36 16 27 2
36 21 35 2
36 47 35 2
36 42 40 2
36 28 41 2
36 40 41 2
36 21 46 2
36 31 46 2
185 170 15 2
185 190 21 2
185 180 23 2
185 182 24 2
185 173 28 2
185 204 33 2
185 171 40 2
185 177 48 2
301 290 29 2
301 283 34 2
530 511 12 2
530 535 15 2
530 515 17 2
530 513 21 2
530 531 39 2
530 532 40 2
530 544 43 2
530 525 46 2
530 537 50 2
228 220 13 3
228 240 17 3
228 231 30 3
275 270 12 3
275 273 13 3
275 277 14 3
275 274 15 3
275 269 20 3
275 257 22 3
275 255 23 3
275 274 25 3
275 290 28 3
275 265 29 3
275 256 31 3
275 283 33 3
275 259 38 3
275 261 47 3
275 274 49 3
538 535 14 3
538 531 38 3
538 532 39 3
538 544 42 3
538 525 45 3
538 537 49 3
64 54 11 4
64 72 13 4
64 46 20 4
64 66 20 4
64 68 21 4
64 69 22 4
64 74 25 4
64 62 28 4
64 65 28 4
64 56 29 4
64 73 29 4
64 64 30 4
64 47 33 4
64 75 33 4
64 83 34 4
64 72 36 4
64 63 38 4
64 67 39 4
64 55 58 4
64 72 58 4
64 76 59 4
188 170 13 4
188 190 19 4
188 180 21 4
188 182 22 4
188 205 23 4
188 173 26 4
188 204 31 4
188 171 38 4
188 177 46 4
438 444 20 4
438 445 29 4
732 730 20 4
732 715 21 4
732 744 22 4
732 750 30 4
732 749 40 4
732 722 50 4
732 718 54 4
732 734 55 4
732 732 58 4
182 170 11 6
182 190 17 6
182 180 19 6
182 182 20 6
182 173 24 6
182 171 36 6
182 177 44 6
764 758 11 7
764 744 19 7
764 750 27 7
764 749 37 7
764 756 49 7
764 764 53 7
764 764 54 7
764 752 57 7
764 767 58 7
9 9 13 8
9 9 18 8
9 0 21 8
9 16 21 8
9 0 29 8
9 1 29 8
9 21 29 8
9 28 35 8
9 2 37 8
9 3 37 8
9 21 40 8
56 46 16 8
56 66 16 8
56 39 17 8
56 68 17 8
56 69 18 8
56 74 21 8
56 62 24 8
56 65 24 8
56 56 25 8
56 73 25 8
56 64 26 8
56 47 29 8
56 75 29 8
56 72 32 8
56 42 34 8
56 63 34 8
56 40 35 8
56 67 35 8
56 55 54 8
56 72 54 8
179 190 15 8
179 180 17 8
179 182 18 8
179 173 22 8
179 159 31 8
179 171 34 8
179 177 42 8
428 444 16 8
428 445 25 8
766 758 10 8
766 750 26 8
766 749 36 8
766 756 48 8
766 764 52 8
766 764 53 8
766 752 56 8
766 767 57 8
441 444 15 9
441 445 24 9
441 450 59 9
758 744 17 9
758 750 25 9
758 749 35 9
758 756 47 9
758 764 51 9
758 764 52 9
758 752 55 9
758 767 56 9
758 738 57 9
347 336 30 10
347 351 41 10
676 681 10 10
676 671 12 10
676 661 18 10
676 665 26 10
676 691 59 10
245 248 13 11
245 257 14 11
245 255 15 11
245 231 22 11
245 252 23 11
245 256 23 11
245 259 30 11
245 261 39 11
504 513 12 11
504 487 37 11
511 513 12 11
511 525 37 11
0 9 14 12
0 0 17 12
0 16 17 12
0 0 25 12
0 1 25 12
0 2 33 12
0 3 33 12
6 9 14 12
6 0 17 12
6 16 17 12
6 0 25 12
6 1 25 12
6 21 25 12
6 2 33 12
6 3 33 12
6 21 36 12
7 9 14 12
7 0 17 12
7 16 17 12
7 0 25 12
7 1 25 12
7 21 25 12
7 2 33 12
7 3 33 12
7 21 36 12
16 9 14 12
16 0 17 12
16 16 17 12
16 0 25 12
16 1 25 12
16 21 25 12
16 28 31 12
16 2 33 12
16 3 33 12
16 21 36 12
16 31 36 12
57 46 12 12
57 66 12 12
57 39 13 12
57 68 13 12
57 69 14 12
57 74 17 12
57 62 20 12
57 65 20 12
57 56 21 12
57 73 21 12
57 64 22 12
57 47 25 12
57 75 25 12
57 72 28 12
57 42 30 12
57 63 30 12
57 40 31 12
57 67 31 12
57 55 50 12
57 72 50 12
57 76 51 12
64 46 12 12
64 66 12 12
64 68 13 12
64 69 14 12
64 74 17 12
64 62 20 12
64 65 20 12
64 56 21 12
64 73 21 12
64 64 22 12
64 47 25 12
64 75 25 12
64 83 26 12
64 72 28 12
64 63 30 12
64 67 31 12
64 55 50 12
64 72 50 12
64 76 51 12
64 77 55 12
226 231 21 12
436 444 12 12
436 445 21 12
436 450 56 12
679 671 10 12
679 661 16 12
679 665 24 12
679 691 57 12
85 66 11 13
85 68 12 13
85 69 13 13
85 85 15 13
85 74 16 13
85 65 19 13
85 73 20 13
85 75 24 13
85 83 25 13
85 104 26 13
85 72 27 13
85 67 30 13
85 88 37 13
85 72 49 13
85 76 50 13
85 77 54 13
692 691 56 13
128 139 18 14
128 140 26 14
128 120 27 14
128 128 35 14
361 371 35 14
361 351 37 14
361 367 48 14
511 525 34 14
54 39 10 15
54 68 10 15
54 69 11 15
54 62 17 15
54 65 17 15
54 56 18 15
54 73 18 15
54 64 19 15
54 47 22 15
54 72 25 15
54 42 27 15
54 63 27 15
54 40 28 15
54 67 28 15
54 55 47 15
54 72 47 15
107 104 24 15
107 120 26 15
107 88 35 15
127 139 17 15
127 140 25 15
127 120 26 15
127 128 34 15
270 257 10 15
270 255 11 15
270 274 13 15
270 265 17 15
270 252 19 15
270 256 19 15
270 283 21 15
270 259 26 15
270 261 35 15
270 274 37 15
705 715 10 15
705 722 39 15
705 718 43 15
705 691 54 15
104 85 12 16
104 104 23 16
104 120 25 16
104 88 34 16
220 205 11 16
220 231 17 16
220 204 19 16
273 255 10 16
273 274 12 16
273 290 15 16
273 265 16 16
273 256 18 16
273 283 20 16
273 259 25 16
273 261 34 16
273 274 36 16
757 744 10 16
757 750 18 16
757 749 28 16
757 756 40 16
757 764 44 16
757 764 45 16
757 752 48 16
757 767 49 16
757 738 50 16
757 764 55 16
757 752 57 16
9 0 12 17
9 16 12 17
9 0 20 17
9 1 20 17
9 21 20 17
9 28 26 17
9 2 28 17
9 3 28 17
9 21 31 17
43 62 15 17
43 56 16 17
43 47 20 17
43 42 25 17
43 28 26 17
43 40 26 17
43 31 31 17
43 55 45 17
72 85 11 17
72 74 12 17
72 62 15 17
72 65 15 17
72 56 16 17
72 73 16 17
72 64 17 17
72 75 20 17
72 83 21 17
72 72 23 17
72 63 25 17
72 67 26 17
72 88 33 17
72 55 45 17
72 72 45 17
72 76 46 17
72 77 50 17
72 77 58 17
170 173 13 17
170 159 22 17
170 171 25 17
170 177 33 17
277 274 11 17
277 290 14 17
277 265 15 17
277 283 19 17
277 259 24 17
277 261 33 17
277 274 35 17
535 531 24 17
535 532 25 17
535 544 28 17
535 525 31 17
535 537 35 17
253 265 14 18
253 252 16 18
253 256 16 18
253 259 23 18
253 261 32 18
274 274 10 18
274 290 13 18
274 265 14 18
274 256 16 18
274 283 18 18
274 259 23 18
274 261 32 18
274 274 34 18
758 750 16 18
758 749 26 18
758 756 38 18
758 764 42 18
758 764 43 18
758 752 46 18
758 767 47 18
758 738 48 18
758 764 53 18
758 752 55 18
758 764 59 18
321 336 21 19
515 531 22 19
515 532 23 19
515 525 29 19
240 231 13 20
240 252 14 20
240 256 14 20
240 259 21 20
240 234 59 20
681 665 16 20
681 691 49 20
9 0 16 21
9 1 16 21
9 21 16 21
9 28 22 21
9 2 24 21
9 3 24 21
9 21 27 21
9 28 58 21
699 718 37 21
699 691 48 21
699 715 54 21
699 718 55 21
129 139 10 22
129 140 18 22
129 120 19 22
129 128 27 22
671 665 14 22
671 671 59 22
116 104 16 23
116 120 18 23
116 128 26 23
190 204 12 23
190 171 19 23
190 177 27 23
269 252 11 23
269 256 11 23
269 283 13 23
269 259 18 23
269 261 27 23
269 274 29 23
513 531 18 23
513 532 19 23
513 525 25 23
46 64 10 24
46 47 13 24
46 42 18 24
46 63 18 24
46 28 19 24
46 40 19 24
46 31 24 24
46 55 38 24
46 28 55 24
46 46 55 24
46 64 59 24
66 64 10 24
66 47 13 24
66 75 13 24
66 83 14 24
66 72 16 24
66 63 18 24
66 67 19 24
66 55 38 24
66 72 38 24
66 76 39 24
66 77 43 24
66 77 51 24
66 46 55 24
66 77 55 24
66 64 59 24
248 252 10 24
248 256 10 24
248 259 17 24
248 261 26 24
248 234 55 24
248 234 59 24
444 461 19 24
444 450 44 24
444 441 55 24
730 749 20 24
730 722 30 24
730 718 34 24
730 734 35 24
730 732 38 24
730 738 42 24
730 715 51 24
730 718 52 24
730 722 54 24
730 725 58 24
39 21 12 25
39 47 12 25
39 42 17 25
39 28 18 25
39 40 18 25
39 21 23 25
39 31 23 25
39 55 37 25
39 28 54 25
39 46 54 25
68 75 12 25
68 83 13 25
68 72 15 25
68 63 17 25
68 67 18 25
68 55 37 25
68 72 37 25
68 76 38 25
68 77 42 25
68 77 50 25
68 77 54 25
68 64 58 25
180 171 17 25
180 177 25 25
257 259 16 25
257 261 25 25
257 274 27 25
715 722 29 25
715 718 33 25
715 734 34 25
715 732 37 25
715 715 50 25
715 718 51 25
715 722 53 25
715 725 57 25
9 0 11 26
9 1 11 26
9 21 11 26
9 28 17 26
9 2 19 26
9 3 19 26
9 21 22 26
9 28 53 26
69 75 11 26
69 83 12 26
69 72 14 26
69 63 16 26
69 67 17 26
69 88 24 26
69 55 36 26
69 72 36 26
69 76 37 26
69 77 41 26
69 77 49 26
69 77 53 26
69 64 57 26
182 171 16 26
182 177 24 26
255 259 15 26
255 261 24 26
255 274 26 26
744 749 18 26
744 756 30 26
744 734 33 26
744 732 36 26
744 752 38 26
744 738 40 26
744 752 47 26
744 725 56 26
744 756 57 26
406 394 12 27
406 403 15 27
406 394 56 27
85 83 10 28
85 104 11 28
85 72 12 28
85 67 15 28
85 88 22 28
85 72 34 28
85 76 35 28
85 77 39 28
85 77 47 28
85 77 51 28
85 85 59 28
274 259 13 28
274 261 22 28
274 274 24 28
661 671 53 28
0 2 16 29
0 3 16 29
0 11 59 29
16 28 14 29
16 2 16 29
16 3 16 29
16 21 19 29
16 31 19 29
16 28 50 29
16 11 59 29
74 72 11 29
74 63 13 29
74 67 14 29
74 88 21 29
74 55 33 29
74 72 33 29
74 76 34 29
74 77 38 29
74 77 46 29
74 77 50 29
74 64 54 29
74 85 58 29
626 621 10 29
626 633 22 29
626 639 38 29
626 618 39 29
626 633 50 29
173 171 12 30
173 177 20 30
623 633 21 30
623 639 37 30
623 618 38 30
623 633 49 30
290 274 21 31
290 300 50 31
62 42 10 32
62 63 10 32
62 67 11 32
62 55 30 32
62 72 30 32
62 76 31 32
62 77 35 32
62 77 43 32
62 46 47 32
62 77 47 32
62 64 51 32
65 63 10 32
65 67 11 32
65 55 30 32
65 72 30 32
65 76 31 32
65 77 35 32
65 77 43 32
65 46 47 32
65 77 47 32
65 64 51 32
139 128 17 32
265 261 18 32
265 274 20 32
559 544 13 32
559 571 54 32
56 40 10 33
56 67 10 33
56 55 29 33
56 72 29 33
56 46 46 33
56 64 50 33
56 39 55 33
73 67 10 33
73 88 17 33
73 55 29 33
73 72 29 33
73 76 30 33
73 77 34 33
73 77 42 33
73 77 46 33
73 64 50 33
73 85 54 33
231 234 46 33
231 234 50 33
231 237 54 33
445 461 10 33
445 450 35 33
445 441 46 33
568 579 30 33
568 581 47 33
568 571 53 33
568 586 55 33
64 55 28 34
64 72 28 34
64 76 29 34
64 77 33 34
64 77 41 34
64 46 45 34
64 77 45 34
64 64 49 34
252 261 16 34
252 234 45 34
252 234 49 34
252 237 53 34
256 261 16 34
256 274 18 34
256 237 53 34
750 749 10 34
750 756 22 34
750 734 25 34
750 764 26 34
750 764 27 34
750 732 28 34
750 752 30 34
750 767 31 34
750 738 32 34
750 764 37 34
750 752 39 34
750 764 43 34
750 756 49 34
750 732 53 34
750 764 57 34
638 633 16 35
638 639 32 35
638 618 33 35
638 633 44 35
638 621 55 35
283 274 16 36
283 300 45 36
665 671 45 36
0 11 51 37
1 11 51 37
21 21 11 37
21 31 11 37
21 28 42 37
21 11 51 37
21 39 51 37
47 31 11 37
47 55 25 37
47 28 42 37
47 46 42 37
47 64 46 37
47 39 51 37
75 88 13 37
75 55 25 37
75 72 25 37
75 76 26 37
75 77 30 37
75 77 38 37
75 77 42 37
75 64 46 37
75 85 50 37
627 633 14 37
627 639 30 37
627 618 31 37
627 633 42 37
627 621 53 37
83 88 12 38
83 72 24 38
83 76 25 38
83 77 29 38
83 77 37 38
83 77 41 38
83 64 45 38
83 85 49 38
639 633 13 38
639 639 29 38
639 633 41 38
639 621 52 38
104 88 11 39
104 85 48 39
159 177 11 39
394 394 44 39
394 399 49 39
394 405 51 39
621 601 11 39
621 633 12 39
621 639 28 39
621 618 29 39
621 633 40 39
621 621 51 39
72 88 10 40
72 55 22 40
72 72 22 40
72 76 23 40
72 77 27 40
72 77 35 40
72 77 39 40
72 64 43 40
72 85 47 40
336 351 11 40
336 316 40 40
336 316 45 40
336 322 51 40
564 579 23 40
564 581 40 40
564 571 46 40
259 274 11 41
531 537 11 41
42 55 20 42
42 28 37 42
42 46 37 42
42 39 46 42
63 55 20 42
63 72 20 42
63 76 21 42
63 77 25 42
63 77 33 42
63 46 37 42
63 77 37 42
63 64 41 42
403 394 41 42
403 399 46 42
403 405 48 42
532 537 10 42
28 28 36 43
28 46 36 43
28 11 45 43
28 39 45 43
40 55 19 43
40 28 36 43
40 46 36 43
40 39 45 43
67 55 19 43
67 72 19 43
67 76 20 43
67 77 24 43
67 77 32 43
67 77 36 43
67 64 40 43
67 85 44 43
461 450 25 43
461 466 32 43
461 441 36 43
592 579 20 43
592 581 37 43
592 591 42 43
592 586 45 43
749 756 12 44
749 734 15 44
749 764 16 44
749 764 17 44
749 732 18 44
749 752 20 44
749 767 21 44
749 738 22 44
749 764 27 44
749 752 29 44
749 764 33 44
749 756 39 44
749 732 43 44
749 764 47 44
2 11 43 45
3 11 43 45
21 28 31 48
21 11 40 48
21 39 40 48
31 28 31 48
31 46 31 48
31 11 40 48
31 39 40 48
487 487 39 48
371 367 13 49
88 72 12 50
88 76 13 50
88 77 17 50
88 77 25 50
88 77 29 50
88 85 37 50
601 618 18 50
601 581 30 50
601 591 35 50
601 586 38 50
351 367 11 51
633 639 16 51
633 618 17 51
633 633 28 51
633 621 39 51
722 738 12 54
722 715 21 54
722 718 22 54
722 722 24 54
722 725 28 54
722 732 33 54
756 738 10 56
756 764 15 56
756 752 17 56
756 764 21 56
756 756 27 56
756 764 35 56
718 715 17 58
718 718 18 58
718 722 20 58
718 725 24 58
718 732 29 58
734 752 14 59
734 715 16 59
734 718 17 59
734 722 19 59
734 725 23 59
734 732 28 59
764 764 11 60
764 752 13 60
764 764 17 60
764 756 23 60
764 764 31 60
764 764 10 61
764 752 12 61
764 764 16 61
764 756 22 61
764 764 30 61
55 46 17 62
55 64 21 62
55 39 26 62
72 77 13 62
72 77 17 62
72 64 21 62
72 85 25 62
732 715 13 62
732 718 14 62
732 722 16 62
732 725 20 62
732 732 25 62
76 77 12 63
76 77 16 63
76 64 20 63
76 85 24 63
579 581 17 63
579 591 22 63
579 571 23 63
579 586 25 63
752 764 13 64
752 756 19 64
752 732 23 64
752 764 27 64
767 764 12 65
767 756 18 65
767 764 26 65
738 718 10 66
738 722 12 66
738 725 16 66
738 756 17 66
738 732 21 66
77 77 12 67
77 64 16 67
77 85 20 67
639 633 12 67
639 621 23 67
450 441 11 68
618 633 11 68
618 621 22 68
691 671 12 69
764 756 12 71
764 764 20 71
752 756 10 73
752 732 14 73
752 764 18 73
77 85 12 75
715 732 12 75
718 732 11 76
764 764 14 77
633 621 11 79
316 322 11 80
