22 20 11 0
22 24 13 0
22 31 13 0
22 80 13 0
22 0 16 0
22 20 16 0
22 0 17 0
22 1 17 0
22 22 17 0
22 0 18 0
22 4 20 0
22 5 22 0
22 37 27 0
36 20 11 0
36 24 13 0
36 31 13 0
36 80 13 0
36 0 16 0
36 20 16 0
36 0 17 0
36 1 17 0
36 22 17 0
36 0 18 0
36 4 20 0
36 5 22 0
36 37 27 0
115 96 11 0
115 80 13 0
115 138 14 0
115 119 15 0
115 104 16 0
115 128 16 0
115 99 17 0
115 111 18 0
115 111 19 0
115 111 20 0
115 141 21 0
115 142 22 0
115 104 23 0
115 98 24 0
115 136 24 0
115 131 26 0
248 260 11 0
248 259 12 0
248 248 13 0
248 234 15 0
248 299 23 0
248 189 25 0
248 261 26 0
464 513 11 0
464 517 14 0
464 406 16 0
464 464 21 0
464 483 25 0
464 511 26 0
464 512 27 0
599 596 13 0
599 649 15 0
599 599 21 0
41 20 10 1
41 96 10 1
41 24 12 1
41 31 12 1
41 80 12 1
41 0 15 1
41 20 15 1
41 0 16 1
41 1 16 1
41 22 16 1
41 99 16 1
41 0 17 1
41 4 19 1
41 5 21 1
41 98 23 1
41 37 26 1
176 185 11 1
176 138 13 1
176 119 14 1
176 234 14 1
176 128 15 1
176 141 20 1
176 142 21 1
176 136 23 1
176 189 24 1
176 131 25 1
439 398 13 1
439 406 15 1
439 464 20 1
439 395 21 1
439 483 24 1
719 747 11 1
719 747 16 1
719 767 17 1
719 764 18 1
719 764 19 1
719 747 21 1
719 764 22 1
719 744 23 1
136 185 10 2
136 80 11 2
136 138 12 2
136 119 13 2
136 104 14 2
136 128 14 2
136 99 15 2
136 111 16 2
136 111 17 2
136 111 18 2
136 141 19 2
136 142 20 2
136 104 21 2
136 98 22 2
136 136 22 2
136 189 23 2
136 131 24 2
136 114 29 2
136 149 29 2
757 747 10 2
757 747 15 2
757 767 16 2
757 764 17 2
757 764 18 2
757 747 20 2
757 764 21 2
757 744 22 2
113 80 10 3
113 138 11 3
113 119 12 3
113 104 13 3
113 128 13 3
113 99 14 3
113 111 15 3
113 111 16 3
113 111 17 3
113 141 18 3
113 142 19 3
113 104 20 3
113 98 21 3
113 136 21 3
113 131 23 3
113 114 28 3
113 149 28 3
113 115 29 3
136 80 10 3
136 138 11 3
136 119 12 3
136 104 13 3
136 128 13 3
136 99 14 3
136 111 15 3
136 111 16 3
136 111 17 3
136 141 18 3
136 142 19 3
136 104 20 3
136 98 21 3
136 136 21 3
136 189 22 3
136 131 23 3
136 114 28 3
136 149 28 3
136 115 29 3
136 180 29 3
698 649 12 3
698 747 14 3
698 747 19 3
698 744 21 3
23 0 12 4
23 20 12 4
23 0 13 4
23 1 13 4
23 22 13 4
23 0 14 4
23 4 16 4
23 5 18 4
23 37 23 4
23 45 28 4
23 42 29 4
114 138 10 4
114 119 11 4
114 104 12 4
114 128 12 4
114 99 13 4
114 111 14 4
114 111 15 4
114 111 16 4
114 141 17 4
114 142 18 4
114 104 19 4
114 98 20 4
114 136 20 4
114 131 22 4
114 114 27 4
114 149 27 4
114 115 28 4
163 138 10 4
163 119 11 4
163 104 12 4
163 128 12 4
163 111 14 4
163 111 15 4
163 111 16 4
163 141 17 4
163 142 18 4
163 104 19 4
163 136 20 4
163 189 21 4
163 131 22 4
163 114 27 4
163 149 27 4
163 115 28 4
163 180 28 4
163 176 29 4
714 747 13 4
714 767 14 4
714 764 15 4
714 764 16 4
714 747 18 4
714 764 19 4
714 744 20 4
36 0 11 5
36 20 11 5
36 0 12 5
36 1 12 5
36 22 12 5
36 0 13 5
36 4 15 5
36 5 17 5
36 37 22 5
36 45 27 5
36 42 28 5
159 119 10 5
159 104 11 5
159 128 11 5
159 99 12 5
159 111 13 5
159 111 14 5
159 111 15 5
159 141 16 5
159 142 17 5
159 104 18 5
159 136 19 5
159 189 20 5
159 131 21 5
159 114 26 5
159 149 26 5
159 115 27 5
159 180 27 5
159 176 28 5
299 329 10 5
299 358 15 5
299 299 18 5
299 336 19 5
299 261 21 5
299 301 27 5
709 649 10 5
709 747 12 5
709 767 13 5
709 764 14 5
709 764 15 5
709 747 17 5
709 764 18 5
709 744 19 5
709 747 29 5
253 299 17 6
253 261 20 6
253 301 26 6
466 406 10 6
466 464 15 6
466 483 19 6
466 511 20 6
466 512 21 6
466 439 27 6
604 599 15 6
604 577 25 6
604 579 26 6
604 586 27 6
264 299 16 7
264 261 19 7
264 301 25 7
610 599 14 7
610 577 24 7
610 579 25 7
610 586 26 7
352 359 10 8
352 358 12 8
352 395 14 8
352 299 15 8
352 336 16 8
352 301 24 8
352 393 29 8
602 599 13 8
602 577 23 8
602 579 24 8
602 586 25 8
20 5 11 11
20 37 16 11
20 45 21 11
20 42 22 11
20 68 26 11
20 21 28 11
20 36 28 11
20 22 29 11
96 141 10 11
96 142 11 11
96 104 12 11
96 98 13 11
96 136 13 11
96 131 15 11
96 37 16 11
96 114 20 11
96 149 20 11
96 45 21 11
96 115 21 11
96 42 22 11
96 68 26 11
96 136 26 11
96 137 27 11
96 36 28 11
260 299 12 11
260 261 15 11
260 301 21 11
260 319 29 11
513 464 10 11
513 483 14 11
513 536 14 11
513 511 15 11
513 512 16 11
513 453 25 11
513 540 26 11
513 531 27 11
185 142 10 12
185 136 12 12
185 189 13 12
185 131 14 12
185 149 19 12
185 180 20 12
185 176 21 12
185 136 25 12
185 137 26 12
185 187 28 12
185 243 29 12
259 299 11 12
259 261 14 12
259 301 20 12
259 243 29 12
259 255 29 12
747 747 10 12
747 764 11 12
747 744 12 12
747 747 22 12
747 747 24 12
747 733 27 12
24 37 14 13
24 45 19 13
24 42 20 13
24 68 24 13
24 21 26 13
24 36 26 13
24 22 27 13
31 37 14 13
31 45 19 13
31 42 20 13
31 68 24 13
31 21 26 13
31 36 26 13
31 22 27 13
80 104 10 13
80 98 11 13
80 136 11 13
80 131 13 13
80 37 14 13
80 114 18 13
80 45 19 13
80 115 19 13
80 42 20 13
80 68 24 13
80 136 24 13
80 137 25 13
80 21 26 13
80 36 26 13
80 22 27 13
248 299 10 13
248 189 12 13
248 261 13 13
248 301 19 13
248 243 28 13
248 255 28 13
339 299 10 13
339 336 11 13
339 301 19 13
339 393 24 13
339 319 27 13
339 378 29 13
596 536 12 13
596 577 18 13
596 579 19 13
596 586 20 13
596 540 24 13
596 586 27 13
596 597 28 13
138 98 10 14
138 136 10 14
138 189 11 14
138 131 12 14
138 114 17 14
138 149 17 14
138 115 18 14
138 180 18 14
138 176 19 14
138 136 23 14
138 137 24 14
138 187 26 14
398 439 19 14
398 453 22 14
398 393 23 14
398 378 28 14
398 394 29 14
517 483 11 14
517 536 11 14
517 511 12 14
517 512 13 14
517 540 23 14
517 531 24 14
119 131 11 15
119 114 16 15
119 149 16 15
119 115 17 15
119 176 18 15
119 68 22 15
119 136 22 15
119 137 23 15
119 97 29 15
234 189 10 15
234 261 11 15
234 180 17 15
234 176 18 15
234 187 25 15
234 243 26 15
234 255 26 15
329 301 17 15
329 319 25 15
329 378 27 15
649 597 26 15
649 664 29 15
0 37 11 16
0 45 16 16
0 42 17 16
0 21 23 16
0 36 23 16
0 22 24 16
0 22 29 16
20 37 11 16
20 45 16 16
20 42 17 16
20 68 21 16
20 21 23 16
20 36 23 16
20 22 24 16
20 22 29 16
104 131 10 16
104 114 15 16
104 149 15 16
104 45 16 16
104 115 16 16
104 68 21 16
104 136 21 16
104 137 22 16
104 97 28 16
104 98 29 16
128 131 10 16
128 114 15 16
128 149 15 16
128 115 16 16
128 180 16 16
128 176 17 16
128 68 21 16
128 136 21 16
128 137 22 16
128 187 24 16
128 97 28 16
128 98 29 16
406 439 17 16
406 453 20 16
406 393 21 16
406 378 26 16
406 394 27 16
406 395 28 16
406 394 29 16
534 511 10 16
534 512 11 16
534 577 15 16
534 579 16 16
534 586 17 16
534 540 21 16
534 531 22 16
534 586 24 16
0 37 10 17
0 45 15 17
0 42 16 17
0 21 22 17
0 36 22 17
0 22 23 17
0 22 28 17
0 41 29 17
1 37 10 17
1 45 15 17
1 42 16 17
1 21 22 17
1 36 22 17
1 22 23 17
1 22 28 17
1 41 29 17
22 37 10 17
22 45 15 17
22 42 16 17
22 68 20 17
22 21 22 17
22 36 22 17
22 22 23 17
22 22 28 17
22 41 29 17
99 114 14 17
99 149 14 17
99 45 15 17
99 115 15 17
99 42 16 17
99 68 20 17
99 136 20 17
99 137 21 17
99 97 27 17
99 98 28 17
99 41 29 17
99 97 29 17
99 136 29 17
359 301 15 17
359 393 20 17
359 319 23 17
359 378 25 17
359 394 26 17
359 395 27 17
359 394 28 17
747 747 17 17
747 747 19 17
747 733 22 17
747 734 25 17
747 732 26 17
747 746 29 17
0 45 14 18
0 42 15 18
0 21 21 18
0 36 21 18
0 22 22 18
0 22 27 18
0 41 28 18
111 114 13 18
111 149 13 18
111 115 14 18
111 68 19 18
111 136 19 18
111 137 20 18
111 97 26 18
111 98 27 18
111 97 28 18
111 136 28 18
111 96 29 18
359 301 14 18
359 393 19 18
359 319 22 18
359 378 24 18
359 394 25 18
359 395 26 18
359 394 27 18
767 747 16 18
767 747 18 18
767 733 21 18
767 734 24 18
767 732 25 18
767 746 28 18
111 114 12 19
111 149 12 19
111 115 13 19
111 68 18 19
111 136 18 19
111 137 19 19
111 97 25 19
111 98 26 19
111 97 27 19
111 136 27 19
111 96 28 19
764 747 15 19
764 747 17 19
764 733 20 19
764 734 23 19
764 732 24 19
764 746 27 19
4 45 12 20
4 42 13 20
4 21 19 20
4 36 19 20
4 22 20 20
4 22 25 20
4 41 26 20
4 22 28 20
4 48 28 20
4 41 29 20
111 114 11 20
111 149 11 20
111 115 12 20
111 68 17 20
111 136 17 20
111 137 18 20
111 97 24 20
111 98 25 20
111 97 26 20
111 136 26 20
111 96 27 20
111 97 29 20
358 301 12 20
358 393 17 20
358 319 20 20
358 378 22 20
358 394 23 20
358 395 24 20
358 394 25 20
358 417 29 20
764 747 14 20
764 747 16 20
764 733 19 20
764 734 22 20
764 732 23 20
764 746 26 20
141 114 10 21
141 149 10 21
141 115 11 21
141 180 11 21
141 176 12 21
141 136 16 21
141 137 17 21
141 187 19 21
141 97 23 21
141 98 24 21
141 97 25 21
141 136 25 21
141 96 26 21
141 97 28 21
141 143 29 21
464 439 12 21
464 453 15 21
464 417 28 21
599 577 10 21
599 579 11 21
599 586 12 21
599 540 16 21
599 586 19 21
599 597 20 21
599 606 26 21
599 580 27 21
599 587 28 21
599 629 29 21
5 45 10 22
5 42 11 22
5 21 17 22
5 36 17 22
5 22 18 22
5 22 23 22
5 41 24 22
5 22 26 22
5 48 26 22
5 41 27 22
5 5 28 22
5 16 28 22
5 42 28 22
5 0 29 22
5 2 29 22
5 5 29 22
5 10 29 22
142 115 10 22
142 180 10 22
142 176 11 22
142 136 15 22
142 137 16 22
142 187 18 22
142 97 22 22
142 98 23 22
142 97 24 22
142 136 24 22
142 96 25 22
142 97 27 22
142 143 28 22
395 439 11 22
395 453 14 22
395 393 15 22
395 378 20 22
395 394 21 22
395 395 22 22
395 394 23 22
395 417 27 22
395 357 28 22
747 747 12 22
747 747 14 22
747 733 17 22
747 734 20 22
747 732 21 22
747 746 24 22
104 68 14 23
104 136 14 23
104 137 15 23
104 97 21 23
104 98 22 23
104 97 23 23
104 136 23 23
104 96 24 23
104 48 25 23
104 97 26 23
104 73 27 23
104 143 27 23
299 319 17 23
299 243 18 23
299 255 18 23
299 257 23 23
299 258 24 23
299 357 27 23
764 747 11 23
764 747 13 23
764 733 16 23
764 734 19 23
764 732 20 23
764 746 23 23
764 746 29 23
98 68 13 24
98 136 13 24
98 137 14 24
98 97 20 24
98 98 21 24
98 41 22 24
98 97 22 24
98 136 22 24
98 96 23 24
98 48 24 24
98 41 25 24
98 97 25 24
98 42 26 24
98 73 26 24
98 143 26 24
98 141 29 24
136 136 13 24
136 137 14 24
136 187 16 24
136 97 20 24
136 98 21 24
136 97 22 24
136 136 22 24
136 96 23 24
136 97 25 24
136 143 26 24
136 141 29 24
336 393 13 24
336 319 16 24
336 378 18 24
336 394 19 24
336 395 20 24
336 394 21 24
336 357 26 24
744 747 10 24
744 747 12 24
744 733 15 24
744 734 18 24
744 732 19 24
744 746 22 24
744 746 28 24
744 746 29 24
189 136 12 25
189 137 13 25
189 187 15 25
189 243 16 25
189 136 21 25
189 202 24 25
189 143 25 25
189 141 28 25
189 141 29 25
483 453 11 25
483 540 12 25
483 531 13 25
483 500 26 25
483 453 28 25
536 540 12 25
536 531 13 25
536 586 15 25
536 580 23 25
536 587 24 25
536 500 26 25
131 136 11 26
131 137 12 26
131 187 14 26
131 97 18 26
131 98 19 26
131 97 20 26
131 136 20 26
131 96 21 26
131 97 23 26
131 73 24 26
131 143 24 26
131 141 27 26
131 141 28 26
131 139 29 26
261 319 14 26
261 243 15 26
261 255 15 26
261 257 20 26
261 258 21 26
261 202 23 26
511 453 10 26
511 540 11 26
511 531 12 26
511 500 25 26
511 453 27 26
37 68 10 27
37 21 12 27
37 36 12 27
37 22 13 27
37 22 18 27
37 41 19 27
37 96 20 27
37 22 21 27
37 48 21 27
37 41 22 27
37 5 23 27
37 16 23 27
37 42 23 27
37 73 23 27
37 0 24 27
37 2 24 27
37 5 24 27
37 10 24 27
37 1 25 27
37 2 28 27
37 3 28 27
37 41 28 27
512 540 10 27
512 531 11 27
512 500 24 27
512 453 26 27
114 97 13 31
114 98 14 31
114 97 15 31
114 136 15 31
114 96 16 31
114 97 18 31
114 73 19 31
114 143 19 31
114 141 22 31
114 141 23 31
114 139 24 31
114 139 25 31
114 139 26 31
114 71 28 31
149 97 13 31
149 98 14 31
149 97 15 31
149 136 15 31
149 96 16 31
149 97 18 31
149 202 18 31
149 143 19 31
149 141 22 31
149 141 23 31
149 139 24 31
149 139 25 31
149 139 26 31
149 177 28 31
577 597 10 31
577 606 16 31
577 580 17 31
577 587 18 31
577 629 19 31
577 630 28 31
577 535 29 31
45 97 12 32
45 22 13 32
45 98 13 32
45 41 14 32
45 97 14 32
45 96 15 32
45 22 16 32
45 48 16 32
45 41 17 32
45 97 17 32
45 5 18 32
45 16 18 32
45 42 18 32
45 73 18 32
45 0 19 32
45 2 19 32
45 5 19 32
45 10 19 32
45 1 20 32
45 2 23 32
45 3 23 32
45 41 23 32
45 2 25 32
45 4 26 32
45 71 27 32
115 97 12 32
115 98 13 32
115 97 14 32
115 136 14 32
115 96 15 32
115 97 17 32
115 73 18 32
115 143 18 32
115 141 21 32
115 141 22 32
115 139 23 32
115 139 24 32
115 139 25 32
115 71 27 32
115 113 29 32
180 136 14 32
180 202 17 32
180 143 18 32
180 141 21 32
180 141 22 32
180 139 23 32
180 139 24 32
180 139 25 32
180 177 27 32
301 257 14 32
301 258 15 32
301 357 18 32
301 289 26 32
301 308 27 32
301 300 28 32
301 263 29 32
579 606 15 32
579 580 16 32
579 587 17 32
579 629 18 32
579 630 27 32
579 535 28 32
579 568 29 32
42 97 11 33
42 22 12 33
42 98 12 33
42 41 13 33
42 97 13 33
42 96 14 33
42 22 15 33
42 48 15 33
42 41 16 33
42 97 16 33
42 5 17 33
42 16 17 33
42 42 17 33
42 73 17 33
42 0 18 33
42 2 18 33
42 5 18 33
42 10 18 33
42 1 19 33
42 2 22 33
42 3 22 33
42 41 22 33
42 2 24 33
42 4 25 33
42 71 26 33
42 57 29 33
42 64 29 33
176 136 13 33
176 202 16 33
176 143 17 33
176 141 20 33
176 141 21 33
176 139 22 33
176 139 23 33
176 139 24 33
176 177 26 33
176 207 29 33
439 394 10 33
439 395 11 33
439 394 12 33
439 417 16 33
439 453 20 33
439 403 21 33
439 395 22 33
439 429 23 33
586 606 14 33
586 580 15 33
586 587 16 33
586 629 17 33
586 640 18 33
586 630 26 33
586 535 27 33
586 568 28 33
586 532 29 33
747 746 12 34
747 746 18 34
747 746 19 34
747 764 20 34
747 764 21 34
747 746 22 34
747 747 23 34
747 747 24 34
453 417 13 36
453 500 15 36
453 453 17 36
453 403 18 36
453 395 19 36
453 429 20 36
747 746 10 36
747 746 16 36
747 746 17 36
747 764 18 36
747 764 19 36
747 746 20 36
747 747 21 36
747 747 22 36
68 96 10 37
68 22 11 37
68 48 11 37
68 41 12 37
68 97 12 37
68 16 13 37
68 42 13 37
68 73 13 37
68 10 14 37
68 41 18 37
68 71 22 37
68 113 24 37
68 57 25 37
68 64 25 37
68 15 27 37
136 96 10 37
136 97 12 37
136 143 13 37
136 141 16 37
136 141 17 37
136 139 18 37
136 139 19 37
136 139 20 37
136 177 22 37
136 113 24 37
136 176 26 37
393 417 12 37
393 357 13 37
393 403 17 37
393 395 18 37
393 429 19 37
393 338 25 37
540 580 11 37
540 587 12 37
540 500 14 37
540 535 23 37
540 568 24 37
540 532 25 37
137 97 11 38
137 143 12 38
137 141 15 38
137 141 16 38
137 139 17 38
137 139 18 38
137 139 19 38
137 177 21 38
137 113 23 38
137 176 25 38
531 580 10 38
531 587 11 38
531 500 13 38
531 535 22 38
531 568 23 38
531 532 24 38
21 41 10 39
21 5 11 39
21 16 11 39
21 42 11 39
21 73 11 39
21 0 12 39
21 2 12 39
21 5 12 39
21 10 12 39
21 1 13 39
21 2 16 39
21 3 16 39
21 41 16 39
21 2 18 39
21 4 19 39
21 71 20 39
21 57 23 39
21 64 23 39
21 6 25 39
21 7 25 39
21 15 25 39
36 41 10 39
36 5 11 39
36 16 11 39
36 42 11 39
36 73 11 39
36 0 12 39
36 2 12 39
36 5 12 39
36 10 12 39
36 1 13 39
36 2 16 39
36 3 16 39
36 41 16 39
36 2 18 39
36 4 19 39
36 71 20 39
36 57 23 39
36 64 23 39
36 6 25 39
36 7 25 39
36 15 25 39
733 746 13 39
733 746 14 39
733 764 15 39
733 764 16 39
733 746 17 39
733 747 18 39
733 747 19 39
22 5 10 40
22 16 10 40
22 42 10 40
22 73 10 40
22 0 11 40
22 2 11 40
22 5 11 40
22 10 11 40
22 1 12 40
22 2 15 40
22 3 15 40
22 41 15 40
22 2 17 40
22 4 18 40
22 71 19 40
22 57 22 40
22 64 22 40
22 6 24 40
22 7 24 40
22 15 24 40
187 143 10 40
187 141 13 40
187 141 14 40
187 139 15 40
187 139 16 40
187 139 17 40
187 177 19 40
187 207 22 40
187 176 23 40
319 357 10 40
319 289 18 40
319 308 19 40
319 300 20 40
319 263 21 40
319 338 22 40
586 629 10 40
586 640 11 40
586 630 19 40
586 535 20 40
586 568 21 40
586 532 22 40
586 641 24 40
243 289 17 41
243 300 19 41
243 263 20 41
243 207 21 41
255 289 17 41
255 308 18 41
255 300 19 41
255 263 20 41
255 207 21 41
597 640 10 41
597 630 18 41
597 568 20 41
597 646 22 41
597 641 23 41
378 403 12 42
378 395 13 42
378 429 14 42
378 338 20 42
734 746 10 42
734 746 11 42
734 764 12 42
734 764 13 42
734 746 14 42
734 747 15 42
734 747 16 42
394 453 10 43
394 403 11 43
394 395 12 43
394 429 13 43
394 338 19 43
732 746 10 43
732 764 11 43
732 764 12 43
732 746 13 43
732 747 14 43
732 747 15 43
97 141 10 44
97 41 11 44
97 139 11 44
97 139 12 44
97 139 13 44
97 71 15 44
97 113 17 44
97 57 18 44
97 64 18 44
395 403 10 44
395 395 11 44
395 429 12 44
395 338 18 44
664 630 15 44
664 646 19 44
664 641 20 44
22 2 10 45
22 3 10 45
22 41 10 45
22 2 12 45
22 4 13 45
22 71 14 45
22 57 17 45
22 64 17 45
22 6 19 45
22 7 19 45
22 15 19 45
98 41 10 45
98 139 10 45
98 139 11 45
98 139 12 45
98 71 14 45
98 113 16 45
98 57 17 45
98 64 17 45
394 395 10 45
394 429 11 45
394 338 17 45
663 630 14 45
663 646 18 45
663 641 19 45
41 2 11 46
41 4 12 46
41 71 13 46
41 57 16 46
41 64 16 46
41 6 18 46
41 7 18 46
41 15 18 46
97 139 10 46
97 139 11 46
97 71 13 46
97 113 15 46
97 57 16 46
97 64 16 46
136 139 10 46
136 139 11 46
136 177 13 46
136 113 15 46
136 176 17 46
257 289 12 46
257 308 13 46
257 300 14 46
257 263 15 46
257 207 16 46
746 746 10 46
746 747 11 46
746 747 12 46
96 139 10 47
96 71 12 47
96 113 14 47
96 57 15 47
96 64 15 47
258 289 11 47
258 308 12 47
258 300 13 47
258 263 14 47
258 207 15 47
606 630 12 47
606 568 14 47
606 646 16 47
606 641 17 47
22 4 10 48
22 71 11 48
22 57 14 48
22 64 14 48
22 6 16 48
22 7 16 48
22 15 16 48
48 4 10 48
48 71 11 48
48 57 14 48
48 64 14 48
48 6 16 48
48 7 16 48
48 15 16 48
580 630 11 48
580 535 12 48
580 568 13 48
580 532 14 48
41 71 10 49
41 57 13 49
41 64 13 49
41 6 15 49
41 7 15 49
41 15 15 49
97 71 10 49
97 113 12 49
97 57 13 49
97 64 13 49
202 177 10 49
202 207 13 49
202 176 14 49
587 630 10 49
587 535 11 49
587 568 12 49
587 532 13 49
587 646 14 49
587 641 15 49
5 57 12 50
5 64 12 50
5 6 14 50
5 7 14 50
5 15 14 50
16 57 12 50
16 64 12 50
16 6 14 50
16 7 14 50
16 15 14 50
42 57 12 50
42 64 12 50
42 6 14 50
42 7 14 50
42 15 14 50
73 113 11 50
73 57 12 50
73 64 12 50
73 15 14 50
143 113 11 50
143 176 13 50
357 300 10 50
357 338 12 50
629 646 13 50
629 641 14 50
0 57 11 51
0 6 13 51
0 7 13 51
0 15 13 51
2 57 11 51
2 6 13 51
2 7 13 51
2 15 13 51
5 57 11 51
5 64 11 51
5 6 13 51
5 7 13 51
5 15 13 51
10 57 11 51
10 64 11 51
10 6 13 51
10 7 13 51
10 15 13 51
500 532 11 51
640 646 12 51
640 641 13 51
1 57 10 52
1 6 12 52
1 7 12 52
1 15 12 52
141 176 10 53
