6 0 10 0
6 6 10 0
6 7 10 0
6 16 10 0
6 54 10 0
6 28 13 0
6 9 14 0
6 43 14 0
6 11 17 0
6 49 17 0
6 21 21 0
6 40 21 0
6 0 24 0
6 63 27 0
6 64 28 0
6 39 29 0
8 0 10 0
8 6 10 0
8 7 10 0
8 16 10 0
8 54 10 0
8 28 13 0
8 9 14 0
8 43 14 0
8 11 17 0
8 49 17 0
8 66 20 0
8 21 21 0
8 40 21 0
8 67 21 0
8 0 24 0
8 63 27 0
8 64 28 0
8 39 29 0
16 0 10 0
16 6 10 0
16 7 10 0
16 16 10 0
16 54 10 0
16 28 13 0
16 9 14 0
16 43 14 0
16 11 17 0
16 49 17 0
16 66 20 0
16 21 21 0
16 40 21 0
16 67 21 0
16 70 22 0
16 0 24 0
16 63 27 0
16 64 28 0
16 39 29 0
113 54 10 0
113 77 10 0
113 139 11 0
113 122 12 0
113 101 13 0
113 150 14 0
113 130 18 0
113 114 19 0
113 66 20 0
113 67 21 0
113 70 22 0
113 83 23 0
113 63 27 0
113 64 28 0
240 188 12 0
240 183 13 0
240 271 14 0
240 253 15 0
240 243 16 0
240 187 19 0
240 269 19 0
240 180 20 0
240 181 21 0
240 257 21 0
240 193 22 0
240 256 22 0
240 209 23 0
240 279 23 0
240 186 25 0
240 291 26 0
240 248 27 0
240 265 27 0
240 207 29 0
240 255 29 0
430 445 10 0
430 414 12 0
430 445 13 0
565 511 12 0
565 539 13 0
565 533 14 0
565 514 16 0
565 513 19 0
565 623 25 0
565 512 26 0
565 559 27 0
0 28 12 1
0 9 13 1
0 43 13 1
0 11 16 1
0 49 16 1
0 21 20 1
0 40 20 1
0 0 23 1
0 39 28 1
36 28 12 1
36 9 13 1
36 43 13 1
36 11 16 1
36 49 16 1
36 66 19 1
36 21 20 1
36 40 20 1
36 67 20 1
36 70 21 1
36 83 22 1
36 0 23 1
36 63 26 1
36 64 27 1
36 39 28 1
83 139 10 1
83 122 11 1
83 28 12 1
83 101 12 1
83 43 13 1
83 49 16 1
83 130 17 1
83 114 18 1
83 66 19 1
83 40 20 1
83 67 20 1
83 70 21 1
83 83 22 1
83 63 26 1
83 64 27 1
83 39 28 1
185 139 10 1
185 188 11 1
185 183 12 1
185 150 13 1
185 243 15 1
185 130 17 1
185 187 18 1
185 180 19 1
185 181 20 1
185 193 21 1
185 209 22 1
185 186 24 1
185 207 28 1
324 271 13 1
324 333 15 1
324 269 18 1
324 279 22 1
324 291 25 1
324 265 26 1
324 367 27 1
324 274 29 1
633 672 10 1
633 676 14 1
633 678 16 1
633 671 17 1
633 652 21 1
633 661 22 1
633 626 23 1
633 623 24 1
633 638 28 1
633 660 29 1
175 122 10 2
175 188 10 2
175 183 11 2
175 150 12 2
175 130 16 2
175 187 17 2
175 180 18 2
175 181 19 2
175 193 20 2
175 209 21 2
175 186 23 2
175 207 27 2
261 271 12 2
261 253 13 2
261 243 14 2
261 269 17 2
261 257 19 2
261 256 20 2
261 209 21 2
261 279 21 2
261 291 24 2
261 248 25 2
261 265 25 2
261 207 27 2
261 255 27 2
261 274 28 2
529 511 10 2
529 539 11 2
529 533 12 2
529 490 13 2
529 514 14 2
529 513 17 2
529 512 24 2
529 559 25 2
182 183 10 3
182 150 11 3
182 130 15 3
182 187 16 3
182 180 17 3
182 181 18 3
182 193 19 3
182 209 20 3
182 186 22 3
182 207 26 3
182 159 29 3
437 445 10 3
437 490 12 3
733 676 12 3
733 678 14 3
733 730 17 3
733 715 18 3
733 725 25 3
406 367 23 5
762 730 15 5
762 715 16 5
762 725 23 5
762 753 28 5
179 130 12 6
179 187 13 6
179 180 14 6
179 181 15 6
179 193 16 6
179 209 17 6
179 186 19 6
179 207 23 6
179 159 26 6
179 144 27 6
179 171 29 6
628 678 11 6
628 671 12 6
628 652 16 6
628 661 17 6
628 626 18 6
628 623 19 6
628 638 23 6
628 660 24 6
628 627 25 6
628 622 26 6
57 11 10 7
57 49 10 7
57 114 12 7
57 66 13 7
57 21 14 7
57 40 14 7
57 67 14 7
57 70 15 7
57 83 16 7
57 0 17 7
57 63 20 7
57 64 21 7
57 39 22 7
57 1 24 7
57 21 24 7
57 47 24 7
57 76 24 7
57 87 25 7
57 103 27 7
57 36 28 7
57 71 28 7
427 367 21 7
427 373 28 7
427 474 29 7
758 730 13 7
758 715 14 7
758 725 21 7
758 753 26 7
369 367 20 8
369 337 25 8
369 373 27 8
670 671 10 8
670 715 13 8
670 652 14 8
670 661 15 8
670 626 16 8
670 623 17 8
670 725 20 8
670 638 21 8
670 660 22 8
670 627 23 8
670 622 24 8
16 66 11 9
16 21 12 9
16 40 12 9
16 67 12 9
16 70 13 9
16 0 15 9
16 63 18 9
16 64 19 9
16 39 20 9
16 1 22 9
16 21 22 9
16 47 22 9
16 36 26 9
16 71 26 9
245 187 10 9
245 269 10 9
245 257 12 9
245 193 13 9
245 256 13 9
245 209 14 9
245 279 14 9
245 186 16 9
245 291 17 9
245 248 18 9
245 265 18 9
245 207 20 9
245 255 20 9
245 274 21 9
245 259 25 9
245 235 27 9
325 269 10 9
325 279 14 9
325 291 17 9
325 265 18 9
325 367 19 9
325 274 21 9
325 337 24 9
325 373 26 9
516 513 10 9
516 512 17 9
516 559 18 9
516 530 25 9
516 532 26 9
516 474 27 9
0 21 11 10
0 40 11 10
0 0 14 10
0 39 19 10
0 1 21 10
0 21 21 10
0 47 21 10
0 36 25 10
6 21 11 10
6 40 11 10
6 0 14 10
6 63 17 10
6 64 18 10
6 39 19 10
6 1 21 10
6 21 21 10
6 47 21 10
6 36 25 10
7 66 10 10
7 21 11 10
7 40 11 10
7 0 14 10
7 63 17 10
7 64 18 10
7 39 19 10
7 1 21 10
7 21 21 10
7 47 21 10
7 36 25 10
16 66 10 10
16 21 11 10
16 40 11 10
16 67 11 10
16 70 12 10
16 0 14 10
16 63 17 10
16 64 18 10
16 39 19 10
16 1 21 10
16 21 21 10
16 47 21 10
16 36 25 10
16 71 25 10
54 66 10 10
54 21 11 10
54 40 11 10
54 67 11 10
54 70 12 10
54 83 13 10
54 0 14 10
54 63 17 10
54 64 18 10
54 39 19 10
54 1 21 10
54 21 21 10
54 47 21 10
54 76 21 10
54 87 22 10
54 103 24 10
54 36 25 10
54 71 25 10
77 66 10 10
77 21 11 10
77 40 11 10
77 67 11 10
77 70 12 10
77 83 13 10
77 63 17 10
77 64 18 10
77 39 19 10
77 21 21 10
77 47 21 10
77 76 21 10
77 87 22 10
77 103 24 10
77 36 25 10
77 71 25 10
445 474 26 10
680 730 10 10
680 715 11 10
680 652 12 10
680 661 13 10
680 626 14 10
680 623 15 10
680 725 18 10
680 638 19 10
680 660 20 10
680 627 21 10
680 622 22 10
139 181 10 11
139 193 11 11
139 83 12 11
139 186 14 11
139 87 21 11
139 159 21 11
139 144 22 11
139 103 23 11
139 171 24 11
672 715 10 11
672 652 11 11
672 661 12 11
672 626 13 11
672 623 14 11
672 725 17 11
672 638 18 11
672 660 19 11
672 627 20 11
672 622 21 11
122 70 10 12
122 83 11 12
122 63 15 12
122 64 16 12
122 76 19 12
122 87 20 12
122 159 20 12
122 144 21 12
122 103 22 12
122 71 23 12
122 171 23 12
122 75 29 12
122 127 29 12
188 193 10 12
188 209 11 12
188 186 13 12
188 207 17 12
188 159 20 12
188 144 21 12
188 171 23 12
188 235 24 12
414 367 16 12
414 373 23 12
414 360 29 12
511 512 14 12
511 559 15 12
511 530 22 12
511 532 23 12
511 474 24 12
28 83 10 13
28 0 11 13
28 63 14 13
28 64 15 13
28 39 16 13
28 1 18 13
28 21 18 13
28 47 18 13
28 76 18 13
28 87 19 13
28 36 22 13
28 71 22 13
28 75 28 13
101 83 10 13
101 63 14 13
101 64 15 13
101 47 18 13
101 76 18 13
101 87 19 13
101 159 19 13
101 144 20 13
101 103 21 13
101 71 22 13
101 75 28 13
101 127 28 13
101 88 29 13
183 209 10 13
183 186 12 13
183 207 16 13
183 159 19 13
183 144 20 13
183 171 22 13
183 235 23 13
183 127 28 13
445 474 23 13
539 512 13 13
539 559 14 13
539 530 21 13
539 532 22 13
539 592 23 13
9 0 10 14
9 63 13 14
9 64 14 14
9 39 15 14
9 1 17 14
9 21 17 14
9 47 17 14
9 36 21 14
43 0 10 14
43 63 13 14
43 64 14 14
43 39 15 14
43 1 17 14
43 21 17 14
43 47 17 14
43 76 17 14
43 87 18 14
43 36 21 14
43 71 21 14
43 75 27 14
43 88 28 14
150 186 11 14
150 207 15 14
150 159 18 14
150 144 19 14
150 103 20 14
150 171 21 14
150 127 27 14
271 291 12 14
271 248 13 14
271 265 13 14
271 255 15 14
271 274 16 14
271 259 20 14
271 235 22 14
271 267 28 14
271 260 29 14
533 512 12 14
533 559 13 14
533 530 20 14
533 532 21 14
533 474 22 14
533 592 22 14
533 538 29 14
253 291 11 15
253 248 12 15
253 265 12 15
253 207 14 15
253 255 14 15
253 274 15 15
253 259 19 15
253 235 21 15
253 267 27 15
253 260 28 15
490 512 11 15
490 530 19 15
490 532 20 15
490 474 21 15
490 538 28 15
676 623 10 15
676 725 13 15
676 638 14 15
676 660 15 15
676 627 16 15
676 622 17 15
243 291 10 16
243 248 11 16
243 265 11 16
243 207 13 16
243 255 13 16
243 274 14 16
243 259 18 16
243 235 20 16
243 267 26 16
243 260 27 16
333 291 10 16
333 367 12 16
333 274 14 16
333 337 17 16
333 373 19 16
333 360 25 16
514 512 10 16
514 559 11 16
514 530 18 16
514 532 19 16
514 474 20 16
514 538 27 16
11 63 10 17
11 64 11 17
11 39 12 17
11 1 14 17
11 21 14 17
11 47 14 17
11 36 18 17
49 63 10 17
49 64 11 17
49 39 12 17
49 1 14 17
49 21 14 17
49 47 14 17
49 76 14 17
49 87 15 17
49 103 17 17
49 36 18 17
49 71 18 17
49 75 24 17
49 88 25 17
678 725 11 17
678 638 12 17
678 660 13 17
678 627 14 17
678 622 15 17
678 723 28 17
130 76 13 18
130 87 14 18
130 159 14 18
130 144 15 18
130 103 16 18
130 71 17 18
130 171 17 18
130 75 23 18
130 127 23 18
130 88 24 18
671 725 10 18
671 638 11 18
671 660 12 18
671 627 13 18
671 622 14 18
671 723 27 18
114 76 12 19
114 87 13 19
114 159 13 19
114 144 14 19
114 103 15 19
114 71 16 19
114 171 16 19
114 75 22 19
114 127 22 19
114 88 23 19
187 207 10 19
187 159 13 19
187 144 14 19
187 171 16 19
187 235 17 19
187 127 22 19
269 255 10 19
269 274 11 19
269 259 15 19
269 235 17 19
269 267 23 19
269 260 24 19
513 530 15 19
513 532 16 19
513 474 17 19
513 538 24 19
66 21 11 20
66 47 11 20
66 76 11 20
66 87 12 20
66 103 14 20
66 36 15 20
66 71 15 20
66 75 21 20
66 88 22 20
66 77 29 20
180 159 12 20
180 144 13 20
180 171 15 20
180 235 16 20
180 127 21 20
730 753 13 20
730 762 21 20
730 723 25 20
730 718 28 20
730 716 29 20
21 1 10 21
21 21 10 21
21 47 10 21
21 76 10 21
21 36 14 21
21 71 14 21
21 75 20 21
21 77 28 21
40 1 10 21
40 21 10 21
40 47 10 21
40 76 10 21
40 87 11 21
40 36 14 21
40 71 14 21
40 75 20 21
40 88 21 21
40 77 28 21
67 21 10 21
67 47 10 21
67 76 10 21
67 87 11 21
67 103 13 21
67 36 14 21
67 71 14 21
67 75 20 21
67 88 21 21
67 77 28 21
181 159 11 21
181 144 12 21
181 171 14 21
181 235 15 21
181 127 20 21
257 259 13 21
257 235 15 21
257 267 21 21
257 260 22 21
715 753 12 21
715 762 20 21
715 723 24 21
715 718 27 21
715 716 28 21
715 754 29 21
70 87 10 22
70 103 12 22
70 36 13 22
70 71 13 22
70 75 19 22
70 127 19 22
70 88 20 22
70 77 27 22
193 159 10 22
193 144 11 22
193 171 13 22
193 235 14 22
256 259 12 22
256 235 14 22
256 267 20 22
256 260 21 22
652 622 10 22
652 592 14 22
652 601 20 22
83 103 11 23
83 36 12 23
83 71 12 23
83 75 18 23
83 127 18 23
83 88 19 23
83 77 26 23
83 55 29 23
209 259 11 23
209 171 12 23
209 235 13 23
209 267 19 23
209 260 20 23
209 150 29 23
279 337 10 23
279 259 11 23
279 235 13 23
279 267 19 23
279 260 20 23
661 601 19 23
661 718 25 23
661 716 26 23
661 712 29 23
0 36 11 24
0 55 28 24
626 592 12 24
626 601 18 24
186 171 10 25
186 235 11 25
186 127 16 25
186 150 27 25
623 592 11 25
623 601 17 25
291 235 10 26
291 267 16 26
291 260 17 26
512 474 10 26
512 538 17 26
512 454 23 26
512 454 26 26
63 75 14 27
63 88 15 27
63 77 22 27
63 55 25 27
63 75 28 27
63 77 29 27
248 267 15 27
248 260 16 27
265 267 15 27
265 260 16 27
559 601 15 27
559 538 16 27
64 75 13 28
64 88 14 28
64 77 21 28
64 55 24 28
64 75 27 28
64 77 28 28
64 41 29 28
367 360 13 28
725 762 13 28
725 723 17 28
725 718 20 28
725 716 21 28
725 754 22 28
725 726 23 28
725 712 24 28
725 723 25 28
725 726 26 28
725 739 27 28
725 689 29 28
39 75 12 29
39 88 13 29
39 77 20 29
39 55 23 29
39 75 26 29
39 77 27 29
39 41 28 29
207 260 14 29
207 150 23 29
255 267 13 29
255 260 14 29
255 278 28 29
638 601 13 29
638 646 27 29
638 689 28 29
274 267 12 30
274 260 13 30
274 278 27 30
660 601 12 30
660 718 18 30
660 716 19 30
660 712 22 30
660 646 26 30
660 689 27 30
660 709 28 30
1 55 21 31
1 41 26 31
21 75 10 31
21 77 18 31
21 55 21 31
21 75 24 31
21 77 25 31
21 41 26 31
47 75 10 31
47 88 11 31
47 77 18 31
47 55 21 31
47 75 24 31
47 77 25 31
47 41 26 31
76 75 10 31
76 127 10 31
76 88 11 31
76 77 18 31
76 55 21 31
76 75 24 31
76 77 25 31
76 41 26 31
627 601 11 31
627 646 25 31
87 88 10 32
87 77 17 32
87 55 20 32
87 75 23 32
87 77 24 32
87 41 25 32
159 150 20 32
622 601 10 32
622 646 24 32
144 150 19 33
337 278 24 33
753 723 12 33
753 718 15 33
753 716 16 33
753 754 17 33
753 726 18 33
753 712 19 33
753 723 20 33
753 726 21 33
753 739 22 33
753 709 25 33
753 763 26 33
753 752 28 33
753 716 29 33
103 77 15 34
103 55 18 34
103 150 18 34
103 75 21 34
103 77 22 34
103 75 28 34
259 278 23 34
530 496 25 34
36 77 14 35
36 55 17 35
36 75 20 35
36 77 21 35
36 41 22 35
36 75 27 35
71 77 14 35
71 55 17 35
71 75 20 35
71 77 21 35
71 41 22 35
71 75 27 35
171 150 17 35
532 496 24 35
235 278 21 36
474 454 13 36
474 454 16 36
474 454 20 36
474 496 23 36
592 646 20 36
75 55 11 41
75 75 14 41
75 77 15 41
75 41 16 41
75 75 21 41
75 28 25 41
75 46 25 41
75 77 25 41
127 150 11 41
127 75 14 41
127 77 15 41
127 75 21 41
127 77 25 41
360 394 28 41
762 726 10 41
762 712 11 41
762 723 12 41
762 726 13 41
762 739 14 41
762 709 17 41
762 763 18 41
762 752 20 41
762 716 21 41
762 731 22 41
762 765 23 41
762 726 24 41
762 723 26 41
762 765 27 41
762 757 28 41
88 55 10 42
88 75 13 42
88 77 14 42
88 41 15 42
88 75 20 42
88 28 24 42
88 46 24 42
88 77 24 42
267 278 15 42
267 240 24 42
267 316 29 42
601 646 14 42
601 579 24 42
601 571 29 42
260 278 14 43
260 240 23 43
260 316 28 43
538 496 16 43
538 579 23 43
538 571 28 43
723 739 10 45
723 689 12 45
723 709 13 45
723 763 14 45
723 752 16 45
723 716 17 45
723 731 18 45
723 765 19 45
723 726 20 45
723 723 22 45
723 765 23 45
723 757 24 45
718 709 10 48
718 763 11 48
718 752 13 48
718 716 14 48
718 731 15 48
718 765 16 48
718 726 17 48
718 723 19 48
718 765 20 48
718 757 21 48
718 764 27 48
77 75 13 49
77 28 17 49
77 46 17 49
77 77 17 49
77 57 24 49
77 75 24 49
77 83 27 49
454 496 10 49
454 441 17 49
454 455 18 49
454 394 20 49
454 454 21 49
454 452 24 49
454 454 25 49
454 464 26 49
454 394 27 49
716 763 10 49
716 752 12 49
716 716 13 49
716 731 14 49
716 765 15 49
716 726 16 49
716 723 18 49
716 765 19 49
716 757 20 49
716 764 26 49
754 752 11 50
754 716 12 50
754 731 13 50
754 765 14 50
754 726 15 50
754 723 17 50
754 765 18 50
754 757 19 50
754 764 25 50
726 752 10 51
726 716 11 51
726 731 12 51
726 765 13 51
726 726 14 51
726 723 16 51
726 765 17 51
726 757 18 51
726 764 24 51
55 75 10 52
55 28 14 52
55 46 14 52
55 77 14 52
55 11 21 52
55 16 21 52
55 57 21 52
55 75 21 52
55 83 24 52
454 441 14 52
454 455 15 52
454 394 17 52
454 454 18 52
454 452 21 52
454 454 22 52
454 464 23 52
454 394 24 52
712 716 10 52
712 731 11 52
712 765 12 52
712 726 13 52
712 723 15 52
712 765 16 52
712 757 17 52
712 764 23 52
723 731 10 53
723 765 11 53
723 726 12 53
723 723 14 53
723 765 15 53
723 757 16 53
723 764 22 53
726 765 10 54
726 726 11 54
726 723 13 54
726 765 14 54
726 757 15 54
726 764 21 54
75 28 11 55
75 46 11 55
75 77 11 55
75 16 18 55
75 57 18 55
75 75 18 55
75 83 21 55
739 726 10 55
739 723 12 55
739 765 13 55
739 757 14 55
739 764 20 55
77 28 10 56
77 46 10 56
77 77 10 56
77 57 17 56
77 75 17 56
77 83 20 56
454 441 10 56
454 455 11 56
454 394 13 56
454 454 14 56
454 452 17 56
454 454 18 56
454 464 19 56
454 394 20 56
646 618 20 56
41 11 16 57
41 16 16 57
41 57 16 57
41 75 16 57
41 83 19 57
278 316 14 57
278 237 16 57
689 723 10 57
709 765 10 58
709 757 11 58
709 764 17 58
496 454 11 59
496 452 14 59
496 454 15 59
496 464 16 59
763 757 10 59
763 764 16 59
752 764 14 61
75 16 11 62
75 57 11 62
75 75 11 62
75 83 14 62
716 764 13 62
731 764 12 63
765 764 11 64
726 764 10 65
28 83 10 66
46 83 10 66
77 83 10 66
441 394 10 66
579 618 10 66
