429 468 3 1
429 393 4 1
429 435 9 1
429 375 18 1
429 374 19 1
429 464 20 1
429 468 22 1
429 468 23 1
429 468 25 1
429 467 26 1
429 464 28 1
429 465 29 1
429 382 40 1
429 449 41 1
429 375 42 1
429 468 43 1
429 374 45 1
429 468 47 1
429 413 49 1
429 413 50 1
674 631 3 1
674 680 4 1
674 661 9 1
674 721 20 1
674 714 21 1
674 721 39 1
674 650 40 1
674 676 41 1
674 720 43 1
674 656 47 1
674 720 49 1
674 654 50 1
44 34 22 2
44 34 44 2
44 34 47 2
44 34 49 2
337 338 1 2
337 393 3 2
337 375 17 2
337 374 18 2
337 364 23 2
337 382 39 2
337 375 41 2
337 304 43 2
337 374 44 2
990 989 4 2
990 1010 18 2
990 1023 18 2
990 1006 21 2
990 1005 22 2
990 1006 23 2
990 974 24 2
990 1005 25 2
990 1023 25 2
990 972 26 2
990 945 27 2
990 1010 43 2
990 1023 43 2
990 990 47 2
990 1023 47 2
1023 989 4 2
1023 1010 18 2
1023 1023 18 2
1023 1006 21 2
1023 1005 22 2
1023 1006 23 2
1023 974 24 2
1023 1005 25 2
1023 1023 25 2
1023 972 26 2
1023 1010 43 2
1023 1023 43 2
1023 990 47 2
1023 1023 47 2
338 393 2 3
338 375 16 3
338 374 17 3
338 364 22 3
338 382 38 3
338 375 40 3
338 304 42 3
338 374 43 3
605 631 1 3
605 549 5 3
605 661 7 3
605 650 38 3
605 656 45 3
605 654 48 3
114 136 6 4
114 146 16 4
114 126 20 4
114 129 20 4
114 111 21 4
114 137 21 4
114 113 22 4
114 146 23 4
114 121 37 4
114 145 37 4
114 146 38 4
128 136 6 4
128 146 16 4
128 126 20 4
128 129 20 4
128 111 21 4
128 137 21 4
128 113 22 4
128 146 23 4
128 121 37 4
128 145 37 4
128 146 38 4
468 515 5 4
468 435 6 4
468 464 17 4
468 497 18 4
468 468 19 4
468 468 20 4
468 468 22 4
468 467 23 4
468 497 24 4
468 464 25 4
468 465 26 4
468 449 38 4
468 468 40 4
468 498 43 4
468 468 44 4
468 502 45 4
468 413 46 4
468 413 47 4
631 680 1 4
631 661 6 4
631 650 37 4
631 676 38 4
631 656 44 4
631 654 47 4
393 435 5 5
393 375 14 5
393 374 15 5
393 364 20 5
393 382 36 5
393 449 37 5
393 375 38 5
393 374 41 5
393 413 45 5
393 413 46 5
680 739 2 5
680 661 5 5
680 721 16 5
680 714 17 5
680 721 35 5
680 650 36 5
680 676 37 5
680 720 39 5
680 656 43 5
680 720 45 5
680 654 46 5
989 1010 14 6
989 1023 14 6
989 1006 17 6
989 1005 18 6
989 1006 19 6
989 974 20 6
989 1005 21 6
989 1023 21 6
989 972 22 6
989 945 23 6
989 1010 39 6
989 1023 39 6
989 990 43 6
989 1023 43 6
245 247 1 7
245 258 1 7
245 223 2 7
245 265 2 7
245 204 19 7
245 304 38 7
245 204 44 7
255 247 1 7
255 258 1 7
255 223 2 7
255 265 2 7
255 204 19 7
255 304 38 7
255 204 44 7
739 721 14 7
739 714 15 7
739 769 23 7
739 721 33 7
739 741 36 7
739 720 37 7
739 720 43 7
247 223 1 8
247 265 1 8
247 204 18 8
247 304 37 8
247 204 43 8
258 223 1 8
258 265 1 8
258 204 18 8
258 304 37 8
258 204 43 8
549 515 1 8
549 497 14 8
549 497 20 8
549 498 39 8
549 502 41 8
223 204 17 9
223 204 42 9
265 304 36 9
515 464 12 9
515 497 13 9
515 468 14 9
515 468 15 9
515 468 17 9
515 467 18 9
515 497 19 9
515 464 20 9
515 465 21 9
515 468 35 9
515 498 38 9
515 468 39 9
515 502 40 9
136 146 10 10
136 126 14 10
136 129 14 10
136 111 15 10
136 137 15 10
136 113 16 10
136 146 17 10
136 121 31 10
136 145 31 10
136 146 32 10
435 375 9 10
435 464 11 10
435 468 13 10
435 468 14 10
435 468 16 10
435 467 17 10
435 464 19 10
435 465 20 10
435 382 31 10
435 449 32 10
435 375 33 10
435 468 34 10
435 468 38 10
435 413 40 10
435 413 41 10
661 714 12 10
661 650 31 10
661 676 32 10
661 720 34 10
661 656 38 10
661 720 40 10
661 654 41 10
375 374 1 19
375 364 6 19
375 382 22 19
375 375 24 19
375 374 27 19
375 413 31 19
375 413 32 19
146 126 4 20
146 129 4 20
146 111 5 20
146 137 5 20
146 113 6 20
146 204 6 20
146 146 7 20
146 121 21 20
146 145 21 20
146 146 22 20
146 204 31 20
374 364 5 20
374 382 21 20
374 375 23 20
374 374 26 20
374 413 30 20
374 413 31 20
1010 1006 3 20
1010 1005 4 20
1010 1006 5 20
1010 974 6 20
1010 1005 7 20
1010 1023 7 20
1010 972 8 20
1010 1010 25 20
1010 1023 25 20
1010 990 29 20
1010 1023 29 20
1023 1006 3 20
1023 1005 4 20
1023 1006 5 20
1023 974 6 20
1023 1005 7 20
1023 1023 7 20
1023 972 8 20
1023 1010 25 20
1023 1023 25 20
1023 990 29 20
1023 1023 29 20
464 497 1 21
464 468 2 21
464 468 3 21
464 468 5 21
464 467 6 21
464 497 7 21
464 464 8 21
464 465 9 21
464 449 21 21
464 468 23 21
464 498 26 21
464 468 27 21
464 502 28 21
464 413 29 21
464 413 30 21
721 714 1 21
721 769 9 21
721 721 19 21
721 676 21 21
721 741 22 21
721 720 23 21
721 720 29 21
497 468 1 22
497 468 2 22
497 468 4 22
497 467 5 22
497 497 6 22
497 464 7 22
497 465 8 22
497 449 20 22
497 468 22 22
497 498 25 22
497 468 26 22
497 502 27 22
714 769 8 22
714 721 18 22
714 676 20 22
714 741 21 22
714 720 22 22
714 656 26 22
714 720 28 22
714 654 29 22
468 468 1 23
468 468 3 23
468 467 4 23
468 497 5 23
468 464 6 23
468 465 7 23
468 449 19 23
468 468 21 23
468 498 24 23
468 468 25 23
468 502 26 23
468 413 27 23
468 413 28 23
1006 1005 1 23
1006 1006 2 23
1006 974 3 23
1006 1005 4 23
1006 1023 4 23
1006 972 5 23
1006 1010 22 23
1006 1023 22 23
1006 990 26 23
1006 1023 26 23
34 34 22 24
34 34 25 24
34 34 27 24
126 111 1 24
126 137 1 24
126 113 2 24
126 146 3 24
126 121 17 24
126 145 17 24
126 146 18 24
129 111 1 24
129 137 1 24
129 113 2 24
129 146 3 24
129 121 17 24
129 145 17 24
129 146 18 24
468 468 2 24
468 467 3 24
468 497 4 24
468 464 5 24
468 465 6 24
468 449 18 24
468 468 20 24
468 498 23 24
468 468 24 24
468 502 25 24
468 413 26 24
468 413 27 24
1005 1006 1 24
1005 974 2 24
1005 1005 3 24
1005 1023 3 24
1005 972 4 24
1005 945 5 24
1005 1010 21 24
1005 1023 21 24
1005 990 25 24
1005 1023 25 24
111 113 1 25
111 146 2 25
111 121 16 25
111 145 16 25
111 146 17 25
137 113 1 25
137 146 2 25
137 121 16 25
137 145 16 25
137 146 17 25
364 382 16 25
364 375 18 25
364 304 20 25
364 374 21 25
364 413 25 25
364 413 26 25
1006 974 1 25
1006 1005 2 25
1006 1023 2 25
1006 972 3 25
1006 1010 20 25
1006 1023 20 25
1006 990 24 25
1006 1023 24 25
113 146 1 26
113 121 15 26
113 145 15 26
113 146 16 26
204 146 1 26
204 145 15 26
204 146 16 26
204 204 25 26
468 467 1 26
468 497 2 26
468 464 3 26
468 465 4 26
468 449 16 26
468 468 18 26
468 498 21 26
468 468 22 26
468 502 23 26
468 413 24 26
468 413 25 26
974 1005 1 26
974 1023 1 26
974 972 2 26
974 945 3 26
974 1010 19 26
974 1023 19 26
974 990 23 26
974 1023 23 26
146 121 14 27
146 145 14 27
146 146 15 27
146 204 24 27
467 497 1 27
467 464 2 27
467 465 3 27
467 449 15 27
467 468 17 27
467 498 20 27
467 468 21 27
467 502 22 27
467 413 23 27
467 413 24 27
1005 972 1 27
1005 945 2 27
1005 1010 18 27
1005 1023 18 27
1005 990 22 27
1005 1023 22 27
1023 972 1 27
1023 1010 18 27
1023 1023 18 27
1023 990 22 27
1023 1023 22 27
497 464 1 28
497 465 2 28
497 449 14 28
497 468 16 28
497 498 19 28
497 468 20 28
497 502 21 28
972 945 1 28
972 1010 17 28
972 1023 17 28
972 990 21 28
972 1023 21 28
464 465 1 29
464 449 13 29
464 468 15 29
464 498 18 29
464 468 19 29
464 502 20 29
464 413 21 29
464 413 22 29
945 990 20 29
465 449 12 30
465 468 14 30
465 498 17 30
465 468 18 30
465 502 19 30
465 413 20 30
465 413 21 30
769 721 10 30
769 741 13 30
769 720 14 30
769 720 20 30
721 676 2 40
721 741 3 40
721 720 4 40
721 720 10 40
121 146 1 41
145 146 1 41
145 204 10 41
382 375 2 41
382 374 5 41
382 413 9 41
382 413 10 41
650 676 1 41
650 656 7 41
650 654 10 41
146 204 9 42
449 468 2 42
449 498 5 42
449 468 6 42
449 502 7 42
449 413 8 42
449 413 9 42
676 720 2 42
676 656 6 42
676 720 8 42
676 654 9 42
375 374 3 43
375 413 7 43
375 413 8 43
741 720 1 43
741 720 7 43
468 498 3 44
468 468 4 44
468 502 5 44
468 413 6 44
468 413 7 44
720 720 6 44
1010 990 4 45
1010 1023 4 45
1023 990 4 45
1023 1023 4 45
34 34 3 46
34 34 5 46
374 413 4 46
374 413 5 46
498 468 1 47
498 502 2 47
468 502 1 48
468 413 2 48
468 413 3 48
656 654 3 48
34 34 2 49
413 413 1 50
