32 6 79 69 255 130 49 16 46 163 71 44 40 40 40 30 28 18 37 23 9 46 85 0 
61 37 146 33 255 180 53 12 14 235 111 38 130 66 3 99 84 65 88 64 13 63 213 0 
84 20 59 57 239 183 43 41 56 73 26 50 142 46 47 122 255 108 192 44 13 39 182 0 
46 72 54 255 242 173 82 38 146 216 70 58 93 80 85 120 41 94 61 31 30 45 11 0 
64 20 121 88 54 131 128 15 255 186 139 63 57 47 36 26 22 156 136 39 25 24 184 0 
25 0 40 48 38 146 32 23 158 142 95 22 29 45 16 37 34 129 30 34 14 20 255 0 
19 13 14 31 72 147 44 10 61 155 98 53 31 96 26 59 44 136 94 10 10 31 255 0 
2 2 31 17 37 86 5 6 22 30 2 6 7 36 17 28 14 80 151 71 12 32 255 0 
4 5 29 31 64 107 47 21 16 7 27 30 15 15 11 31 7 75 202 222 46 142 255 0 
0 4 17 18 19 84 5 7 17 5 35 14 16 2 9 20 11 57 255 79 24 15 133 0 
13 8 78 6 64 103 55 11 18 14 33 7 17 14 45 34 45 77 255 83 38 46 249 0 
7 9 37 41 27 89 26 8 13 22 37 9 19 21 58 39 68 75 127 25 32 29 255 0 
8 7 40 60 38 70 72 24 12 40 24 34 24 46 43 77 128 143 95 110 36 108 255 0 
59 30 44 73 196 255 155 51 165 78 16 45 58 86 103 192 249 11 240 177 92 221 206 0 
7 21 122 30 38 95 48 59 62 15 20 28 5 22 75 62 32 80 79 130 33 92 255 0 
20 9 109 38 40 81 50 55 48 25 9 17 52 6 33 49 81 56 74 123 53 131 255 0 
4 4 44 41 18 32 63 13 54 7 6 6 6 18 37 21 27 31 37 108 59 4 255 0 
8 4 71 26 23 60 54 22 63 26 9 12 22 14 21 6 15 15 18 68 45 18 255 0 
18 3 73 36 10 101 33 29 69 35 35 17 12 7 10 13 30 27 33 35 40 57 255 0 
3 7 89 11 17 80 27 33 28 31 22 21 15 3 5 28 32 19 39 1 18 19 255 0 
49 8 125 59 33 62 25 33 51 46 22 31 44 53 26 45 15 19 13 81 21 46 255 0 
10 6 107 12 33 74 0 43 67 67 72 38 41 14 31 16 27 26 64 25 7 24 255 0 
22 11 89 26 27 55 44 25 20 35 15 13 30 1 29 21 11 6 15 49 14 24 255 0 
13 7 91 77 14 160 48 14 59 81 67 7 37 36 129 25 114 74 152 51 121 255 76 0 
5 6 76 51 57 225 28 27 18 19 28 10 50 36 166 14 100 56 98 95 43 64 255 0 
2 14 51 67 19 255 26 17 12 14 23 12 25 15 63 18 32 14 41 66 7 171 146 0 
3 9 63 33 26 131 18 17 0 9 1 11 7 32 23 19 51 10 14 25 30 52 255 0 
3 1 40 7 12 42 2 32 8 17 18 10 7 59 38 24 16 13 17 11 10 42 255 0 
2 5 31 10 10 88 14 27 18 20 1 13 20 42 40 20 54 12 26 27 31 21 255 0 
6 4 24 36 37 91 44 58 26 23 12 40 12 47 9 26 42 16 14 44 37 33 255 0 
8 32 141 56 113 123 130 77 100 42 54 120 38 177 132 33 255 49 240 79 101 166 156 0 
14 26 67 7 57 92 145 25 45 26 50 74 54 60 72 69 87 21 87 187 143 80 255 0 
13 3 15 34 30 15 80 46 35 29 43 54 47 38 13 49 57 8 11 145 25 94 255 0 
7 5 17 17 18 15 21 21 3 20 6 2 10 15 11 11 18 2 1 14 11 27 255 0 
2 3 25 8 10 17 4 15 7 21 13 7 9 11 6 4 21 2 3 14 13 27 255 0 
5 4 44 34 23 29 36 12 22 47 3 14 10 21 18 14 15 6 4 118 33 41 255 0 
1 1 35 10 10 2 16 7 13 13 10 7 11 12 9 14 13 6 2 69 17 36 255 0 
1 2 29 10 14 8 17 5 4 16 4 1 3 19 9 11 12 1 2 17 20 11 255 0 
4 4 28 13 10 16 4 5 7 21 9 14 10 41 12 9 6 3 7 51 28 29 255 0 
7 2 33 26 45 38 60 12 10 54 11 29 16 91 17 14 11 2 13 255 71 47 112 0 
4 7 92 23 32 26 57 7 8 89 45 54 32 41 8 11 4 11 14 255 123 103 206 0 
2 6 62 19 16 26 38 3 10 53 6 25 13 28 8 6 9 1 11 120 255 119 152 0 
1 4 72 9 28 21 23 7 6 28 8 13 11 79 7 10 3 7 3 202 106 60 255 0 
3 2 71 3 14 1 29 13 4 31 7 7 7 87 3 6 1 7 8 172 53 27 255 0 
4 3 95 16 27 6 64 2 12 27 6 9 10 156 5 10 5 3 5 167 31 13 255 0 
6 3 105 15 18 14 31 3 8 15 15 10 6 255 6 6 4 0 6 127 25 21 96 0 
17 15 111 25 11 15 55 7 11 19 19 13 8 85 10 11 5 0 11 53 59 20 255 0 
11 18 42 34 29 22 55 6 8 18 19 7 8 255 4 5 9 1 5 4 39 6 156 0 
5 5 12 5 0 3 12 3 5 11 3 3 4 255 12 5 0 2 3 28 16 6 76 0 
1 6 4 9 7 5 16 1 4 5 13 3 2 255 2 2 0 3 1 56 15 8 74 0 
2 3 19 20 18 11 39 6 13 19 8 5 4 255 5 6 2 5 5 89 20 8 27 0 
3 4 21 14 4 9 55 2 16 20 9 7 4 255 5 6 3 3 5 118 18 1 57 0 
2 8 11 10 28 11 91 5 11 26 8 23 8 255 9 1 5 9 1 84 27 23 139 0 
19 10 44 32 39 9 73 0 21 30 5 38 17 255 13 14 23 6 8 112 43 4 168 0 
22 11 30 59 49 16 132 11 20 7 20 29 9 169 2 19 15 13 8 230 29 30 255 0 
33 16 31 74 70 24 184 20 1 45 8 47 17 255 15 26 36 6 10 182 70 64 241 0 
29 4 16 110 69 32 145 11 24 62 34 34 29 248 15 24 15 24 20 255 44 24 196 0 
21 12 22 68 29 30 154 6 18 70 52 35 11 125 9 9 29 8 12 152 18 62 255 0 
24 5 19 73 40 28 28 11 5 18 36 15 19 191 10 21 22 10 14 81 29 73 255 0 
49 77 25 103 113 52 240 23 58 61 59 35 28 137 27 22 33 37 7 200 129 117 255 0 
141 20 42 120 65 45 59 11 22 101 114 38 69 255 37 28 31 58 71 116 29 75 120 0 
93 15 49 47 127 33 43 7 28 147 58 40 50 255 21 40 42 75 59 146 136 80 30 0 
118 22 50 30 40 18 47 14 19 133 25 24 43 255 12 30 18 11 17 42 156 32 55 0 
139 56 109 25 66 8 28 5 19 93 2 13 42 255 17 19 34 58 17 191 175 34 52 0 
255 23 94 182 41 17 14 16 29 200 18 12 11 238 6 28 33 74 27 148 90 28 63 0 
189 12 117 12 56 24 41 25 73 235 9 18 25 255 18 26 16 86 21 122 143 29 35 0 
62 8 91 72 3 23 38 79 7 227 19 17 36 255 7 24 18 61 15 99 119 59 54 0 
48 6 117 23 14 19 10 13 33 225 13 21 4 255 8 11 13 37 5 128 119 24 108 0 
114 16 173 81 21 26 49 4 36 255 8 41 49 84 10 24 34 53 10 137 138 15 132 0 
30 2 98 3 15 9 55 5 21 107 19 14 12 255 9 2 8 2 5 72 56 10 101 0 
34 7 94 25 13 13 72 2 13 58 11 4 33 255 3 5 5 4 9 23 31 1 99 0 
40 11 97 33 5 25 101 5 22 20 15 13 30 255 8 4 8 27 11 8 36 38 114 0 
45 7 61 17 26 24 59 0 17 39 1 8 11 70 8 25 2 12 12 32 11 32 255 0 
24 7 42 5 0 16 50 11 18 66 15 4 9 30 4 8 5 13 15 36 11 46 255 0 
49 11 47 27 41 24 62 13 18 51 13 15 9 249 3 18 8 22 12 27 21 46 255 0 
58 4 88 9 32 33 48 12 57 100 47 12 32 250 23 3 27 27 28 104 34 41 255 0 
20 9 11 24 22 13 79 8 35 98 34 13 20 255 19 8 23 2 12 37 21 85 137 0 
11 13 38 52 21 37 50 20 26 134 35 23 52 255 27 47 45 33 31 49 25 48 253 0 
110 16 40 20 63 38 58 15 25 165 16 15 18 255 8 116 39 43 33 106 80 24 201 0 
26 17 13 17 22 23 65 12 11 152 11 18 27 255 5 51 23 31 43 93 36 68 176 0 
21 14 14 25 25 18 28 16 23 128 3 2 15 100 151 99 255 85 139 42 40 59 97 0 
42 9 34 42 36 12 52 30 16 209 20 12 22 255 136 94 86 43 32 16 40 83 185 0 
24 1 43 51 8 22 85 14 46 255 12 17 46 196 58 47 21 32 13 176 63 108 236 0 
15 2 33 9 14 21 88 35 11 232 20 22 24 255 21 6 8 27 10 34 6 29 186 0 
26 13 18 35 26 25 57 47 23 196 17 19 10 255 37 43 13 39 5 83 103 52 69 0 
11 3 18 3 26 38 31 31 24 199 29 23 26 255 27 24 8 16 7 29 59 68 71 0 
21 4 33 8 20 7 50 10 17 150 20 13 5 255 11 20 5 16 5 21 63 136 172 0 
9 5 24 16 16 3 48 8 8 140 29 8 17 255 8 13 2 10 3 32 63 53 204 0 
13 4 32 13 13 14 65 8 15 136 20 27 2 255 5 15 4 14 4 91 79 28 190 0 
17 3 16 26 15 22 53 1 12 203 19 8 15 255 14 23 8 20 3 75 102 110 88 0 
11 2 19 5 20 22 136 15 14 137 21 16 6 255 10 11 5 13 2 67 83 23 76 0 
12 13 44 100 40 54 117 63 52 162 136 94 67 255 42 18 1 47 26 229 180 212 236 0 
12 18 62 80 17 47 184 20 27 77 95 21 33 255 11 12 7 29 21 94 57 98 138 0 
21 22 63 9 72 63 99 67 42 130 102 36 54 255 62 38 145 126 147 63 49 104 150 0 
16 21 107 27 14 73 24 18 44 13 145 29 23 185 9 11 20 20 24 34 66 218 255 0 
2 2 59 15 12 13 39 37 40 35 29 23 0 192 4 9 11 11 14 53 8 27 255 0 
7 9 54 11 17 38 53 30 28 73 11 12 2 211 11 3 3 6 14 47 46 17 255 0 
1 8 39 51 41 1 70 16 20 50 19 18 15 255 8 13 1 7 7 59 23 102 196 0 
8 7 35 13 34 3 66 20 18 11 22 10 13 255 4 20 8 10 8 62 10 126 40 0 
5 1 15 23 25 14 17 8 13 59 15 9 21 255 6 3 4 7 6 57 8 186 54 0 
6 2 22 27 20 11 26 12 24 50 5 11 9 209 15 6 12 8 9 41 24 42 255 0 
3 2 0 18 9 7 4 5 6 15 6 5 10 93 3 5 3 2 5 41 6 77 255 0 
2 7 3 18 17 17 7 5 12 49 2 3 10 153 11 10 4 6 11 27 0 98 255 0 
1 4 7 47 15 14 20 8 39 59 13 12 10 205 9 13 3 7 5 40 30 103 255 0 
9 13 7 36 24 29 48 16 15 74 6 12 13 255 13 5 6 17 12 105 61 101 206 0 
4 16 10 28 25 22 23 4 47 112 12 6 14 255 16 18 4 12 10 81 117 172 134 0 
4 6 5 17 17 10 8 3 14 52 4 6 4 110 8 12 4 10 9 63 49 89 255 0 
4 7 7 6 16 4 15 2 12 35 4 4 10 112 6 1 0 7 5 33 17 83 255 0 
2 3 2 18 12 6 15 9 10 23 5 2 7 45 6 1 2 4 4 7 17 30 255 0 
9 5 4 16 12 9 17 3 10 30 4 6 6 67 3 12 1 3 4 17 12 133 255 0 
31 26 24 105 27 31 89 95 58 131 13 16 30 220 25 44 12 43 60 108 60 255 79 0 
4 6 2 29 8 11 22 10 12 42 5 6 8 91 8 15 3 6 6 15 44 255 156 0 
4 3 3 26 9 11 16 1 11 33 2 7 4 165 8 12 1 6 1 17 29 134 255 0 
3 3 9 29 15 18 19 1 10 32 2 4 10 87 4 9 3 11 8 45 26 255 237 0 
2 1 1 7 0 2 7 0 5 19 1 1 6 53 3 4 0 2 6 9 12 42 255 0 
6 3 8 7 7 10 3 1 14 15 5 3 5 83 4 6 3 7 1 3 18 157 255 0 
24 19 12 55 50 44 25 6 29 50 9 4 26 246 23 34 7 9 11 91 56 166 255 0 
4 13 10 16 8 7 9 5 15 10 6 5 6 90 7 10 8 9 8 20 15 72 255 0 
7 9 9 19 10 8 8 2 6 13 4 2 5 73 4 8 3 3 3 4 18 88 255 0 
7 9 7 9 5 7 5 1 7 4 4 1 7 58 6 2 2 5 4 10 10 30 255 0 
7 3 6 13 5 4 2 1 6 6 4 8 2 36 7 1 3 4 2 11 6 57 255 0 
6 2 27 6 10 9 14 5 8 1 6 24 7 48 7 12 5 5 2 12 45 100 255 0 
22 6 19 8 10 7 7 2 9 14 10 10 5 29 5 10 3 5 2 53 255 123 124 0 
159 32 41 54 13 23 14 4 23 26 22 19 19 43 13 33 12 4 9 144 146 255 172 0 
4 13 12 68 19 23 23 3 17 14 7 9 26 23 9 32 5 5 7 5 38 144 255 0 
22 5 11 111 8 16 16 5 16 29 6 56 13 28 6 27 7 11 12 19 33 195 255 0 
37 24 33 47 22 29 7 13 19 27 8 10 10 40 5 27 6 8 16 28 30 55 255 0 
47 12 36 77 68 37 10 7 30 4 8 26 23 59 39 32 57 17 51 13 58 68 255 0 
2 11 4 7 13 12 4 13 15 30 14 13 4 61 13 16 17 8 7 24 34 106 255 0 
5 8 10 35 23 18 35 3 16 45 9 12 13 121 14 27 2 4 3 33 18 168 255 0 
15 10 6 61 22 28 30 0 13 11 4 13 9 128 7 42 6 10 9 3 32 54 255 0 
54 17 19 52 55 81 59 4 23 57 19 38 40 158 10 68 12 15 12 6 29 184 255 0 
126 32 9 87 19 178 96 17 51 60 9 75 15 73 18 81 12 6 15 52 72 235 255 0 
205 111 26 187 81 244 107 38 41 121 37 62 67 135 18 103 21 20 38 85 33 255 104 0 
132 59 18 84 42 47 23 4 26 36 9 41 22 180 18 69 7 5 18 47 41 134 255 0 
165 45 18 43 17 36 18 7 24 58 10 24 18 90 8 20 31 10 16 19 15 190 255 0 
223 33 20 12 72 72 86 11 38 54 38 29 44 90 7 88 32 36 79 51 91 124 255 0 
38 52 16 40 80 126 31 19 7 53 10 32 108 106 31 122 206 39 134 25 188 92 255 0 
138 43 27 34 43 204 21 17 34 2 6 57 77 77 36 9 61 21 53 74 34 228 255 0 
113 6 10 42 25 59 7 9 18 25 14 39 46 71 19 11 16 21 13 11 0 82 255 0 
70 27 7 44 25 84 25 6 27 18 27 99 16 90 31 8 22 62 4 35 21 143 255 0 
29 13 3 57 50 19 24 9 53 27 23 69 24 98 35 8 13 49 14 17 50 253 255 0 
27 13 7 19 33 40 16 6 10 14 16 70 27 70 14 35 4 27 11 33 30 89 255 0 
104 35 11 37 48 48 37 13 33 24 25 138 4 122 10 80 20 45 14 60 31 255 142 0 
60 11 11 12 26 55 13 15 25 12 9 94 13 67 17 29 13 20 12 25 42 250 255 0 
31 38 15 169 29 66 65 33 68 49 40 110 38 113 25 43 44 40 41 64 22 255 205 0 
16 14 22 92 21 17 36 12 47 5 28 17 52 26 23 19 14 24 23 57 19 166 255 0 
26 2 35 44 17 12 18 8 24 6 19 21 17 45 15 53 19 33 17 33 18 255 220 0 
21 5 17 28 15 29 4 8 12 17 7 11 12 26 2 26 4 19 10 26 19 255 87 0 
30 1 21 32 35 42 5 16 30 18 26 7 12 32 24 34 20 23 4 19 33 255 110 0 
28 54 106 40 30 97 24 83 67 2 56 32 15 222 59 69 29 83 62 11 54 255 220 0 
58 32 139 15 51 98 43 255 202 116 104 46 41 80 21 59 31 90 24 128 61 247 143 0 
86 15 59 38 49 72 56 58 32 56 55 40 35 43 24 10 2 50 39 65 11 216 255 0 
66 4 15 34 34 43 28 26 43 43 37 10 48 52 26 46 3 35 26 29 25 227 255 0 
68 14 11 40 42 45 36 22 46 49 21 27 37 89 22 27 26 10 28 42 42 255 92 0 
23 17 26 43 50 35 19 4 37 19 7 23 23 40 32 18 18 19 26 80 48 130 255 0 
12 9 16 54 18 4 8 24 8 23 15 13 16 39 16 22 10 6 14 32 2 255 202 0 
17 8 12 30 47 5 18 15 30 17 14 17 22 37 31 35 12 16 22 3 7 97 255 0 
4 9 24 77 45 4 25 31 37 38 5 12 46 13 22 61 78 17 8 43 67 76 255 0 
11 34 49 37 77 10 25 121 91 72 32 15 51 6 29 61 73 44 39 64 124 84 255 0 
23 11 26 51 43 65 66 31 6 28 37 15 34 36 25 24 63 51 29 66 106 255 130 0 
2 4 4 24 21 22 12 22 12 14 14 7 7 5 52 17 76 32 51 57 255 153 41 0 
24 4 7 106 36 96 55 103 34 31 11 18 22 55 56 40 55 97 49 167 255 249 136 0 
18 14 8 37 16 35 17 66 25 21 13 5 15 35 27 22 47 111 22 106 92 255 149 0 
18 1 2 223 37 17 15 64 51 21 30 5 24 16 16 17 16 59 7 86 117 170 255 0 
11 7 14 154 83 31 20 62 70 47 34 22 26 102 30 5 33 85 7 63 114 255 185 0 
6 23 20 197 76 114 16 112 58 29 35 22 37 59 31 25 77 51 20 90 118 255 232 0 
4 5 5 53 33 32 18 72 42 13 28 17 37 66 18 26 27 43 15 18 33 255 215 0 
5 8 9 14 20 22 28 8 31 11 26 24 25 25 9 21 15 15 7 54 19 255 133 0 
5 7 27 92 45 27 32 49 49 48 34 31 56 82 19 63 33 45 19 25 109 255 98 0 
14 10 25 23 31 47 17 49 49 64 24 13 37 20 14 78 25 57 35 142 64 255 81 0 
6 5 30 51 28 33 26 18 18 8 10 22 13 17 15 26 10 32 9 17 26 255 23 0 
21 35 50 138 98 33 78 25 81 25 58 31 30 72 60 49 34 51 33 90 123 255 211 0 
17 42 39 8 56 81 35 8 42 21 27 14 19 78 44 36 43 55 20 29 126 57 255 0 
15 32 201 193 110 147 13 68 121 43 95 110 82 228 33 141 70 81 73 134 222 255 182 0 
27 41 40 17 25 87 76 8 23 68 46 33 108 114 15 58 6 9 29 23 56 115 255 0 
27 32 112 58 24 78 46 28 68 51 20 18 70 111 29 36 31 30 27 33 31 255 111 0 
16 11 77 174 69 77 174 89 111 27 230 149 62 100 99 9 62 132 37 153 20 255 163 0 
14 41 142 141 44 74 69 10 133 82 192 45 59 25 45 41 92 90 11 86 72 255 155 0 
10 14 20 61 55 16 50 23 67 88 255 202 40 14 34 109 77 96 41 69 26 76 175 0 
13 20 58 76 33 31 17 6 55 76 255 162 57 56 18 71 17 49 37 40 17 96 146 0 
9 20 62 92 40 111 25 40 134 117 186 210 60 84 255 139 140 92 22 98 36 109 200 0 
28 7 67 64 62 62 31 16 55 117 255 13 36 9 37 47 29 38 49 65 16 127 165 0 
90 30 101 114 87 138 29 27 166 255 215 53 31 65 31 69 71 36 71 30 21 131 208 0 
63 8 130 18 50 35 7 37 23 70 168 14 23 78 67 50 36 65 16 53 17 127 255 0 
27 19 75 30 108 130 37 4 65 105 94 92 11 33 63 58 57 69 41 61 20 152 255 0 
37 30 39 55 79 153 5 14 102 18 144 126 32 91 50 32 7 24 8 47 51 255 222 0 
13 4 44 139 81 81 120 46 77 71 101 251 93 16 2 69 14 60 38 115 48 255 175 0 
3 6 82 64 31 28 40 11 32 2 53 38 3 63 14 20 14 34 14 16 23 255 107 0 
1 0 34 11 16 16 3 3 29 7 19 18 13 32 15 11 2 13 8 28 2 255 100 0 
9 20 32 75 59 6 69 32 108 100 39 53 57 70 17 21 16 29 36 50 13 255 173 0 
14 6 13 62 15 10 23 3 52 16 12 27 32 32 12 10 16 44 26 34 5 255 51 0 
29 18 15 65 36 18 46 19 58 76 40 18 17 88 37 21 8 61 47 89 70 255 145 0 
9 12 6 28 26 15 9 52 81 45 18 2 17 78 18 18 5 53 35 104 69 255 63 0 
10 4 4 23 0 17 36 62 11 13 8 28 9 7 29 70 110 19 39 41 255 44 34 0 
9 11 9 14 22 30 71 22 26 35 22 10 4 64 8 19 19 54 72 39 70 255 100 0 
6 10 13 27 12 18 2 6 28 13 7 3 7 111 4 28 12 13 1 29 42 255 143 0 
22 21 19 34 31 32 10 53 50 23 8 17 4 103 10 33 10 21 74 49 23 174 255 0 
5 8 14 22 15 6 9 3 14 15 11 15 6 21 9 8 15 12 15 27 12 255 45 0 
38 14 42 53 49 34 20 20 47 2 15 30 52 13 25 18 30 15 37 30 33 255 27 0 
41 8 32 23 32 11 28 12 27 22 18 21 13 15 11 21 15 8 18 33 7 255 163 0 
32 22 35 51 52 31 15 18 33 39 12 3 10 50 38 27 18 6 23 17 13 171 255 0 
37 13 33 28 37 24 36 4 30 30 35 41 7 26 26 29 25 5 28 44 15 230 255 0 
25 16 50 54 50 17 47 28 36 59 9 50 25 16 16 28 20 3 28 67 178 255 76 0 
63 15 62 74 32 30 80 5 5 87 3 31 6 15 47 26 9 7 36 57 91 123 255 0 
52 7 62 52 54 51 46 37 40 118 52 54 37 147 28 46 11 29 32 11 59 255 103 0 
58 8 15 59 73 52 75 12 49 85 20 14 35 58 22 38 12 24 20 30 12 206 255 0 
99 87 26 112 60 54 76 29 19 48 14 24 17 10 77 63 20 54 29 112 27 255 235 0 
139 73 25 126 73 31 78 13 60 35 58 35 29 85 28 56 6 64 35 78 32 223 255 0 
113 107 9 11 32 10 47 9 23 9 22 41 3 22 38 38 14 38 32 84 14 255 130 0 
126 174 18 38 44 8 84 10 26 20 8 38 18 30 19 35 5 22 54 35 21 255 150 0 
255 202 8 109 69 19 16 23 22 40 25 27 7 40 28 26 8 54 49 25 18 234 58 0 
93 255 7 67 58 13 18 18 20 5 6 64 61 31 16 37 13 28 215 52 220 68 113 0 
255 198 23 61 40 22 32 1 9 85 26 40 104 73 26 14 8 90 60 44 98 238 96 0 
139 79 11 220 65 16 7 5 24 139 46 128 58 81 11 31 5 37 59 48 68 145 255 0 
63 63 14 81 8 10 21 3 23 18 10 105 31 13 16 16 13 41 10 70 53 255 130 0 
135 86 25 179 83 41 37 28 36 31 41 242 68 95 27 38 28 101 6 106 71 212 255 0 
8 26 7 28 34 11 5 11 14 7 11 104 23 117 5 30 2 45 8 11 34 255 188 0 
34 16 2 35 4 13 29 15 15 4 5 54 24 68 12 45 19 35 7 44 17 54 255 0 
14 4 7 28 14 11 9 9 11 3 16 29 14 6 6 39 13 25 8 19 8 194 255 0 
26 41 21 50 25 38 30 77 25 56 134 22 59 11 31 83 37 40 30 122 9 222 255 0 
11 6 10 25 8 12 45 46 18 26 11 28 87 51 17 29 18 29 7 5 4 164 255 0 
18 18 2 62 14 10 30 56 22 29 22 12 42 23 24 36 7 36 9 27 7 65 255 0 
7 2 6 15 13 6 24 8 16 5 10 6 25 6 13 17 6 12 5 2 4 20 255 0 
10 0 10 25 18 9 7 10 13 3 11 2 10 2 8 18 9 9 6 20 10 63 255 0 
10 3 3 18 4 6 13 12 6 11 8 6 6 6 9 14 5 9 5 11 6 39 255 0 
11 10 24 20 17 12 25 24 26 62 31 4 26 10 10 44 10 30 11 34 23 93 255 0 
18 8 18 46 9 13 3 100 58 46 29 25 17 40 34 55 19 45 21 52 31 95 255 0 
4 4 10 13 7 19 11 31 10 8 28 16 33 3 24 30 32 33 21 10 17 35 255 0 
22 33 17 98 64 28 25 42 12 31 103 28 102 74 163 53 39 83 76 35 154 119 255 0 
33 48 26 64 63 59 67 63 59 33 73 66 112 124 108 85 55 22 88 91 65 151 255 0 
14 10 28 26 29 19 36 41 26 5 8 15 23 47 37 31 25 12 15 33 4 27 255 0 
2 1 14 8 8 4 7 11 5 3 11 1 11 16 13 11 18 10 3 7 4 15 255 0 
6 4 2 18 15 23 21 40 6 15 7 4 13 24 9 16 3 4 5 14 11 27 255 0 
5 4 11 16 16 16 22 12 15 10 5 5 12 10 4 13 1 6 6 9 6 58 255 0 
11 6 4 7 8 10 22 7 16 3 22 6 13 22 5 11 10 2 4 21 5 42 255 0 
21 11 8 22 24 25 61 13 29 18 32 11 57 12 15 19 13 6 3 9 6 12 255 0 
36 7 5 45 12 16 59 14 80 10 8 3 6 72 5 20 7 3 0 36 8 12 255 0 
71 17 46 25 42 26 72 82 46 22 7 29 29 149 23 76 15 4 5 60 14 116 255 0 
14 11 11 11 15 19 19 12 7 6 3 8 16 22 1 44 9 5 5 14 11 32 255 0 
5 5 1 16 32 40 9 10 10 17 22 12 24 8 6 59 9 4 4 26 4 69 255 0 
11 18 41 50 49 15 58 27 20 58 21 49 59 24 8 135 10 11 14 33 18 75 255 0 
15 19 31 28 29 34 14 4 33 35 15 30 21 7 13 92 18 5 15 41 15 32 255 0 
8 7 8 20 10 19 5 2 7 10 10 31 72 7 6 44 7 2 7 2 5 31 255 0 
24 15 13 28 15 19 7 15 18 69 20 32 10 29 16 50 7 2 3 36 10 5 255 0 
25 6 10 16 23 6 22 17 17 45 19 40 40 47 14 48 6 3 3 7 4 46 255 0 
26 8 4 24 23 43 16 76 31 27 20 44 37 33 13 73 14 4 22 33 11 82 255 0 
41 17 17 42 50 94 33 22 36 30 40 54 41 31 19 127 27 10 85 29 13 63 255 0 
36 30 0 46 70 90 13 10 26 3 20 42 27 35 14 87 21 12 41 41 26 22 255 0 
64 58 66 45 159 47 66 21 16 99 111 8 43 36 42 126 29 12 83 50 70 206 255 0 
152 89 95 102 122 75 112 13 106 122 195 179 148 107 255 188 95 46 135 121 68 51 200 0 
144 95 21 47 32 162 34 3 13 130 102 40 100 65 255 90 106 34 53 14 90 55 117 0 
51 36 90 31 77 88 31 15 21 102 67 37 29 42 255 103 13 35 104 41 169 136 110 0 
47 44 218 80 114 109 45 37 57 50 72 120 67 52 255 208 38 68 62 100 35 143 165 0 
4 11 124 49 53 48 37 0 23 46 10 34 27 41 109 79 11 50 41 27 11 255 48 0 
13 6 123 36 43 30 27 6 20 22 14 6 27 35 21 47 5 46 11 30 23 255 0 0 
22 6 151 69 53 25 28 9 29 37 14 24 38 54 45 58 3 64 10 35 42 255 11 0 
11 4 129 113 86 27 22 9 30 8 46 19 22 63 98 36 21 100 25 6 86 255 28 0 
24 17 76 62 176 36 64 8 33 46 33 31 39 224 150 27 40 172 14 57 107 255 131 0 
7 7 55 85 224 34 63 5 39 59 11 11 43 255 145 26 4 143 7 73 79 83 56 0 
15 44 94 67 32 57 35 11 33 30 32 40 44 255 213 69 7 253 58 123 87 217 176 0 
2 13 28 33 46 40 62 22 56 21 40 17 48 65 133 55 16 181 11 142 69 164 255 0 
5 11 24 26 27 43 14 24 16 18 2 11 18 9 61 40 13 250 14 13 46 168 255 0 
21 10 16 48 49 38 22 11 15 7 4 9 5 30 56 19 20 187 76 9 255 185 137 0 
8 6 19 32 38 66 20 23 6 11 18 2 5 32 4 20 14 255 20 25 34 11 121 0 
20 28 29 33 86 134 38 15 24 63 23 15 67 48 17 27 19 255 59 208 51 214 235 0 
19 7 44 48 100 192 14 12 16 24 44 15 53 47 63 38 12 255 53 23 23 151 251 0 
11 19 25 72 95 123 11 7 40 99 54 18 44 34 42 69 10 255 41 205 13 42 160 0 
24 11 52 106 113 60 22 6 64 59 33 27 26 38 57 81 14 216 8 255 17 156 111 0 
22 40 4 69 126 132 132 38 16 70 112 29 17 33 49 121 19 39 57 255 17 135 213 0 
23 16 57 24 119 161 73 60 88 255 78 36 14 60 77 122 7 134 49 61 19 31 89 0 
15 6 22 72 89 76 65 35 4 255 17 41 14 29 26 48 11 189 20 44 16 44 58 0 
19 5 45 31 55 83 66 46 29 255 21 43 14 125 28 23 12 228 7 108 16 20 111 0 
9 9 48 52 88 125 12 6 21 216 81 33 57 116 79 48 25 255 19 14 17 36 48 0 
11 3 17 33 75 35 24 21 11 95 55 23 44 100 69 119 173 52 110 31 9 0 255 0 
28 6 25 47 205 152 29 26 44 132 9 125 72 255 70 38 30 80 21 49 27 30 83 0 
14 20 34 43 126 110 58 6 20 124 36 40 27 255 25 4 16 62 3 21 22 9 193 0 
15 9 39 61 25 115 56 30 20 44 30 47 8 255 11 7 21 38 6 21 25 45 51 0 
8 1 13 53 27 59 85 21 5 28 41 44 27 255 21 21 19 7 16 40 43 24 122 0 
24 24 46 88 51 51 123 252 75 82 9 24 28 255 16 13 15 19 17 53 82 6 31 0 
23 12 43 163 67 17 188 182 119 5 64 39 35 255 7 16 17 1 35 13 70 21 31 0 
21 25 29 101 64 39 166 83 70 75 66 74 29 255 31 35 8 11 37 75 72 9 70 0 
45 11 46 238 125 146 255 88 10 38 71 22 51 128 38 31 34 29 24 146 46 55 134 0 
49 31 25 96 255 52 156 127 72 40 116 10 40 50 58 21 72 21 38 83 43 123 236 0 
14 14 11 40 58 50 106 23 17 23 44 15 20 11 6 18 21 6 13 47 255 187 41 0 
54 7 48 169 174 47 131 50 13 90 130 31 69 121 32 90 4 39 43 51 189 255 233 0 
17 19 53 255 118 50 169 66 43 36 8 68 44 30 23 102 13 14 12 7 58 75 117 0 
113 31 27 253 120 116 255 45 18 65 145 16 78 123 38 113 23 44 36 143 33 80 73 0 
109 64 15 163 72 56 94 44 9 87 50 95 21 27 33 66 33 22 29 255 14 86 151 0 
81 35 56 193 21 17 142 51 67 108 127 157 52 14 28 65 8 25 25 255 19 158 30 0 
30 24 57 116 166 66 161 14 24 49 49 119 43 116 11 87 12 46 7 255 14 170 102 0 
29 6 24 177 66 10 56 15 29 21 61 63 32 45 18 55 15 25 19 255 17 154 129 0 
75 40 49 255 59 68 182 33 37 38 58 38 16 68 19 59 12 25 36 106 18 50 112 0 
22 32 49 110 255 84 174 74 21 132 48 34 43 65 32 61 39 41 26 114 25 137 84 0 
16 2 5 45 255 13 14 40 2 35 21 23 11 20 7 18 16 13 7 32 9 29 12 0 
21 21 47 63 67 62 120 128 20 255 38 80 19 122 18 35 28 26 10 113 55 102 98 0 
7 97 37 162 186 106 126 249 109 204 159 1 82 97 34 27 108 109 38 131 228 255 42 0 
6 81 14 197 61 40 76 106 63 97 39 92 46 28 63 25 114 34 50 12 255 98 30 0 
1 42 14 255 36 32 93 6 49 12 27 43 9 85 34 38 68 9 34 49 72 79 89 0 
19 26 46 255 37 37 66 111 59 124 50 81 37 201 32 59 96 27 59 39 81 103 207 0 
23 11 15 116 29 36 21 24 27 41 20 47 26 57 29 34 10 21 27 17 255 110 217 0 
40 8 45 214 30 17 241 19 58 31 43 8 52 255 59 28 24 28 41 30 123 4 196 0 
62 20 65 45 11 39 167 50 28 62 89 31 30 174 72 35 9 43 5 64 67 114 255 0 
43 32 57 100 53 30 36 3 58 90 141 39 255 207 108 48 14 58 31 76 48 70 119 0 
84 6 44 220 22 66 45 1 38 161 204 76 184 161 58 31 34 35 42 10 45 46 255 0 
81 52 47 133 67 73 164 53 70 144 190 41 165 146 158 150 69 136 162 101 255 126 174 0 
52 22 64 72 47 97 255 76 147 209 43 79 128 109 175 201 94 209 121 39 82 249 244 0 
49 10 40 13 15 15 26 24 57 69 17 41 34 3 174 85 34 92 62 92 255 130 86 0 
42 51 16 28 255 255 31 11 21 48 49 38 52 31 186 102 162 103 168 42 255 74 77 0 
42 19 23 47 17 32 65 15 6 30 26 21 14 21 255 224 29 58 23 80 223 19 33 0 
36 4 76 54 21 53 47 7 45 37 39 17 10 13 255 118 10 62 51 74 26 13 32 0 
26 17 69 164 26 27 20 8 5 16 33 40 25 20 255 61 19 73 110 100 14 42 47 0 
29 15 69 64 12 26 119 26 81 57 39 65 20 15 255 11 21 91 247 142 20 25 156 0 
11 8 32 49 5 29 65 32 53 35 22 24 25 4 255 12 8 168 62 131 19 38 141 0 
145 39 26 22 28 94 46 255 246 29 12 23 24 4 39 11 8 255 255 30 70 81 141 0 
80 18 22 56 38 45 70 59 28 58 30 25 13 22 127 9 14 255 107 255 34 161 213 0 
33 31 37 52 32 50 72 29 35 89 54 23 38 25 46 8 25 235 99 255 37 147 255 0 
23 19 34 60 24 41 14 17 42 187 46 59 54 32 35 10 28 255 58 255 26 107 122 0 
43 21 23 96 43 47 37 18 17 36 103 99 74 51 40 13 20 255 45 101 21 107 255 0 
49 26 80 131 51 153 119 29 69 213 230 255 255 255 49 119 77 255 91 179 7 199 255 0 
