3 37 49 31 125 46 28 255 33 159 23 21 8 86 37 115 4 31 67 23 7 51 33 131 46 0 
6 57 30 40 76 9 69 255 3 126 26 63 14 74 45 54 7 168 158 111 26 21 74 41 38 0 
5 34 52 58 85 94 39 255 56 224 133 13 31 248 67 161 15 158 192 124 12 69 175 50 26 0 
1 26 22 92 224 54 77 255 74 78 74 17 18 65 24 120 2 71 127 58 12 44 48 128 27 0 
2 45 27 34 62 8 46 124 99 241 104 124 20 178 52 149 18 203 255 57 25 51 30 207 38 0 
2 13 49 33 93 19 58 60 43 22 27 19 20 80 23 80 15 123 86 84 37 42 19 255 22 0 
2 3 43 39 105 28 35 39 104 255 44 76 8 119 25 7 18 179 91 86 16 49 35 122 24 0 
0 6 46 5 64 24 20 124 52 255 62 25 17 99 39 60 7 97 13 41 15 37 91 83 16 0 
4 16 111 65 255 60 34 228 28 249 143 11 4 112 48 100 11 141 145 52 6 97 42 93 88 0 
6 3 38 44 55 5 23 139 95 245 73 63 19 24 46 118 10 48 38 191 15 24 50 255 37 0 
4 8 61 47 253 60 90 123 93 255 21 10 29 65 19 55 10 37 61 123 22 23 129 27 39 0 
1 4 20 50 86 57 55 112 99 64 25 27 3 42 36 255 8 9 26 71 5 24 17 44 10 0 
4 27 57 50 154 65 133 255 189 119 99 23 13 39 31 213 9 111 71 34 48 14 86 46 25 0 
6 32 39 55 200 48 47 165 27 71 83 34 15 13 34 126 22 168 255 172 30 45 60 106 25 0 
7 43 58 8 128 105 133 213 146 255 101 45 37 38 55 65 30 37 244 81 21 24 34 51 39 0 
10 79 71 63 3 167 52 240 123 129 152 97 4 55 50 187 30 59 255 131 35 78 23 211 13 0 
11 78 94 88 115 90 136 255 217 205 41 96 40 24 9 19 18 62 52 71 15 65 35 97 3 0 
6 46 53 18 86 40 19 255 71 109 65 29 18 26 3 65 7 48 76 48 25 55 20 52 39 0 
1 26 11 38 111 24 31 255 83 250 60 36 13 8 9 51 2 36 127 30 12 6 28 54 50 0 
6 10 13 27 202 62 39 255 32 172 66 17 18 26 17 99 15 26 38 37 38 41 20 44 52 0 
12 51 134 56 113 69 53 103 125 158 71 117 51 59 23 53 6 91 255 85 16 68 43 143 71 0 
10 54 23 24 157 39 71 86 125 74 60 76 33 43 18 94 11 48 255 45 41 23 19 85 62 0 
15 66 23 34 51 90 82 255 151 125 37 86 56 20 40 224 25 17 230 191 46 85 51 109 106 0 
12 43 34 50 96 52 107 103 133 116 43 21 14 32 26 42 9 108 255 53 24 3 53 60 78 0 
16 38 76 47 255 118 109 179 103 59 106 12 38 64 75 31 21 190 144 161 72 85 38 139 115 0 
9 15 61 18 173 65 83 255 96 33 19 45 17 47 32 97 13 46 9 113 20 25 23 56 8 0 
15 44 52 36 193 108 96 255 66 187 83 89 35 45 50 230 20 109 73 84 35 41 44 145 66 0 
12 12 22 27 236 21 49 255 133 68 12 78 25 32 18 87 13 92 169 141 30 72 41 77 73 0 
8 7 16 32 89 32 7 255 59 103 40 53 19 7 16 35 14 32 66 95 15 19 16 44 21 0 
27 42 32 57 189 179 196 255 52 144 81 53 63 112 70 159 16 110 91 234 33 107 82 190 163 0 
26 34 43 165 247 47 221 219 208 214 27 220 61 92 106 145 43 255 109 233 89 84 30 45 126 0 
14 18 24 56 141 98 12 255 127 211 45 91 57 60 52 144 4 35 155 144 23 30 59 86 66 0 
17 32 61 46 17 121 108 255 119 70 146 104 54 22 84 248 41 130 212 168 56 72 81 42 65 0 
22 25 30 113 183 42 117 100 74 35 179 15 46 96 126 255 27 18 217 175 69 93 75 102 64 0 
14 12 23 66 167 12 111 165 129 116 247 117 11 64 74 54 28 138 164 18 35 47 73 255 34 0 
10 26 31 33 131 66 172 3 61 40 255 68 43 54 95 97 38 101 162 78 30 75 18 245 66 0 
9 10 31 99 120 77 203 107 87 34 255 82 42 62 33 63 6 105 7 50 59 29 89 74 46 0 
6 15 27 26 122 44 73 20 37 78 255 51 68 31 58 77 13 94 66 47 23 31 29 110 25 0 
10 39 21 53 255 78 77 101 76 60 206 93 19 66 46 118 10 61 221 107 77 94 54 85 53 0 
12 57 28 128 24 61 255 107 57 82 138 154 46 174 26 82 30 55 148 200 65 99 12 152 37 0 
10 30 22 168 159 28 255 100 43 42 66 70 50 110 43 175 7 118 152 39 33 49 31 82 30 0 
7 33 21 96 153 93 150 32 90 71 203 139 20 140 48 171 28 49 56 107 95 139 26 255 34 0 
3 33 19 30 255 49 104 75 30 12 114 23 7 65 21 65 11 88 12 88 62 135 53 44 20 0 
1 24 9 71 255 58 56 26 67 29 38 60 14 58 26 33 20 44 11 109 37 69 38 96 52 0 
1 13 20 19 255 12 31 54 54 51 46 82 11 60 9 13 1 29 59 127 24 35 9 60 18 0 
1 7 11 23 255 67 26 187 125 133 93 100 14 57 35 23 14 44 25 89 49 70 21 44 40 0 
3 32 19 59 255 28 19 176 136 105 182 234 63 92 21 108 8 59 64 59 55 126 52 34 38 0 
2 12 8 70 255 91 33 124 136 111 43 38 13 50 17 6 6 14 9 39 42 55 19 21 17 0 
3 29 10 75 255 109 68 99 191 83 92 112 31 95 43 52 5 92 168 25 25 52 15 93 19 0 
1 10 12 67 167 104 35 255 145 52 131 40 13 38 19 66 6 53 70 44 21 31 3 68 15 0 
1 9 1 40 162 40 58 52 255 56 18 8 7 58 26 46 2 48 148 42 13 7 20 20 19 0 
0 29 15 57 20 87 91 255 251 60 132 26 5 44 13 105 10 41 74 24 34 29 18 18 21 0 
1 18 14 33 213 79 41 92 255 58 147 37 13 8 21 47 9 40 125 40 25 6 15 28 8 0 
0 41 25 61 83 68 35 115 177 109 144 70 16 57 12 102 10 91 255 29 35 20 18 61 3 0 
1 39 6 95 165 9 76 132 145 97 255 54 3 10 14 62 12 151 220 116 33 21 37 37 8 0 
0 41 24 50 20 69 69 255 12 192 207 85 2 29 15 28 6 101 119 24 3 30 48 105 18 0 
2 84 10 89 251 39 50 222 216 85 179 52 5 28 9 98 4 93 255 19 3 5 25 16 27 0 
3 120 2 115 67 45 22 134 255 64 235 24 29 26 25 30 5 73 238 42 34 18 55 61 35 0 
1 54 44 37 162 23 38 106 119 105 255 68 6 24 15 89 4 23 142 67 11 19 28 24 23 0 
2 31 12 87 255 19 55 84 47 149 42 28 10 14 16 155 1 68 128 67 3 8 34 26 20 0 
0 30 4 34 255 41 130 211 58 217 223 77 2 31 47 163 1 124 18 73 3 31 29 23 42 0 
1 18 53 90 92 119 108 48 155 46 194 17 11 32 22 48 3 255 118 58 48 26 20 34 48 0 
3 31 14 98 58 56 171 178 169 234 255 18 3 50 16 107 2 172 42 84 14 14 29 11 61 0 
2 13 26 73 61 46 83 46 55 255 235 66 1 52 9 40 4 48 183 95 8 17 7 98 28 0 
1 24 18 44 29 31 28 102 52 186 166 36 0 20 15 91 5 108 255 135 11 32 27 105 7 0 
3 15 26 173 232 108 76 126 82 196 83 55 5 22 40 80 10 111 255 61 31 36 23 55 30 0 
1 31 5 26 153 36 38 9 39 255 94 52 1 11 28 130 5 114 72 31 37 33 32 21 11 0 
2 63 18 93 108 65 43 68 107 20 81 2 9 16 11 50 5 181 255 31 14 14 25 66 4 0 
1 57 16 87 6 68 32 67 53 63 32 20 6 10 5 48 3 234 255 49 25 9 23 38 8 0 
1 81 15 144 96 58 37 18 50 24 41 28 12 22 13 68 1 255 216 8 20 23 23 30 13 0 
1 76 3 59 46 58 29 9 54 43 60 22 9 6 8 137 5 255 41 8 22 24 25 33 16 0 
1 73 12 66 74 93 24 38 23 44 168 28 13 30 24 30 5 255 78 25 62 9 24 87 20 0 
2 49 28 69 161 13 7 37 195 27 77 10 31 25 18 16 8 255 233 21 58 39 10 61 5 0 
1 31 30 48 184 59 16 37 155 155 53 17 47 35 13 62 4 255 185 16 35 10 10 26 17 0 
1 26 4 37 255 20 9 34 115 25 10 32 39 5 14 70 7 120 123 18 8 20 4 15 13 0 
0 13 8 7 255 25 4 22 55 21 17 25 19 2 9 21 1 27 115 3 13 12 3 3 6 0 
0 10 5 1 255 5 6 14 11 12 16 34 29 11 6 37 6 7 74 12 20 30 3 14 8 0 
1 9 11 19 255 41 2 17 65 33 43 33 24 11 14 26 10 24 91 14 35 25 4 40 7 0 
2 29 11 76 255 43 32 7 114 64 135 34 36 8 13 90 13 78 199 21 27 9 7 88 7 0 
1 8 8 110 255 47 2 17 118 85 139 13 52 12 14 97 8 55 192 47 18 25 22 83 10 0 
1 13 3 110 255 8 18 49 154 97 155 51 46 27 4 111 10 75 86 18 18 29 19 30 26 0 
0 18 11 80 255 18 24 45 114 33 160 37 27 12 11 121 7 20 212 30 16 20 2 55 14 0 
2 5 17 110 242 45 14 63 255 66 229 68 35 46 13 237 8 82 76 27 24 21 27 16 39 0 
1 20 72 255 32 81 16 122 184 184 186 93 38 53 46 116 30 131 192 113 25 50 32 102 41 0 
2 36 24 239 220 9 3 65 220 46 36 66 15 50 21 103 1 93 255 45 16 12 13 82 51 0 
0 8 12 35 96 16 18 24 25 41 17 11 13 13 19 19 3 53 255 24 7 10 4 15 13 0 
0 27 7 157 113 68 25 50 186 65 119 25 19 84 25 49 11 63 255 41 7 25 19 36 21 0 
2 4 7 99 167 54 22 58 197 102 92 18 17 18 40 75 4 135 255 35 10 7 8 22 26 0 
0 7 10 66 128 7 7 8 255 75 42 3 10 20 2 46 2 183 159 2 9 9 9 51 10 0 
0 10 1 58 142 40 4 44 37 255 49 14 5 38 16 57 5 221 237 18 25 7 32 35 38 0 
1 10 4 48 62 29 22 23 61 255 8 8 9 30 9 8 1 66 199 15 11 12 14 33 14 0 
1 11 7 122 207 16 13 16 19 255 2 38 2 22 19 28 0 22 164 34 5 7 16 9 23 0 
4 47 10 150 75 83 32 27 157 201 67 101 40 36 24 108 7 127 255 90 5 42 25 85 62 0 
1 14 36 206 255 46 13 120 109 57 128 75 12 169 9 170 3 140 51 93 22 69 136 162 72 0 
0 17 7 84 17 72 15 52 77 68 27 71 41 56 38 41 5 31 255 107 19 56 27 53 15 0 
4 35 13 205 233 30 2 43 100 52 68 83 34 47 21 217 0 44 255 20 46 78 47 34 20 0 
2 28 20 106 143 52 16 41 73 123 9 52 11 68 17 161 8 27 255 22 21 70 16 42 17 0 
3 11 15 20 51 128 51 29 94 136 123 71 38 69 77 185 4 84 255 65 24 38 41 245 54 0 
3 14 10 255 114 48 56 12 201 114 140 59 58 66 78 80 7 85 94 79 10 38 9 16 27 0 
9 7 8 255 118 27 128 69 143 50 109 18 22 78 45 217 11 114 129 121 69 107 48 50 30 0 
10 26 31 255 237 149 78 25 204 172 243 131 33 127 82 97 17 116 230 80 18 7 70 131 33 0 
8 52 36 113 106 57 42 23 44 241 255 76 8 64 43 152 22 110 164 210 48 23 72 15 156 0 
2 11 6 52 76 55 44 23 131 99 255 27 39 40 22 151 6 42 125 58 60 35 16 148 35 0 
2 0 3 40 61 57 32 44 96 123 255 41 16 58 41 115 6 56 51 40 24 19 39 87 15 0 
2 4 21 129 116 15 87 141 255 29 91 36 65 102 80 184 17 51 221 200 18 22 64 179 41 0 
0 14 17 185 223 88 81 60 121 75 177 62 29 136 72 122 12 78 215 255 46 45 33 136 66 0 
1 7 5 181 255 98 33 56 218 92 171 58 12 95 18 43 12 33 67 168 29 57 62 33 38 0 
2 13 5 104 170 74 37 53 189 126 251 111 40 71 54 255 17 28 219 87 38 38 11 151 37 0 
0 45 4 115 255 27 23 38 170 31 107 95 28 86 25 254 24 57 140 189 43 69 57 65 31 0 
0 53 14 255 238 53 7 22 35 98 18 63 7 105 45 138 17 39 89 60 96 26 16 83 30 0 
1 38 17 195 255 136 14 83 25 147 13 97 25 102 26 65 23 36 140 145 19 28 21 37 41 0 
1 57 5 80 255 226 9 111 216 99 118 92 26 105 39 108 4 41 46 194 42 53 26 42 30 0 
0 40 13 254 208 181 32 170 255 61 132 111 36 24 6 231 21 32 197 137 48 34 60 47 22 0 
0 27 4 91 113 255 41 69 63 34 46 16 31 49 15 60 10 42 63 50 2 7 15 27 20 0 
0 44 6 41 66 255 29 84 24 23 66 34 21 51 31 141 8 30 143 22 20 22 11 12 20 0 
0 16 10 60 63 255 33 95 170 65 135 71 9 6 34 158 13 38 194 21 15 29 17 70 8 0 
0 14 8 19 76 255 58 71 135 32 128 47 9 17 7 105 11 53 17 64 6 53 14 57 13 0 
0 16 6 35 124 255 31 108 127 29 200 31 25 42 24 245 2 36 139 40 11 37 19 160 6 0 
1 13 13 27 92 255 44 119 117 61 64 71 8 38 9 86 0 11 78 49 11 12 26 37 10 0 
2 40 5 196 192 207 170 68 219 92 227 18 39 107 49 255 15 33 174 138 22 54 94 80 76 0 
1 40 11 63 41 43 64 69 48 19 166 33 24 29 10 255 8 40 82 64 24 27 22 164 9 0 
1 50 15 58 185 93 114 104 31 31 255 22 23 35 24 177 4 37 86 83 13 47 27 95 40 0 
0 18 10 178 15 44 52 46 114 32 111 68 13 27 22 255 7 28 133 21 21 29 5 54 10 0 
0 26 22 181 76 28 7 8 159 50 50 60 10 24 26 255 14 78 119 74 17 42 10 102 38 0 
2 59 14 255 196 59 58 59 183 137 36 92 20 60 14 250 33 47 201 67 47 36 96 184 42 0 
2 5 17 232 122 29 59 44 70 25 48 88 29 34 51 255 26 71 123 91 26 28 17 71 17 0 
1 5 24 231 146 54 130 51 157 32 92 131 29 30 55 255 24 67 134 75 59 42 77 79 40 0 
0 20 14 130 23 6 5 32 2 59 45 86 15 59 19 255 17 74 151 36 28 46 51 35 22 0 
1 20 17 114 164 41 120 29 52 49 134 73 10 15 67 255 14 59 180 10 44 66 38 76 25 0 
1 26 6 37 45 28 36 35 39 39 37 39 11 10 5 255 8 32 25 22 15 17 13 44 28 0 
2 7 25 131 16 54 10 51 23 38 94 91 16 31 6 218 11 77 255 35 9 25 45 19 13 0 
2 11 8 83 109 35 33 25 50 48 39 49 15 11 27 223 9 33 255 54 30 40 28 48 33 0 
0 26 19 18 95 54 44 22 95 34 19 31 13 72 17 145 3 7 255 100 44 48 21 133 40 0 
1 26 19 9 107 68 152 117 235 21 39 55 14 12 38 255 8 36 116 125 36 30 27 183 35 0 
3 39 11 47 112 72 120 78 153 83 84 11 16 56 41 255 4 36 117 24 25 71 28 236 36 0 
1 2 17 48 25 27 30 58 111 14 64 39 18 55 35 255 3 76 148 158 18 51 32 73 4 0 
1 15 15 44 54 38 96 22 19 14 30 63 11 10 41 255 5 58 14 93 49 83 58 179 22 0 
1 6 10 74 50 71 156 89 184 86 42 62 12 23 7 255 7 92 100 209 27 29 74 82 23 0 
3 12 41 82 255 135 18 103 199 107 39 11 38 55 15 205 13 50 119 211 23 58 23 119 120 0 
5 73 2 55 82 91 70 62 255 41 58 59 10 64 21 244 7 95 133 124 29 15 18 170 73 0 
6 51 35 59 124 81 31 82 255 152 88 55 44 72 43 229 11 202 155 177 42 50 99 189 41 0 
1 12 20 9 50 35 47 46 130 97 25 29 20 61 31 134 8 168 106 212 45 27 29 255 48 0 
3 45 32 13 5 72 34 59 66 83 19 22 11 64 55 255 24 49 101 59 24 13 5 158 14 0 
6 98 9 4 52 40 63 196 104 71 28 91 25 11 34 192 20 255 86 195 45 6 44 186 74 0 
1 20 5 16 50 29 23 30 36 50 7 15 14 18 20 255 9 29 39 46 2 16 20 55 20 0 
3 50 17 2 45 106 50 39 131 37 10 60 21 63 42 255 8 168 77 36 37 59 65 111 54 0 
5 102 42 39 69 60 94 26 46 118 20 198 62 119 92 243 18 255 94 87 12 66 126 94 51 0 
4 53 12 21 28 21 30 59 95 42 40 79 52 55 32 17 19 81 255 60 70 62 47 44 14 0 
2 36 6 4 53 28 29 53 89 5 65 62 55 45 14 134 13 27 255 49 14 33 24 28 9 0 
3 50 31 37 87 86 31 33 50 61 28 90 38 76 28 188 40 198 255 148 48 69 32 130 57 0 
2 7 37 14 65 119 25 8 68 255 97 135 92 20 76 135 37 155 31 47 62 53 59 116 96 0 
3 22 10 75 41 35 54 12 109 253 42 138 27 57 42 255 12 216 192 94 12 73 50 140 43 0 
1 2 17 39 40 33 29 45 105 255 53 48 60 67 25 164 8 38 166 55 23 95 8 106 32 0 
2 14 9 93 71 50 57 26 118 213 44 188 170 202 110 255 20 210 185 20 146 135 42 243 96 0 
1 12 9 27 28 33 6 20 97 187 32 17 24 48 26 41 4 9 255 42 26 6 51 86 103 0 
3 9 2 29 28 28 19 15 138 165 39 47 34 70 17 123 8 56 255 53 11 46 29 112 62 0 
0 27 3 31 40 26 55 120 238 179 42 58 43 13 44 212 8 132 255 70 19 61 11 153 56 0 
4 20 21 100 64 68 63 92 136 255 175 113 52 108 52 131 18 152 207 72 32 104 6 88 53 0 
3 19 10 51 75 125 105 82 77 255 211 96 22 73 108 121 9 130 82 89 41 19 47 35 75 0 
5 20 23 29 255 139 46 127 179 205 104 102 41 78 36 247 6 47 171 32 69 62 31 30 53 0 
0 2 28 46 36 46 38 62 120 38 22 26 10 33 35 255 6 75 64 46 11 30 32 58 38 0 
3 24 24 22 138 81 32 73 199 104 115 33 8 74 37 255 12 45 127 137 16 43 42 187 63 0 
3 41 10 77 115 161 84 33 50 170 124 27 2 83 30 255 5 155 58 19 36 47 24 71 37 0 
1 19 9 71 75 22 30 32 122 13 81 35 4 19 1 255 5 103 27 72 21 36 20 10 12 0 
7 27 12 170 101 123 70 122 153 77 136 52 32 50 43 255 7 93 190 164 59 67 69 101 40 0 
3 14 28 75 107 140 13 61 96 56 79 29 7 23 44 159 5 54 255 68 32 54 57 46 48 0 
6 10 28 206 131 80 74 88 50 58 255 62 41 71 47 28 4 111 162 73 14 34 42 86 11 0 
2 14 21 75 63 47 22 23 173 24 86 48 19 33 30 255 10 86 54 106 22 10 3 22 12 0 
4 9 15 112 57 22 151 30 93 125 255 47 55 112 84 107 5 157 166 144 33 49 22 210 62 0 
3 24 6 130 105 155 180 96 207 85 255 143 112 227 65 100 24 41 96 42 56 70 10 71 127 0 
0 34 17 47 41 27 98 8 108 34 255 64 48 102 66 122 20 32 122 48 25 18 15 53 64 0 
0 27 6 58 123 31 98 44 187 56 255 69 47 56 54 129 11 15 134 82 16 38 12 57 24 0 
0 30 2 143 219 147 46 55 22 55 255 85 13 31 11 74 4 36 95 73 13 31 4 64 34 0 
0 11 4 223 255 134 54 25 165 85 195 29 11 17 12 53 4 29 114 42 15 24 9 16 23 0 
0 50 7 255 150 156 41 83 158 79 95 76 15 15 4 83 9 14 96 21 18 54 7 14 28 0 
0 23 1 40 56 107 80 71 255 56 104 55 15 15 10 70 5 28 33 29 7 19 6 18 26 0 
0 4 2 45 21 47 19 50 255 16 123 10 4 10 1 43 6 4 50 8 1 1 2 34 33 0 
0 29 22 149 92 59 38 150 255 54 142 62 37 32 4 109 17 17 150 26 19 41 19 36 30 0 
0 52 27 86 95 126 54 73 93 38 255 62 13 53 16 52 17 42 149 91 68 35 11 61 63 0 
0 25 70 91 121 130 11 159 255 82 235 59 18 13 5 75 14 139 195 67 24 47 19 59 38 0 
0 39 74 62 60 134 54 244 218 74 255 31 15 37 18 74 9 67 151 29 16 22 25 100 13 0 
0 18 62 40 44 32 20 11 255 61 197 3 18 21 35 90 3 80 152 17 22 17 31 47 23 0 
0 18 55 24 59 41 12 50 255 71 196 32 9 78 13 109 2 21 29 20 11 15 16 60 18 0 
2 24 90 62 33 39 45 108 53 130 104 63 13 71 131 255 7 75 109 32 32 27 102 221 29 0 
0 23 20 80 17 41 6 94 255 34 110 28 8 123 31 116 3 42 177 23 0 7 69 140 31 0 
0 24 35 17 55 43 13 129 247 109 77 15 2 82 25 113 5 25 60 32 15 31 47 255 13 0 
3 46 56 33 88 36 32 153 250 89 12 5 19 153 5 164 6 88 255 34 6 10 166 104 28 0 
3 18 6 36 129 113 91 45 255 180 87 71 15 114 43 159 10 224 45 84 42 62 113 74 23 0 
2 8 16 21 106 132 66 139 209 89 24 46 9 36 111 165 2 255 128 83 13 28 58 143 60 0 
3 15 96 151 30 140 131 199 255 218 18 78 12 68 94 112 11 203 51 4 25 62 85 195 63 0 
1 16 65 65 255 82 89 181 221 36 8 63 7 151 42 204 18 66 177 150 30 51 52 136 141 0 
2 15 26 39 77 40 21 61 139 59 35 40 22 65 25 255 9 34 55 64 6 22 9 122 80 0 
1 3 43 9 70 20 11 35 23 51 8 88 10 18 10 255 3 52 69 40 40 34 13 146 35 0 
6 9 130 41 128 29 16 129 162 115 51 91 45 81 22 255 14 53 106 78 47 55 24 59 49 0 
2 8 11 12 61 26 17 54 34 32 18 5 6 38 8 255 2 32 40 17 13 14 10 97 33 0 
3 23 88 29 134 106 74 109 128 89 24 58 7 17 36 255 5 52 141 173 31 27 30 240 78 0 
0 9 41 25 121 89 50 57 25 34 8 53 4 40 8 255 2 70 56 2 12 24 3 53 44 0 
2 14 80 42 62 39 37 131 125 123 82 29 27 55 65 255 9 156 120 23 32 30 25 60 24 0 
1 9 46 9 65 14 11 38 34 33 44 18 23 33 43 172 5 24 69 31 13 4 45 255 23 0 
1 13 44 41 107 62 75 50 67 58 41 61 49 151 66 255 10 79 16 52 40 47 55 152 18 0 
4 23 66 17 164 127 89 156 79 84 27 207 22 108 53 14 43 255 223 83 106 175 59 64 88 0 
4 6 27 27 34 56 54 37 89 47 12 102 8 2 14 255 17 39 137 28 35 72 74 57 33 0 
6 10 23 25 255 41 38 51 79 63 92 127 17 19 73 216 38 51 116 71 37 48 64 238 32 0 
1 10 11 22 255 24 17 29 25 18 46 26 33 16 25 50 5 26 69 41 14 32 13 28 16 0 
0 2 5 23 255 20 17 30 44 35 53 23 4 25 18 61 1 8 59 17 34 17 17 69 11 0 
2 4 16 7 255 41 5 13 76 85 60 47 16 22 4 77 18 19 93 41 28 39 15 4 52 0 
1 13 5 16 189 68 33 16 255 44 112 75 64 57 130 40 32 54 161 55 92 43 13 38 19 0 
0 22 19 25 150 20 14 17 255 123 65 26 7 31 29 45 9 19 92 43 47 25 25 46 25 0 
1 40 20 43 120 63 103 90 255 160 182 43 12 25 22 199 20 71 80 110 19 68 83 236 90 0 
3 10 35 66 255 64 103 13 153 178 44 67 5 115 24 101 8 74 102 22 25 30 61 133 34 0 
0 22 15 64 130 69 28 45 255 137 222 45 13 70 8 97 2 90 98 29 29 39 7 53 14 0 
1 31 38 226 192 161 49 162 129 80 255 58 30 95 54 180 1 83 61 23 38 30 27 167 36 0 
1 16 37 209 115 122 34 70 253 255 223 65 10 42 38 129 10 114 124 22 27 23 46 172 19 0 
2 4 12 222 143 48 29 25 255 137 23 31 29 32 30 211 6 196 94 80 20 22 10 70 54 0 
3 46 17 227 26 73 70 100 146 203 65 55 47 11 72 190 11 255 146 70 18 54 45 175 41 0 
1 7 10 55 59 38 16 60 117 181 26 45 3 38 5 68 7 255 26 27 24 26 12 55 22 0 
1 9 21 31 21 39 29 201 130 228 37 20 10 35 43 255 5 196 149 116 32 26 14 53 81 0 
0 7 7 14 49 26 13 11 29 54 45 28 3 29 11 30 3 255 6 37 17 11 9 52 30 0 
0 9 16 53 38 14 13 88 98 132 77 51 5 10 22 170 1 255 181 18 27 45 19 15 13 0 
1 37 29 53 62 28 11 56 177 255 62 17 24 64 24 177 6 157 62 57 14 45 23 19 21 0 
0 16 5 23 97 53 11 21 111 151 84 14 4 39 28 132 3 108 255 31 9 11 6 27 22 0 
0 6 13 18 64 73 24 65 31 255 25 20 11 13 13 134 1 171 38 52 21 14 0 48 29 0 
0 6 3 7 29 19 5 23 34 255 18 2 0 5 0 14 0 77 72 17 6 7 2 18 11 0 
0 4 3 8 11 12 5 30 39 255 10 6 1 3 6 58 1 35 65 9 6 6 1 24 2 0 
0 21 3 10 47 46 22 60 94 154 44 33 6 11 21 18 2 94 255 25 5 21 1 5 1 0 
0 11 3 8 20 27 3 15 63 255 49 28 4 8 11 16 2 37 167 21 3 12 7 11 1 0 
0 8 3 32 34 10 17 42 37 255 31 29 5 33 45 134 4 97 150 31 8 11 7 42 22 0 
1 27 7 127 38 39 54 69 134 255 79 18 7 45 13 101 4 37 254 16 36 29 13 84 6 0 
2 44 3 64 90 76 26 88 119 255 87 69 10 38 26 117 15 98 203 75 11 38 39 110 21 0 
3 25 56 85 113 152 134 52 174 247 78 78 8 43 34 255 19 70 37 88 57 38 11 108 45 0 
2 55 47 161 11 99 49 79 237 255 100 10 1 34 24 120 24 76 87 35 31 4 17 34 14 0 
2 58 19 235 109 45 35 40 255 44 35 47 2 23 29 192 6 25 75 58 6 15 13 78 17 0 
1 24 14 255 29 158 65 51 123 36 59 19 7 48 36 40 10 26 28 105 14 0 11 38 3 0 
0 17 26 255 119 133 25 21 84 13 90 10 1 15 9 39 4 25 26 44 5 0 0 13 8 0 
0 10 32 255 74 17 114 32 196 39 45 27 4 22 12 71 8 29 79 35 15 13 8 21 26 0 
0 29 11 209 190 185 140 42 255 27 188 67 3 42 14 43 5 10 4 11 14 30 10 65 25 0 
0 27 7 139 240 79 54 52 57 27 255 20 7 4 7 17 8 4 104 13 44 20 12 4 31 0 
0 18 5 92 255 87 69 48 85 67 83 32 3 7 2 8 2 8 154 13 6 16 3 16 11 0 
0 30 7 192 203 116 167 43 255 81 116 35 0 36 13 4 4 16 149 20 11 5 8 19 22 0 
0 15 2 8 35 29 51 65 255 12 149 10 2 16 5 5 3 12 35 20 9 5 5 4 3 0 
0 29 3 73 117 35 40 156 255 24 232 28 9 20 20 9 8 20 78 3 11 16 10 15 7 0 
0 16 7 69 94 20 26 255 114 26 190 27 10 21 16 29 7 15 85 6 9 4 11 12 13 0 
0 2 8 40 160 43 57 255 67 38 66 5 6 8 6 33 2 10 61 5 9 10 8 23 9 0 
0 7 10 128 90 54 115 255 24 59 57 21 2 21 11 17 2 16 71 36 3 7 5 18 30 0 
1 16 27 103 255 42 58 77 44 116 174 19 6 41 3 53 1 17 88 85 17 10 5 27 31 0 
1 15 10 173 154 15 255 180 192 32 92 38 8 18 22 59 2 80 41 40 11 17 8 11 2 0 
4 13 26 80 255 54 79 147 148 47 23 16 3 5 10 44 4 47 26 19 6 4 4 33 5 0 
3 8 34 91 193 4 255 115 63 45 28 25 6 29 7 98 3 46 53 50 2 11 16 57 33 0 
7 11 16 121 165 26 213 255 137 27 12 40 10 18 24 8 6 93 150 43 20 40 35 72 77 0 
16 1 142 9 73 39 232 255 251 48 56 37 27 35 19 118 3 74 77 24 22 32 9 25 29 0 
15 5 112 24 72 61 44 255 105 41 66 49 15 27 25 172 2 26 73 48 17 42 9 88 27 0 
10 8 121 32 123 66 103 255 93 28 77 49 11 31 38 101 7 146 85 54 8 65 16 106 39 0 
10 1 145 73 134 61 91 255 75 53 32 17 14 40 17 33 13 57 115 96 10 36 16 47 37 0 
32 22 105 121 149 44 173 255 80 41 159 135 15 49 35 200 11 159 76 93 17 15 14 43 63 0 
79 42 17 19 160 123 255 172 180 62 250 231 11 112 70 114 13 209 43 129 77 34 40 66 44 0 
32 10 255 23 51 33 60 27 67 41 44 51 25 94 29 42 2 31 35 14 41 8 9 45 36 0 
23 19 255 24 21 39 79 54 16 72 70 145 80 108 40 74 12 120 226 46 84 20 14 150 80 0 
104 49 220 15 99 87 91 140 23 22 74 110 139 71 55 255 51 55 63 154 42 83 75 89 40 0 
23 29 159 29 85 60 69 101 44 95 105 255 16 105 88 61 15 34 75 65 92 27 32 135 4 0 
64 45 235 18 255 101 80 8 133 73 206 74 110 42 41 108 10 161 70 27 46 60 60 11 7 0 
23 23 255 58 107 149 10 76 30 104 193 90 72 24 40 20 8 29 40 55 31 47 48 73 52 0 
9 19 255 55 7 88 53 82 52 84 228 78 37 6 4 88 5 19 96 86 46 41 12 101 31 0 
9 29 98 58 255 85 141 58 98 111 36 106 24 121 49 130 16 35 213 99 11 38 79 160 43 0 
5 10 12 92 230 255 55 13 127 50 157 98 31 88 37 164 10 73 167 42 4 30 18 78 8 0 
3 14 23 64 255 136 29 16 31 47 102 37 33 65 43 55 3 4 86 18 39 60 25 21 13 0 
0 2 18 11 255 44 2 9 10 4 29 10 4 4 6 44 0 4 30 26 2 19 6 7 7 0 
0 1 8 14 255 40 4 4 2 14 19 8 0 2 2 5 0 5 12 2 2 3 4 3 6 0 
0 1 6 11 255 32 2 2 6 9 10 10 2 1 5 6 1 7 8 4 8 8 2 13 7 0 
0 1 5 13 255 8 3 6 0 11 8 8 4 5 6 17 2 6 2 2 2 4 1 5 8 0 
0 2 4 25 255 33 12 9 16 14 23 2 4 12 5 8 2 8 14 17 4 2 3 7 7 0 
0 4 3 49 255 15 15 6 15 47 17 19 8 11 4 41 8 16 14 20 2 5 12 7 14 0 
0 8 11 104 255 2 6 19 10 18 17 31 9 5 4 51 6 38 35 59 9 6 19 24 4 0 
0 6 22 226 255 20 22 29 100 71 10 40 12 52 28 45 2 95 46 67 8 12 52 38 19 0 
0 0 27 255 149 9 30 26 54 90 10 21 4 59 12 44 0 90 91 59 4 7 9 40 5 0 
0 1 16 255 121 10 22 11 20 24 39 13 1 7 18 37 2 31 134 23 3 14 26 28 7 0 
0 2 15 255 73 5 3 10 33 55 19 7 1 31 5 11 0 20 46 27 2 6 17 6 4 0 
0 5 13 255 104 5 3 25 11 8 13 13 2 19 23 16 0 8 20 17 2 9 14 7 4 0 
1 6 16 255 156 10 4 32 35 62 35 5 1 34 10 37 1 12 30 21 2 9 12 32 6 0 
0 12 18 255 181 17 9 34 24 54 21 23 2 21 14 23 1 20 65 24 8 21 25 33 24 0 
1 23 30 239 255 37 32 35 64 56 52 33 3 18 72 34 2 79 60 31 7 19 37 87 39 0 
1 31 51 244 223 58 35 90 255 189 66 78 16 76 74 71 3 117 113 48 18 79 51 46 42 0 
0 45 61 102 234 45 33 73 255 243 22 56 6 44 47 60 4 49 22 6 21 24 112 36 20 0 
0 73 96 100 164 22 25 163 110 255 121 25 18 144 91 142 24 98 146 44 39 68 119 62 37 0 
2 98 69 80 255 68 10 114 103 84 57 38 12 31 35 110 21 241 108 26 15 51 99 48 9 0 
1 160 68 28 142 49 30 25 199 255 122 42 6 43 53 126 4 178 107 59 15 34 85 53 39 0 
0 108 42 17 130 11 20 73 255 80 85 21 3 18 32 15 6 94 7 25 8 15 18 10 12 0 
1 91 59 69 154 23 19 85 249 255 66 27 6 22 37 14 5 139 83 37 5 24 19 24 18 0 
1 41 38 12 244 38 26 71 114 69 57 7 0 21 41 23 3 255 136 29 6 26 12 47 19 0 
1 27 10 41 138 32 11 24 44 174 81 20 2 26 23 26 3 255 171 32 10 28 26 21 8 0 
1 7 14 28 121 30 23 37 27 171 78 9 3 29 45 15 1 255 194 36 4 20 24 18 8 0 
0 2 9 2 84 5 11 3 11 65 34 7 0 13 18 10 0 255 110 10 2 7 8 13 9 0 
1 5 11 22 102 14 10 12 41 49 14 4 1 16 18 2 1 227 255 11 4 14 16 4 12 0 
0 0 4 17 45 12 3 7 27 33 11 3 0 6 13 3 0 77 255 9 0 5 11 11 5 0 
0 1 1 4 23 5 2 3 17 255 5 2 0 0 13 4 0 9 170 4 0 3 2 6 2 0 
0 1 1 6 19 3 3 2 19 255 6 0 0 5 8 9 0 0 10 1 0 1 1 5 1 0 
2 2 3 4 115 6 13 27 58 255 18 10 1 10 44 23 0 14 176 17 5 12 19 4 1 0 
1 4 1 7 58 7 5 7 28 255 8 5 0 6 30 5 0 18 52 1 1 1 4 3 1 0 
1 3 3 28 71 22 8 6 43 255 17 4 0 6 65 7 0 10 35 10 1 4 11 5 1 0 
1 5 2 19 52 4 5 21 40 255 21 2 0 2 70 4 0 1 25 8 1 3 5 5 0 0 
2 7 3 64 123 55 57 32 74 255 79 4 0 5 152 10 0 22 30 5 4 4 8 6 2 0 
1 8 2 83 166 34 92 27 57 255 218 1 0 0 107 1 0 10 77 3 3 2 3 3 1 0 
0 10 3 29 91 25 101 27 70 132 255 1 0 7 38 3 0 13 88 8 3 3 4 3 1 0 
1 29 3 71 93 55 164 56 169 139 255 0 0 6 51 3 0 52 171 7 2 3 4 2 3 0 
0 12 5 65 49 20 18 126 55 255 74 6 0 3 37 7 0 60 38 4 1 4 7 10 2 0 
1 8 8 77 72 26 15 57 25 255 38 0 0 5 30 5 0 167 83 6 1 8 14 7 5 0 
0 4 4 75 27 5 12 82 8 255 7 2 0 6 18 2 0 99 15 4 1 4 4 0 3 0 
0 4 4 33 6 20 9 60 17 255 28 2 0 2 17 0 0 104 77 3 2 6 5 5 3 0 
2 28 23 84 50 35 32 201 35 194 79 7 0 43 17 6 0 255 113 15 3 12 21 19 2 0 
0 22 21 34 24 5 14 57 18 29 19 3 0 18 12 0 0 255 42 7 2 9 8 5 2 0 
0 11 12 10 11 6 4 22 11 36 8 4 1 14 3 7 0 255 46 15 1 2 3 6 4 0 
0 44 27 10 9 4 7 16 31 36 11 18 3 21 40 4 0 192 255 6 3 15 22 17 3 0 
0 82 40 21 10 10 5 12 85 74 10 17 4 23 11 23 0 45 255 18 5 7 17 71 6 0 
0 120 49 6 16 37 11 21 150 45 53 22 2 57 9 72 1 81 170 33 6 29 129 255 13 0 
0 86 39 16 31 23 12 27 104 46 30 10 5 28 5 110 3 51 88 24 3 16 128 255 14 0 
1 73 55 14 19 42 59 49 44 132 110 33 10 255 36 249 8 66 133 31 10 59 203 159 30 0 
0 54 29 34 17 70 31 20 47 62 57 27 13 249 13 21 5 15 90 5 13 37 141 255 20 0 
1 27 48 28 16 57 27 17 89 81 67 68 14 255 53 41 2 18 84 40 15 50 162 196 21 0 
0 19 23 5 40 44 29 27 68 29 25 92 6 207 26 21 2 21 6 28 13 14 109 255 4 0 
0 4 19 23 24 21 35 20 38 15 52 38 6 255 20 7 2 15 27 10 9 10 103 232 5 0 
0 1 1 7 3 11 12 11 24 7 9 1 0 255 5 7 2 7 4 3 3 3 24 192 8 0 
