62 62 7 2
62 76 18 2
62 43 50 2
63 62 7 2
63 76 18 2
63 43 50 2
171 166 3 2
171 172 4 2
171 186 10 2
171 176 11 2
171 182 12 2
171 186 27 2
171 160 28 2
171 169 33 2
171 179 35 2
171 171 38 2
363 371 4 2
363 380 7 2
363 372 35 2
32 37 2 3
32 37 8 3
32 38 9 3
32 37 13 3
32 37 15 3
32 38 16 3
32 30 28 3
32 38 28 3
32 36 33 3
32 37 35 3
32 43 49 3
393 400 1 3
393 380 6 3
393 411 10 3
393 390 13 3
393 410 22 3
393 387 27 3
393 404 31 3
400 380 5 4
400 411 9 4
400 414 10 4
400 390 12 4
400 410 21 4
400 387 26 4
400 404 30 4
37 37 6 5
37 38 7 5
37 37 11 5
37 37 13 5
37 38 14 5
37 30 26 5
37 38 26 5
37 36 31 5
37 37 33 5
37 43 47 5
37 23 50 5
37 52 50 5
166 172 1 5
166 176 8 5
166 182 9 5
166 160 25 5
166 169 30 5
166 179 32 5
166 171 35 5
475 474 3 5
475 472 10 5
475 468 16 5
475 470 17 5
475 483 28 5
475 455 34 5
475 480 47 5
172 186 6 6
172 176 7 6
172 182 8 6
172 186 23 6
172 160 24 6
172 169 29 6
172 179 31 6
172 171 34 6
371 380 3 6
371 390 10 6
371 387 24 6
371 372 31 6
371 368 49 6
265 246 3 7
265 280 11 7
265 272 12 7
265 271 16 7
265 257 17 7
265 279 22 7
265 255 24 7
265 246 32 7
474 472 7 8
474 468 13 8
474 470 14 8
474 454 20 8
474 483 25 8
474 455 31 8
474 480 44 8
62 76 11 9
62 43 43 9
62 52 46 9
193 186 3 9
193 176 4 9
193 182 5 9
193 199 9 9
193 186 20 9
193 211 22 9
193 179 28 9
193 199 32 9
380 390 7 9
380 387 21 9
380 372 28 9
380 368 46 9
246 257 14 10
246 255 21 10
246 235 26 10
246 241 28 10
246 246 29 10
246 233 43 10
446 432 1 10
446 429 2 10
446 454 18 10
446 433 28 10
446 455 29 10
446 426 30 10
446 447 46 10
37 38 1 11
37 37 5 11
37 37 7 11
37 38 8 11
37 30 20 11
37 38 20 11
37 36 25 11
37 37 27 11
37 43 41 11
37 23 44 11
37 52 44 11
432 429 1 11
432 414 3 11
432 433 27 11
432 426 29 11
432 447 45 11
38 37 4 12
38 37 6 12
38 38 7 12
38 30 19 12
38 38 19 12
38 36 24 12
38 37 26 12
38 43 40 12
38 23 43 12
38 52 43 12
186 176 1 12
186 182 2 12
186 199 6 12
186 186 17 12
186 169 23 12
186 179 25 12
186 171 28 12
186 199 29 12
429 411 1 12
429 414 2 12
429 410 13 12
429 433 26 12
429 426 28 12
429 447 44 12
176 182 1 13
176 186 16 13
176 160 17 13
176 169 22 13
176 179 24 13
176 171 27 13
411 414 1 13
411 410 12 13
411 404 21 13
411 426 27 13
182 199 4 14
182 186 15 14
182 169 21 14
182 179 23 14
182 171 26 14
182 199 27 14
414 410 11 14
414 404 20 14
414 433 24 14
414 426 26 14
472 468 6 15
472 470 7 15
472 454 13 15
472 483 18 15
472 455 24 15
472 480 37 15
37 37 2 16
37 38 3 16
37 30 15 16
37 38 15 16
37 36 20 16
37 37 22 16
37 43 36 16
37 23 39 16
37 52 39 16
390 387 14 16
390 404 18 16
390 372 21 16
9 8 1 18
9 9 13 18
9 9 18 18
9 11 36 18
9 2 37 18
9 13 37 18
9 23 37 18
9 16 38 18
37 38 1 18
37 30 13 18
37 38 13 18
37 36 18 18
37 37 20 18
37 43 34 18
37 23 37 18
37 52 37 18
199 186 11 18
199 211 13 18
199 179 19 18
199 199 23 18
280 272 1 18
280 271 5 18
280 279 11 18
280 289 23 18
8 9 12 19
8 9 17 19
8 11 35 19
8 2 36 19
8 13 36 19
8 23 36 19
8 16 37 19
38 30 12 19
38 38 12 19
38 36 17 19
38 37 19 19
38 43 33 19
38 23 36 19
38 52 36 19
93 76 1 19
93 85 4 19
93 94 10 19
93 97 35 19
93 85 37 19
140 141 4 19
140 137 5 19
140 141 15 19
140 120 32 19
272 271 4 19
272 257 5 19
272 279 10 19
272 255 12 19
272 289 22 19
76 85 3 20
76 94 9 20
76 85 36 20
508 508 16 20
508 511 20 20
468 470 1 21
468 454 7 21
468 483 12 21
468 455 18 21
468 480 31 21
470 454 6 22
470 483 11 22
470 455 17 22
470 480 30 22
85 94 6 23
85 97 31 23
85 85 33 23
141 137 1 23
141 160 7 23
141 141 11 23
271 257 1 23
271 279 6 23
271 255 8 23
271 289 18 23
137 117 10 24
137 141 10 24
137 117 12 24
137 117 13 24
137 120 27 24
257 255 7 24
257 241 14 24
257 246 15 24
219 211 6 25
219 235 11 25
219 199 16 25
219 233 28 25
410 404 9 25
410 426 15 25
337 320 9 26
337 344 27 26
337 332 28 26
454 455 11 28
454 447 28 28
94 97 25 29
94 85 27 29
186 169 6 29
186 179 8 29
186 171 11 29
186 199 12 29
279 289 12 29
160 141 4 30
160 169 5 30
160 179 7 30
160 171 10 30
387 404 4 30
387 372 7 30
387 368 25 30
9 9 5 31
9 11 23 31
9 2 24 31
9 13 24 31
9 23 24 31
9 16 25 31
30 36 5 31
30 37 7 31
30 43 21 31
30 11 23 31
30 13 24 31
30 23 24 31
30 16 25 31
38 36 5 31
38 37 7 31
38 43 21 31
38 23 24 31
38 52 24 31
211 199 10 31
255 235 5 31
255 241 7 31
255 246 8 31
483 480 19 33
117 117 2 34
117 117 3 34
117 120 17 34
117 97 20 34
169 179 2 35
169 171 5 35
320 332 19 35
9 11 18 36
9 2 19 36
9 13 19 36
9 23 19 36
9 16 20 36
36 37 2 36
36 43 16 36
36 23 19 36
36 52 19 36
36 16 20 36
117 117 1 36
117 120 15 36
117 97 18 36
235 241 2 36
235 246 3 36
235 233 17 36
508 511 4 36
117 120 14 37
117 97 17 37
179 171 3 37
372 368 18 37
37 43 14 38
37 23 17 38
37 52 17 38
241 246 1 38
241 233 15 38
433 426 2 38
433 447 18 38
246 233 14 39
455 447 17 39
43 23 3 52
43 52 3 52
344 332 1 53
11 2 1 54
11 13 1 54
11 23 1 54
11 16 2 54
97 85 2 54
2 16 1 55
13 16 1 55
23 16 1 55
