245 249 22 1
294 311 9 1
294 287 25 1
294 294 29 1
294 295 34 1
511 510 1 1
511 500 2 1
511 492 10 1
511 506 12 1
511 508 23 1
511 492 30 1
47 56 2 2
47 47 3 2
47 57 6 2
47 56 9 2
47 44 12 2
47 47 13 2
47 31 20 2
47 57 26 2
47 56 27 2
47 32 35 2
47 33 36 2
47 30 38 2
47 32 38 2
47 65 38 2
47 66 39 2
510 500 1 2
510 492 9 2
510 506 11 2
510 508 22 2
510 492 29 2
102 113 1 3
102 102 5 3
102 100 7 3
102 116 12 3
102 113 13 3
102 114 15 3
102 112 16 3
102 104 17 3
102 105 18 3
102 103 23 3
102 111 24 3
102 113 28 3
102 104 30 3
102 111 33 3
102 94 35 3
102 91 36 3
197 196 6 3
197 210 14 3
197 177 15 3
197 215 18 3
197 194 19 3
197 213 24 3
197 193 35 3
197 189 36 3
197 187 50 3
500 492 8 3
500 506 10 3
500 508 21 3
500 492 28 3
26 44 10 4
26 31 18 4
26 19 22 4
26 7 24 4
26 24 33 4
26 32 33 4
26 25 34 4
26 33 34 4
26 30 36 4
26 32 36 4
26 13 48 4
56 47 1 4
56 57 4 4
56 56 7 4
56 44 10 4
56 47 11 4
56 57 24 4
56 71 24 4
56 56 25 4
56 69 25 4
56 65 36 4
56 66 37 4
56 68 48 4
56 57 50 4
113 102 4 4
113 100 6 4
113 116 11 4
113 113 12 4
113 114 14 4
113 112 15 4
113 104 16 4
113 105 17 4
113 103 22 4
113 111 23 4
113 113 27 4
113 129 27 4
113 104 29 4
113 111 32 4
113 94 34 4
113 130 48 4
113 111 50 4
142 146 15 4
142 148 24 4
142 129 27 4
142 155 47 4
142 130 48 4
142 142 50 4
338 337 1 4
338 337 10 4
338 355 17 4
47 57 3 5
47 56 6 5
47 44 9 5
47 47 10 5
47 31 17 5
47 57 23 5
47 56 24 5
47 32 32 5
47 33 33 5
47 30 35 5
47 32 35 5
47 65 35 5
47 66 36 5
47 57 49 5
337 337 9 5
337 355 16 5
447 450 1 7
447 453 2 7
447 437 11 7
447 431 21 7
447 444 22 7
447 447 29 7
447 429 35 7
447 434 45 7
57 56 3 8
57 44 6 8
57 47 7 8
57 57 20 8
57 71 20 8
57 56 21 8
57 69 21 8
57 65 32 8
57 66 33 8
57 68 44 8
57 57 46 8
57 39 48 8
57 52 49 8
57 63 49 8
57 50 50 8
102 100 2 8
102 116 7 8
102 113 8 8
102 114 10 8
102 112 11 8
102 104 12 8
102 105 13 8
102 103 18 8
102 111 19 8
102 113 23 8
102 104 25 8
102 111 28 8
102 94 30 8
102 91 31 8
102 111 46 8
102 91 48 8
102 112 50 8
450 453 1 8
450 437 10 8
450 431 20 8
450 444 21 8
450 447 28 8
450 434 44 8
196 210 8 9
196 177 9 9
196 215 12 9
196 194 13 9
196 213 18 9
196 193 29 9
196 189 30 9
196 187 44 9
453 437 9 9
453 444 20 9
453 447 27 9
453 472 28 9
453 434 43 9
100 116 5 10
100 113 6 10
100 114 8 10
100 112 9 10
100 104 10 10
100 105 11 10
100 103 16 10
100 111 17 10
100 113 21 10
100 104 23 10
100 111 26 10
100 94 28 10
100 91 29 10
100 111 44 10
100 91 46 10
100 112 48 10
100 111 49 10
100 111 50 10
311 314 2 10
311 294 20 10
311 295 25 10
311 294 43 10
311 307 50 10
56 44 3 11
56 47 4 11
56 57 17 11
56 71 17 11
56 56 18 11
56 69 18 11
56 65 29 11
56 66 30 11
56 68 41 11
56 57 43 11
56 39 45 11
56 52 46 11
56 63 46 11
56 50 47 11
492 506 2 11
492 508 13 11
492 492 20 11
492 472 26 11
492 483 44 11
314 294 18 12
314 295 23 12
314 294 41 12
314 307 48 12
314 308 49 12
506 508 11 13
506 492 18 13
44 47 1 14
44 31 8 14
44 57 14 14
44 56 15 14
44 24 23 14
44 32 23 14
44 25 24 14
44 33 24 14
44 30 26 14
44 32 26 14
44 57 40 14
44 39 42 14
44 52 43 14
44 63 43 14
44 27 44 14
44 50 44 14
44 36 49 14
337 355 7 14
47 31 7 15
47 57 13 15
47 56 14 15
47 32 22 15
47 33 23 15
47 30 25 15
47 32 25 15
47 65 25 15
47 66 26 15
47 57 39 15
47 39 41 15
47 52 42 15
47 63 42 15
47 27 43 15
47 50 43 15
47 36 48 15
47 64 48 15
116 113 1 15
116 114 3 15
116 112 4 15
116 104 5 15
116 105 6 15
116 103 11 15
116 111 12 15
116 113 16 15
116 129 16 15
116 104 18 15
116 111 21 15
116 130 37 15
116 111 39 15
116 112 43 15
116 132 43 15
116 111 44 15
116 134 44 15
116 111 45 15
116 112 47 15
116 125 49 15
116 127 49 15
365 359 1 15
365 364 5 15
365 355 6 15
365 359 12 15
365 380 23 15
365 366 25 15
365 382 44 15
365 371 48 15
113 114 2 16
113 112 3 16
113 104 4 16
113 105 5 16
113 103 10 16
113 111 11 16
113 113 15 16
113 129 15 16
113 104 17 16
113 111 20 16
113 94 22 16
113 130 36 16
113 111 38 16
113 112 42 16
113 132 42 16
113 111 43 16
113 111 44 16
113 112 46 16
113 125 48 16
113 127 48 16
113 115 50 16
359 364 4 16
359 355 5 16
359 359 11 16
359 366 24 16
359 371 47 16
210 215 4 17
210 194 5 17
210 224 9 17
210 213 10 17
210 220 12 17
210 193 21 17
210 226 39 17
210 219 49 17
210 210 50 17
407 399 2 17
407 397 5 17
407 412 6 17
407 392 24 17
114 112 1 18
114 104 2 18
114 105 3 18
114 103 8 18
114 111 9 18
114 113 13 18
114 129 13 18
114 104 15 18
114 111 18 18
114 94 20 18
114 130 34 18
114 111 36 18
114 112 40 18
114 132 40 18
114 111 41 18
114 111 42 18
114 112 44 18
114 125 46 18
114 127 46 18
114 115 48 18
114 106 50 18
177 170 2 18
177 194 4 18
177 193 20 18
177 189 21 18
177 187 35 18
177 167 50 18
437 431 10 18
437 444 11 18
437 447 18 18
437 429 24 18
437 434 34 18
112 104 1 19
112 105 2 19
112 103 7 19
112 111 8 19
112 113 12 19
112 129 12 19
112 104 14 19
112 111 17 19
112 94 19 19
112 130 33 19
112 111 35 19
112 112 39 19
112 111 40 19
112 111 41 19
112 112 43 19
112 125 45 19
112 127 45 19
112 115 47 19
112 106 49 19
146 148 9 19
146 129 12 19
146 155 32 19
146 130 33 19
146 142 35 19
146 132 39 19
146 134 40 19
146 127 45 19
399 397 3 19
399 412 4 19
399 380 19 19
399 385 20 19
399 392 22 19
399 382 40 19
104 105 1 20
104 103 6 20
104 111 7 20
104 113 11 20
104 104 13 20
104 111 16 20
104 94 18 20
104 91 19 20
104 111 34 20
104 91 36 20
104 112 38 20
104 111 39 20
104 111 40 20
104 112 42 20
104 115 46 20
104 106 48 20
170 189 19 20
170 155 31 20
170 187 33 20
170 167 48 20
364 355 1 20
364 359 7 20
364 380 18 20
364 366 20 20
364 382 39 20
364 371 43 20
105 103 5 21
105 111 6 21
105 113 10 21
105 104 12 21
105 111 15 21
105 94 17 21
105 91 18 21
105 111 33 21
105 91 35 21
105 112 37 21
105 111 38 21
105 111 39 21
105 112 41 21
105 115 45 21
105 106 47 21
215 224 5 21
215 213 6 21
215 220 8 21
215 226 35 21
215 219 45 21
215 210 46 21
215 225 48 21
215 232 50 21
355 359 6 21
355 366 19 21
355 371 42 21
355 343 48 21
355 339 49 21
31 19 4 22
31 24 15 22
31 32 15 22
31 25 16 22
31 33 16 22
31 30 18 22
31 32 18 22
31 13 30 22
31 13 34 22
31 19 34 22
31 39 34 22
31 12 35 22
31 20 35 22
31 27 36 22
31 50 36 22
31 36 41 22
31 49 44 22
31 12 46 22
31 15 46 22
31 48 46 22
31 47 49 22
31 26 50 22
31 46 50 22
194 213 5 22
194 193 16 22
194 189 17 22
194 187 31 22
194 210 45 22
194 210 50 22
397 412 1 22
397 380 16 22
397 385 17 22
397 392 19 22
397 382 37 22
397 378 50 22
249 265 28 23
249 267 31 23
249 266 39 23
249 232 48 23
249 261 48 23
249 238 50 23
412 431 5 23
412 392 18 23
412 429 19 23
508 492 7 24
508 511 46 24
19 7 2 26
19 24 11 26
19 32 11 26
19 3 12 26
19 25 12 26
19 33 12 26
19 30 14 26
19 32 14 26
19 13 26 26
19 13 30 26
19 19 30 26
19 3 31 26
19 12 31 26
19 20 31 26
19 27 32 26
19 36 37 26
19 12 42 26
19 15 42 26
19 26 46 26
103 111 1 26
103 113 5 26
103 104 7 26
103 111 10 26
103 94 12 26
103 91 13 26
103 111 28 26
103 91 30 26
103 112 32 26
103 111 33 26
103 111 34 26
103 112 36 26
103 115 40 26
103 106 42 26
224 213 1 26
224 220 3 26
224 226 30 26
224 219 40 26
224 210 41 26
224 225 43 26
224 232 45 26
224 210 46 26
224 238 47 26
287 294 4 26
287 271 6 26
287 273 7 26
287 269 8 26
287 295 9 26
287 294 27 26
287 267 28 26
287 278 32 26
287 288 40 26
287 282 41 26
287 269 42 26
287 303 47 26
111 113 4 27
111 129 4 27
111 104 6 27
111 111 9 27
111 94 11 27
111 91 12 27
111 130 25 27
111 111 27 27
111 91 29 27
111 112 31 27
111 111 32 27
111 111 33 27
111 112 35 27
111 125 37 27
111 127 37 27
111 115 39 27
111 106 41 27
213 220 2 27
213 193 11 27
213 226 29 27
213 219 39 27
213 210 40 27
213 225 42 27
213 232 44 27
213 210 45 27
359 366 13 27
359 371 36 27
359 343 42 27
359 339 43 27
359 378 45 27
7 24 9 28
7 3 10 28
7 25 10 28
7 13 24 28
7 13 28 28
7 19 28 28
7 3 29 28
7 12 29 28
7 20 29 28
7 12 40 28
7 15 40 28
7 26 44 28
57 56 1 28
57 69 1 28
57 65 12 28
57 66 13 28
57 68 24 28
57 57 26 28
57 39 28 28
57 52 29 28
57 63 29 28
57 50 30 28
57 64 35 28
57 49 38 28
57 48 40 28
57 47 43 28
57 46 44 28
57 61 45 28
71 56 1 28
71 69 1 28
71 65 12 28
71 66 13 28
71 68 24 28
71 57 26 28
71 52 29 28
71 63 29 28
71 64 35 28
71 61 45 28
148 129 3 28
148 155 23 28
148 130 24 28
148 142 26 28
148 132 30 28
148 134 31 28
148 167 40 28
431 444 1 28
431 447 8 28
431 429 14 28
431 434 24 28
56 65 11 29
56 66 12 29
56 68 23 29
56 57 25 29
56 39 27 29
56 52 28 29
56 63 28 29
56 50 29 29
56 36 34 29
56 64 34 29
56 49 37 29
56 48 39 29
56 47 42 29
56 46 43 29
56 61 44 29
69 65 11 29
69 66 12 29
69 68 23 29
69 57 25 29
69 52 28 29
69 63 28 29
69 50 29 29
69 64 34 29
69 49 37 29
69 61 44 29
220 226 27 29
220 219 37 29
220 210 38 29
220 225 40 29
220 232 42 29
220 210 43 29
220 238 44 29
444 447 7 29
444 429 13 29
444 434 23 29
294 295 5 30
294 294 23 30
294 278 28 30
294 307 30 30
294 308 31 30
294 288 36 30
294 282 37 30
294 303 43 30
113 104 2 31
113 111 5 31
113 94 7 31
113 130 21 31
113 111 23 31
113 112 27 31
113 132 27 31
113 111 28 31
113 111 29 31
113 112 31 31
113 125 33 31
113 127 33 31
113 115 35 31
113 106 37 31
129 111 5 31
129 130 21 31
129 111 23 31
129 142 23 31
129 112 27 31
129 132 27 31
129 111 28 31
129 134 28 31
129 111 29 31
129 112 31 31
129 125 33 31
129 127 33 31
129 115 35 31
492 472 6 31
492 483 24 31
492 511 39 31
271 273 1 32
271 269 2 32
271 265 19 32
271 267 22 32
271 278 26 32
271 266 30 32
271 288 34 32
271 282 35 32
271 269 36 32
271 261 39 32
104 111 3 33
104 94 5 33
104 91 6 33
104 111 21 33
104 91 23 33
104 112 25 33
104 111 26 33
104 111 27 33
104 112 29 33
104 115 33 33
104 106 35 33
273 269 1 33
273 265 18 33
273 267 21 33
273 278 25 33
273 266 29 33
273 288 33 33
273 282 34 33
273 269 35 33
273 261 38 33
269 265 17 34
269 267 20 34
269 278 24 34
269 266 28 34
269 288 32 34
269 282 33 34
269 269 34 34
269 261 37 34
295 294 18 35
295 278 23 35
295 307 25 35
295 308 26 35
295 288 31 35
295 282 32 35
295 303 38 35
111 94 2 36
111 91 3 36
111 130 16 36
111 111 18 36
111 91 20 36
111 112 22 36
111 111 23 36
111 111 24 36
111 112 26 36
111 125 28 36
111 127 28 36
111 115 30 36
111 106 32 36
447 429 6 36
447 434 16 36
24 25 1 37
24 33 1 37
24 30 3 37
24 32 3 37
24 13 15 37
24 13 19 37
24 19 19 37
24 39 19 37
24 12 20 37
24 20 20 37
24 27 21 37
24 36 26 37
24 12 31 37
24 15 31 37
24 26 35 37
32 25 1 37
32 33 1 37
32 30 3 37
32 32 3 37
32 13 15 37
32 13 19 37
32 19 19 37
32 39 19 37
32 12 20 37
32 20 20 37
32 27 21 37
32 50 21 37
32 36 26 37
32 49 29 37
32 12 31 37
32 15 31 37
32 48 31 37
32 47 34 37
32 26 35 37
32 46 35 37
472 483 18 37
3 13 14 38
3 13 18 38
3 19 18 38
3 3 19 38
3 12 19 38
3 20 19 38
3 12 30 38
3 15 30 38
25 30 2 38
25 32 2 38
25 13 14 38
25 13 18 38
25 19 18 38
25 39 18 38
25 12 19 38
25 20 19 38
25 27 20 38
25 36 25 38
25 12 30 38
25 15 30 38
25 26 34 38
33 30 2 38
33 32 2 38
33 13 14 38
33 13 18 38
33 19 18 38
33 39 18 38
33 20 19 38
33 52 19 38
33 27 20 38
33 50 20 38
33 36 25 38
33 49 28 38
33 15 30 38
33 48 30 38
33 47 33 38
33 26 34 38
33 46 34 38
94 91 1 38
94 111 16 38
94 91 18 38
94 112 20 38
94 111 21 38
94 111 22 38
94 112 24 38
94 106 30 38
193 189 1 38
193 187 15 38
193 210 29 38
193 210 34 38
380 385 1 38
380 366 2 38
380 392 3 38
380 382 21 38
380 371 25 38
380 378 34 38
91 91 17 39
91 106 29 39
189 187 14 39
385 366 1 39
385 392 2 39
385 382 20 39
385 371 24 39
385 378 33 39
30 13 12 40
30 13 16 40
30 19 16 40
30 39 16 40
30 12 17 40
30 20 17 40
30 27 18 40
30 36 23 40
30 49 26 40
30 12 28 40
30 15 28 40
30 48 28 40
30 47 31 40
30 26 32 40
30 46 32 40
32 13 12 40
32 13 16 40
32 19 16 40
32 39 16 40
32 12 17 40
32 20 17 40
32 27 18 40
32 50 18 40
32 36 23 40
32 49 26 40
32 12 28 40
32 15 28 40
32 48 28 40
32 47 31 40
32 26 32 40
32 46 32 40
65 66 1 40
65 68 12 40
65 57 14 40
65 52 17 40
65 63 17 40
65 50 18 40
65 64 23 40
65 49 26 40
65 48 28 40
65 47 31 40
65 46 32 40
65 61 33 40
366 382 19 40
366 371 23 40
366 378 32 40
66 68 11 41
66 57 13 41
66 52 16 41
66 63 16 41
66 50 17 41
66 64 22 41
66 49 25 41
66 48 27 41
66 47 30 41
66 46 31 41
66 61 32 41
392 382 18 41
392 378 31 41
429 434 10 42
155 142 3 51
155 167 17 51
265 267 3 51
265 278 7 51
265 266 11 51
265 282 16 51
265 269 17 51
265 261 20 51
13 13 4 52
13 19 4 52
13 3 5 52
13 12 5 52
13 20 5 52
13 27 6 52
13 12 16 52
13 15 16 52
13 26 20 52
68 57 2 52
68 52 5 52
68 63 5 52
68 50 6 52
68 64 11 52
68 49 14 52
68 48 16 52
68 61 21 52
130 111 2 52
130 142 2 52
130 112 6 52
130 132 6 52
130 111 7 52
130 134 7 52
130 111 8 52
130 112 10 52
130 125 12 52
130 127 12 52
130 115 14 52
187 167 15 53
294 278 5 53
294 307 7 53
294 308 8 53
294 288 13 53
294 282 14 53
294 303 20 53
57 39 2 54
57 52 3 54
57 63 3 54
57 50 4 54
57 64 9 54
57 49 12 54
57 48 14 54
57 47 17 54
57 46 18 54
57 61 19 54
111 91 2 54
111 112 4 54
111 111 5 54
111 111 6 54
111 112 8 54
111 125 10 54
111 127 10 54
111 115 12 54
111 106 14 54
142 132 4 54
142 134 5 54
142 125 10 54
142 127 10 54
267 278 4 54
267 266 8 54
267 282 13 54
267 269 14 54
267 261 17 54
13 3 1 56
13 12 1 56
13 20 1 56
13 27 2 56
13 12 12 56
13 15 12 56
13 26 16 56
19 3 1 56
19 12 1 56
19 20 1 56
19 27 2 56
19 36 7 56
19 12 12 56
19 15 12 56
19 26 16 56
39 20 1 56
39 52 1 56
39 27 2 56
39 50 2 56
39 36 7 56
39 49 10 56
39 48 12 56
39 47 15 56
39 26 16 56
39 46 16 56
91 106 12 56
226 219 10 56
226 210 11 56
226 225 13 56
226 232 15 56
226 210 16 56
226 238 17 56
3 12 11 57
3 15 11 57
12 27 1 57
12 12 11 57
12 15 11 57
12 26 15 57
20 27 1 57
20 36 6 57
20 12 11 57
20 15 11 57
20 26 15 57
52 50 1 57
52 36 6 57
52 64 6 57
52 49 9 57
52 48 11 57
52 47 14 57
52 46 15 57
52 61 16 57
63 50 1 57
63 64 6 57
63 49 9 57
63 48 11 57
63 47 14 57
63 46 15 57
63 61 16 57
27 36 5 58
27 12 10 58
27 15 10 58
27 26 14 58
27 46 14 58
50 36 5 58
50 64 5 58
50 49 8 58
50 48 10 58
50 47 13 58
50 46 14 58
50 61 15 58
112 111 1 58
112 111 2 58
112 112 4 58
112 125 6 58
112 127 6 58
112 115 8 58
112 106 10 58
132 134 1 58
132 112 4 58
132 125 6 58
132 127 6 58
132 115 8 58
278 266 4 58
278 288 8 58
278 282 9 58
278 269 10 58
278 261 13 58
111 111 1 59
111 112 3 59
111 125 5 59
111 127 5 59
111 115 7 59
111 106 9 59
134 125 5 59
134 127 5 59
134 115 7 59
382 371 4 59
382 378 13 59
111 112 2 60
111 125 4 60
111 127 4 60
111 115 6 60
111 106 8 60
307 308 1 60
307 288 6 60
307 303 13 60
308 288 5 61
308 303 12 61
112 125 2 62
112 127 2 62
112 115 4 62
112 106 6 62
266 282 5 62
266 269 6 62
266 261 9 62
36 49 3 63
36 48 5 63
36 47 8 63
36 26 9 63
36 46 9 63
64 49 3 63
64 48 5 63
64 47 8 63
64 46 9 63
64 61 10 63
371 378 9 63
125 115 2 64
125 106 4 64
127 115 2 64
49 48 2 66
49 47 5 66
49 46 6 66
49 61 7 66
115 106 2 66
219 210 1 66
219 225 3 66
219 232 5 66
219 210 6 66
219 238 7 66
288 282 1 66
288 269 2 66
288 303 7 66
210 225 2 67
210 210 5 67
282 269 1 67
12 26 4 68
15 26 4 68
48 47 3 68
48 46 4 68
48 61 5 68
269 261 3 68
225 232 2 69
225 210 3 69
225 238 4 69
343 339 1 69
47 46 1 71
47 61 2 71
232 238 2 71
46 61 1 72
