213 200 3 1
213 212 6 1
213 204 11 1
213 217 13 1
213 219 17 1
213 218 18 1
213 203 19 1
213 219 21 1
213 222 28 1
213 228 29 1
213 221 30 1
213 229 32 1
213 223 34 1
213 201 38 1
213 216 44 1
213 228 47 1
458 465 4 1
458 463 6 1
458 469 8 1
458 454 27 1
458 455 34 1
458 464 37 1
458 468 44 1
458 477 49 1
77 92 1 2
77 66 4 2
77 79 6 2
77 75 7 2
77 96 8 2
77 62 35 2
77 76 41 2
77 67 49 2
252 269 4 2
252 259 6 2
252 234 8 2
252 242 11 2
252 242 23 2
252 255 28 2
252 234 38 2
252 234 39 2
252 263 41 2
252 234 44 2
252 235 45 2
252 234 47 2
252 265 49 2
258 269 4 2
258 259 6 2
258 242 11 2
258 242 23 2
258 255 28 2
258 263 41 2
258 265 49 2
5 0 1 3
5 15 1 3
5 12 2 3
5 2 3 3
5 3 3 3
5 17 3 3
5 1 4 3
5 4 4 3
5 24 4 3
5 4 5 3
5 14 5 3
5 21 5 3
5 14 12 3
5 16 12 3
5 18 15 3
5 20 20 3
5 17 33 3
5 24 34 3
5 18 37 3
5 4 38 3
5 7 38 3
5 18 42 3
5 18 43 3
5 6 46 3
5 18 46 3
7 0 1 3
7 15 1 3
7 12 2 3
7 25 2 3
7 2 3 3
7 3 3 3
7 17 3 3
7 1 4 3
7 4 4 3
7 24 4 3
7 4 5 3
7 14 5 3
7 21 5 3
7 25 6 3
7 14 12 3
7 16 12 3
7 18 15 3
7 20 20 3
7 17 33 3
7 24 34 3
7 18 37 3
7 4 38 3
7 7 38 3
7 18 42 3
7 18 43 3
7 6 46 3
7 18 46 3
22 15 1 3
22 12 2 3
22 25 2 3
22 2 3 3
22 3 3 3
22 17 3 3
22 4 4 3
22 24 4 3
22 4 5 3
22 14 5 3
22 21 5 3
22 31 5 3
22 25 6 3
22 27 8 3
22 14 12 3
22 16 12 3
22 32 12 3
22 18 15 3
22 30 16 3
22 32 16 3
22 33 17 3
22 30 18 3
22 33 18 3
22 20 20 3
22 30 23 3
22 17 33 3
22 24 34 3
22 18 37 3
22 4 38 3
22 7 38 3
22 18 42 3
22 18 43 3
22 6 46 3
22 18 46 3
47 43 1 3
47 66 3 3
47 45 4 3
47 31 5 3
47 27 8 3
47 32 12 3
47 30 16 3
47 32 16 3
47 33 17 3
47 30 18 3
47 33 18 3
47 30 23 3
47 62 34 3
47 56 40 3
92 97 1 3
92 79 5 3
92 75 6 3
92 96 7 3
92 105 12 3
92 105 36 3
92 76 40 3
128 117 30 3
128 131 31 3
128 143 33 3
291 289 1 3
291 283 7 3
291 300 18 3
291 310 22 3
291 290 26 3
291 308 28 3
291 293 29 3
291 305 31 3
291 309 33 3
291 282 39 3
291 301 43 3
291 297 44 3
291 303 49 3
511 505 8 3
511 493 16 3
511 493 21 3
511 511 26 3
511 493 50 3
0 12 1 4
0 2 2 4
0 3 2 4
0 17 2 4
0 1 3 4
0 4 3 4
0 4 4 4
0 14 4 4
0 14 11 4
0 16 11 4
0 18 14 4
0 17 32 4
0 18 36 4
0 4 37 4
0 7 37 4
0 18 41 4
0 18 42 4
0 6 45 4
0 18 45 4
15 12 1 4
15 25 1 4
15 2 2 4
15 3 2 4
15 17 2 4
15 1 3 4
15 4 3 4
15 24 3 4
15 4 4 4
15 14 4 4
15 21 4 4
15 31 4 4
15 25 5 4
15 27 7 4
15 14 11 4
15 16 11 4
15 32 11 4
15 18 14 4
15 30 15 4
15 32 15 4
15 33 16 4
15 30 17 4
15 33 17 4
15 20 19 4
15 30 22 4
15 17 32 4
15 24 33 4
15 18 36 4
15 4 37 4
15 7 37 4
15 18 41 4
15 18 42 4
15 6 45 4
15 18 45 4
43 25 1 4
43 24 3 4
43 45 3 4
43 31 4 4
43 25 5 4
43 27 7 4
43 32 11 4
43 30 15 4
43 32 15 4
43 33 16 4
43 30 17 4
43 33 17 4
43 30 22 4
43 24 33 4
43 62 33 4
43 56 39 4
43 56 50 4
97 79 4 4
97 96 6 4
97 105 11 4
97 105 35 4
200 212 3 4
200 204 8 4
200 217 10 4
200 219 14 4
200 218 15 4
200 203 16 4
200 219 18 4
200 192 28 4
200 185 34 4
200 201 35 4
200 216 41 4
200 182 48 4
200 180 50 4
289 269 2 4
289 283 6 4
289 300 17 4
289 290 25 4
289 308 27 4
289 293 28 4
289 305 30 4
289 282 38 4
289 301 42 4
289 297 43 4
289 303 48 4
12 2 1 5
12 3 1 5
12 17 1 5
12 1 2 5
12 4 2 5
12 24 2 5
12 4 3 5
12 14 3 5
12 21 3 5
12 31 3 5
12 25 4 5
12 27 6 5
12 14 10 5
12 16 10 5
12 18 13 5
12 30 14 5
12 30 16 5
12 20 18 5
12 30 21 5
12 17 31 5
12 24 32 5
12 18 35 5
12 4 36 5
12 7 36 5
12 18 40 5
12 18 41 5
12 6 44 5
12 18 44 5
25 17 1 5
25 24 2 5
25 14 3 5
25 21 3 5
25 31 3 5
25 25 4 5
25 27 6 5
25 14 10 5
25 16 10 5
25 32 10 5
25 18 13 5
25 30 14 5
25 32 14 5
25 33 15 5
25 30 16 5
25 33 16 5
25 20 18 5
25 30 21 5
25 17 31 5
25 24 32 5
25 18 35 5
25 7 36 5
25 18 40 5
25 18 41 5
25 6 44 5
25 18 44 5
465 463 2 5
465 469 4 5
465 454 23 5
465 478 28 5
465 455 30 5
465 464 33 5
465 484 36 5
465 480 39 5
465 468 40 5
465 477 45 5
465 469 49 5
2 1 1 6
2 4 1 6
2 4 2 6
2 14 2 6
2 21 2 6
2 14 9 6
2 16 9 6
2 18 12 6
2 20 17 6
2 17 30 6
2 18 34 6
2 4 35 6
2 7 35 6
2 18 39 6
2 18 40 6
2 6 43 6
2 18 43 6
3 1 1 6
3 4 1 6
3 4 2 6
3 14 2 6
3 21 2 6
3 14 9 6
3 16 9 6
3 18 12 6
3 20 17 6
3 17 30 6
3 18 34 6
3 4 35 6
3 7 35 6
3 18 39 6
3 18 40 6
3 6 43 6
3 18 43 6
17 1 1 6
17 4 1 6
17 24 1 6
17 4 2 6
17 14 2 6
17 21 2 6
17 31 2 6
17 25 3 6
17 27 5 6
17 14 9 6
17 16 9 6
17 32 9 6
17 18 12 6
17 30 13 6
17 32 13 6
17 33 14 6
17 30 15 6
17 33 15 6
17 20 17 6
17 30 20 6
17 17 30 6
17 24 31 6
17 18 34 6
17 4 35 6
17 7 35 6
17 18 39 6
17 18 40 6
17 6 43 6
17 18 43 6
17 33 50 6
66 79 2 6
66 75 3 6
66 62 31 6
66 56 37 6
66 76 37 6
66 67 45 6
66 56 48 6
66 53 49 6
66 63 49 6
66 63 50 6
168 157 2 6
168 163 3 6
168 175 10 6
168 150 20 6
168 177 22 6
168 185 32 6
168 170 36 6
168 155 37 6
168 149 38 6
168 155 44 6
168 159 45 6
168 182 46 6
168 164 47 6
168 180 48 6
269 259 2 6
269 283 4 6
269 255 24 6
269 282 36 6
269 263 37 6
269 265 45 6
1 4 1 7
1 14 1 7
1 14 8 7
1 16 8 7
1 18 11 7
1 20 16 7
1 17 29 7
1 18 33 7
1 4 34 7
1 7 34 7
1 18 38 7
1 18 39 7
1 6 42 7
1 18 42 7
4 4 1 7
4 14 1 7
4 21 1 7
4 14 8 7
4 16 8 7
4 18 11 7
4 20 16 7
4 17 29 7
4 18 33 7
4 4 34 7
4 7 34 7
4 18 38 7
4 18 39 7
4 6 42 7
4 18 42 7
24 4 1 7
24 14 1 7
24 21 1 7
24 31 1 7
24 25 2 7
24 27 4 7
24 14 8 7
24 16 8 7
24 32 8 7
24 18 11 7
24 30 12 7
24 32 12 7
24 33 13 7
24 30 14 7
24 33 14 7
24 20 16 7
24 30 19 7
24 17 29 7
24 24 30 7
24 18 33 7
24 4 34 7
24 7 34 7
24 18 38 7
24 18 39 7
24 6 42 7
24 18 42 7
24 33 49 7
24 29 50 7
24 37 50 7
45 31 1 7
45 25 2 7
45 27 4 7
45 32 8 7
45 30 12 7
45 32 12 7
45 33 13 7
45 30 14 7
45 33 14 7
45 30 19 7
45 62 30 7
45 56 36 7
45 56 47 7
45 53 48 7
45 63 48 7
45 33 49 7
45 63 49 7
45 29 50 7
45 37 50 7
212 204 5 7
212 217 7 7
212 219 11 7
212 218 12 7
212 203 13 7
212 219 15 7
212 222 22 7
212 228 23 7
212 221 24 7
212 192 25 7
212 229 26 7
212 223 28 7
212 201 32 7
212 216 38 7
212 228 41 7
463 469 2 7
463 454 21 7
463 478 26 7
463 455 28 7
463 464 31 7
463 480 37 7
463 468 38 7
463 477 43 7
463 469 47 7
463 481 49 7
4 14 7 8
4 16 7 8
4 18 10 8
4 20 15 8
4 17 28 8
4 18 32 8
4 4 33 8
4 7 33 8
4 18 37 8
4 18 38 8
4 6 41 8
4 18 41 8
14 25 1 8
14 27 3 8
14 14 7 8
14 16 7 8
14 32 7 8
14 18 10 8
14 30 11 8
14 32 11 8
14 33 12 8
14 30 13 8
14 33 13 8
14 20 15 8
14 30 18 8
14 17 28 8
14 24 29 8
14 18 32 8
14 4 33 8
14 7 33 8
14 18 37 8
14 18 38 8
14 6 41 8
14 18 41 8
14 33 48 8
14 29 49 8
21 25 1 8
21 27 3 8
21 14 7 8
21 16 7 8
21 32 7 8
21 18 10 8
21 30 11 8
21 32 11 8
21 33 12 8
21 30 13 8
21 33 13 8
21 20 15 8
21 30 18 8
21 17 28 8
21 24 29 8
21 18 32 8
21 4 33 8
21 7 33 8
21 18 37 8
21 18 38 8
21 6 41 8
21 18 41 8
21 33 48 8
21 29 49 8
21 37 49 8
31 25 1 8
31 27 3 8
31 14 7 8
31 16 7 8
31 32 7 8
31 18 10 8
31 30 11 8
31 32 11 8
31 33 12 8
31 30 13 8
31 33 13 8
31 20 15 8
31 30 18 8
31 17 28 8
31 24 29 8
31 18 32 8
31 18 37 8
31 18 38 8
31 18 41 8
31 33 48 8
31 29 49 8
31 37 49 8
79 75 1 8
79 96 2 8
79 62 29 8
79 76 35 8
79 67 43 8
79 63 47 8
79 63 48 8
79 75 50 8
157 163 1 8
157 175 8 8
157 150 18 8
157 143 28 8
157 170 34 8
157 155 35 8
157 149 36 8
157 155 42 8
157 159 43 8
157 164 45 8
157 165 49 8
259 242 5 8
259 242 17 8
259 255 22 8
259 263 35 8
259 265 43 8
259 242 48 8
259 272 50 8
25 27 2 9
25 14 6 9
25 16 6 9
25 32 6 9
25 18 9 9
25 30 10 9
25 32 10 9
25 33 11 9
25 30 12 9
25 33 12 9
25 20 14 9
25 30 17 9
25 17 27 9
25 24 28 9
25 18 31 9
25 7 32 9
25 18 36 9
25 18 37 9
25 6 40 9
25 18 40 9
25 33 47 9
25 29 48 9
25 37 48 9
75 62 28 9
75 56 34 9
75 76 34 9
75 67 42 9
75 56 45 9
75 63 46 9
75 63 47 9
75 75 49 9
75 78 50 9
163 175 7 9
163 150 17 9
163 177 19 9
163 143 27 9
163 170 33 9
163 155 34 9
163 149 35 9
163 155 41 9
163 159 42 9
163 182 43 9
163 164 44 9
163 180 45 9
163 165 48 9
163 161 50 9
469 454 19 9
469 478 24 9
469 455 26 9
469 464 29 9
469 486 31 9
469 484 32 9
469 480 35 9
469 468 36 9
469 477 41 9
469 469 45 9
469 481 47 9
469 472 50 9
96 105 5 10
96 105 29 10
96 76 33 10
96 113 47 10
96 78 49 10
96 111 50 10
234 242 3 10
234 217 4 10
234 219 8 10
234 218 9 10
234 219 12 10
234 242 15 10
234 222 19 10
234 228 20 10
234 221 21 10
234 229 23 10
234 223 25 10
234 234 30 10
234 234 31 10
234 216 35 10
234 234 36 10
234 235 37 10
234 228 38 10
234 234 39 10
234 242 46 10
283 300 11 10
283 290 19 10
283 293 22 10
283 282 32 10
283 263 33 10
283 301 36 10
283 297 37 10
283 265 41 10
283 272 48 10
283 268 50 10
27 14 4 11
27 16 4 11
27 32 4 11
27 18 7 11
27 30 8 11
27 32 8 11
27 33 9 11
27 30 10 11
27 33 10 11
27 20 12 11
27 30 15 11
27 17 25 11
27 24 26 11
27 18 29 11
27 7 30 11
27 18 34 11
27 18 35 11
27 18 38 11
27 33 45 11
27 29 46 11
27 37 46 11
27 21 50 11
505 493 8 11
505 493 13 11
505 511 18 11
505 486 29 11
505 493 42 11
204 217 2 12
204 219 6 12
204 218 7 12
204 203 8 12
204 219 10 12
204 222 17 12
204 221 19 12
204 192 20 12
204 223 23 12
204 185 26 12
204 201 27 12
204 216 33 12
204 191 46 12
204 186 50 12
342 323 1 12
342 351 8 12
342 359 25 12
342 328 37 12
342 355 45 12
342 361 49 12
242 242 12 13
242 222 16 13
242 228 17 13
242 255 17 13
242 229 20 13
242 223 22 13
242 234 27 13
242 234 28 13
242 234 33 13
242 235 34 13
242 228 35 13
242 234 36 13
242 242 43 13
323 313 9 13
323 310 12 13
323 315 13 13
323 308 18 13
323 305 21 13
323 309 23 13
323 328 36 13
323 303 39 13
323 318 42 13
217 219 4 14
217 218 5 14
217 203 6 14
217 219 8 14
217 222 15 14
217 228 16 14
217 221 17 14
217 229 19 14
217 223 21 14
217 201 25 14
217 234 26 14
217 234 27 14
217 216 31 14
217 234 32 14
217 235 33 14
217 228 34 14
217 234 35 14
14 18 3 15
14 30 4 15
14 32 4 15
14 33 5 15
14 30 6 15
14 33 6 15
14 20 8 15
14 30 11 15
14 17 21 15
14 24 22 15
14 18 25 15
14 4 26 15
14 7 26 15
14 18 30 15
14 18 31 15
14 6 34 15
14 18 34 15
14 33 41 15
14 29 42 15
14 21 46 15
16 18 3 15
16 30 4 15
16 32 4 15
16 33 5 15
16 30 6 15
16 33 6 15
16 20 8 15
16 30 11 15
16 17 21 15
16 24 22 15
16 18 25 15
16 4 26 15
16 7 26 15
16 18 30 15
16 18 31 15
16 6 34 15
16 18 34 15
16 33 41 15
16 29 42 15
16 21 46 15
32 18 3 15
32 30 4 15
32 32 4 15
32 33 5 15
32 30 6 15
32 33 6 15
32 20 8 15
32 30 11 15
32 17 21 15
32 24 22 15
32 18 25 15
32 18 30 15
32 18 31 15
32 18 34 15
32 33 41 15
32 29 42 15
32 37 42 15
32 21 46 15
32 46 50 15
105 117 18 15
105 105 24 15
105 113 42 15
105 111 45 15
105 118 49 15
376 363 1 15
376 364 2 15
376 380 3 15
376 359 22 15
376 368 33 15
376 361 46 15
175 177 12 16
175 192 16 16
175 185 22 16
175 170 26 16
175 155 27 16
175 155 34 16
175 159 35 16
175 182 36 16
175 164 37 16
175 180 38 16
175 165 41 16
175 191 42 16
175 161 43 16
175 186 46 16
175 184 47 16
175 194 48 16
363 364 1 16
363 380 2 16
363 351 4 16
363 359 21 16
363 368 32 16
363 355 41 16
363 361 45 16
364 380 1 17
364 351 3 17
364 359 20 17
364 368 31 17
364 355 40 17
364 361 44 17
18 30 1 18
18 32 1 18
18 33 2 18
18 30 3 18
18 33 3 18
18 20 5 18
18 30 8 18
18 17 18 18
18 24 19 18
18 18 22 18
18 4 23 18
18 7 23 18
18 18 27 18
18 18 28 18
18 6 31 18
18 18 31 18
18 33 38 18
18 29 39 18
18 37 39 18
18 21 43 18
219 218 1 18
219 203 2 18
219 219 4 18
219 222 11 18
219 228 12 18
219 221 13 18
219 229 15 18
219 223 17 18
219 201 21 18
219 234 22 18
219 234 23 18
219 216 27 18
219 234 28 18
219 235 29 18
219 228 30 18
219 234 31 18
380 368 30 18
380 361 43 18
380 390 50 18
30 33 1 19
30 30 2 19
30 33 2 19
30 20 4 19
30 30 7 19
30 17 17 19
30 24 18 19
30 18 21 19
30 18 26 19
30 18 27 19
30 18 30 19
30 33 37 19
30 29 38 19
30 37 38 19
30 21 42 19
30 46 46 19
30 46 47 19
32 33 1 19
32 30 2 19
32 33 2 19
32 20 4 19
32 30 7 19
32 17 17 19
32 24 18 19
32 18 21 19
32 18 26 19
32 18 27 19
32 18 30 19
32 33 37 19
32 29 38 19
32 37 38 19
32 21 42 19
32 46 46 19
32 46 47 19
218 203 1 19
218 219 3 19
218 222 10 19
218 228 11 19
218 221 12 19
218 229 14 19
218 223 16 19
218 201 20 19
218 234 21 19
218 234 22 19
218 216 26 19
218 234 27 19
218 235 28 19
218 228 29 19
218 234 30 19
493 493 5 19
493 511 10 19
493 478 14 19
493 486 21 19
493 484 22 19
493 480 25 19
493 477 31 19
493 493 34 19
493 481 37 19
493 511 44 19
493 493 45 19
493 485 46 19
493 482 48 19
33 30 1 20
33 33 1 20
33 20 3 20
33 30 6 20
33 17 16 20
33 24 17 20
33 18 20 20
33 18 25 20
33 18 26 20
33 18 29 20
33 33 36 20
33 29 37 20
33 37 37 20
33 21 41 20
33 46 45 20
33 46 46 20
203 219 2 20
203 222 9 20
203 221 11 20
203 192 12 20
203 185 18 20
203 201 19 20
203 216 25 20
203 191 38 20
203 186 42 20
203 184 43 20
203 194 44 20
351 359 17 20
351 368 28 20
351 355 37 20
351 361 41 20
30 20 2 21
30 30 5 21
30 17 15 21
30 24 16 21
30 18 19 21
30 18 24 21
30 18 25 21
30 18 28 21
30 33 35 21
30 29 36 21
30 37 36 21
30 21 40 21
30 46 44 21
30 46 45 21
33 20 2 21
33 30 5 21
33 17 15 21
33 24 16 21
33 18 19 21
33 18 24 21
33 18 25 21
33 18 28 21
33 33 35 21
33 29 36 21
33 37 36 21
33 21 40 21
33 46 44 21
33 46 45 21
300 313 1 21
300 310 4 21
300 315 5 21
300 290 8 21
300 308 10 21
300 293 11 21
300 305 13 21
300 309 15 21
300 282 21 21
300 301 25 21
300 297 26 21
300 303 31 21
300 318 34 21
300 281 41 21
300 288 45 21
300 319 49 21
219 222 7 22
219 228 8 22
219 221 9 22
219 229 11 22
219 223 13 22
219 201 17 22
219 234 18 22
219 234 19 22
219 216 23 22
219 234 24 22
219 235 25 22
219 228 26 22
219 234 27 22
313 310 3 22
313 315 4 22
313 308 9 22
313 293 10 22
313 305 12 22
313 309 14 22
313 301 24 22
313 297 25 22
313 328 27 22
313 303 30 22
313 318 33 22
313 319 48 22
20 30 3 23
20 17 13 23
20 24 14 23
20 18 17 23
20 4 18 23
20 7 18 23
20 18 22 23
20 18 23 23
20 6 26 23
20 18 26 23
20 33 33 23
20 29 34 23
20 37 34 23
20 21 38 23
418 430 4 23
418 419 40 23
493 511 5 24
493 478 9 24
493 486 16 24
493 484 17 24
493 480 20 24
493 477 26 24
493 493 29 24
493 481 32 24
493 511 39 24
493 493 40 24
493 485 41 24
493 482 43 24
242 222 4 25
242 228 5 25
242 255 5 25
242 229 8 25
242 223 10 25
242 234 15 25
242 234 16 25
242 234 21 25
242 235 22 25
242 228 23 25
242 234 24 25
242 242 31 25
310 315 1 25
310 290 4 25
310 308 6 25
310 293 7 25
310 305 9 25
310 309 11 25
310 301 21 25
310 297 22 25
310 328 24 25
310 303 27 25
310 318 30 25
310 319 45 25
30 17 10 26
30 24 11 26
30 18 14 26
30 18 19 26
30 18 20 26
30 18 23 26
30 33 30 26
30 29 31 26
30 37 31 26
30 21 35 26
30 46 39 26
30 46 40 26
150 131 8 26
150 143 10 26
150 155 17 26
150 149 18 26
150 155 24 26
150 159 25 26
150 164 27 26
150 165 31 26
150 161 33 26
150 139 34 26
150 133 35 26
150 147 39 26
150 153 44 26
315 308 5 26
315 305 8 26
315 309 10 26
315 301 20 26
315 297 21 26
315 328 23 26
315 303 26 26
315 318 29 26
315 319 44 26
430 419 36 27
177 192 4 28
177 185 10 28
177 170 14 28
177 159 23 28
177 182 24 28
177 164 25 28
177 180 26 28
177 165 29 28
177 191 30 28
177 161 31 28
177 186 34 28
177 184 35 28
177 194 36 28
177 173 40 28
454 455 7 28
454 464 10 28
454 468 17 28
454 469 26 28
454 472 31 28
222 228 1 29
222 221 2 29
222 229 4 29
222 223 6 29
222 234 11 29
222 234 12 29
222 216 16 29
222 234 17 29
222 235 18 29
222 228 19 29
222 234 20 29
290 308 2 29
290 293 3 29
290 305 5 29
290 309 7 29
290 282 13 29
290 301 17 29
290 297 18 29
290 303 23 29
290 272 29 29
290 281 33 29
290 288 37 29
511 493 24 29
511 511 34 29
511 493 35 29
228 221 1 30
228 229 3 30
228 223 5 30
228 234 10 30
228 234 11 30
228 216 15 30
228 234 16 30
228 235 17 30
228 228 18 30
228 234 19 30
228 242 26 30
255 263 13 30
255 235 17 30
255 265 21 30
255 242 26 30
255 272 28 30
255 268 30 30
221 229 2 31
221 223 4 31
221 201 8 31
221 234 9 31
221 234 10 31
221 216 14 31
221 234 15 31
221 235 16 31
221 228 17 31
221 234 18 31
308 293 1 31
308 305 3 31
308 309 5 31
308 301 15 31
308 297 16 31
308 303 21 31
308 318 24 31
308 288 35 31
308 319 39 31
192 185 6 32
192 201 7 32
192 182 20 32
192 180 22 32
192 191 26 32
192 186 30 32
192 184 31 32
192 194 32 32
192 173 36 32
293 305 2 32
293 309 4 32
293 282 10 32
293 301 14 32
293 297 15 32
293 303 20 32
293 281 30 32
293 288 34 32
117 131 1 33
117 105 6 33
117 113 24 33
117 111 27 33
117 133 28 33
117 118 31 33
117 117 33 33
229 223 2 33
229 234 7 33
229 234 8 33
229 216 12 33
229 234 13 33
229 235 14 33
229 228 15 33
229 234 16 33
229 242 23 33
478 464 5 33
478 486 7 33
478 484 8 33
478 480 11 33
478 468 12 33
478 477 17 33
478 493 20 33
478 469 21 33
478 481 23 33
478 472 26 33
478 493 31 33
478 485 32 33
478 482 34 33
131 143 2 34
131 149 10 34
131 113 23 34
131 111 26 34
131 139 26 34
131 133 27 34
131 118 30 34
131 147 31 34
131 117 32 34
305 309 2 34
305 301 12 34
305 297 13 34
305 303 18 34
305 318 21 34
305 288 32 34
305 319 36 34
223 234 5 35
223 234 6 35
223 216 10 35
223 234 11 35
223 235 12 35
223 228 13 35
223 234 14 35
223 242 21 35
455 464 3 35
455 468 10 35
455 469 19 35
455 472 24 35
17 24 1 36
17 18 4 36
17 4 5 36
17 7 5 36
17 18 9 36
17 18 10 36
17 6 13 36
17 18 13 36
17 33 20 36
17 29 21 36
17 21 25 36
143 155 7 36
143 149 8 36
143 155 14 36
143 159 15 36
143 161 23 36
143 139 24 36
143 133 25 36
143 147 29 36
143 153 34 36
309 301 10 36
309 297 11 36
309 328 13 36
309 303 16 36
309 318 19 36
309 319 34 36
24 18 3 37
24 4 4 37
24 7 4 37
24 18 8 37
24 18 9 37
24 6 12 37
24 18 12 37
24 33 19 37
24 29 20 37
24 37 20 37
24 21 24 37
62 56 6 37
62 76 6 37
62 67 14 37
62 56 17 37
62 53 18 37
62 63 18 37
62 63 19 37
62 75 21 37
62 78 22 37
62 60 23 37
62 80 24 37
62 46 28 37
62 76 28 37
62 46 29 37
62 60 30 37
62 63 30 37
62 65 33 37
359 368 11 37
359 355 20 37
359 361 24 37
185 201 1 38
185 170 4 38
185 182 14 38
185 180 16 38
185 165 19 38
185 191 20 38
185 186 24 38
185 184 25 38
185 194 26 38
185 173 30 38
464 480 6 38
464 468 7 38
464 477 12 38
464 469 16 38
464 481 18 38
464 472 21 38
464 482 29 38
105 113 18 39
105 111 21 39
105 118 25 39
105 117 27 39
201 216 6 39
201 182 13 39
201 191 19 39
201 186 23 39
201 184 24 39
201 194 25 39
18 4 1 40
18 7 1 40
18 18 5 40
18 18 6 40
18 6 9 40
18 18 9 40
18 33 16 40
18 29 17 40
18 37 17 40
18 21 21 40
234 234 1 40
234 216 5 40
234 234 6 40
234 235 7 40
234 228 8 40
234 234 9 40
234 242 16 40
486 484 1 40
486 480 4 40
486 468 5 40
486 477 10 40
486 493 13 40
486 469 14 40
486 481 16 40
486 472 19 40
486 493 24 40
486 485 25 40
486 482 27 40
4 18 4 41
4 18 5 41
4 6 8 41
4 18 8 41
4 21 20 41
7 18 4 41
7 18 5 41
7 6 8 41
7 18 8 41
7 21 20 41
234 216 4 41
234 234 5 41
234 235 6 41
234 228 7 41
234 234 8 41
234 242 15 41
484 480 3 41
484 468 4 41
484 477 9 41
484 493 12 41
484 469 13 41
484 481 15 41
484 472 18 41
484 493 23 41
484 485 24 41
484 482 26 41
170 155 1 42
170 155 8 42
170 159 9 42
170 182 10 42
170 164 11 42
170 180 12 42
170 165 15 42
170 161 17 42
170 186 20 42
170 184 21 42
170 173 26 42
170 153 28 42
282 263 1 42
282 301 4 42
282 297 5 42
282 265 9 42
282 272 16 42
282 268 18 42
282 281 20 42
282 288 24 42
56 67 8 43
56 56 11 43
56 53 12 43
56 63 12 43
56 63 13 43
56 37 14 43
56 75 15 43
56 60 17 43
56 46 22 43
56 46 23 43
56 60 24 43
56 63 24 43
56 65 27 43
76 67 8 43
76 56 11 43
76 63 12 43
76 63 13 43
76 75 15 43
76 78 16 43
76 60 17 43
76 80 18 43
76 82 19 43
76 76 22 43
76 60 24 43
76 63 24 43
76 65 27 43
155 149 1 43
155 155 7 43
155 159 8 43
155 164 10 43
155 165 14 43
155 161 16 43
155 139 17 43
155 147 22 43
155 173 25 43
155 153 27 43
263 265 8 43
263 272 15 43
263 268 17 43
263 281 19 43
149 155 6 44
149 159 7 44
149 164 9 44
149 165 13 44
149 161 15 44
149 139 16 44
149 133 17 44
149 147 21 44
149 153 26 44
480 468 1 44
480 477 6 44
480 493 9 44
480 469 10 44
480 481 12 44
480 472 15 44
480 493 20 44
480 485 21 44
480 482 23 44
18 18 1 45
18 6 4 45
18 18 4 45
18 33 11 45
18 29 12 45
18 37 12 45
18 21 16 45
216 234 1 45
216 235 2 45
216 228 3 45
216 234 4 45
468 477 5 45
468 469 9 45
468 481 11 45
468 472 14 45
468 485 20 45
468 482 22 45
18 6 3 46
18 18 3 46
18 33 10 46
18 29 11 46
18 37 11 46
18 21 15 46
234 235 1 46
234 228 2 46
234 234 3 46
234 242 10 46
301 297 1 46
301 303 6 46
301 318 9 46
301 281 16 46
301 288 20 46
301 319 24 46
235 228 1 47
235 234 2 47
235 242 9 47
297 303 5 47
297 281 15 47
297 288 19 47
228 234 1 48
228 242 8 48
368 355 9 48
368 361 13 48
6 21 12 49
18 33 7 49
18 29 8 49
18 37 8 49
18 21 12 49
234 242 7 49
328 318 6 49
328 319 21 49
155 159 1 50
155 164 3 50
155 165 7 50
155 161 9 50
155 139 10 50
155 147 15 50
155 173 18 50
155 153 20 50
477 493 3 50
477 469 4 50
477 481 6 50
477 472 9 50
477 493 14 50
477 485 15 50
477 482 17 50
67 56 3 51
67 53 4 51
67 63 4 51
67 63 5 51
67 75 7 51
67 78 8 51
67 60 9 51
67 80 10 51
67 82 11 51
67 76 14 51
67 60 16 51
67 63 16 51
67 65 19 51
159 164 2 51
159 165 6 51
159 161 8 51
159 139 9 51
159 147 14 51
159 173 17 51
159 153 19 51
265 272 7 51
265 268 9 51
265 281 11 51
182 164 1 52
182 180 2 52
182 165 5 52
182 191 6 52
182 186 10 52
182 184 11 52
182 194 12 52
182 173 16 52
303 318 3 52
303 288 14 52
303 319 18 52
164 180 1 53
164 165 4 53
164 161 6 53
164 147 12 53
164 173 15 53
164 153 17 53
493 481 3 53
493 511 10 53
493 493 11 53
493 485 12 53
493 482 14 53
56 53 1 54
56 63 1 54
56 63 2 54
56 37 3 54
56 75 4 54
56 60 6 54
56 46 11 54
56 46 12 54
56 60 13 54
56 63 13 54
56 65 16 54
180 165 3 54
180 191 4 54
180 161 5 54
180 186 8 54
180 184 9 54
180 194 10 54
180 173 14 54
469 481 2 54
469 472 5 54
469 485 11 54
469 482 13 54
53 33 1 55
53 63 1 55
53 37 2 55
53 60 5 55
53 46 10 55
53 46 11 55
53 60 12 55
53 63 12 55
53 65 15 55
63 63 1 55
63 75 3 55
63 78 4 55
63 60 5 55
63 80 6 55
63 82 7 55
63 46 10 55
63 76 10 55
63 46 11 55
63 60 12 55
63 63 12 55
63 65 15 55
318 319 15 55
33 29 1 56
33 37 1 56
33 21 5 56
33 46 9 56
33 46 10 56
63 75 2 56
63 78 3 56
63 60 4 56
63 80 5 56
63 82 6 56
63 46 9 56
63 76 9 56
63 46 10 56
63 60 11 56
63 63 11 56
63 65 14 56
481 472 3 56
481 493 8 56
481 485 9 56
481 482 11 56
29 21 4 57
29 46 8 57
29 46 9 57
37 21 4 57
37 46 8 57
37 46 9 57
113 111 3 57
113 118 7 57
113 117 9 57
165 161 2 57
165 184 6 57
165 147 8 57
165 173 11 57
165 153 13 57
355 361 4 57
75 78 1 58
75 60 2 58
75 80 3 58
75 82 4 58
75 76 7 58
75 60 9 58
75 63 9 58
75 65 12 58
191 186 4 58
191 184 5 58
191 194 6 58
191 173 10 58
272 268 2 58
272 281 4 58
272 288 8 58
78 60 1 59
78 80 2 59
78 82 3 59
78 76 6 59
78 60 8 59
78 63 8 59
78 65 11 59
161 147 6 59
161 173 9 59
161 153 11 59
472 485 6 59
472 482 8 59
60 46 5 60
60 76 5 60
60 46 6 60
60 60 7 60
60 63 7 60
60 65 10 60
111 118 4 60
111 117 6 60
139 133 1 60
139 147 5 60
139 153 10 60
268 281 2 60
80 82 1 61
80 76 4 61
80 60 6 61
80 63 6 61
80 65 9 61
133 118 3 61
133 147 4 61
133 117 5 61
82 76 3 62
82 63 5 62
82 65 8 62
186 184 1 62
186 194 2 62
186 173 6 62
281 288 4 62
184 194 1 63
184 173 5 63
511 493 1 63
118 117 2 64
493 485 1 64
493 482 3 64
46 46 1 65
46 60 2 65
46 63 2 65
46 65 5 65
76 60 2 65
76 63 2 65
76 65 5 65
147 153 5 65
485 482 2 65
46 60 1 66
46 63 1 66
46 65 4 66
60 65 3 67
63 65 3 67
173 153 2 68
