62 54 10 0
62 36 11 0
62 111 11 0
62 119 12 0
62 48 13 0
62 49 14 0
62 75 14 0
62 29 15 0
62 36 15 0
62 13 16 0
62 19 16 0
62 60 16 0
62 110 16 0
62 48 17 0
62 112 17 0
62 61 18 0
62 63 18 0
62 33 19 0
62 16 23 0
62 32 23 0
62 82 24 0
62 4 25 0
62 22 25 0
62 35 25 0
62 65 25 0
62 59 26 0
62 84 28 0
62 50 31 0
62 114 31 0
62 6 32 0
62 92 32 0
62 10 33 0
62 50 33 0
62 85 33 0
62 6 36 0
62 11 36 0
62 86 36 0
62 8 37 0
62 27 37 0
62 52 37 0
62 56 38 0
62 103 47 0
62 101 49 0
62 57 51 0
62 97 52 0
64 54 10 0
64 36 11 0
64 111 11 0
64 119 12 0
64 48 13 0
64 49 14 0
64 75 14 0
64 29 15 0
64 36 15 0
64 13 16 0
64 19 16 0
64 60 16 0
64 110 16 0
64 48 17 0
64 112 17 0
64 61 18 0
64 63 18 0
64 33 19 0
64 16 23 0
64 32 23 0
64 82 24 0
64 4 25 0
64 22 25 0
64 35 25 0
64 65 25 0
64 59 26 0
64 84 28 0
64 50 31 0
64 114 31 0
64 6 32 0
64 92 32 0
64 10 33 0
64 50 33 0
64 85 33 0
64 6 36 0
64 11 36 0
64 86 36 0
64 8 37 0
64 27 37 0
64 52 37 0
64 56 38 0
64 103 47 0
64 101 49 0
64 57 51 0
64 97 52 0
588 549 11 0
588 576 12 0
588 610 13 0
588 580 14 0
588 574 15 0
588 532 16 0
588 556 17 0
588 536 18 0
588 572 19 0
588 579 25 0
588 628 31 0
588 646 32 0
588 528 37 0
588 627 38 0
588 631 40 0
588 531 47 0
588 605 48 0
588 628 50 0
73 36 10 1
73 111 10 1
73 119 11 1
73 48 12 1
73 49 13 1
73 75 13 1
73 29 14 1
73 36 14 1
73 13 15 1
73 19 15 1
73 60 15 1
73 110 15 1
73 48 16 1
73 112 16 1
73 61 17 1
73 63 17 1
73 33 18 1
73 16 22 1
73 32 22 1
73 82 23 1
73 22 24 1
73 35 24 1
73 65 24 1
73 59 25 1
73 84 27 1
73 50 30 1
73 114 30 1
73 92 31 1
73 50 32 1
73 85 32 1
73 86 35 1
73 27 36 1
73 52 36 1
73 56 37 1
73 103 46 1
73 101 48 1
73 57 50 1
73 97 51 1
243 188 10 1
243 265 11 1
243 273 12 1
243 241 14 1
243 208 16 1
243 231 17 1
243 216 18 1
243 271 23 1
243 292 24 1
243 266 26 1
243 251 27 1
243 205 30 1
243 204 31 1
243 203 32 1
243 298 32 1
243 264 35 1
243 256 36 1
243 236 37 1
243 300 37 1
243 255 46 1
243 254 48 1
243 257 48 1
243 183 50 1
243 188 51 1
544 549 10 1
544 576 11 1
544 580 13 1
544 574 14 1
544 532 15 1
544 556 16 1
544 536 17 1
544 572 18 1
544 521 23 1
544 579 24 1
544 528 36 1
544 531 46 1
343 292 23 2
343 317 24 2
343 345 26 2
343 401 28 2
343 358 29 2
343 298 31 2
343 390 33 2
343 300 36 2
343 360 48 2
343 363 49 2
343 355 50 2
542 576 10 2
542 580 12 2
542 574 13 2
542 532 14 2
542 556 15 2
542 536 16 2
542 572 17 2
542 521 22 2
542 579 23 2
542 528 35 2
542 531 45 2
102 48 10 3
102 49 11 3
102 75 11 3
102 60 13 3
102 110 13 3
102 139 13 3
102 48 14 3
102 112 14 3
102 61 15 3
102 63 15 3
102 150 20 3
102 82 21 3
102 140 21 3
102 65 22 3
102 59 23 3
102 84 25 3
102 50 28 3
102 114 28 3
102 92 29 3
102 50 30 3
102 85 30 3
102 86 33 3
102 149 33 3
102 52 34 3
102 157 34 3
102 56 35 3
102 103 44 3
102 148 44 3
102 101 46 3
102 57 48 3
102 97 49 3
412 428 13 3
412 408 14 3
412 469 15 3
412 444 16 3
412 401 27 3
412 358 28 3
412 466 29 3
412 390 32 3
412 360 47 3
412 363 48 3
412 355 49 3
706 681 20 3
706 754 23 3
706 741 24 3
706 730 25 3
706 667 27 3
706 646 29 3
706 732 30 3
706 662 31 3
706 658 33 3
706 730 48 3
706 735 49 3
104 49 10 4
104 75 10 4
104 60 12 4
104 110 12 4
104 139 12 4
104 48 13 4
104 112 13 4
104 61 14 4
104 63 14 4
104 150 19 4
104 82 20 4
104 140 20 4
104 65 21 4
104 59 22 4
104 84 24 4
104 50 27 4
104 114 27 4
104 92 28 4
104 50 29 4
104 85 29 4
104 86 32 4
104 149 32 4
104 52 33 4
104 157 33 4
104 56 34 4
104 103 43 4
104 148 43 4
104 101 45 4
104 57 47 4
104 97 48 4
595 580 10 4
595 574 11 4
595 556 13 4
595 536 14 4
595 572 15 4
595 579 21 4
595 628 27 4
595 646 28 4
595 627 34 4
595 631 36 4
595 605 44 4
595 628 46 4
26 29 10 5
26 36 10 5
26 13 11 5
26 19 11 5
26 60 11 5
26 48 12 5
26 61 13 5
26 63 13 5
26 33 14 5
26 0 18 5
26 16 18 5
26 32 18 5
26 82 19 5
26 1 20 5
26 4 20 5
26 22 20 5
26 35 20 5
26 65 20 5
26 59 21 5
26 84 23 5
26 50 26 5
26 6 27 5
26 10 28 5
26 50 28 5
26 85 28 5
26 6 31 5
26 11 31 5
26 8 32 5
26 27 32 5
26 52 32 5
26 56 33 5
26 57 46 5
585 574 10 5
585 532 11 5
585 556 12 5
585 536 13 5
585 572 14 5
585 579 20 5
585 628 26 5
585 528 32 5
585 627 33 5
585 631 35 5
585 531 42 5
585 605 43 5
585 628 45 5
250 208 11 6
250 231 12 6
250 216 13 6
250 271 18 6
250 292 19 6
250 266 21 6
250 251 22 6
250 205 25 6
250 204 26 6
250 203 27 6
250 298 27 6
250 264 30 6
250 256 31 6
250 236 32 6
250 300 32 6
250 255 41 6
250 254 43 6
250 257 43 6
259 208 11 6
259 231 12 6
259 216 13 6
259 271 18 6
259 292 19 6
259 317 20 6
259 266 21 6
259 251 22 6
259 205 25 6
259 204 26 6
259 203 27 6
259 298 27 6
259 264 30 6
259 256 31 6
259 236 32 6
259 300 32 6
259 255 41 6
259 254 43 6
259 257 43 6
551 532 10 6
551 556 11 6
551 536 12 6
551 572 13 6
551 521 18 6
551 579 19 6
551 528 31 6
551 531 41 6
551 605 42 6
260 208 10 7
260 231 11 7
260 216 12 7
260 271 17 7
260 292 18 7
260 317 19 7
260 266 20 7
260 251 21 7
260 205 24 7
260 204 25 7
260 203 26 7
260 298 26 7
260 264 29 7
260 256 30 7
260 236 31 7
260 300 31 7
260 255 40 7
260 254 42 7
260 257 42 7
557 556 10 7
557 536 11 7
557 572 12 7
557 521 17 7
557 579 18 7
557 528 30 7
557 531 40 7
557 605 41 7
48 61 10 8
48 63 10 8
48 33 11 8
48 0 15 8
48 16 15 8
48 32 15 8
48 82 16 8
48 1 17 8
48 4 17 8
48 22 17 8
48 35 17 8
48 65 17 8
48 59 18 8
48 84 20 8
48 50 23 8
48 6 24 8
48 92 24 8
48 10 25 8
48 50 25 8
48 85 25 8
48 6 28 8
48 11 28 8
48 86 28 8
48 8 29 8
48 27 29 8
48 52 29 8
48 56 30 8
48 103 39 8
48 101 41 8
48 57 43 8
48 97 44 8
398 444 11 8
398 345 20 8
398 401 22 8
398 358 23 8
398 390 27 8
398 360 42 8
398 363 43 8
398 355 44 8
554 536 10 8
554 572 11 8
554 521 16 8
554 579 17 8
554 528 29 8
554 531 39 8
554 605 40 8
58 33 10 9
58 0 14 9
58 16 14 9
58 32 14 9
58 82 15 9
58 1 16 9
58 4 16 9
58 22 16 9
58 35 16 9
58 65 16 9
58 59 17 9
58 84 19 9
58 50 22 9
58 114 22 9
58 6 23 9
58 92 23 9
58 10 24 9
58 50 24 9
58 85 24 9
58 6 27 9
58 11 27 9
58 86 27 9
58 8 28 9
58 27 28 9
58 52 28 9
58 56 29 9
58 103 38 9
58 101 40 9
58 57 42 9
58 97 43 9
91 33 10 9
91 32 14 9
91 150 14 9
91 82 15 9
91 140 15 9
91 35 16 9
91 65 16 9
91 59 17 9
91 84 19 9
91 50 22 9
91 114 22 9
91 92 23 9
91 50 24 9
91 85 24 9
91 86 27 9
91 149 27 9
91 52 28 9
91 56 29 9
91 103 38 9
91 148 38 9
91 101 40 9
91 57 42 9
91 97 43 9
290 271 15 9
290 292 16 9
290 317 17 9
290 266 18 9
290 251 19 9
290 345 19 9
290 298 24 9
290 264 27 9
290 256 28 9
290 236 29 9
290 300 29 9
290 255 38 9
290 254 40 9
290 257 40 9
563 572 10 9
563 521 15 9
563 579 16 9
563 528 28 9
563 531 38 9
563 605 39 9
54 0 13 10
54 16 13 10
54 32 13 10
54 82 14 10
54 1 15 10
54 4 15 10
54 22 15 10
54 35 15 10
54 65 15 10
54 59 16 10
54 84 18 10
54 50 21 10
54 6 22 10
54 92 22 10
54 10 23 10
54 50 23 10
54 85 23 10
54 6 26 10
54 11 26 10
54 86 26 10
54 8 27 10
54 27 27 10
54 52 27 10
54 56 28 10
54 103 37 10
54 101 39 10
54 57 41 10
54 97 42 10
188 150 13 10
188 140 14 10
188 179 17 10
188 171 19 10
188 174 20 10
188 205 21 10
188 204 22 10
188 203 23 10
188 149 26 10
188 157 27 10
188 236 28 10
188 148 37 10
188 170 40 10
188 183 41 10
188 188 42 10
649 681 13 10
649 667 20 10
649 628 21 10
649 646 22 10
649 662 24 10
649 658 26 10
649 627 28 10
649 631 30 10
649 605 38 10
649 628 40 10
36 0 12 11
36 16 12 11
36 32 12 11
36 82 13 11
36 1 14 11
36 4 14 11
36 22 14 11
36 35 14 11
36 65 14 11
36 59 15 11
36 84 17 11
36 50 20 11
36 6 21 11
36 92 21 11
36 10 22 11
36 50 22 11
36 85 22 11
36 6 25 11
36 11 25 11
36 86 25 11
36 8 26 11
36 27 26 11
36 52 26 11
36 56 27 11
36 57 40 11
111 150 12 11
111 82 13 11
111 140 13 11
111 65 14 11
111 59 15 11
111 84 17 11
111 114 20 11
111 92 21 11
111 85 22 11
111 86 25 11
111 149 25 11
111 52 26 11
111 157 26 11
111 56 27 11
111 103 36 11
111 148 36 11
111 101 38 11
111 170 39 11
111 57 40 11
111 97 41 11
188 150 12 11
188 140 13 11
188 179 16 11
188 171 18 11
188 174 19 11
188 205 20 11
188 204 21 11
188 203 22 11
188 149 25 11
188 157 26 11
188 236 27 11
188 148 36 11
188 170 39 11
188 183 40 11
188 188 41 11
549 521 13 11
549 579 14 11
549 528 26 11
549 531 36 11
549 605 37 11
119 150 11 12
119 82 12 12
119 140 12 12
119 65 13 12
119 59 14 12
119 84 16 12
119 171 17 12
119 174 18 12
119 114 19 12
119 92 20 12
119 85 21 12
119 86 24 12
119 149 24 12
119 157 25 12
119 103 35 12
119 148 35 12
119 101 37 12
119 170 38 12
119 97 40 12
265 271 12 12
265 292 13 12
265 317 14 12
265 266 15 12
265 251 16 12
265 205 19 12
265 298 21 12
265 264 24 12
265 256 25 12
265 236 26 12
265 300 26 12
265 255 35 12
265 254 37 12
265 257 37 12
576 521 12 12
576 579 13 12
576 628 19 12
576 528 25 12
576 627 26 12
576 631 28 12
576 531 35 12
576 605 36 12
576 628 38 12
48 0 10 13
48 16 10 13
48 32 10 13
48 82 11 13
48 1 12 13
48 4 12 13
48 22 12 13
48 35 12 13
48 65 12 13
48 59 13 13
48 84 15 13
48 50 18 13
48 6 19 13
48 92 19 13
48 10 20 13
48 50 20 13
48 85 20 13
48 6 23 13
48 11 23 13
48 86 23 13
48 8 24 13
48 27 24 13
48 52 24 13
48 56 25 13
48 103 34 13
48 101 36 13
48 57 38 13
48 97 39 13
273 271 11 13
273 292 12 13
273 317 13 13
273 266 14 13
273 251 15 13
273 298 20 13
273 264 23 13
273 256 24 13
273 236 25 13
273 300 25 13
273 255 34 13
273 254 36 13
273 257 36 13
610 579 12 13
610 667 17 13
610 628 18 13
610 646 19 13
610 662 21 13
610 658 23 13
610 627 25 13
610 631 27 13
610 605 35 13
610 628 37 13
49 82 10 14
49 1 11 14
49 4 11 14
49 22 11 14
49 35 11 14
49 65 11 14
49 59 12 14
49 84 14 14
49 50 17 14
49 6 18 14
49 92 18 14
49 10 19 14
49 50 19 14
49 85 19 14
49 6 22 14
49 11 22 14
49 86 22 14
49 8 23 14
49 27 23 14
49 52 23 14
49 56 24 14
49 103 33 14
49 101 35 14
49 57 37 14
49 97 38 14
75 82 10 14
75 22 11 14
75 35 11 14
75 65 11 14
75 59 12 14
75 84 14 14
75 50 17 14
75 114 17 14
75 92 18 14
75 50 19 14
75 85 19 14
75 86 22 14
75 27 23 14
75 52 23 14
75 56 24 14
75 103 33 14
75 101 35 14
75 57 37 14
75 97 38 14
580 521 10 14
580 579 11 14
580 628 17 14
580 528 23 14
580 627 24 14
580 631 26 14
580 531 33 14
580 605 34 14
580 628 36 14
29 1 10 15
29 4 10 15
29 22 10 15
29 35 10 15
29 65 10 15
29 59 11 15
29 84 13 15
29 50 16 15
29 6 17 15
29 10 18 15
29 50 18 15
29 85 18 15
29 6 21 15
29 11 21 15
29 86 21 15
29 8 22 15
29 27 22 15
29 52 22 15
29 56 23 15
29 57 36 15
36 1 10 15
36 4 10 15
36 22 10 15
36 35 10 15
36 65 10 15
36 59 11 15
36 84 13 15
36 50 16 15
36 6 17 15
36 92 17 15
36 10 18 15
36 50 18 15
36 85 18 15
36 6 21 15
36 11 21 15
36 86 21 15
36 8 22 15
36 27 22 15
36 52 22 15
36 56 23 15
36 57 36 15
241 292 10 15
241 266 12 15
241 251 13 15
241 205 16 15
241 204 17 15
241 203 18 15
241 298 18 15
241 264 21 15
241 256 22 15
241 236 23 15
241 300 23 15
241 255 32 15
241 254 34 15
241 257 34 15
241 183 36 15
241 188 37 15
574 579 10 15
574 628 16 15
574 528 22 15
574 627 23 15
574 631 25 15
574 531 32 15
574 605 33 15
574 628 35 15
13 59 10 16
13 50 15 16
13 6 16 16
13 10 17 16
13 50 17 16
13 6 20 16
13 11 20 16
13 8 21 16
13 27 21 16
13 52 21 16
13 56 22 16
13 57 35 16
19 59 10 16
19 50 15 16
19 6 16 16
19 10 17 16
19 50 17 16
19 6 20 16
19 11 20 16
19 8 21 16
19 27 21 16
19 52 21 16
19 56 22 16
19 57 35 16
60 59 10 16
60 84 12 16
60 50 15 16
60 114 15 16
60 6 16 16
60 92 16 16
60 10 17 16
60 50 17 16
60 85 17 16
60 6 20 16
60 11 20 16
60 86 20 16
60 8 21 16
60 27 21 16
60 52 21 16
60 56 22 16
60 103 31 16
60 101 33 16
60 57 35 16
60 97 36 16
110 59 10 16
110 84 12 16
110 50 15 16
110 114 15 16
110 92 16 16
110 50 17 16
110 85 17 16
110 86 20 16
110 149 20 16
110 52 21 16
110 157 21 16
110 56 22 16
110 103 31 16
110 148 31 16
110 101 33 16
110 57 35 16
110 97 36 16
139 179 11 16
139 84 12 16
139 171 13 16
139 174 14 16
139 114 15 16
139 92 16 16
139 85 17 16
139 86 20 16
139 149 20 16
139 157 21 16
139 103 31 16
139 148 31 16
139 101 33 16
139 170 34 16
139 183 35 16
139 97 36 16
139 188 36 16
428 476 13 16
428 401 14 16
428 466 16 16
428 390 19 16
532 476 13 16
532 528 21 16
532 531 31 16
48 84 11 17
48 50 14 17
48 6 15 17
48 92 15 17
48 10 16 17
48 50 16 17
48 85 16 17
48 6 19 17
48 11 19 17
48 86 19 17
48 8 20 17
48 27 20 17
48 52 20 17
48 56 21 17
48 103 30 17
48 101 32 17
48 57 34 17
48 97 35 17
112 84 11 17
112 171 12 17
112 114 14 17
112 92 15 17
112 85 16 17
112 86 19 17
112 149 19 17
112 52 20 17
112 157 20 17
112 56 21 17
112 103 30 17
112 148 30 17
112 101 32 17
112 170 33 17
112 57 34 17
112 97 35 17
208 179 10 17
208 266 10 17
208 251 11 17
208 171 12 17
208 174 13 17
208 205 14 17
208 204 15 17
208 203 16 17
208 149 19 17
208 264 19 17
208 157 20 17
208 256 20 17
208 236 21 17
208 148 30 17
208 255 30 17
208 254 32 17
208 257 32 17
208 170 33 17
208 183 34 17
208 188 35 17
408 401 13 17
408 358 14 17
408 466 15 17
408 390 18 17
408 360 33 17
408 363 34 17
408 355 35 17
556 528 20 17
556 531 30 17
556 605 31 17
61 84 10 18
61 50 13 18
61 114 13 18
61 6 14 18
61 92 14 18
61 10 15 18
61 50 15 18
61 85 15 18
61 6 18 18
61 11 18 18
61 86 18 18
61 8 19 18
61 27 19 18
61 52 19 18
61 56 20 18
61 103 29 18
61 101 31 18
61 57 33 18
61 97 34 18
63 84 10 18
63 50 13 18
63 114 13 18
63 6 14 18
63 92 14 18
63 10 15 18
63 50 15 18
63 85 15 18
63 6 18 18
63 11 18 18
63 86 18 18
63 8 19 18
63 27 19 18
63 52 19 18
63 56 20 18
63 103 29 18
63 101 31 18
63 57 33 18
63 97 34 18
231 251 10 18
231 171 11 18
231 174 12 18
231 205 13 18
231 204 14 18
231 203 15 18
231 264 18 18
231 256 19 18
231 236 20 18
231 255 29 18
231 254 31 18
231 257 31 18
231 183 33 18
231 188 34 18
469 476 11 18
469 466 14 18
469 528 19 18
536 476 11 18
536 528 19 18
536 531 29 18
33 50 12 19
33 6 13 19
33 92 13 19
33 10 14 19
33 50 14 19
33 85 14 19
33 6 17 19
33 11 17 19
33 86 17 19
33 8 18 19
33 27 18 19
33 52 18 19
33 56 19 19
33 57 32 19
216 171 10 19
216 174 11 19
216 205 12 19
216 204 13 19
216 203 14 19
216 264 17 19
216 157 18 19
216 256 18 19
216 236 19 19
216 255 28 19
216 254 30 19
216 257 30 19
216 170 31 19
216 183 32 19
216 188 33 19
444 476 10 19
444 401 11 19
444 466 13 19
444 390 16 19
572 628 12 19
572 528 18 19
572 627 19 19
572 631 21 19
572 531 28 19
572 605 29 19
572 628 31 19
0 10 10 23
0 50 10 23
0 6 13 23
0 11 13 23
0 8 14 23
0 27 14 23
0 52 14 23
0 56 15 23
0 57 28 23
16 10 10 23
16 50 10 23
16 6 13 23
16 11 13 23
16 8 14 23
16 27 14 23
16 52 14 23
16 56 15 23
16 57 28 23
32 10 10 23
32 50 10 23
32 85 10 23
32 6 13 23
32 11 13 23
32 86 13 23
32 8 14 23
32 27 14 23
32 52 14 23
32 56 15 23
32 57 28 23
150 203 10 23
150 149 13 23
150 157 14 23
150 103 24 23
150 148 24 23
150 101 26 23
150 170 27 23
150 183 28 23
150 97 29 23
150 188 29 23
681 732 10 23
681 662 11 23
681 658 13 23
681 627 15 23
681 631 17 23
681 628 27 23
681 730 28 23
681 735 29 23
82 86 12 24
82 27 13 24
82 52 13 24
82 56 14 24
82 103 23 24
82 101 25 24
82 57 27 24
82 97 28 24
140 86 12 24
140 149 12 24
140 157 13 24
140 103 23 24
140 148 23 24
140 101 25 24
140 170 26 24
140 183 27 24
140 97 28 24
140 188 28 24
271 264 12 24
271 256 13 24
271 236 14 24
271 300 14 24
271 255 23 24
271 254 25 24
271 257 25 24
521 528 13 24
521 531 23 24
1 6 11 25
1 11 11 25
1 8 12 25
1 27 12 25
1 52 12 25
1 56 13 25
1 57 26 25
4 6 11 25
4 11 11 25
4 8 12 25
4 27 12 25
4 52 12 25
4 56 13 25
4 57 26 25
22 6 11 25
22 11 11 25
22 8 12 25
22 27 12 25
22 52 12 25
22 56 13 25
22 57 26 25
35 6 11 25
35 11 11 25
35 86 11 25
35 8 12 25
35 27 12 25
35 52 12 25
35 56 13 25
35 57 26 25
65 6 11 25
65 11 11 25
65 86 11 25
65 8 12 25
65 27 12 25
65 52 12 25
65 56 13 25
65 103 22 25
65 101 24 25
65 57 26 25
65 97 27 25
292 264 11 25
292 256 12 25
292 236 13 25
292 300 13 25
292 255 22 25
292 254 24 25
292 257 24 25
579 528 12 25
579 627 13 25
579 631 15 25
579 531 22 25
579 605 23 25
579 628 25 25
59 6 10 26
59 11 10 26
59 86 10 26
59 8 11 26
59 27 11 26
59 52 11 26
59 56 12 26
59 103 21 26
59 101 23 26
59 57 25 26
59 97 26 26
317 264 10 26
317 300 12 26
317 257 23 26
317 360 24 26
317 363 25 26
317 355 26 26
754 730 25 26
754 735 26 26
179 157 10 27
179 236 11 27
179 148 20 27
179 170 23 27
179 183 24 27
179 188 25 27
266 256 10 27
266 236 11 27
266 300 11 27
266 255 20 27
266 254 22 27
266 257 22 27
741 730 24 27
741 735 25 27
84 56 10 28
84 103 19 28
84 101 21 28
84 57 23 28
84 97 24 28
251 236 10 28
251 300 10 28
251 255 19 28
251 254 21 28
251 257 21 28
345 300 10 28
345 360 22 28
345 363 23 28
345 355 24 28
730 730 23 28
730 735 24 28
171 148 18 29
171 170 21 29
171 183 22 29
171 188 23 29
476 531 18 29
174 148 17 30
174 170 20 30
174 183 21 30
174 188 22 30
401 360 20 30
401 363 21 30
401 355 22 30
667 631 10 30
667 628 20 30
50 103 16 31
50 101 18 31
50 57 20 31
50 97 21 31
114 103 16 31
114 148 16 31
114 101 18 31
114 170 19 31
114 57 20 31
114 97 21 31
205 148 16 31
205 255 16 31
205 254 18 31
205 257 18 31
205 170 19 31
205 183 20 31
205 188 21 31
358 360 19 31
358 363 20 31
358 355 21 31
628 605 17 31
628 628 19 31
6 57 19 32
92 103 15 32
92 148 15 32
92 101 17 32
92 57 19 32
92 97 20 32
204 148 15 32
204 255 15 32
204 254 17 32
204 257 17 32
204 170 18 32
204 183 19 32
204 188 20 32
646 605 16 32
646 628 18 32
10 57 18 33
50 103 14 33
50 101 16 33
50 57 18 33
50 97 19 33
85 103 14 33
85 101 16 33
85 57 18 33
85 97 19 33
203 148 14 33
203 255 14 33
203 254 16 33
203 257 16 33
203 170 17 33
203 183 18 33
203 188 19 33
298 255 14 33
298 254 16 33
298 257 16 33
298 355 19 33
732 730 18 33
732 735 19 33
662 605 14 34
662 628 16 34
390 360 15 35
390 363 16 35
390 355 17 35
767 730 16 35
767 735 17 35
6 57 15 36
11 57 15 36
86 103 11 36
86 101 13 36
86 57 15 36
86 97 16 36
149 103 11 36
149 148 11 36
149 101 13 36
149 170 14 36
149 183 15 36
149 97 16 36
149 188 16 36
264 255 11 36
264 254 13 36
264 257 13 36
658 605 12 36
658 628 14 36
8 57 14 37
27 57 14 37
52 103 10 37
52 101 12 37
52 57 14 37
52 97 15 37
157 103 10 37
157 148 10 37
157 101 12 37
157 170 13 37
157 183 14 37
157 97 15 37
157 188 15 37
256 255 10 37
256 254 12 37
256 257 12 37
528 531 10 37
56 101 11 38
56 57 13 38
56 97 14 38
236 254 11 38
236 257 11 38
236 183 13 38
236 188 14 38
300 254 11 38
300 257 11 38
300 355 14 38
627 605 10 38
627 628 12 38
631 628 10 40
