43 0 14 0
43 5 16 0
43 47 27 0
43 68 31 0
43 18 33 0
43 42 33 0
43 68 33 0
43 60 37 0
43 21 38 0
43 42 38 0
43 38 39 0
43 49 41 0
43 1 42 0
43 40 42 0
43 71 42 0
43 5 43 0
43 10 43 0
43 2 46 0
43 3 46 0
43 3 47 0
43 4 49 0
43 41 49 0
43 72 50 0
43 60 52 0
43 64 53 0
43 6 54 0
43 7 54 0
43 15 54 0
134 105 11 0
134 108 12 0
134 96 13 0
134 128 13 0
134 142 18 0
134 136 20 0
134 145 21 0
134 170 26 0
134 114 27 0
134 182 27 0
134 136 30 0
134 136 31 0
134 97 37 0
134 100 39 0
134 136 41 0
134 132 42 0
134 144 43 0
134 141 44 0
134 141 45 0
134 138 46 0
134 139 47 0
134 140 48 0
134 134 50 0
134 105 51 0
134 112 52 0
462 450 18 0
462 454 30 0
462 458 36 0
462 443 37 0
462 482 38 0
462 417 40 0
462 456 41 0
462 498 43 0
462 441 44 0
462 453 45 0
462 429 47 0
462 511 51 0
720 747 14 0
720 747 15 0
720 764 16 0
720 747 18 0
720 764 19 0
720 746 29 0
720 719 30 0
720 679 32 0
720 734 35 0
720 735 36 0
720 733 40 0
720 743 44 0
720 767 45 0
720 764 46 0
720 746 47 0
720 747 48 0
136 105 10 1
136 108 11 1
136 96 12 1
136 128 12 1
136 142 17 1
136 136 19 1
136 145 20 1
136 170 25 1
136 114 26 1
136 182 26 1
136 136 29 1
136 136 30 1
136 97 36 1
136 100 38 1
136 136 40 1
136 132 41 1
136 144 42 1
136 141 43 1
136 141 44 1
136 138 45 1
136 139 46 1
136 140 47 1
136 134 49 1
136 105 50 1
136 112 51 1
702 747 13 1
702 747 14 1
702 747 17 1
702 746 28 1
702 719 29 1
702 679 31 1
702 734 34 1
702 735 35 1
702 664 36 1
702 660 37 1
702 733 39 1
702 743 43 1
702 746 46 1
702 747 47 1
40 0 12 2
40 5 14 2
40 47 25 2
40 68 29 2
40 18 31 2
40 42 31 2
40 68 31 2
40 60 35 2
40 21 36 2
40 42 36 2
40 38 37 2
40 49 39 2
40 1 40 2
40 40 40 2
40 71 40 2
40 5 41 2
40 10 41 2
40 2 44 2
40 3 44 2
40 3 45 2
40 4 47 2
40 41 47 2
40 72 48 2
40 60 50 2
40 64 51 2
40 6 52 2
40 7 52 2
40 15 52 2
113 108 10 2
113 96 11 2
113 128 11 2
113 142 16 2
113 136 18 2
113 145 19 2
113 114 25 2
113 136 28 2
113 68 29 2
113 136 29 2
113 68 31 2
113 97 35 2
113 100 37 2
113 136 39 2
113 71 40 2
113 132 40 2
113 144 41 2
113 141 42 2
113 141 43 2
113 138 44 2
113 139 45 2
113 140 46 2
113 72 48 2
113 134 48 2
113 105 49 2
113 112 50 2
113 64 51 2
424 408 10 2
424 450 16 2
424 454 28 2
424 458 34 2
424 443 35 2
424 417 38 2
424 456 39 2
424 441 42 2
424 453 43 2
424 429 45 2
615 595 24 2
615 579 25 2
615 592 26 2
615 576 31 2
615 599 32 2
615 664 35 2
615 660 36 2
615 605 37 2
615 580 39 2
615 629 40 2
615 640 41 2
615 626 47 2
615 591 48 2
615 573 50 2
615 650 51 2
615 641 52 2
26 0 11 3
26 5 13 3
26 47 24 3
26 68 28 3
26 18 30 3
26 42 30 3
26 68 30 3
26 60 34 3
26 21 35 3
26 42 35 3
26 38 36 3
26 49 38 3
26 1 39 3
26 40 39 3
26 71 39 3
26 5 40 3
26 10 40 3
26 2 43 3
26 3 43 3
26 3 44 3
26 4 46 3
26 41 46 3
26 72 47 3
26 60 49 3
26 64 50 3
26 6 51 3
26 7 51 3
26 15 51 3
36 0 11 3
36 5 13 3
36 47 24 3
36 68 28 3
36 18 30 3
36 42 30 3
36 68 30 3
36 60 34 3
36 21 35 3
36 42 35 3
36 38 36 3
36 49 38 3
36 1 39 3
36 40 39 3
36 71 39 3
36 5 40 3
36 10 40 3
36 2 43 3
36 3 43 3
36 3 44 3
36 4 46 3
36 41 46 3
36 72 47 3
36 60 49 3
36 64 50 3
36 6 51 3
36 7 51 3
36 15 51 3
159 128 10 3
159 142 15 3
159 136 17 3
159 145 18 3
159 170 23 3
159 114 24 3
159 182 24 3
159 136 27 3
159 136 28 3
159 187 30 3
159 136 38 3
159 132 39 3
159 144 40 3
159 141 41 3
159 141 42 3
159 138 43 3
159 139 44 3
159 140 45 3
159 134 47 3
159 112 49 3
452 450 15 3
452 454 27 3
452 458 33 3
452 443 34 3
452 482 35 3
452 417 37 3
452 456 38 3
452 498 40 3
452 441 41 3
452 453 42 3
452 429 44 3
714 747 11 3
714 747 12 3
714 747 15 3
714 746 26 3
714 719 27 3
714 679 29 3
714 734 32 3
714 735 33 3
714 664 34 3
714 733 37 3
714 743 41 3
714 746 44 3
714 747 45 3
40 0 10 4
40 5 12 4
40 47 23 4
40 68 27 4
40 18 29 4
40 42 29 4
40 68 29 4
40 60 33 4
40 21 34 4
40 42 34 4
40 38 35 4
40 49 37 4
40 1 38 4
40 40 38 4
40 71 38 4
40 5 39 4
40 10 39 4
40 2 42 4
40 3 42 4
40 3 43 4
40 4 45 4
40 41 45 4
40 72 46 4
40 60 48 4
40 64 49 4
40 6 50 4
40 7 50 4
40 15 50 4
174 142 14 4
174 136 16 4
174 145 17 4
174 170 22 4
174 182 23 4
174 136 26 4
174 136 27 4
174 187 29 4
174 136 37 4
174 132 38 4
174 144 39 4
174 141 40 4
174 141 41 4
174 138 42 4
174 139 43 4
174 140 44 4
174 134 46 4
405 360 10 4
405 359 11 4
405 359 12 4
405 358 13 4
405 450 14 4
405 454 26 4
405 355 28 4
405 443 33 4
405 417 36 4
405 357 38 4
405 441 40 4
405 453 41 4
405 356 42 4
405 429 43 4
709 747 10 4
709 747 11 4
709 747 14 4
709 746 25 4
709 719 26 4
709 679 28 4
709 734 31 4
709 735 32 4
709 664 33 4
709 660 34 4
709 733 36 4
709 743 40 4
709 746 43 4
709 747 44 4
264 299 14 5
264 261 16 5
264 300 22 5
264 249 29 5
264 256 29 5
264 263 30 5
264 239 34 5
264 258 34 5
264 289 44 5
264 310 45 5
264 280 46 5
264 230 48 5
616 595 21 5
616 579 22 5
616 592 23 5
616 576 28 5
616 599 29 5
616 664 32 5
616 660 33 5
616 605 34 5
616 580 36 5
616 629 37 5
616 640 38 5
616 626 44 5
616 591 45 5
616 573 47 5
616 650 48 5
616 641 49 5
21 5 10 6
21 47 21 6
21 68 25 6
21 18 27 6
21 42 27 6
21 68 27 6
21 60 31 6
21 21 32 6
21 42 32 6
21 38 33 6
21 49 35 6
21 1 36 6
21 40 36 6
21 5 37 6
21 10 37 6
21 2 40 6
21 3 40 6
21 3 41 6
21 4 43 6
21 41 43 6
21 60 46 6
21 64 47 6
21 6 48 6
21 7 48 6
21 15 48 6
348 359 10 6
348 358 11 6
348 299 13 6
348 336 14 6
348 321 20 6
348 300 21 6
348 355 26 6
348 357 36 6
348 356 40 6
348 310 44 6
348 343 46 6
604 595 20 6
604 579 21 6
604 592 22 6
604 576 27 6
604 599 28 6
604 605 33 6
604 580 35 6
604 629 36 6
604 640 37 6
604 626 43 6
604 591 44 6
604 573 46 6
604 650 47 6
604 641 48 6
105 145 10 11
105 114 16 11
105 136 19 11
105 68 20 11
105 136 20 11
105 68 22 11
105 60 26 11
105 97 26 11
105 100 28 11
105 136 30 11
105 71 31 11
105 132 31 11
105 144 32 11
105 141 33 11
105 141 34 11
105 138 35 11
105 139 36 11
105 140 37 11
105 72 39 11
105 134 39 11
105 105 40 11
105 60 41 11
105 112 41 11
105 64 42 11
208 170 15 11
208 182 16 11
208 187 22 11
208 249 23 11
208 256 23 11
208 239 28 11
208 230 42 11
351 321 15 11
351 355 21 11
351 357 31 11
351 356 35 11
351 310 39 11
351 343 41 11
512 537 10 11
512 532 20 11
512 482 27 11
512 498 32 11
512 511 40 11
108 114 15 12
108 136 18 12
108 68 19 12
108 136 19 12
108 68 21 12
108 60 25 12
108 97 25 12
108 100 27 12
108 136 29 12
108 71 30 12
108 132 30 12
108 144 31 12
108 141 32 12
108 141 33 12
108 138 34 12
108 139 35 12
108 140 36 12
108 72 38 12
108 134 38 12
108 105 39 12
108 60 40 12
108 112 40 12
108 64 41 12
231 182 15 12
231 187 21 12
231 249 22 12
231 256 22 12
231 263 23 12
231 239 27 12
231 258 27 12
231 280 39 12
231 230 41 12
408 454 18 12
408 443 25 12
408 417 28 12
408 456 29 12
408 441 32 12
408 453 33 12
408 429 35 12
535 579 15 12
535 532 19 12
535 576 21 12
535 580 29 12
535 498 31 12
535 511 39 12
535 573 40 12
96 47 14 13
96 114 14 13
96 136 17 13
96 68 18 13
96 136 18 13
96 68 20 13
96 60 24 13
96 97 24 13
96 100 26 13
96 49 28 13
96 136 28 13
96 71 29 13
96 132 29 13
96 144 30 13
96 141 31 13
96 141 32 13
96 138 33 13
96 139 34 13
96 140 35 13
96 72 37 13
96 134 37 13
96 105 38 13
96 60 39 13
96 112 39 13
96 64 40 13
128 170 13 13
128 114 14 13
128 136 17 13
128 136 18 13
128 97 24 13
128 100 26 13
128 136 28 13
128 132 29 13
128 144 30 13
128 141 31 13
128 141 32 13
128 138 33 13
128 139 34 13
128 140 35 13
128 134 37 13
128 105 38 13
128 112 39 13
359 321 13 13
359 355 19 13
359 357 29 13
359 356 33 13
359 310 37 13
359 343 39 13
531 579 14 13
531 532 18 13
531 576 20 13
531 482 25 13
531 580 28 13
531 498 30 13
531 511 38 13
531 573 39 13
0 47 13 14
0 18 19 14
0 42 19 14
0 21 24 14
0 42 24 14
0 38 25 14
0 49 27 14
0 1 28 14
0 40 28 14
0 5 29 14
0 10 29 14
0 2 32 14
0 3 32 14
0 3 33 14
0 4 35 14
0 41 35 14
0 6 40 14
0 7 40 14
0 15 40 14
360 321 12 14
360 355 18 14
360 357 28 14
360 356 32 14
360 310 36 14
360 343 38 14
747 746 15 14
747 719 16 14
747 734 21 14
747 735 22 14
747 733 26 14
747 743 30 14
747 767 31 14
747 764 32 14
747 746 33 14
747 747 34 14
359 321 11 15
359 355 17 15
359 357 27 15
359 356 31 15
359 310 35 15
359 343 37 15
747 746 14 15
747 719 15 15
747 734 20 15
747 735 21 15
747 733 25 15
747 743 29 15
747 767 30 15
747 764 31 15
747 746 32 15
747 747 33 15
5 47 11 16
5 18 17 16
5 42 17 16
5 21 22 16
5 42 22 16
5 38 23 16
5 49 25 16
5 1 26 16
5 40 26 16
5 5 27 16
5 10 27 16
5 2 30 16
5 3 30 16
5 3 31 16
5 4 33 16
5 41 33 16
5 6 38 16
5 7 38 16
5 15 38 16
359 321 10 16
359 355 16 16
359 357 26 16
359 356 30 16
359 310 34 16
359 343 36 16
764 746 13 16
764 719 14 16
764 734 19 16
764 735 20 16
764 733 24 16
764 743 28 16
764 767 29 16
764 764 30 16
764 746 31 16
764 747 32 16
358 355 15 17
358 357 25 17
358 356 29 17
358 310 33 17
358 343 35 17
142 136 12 18
142 136 13 18
142 187 15 18
142 97 19 18
142 100 21 18
142 136 23 18
142 132 24 18
142 144 25 18
142 141 26 18
142 141 27 18
142 138 28 18
142 139 29 18
142 140 30 18
142 134 32 18
142 105 33 18
142 112 34 18
450 454 12 18
450 458 18 18
450 443 19 18
450 482 20 18
450 417 22 18
450 456 23 18
450 498 25 18
450 441 26 18
450 453 27 18
450 429 29 18
747 746 11 18
747 719 12 18
747 734 17 18
747 735 18 18
747 733 22 18
747 743 26 18
747 767 27 18
747 764 28 18
747 746 29 18
747 747 30 18
299 249 15 19
299 256 15 19
299 263 16 19
299 258 20 19
299 289 30 19
299 310 31 19
299 280 32 19
299 343 33 19
764 746 10 19
764 719 11 19
764 734 16 19
764 735 17 19
764 733 21 19
764 743 25 19
764 767 26 19
764 764 27 19
764 746 28 19
764 747 29 19
136 136 10 20
136 136 11 20
136 97 17 20
136 100 19 20
136 136 21 20
136 132 22 20
136 144 23 20
136 141 24 20
136 141 25 20
136 138 26 20
136 139 27 20
136 140 28 20
136 134 30 20
136 105 31 20
136 112 32 20
336 355 12 20
336 357 22 20
336 356 26 20
336 289 29 20
336 310 30 20
336 343 32 20
536 532 11 20
536 576 13 20
536 580 21 20
536 498 23 20
536 511 31 20
536 573 32 20
145 136 10 21
145 187 12 21
145 97 16 21
145 100 18 21
145 136 20 21
145 132 21 21
145 144 22 21
145 141 23 21
145 141 24 21
145 138 25 21
145 139 26 21
145 140 27 21
145 134 29 21
145 105 30 21
145 112 31 21
261 249 13 21
261 256 13 21
261 263 14 21
261 239 18 21
261 258 18 21
261 289 28 21
261 310 29 21
261 280 30 21
261 230 32 21
537 532 10 21
537 576 12 21
537 580 20 21
537 498 22 21
537 511 30 21
537 573 31 21
170 136 15 26
170 132 16 26
170 144 17 26
170 141 18 26
170 141 19 26
170 138 20 26
170 139 21 26
170 140 22 26
170 134 24 26
321 357 16 26
321 356 20 26
321 289 23 26
321 310 24 26
321 280 25 26
321 343 26 26
595 605 13 26
595 580 15 26
595 629 16 26
595 640 17 26
595 626 23 26
595 591 24 26
595 573 26 26
595 641 28 26
47 60 10 27
47 21 11 27
47 42 11 27
47 38 12 27
47 49 14 27
47 1 15 27
47 40 15 27
47 71 15 27
47 5 16 27
47 10 16 27
47 2 19 27
47 3 19 27
47 3 20 27
47 4 22 27
47 41 22 27
47 72 23 27
47 60 25 27
47 64 26 27
47 6 27 27
47 7 27 27
47 15 27 27
114 97 10 27
114 100 12 27
114 136 14 27
114 71 15 27
114 132 15 27
114 144 16 27
114 141 17 27
114 141 18 27
114 138 19 27
114 139 20 27
114 140 21 27
114 72 23 27
114 134 23 27
114 105 24 27
114 112 25 27
114 64 26 27
182 136 14 27
182 132 15 27
182 144 16 27
182 141 17 27
182 141 18 27
182 138 19 27
182 139 20 27
182 140 21 27
182 134 23 27
182 230 26 27
300 258 12 27
300 289 22 27
300 310 23 27
300 280 24 27
300 343 25 27
579 605 12 27
579 580 14 27
579 626 22 27
579 591 23 27
579 573 25 27
592 605 11 28
592 580 13 28
592 629 14 28
592 640 15 28
592 626 21 28
592 591 22 28
592 573 24 28
592 641 26 28
746 733 11 29
746 743 15 29
746 767 16 29
746 764 17 29
746 746 18 29
746 747 19 29
136 136 11 30
136 132 12 30
136 144 13 30
136 141 14 30
136 141 15 30
136 138 16 30
136 139 17 30
136 140 18 30
136 134 20 30
136 105 21 30
136 112 22 30
454 417 10 30
454 456 11 30
454 498 13 30
454 441 14 30
454 453 15 30
454 429 17 30
719 733 10 30
719 743 14 30
719 767 15 30
719 764 16 30
719 746 17 30
719 747 18 30
68 49 10 31
68 40 11 31
68 71 11 31
68 41 18 31
68 72 19 31
68 105 20 31
68 60 21 31
68 112 21 31
68 64 22 31
136 136 10 31
136 132 11 31
136 144 12 31
136 141 13 31
136 141 14 31
136 138 15 31
136 139 16 31
136 140 17 31
136 134 19 31
136 105 20 31
136 112 21 31
532 580 10 31
532 498 12 31
532 511 20 31
532 573 21 31
355 357 10 32
355 356 14 32
355 310 18 32
355 343 20 32
679 629 10 32
679 640 11 32
679 650 21 32
679 641 22 32
18 5 10 33
18 10 10 33
18 2 13 33
18 3 13 33
18 3 14 33
18 4 16 33
18 41 16 33
18 60 19 33
18 64 20 33
18 6 21 33
18 7 21 33
18 15 21 33
42 5 10 33
42 10 10 33
42 2 13 33
42 3 13 33
42 3 14 33
42 4 16 33
42 41 16 33
42 72 17 33
42 60 19 33
42 64 20 33
42 6 21 33
42 7 21 33
42 15 21 33
68 41 16 33
68 72 17 33
68 105 18 33
68 60 19 33
68 112 19 33
68 64 20 33
187 144 10 33
187 141 11 33
187 141 12 33
187 138 13 33
187 139 14 33
187 140 15 33
187 230 20 33
576 591 17 33
576 573 19 33
249 289 15 34
249 280 17 34
249 230 19 34
256 289 15 34
256 280 17 34
256 230 19 34
599 626 15 34
599 591 16 34
599 573 18 34
599 641 20 34
263 289 14 35
263 310 15 35
263 280 16 35
263 230 18 35
734 767 10 35
734 764 11 35
734 746 12 35
734 747 13 35
458 429 11 36
735 764 10 36
735 746 11 36
735 747 12 36
60 41 12 37
60 72 13 37
60 105 14 37
60 60 15 37
60 64 16 37
60 15 17 37
97 139 10 37
97 140 11 37
97 72 13 37
97 134 13 37
97 105 14 37
97 60 15 37
97 112 15 37
97 64 16 37
443 429 10 37
664 626 12 37
664 650 16 37
664 641 17 37
21 4 11 38
21 41 11 38
21 60 14 38
21 64 15 38
21 6 16 38
21 7 16 38
21 15 16 38
42 4 11 38
42 41 11 38
42 72 12 38
42 60 14 38
42 64 15 38
42 6 16 38
42 7 16 38
42 15 16 38
482 511 13 38
660 626 11 38
660 650 15 38
660 641 16 38
38 4 10 39
38 41 10 39
38 72 11 39
38 60 13 39
38 64 14 39
38 6 15 39
38 7 15 39
38 15 15 39
100 72 11 39
100 134 11 39
100 105 12 39
100 60 13 39
100 112 13 39
100 64 14 39
239 280 12 39
239 230 14 39
258 289 10 39
258 280 12 39
258 230 14 39
605 626 10 39
605 591 11 39
605 573 13 39
605 650 14 39
605 641 15 39
49 60 11 41
49 64 12 41
49 6 13 41
49 7 13 41
49 15 13 41
136 105 10 41
136 112 11 41
580 573 11 41
1 6 12 42
1 7 12 42
1 15 12 42
40 60 10 42
40 64 11 42
40 6 12 42
40 7 12 42
40 15 12 42
71 60 10 42
71 112 10 42
71 64 11 42
132 112 10 42
357 343 10 42
629 650 11 42
629 641 12 42
5 6 11 43
5 7 11 43
5 15 11 43
10 6 11 43
10 7 11 43
10 15 11 43
640 650 10 43
640 641 11 43
