60 76 1 8
60 62 5 8
60 67 5 8
60 68 6 8
60 68 7 8
60 69 8 8
60 68 9 8
60 77 11 8
60 68 16 8
60 67 18 8
68 76 1 8
68 62 5 8
68 67 5 8
68 68 6 8
68 68 7 8
68 69 8 8
68 68 9 8
68 77 11 8
68 68 16 8
68 67 18 8
162 162 2 8
162 171 4 8
162 170 18 8
413 415 2 8
413 405 5 8
413 405 7 8
413 413 12 8
413 415 13 8
413 406 16 8
767 759 3 8
767 759 6 8
767 757 8 8
767 761 10 8
767 767 11 8
767 767 12 8
767 759 14 8
767 759 17 8
767 747 20 8
76 62 4 9
76 67 4 9
76 68 5 9
76 68 6 9
76 69 7 9
76 68 8 9
76 77 10 9
76 68 15 9
76 67 17 9
362 350 17 9
362 343 18 9
714 727 1 9
714 727 3 9
714 727 12 9
714 727 14 9
714 698 17 9
34 33 10 10
162 171 2 10
162 170 16 10
415 405 3 10
415 405 5 10
415 413 10 10
415 415 11 10
415 406 14 10
727 727 2 10
727 741 3 10
727 741 5 10
727 741 7 10
727 727 11 10
727 727 13 10
727 741 14 10
135 127 3 11
135 135 11 11
759 741 2 11
759 759 3 11
759 741 4 11
759 757 5 11
759 741 6 11
759 761 7 11
759 767 8 11
759 767 9 11
759 759 11 11
759 741 13 11
759 759 14 11
759 747 17 11
759 754 18 11
171 184 5 12
171 170 14 12
304 293 2 12
304 296 5 12
304 306 10 12
304 296 16 12
304 299 20 12
727 741 1 12
727 741 3 12
727 741 5 12
727 727 9 12
727 727 11 12
727 741 12 12
10 7 1 13
10 10 13 13
62 68 1 13
62 68 2 13
62 69 3 13
62 68 4 13
62 77 6 13
62 68 11 13
62 67 13 13
62 78 20 13
67 68 1 13
67 68 2 13
67 69 3 13
67 68 4 13
67 77 6 13
67 68 11 13
67 67 13 13
67 78 20 13
237 250 20 13
405 405 2 13
405 413 7 13
405 415 8 13
405 406 11 13
741 759 1 13
741 741 2 13
741 757 3 13
741 741 4 13
741 727 8 13
741 759 9 13
741 727 10 13
741 741 11 13
741 759 12 13
741 747 15 13
741 754 16 13
7 10 12 14
68 68 1 14
68 69 2 14
68 68 3 14
68 77 5 14
68 68 10 14
68 67 12 14
68 78 19 14
68 77 20 14
127 135 8 14
293 296 3 14
293 306 8 14
293 296 14 14
293 299 18 14
759 741 1 14
759 757 2 14
759 741 3 14
759 761 4 14
759 767 5 14
759 767 6 14
759 759 8 14
759 741 10 14
759 759 11 14
759 747 14 14
759 754 15 14
68 69 1 15
68 68 2 15
68 77 4 15
68 68 9 15
68 67 11 15
68 78 18 15
68 77 19 15
68 62 20 15
68 68 20 15
405 413 5 15
405 415 6 15
405 406 9 15
741 757 1 15
741 741 2 15
741 727 6 15
741 759 7 15
741 727 8 15
741 741 9 15
741 759 10 15
741 747 13 15
741 754 14 15
69 68 1 16
69 77 3 16
69 68 8 16
69 67 10 16
69 78 17 16
69 77 18 16
69 62 19 16
69 68 19 16
757 741 1 16
757 761 2 16
757 767 3 16
757 767 4 16
757 759 6 16
757 741 8 16
757 759 9 16
757 747 12 16
757 754 13 16
68 77 2 17
68 68 7 17
68 67 9 17
68 78 16 17
68 77 17 17
68 62 18 17
68 68 18 17
184 170 9 17
184 171 17 17
296 306 5 17
296 296 11 17
296 299 15 17
741 727 4 17
741 759 5 17
741 727 6 17
741 741 7 17
741 759 8 17
741 747 11 17
741 754 12 17
761 767 1 18
761 767 2 18
761 759 4 18
761 741 6 18
761 759 7 18
761 747 10 18
761 754 11 18
77 68 5 19
77 67 7 19
77 78 14 19
77 77 15 19
77 62 16 19
77 68 16 19
77 62 20 19
77 81 20 19
502 495 20 19
767 767 1 19
767 759 3 19
767 759 6 19
767 747 9 19
767 754 10 19
33 21 15 20
413 415 1 20
413 406 4 20
767 759 2 20
767 759 5 20
767 747 8 20
767 754 9 20
767 747 20 20
415 406 3 21
727 727 2 21
727 741 3 21
135 127 17 22
135 135 19 22
306 296 6 22
306 299 10 22
306 298 19 22
759 741 2 22
759 759 3 22
759 747 6 22
759 754 7 22
759 747 18 22
727 741 1 23
68 67 2 24
68 78 9 24
68 77 10 24
68 62 11 24
68 68 11 24
68 62 15 24
68 81 15 24
406 392 13 24
406 392 14 24
741 759 1 24
741 747 4 24
741 754 5 24
741 747 16 24
741 760 19 24
759 747 3 25
759 754 4 25
759 747 15 25
759 760 18 25
10 7 9 26
10 21 9 26
10 13 15 26
10 15 15 26
67 78 7 26
67 77 8 26
67 62 9 26
67 68 9 26
67 62 13 26
67 81 13 26
170 171 8 26
350 343 1 26
350 330 14 26
698 681 1 26
698 682 8 26
698 698 9 26
698 685 12 26
343 330 13 27
681 668 5 27
681 670 6 27
681 682 7 27
681 698 8 27
681 685 11 27
681 665 15 27
681 663 18 27
296 299 4 28
296 298 13 28
296 304 15 28
747 754 1 28
747 747 12 28
747 760 15 28
747 741 18 28
754 747 11 29
754 760 14 29
754 741 17 29
299 298 9 32
299 304 11 32
668 670 1 32
668 682 2 32
668 685 6 32
668 665 10 32
668 663 13 32
78 77 1 33
78 62 2 33
78 68 2 33
78 62 6 33
78 81 6 33
78 95 9 33
78 79 18 33
250 248 15 33
670 682 1 33
670 685 5 33
670 665 9 33
670 663 12 33
77 62 1 34
77 68 1 34
77 62 5 34
77 81 5 34
77 95 8 34
77 79 17 34
171 179 13 34
682 698 1 34
682 685 4 34
682 665 8 34
682 663 11 34
7 13 6 35
7 15 6 35
7 0 19 35
7 1 19 35
7 5 19 35
21 13 6 35
21 15 6 35
21 27 13 35
21 1 19 35
21 5 19 35
21 30 19 35
21 35 19 35
62 62 4 35
62 81 4 35
62 79 16 35
62 78 20 35
68 62 4 35
68 81 4 35
68 79 16 35
68 78 20 35
698 685 3 35
698 717 12 35
698 714 16 35
392 392 1 37
392 379 7 37
392 392 8 37
392 379 6 38
392 392 7 38
392 392 20 38
685 665 4 38
685 684 18 38
685 696 20 38
62 79 12 39
62 78 16 39
62 68 17 39
81 95 3 39
81 79 12 39
81 78 16 39
81 68 17 39
127 113 2 39
127 135 2 39
127 121 15 39
495 509 10 39
495 486 14 39
747 760 3 40
747 741 6 40
747 755 14 40
747 761 15 40
747 741 20 40
13 27 7 41
13 0 13 41
13 1 13 41
13 5 13 41
13 30 13 41
13 21 15 41
13 24 16 41
13 0 20 41
13 1 20 41
13 5 20 41
13 10 20 41
15 27 7 41
15 0 13 41
15 1 13 41
15 5 13 41
15 30 13 41
15 21 15 41
15 33 15 41
15 24 16 41
15 0 20 41
15 1 20 41
15 5 20 41
15 10 20 41
113 95 1 41
113 103 2 41
113 121 13 41
113 111 20 41
135 121 13 41
135 133 20 41
298 304 2 41
538 522 7 41
538 526 8 41
538 532 12 41
95 103 1 42
95 79 9 42
95 78 13 42
95 111 19 42
665 663 3 42
665 684 14 42
103 121 11 43
103 111 18 43
103 115 20 43
760 741 3 43
760 755 11 43
760 761 12 43
760 741 17 43
760 746 18 43
760 751 19 43
760 747 20 43
379 392 1 44
379 392 14 44
392 392 13 45
392 406 15 45
663 666 19 45
741 755 8 46
741 741 14 46
741 746 15 46
741 751 16 46
741 747 17 46
179 195 18 47
717 714 4 47
27 30 6 48
27 35 6 48
27 21 8 48
27 33 8 48
27 24 9 48
27 10 13 48
27 10 15 48
27 24 15 48
27 34 15 48
27 9 16 48
27 9 17 48
248 248 14 48
440 444 11 48
440 445 19 48
440 435 20 48
522 509 1 48
522 526 1 48
522 532 5 48
522 518 20 48
509 518 19 49
526 532 4 49
526 544 18 49
526 518 19 49
79 78 4 51
79 68 5 51
79 72 9 51
79 62 13 51
79 63 13 51
79 70 18 51
79 68 19 51
714 696 7 51
714 714 18 51
200 195 12 53
200 180 15 53
200 217 19 53
532 544 14 53
532 518 15 53
532 532 18 53
532 533 19 53
0 0 7 54
0 1 7 54
0 5 7 54
0 10 7 54
0 10 9 54
0 9 10 54
0 9 11 54
1 0 7 54
1 1 7 54
1 5 7 54
1 10 7 54
1 10 9 54
1 9 10 54
1 9 11 54
5 21 2 54
5 24 3 54
5 0 7 54
5 1 7 54
5 5 7 54
5 10 7 54
5 10 9 54
5 24 9 54
5 9 10 54
5 9 11 54
30 21 2 54
30 33 2 54
30 24 3 54
30 10 7 54
30 10 9 54
30 24 9 54
30 34 9 54
35 21 2 54
35 33 2 54
35 24 3 54
35 24 9 54
35 34 9 54
121 111 7 54
121 133 7 54
121 124 8 54
121 115 9 54
121 103 11 54
121 125 17 54
121 110 18 54
755 761 1 54
755 741 6 54
755 746 7 54
755 751 8 54
755 747 9 54
755 763 11 54
755 759 16 54
78 68 1 55
78 72 5 55
78 62 9 55
78 63 9 55
78 70 14 55
78 68 15 55
761 741 5 55
761 746 6 55
761 751 7 55
761 747 8 55
761 763 10 55
761 759 15 55
761 761 20 55
21 24 1 56
21 1 5 56
21 5 5 56
21 10 5 56
21 10 7 56
21 24 7 56
21 34 7 56
21 9 8 56
21 9 9 56
21 24 20 56
33 24 1 56
33 24 7 56
33 34 7 56
33 24 20 56
68 72 4 56
68 62 8 56
68 63 8 56
68 70 13 56
68 68 14 56
684 696 2 56
684 666 8 56
684 666 10 56
24 5 4 57
24 10 4 57
24 10 6 57
24 24 6 57
24 34 6 57
24 9 7 57
24 9 8 57
24 24 19 57
24 5 20 57
24 9 20 57
24 26 20 57
24 34 20 57
392 406 2 58
392 392 8 58
392 396 11 58
392 391 16 58
696 714 11 58
696 677 19 58
444 445 8 59
444 435 9 59
72 62 4 60
72 63 4 60
72 70 9 60
72 68 10 60
406 392 6 60
406 396 9 60
406 417 10 60
406 391 14 60
741 746 1 60
741 751 2 60
741 747 3 60
741 759 10 60
741 724 20 60
0 10 2 61
0 9 3 61
0 9 4 61
0 5 16 61
0 9 16 61
1 10 2 61
1 9 3 61
1 9 4 61
1 5 16 61
1 9 16 61
5 10 2 61
5 24 2 61
5 9 3 61
5 9 4 61
5 24 15 61
5 5 16 61
5 9 16 61
10 10 2 61
10 24 2 61
10 9 3 61
10 9 4 61
10 24 15 61
10 5 16 61
10 9 16 61
10 26 16 61
111 124 1 61
111 115 2 61
111 103 4 61
111 100 7 61
111 125 10 61
111 110 11 61
111 124 15 61
133 124 1 61
133 115 2 61
133 125 10 61
133 124 15 61
746 751 1 61
746 747 2 61
746 763 4 61
746 759 9 61
746 761 14 61
124 115 1 62
124 125 9 62
124 110 10 62
124 124 14 62
248 248 18 62
248 247 19 62
751 747 1 62
751 763 3 62
751 759 8 62
751 761 13 62
10 9 1 63
10 9 2 63
10 24 13 63
10 5 14 63
10 9 14 63
10 26 14 63
24 9 1 63
24 9 2 63
24 24 13 63
24 5 14 63
24 9 14 63
24 26 14 63
24 34 14 63
34 24 13 63
34 26 14 63
34 34 14 63
115 103 2 63
115 100 5 63
115 125 8 63
115 110 9 63
115 124 13 63
115 96 19 63
747 763 2 63
747 759 7 63
747 761 12 63
747 727 19 63
747 730 20 63
9 9 1 64
9 24 12 64
9 5 13 64
9 9 13 64
9 26 13 64
62 70 5 64
62 68 6 64
62 73 17 64
63 70 5 64
63 68 6 64
63 73 17 64
666 666 2 64
666 677 13 64
9 24 11 65
9 5 12 65
9 9 12 65
9 26 12 65
9 0 20 65
9 2 20 65
9 6 20 65
9 7 20 65
103 100 3 65
103 110 7 65
103 96 17 65
103 96 19 65
195 180 3 65
195 190 11 65
763 759 5 65
763 761 10 65
392 396 3 66
392 391 8 66
392 375 20 66
666 677 11 66
666 665 19 66
445 435 1 67
544 532 4 67
544 533 5 67
544 548 7 67
100 110 4 68
100 96 14 68
100 96 16 68
100 88 18 68
180 172 7 68
180 190 8 68
180 184 18 68
435 417 2 68
518 532 3 68
518 533 4 68
518 505 12 68
70 68 1 69
70 73 12 69
70 88 17 69
70 58 19 69
396 391 5 69
714 724 11 69
714 727 13 69
714 730 14 69
714 727 15 69
68 73 11 70
68 58 18 70
68 75 20 70
417 405 20 70
759 761 5 70
759 767 17 70
759 740 20 70
125 110 1 71
125 124 5 71
312 322 1 71
532 533 1 71
532 548 3 71
110 124 4 72
110 96 10 72
110 96 12 72
110 97 17 72
217 224 12 72
217 201 15 72
322 308 20 72
533 548 2 72
391 375 12 74
391 405 16 74
548 565 12 74
172 190 1 75
172 184 11 75
172 160 15 75
172 179 16 75
761 767 12 75
761 754 17 75
24 5 1 76
24 9 1 76
24 26 1 76
24 34 1 76
24 6 9 76
24 7 9 76
24 8 13 76
190 184 10 76
190 201 11 76
190 179 15 76
190 199 20 76
5 0 8 77
5 2 8 77
5 6 8 77
5 7 8 77
5 8 12 77
9 0 8 77
9 2 8 77
9 6 8 77
9 7 8 77
9 8 12 77
26 6 8 77
26 7 8 77
26 8 12 77
677 665 8 77
677 684 12 77
677 689 14 77
248 247 1 80
724 727 2 80
724 730 3 80
724 727 4 80
724 740 10 80
73 88 5 81
73 58 7 81
73 75 9 81
73 66 10 81
73 68 11 81
73 77 13 81
73 69 18 81
577 565 5 81
96 96 2 82
96 88 4 82
96 97 7 82
96 77 12 82
96 110 16 82
727 730 1 82
727 727 2 82
727 740 8 82
730 727 1 83
730 740 7 83
730 740 20 83
96 88 2 84
96 97 5 84
96 77 10 84
96 110 14 84
224 231 20 84
727 740 6 84
727 740 19 84
0 8 4 85
0 15 13 85
2 8 4 85
2 15 13 85
6 8 4 85
6 15 13 85
6 25 14 85
7 8 4 85
7 15 13 85
7 25 14 85
665 684 4 85
88 97 3 86
88 75 4 86
88 68 6 86
88 77 8 86
88 69 13 86
88 69 16 86
88 70 17 86
184 201 1 86
184 179 5 86
184 199 10 86
184 195 12 86
375 383 10 86
565 582 18 86
565 546 19 86
201 199 9 87
201 195 11 87
767 754 5 87
767 756 19 87
58 75 2 88
58 66 3 88
58 68 4 88
58 77 6 88
58 69 11 88
58 69 14 88
58 70 15 88
58 54 18 88
8 15 9 89
8 25 10 89
97 77 5 89
97 110 9 89
684 689 2 89
684 685 9 89
684 685 10 89
684 700 12 89
684 699 18 89
75 66 1 90
75 68 2 90
75 77 4 90
75 69 9 90
75 69 12 90
75 70 13 90
75 69 20 90
160 179 1 90
740 754 2 90
740 740 13 90
740 756 16 90
740 745 19 90
66 68 1 91
66 77 3 91
66 69 8 91
66 69 11 91
66 70 12 91
66 54 15 91
66 69 19 91
66 70 20 91
179 195 7 91
689 685 7 91
689 685 8 91
689 700 10 91
689 699 16 91
68 77 2 92
68 69 7 92
68 69 10 92
68 70 11 92
68 54 14 92
68 69 18 92
68 70 19 92
68 64 20 92
754 740 11 92
754 756 14 92
754 745 17 92
754 741 19 92
77 69 5 94
77 69 8 94
77 70 9 94
77 69 16 94
77 70 17 94
77 64 18 94
77 67 19 94
199 195 2 96
199 201 12 96
532 535 1 96
532 546 9 96
532 514 14 96
535 546 8 97
15 25 1 98
15 32 1 98
32 25 1 98
32 32 1 98
32 35 7 98
195 201 10 98
685 685 1 98
685 700 3 98
685 699 9 98
685 685 14 98
685 687 15 98
25 35 6 99
32 35 6 99
69 69 3 99
69 70 4 99
69 54 7 99
69 69 11 99
69 70 12 99
69 64 13 99
69 56 14 99
69 67 14 99
685 700 2 99
685 699 8 99
685 685 13 99
685 687 14 99
700 699 6 101
700 685 11 101
700 687 12 101
69 70 1 102
69 54 4 102
69 69 8 102
69 70 9 102
69 64 10 102
69 56 11 102
69 67 11 102
69 59 20 102
69 73 20 102
278 282 1 102
278 271 4 102
278 266 8 102
278 267 14 102
278 267 20 102
596 582 2 102
596 610 12 102
70 54 3 103
70 69 7 103
70 70 8 103
70 64 9 103
70 56 10 103
70 67 10 103
70 59 19 103
70 73 19 103
70 75 20 103
282 271 3 103
282 266 7 103
282 267 13 103
282 267 19 103
740 756 3 103
740 745 6 103
740 741 8 103
740 747 17 103
740 756 19 103
231 247 2 104
231 247 10 104
231 248 12 104
231 245 14 104
353 337 1 104
582 567 4 104
35 54 1 105
35 24 17 105
136 135 15 105
337 325 10 105
337 325 12 105
54 69 4 106
54 70 5 106
54 64 6 106
54 56 7 106
54 67 7 106
54 59 16 106
54 73 16 106
247 266 4 106
247 247 8 106
247 248 10 106
247 245 12 106
247 255 12 106
271 266 4 106
271 267 10 106
271 255 12 106
271 267 16 106
271 278 18 106
756 745 3 106
756 741 5 106
756 747 14 106
756 756 16 106
756 757 18 106
756 762 20 106
699 685 5 107
699 687 6 107
699 680 18 107
745 741 2 109
745 747 11 109
745 756 13 109
745 757 15 109
745 762 17 109
745 740 18 109
745 741 19 109
745 740 20 109
69 70 1 110
69 64 2 110
69 56 3 110
69 67 3 110
69 59 12 110
69 73 12 110
69 75 13 110
69 64 18 110
266 247 4 110
266 248 6 110
266 267 6 110
266 255 8 110
266 267 12 110
266 278 14 110
514 510 1 110
514 509 13 110
514 514 13 110
514 509 15 110
514 509 16 110
514 518 20 110
70 64 1 111
70 56 2 111
70 67 2 111
70 59 11 111
70 73 11 111
70 75 12 111
70 64 17 111
510 509 12 111
510 514 12 111
510 509 14 111
510 509 15 111
510 518 19 111
510 518 20 111
741 747 9 111
741 756 11 111
741 757 13 111
741 740 16 111
741 741 17 111
741 740 18 111
64 56 1 112
64 67 1 112
64 59 10 112
64 73 10 112
64 75 11 112
64 64 16 112
64 70 20 112
405 405 15 112
405 395 16 112
405 406 17 112
405 405 19 112
405 407 20 112
685 687 1 112
685 680 13 112
56 59 9 113
56 73 9 113
56 75 10 113
56 64 15 113
56 70 19 113
67 59 9 113
67 73 9 113
67 75 10 113
67 64 15 113
67 70 19 113
313 311 1 113
313 325 2 113
313 325 4 113
313 316 8 113
687 680 12 113
247 248 2 114
247 245 4 114
247 255 4 114
311 325 1 114
311 325 3 114
311 316 7 114
325 325 2 115
325 316 6 115
325 315 20 115
641 641 1 115
641 641 2 115
641 654 3 115
641 644 4 115
641 637 6 115
248 245 2 116
248 255 2 116
248 267 6 116
267 255 2 116
267 267 6 116
267 278 8 116
267 268 20 116
641 641 1 116
641 654 2 116
641 644 3 116
641 637 5 116
641 641 20 116
325 316 4 117
325 315 18 117
641 654 1 117
641 644 2 117
641 637 4 117
641 641 19 117
641 641 20 117
255 267 4 118
255 268 18 118
654 644 1 118
654 637 3 118
654 641 18 118
654 641 19 118
644 637 2 119
644 641 17 119
644 641 18 119
135 126 11 120
747 756 2 120
747 757 4 120
747 762 6 120
747 740 7 120
747 741 8 120
747 740 9 120
747 741 12 120
747 741 13 120
316 315 14 121
316 322 17 121
316 312 18 121
637 641 15 121
637 641 16 121
59 75 1 122
59 64 6 122
59 70 10 122
73 75 1 122
73 64 6 122
73 70 10 122
267 278 2 122
267 268 14 122
756 757 2 122
756 762 4 122
756 740 5 122
756 741 6 122
756 740 7 122
756 741 10 122
756 741 11 122
756 749 20 122
75 64 5 123
75 70 9 123
509 509 2 123
509 509 3 123
509 518 7 123
509 518 8 123
509 510 10 123
514 509 2 123
514 509 3 123
514 518 7 123
514 518 8 123
514 510 10 123
278 268 12 124
757 762 2 124
757 740 3 124
757 741 4 124
757 740 5 124
757 741 8 124
757 741 9 124
757 749 18 124
757 764 19 124
757 755 20 124
509 509 1 125
509 518 5 125
509 518 6 125
509 510 8 125
680 687 9 125
509 518 4 126
509 518 5 126
509 510 7 126
762 749 16 126
762 764 17 126
762 755 18 126
762 744 20 126
405 395 1 127
405 406 2 127
405 405 4 127
405 407 5 127
405 419 7 127
405 404 20 127
740 741 1 127
740 740 2 127
740 741 5 127
740 741 6 127
740 728 14 127
740 749 15 127
740 755 17 127
740 741 18 127
740 744 19 127
64 70 4 128
64 69 18 128
395 406 1 128
395 405 3 128
395 407 4 128
395 375 12 128
395 404 19 128
395 402 20 128
741 740 1 128
741 741 4 128
741 741 5 128
741 728 13 128
741 749 14 128
741 755 16 128
741 741 17 128
741 744 18 128
406 405 2 129
406 407 3 129
406 419 5 129
406 404 18 129
406 402 19 129
406 392 20 129
740 741 3 129
740 741 4 129
740 728 12 129
740 749 13 129
740 755 15 129
740 741 16 129
740 744 17 129
434 419 4 130
434 443 12 130
434 435 14 130
518 518 1 130
518 510 3 130
126 124 12 131
126 126 16 131
126 127 16 131
405 407 1 131
405 419 3 131
405 404 16 131
405 402 17 131
405 392 18 131
405 407 20 131
518 510 2 131
70 69 14 132
70 70 20 132
407 419 2 132
407 404 15 132
407 402 16 132
407 392 17 132
407 407 19 132
407 406 20 132
741 741 1 132
741 728 9 132
741 749 10 132
741 755 12 132
741 741 13 132
741 744 14 132
741 728 8 133
741 749 9 133
741 755 11 133
741 741 12 133
741 744 13 133
741 741 20 133
419 435 10 134
419 404 13 134
419 402 14 134
419 407 17 134
419 406 18 134
419 406 19 134
687 686 17 134
687 685 18 134
315 322 3 135
315 312 4 135
315 307 8 135
315 296 10 135
315 296 11 135
613 603 3 135
613 602 4 135
613 606 5 135
613 629 12 135
613 626 13 135
613 599 19 135
219 217 1 136
219 235 3 136
219 207 8 136
219 207 18 136
219 221 20 136
641 641 1 136
641 629 11 136
641 626 12 136
641 660 13 136
217 235 2 137
217 207 7 137
217 207 17 137
217 221 19 137
641 629 10 137
641 626 11 137
641 660 12 137
322 312 1 138
322 307 5 138
322 336 16 138
603 602 1 138
603 606 2 138
603 599 16 138
603 585 17 138
235 221 17 139
312 307 4 139
312 296 6 139
312 296 7 139
602 606 1 139
602 599 15 139
602 585 16 139
375 392 9 140
606 599 14 140
728 741 4 141
728 744 5 141
728 741 12 141
728 741 15 141
728 745 16 141
728 714 17 141
443 435 2 142
749 764 1 142
749 755 2 142
749 741 3 142
749 744 4 142
749 741 11 142
749 741 14 142
749 745 15 142
21 11 1 143
21 1 17 143
21 5 17 143
21 9 17 143
21 30 17 143
21 34 17 143
21 26 20 143
124 126 4 143
124 127 4 143
124 105 11 143
124 123 17 143
124 135 17 143
124 110 18 143
124 110 19 143
307 296 2 143
307 296 3 143
307 288 12 143
307 295 18 143
764 755 1 143
764 744 3 143
764 745 14 143
11 0 16 144
11 1 16 144
11 5 16 144
11 9 16 144
11 30 16 144
11 26 19 144
207 188 1 144
207 207 10 144
207 221 12 144
207 197 17 144
755 741 1 144
755 744 2 144
755 741 9 144
755 741 12 144
755 745 13 144
755 742 20 144
188 207 9 145
188 197 16 145
296 296 1 145
296 288 10 145
296 295 16 145
741 744 1 145
741 741 8 145
741 741 11 145
741 745 12 145
741 742 19 145
69 70 6 146
69 70 7 146
69 69 9 146
69 68 10 146
69 60 17 146
69 63 17 146
69 69 20 146
296 288 9 146
296 295 15 146
744 741 7 146
744 741 10 146
744 745 11 146
744 742 18 146
126 123 13 147
126 135 13 147
126 110 14 147
126 110 15 147
126 126 20 147
126 128 20 147
127 123 13 147
127 135 13 147
127 110 14 147
127 110 15 147
127 126 20 147
127 128 20 147
404 402 1 147
404 392 2 147
404 407 4 147
404 406 5 147
404 406 6 147
404 407 9 147
404 398 18 147
404 398 19 147
629 626 1 147
402 392 1 148
402 407 3 148
402 406 4 148
402 406 5 148
402 407 8 148
402 398 17 148
402 398 18 148
392 407 2 149
392 406 3 149
392 406 4 149
392 407 7 149
392 398 16 149
392 398 17 149
660 662 11 149
660 666 12 149
660 665 14 149
407 406 1 151
407 406 2 151
407 407 5 151
407 398 14 151
407 398 15 151
407 392 20 151
686 685 1 151
686 666 10 151
686 680 11 151
70 70 1 152
70 69 3 152
70 68 4 152
70 60 11 152
70 63 11 152
70 69 14 152
406 406 1 152
406 407 4 152
406 398 13 152
406 398 14 152
406 392 19 152
685 666 9 152
685 680 10 152
685 665 11 152
70 69 2 153
70 68 3 153
70 60 10 153
70 63 10 153
70 69 13 153
406 407 3 153
406 398 12 153
406 398 13 153
406 392 18 153
406 396 20 153
741 741 3 153
741 745 4 153
741 742 11 153
741 746 15 153
741 758 19 153
105 123 6 154
105 110 7 154
105 110 8 154
105 98 15 154
105 106 16 154
105 110 17 154
207 221 2 154
207 197 7 154
336 325 14 154
599 585 1 154
69 68 1 155
69 60 8 155
69 63 8 155
69 69 11 155
154 135 5 155
154 167 7 155
154 135 14 155
288 295 6 155
68 60 7 156
68 63 7 156
68 69 10 156
68 71 20 156
407 398 9 156
407 398 10 156
407 392 15 156
407 396 17 156
741 745 1 156
741 742 8 156
741 746 12 156
741 758 16 156
745 742 7 157
745 746 11 157
745 758 15 157
714 696 17 158
0 14 10 160
1 14 10 160
5 14 10 160
5 24 16 160
9 26 3 160
9 14 10 160
9 24 16 160
30 26 3 160
30 14 10 160
30 24 16 160
34 26 3 160
34 14 10 160
34 24 16 160
123 110 1 160
123 110 2 160
123 126 7 160
123 128 7 160
123 135 9 160
123 106 10 160
123 110 11 160
135 126 7 160
135 128 7 160
135 135 9 160
662 666 1 160
662 680 2 160
662 665 3 160
662 664 13 160
110 110 1 161
110 126 6 161
110 128 6 161
110 98 8 161
110 106 9 161
110 110 10 161
110 96 20 161
197 181 13 161
666 680 1 161
666 665 2 161
666 664 12 161
666 684 13 161
110 126 5 162
110 128 5 162
110 98 7 162
110 106 8 162
110 110 9 162
110 96 19 162
110 112 20 162
167 181 12 162
680 665 1 162
680 664 11 162
680 684 12 162
680 696 13 162
26 14 7 163
26 24 13 163
26 28 19 163
60 69 3 163
60 71 13 163
60 55 20 163
60 63 20 163
63 69 3 163
63 71 13 163
63 55 20 163
63 63 20 163
665 664 10 163
665 684 11 163
742 746 4 164
742 758 8 164
742 753 14 164
742 745 15 164
742 760 18 164
742 755 19 164
398 398 1 165
398 392 6 165
398 396 8 165
767 758 7 165
767 753 13 165
767 760 17 165
767 755 18 165
69 71 10 166
69 55 17 166
69 63 17 166
69 60 18 166
69 81 18 166
69 69 20 166
398 392 5 166
398 396 7 166
519 529 1 166
519 530 4 166
519 538 5 166
519 522 10 166
519 510 11 166
519 522 11 166
519 537 15 166
126 135 2 167
126 106 3 167
126 110 4 167
126 112 15 167
128 135 2 167
128 110 4 167
128 112 15 167
529 530 3 167
529 538 4 167
529 522 9 167
529 510 10 167
529 522 10 167
529 537 14 167
529 530 20 167
746 758 4 168
746 753 10 168
746 745 11 168
746 760 14 168
746 755 15 168
746 740 18 168
98 106 1 169
98 110 2 169
98 96 12 169
98 112 13 169
98 81 15 169
135 147 20 169
491 480 3 169
491 510 8 169
491 484 18 169
14 24 6 170
14 5 12 170
14 28 12 170
14 29 14 170
14 2 18 170
14 29 18 170
14 33 18 170
14 0 19 170
14 2 19 170
14 5 19 170
14 7 19 170
106 110 1 170
106 96 11 170
106 112 12 170
530 538 1 170
530 522 6 170
530 510 7 170
530 522 7 170
530 537 11 170
530 530 17 170
110 96 10 171
110 112 11 171
392 396 2 171
392 376 15 171
538 522 5 171
538 522 6 171
538 537 10 171
538 530 16 171
480 469 9 172
480 484 15 172
758 753 6 172
758 745 7 172
758 760 10 172
758 755 11 172
758 740 14 172
758 746 19 172
758 759 20 172
396 376 13 173
664 680 11 173
181 165 16 174
181 199 19 174
684 696 1 174
684 680 10 174
696 680 9 175
696 714 13 175
696 712 14 175
696 687 20 175
24 5 6 176
24 28 6 176
24 29 8 176
24 29 12 176
24 33 12 176
24 5 13 176
24 7 13 176
24 9 15 176
24 15 15 176
24 6 16 176
24 8 16 176
71 55 7 176
71 63 7 176
71 60 8 176
71 81 8 176
71 69 10 176
71 70 11 176
71 70 12 176
71 78 14 176
71 68 16 176
360 376 10 176
360 368 18 176
522 510 1 176
522 522 1 176
522 537 5 176
522 530 11 176
522 523 20 176
510 523 19 177
522 537 4 177
522 530 10 177
522 523 19 177
753 745 1 178
753 760 4 178
753 755 5 178
753 740 8 178
753 746 13 178
753 759 14 178
753 766 15 178
753 762 16 178
753 767 20 178
745 760 3 179
745 755 4 179
745 740 7 179
745 727 11 179
745 746 12 179
745 759 13 179
745 762 15 179
96 112 1 181
96 81 3 181
96 78 9 181
96 106 12 181
96 110 15 181
217 199 12 181
217 230 19 181
469 484 6 181
537 530 6 181
537 523 15 181
537 540 19 181
5 2 6 182
5 0 7 182
5 2 7 182
5 5 7 182
5 7 7 182
5 3 9 182
5 9 9 182
5 15 9 182
5 2 10 182
5 6 10 182
5 8 10 182
28 29 2 182
28 29 6 182
28 33 6 182
28 9 9 182
28 15 9 182
28 8 10 182
112 106 11 182
112 110 14 182
112 125 17 182
112 120 18 182
760 755 1 182
760 740 4 182
760 746 9 182
760 759 10 182
760 766 11 182
760 762 12 182
760 767 16 182
55 60 1 183
55 69 3 183
55 70 4 183
55 70 5 183
55 50 9 183
55 68 9 183
55 71 14 183
55 68 15 183
63 60 1 183
63 81 1 183
63 69 3 183
63 70 4 183
63 70 5 183
63 78 7 183
63 50 9 183
63 68 9 183
63 71 14 183
63 68 15 183
755 740 3 183
755 746 8 183
755 759 9 183
755 766 10 183
755 762 11 183
755 767 15 183
755 759 20 183
29 29 4 184
29 33 4 184
29 9 7 184
29 15 7 184
60 69 2 184
60 70 3 184
60 70 4 184
60 78 6 184
60 50 8 184
60 68 8 184
60 71 13 184
60 68 14 184
60 76 20 184
81 69 2 184
81 70 3 184
81 70 4 184
81 78 6 184
81 68 8 184
81 71 13 184
81 68 14 184
81 76 20 184
680 687 11 184
69 70 1 186
69 70 2 186
69 78 4 186
69 50 6 186
69 68 6 186
69 71 11 186
69 68 12 186
69 76 18 186
69 69 19 186
376 368 8 186
376 390 11 186
740 727 4 186
740 746 5 186
740 759 6 186
740 759 17 186
70 70 1 187
70 78 3 187
70 50 5 187
70 68 5 187
70 71 10 187
70 68 11 187
70 76 17 187
70 69 18 187
484 467 15 187
530 523 9 187
530 540 13 187
530 537 15 187
2 0 1 188
2 2 1 188
2 5 1 188
2 7 1 188
2 3 3 188
2 9 3 188
2 15 3 188
2 2 4 188
2 6 4 188
2 8 4 188
2 14 17 188
29 9 3 188
29 15 3 188
29 14 17 188
29 26 17 188
33 15 3 188
33 50 4 188
33 14 17 188
33 26 17 188
70 78 2 188
70 50 4 188
70 68 4 188
70 71 9 188
70 68 10 188
70 76 16 188
70 69 17 188
714 712 1 188
714 727 2 188
714 714 9 188
0 3 2 189
0 9 2 189
0 15 2 189
0 2 3 189
0 6 3 189
0 8 3 189
0 14 16 189
2 3 2 189
2 9 2 189
2 15 2 189
2 2 3 189
2 6 3 189
2 8 3 189
2 14 16 189
5 3 2 189
5 9 2 189
5 15 2 189
5 2 3 189
5 6 3 189
5 8 3 189
5 14 16 189
7 3 2 189
7 9 2 189
7 15 2 189
7 2 3 189
7 6 3 189
7 8 3 189
7 14 16 189
7 26 16 189
147 165 1 189
712 727 1 189
712 714 8 189
712 721 20 189
78 68 2 190
78 71 7 190
78 68 8 190
78 76 14 190
78 69 15 190
165 178 5 190
727 746 1 190
727 714 7 190
727 721 19 190
3 2 1 191
3 6 1 191
3 8 1 191
3 14 14 191
9 2 1 191
9 6 1 191
9 8 1 191
9 14 14 191
9 26 14 191
15 2 1 191
15 6 1 191
15 8 1 191
15 14 14 191
15 26 14 191
746 759 1 191
746 762 3 191
746 759 12 191
2 14 13 192
6 14 13 192
8 14 13 192
8 26 13 192
50 68 6 192
50 69 13 192
68 71 5 192
68 68 6 192
68 76 12 192
68 69 13 192
759 766 1 192
759 762 2 192
759 767 6 192
759 759 11 192
106 110 3 193
106 125 6 193
106 120 7 193
106 125 16 193
199 195 9 193
199 194 10 193
199 196 11 193
304 298 10 193
766 762 1 193
766 767 5 193
766 759 10 193
766 758 20 193
762 767 4 194
762 759 9 194
762 758 19 194
762 760 20 194
178 195 7 195
178 194 8 195
178 196 9 195
328 331 5 195
687 677 10 195
110 125 3 196
110 120 4 196
110 125 13 196
523 505 3 196
523 540 4 196
523 537 6 196
523 505 12 196
71 68 1 197
71 76 7 197
71 69 8 197
71 68 17 197
71 68 18 197
390 399 1 197
714 721 12 197
68 76 6 198
68 69 7 198
68 68 16 198
68 68 17 198
68 69 20 198
767 759 5 198
767 758 15 198
767 760 16 198
767 761 17 198
767 757 19 198
125 120 1 199
125 125 10 199
505 505 9 199
505 486 10 199
505 509 19 199
647 666 17 199
120 125 9 200
120 125 20 200
120 127 20 200
230 244 9 200
230 226 10 200
540 537 2 200
540 552 12 200
540 536 20 200
195 194 1 202
195 196 2 202
467 486 7 202
467 479 9 202
467 449 10 202
467 477 11 202
467 467 18 202
537 552 10 202
537 536 18 202
537 532 19 202
537 545 20 202
194 196 1 203
759 758 10 203
759 760 11 203
759 761 12 203
759 757 14 203
759 765 16 203
759 749 20 203
76 69 1 204
76 68 10 204
76 68 11 204
76 69 14 204
76 68 15 204
561 552 8 204
561 545 18 204
69 68 9 205
69 68 10 205
69 69 13 205
69 68 14 205
677 666 11 205
677 688 13 205
505 486 1 208
505 509 10 208
621 601 2 208
621 602 3 208
125 125 11 209
125 127 11 209
244 226 1 209
486 479 2 209
486 477 4 209
486 467 11 209
721 714 18 209
721 740 19 209
445 449 2 210
601 602 1 210
479 477 2 211
479 467 9 211
449 467 8 212
552 536 8 212
552 532 9 212
552 545 10 212
477 467 7 213
758 760 1 213
758 761 2 213
758 757 4 213
758 765 6 213
758 749 10 213
758 759 11 213
758 760 12 213
758 740 15 213
758 750 19 213
68 68 1 214
68 69 4 214
68 68 5 214
68 68 14 214
68 68 15 214
68 66 16 214
760 761 1 214
760 757 3 214
760 765 5 214
760 749 9 214
760 759 10 214
760 760 11 214
760 740 14 214
760 750 18 214
68 69 3 215
68 68 4 215
68 68 13 215
68 68 14 215
68 66 15 215
761 757 2 215
761 765 4 215
761 749 8 215
761 759 9 215
761 760 10 215
761 750 17 215
666 684 10 216
666 685 13 216
666 666 15 216
757 765 2 217
757 749 6 217
757 759 7 217
757 760 8 217
757 740 11 217
757 750 15 217
69 68 1 218
69 68 10 218
69 68 11 218
69 66 12 218
509 497 15 218
688 684 8 218
688 685 11 218
688 698 12 218
68 68 9 219
68 68 10 219
68 66 11 219
765 749 4 219
765 759 5 219
765 760 6 219
765 750 13 219
125 126 18 220
127 126 18 220
536 532 1 220
536 545 2 220
536 533 15 220
336 337 2 221
532 545 1 221
532 533 14 221
387 406 6 222
387 405 15 222
387 405 18 222
545 533 13 222
337 325 19 223
337 325 20 223
749 759 1 223
749 760 2 223
749 740 5 223
749 750 9 223
749 764 18 223
96 100 13 224
759 760 1 224
759 740 4 224
759 750 8 224
759 764 17 224
304 295 4 225
304 304 5 225
304 318 20 225
760 740 3 225
760 750 7 225
760 764 16 225
684 685 3 226
684 698 4 226
684 666 5 226
684 665 13 226
714 698 3 227
68 68 1 228
68 66 2 228
68 68 20 228
406 424 7 228
406 405 9 228
406 405 12 228
740 750 4 228
29 34 19 229
35 34 19 229
68 66 1 229
68 68 19 229
295 304 1 229
295 306 19 229
685 698 1 229
685 666 2 229
685 665 10 229
66 68 18 230
66 61 20 230
66 63 20 230
304 318 15 230
304 306 18 230
6 0 19 231
6 1 19 231
6 6 19 231
6 8 19 231
6 24 19 231
666 650 7 231
666 665 8 231
666 648 15 231
666 650 18 231
666 680 20 231
750 764 9 232
750 767 16 232
750 754 18 232
750 764 20 232
497 506 20 233
497 511 20 233
614 594 4 233
614 611 9 233
439 424 1 234
439 457 15 234
645 650 4 234
645 641 6 234
645 641 9 234
645 642 10 234
645 641 11 234
645 648 12 234
645 640 13 234
645 650 15 234
424 405 2 235
424 405 5 235
424 406 17 235
533 514 19 235
591 594 1 236
230 246 7 237
230 217 8 237
230 217 10 237
405 405 3 237
405 396 14 237
405 406 15 237
405 406 19 237
405 419 20 237
594 611 5 237
650 665 1 238
650 641 2 238
650 641 5 238
650 642 6 238
650 641 7 238
650 648 8 238
650 640 9 238
650 650 11 238
665 648 7 239
665 650 10 239
665 680 12 239
665 676 17 239
405 396 11 240
405 406 12 240
405 406 16 240
405 419 17 240
641 641 3 240
641 642 4 240
641 641 5 240
641 648 6 240
641 640 7 240
641 650 9 240
764 767 7 241
764 754 9 241
764 764 11 241
764 765 14 241
764 761 16 241
325 325 1 242
325 318 3 242
325 306 6 242
325 318 2 243
325 306 5 243
325 316 20 243
641 642 1 243
641 641 2 243
641 648 3 243
641 640 4 243
641 650 6 243
641 635 20 243
246 250 2 244
246 257 2 244
256 250 2 244
256 257 2 244
256 266 20 244
642 641 1 244
642 648 2 244
642 640 3 244
642 650 5 244
642 635 19 244
642 641 20 244
217 217 2 245
217 220 19 245
217 220 20 245
318 306 3 245
318 316 18 245
641 648 1 245
641 640 2 245
641 650 4 245
641 635 18 245
641 641 19 245
641 641 20 245
250 266 18 246
250 242 20 246
257 266 18 246
257 242 20 246
648 640 1 246
648 650 3 246
648 635 17 246
648 641 18 246
648 641 19 246
217 220 17 247
217 220 18 247
217 235 20 247
640 650 2 247
640 635 16 247
640 641 17 247
640 641 18 247
34 24 2 248
34 33 3 248
68 61 2 248
68 63 2 248
68 76 3 248
306 316 15 248
306 324 18 248
306 312 19 248
767 754 2 248
767 764 4 248
767 765 7 248
767 761 9 248
457 467 9 249
457 474 10 249
457 471 11 249
650 635 14 249
650 641 15 249
650 641 16 249
24 33 1 250
61 76 1 250
61 75 20 250
63 76 1 250
63 75 20 250
754 764 2 250
754 765 5 250
754 761 7 250
754 740 9 250
754 741 10 250
754 748 20 250
76 75 19 251
396 406 1 251
396 406 5 251
396 392 14 251
680 676 5 251
680 685 18 251
406 406 4 252
406 419 5 252
406 392 13 252
764 765 3 252
764 761 5 252
764 748 18 252
764 765 19 252
506 509 1 253
506 514 1 253
506 510 8 253
506 514 8 253
511 509 1 253
511 514 1 253
511 510 8 253
511 514 8 253
509 510 7 254
509 514 7 254
514 510 7 254
514 514 7 254
765 761 2 255
765 748 15 255
765 765 16 255
765 745 18 255
406 419 1 256
406 392 9 256
406 405 19 256
406 399 20 256
676 685 13 256
419 434 15 257
419 405 18 257
419 399 19 257
419 407 20 257
761 741 3 257
761 748 13 257
761 765 14 257
761 745 16 257
467 474 1 258
467 471 2 258
467 484 4 258
537 537 4 258
537 539 14 258
537 525 18 258
474 471 1 259
474 484 3 259
740 741 1 259
740 748 11 259
740 745 14 259
740 738 15 259
471 484 2 260
741 748 10 260
741 745 13 260
741 738 14 260
741 741 20 260
510 525 15 261
514 525 15 261
537 539 10 262
537 525 14 262
316 324 3 263
316 312 4 263
316 333 7 263
316 297 10 263
316 296 11 263
635 641 1 263
635 641 2 263
635 624 12 263
220 220 1 264
220 235 3 264
266 262 19 264
266 247 20 264
266 256 20 264
641 641 1 264
641 624 11 264
641 650 20 264
220 235 2 265
392 374 3 265
392 405 10 265
392 399 11 265
392 407 12 265
392 406 16 265
641 624 10 265
641 650 19 265
242 235 1 266
242 247 18 266
242 256 18 266
324 312 1 266
324 333 4 266
324 306 20 266
603 596 1 266
603 606 2 266
603 590 12 266
603 601 15 266
603 620 19 266
603 600 20 266
235 247 17 267
312 297 6 267
312 296 7 267
312 306 19 267
596 606 1 267
596 590 11 267
596 601 14 267
596 600 19 267
374 393 19 268
374 376 20 268
606 624 7 268
606 590 10 268
606 601 13 268
606 620 17 268
606 600 18 268
685 689 13 269
685 685 14 269
685 666 20 269
75 77 2 270
75 75 3 270
75 66 8 270
75 71 10 270
75 70 11 270
75 68 13 270
75 62 17 270
748 765 1 270
748 745 3 270
748 738 4 270
748 741 10 270
748 759 17 270
11 6 1 271
11 27 7 271
11 5 8 271
11 8 8 271
11 8 11 271
11 9 13 271
11 15 13 271
11 9 14 271
11 2 15 271
11 5 15 271
11 24 15 271
116 121 15 271
116 126 16 271
116 129 16 271
765 745 2 271
765 759 16 271
6 5 7 272
6 8 7 272
6 8 10 272
6 9 12 272
6 15 12 272
6 9 13 272
6 2 14 272
6 5 14 272
6 24 14 272
77 75 1 272
77 66 6 272
77 71 8 272
77 70 9 272
77 68 11 272
77 62 15 272
77 95 17 272
77 62 20 272
77 63 20 272
539 525 4 272
75 66 5 273
75 71 7 273
75 70 8 273
75 68 10 273
75 62 14 273
75 62 19 273
75 63 19 273
177 190 10 273
177 178 20 273
297 296 1 273
297 287 6 273
297 306 13 273
297 298 16 273
297 279 17 273
297 306 18 273
745 738 1 273
745 741 7 273
745 759 14 273
745 729 18 273
745 755 20 273
296 287 5 274
296 306 12 274
296 298 15 274
296 279 16 274
296 306 17 274
296 278 20 274
738 741 6 274
738 729 17 274
738 755 19 274
405 399 1 275
405 407 2 275
405 406 6 275
405 393 12 275
624 620 10 275
624 637 13 275
399 407 1 276
399 406 5 276
399 393 11 276
525 513 20 276
407 406 4 277
407 393 10 277
27 8 1 278
27 8 4 278
27 9 6 278
27 15 6 278
27 35 6 278
27 9 7 278
27 24 8 278
27 14 15 278
27 26 15 278
27 35 15 278
42 51 2 278
42 35 6 278
42 24 8 278
42 26 15 278
42 35 15 278
42 52 19 278
66 51 2 278
66 71 2 278
66 70 3 278
66 68 5 278
66 62 9 278
66 62 14 278
66 63 14 278
66 75 16 278
66 52 19 278
66 79 19 278
590 571 1 278
590 601 3 278
590 600 8 278
590 579 17 278
5 8 3 279
5 9 5 279
5 15 5 279
5 9 6 279
5 2 7 279
5 5 7 279
5 24 7 279
5 6 14 279
5 14 14 279
8 8 3 279
8 9 5 279
8 15 5 279
8 9 6 279
8 2 7 279
8 5 7 279
8 24 7 279
8 6 14 279
8 14 14 279
8 26 14 279
143 140 1 279
143 126 8 279
143 129 8 279
143 144 16 279
143 150 18 279
287 306 7 279
287 298 10 279
287 279 11 279
287 306 12 279
287 278 15 279
287 298 16 279
571 579 16 279
571 561 18 279
51 70 1 280
51 68 3 280
51 35 4 280
51 62 7 280
51 62 12 280
51 63 12 280
51 35 13 280
51 52 17 280
71 70 1 280
71 68 3 280
71 62 7 280
71 62 12 280
71 63 12 280
71 75 14 280
71 52 17 280
71 79 17 280
140 121 6 280
140 126 7 280
140 129 7 280
140 144 15 280
140 150 17 280
741 759 7 280
741 729 11 280
741 755 13 280
741 740 19 280
70 68 2 281
70 62 6 281
70 62 11 281
70 63 11 281
70 75 13 281
70 52 16 281
70 79 16 281
406 393 6 281
601 620 4 281
601 600 5 281
8 9 2 282
8 15 2 282
8 9 3 282
8 2 4 282
8 5 4 282
8 24 4 282
8 6 11 282
8 14 11 282
8 26 11 282
8 24 19 282
689 685 1 282
689 685 8 282
689 700 10 282
689 707 12 282
68 62 4 283
68 62 9 283
68 63 9 283
68 75 11 283
68 52 14 283
68 79 14 283
190 178 10 283
190 194 15 283
190 188 16 283
190 182 19 283
262 247 1 283
262 256 1 283
262 279 7 283
262 263 10 283
262 278 11 283
262 270 19 283
685 666 6 283
685 685 7 283
685 700 9 283
9 9 1 284
9 2 2 284
9 5 2 284
9 24 2 284
9 6 9 284
9 14 9 284
9 26 9 284
9 24 17 284
15 9 1 284
15 2 2 284
15 5 2 284
15 24 2 284
15 6 9 284
15 14 9 284
15 26 9 284
15 24 17 284
35 24 2 284
35 26 9 284
35 35 9 284
35 52 13 284
35 24 17 284
247 263 9 284
256 263 9 284
256 270 18 284
650 637 4 284
650 666 5 284
9 2 1 285
9 5 1 285
9 24 1 285
9 6 8 285
9 14 8 285
9 26 8 285
9 24 16 285
620 600 1 285
620 637 3 285
620 608 20 285
2 6 7 286
2 14 7 286
5 6 7 286
5 14 7 286
5 24 15 286
24 6 7 286
24 14 7 286
24 26 7 286
24 35 7 286
24 24 15 286
121 126 1 286
121 129 1 286
121 105 7 286
121 101 12 286
121 104 20 286
306 298 3 286
306 306 5 286
306 298 9 286
600 608 19 286
600 612 20 286
62 62 5 287
62 63 5 287
62 75 7 287
62 52 10 287
62 79 10 287
126 144 8 287
129 144 8 287
393 376 1 287
393 393 17 287
759 755 6 287
759 766 11 287
759 740 12 287
759 741 14 287
376 393 16 288
637 641 19 288
95 105 4 289
95 75 5 289
95 79 8 289
95 101 9 289
95 104 17 289
298 279 1 289
298 306 2 289
298 278 5 289
298 298 6 289
298 308 18 289
666 685 1 289
279 263 3 290
279 278 4 290
279 298 5 290
279 270 12 290
685 700 2 290
306 298 4 291
306 308 16 291
306 306 19 291
729 740 8 291
729 741 10 291
729 716 12 291
62 75 2 292
62 52 5 292
62 79 5 292
62 75 18 292
62 75 20 292
63 75 2 292
63 52 5 292
63 79 5 292
63 75 18 292
63 75 20 292
700 707 2 292
700 716 11 292
6 24 8 293
14 24 8 293
26 24 8 293
35 52 4 293
35 24 8 293
105 101 5 293
105 104 13 293
178 194 5 293
178 188 6 293
178 182 9 293
263 278 1 293
263 270 9 293
263 249 17 293
263 281 18 293
755 766 5 293
755 740 6 293
755 741 8 293
755 754 19 293
75 79 3 294
75 75 16 294
75 75 18 294
75 74 20 294
217 222 18 294
278 270 8 294
278 281 17 294
707 716 9 294
707 724 20 294
144 150 2 295
144 163 19 295
144 124 20 295
298 308 12 295
298 306 15 295
298 281 16 295
579 561 2 295
579 568 9 295
579 565 16 295
464 469 9 296
464 471 10 296
464 481 12 296
464 449 19 296
464 462 20 296
513 515 6 296
513 528 19 296
52 39 17 297
79 75 13 297
79 75 15 297
79 74 17 297
79 85 19 297
150 163 17 297
561 568 7 297
561 565 14 297
101 104 8 298
101 85 18 298
101 90 20 298
194 188 1 298
194 182 4 298
194 213 20 298
766 754 14 298
188 182 3 299
740 741 2 299
740 754 13 299
740 733 14 299
740 724 15 299
740 727 17 299
333 330 9 300
333 346 12 300
540 528 15 300
24 24 13 301
24 39 13 301
24 5 16 301
24 24 18 301
24 31 18 301
24 12 19 301
741 754 11 301
741 733 12 301
741 724 13 301
741 727 15 301
741 723 20 301
182 163 12 302
270 281 9 302
270 259 19 302
515 528 13 302
716 733 10 303
716 724 11 303
716 727 13 303
716 711 14 303
716 716 16 303
716 713 17 303
716 723 18 303
716 713 19 303
716 721 20 303
568 565 7 304
568 569 20 304
469 471 1 305
469 481 3 305
469 449 10 305
469 462 11 305
469 463 12 305
469 480 17 305
608 612 1 305
608 601 3 305
608 607 4 305
608 602 5 305
608 592 20 305
104 85 10 306
104 90 12 306
104 110 16 306
471 481 2 306
471 462 10 306
471 463 11 306
471 480 16 306
612 601 2 306
612 607 3 306
612 602 4 306
612 629 12 306
612 592 19 306
612 604 20 306
308 306 3 307
641 629 11 307
481 462 8 308
481 463 9 308
481 480 14 308
601 607 1 308
601 602 2 308
601 592 17 308
601 604 18 308
601 609 19 308
330 346 3 309
330 336 16 309
330 348 18 309
607 602 1 309
607 592 16 309
607 604 17 309
607 609 18 309
607 601 20 309
75 75 2 310
75 74 4 310
75 85 6 310
75 90 8 310
75 60 10 310
75 68 10 310
75 69 13 310
75 71 14 310
249 242 10 310
249 259 11 310
249 234 12 310
249 234 16 310
249 234 17 310
249 251 18 310
249 244 20 310
306 306 20 310
602 592 15 310
602 604 16 310
602 609 17 310
602 601 19 310
602 607 20 310
281 283 17 311
281 269 20 311
565 569 13 311
565 571 20 311
75 74 2 312
75 85 4 312
75 90 6 312
75 60 8 312
75 68 8 312
75 69 11 312
75 71 12 312
75 75 19 312
222 213 6 312
222 234 10 312
222 234 14 312
222 234 15 312
346 358 6 312
346 365 8 312
346 336 13 312
346 348 15 312
346 347 20 312
733 724 1 313
733 727 3 313
733 716 6 313
733 713 7 313
733 723 8 313
733 713 9 313
733 721 10 313
24 5 3 314
24 24 5 314
24 31 5 314
24 12 6 314
24 24 8 314
39 24 5 314
39 31 5 314
39 24 8 314
74 85 2 314
74 90 4 314
74 60 6 314
74 68 6 314
74 69 9 314
74 71 10 314
74 75 17 314
724 727 2 314
724 711 3 314
724 716 5 314
724 713 6 314
724 723 7 314
724 713 8 314
724 721 9 314
724 727 20 314
124 110 7 315
449 462 1 315
449 463 2 315
85 90 2 316
85 68 4 316
85 69 7 316
85 71 8 316
85 75 15 316
85 78 19 316
85 68 20 316
462 463 1 316
462 480 6 316
462 445 20 316
727 711 1 316
727 716 3 316
727 713 4 316
727 723 5 316
727 713 6 316
727 721 7 316
727 727 18 316
2 12 3 317
2 2 5 317
2 0 18 317
2 2 18 317
2 13 19 317
5 24 2 317
5 12 3 317
5 2 5 317
5 24 5 317
5 0 18 317
5 2 18 317
5 13 19 317
463 480 5 317
463 445 19 317
711 716 2 317
711 713 3 317
711 723 4 317
711 713 5 317
711 721 6 317
711 727 17 317
711 706 20 317
90 71 6 318
90 75 13 318
90 78 17 318
213 200 19 318
358 365 2 318
358 348 9 318
358 347 14 318
629 609 9 318
629 642 10 318
24 12 1 319
24 24 3 319
24 35 16 319
24 13 17 319
24 26 17 319
24 26 18 319
24 38 18 319
31 12 1 319
31 24 3 319
31 35 16 319
31 13 17 319
31 26 17 319
31 26 18 319
31 38 18 319
716 713 1 319
716 723 2 319
716 713 3 319
716 721 4 319
716 727 15 319
716 706 18 319
12 2 2 320
12 24 2 320
12 0 15 320
12 2 15 320
12 13 16 320
12 26 16 320
12 26 17 320
60 69 3 320
60 71 4 320
60 75 11 320
60 78 15 320
60 58 16 320
60 68 16 320
60 65 19 320
68 69 3 320
68 71 4 320
68 75 11 320
68 78 15 320
68 58 16 320
68 68 16 320
68 65 19 320
242 259 1 320
242 234 2 320
242 234 6 320
242 234 7 320
242 251 8 320
242 244 10 320
242 251 11 320
242 248 12 320
242 250 15 320
365 348 7 320
365 347 12 320
713 723 1 320
713 713 2 320
713 721 3 320
713 727 14 320
713 706 17 320
259 251 7 321
259 244 9 321
259 251 10 321
259 269 10 321
259 248 11 321
259 250 14 321
723 713 1 321
723 721 2 321
723 727 13 321
723 706 16 321
723 740 19 321
2 0 13 322
2 2 13 322
2 13 14 322
24 35 13 322
24 13 14 322
24 26 14 322
24 26 15 322
24 38 15 322
110 110 15 322
234 234 4 322
234 234 5 322
234 251 6 322
234 244 8 322
234 251 9 322
234 248 10 322
234 250 13 322
480 460 17 322
713 721 1 322
713 727 12 322
713 706 15 322
69 71 1 323
69 75 8 323
69 78 12 323
69 58 13 323
69 68 13 323
69 65 16 323
69 65 19 323
721 727 11 323
721 706 14 323
721 740 17 323
71 75 7 324
71 78 11 324
71 58 12 324
71 68 12 324
71 65 15 324
71 65 18 324
71 69 20 324
189 200 13 324
569 571 7 324
336 348 2 325
336 347 7 325
592 604 1 325
592 609 2 325
592 601 4 325
592 607 5 325
592 598 7 325
234 234 1 326
234 251 2 326
234 244 4 326
234 251 5 326
234 248 6 326
234 250 9 326
604 609 1 326
604 601 3 326
604 607 4 326
604 598 6 326
234 251 1 327
234 244 3 327
234 251 4 327
234 248 5 327
234 250 8 327
348 347 5 327
609 601 2 327
609 607 3 327
609 598 5 327
251 244 2 328
251 251 3 328
251 269 3 328
251 248 4 328
251 250 7 328
283 269 3 328
283 283 5 328
283 289 20 328
642 660 8 328
393 406 11 329
393 392 13 329
393 394 18 329
601 607 1 329
601 598 3 329
244 251 1 330
244 248 2 330
244 250 5 330
244 232 20 330
306 289 18 330
607 598 2 330
75 78 4 331
75 58 5 331
75 68 5 331
75 65 8 331
75 65 11 331
75 69 13 331
75 70 14 331
75 69 16 331
75 75 19 331
251 248 1 331
251 250 4 331
251 232 19 331
269 283 2 331
269 250 4 331
269 284 18 331
571 571 17 331
248 250 3 332
248 232 18 332
347 327 20 332
598 602 20 332
283 289 15 333
283 284 16 333
764 754 2 333
764 763 8 333
764 767 9 333
764 754 10 333
764 765 13 333
727 740 6 334
727 743 13 334
727 727 17 334
0 13 1 335
2 13 1 335
35 26 1 335
35 26 2 335
35 38 2 335
78 58 1 335
78 68 1 335
78 65 4 335
78 65 7 335
78 69 9 335
78 70 10 335
78 69 12 335
78 95 14 335
78 75 15 335
78 86 20 335
250 232 15 335
754 740 5 335
754 763 6 335
754 767 7 335
754 754 8 335
754 765 11 335
754 743 12 335
13 26 1 336
13 2 20 336
13 3 20 336
13 24 20 336
26 26 1 336
26 38 1 336
26 24 20 336
26 33 20 336
58 38 1 336
58 65 3 336
58 65 6 336
58 69 8 336
58 70 9 336
58 69 11 336
58 75 14 336
58 68 20 336
68 65 3 336
68 65 6 336
68 69 8 336
68 70 9 336
68 69 11 336
68 75 14 336
68 86 19 336
68 68 20 336
445 460 3 336
660 665 9 336
660 641 13 336
660 641 14 336
660 646 17 336
26 24 19 337
26 33 19 337
26 44 20 337
38 24 19 337
38 33 19 337
38 44 20 337
110 95 12 337
110 110 16 337
110 97 20 337
200 201 10 337
200 204 11 337
706 707 19 337
706 724 20 337
510 509 6 338
510 514 6 338
510 504 8 338
514 509 6 338
514 514 6 338
514 504 8 338
65 65 3 339
65 69 5 339
65 70 6 339
65 69 8 339
65 75 11 339
65 68 17 339
65 74 19 339
65 73 20 339
460 466 4 339
460 471 6 339
684 665 6 339
406 392 2 340
406 394 7 340
406 395 11 340
740 754 3 340
740 743 7 340
740 727 11 340
740 727 15 340
740 724 17 340
740 742 18 340
763 767 1 341
763 754 2 341
763 765 5 341
763 743 6 341
65 69 2 342
65 70 3 342
65 69 5 342
65 75 8 342
65 68 14 342
65 74 16 342
65 73 17 342
65 68 18 342
392 394 5 342
392 395 9 342
767 754 1 342
767 765 4 342
466 471 2 343
466 471 20 343
754 765 3 343
754 743 4 343
754 742 15 343
754 740 18 343
69 70 1 344
69 69 3 344
69 75 6 344
69 86 11 344
69 68 12 344
69 74 14 344
69 73 15 344
69 68 16 344
69 88 19 344
509 504 2 344
509 500 16 344
514 504 2 344
514 500 16 344
70 69 2 345
70 75 5 345
70 86 10 345
70 68 11 345
70 74 13 345
70 73 14 345
70 68 15 345
70 88 18 345
70 82 20 345
471 471 18 345
665 646 8 345
504 500 14 346
69 75 3 347
69 86 8 347
69 68 9 347
69 74 11 347
69 73 12 347
69 68 13 347
69 88 16 347
69 82 18 347
201 204 1 347
201 219 19 347
394 395 4 347
743 727 4 347
743 727 8 347
743 724 10 347
743 742 11 347
743 740 14 347
743 740 17 347
204 219 18 348
289 284 1 348
289 278 13 348
95 75 1 349
95 110 4 349
95 86 6 349
95 97 8 349
95 105 12 349
95 100 13 349
95 88 14 349
95 110 15 349
95 82 16 349
95 96 17 349
284 278 12 349
641 641 1 349
641 646 4 349
641 638 5 349
75 86 5 350
75 68 6 350
75 74 8 350
75 73 9 350
75 68 10 350
75 88 13 350
75 82 15 350
75 75 20 350
232 226 1 350
232 232 8 350
232 235 13 350
232 219 16 350
641 646 3 350
641 638 4 350
641 622 20 350
226 232 7 351
226 235 12 351
226 219 15 351
395 391 17 351
395 377 19 351
727 727 4 351
727 707 5 351
727 724 6 351
727 742 7 351
727 709 8 351
727 740 10 351
727 740 13 351
327 321 1 352
327 337 2 352
327 344 20 352
602 602 19 352
110 97 4 353
110 105 8 353
110 100 9 353
110 110 11 353
110 96 13 353
321 337 1 353
321 327 20 353
646 638 1 353
646 642 19 353
337 352 4 354
337 351 17 354
337 344 18 354
337 327 19 354
337 325 20 354
638 622 16 354
638 642 18 354
86 68 1 355
86 97 2 355
86 74 3 355
86 73 4 355
86 68 5 355
86 105 6 355
86 100 7 355
86 88 8 355
86 82 10 355
86 96 11 355
86 75 15 355
358 352 3 355
358 377 15 355
358 351 16 355
358 344 17 355
727 707 1 355
727 724 2 355
727 742 3 355
727 709 4 355
727 740 6 355
727 740 9 355
727 716 18 355
2 0 4 356
2 1 4 356
2 14 13 356
2 19 13 356
3 0 4 356
3 1 4 356
3 14 13 356
3 19 13 356
24 27 3 356
24 35 3 356
24 29 6 356
24 42 6 356
24 14 13 356
24 19 13 356
24 34 13 356
24 43 14 356
24 28 20 356
33 44 1 356
33 27 3 356
33 35 3 356
33 29 6 356
33 42 6 356
33 14 13 356
33 19 13 356
33 34 13 356
33 43 14 356
33 28 20 356
33 52 20 356
68 74 2 356
68 73 3 356
68 68 4 356
68 82 9 356
68 75 14 356
68 52 20 356
68 69 20 356
707 724 1 356
707 709 3 356
707 716 17 356
707 726 20 356
44 27 2 357
44 35 2 357
44 29 5 357
44 42 5 357
44 34 12 357
44 43 13 357
44 28 19 357
44 52 19 357
44 58 20 357
97 105 4 357
97 100 5 357
97 88 6 357
97 110 7 357
97 82 8 357
97 96 9 357
724 742 1 357
724 709 2 357
724 740 4 357
724 740 7 357
724 716 16 357
724 726 19 357
724 720 20 357
74 73 1 358
74 68 2 358
74 88 5 358
74 82 7 358
74 75 12 358
74 69 18 358
74 58 19 358
74 69 19 358
74 81 20 358
232 235 5 358
232 219 8 358
232 247 13 358
232 247 16 358
232 213 17 358
352 351 13 358
352 344 14 358
352 336 19 358
742 740 3 358
742 740 6 358
742 726 18 358
742 723 20 358
27 29 3 359
27 42 3 359
27 14 10 359
27 19 10 359
27 34 10 359
27 43 11 359
27 28 17 359
27 9 18 359
27 15 18 359
27 31 19 359
35 29 3 359
35 42 3 359
35 19 10 359
35 34 10 359
35 43 11 359
35 28 17 359
35 52 17 359
35 15 18 359
35 31 19 359
73 68 1 359
73 88 4 359
73 82 6 359
73 75 11 359
73 69 17 359
73 58 18 359
73 69 18 359
73 81 19 359
135 140 1 359
135 143 5 359
135 140 6 359
135 135 9 359
135 140 14 359
709 716 14 359
709 726 17 359
709 720 18 359
709 723 19 359
709 727 20 359
0 14 9 360
0 19 9 360
0 6 17 360
0 9 17 360
0 15 17 360
0 6 18 360
0 5 20 360
1 14 9 360
1 19 9 360
1 6 17 360
1 9 17 360
1 15 17 360
1 6 18 360
1 5 20 360
68 82 5 360
68 75 10 360
68 52 16 360
68 69 16 360
68 58 17 360
68 69 17 360
68 81 18 360
68 59 20 360
140 143 4 360
140 140 5 360
140 135 8 360
140 140 13 360
140 146 20 360
500 518 9 360
685 673 14 360
105 100 1 361
105 88 2 361
105 110 3 361
105 96 5 361
105 96 19 361
740 740 3 361
740 726 15 361
740 720 16 361
740 723 17 361
740 727 18 361
740 739 19 361
29 14 7 362
29 19 7 362
29 34 7 362
29 43 8 362
29 28 14 362
29 9 15 362
29 15 15 362
29 31 16 362
42 34 7 362
42 43 8 362
42 28 14 362
42 52 14 362
42 58 15 362
42 31 16 362
42 59 18 362
100 88 1 362
100 110 2 362
100 82 3 362
100 96 4 362
100 81 16 362
100 96 18 362
88 82 2 363
88 96 3 363
88 75 7 363
88 69 13 363
88 69 14 363
88 81 15 363
88 96 17 363
235 219 3 363
235 247 8 363
235 247 11 363
235 234 19 363
471 475 3 363
471 465 19 363
110 96 2 364
110 96 16 364
110 97 20 364
143 140 1 364
143 135 4 364
143 140 9 364
143 146 16 364
143 151 19 364
426 421 1 364
426 430 16 364
426 444 19 364
740 726 12 364
740 720 13 364
740 723 14 364
740 727 15 364
740 739 16 364
740 740 19 364
82 96 1 365
82 75 5 365
82 69 11 365
82 69 12 365
82 81 13 365
82 96 15 365
82 63 18 365
82 97 19 365
140 135 3 365
140 140 8 365
140 146 15 365
140 151 18 365
421 430 15 365
96 81 12 366
96 96 14 366
96 97 18 366
219 213 9 366
219 234 16 366
475 465 16 366
135 140 5 368
135 146 12 368
135 151 15 368
391 377 2 368
14 28 7 369
14 6 8 369
14 9 8 369
14 15 8 369
14 6 9 369
14 31 9 369
14 5 11 369
14 13 14 369
14 28 14 369
14 33 14 369
14 24 19 369
14 33 19 369
14 16 20 369
14 33 20 369
19 28 7 369
19 6 8 369
19 9 8 369
19 15 8 369
19 6 9 369
19 31 9 369
19 5 11 369
19 13 14 369
19 28 14 369
19 33 14 369
19 24 19 369
19 33 19 369
19 16 20 369
19 33 20 369
34 43 1 369
34 28 7 369
34 52 7 369
34 15 8 369
34 31 9 369
34 28 14 369
34 33 14 369
34 24 19 369
34 33 19 369
34 16 20 369
34 33 20 369
189 172 16 369
518 500 12 369
518 535 17 369
43 28 6 370
43 52 6 370
43 58 7 370
43 31 8 370
43 59 10 370
43 28 13 370
43 33 13 370
43 24 18 370
43 33 18 370
43 33 19 370
75 69 6 370
75 58 7 370
75 69 7 370
75 81 8 370
75 59 10 370
75 63 13 370
75 70 19 370
622 602 1 370
622 638 5 370
622 602 11 370
622 610 20 370
247 247 3 371
247 234 11 371
247 263 14 371
247 247 20 371
351 344 1 371
351 336 6 371
351 338 8 371
351 352 15 371
351 349 16 371
602 602 10 371
602 610 19 371
602 616 20 371
344 327 1 372
344 325 2 372
344 336 5 372
344 338 7 372
344 352 14 372
344 349 15 372
642 638 3 372
140 146 7 373
140 151 10 373
327 325 1 373
327 336 4 373
327 338 6 373
716 726 3 373
716 720 4 373
716 723 5 373
716 727 6 373
247 234 8 374
247 263 11 374
247 247 17 374
325 336 3 374
325 338 5 374
325 336 20 374
638 642 18 375
28 9 1 376
28 15 1 376
28 31 2 376
28 13 7 376
28 28 7 376
28 33 7 376
28 24 12 376
28 33 12 376
28 16 13 376
28 33 13 376
52 58 1 376
52 69 1 376
52 59 4 376
52 33 7 376
52 63 7 376
52 33 12 376
52 33 13 376
52 70 13 376
69 58 1 376
69 69 1 376
69 81 2 376
69 59 4 376
69 63 7 376
69 70 13 376
726 720 1 376
726 723 2 376
726 727 3 376
726 739 4 376
726 740 7 376
6 6 1 377
6 5 3 377
6 13 6 377
6 24 11 377
6 16 12 377
9 6 1 377
9 5 3 377
9 13 6 377
9 28 6 377
9 24 11 377
9 16 12 377
15 6 1 377
15 31 1 377
15 5 3 377
15 13 6 377
15 28 6 377
15 33 6 377
15 24 11 377
15 33 11 377
15 16 12 377
15 33 12 377
58 59 3 377
58 63 6 377
58 70 12 377
69 81 1 377
69 59 3 377
69 63 6 377
69 70 12 377
336 338 2 377
336 352 9 377
336 349 10 377
336 336 17 377
336 328 18 377
720 723 1 377
720 727 2 377
720 739 3 377
720 710 20 377
6 5 2 378
6 13 5 378
6 24 10 378
6 16 11 378
31 13 5 378
31 28 5 378
31 33 5 378
31 24 10 378
31 33 10 378
31 16 11 378
31 33 11 378
81 96 2 378
81 63 5 378
81 97 6 378
81 70 11 378
723 727 1 378
723 739 2 378
723 740 5 378
723 710 19 378
723 730 20 378
338 352 7 379
338 349 8 379
338 336 15 379
338 328 16 379
338 336 19 379
727 739 1 379
727 740 4 379
727 710 18 379
727 730 19 379
727 725 20 379
5 13 3 380
5 24 8 380
5 16 9 380
5 21 19 380
5 6 20 380
5 7 20 380
5 24 20 380
59 63 3 380
59 70 9 380
96 97 4 380
146 151 3 380
430 444 3 380
430 448 20 380
739 740 3 380
739 730 18 380
739 725 19 380
500 486 9 381
500 485 15 381
602 610 9 381
602 616 10 381
602 617 11 381
602 601 13 381
602 609 14 381
602 597 15 381
234 247 9 382
234 235 14 382
465 470 9 382
465 448 18 382
13 24 5 383
13 16 6 383
13 21 16 383
13 6 17 383
13 7 17 383
13 24 17 383
13 31 17 383
13 24 18 383
13 29 19 383
28 24 5 383
28 33 5 383
28 16 6 383
28 33 6 383
28 21 16 383
28 24 17 383
28 31 17 383
28 24 18 383
28 29 19 383
33 24 5 383
33 33 5 383
33 16 6 383
33 33 6 383
33 21 16 383
33 24 17 383
33 31 17 383
33 24 18 383
33 49 18 383
33 29 19 383
63 70 6 383
63 49 18 383
151 170 17 383
444 448 17 383
444 461 20 383
740 730 15 383
740 725 16 383
740 741 19 383
740 741 20 383
97 85 17 384
762 765 20 384
172 170 15 385
263 247 6 385
263 267 8 385
555 535 1 385
555 571 3 385
555 573 4 385
352 349 1 386
352 336 8 386
352 336 12 386
349 336 7 387
349 336 11 387
24 16 1 388
24 33 1 388
24 21 11 388
24 6 12 388
24 7 12 388
24 24 12 388
24 31 12 388
24 24 13 388
24 29 14 388
33 16 1 388
33 33 1 388
33 21 11 388
33 24 12 388
33 31 12 388
33 24 13 388
33 49 13 388
33 29 14 388
571 573 1 388
16 21 10 389
16 6 11 389
16 7 11 389
16 24 11 389
16 31 11 389
16 24 12 389
16 29 13 389
33 21 10 389
33 24 11 389
33 31 11 389
33 24 12 389
33 49 12 389
33 29 13 389
70 85 12 389
70 65 15 389
70 66 16 389
70 68 17 389
70 71 18 389
70 67 19 389
70 71 20 389
486 470 1 390
486 485 6 390
486 503 12 390
610 616 1 390
610 617 2 390
610 601 4 390
610 609 5 390
610 597 6 390
247 235 5 391
470 485 5 391
470 461 12 391
616 617 1 391
616 601 3 391
616 609 4 391
616 597 5 391
301 302 5 392
301 306 20 392
617 601 2 392
617 609 3 392
617 597 4 392
267 248 20 393
642 650 7 393
642 649 20 393
336 328 1 394
336 336 4 394
601 609 1 394
601 597 2 394
328 336 3 395
609 597 1 395
235 244 16 396
235 248 17 396
235 220 18 396
235 248 19 396
235 232 20 396
485 503 6 396
302 306 15 397
302 304 16 397
302 317 20 397
710 725 2 397
710 706 4 397
336 327 18 398
336 317 19 398
730 725 1 398
730 741 4 398
730 741 5 398
730 740 7 398
730 740 8 398
730 741 9 398
730 741 10 398
730 741 11 398
730 738 14 398
21 6 1 399
21 7 1 399
21 24 1 399
21 31 1 399
21 24 2 399
21 29 3 399
725 706 2 399
725 741 3 399
725 741 4 399
725 740 6 399
725 740 7 399
725 741 8 399
725 741 9 399
725 741 10 399
725 738 13 399
6 24 1 400
7 24 1 400
24 24 1 400
24 29 2 400
24 27 20 400
31 24 1 400
31 49 1 400
31 29 2 400
31 27 20 400
448 461 3 400
650 649 13 400
650 641 14 400
650 643 15 400
650 641 16 400
650 654 17 400
24 29 1 401
24 27 19 401
24 10 20 401
24 30 20 401
49 29 1 401
49 65 3 401
49 66 4 401
49 68 5 401
49 67 7 401
49 66 9 401
49 54 19 401
49 30 20 401
85 65 3 401
85 66 4 401
85 68 5 401
85 71 6 401
85 67 7 401
85 71 8 401
85 66 9 401
85 69 19 401
85 103 20 401
706 700 19 401
29 27 18 402
29 10 19 402
29 30 19 402
741 741 1 402
741 740 3 402
741 740 4 402
741 741 5 402
741 741 6 402
741 741 7 402
741 738 10 402
741 748 17 402
741 758 19 402
741 740 2 403
741 740 3 403
741 741 4 403
741 741 5 403
741 741 6 403
741 738 9 403
741 748 16 403
741 758 18 403
65 66 1 404
65 68 2 404
65 71 3 404
65 67 4 404
65 71 5 404
65 66 6 404
65 54 16 404
65 69 16 404
406 406 1 404
406 392 2 404
406 405 3 404
406 404 4 404
406 406 5 404
406 405 7 404
406 396 10 404
406 423 16 404
765 765 6 404
765 762 7 404
765 748 15 404
765 758 17 404
66 68 1 405
66 71 2 405
66 67 3 405
66 71 4 405
66 66 5 405
66 54 15 405
66 69 15 405
406 392 1 405
406 405 2 405
406 404 3 405
406 406 4 405
406 405 6 405
406 396 9 405
406 423 15 405
740 740 1 405
740 741 2 405
740 741 3 405
740 741 4 405
740 738 7 405
740 748 14 405
740 758 16 405
68 71 1 406
68 67 2 406
68 71 3 406
68 66 4 406
68 54 14 406
68 69 14 406
392 405 1 406
392 404 2 406
392 406 3 406
392 405 5 406
392 396 8 406
740 741 1 406
740 741 2 406
740 741 3 406
740 738 6 406
740 748 13 406
740 758 15 406
71 67 1 407
71 71 2 407
71 66 3 407
71 54 13 407
71 69 13 407
405 404 1 407
405 406 2 407
405 405 4 407
405 396 7 407
405 423 13 407
405 396 20 407
741 741 1 407
741 741 2 407
741 738 5 407
741 748 12 407
741 758 14 407
67 71 1 408
67 66 2 408
67 54 12 408
67 69 12 408
404 406 1 408
404 405 3 408
404 396 6 408
404 423 12 408
404 396 19 408
741 741 1 408
741 738 4 408
741 748 11 408
741 758 13 408
71 66 1 409
71 54 11 409
71 69 11 409
406 405 2 409
406 396 5 409
406 423 11 409
406 396 18 409
741 738 3 409
741 748 10 409
741 758 12 409
741 723 20 409
66 54 10 410
66 69 10 410
765 762 1 410
765 748 9 410
765 758 11 410
765 767 20 410
405 396 3 411
405 423 9 411
405 396 16 411
762 748 8 411
762 758 10 411
762 767 19 411
244 248 1 412
244 248 3 412
244 232 4 412
244 248 5 412
244 248 8 412
306 304 1 412
306 317 5 412
306 304 7 412
738 748 7 412
738 719 11 412
738 723 17 412
738 721 19 412
248 248 2 413
248 267 2 413
248 232 3 413
248 248 4 413
248 248 7 413
304 317 4 413
304 304 6 413
649 641 1 413
649 643 2 413
649 641 3 413
649 654 4 413
220 232 2 414
396 396 13 414
641 643 1 414
641 641 2 414
641 654 3 414
641 651 20 414
248 232 1 415
248 248 2 415
248 248 5 415
248 251 19 415
267 248 2 415
267 248 5 415
267 251 19 415
643 641 1 415
643 654 2 415
643 651 19 415
643 641 20 415
232 248 1 416
232 248 4 416
232 251 18 416
232 244 20 416
327 317 1 416
327 336 18 416
327 325 19 416
641 654 1 416
641 651 18 416
641 641 19 416
641 641 20 416
248 248 3 417
248 251 17 417
248 244 19 417
317 304 2 417
317 336 17 417
317 325 18 417
317 322 20 417
654 651 17 417
654 641 18 417
654 641 19 417
304 322 18 419
748 758 2 419
748 767 11 419
748 766 13 419
27 10 1 420
27 30 1 420
248 251 14 420
248 244 16 420
248 249 18 420
248 256 18 420
423 434 2 420
700 692 2 420
700 719 3 420
700 707 5 420
700 716 6 420
700 714 8 420
700 705 13 420
758 767 9 421
758 766 11 421
758 754 19 421
692 675 2 422
692 707 3 422
692 705 11 422
719 707 2 423
719 716 3 423
719 714 5 423
719 723 6 423
719 721 8 423
719 705 10 423
719 716 18 423
719 725 20 423
489 492 5 424
707 716 1 425
707 714 3 425
707 723 4 425
707 721 6 425
707 705 8 425
707 716 16 425
707 725 18 425
707 704 19 425
716 714 2 426
716 723 3 426
716 721 5 426
716 705 7 426
716 716 15 426
716 725 17 426
716 704 18 426
716 703 20 426
714 723 1 428
714 721 3 428
714 705 5 428
714 716 13 428
714 725 15 428
714 704 16 428
714 703 18 428
714 716 19 428
492 488 16 429
723 721 2 429
723 705 4 429
723 716 12 429
723 725 14 429
723 704 15 429
723 703 17 429
723 716 18 429
723 707 20 429
767 766 2 430
767 754 10 430
767 757 12 430
767 764 18 430
767 766 20 430
721 705 2 431
721 716 10 431
721 725 12 431
721 704 13 431
721 703 15 431
721 716 16 431
721 707 18 431
721 732 20 431
766 754 8 432
766 757 10 432
766 764 16 432
766 766 18 432
705 716 8 433
705 704 11 433
705 703 13 433
705 716 14 433
705 707 16 433
705 721 19 433
251 244 2 434
251 249 4 434
251 256 4 434
336 325 1 434
336 322 3 434
651 641 1 434
651 641 2 434
651 652 4 434
651 638 5 434
325 322 2 435
325 312 6 435
641 641 1 435
641 652 3 435
641 638 4 435
244 249 2 436
244 256 2 436
244 252 19 436
280 268 19 436
641 652 2 436
641 638 3 436
641 641 20 436
322 312 4 437
322 328 20 437
535 550 18 437
249 252 17 438
249 268 17 438
249 247 20 438
249 256 20 438
256 252 17 438
256 268 17 438
256 247 20 438
256 256 20 438
652 638 1 438
652 641 18 438
652 642 19 438
638 641 17 439
638 642 18 439
754 757 2 440
754 764 8 440
754 766 10 440
754 764 13 440
312 328 16 441
312 320 18 441
716 725 2 441
716 704 3 441
716 703 5 441
716 716 6 441
716 707 8 441
716 732 10 441
716 721 11 441
716 726 13 441
68 82 13 442
757 764 6 442
757 766 8 442
757 764 11 442
757 752 20 442
725 716 4 443
725 707 6 443
725 732 8 443
725 721 9 443
725 726 11 443
704 703 2 444
704 716 3 444
704 707 5 444
704 721 8 444
704 703 19 444
488 468 7 445
675 655 15 445
703 716 1 446
703 707 3 446
703 721 6 446
703 703 17 446
703 695 19 446
716 707 2 447
716 732 4 447
716 721 5 447
716 726 7 447
716 703 16 447
716 727 17 447
396 396 3 448
764 766 2 448
764 764 5 448
764 752 14 448
707 721 3 449
707 726 5 449
707 703 14 449
707 695 16 449
707 716 19 449
707 716 20 449
766 764 3 450
766 752 12 450
732 721 1 451
732 726 3 451
732 727 13 451
732 736 15 451
732 716 17 451
732 716 18 451
732 721 19 451
721 726 2 452
721 703 11 452
721 727 12 452
721 736 14 452
721 716 16 452
721 716 17 452
721 721 18 452
721 734 20 452
764 752 9 453
764 764 18 453
726 727 10 454
726 736 12 454
726 716 14 454
726 716 15 454
726 721 16 454
726 734 18 454
726 722 19 454
82 63 8 455
82 96 9 455
252 247 3 455
252 256 3 455
252 248 4 455
252 242 5 455
252 261 5 455
252 248 8 455
252 256 8 455
268 256 3 455
268 248 4 455
268 261 5 455
268 248 8 455
268 256 8 455
550 535 3 455
550 534 4 455
641 642 1 456
641 655 4 456
328 320 2 457
328 337 5 457
328 339 19 457
328 339 20 457
642 655 3 457
642 645 20 457
247 248 1 458
247 242 2 458
247 261 2 458
247 248 5 458
247 256 5 458
247 252 18 458
247 247 19 458
256 248 1 458
256 242 2 458
256 261 2 458
256 248 5 458
256 256 5 458
256 252 18 458
256 247 19 458
535 534 1 458
535 544 18 458
248 242 1 459
248 261 1 459
248 248 4 459
248 256 4 459
248 252 17 459
248 247 18 459
248 246 20 459
320 337 3 459
320 339 17 459
320 339 18 459
320 325 19 459
320 322 20 459
534 544 17 459
534 533 20 459
242 248 3 460
242 256 3 460
242 252 16 460
242 247 17 460
242 246 19 460
242 248 20 460
242 259 20 460
261 248 3 460
261 256 3 460
261 252 16 460
261 247 17 460
261 246 19 460
261 248 20 460
261 259 20 460
655 665 7 460
655 645 17 460
655 641 18 460
655 640 20 460
337 339 14 462
337 339 15 462
337 325 16 462
337 322 17 462
752 736 4 462
752 764 9 462
752 734 10 462
0 6 1 463
0 7 1 463
2 6 1 463
2 7 1 463
5 6 1 463
5 7 1 463
13 6 1 463
13 7 1 463
24 6 1 463
24 7 1 463
248 252 13 463
248 247 14 463
248 246 16 463
248 248 17 463
248 259 17 463
248 251 18 463
256 252 13 463
256 247 14 463
256 246 16 463
256 248 17 463
256 259 17 463
256 251 18 463
703 695 2 463
703 716 5 463
703 716 6 463
703 721 7 463
703 722 10 463
727 736 2 464
727 716 4 464
727 716 5 464
727 721 6 464
727 734 8 464
727 722 9 464
727 731 18 464
727 727 19 464
736 716 2 466
736 716 3 466
736 721 4 466
736 734 6 466
736 722 7 466
736 731 16 466
736 727 17 466
736 754 18 466
665 645 10 467
716 716 1 468
716 721 2 468
716 734 4 468
716 722 5 468
716 731 14 468
716 727 15 468
716 705 18 468
716 721 1 469
716 734 3 469
716 722 4 469
716 731 13 469
716 727 14 469
716 705 17 469
721 734 2 470
721 722 3 470
721 731 12 470
721 727 13 470
721 705 16 470
764 754 13 471
764 762 14 471
734 722 1 472
734 731 10 472
734 727 11 472
734 741 15 472
722 731 9 473
722 727 10 473
722 705 13 473
722 741 14 473
252 247 1 476
252 246 3 476
252 248 4 476
252 259 4 476
252 251 5 476
252 247 8 476
252 256 8 476
339 339 1 476
339 325 2 476
339 322 3 476
544 533 3 476
247 246 2 477
247 248 3 477
247 259 3 477
247 251 4 477
247 247 7 477
247 256 7 477
339 325 1 477
339 322 2 477
645 641 1 477
645 640 3 477
645 638 4 477
325 322 1 478
325 316 3 478
641 640 2 478
641 638 3 478
246 248 1 479
246 259 1 479
246 251 2 479
246 247 5 479
246 256 5 479
322 316 2 479
533 520 9 479
533 523 10 479
248 251 1 480
248 247 4 480
248 256 4 480
259 251 1 480
259 247 4 480
259 256 4 480
640 638 1 480
251 247 3 481
251 256 3 481
731 727 1 482
731 741 5 482
727 741 4 483
754 762 1 484
754 741 3 484
509 490 1 488
509 523 1 488
520 523 1 488
