519 514 2 2
683 684 2 3
683 684 3 3
683 684 4 3
683 684 5 3
683 684 6 3
683 683 7 3
683 672 18 3
389 397 2 4
389 398 3 4
389 389 4 4
389 388 5 4
389 398 8 4
389 398 9 4
389 398 10 4
389 390 12 4
389 398 13 4
191 180 1 5
191 178 2 5
191 189 3 5
191 183 5 5
191 183 6 5
191 177 7 5
191 198 8 5
191 198 9 5
191 189 10 5
191 197 11 5
191 197 13 5
191 197 15 5
684 684 1 5
684 684 2 5
684 684 3 5
684 684 4 5
684 683 5 5
684 672 16 5
684 672 20 5
180 178 1 6
180 189 2 6
180 183 4 6
180 183 5 6
180 177 6 6
180 198 7 6
180 198 8 6
180 189 9 6
180 197 10 6
180 197 12 6
180 197 14 6
397 398 1 6
397 389 2 6
397 388 3 6
397 398 6 6
397 398 7 6
397 398 8 6
397 390 10 6
397 398 11 6
684 684 1 6
684 684 2 6
684 684 3 6
684 683 4 6
684 672 15 6
684 672 19 6
178 189 1 7
178 183 3 7
178 183 4 7
178 177 5 7
178 189 8 7
178 197 9 7
178 197 11 7
178 197 13 7
398 389 1 7
398 388 2 7
398 398 5 7
398 398 6 7
398 398 7 7
398 390 9 7
398 398 10 7
684 684 1 7
684 684 2 7
684 683 3 7
684 672 14 7
684 672 18 7
189 183 2 8
189 183 3 8
189 177 4 8
189 198 5 8
189 198 6 8
189 189 7 8
189 197 8 8
189 197 10 8
189 197 12 8
389 388 1 8
389 398 4 8
389 398 5 8
389 398 6 8
389 390 8 8
389 398 9 8
684 684 1 8
684 683 2 8
684 672 13 8
684 672 17 8
388 398 3 9
388 398 4 9
388 398 5 9
388 390 7 9
388 398 8 9
684 683 1 9
684 672 12 9
684 672 16 9
183 183 1 10
183 177 2 10
183 198 3 10
183 198 4 10
183 189 5 10
183 197 6 10
183 197 8 10
183 197 10 10
683 672 11 10
683 672 15 10
183 177 1 11
183 198 2 11
183 198 3 11
183 189 4 11
183 197 5 11
183 197 7 11
183 197 9 11
766 766 1 11
766 767 3 11
766 767 4 11
766 767 5 11
766 767 7 11
766 767 9 11
766 767 11 11
766 767 13 11
177 189 3 12
398 398 1 12
398 398 2 12
398 390 4 12
398 398 5 12
766 767 2 12
766 767 3 12
766 767 4 12
766 767 6 12
766 767 8 12
766 767 10 12
766 767 12 12
766 767 20 12
198 198 1 13
198 189 2 13
198 197 3 13
198 197 5 13
198 197 7 13
398 398 1 13
398 390 3 13
398 398 4 13
740 740 10 13
740 740 13 13
740 728 15 13
198 189 1 14
198 197 2 14
198 197 4 14
198 197 6 14
398 390 2 14
398 398 3 14
767 767 1 14
767 767 2 14
767 767 4 14
767 767 6 14
767 767 8 14
767 767 10 14
767 767 18 14
767 767 19 14
767 767 20 14
189 197 1 15
189 197 3 15
189 197 5 15
767 767 1 15
767 767 3 15
767 767 5 15
767 767 7 15
767 767 9 15
767 767 17 15
767 767 18 15
767 767 19 15
197 197 2 16
197 197 4 16
390 398 1 16
767 767 2 16
767 767 4 16
767 767 6 16
767 767 8 16
767 767 16 16
767 767 17 16
767 767 18 16
767 767 20 16
714 714 2 17
714 728 11 17
714 711 12 17
714 712 13 17
714 712 14 17
197 197 2 18
767 767 2 18
767 767 4 18
767 767 6 18
767 767 14 18
767 767 15 18
767 767 16 18
767 767 18 18
767 765 19 18
767 753 20 18
714 728 9 19
714 711 10 19
714 712 11 19
714 712 12 19
767 767 2 20
767 767 4 20
767 767 12 20
767 767 13 20
767 767 14 20
767 767 16 20
767 765 17 20
767 753 18 20
767 765 19 20
672 672 4 21
767 767 2 22
767 767 10 22
767 767 11 22
767 767 12 22
767 767 14 22
767 765 15 22
767 753 16 22
767 765 17 22
767 753 19 22
767 753 20 22
740 740 3 23
740 728 5 23
740 739 12 23
740 753 15 23
740 740 17 23
740 753 18 23
740 753 19 23
767 767 8 24
767 767 9 24
767 767 10 24
767 767 12 24
767 765 13 24
767 753 14 24
767 765 15 24
767 753 17 24
767 753 18 24
767 765 19 24
767 765 20 24
740 728 2 26
740 739 9 26
740 753 12 26
740 740 14 26
740 753 15 26
740 753 16 26
740 741 19 26
728 711 1 28
728 712 2 28
728 712 3 28
728 739 7 28
728 740 12 28
728 741 17 28
728 741 19 28
728 741 20 28
711 712 1 29
711 712 2 29
712 712 1 30
767 767 1 32
767 767 2 32
767 767 4 32
767 765 5 32
767 753 6 32
767 765 7 32
767 753 9 32
767 753 10 32
767 765 11 32
767 765 12 32
767 765 14 32
767 754 17 32
767 753 18 32
767 753 19 32
767 754 20 32
767 767 1 33
767 767 3 33
767 765 4 33
767 753 5 33
767 765 6 33
767 753 8 33
767 753 9 33
767 765 10 33
767 765 11 33
767 765 13 33
767 754 16 33
767 753 17 33
767 753 18 33
767 754 19 33
767 753 20 33
767 767 2 34
767 765 3 34
767 753 4 34
767 765 5 34
767 753 7 34
767 753 8 34
767 765 9 34
767 765 10 34
767 765 12 34
767 754 15 34
767 753 16 34
767 753 17 34
767 754 18 34
767 753 19 34
767 753 20 34
739 753 3 35
739 740 5 35
739 753 6 35
739 753 7 35
739 741 10 35
739 741 12 35
739 741 13 35
739 754 14 35
739 753 15 35
739 753 16 35
739 754 17 35
739 753 18 35
739 753 19 35
739 754 20 35
767 765 1 36
767 753 2 36
767 765 3 36
767 753 5 36
767 753 6 36
767 765 7 36
767 765 8 36
767 765 10 36
767 754 13 36
767 753 14 36
767 753 15 36
767 754 16 36
767 753 17 36
767 753 18 36
767 754 19 36
767 753 20 36
765 753 1 37
765 765 2 37
765 753 4 37
765 753 5 37
765 765 6 37
765 765 7 37
765 765 9 37
765 754 12 37
765 753 13 37
765 753 14 37
765 754 15 37
765 753 16 37
765 753 17 37
765 754 18 37
765 753 19 37
765 753 20 37
753 765 1 38
753 740 2 38
753 753 3 38
753 753 4 38
753 765 5 38
753 765 6 38
753 741 7 38
753 765 8 38
753 741 9 38
753 741 10 38
753 754 11 38
753 753 12 38
753 753 13 38
753 754 14 38
753 753 15 38
753 753 16 38
753 754 17 38
753 753 18 38
753 753 19 38
753 754 20 38
765 753 2 39
765 753 3 39
765 765 4 39
765 765 5 39
765 765 7 39
765 754 10 39
765 753 11 39
765 753 12 39
765 754 13 39
765 753 14 39
765 753 15 39
765 754 16 39
765 753 17 39
765 753 18 39
765 754 19 39
765 753 20 39
740 753 1 40
740 753 2 40
740 741 5 40
740 741 7 40
740 741 8 40
740 754 9 40
740 753 10 40
740 753 11 40
740 754 12 40
740 753 13 40
740 753 14 40
740 754 15 40
740 753 16 40
740 753 17 40
740 754 18 40
740 753 19 40
740 753 20 40
753 753 1 41
753 765 2 41
753 765 3 41
753 741 4 41
753 765 5 41
753 741 6 41
753 741 7 41
753 754 8 41
753 753 9 41
753 753 10 41
753 754 11 41
753 753 12 41
753 753 13 41
753 754 14 41
753 753 15 41
753 753 16 41
753 754 17 41
753 753 18 41
753 753 19 41
753 754 20 41
753 765 1 42
753 765 2 42
753 741 3 42
753 765 4 42
753 741 5 42
753 741 6 42
753 754 7 42
753 753 8 42
753 753 9 42
753 754 10 42
753 753 11 42
753 753 12 42
753 754 13 42
753 753 14 42
753 753 15 42
753 754 16 42
753 753 17 42
753 753 18 42
753 754 19 42
753 753 20 42
765 765 1 43
765 765 3 43
765 754 6 43
765 753 7 43
765 753 8 43
765 754 9 43
765 753 10 43
765 753 11 43
765 754 12 43
765 753 13 43
765 753 14 43
765 754 15 43
765 753 16 43
765 753 17 43
765 754 18 43
765 753 19 43
765 761 20 43
765 765 2 44
765 754 5 44
765 753 6 44
765 753 7 44
765 754 8 44
765 753 9 44
765 753 10 44
765 754 11 44
765 753 12 44
765 753 13 44
765 754 14 44
765 753 15 44
765 753 16 44
765 754 17 44
765 753 18 44
765 761 19 44
765 765 20 44
741 741 2 45
741 741 3 45
741 754 4 45
741 753 5 45
741 753 6 45
741 754 7 45
741 753 8 45
741 753 9 45
741 754 10 45
741 753 11 45
741 753 12 45
741 754 13 45
741 753 14 45
741 753 15 45
741 754 16 45
741 753 17 45
741 753 20 45
765 754 3 46
765 753 4 46
765 753 5 46
765 754 6 46
765 753 7 46
765 753 8 46
765 754 9 46
765 753 10 46
765 753 11 46
765 754 12 46
765 753 13 46
765 753 14 46
765 754 15 46
765 753 16 46
765 761 17 46
765 765 18 46
765 753 19 46
765 748 20 46
741 741 1 47
741 754 2 47
741 753 3 47
741 753 4 47
741 754 5 47
741 753 6 47
741 753 7 47
741 754 8 47
741 753 9 47
741 753 10 47
741 754 11 47
741 753 12 47
741 753 13 47
741 754 14 47
741 753 15 47
741 753 18 47
741 748 19 47
741 760 20 47
741 754 1 48
741 753 2 48
741 753 3 48
741 754 4 48
741 753 5 48
741 753 6 48
741 754 7 48
741 753 8 48
741 753 9 48
741 754 10 48
741 753 11 48
741 753 12 48
741 754 13 48
741 753 14 48
741 753 17 48
741 748 18 48
741 760 19 48
741 753 20 48
754 753 1 49
754 753 2 49
754 754 3 49
754 753 4 49
754 753 5 49
754 754 6 49
754 753 7 49
754 753 8 49
754 754 9 49
754 753 10 49
754 753 11 49
754 754 12 49
754 753 13 49
754 761 14 49
754 765 15 49
754 753 16 49
754 748 17 49
754 760 18 49
754 753 19 49
754 766 20 49
753 753 1 50
753 754 2 50
753 753 3 50
753 753 4 50
753 754 5 50
753 753 6 50
753 753 7 50
753 754 8 50
753 753 9 50
753 753 10 50
753 754 11 50
753 753 12 50
753 761 13 50
753 765 14 50
753 753 15 50
753 748 16 50
753 760 17 50
753 753 18 50
753 766 19 50
753 754 20 50
753 754 1 51
753 753 2 51
753 753 3 51
753 754 4 51
753 753 5 51
753 753 6 51
753 754 7 51
753 753 8 51
753 753 9 51
753 754 10 51
753 753 11 51
753 761 12 51
753 765 13 51
753 753 14 51
753 748 15 51
753 760 16 51
753 753 17 51
753 766 18 51
753 754 19 51
753 753 20 51
754 753 1 52
754 753 2 52
754 754 3 52
754 753 4 52
754 753 5 52
754 754 6 52
754 753 7 52
754 753 8 52
754 754 9 52
754 753 10 52
754 761 11 52
754 765 12 52
754 753 13 52
754 748 14 52
754 760 15 52
754 753 16 52
754 766 17 52
754 754 18 52
754 753 19 52
754 753 20 52
753 753 1 53
753 754 2 53
753 753 3 53
753 753 4 53
753 754 5 53
753 753 6 53
753 753 7 53
753 754 8 53
753 753 9 53
753 761 10 53
753 765 11 53
753 753 12 53
753 748 13 53
753 760 14 53
753 753 15 53
753 766 16 53
753 754 17 53
753 753 18 53
753 753 19 53
753 753 20 53
753 754 1 54
753 753 2 54
753 753 3 54
753 754 4 54
753 753 5 54
753 753 6 54
753 754 7 54
753 753 8 54
753 761 9 54
753 765 10 54
753 753 11 54
753 748 12 54
753 760 13 54
753 753 14 54
753 766 15 54
753 754 16 54
753 753 17 54
753 753 18 54
753 753 19 54
753 753 20 54
492 492 1 55
492 492 3 55
492 479 8 55
754 753 1 55
754 753 2 55
754 754 3 55
754 753 4 55
754 753 5 55
754 754 6 55
754 753 7 55
754 761 8 55
754 765 9 55
754 753 10 55
754 748 11 55
754 760 12 55
754 753 13 55
754 766 14 55
754 754 15 55
754 753 16 55
754 753 17 55
754 753 18 55
754 753 19 55
754 764 20 55
492 492 2 56
492 479 7 56
753 753 1 56
753 754 2 56
753 753 3 56
753 753 4 56
753 754 5 56
753 753 6 56
753 761 7 56
753 765 8 56
753 753 9 56
753 748 10 56
753 760 11 56
753 753 12 56
753 766 13 56
753 754 14 56
753 753 15 56
753 753 16 56
753 753 17 56
753 753 18 56
753 764 19 56
753 753 20 56
442 457 7 57
442 457 8 57
753 754 1 57
753 753 2 57
753 753 3 57
753 754 4 57
753 753 5 57
753 761 6 57
753 765 7 57
753 753 8 57
753 748 9 57
753 760 10 57
753 753 11 57
753 766 12 57
753 754 13 57
753 753 14 57
753 753 15 57
753 753 16 57
753 753 17 57
753 764 18 57
753 753 19 57
753 753 20 57
492 479 5 58
754 753 1 58
754 753 2 58
754 754 3 58
754 753 4 58
754 761 5 58
754 765 6 58
754 753 7 58
754 748 8 58
754 760 9 58
754 753 10 58
754 766 11 58
754 754 12 58
754 753 13 58
754 753 14 58
754 753 15 58
754 753 16 58
754 764 17 58
754 753 18 58
754 753 19 58
754 760 20 58
753 753 1 59
753 754 2 59
753 753 3 59
753 761 4 59
753 765 5 59
753 753 6 59
753 748 7 59
753 760 8 59
753 753 9 59
753 766 10 59
753 754 11 59
753 753 12 59
753 753 13 59
753 753 14 59
753 753 15 59
753 764 16 59
753 753 17 59
753 753 18 59
753 760 19 59
753 753 20 59
753 754 1 60
753 753 2 60
753 761 3 60
753 765 4 60
753 753 5 60
753 748 6 60
753 760 7 60
753 753 8 60
753 766 9 60
753 754 10 60
753 753 11 60
753 753 12 60
753 753 13 60
753 753 14 60
753 764 15 60
753 753 16 60
753 753 17 60
753 760 18 60
753 753 19 60
753 753 20 60
309 309 5 61
309 309 6 61
309 309 7 61
309 309 8 61
754 753 1 61
754 761 2 61
754 765 3 61
754 753 4 61
754 748 5 61
754 760 6 61
754 753 7 61
754 766 8 61
754 754 9 61
754 753 10 61
754 753 11 61
754 753 12 61
754 753 13 61
754 764 14 61
754 753 15 61
754 753 16 61
754 760 17 61
754 753 18 61
754 753 19 61
754 760 20 61
753 761 1 62
753 765 2 62
753 753 3 62
753 748 4 62
753 760 5 62
753 753 6 62
753 766 7 62
753 754 8 62
753 753 9 62
753 753 10 62
753 753 11 62
753 753 12 62
753 764 13 62
753 753 14 62
753 753 15 62
753 760 16 62
753 753 17 62
753 753 18 62
753 760 19 62
753 761 20 62
761 765 1 63
761 753 2 63
761 748 3 63
761 760 4 63
761 753 5 63
761 766 6 63
761 754 7 63
761 753 8 63
761 753 9 63
761 753 10 63
761 753 11 63
761 764 12 63
761 753 13 63
761 753 14 63
761 760 15 63
761 753 16 63
761 753 17 63
761 760 18 63
761 761 19 63
761 753 20 63
156 161 5 64
156 161 6 64
156 161 7 64
156 161 8 64
156 161 10 64
457 457 1 64
765 753 1 64
765 748 2 64
765 760 3 64
765 753 4 64
765 766 5 64
765 754 6 64
765 753 7 64
765 753 8 64
765 753 9 64
765 753 10 64
765 764 11 64
765 753 12 64
765 753 13 64
765 760 14 64
765 753 15 64
765 753 16 64
765 760 17 64
765 761 18 64
765 753 19 64
19 19 5 65
19 19 6 65
753 748 1 65
753 760 2 65
753 753 3 65
753 766 4 65
753 754 5 65
753 753 6 65
753 753 7 65
753 753 8 65
753 753 9 65
753 764 10 65
753 753 11 65
753 753 12 65
753 760 13 65
753 753 14 65
753 753 15 65
753 760 16 65
753 761 17 65
753 753 18 65
753 760 20 65
309 309 1 66
309 309 2 66
309 309 3 66
748 760 1 66
748 753 2 66
748 766 3 66
748 754 4 66
748 753 5 66
748 753 6 66
748 753 7 66
748 753 8 66
748 764 9 66
748 753 10 66
748 753 11 66
748 760 12 66
748 753 13 66
748 753 14 66
748 760 15 66
748 761 16 66
748 753 17 66
748 760 19 66
748 764 20 66
309 309 1 67
309 309 2 67
760 753 1 67
760 766 2 67
760 754 3 67
760 753 4 67
760 753 5 67
760 753 6 67
760 753 7 67
760 764 8 67
760 753 9 67
760 753 10 67
760 760 11 67
760 753 12 67
760 753 13 67
760 760 14 67
760 761 15 67
760 753 16 67
760 760 18 67
760 764 19 67
309 309 1 68
753 766 1 68
753 754 2 68
753 753 3 68
753 753 4 68
753 753 5 68
753 753 6 68
753 764 7 68
753 753 8 68
753 753 9 68
753 760 10 68
753 753 11 68
753 753 12 68
753 760 13 68
753 761 14 68
753 753 15 68
753 760 17 68
753 764 18 68
161 161 1 69
161 161 2 69
161 161 3 69
161 161 5 69
161 163 20 69
766 754 1 69
766 753 2 69
766 753 3 69
766 753 4 69
766 753 5 69
766 764 6 69
766 753 7 69
766 753 8 69
766 760 9 69
766 753 10 69
766 753 11 69
766 760 12 69
766 761 13 69
766 753 14 69
766 760 16 69
766 764 17 69
766 759 20 69
19 19 1 70
19 7 19 70
19 6 20 70
161 161 1 70
161 161 2 70
161 161 4 70
161 163 19 70
161 163 20 70
754 753 1 70
754 753 2 70
754 753 3 70
754 753 4 70
754 764 5 70
754 753 6 70
754 753 7 70
754 760 8 70
754 753 9 70
754 753 10 70
754 760 11 70
754 761 12 70
754 753 13 70
754 760 15 70
754 764 16 70
754 759 19 70
754 754 20 70
19 7 18 71
19 6 19 71
161 161 1 71
161 161 3 71
161 163 18 71
161 163 19 71
753 753 1 71
753 753 2 71
753 753 3 71
753 764 4 71
753 753 5 71
753 753 6 71
753 760 7 71
753 753 8 71
753 753 9 71
753 760 10 71
753 761 11 71
753 753 12 71
753 760 14 71
753 764 15 71
753 759 18 71
753 754 19 71
161 161 2 72
161 163 17 72
161 163 18 72
753 753 1 72
753 753 2 72
753 764 3 72
753 753 4 72
753 753 5 72
753 760 6 72
753 753 7 72
753 753 8 72
753 760 9 72
753 761 10 72
753 753 11 72
753 760 13 72
753 764 14 72
753 759 17 72
753 754 18 72
753 753 1 73
753 764 2 73
753 753 3 73
753 753 4 73
753 760 5 73
753 753 6 73
753 753 7 73
753 760 8 73
753 761 9 73
753 753 10 73
753 760 12 73
753 764 13 73
753 759 16 73
753 754 17 73
161 163 15 74
161 163 16 74
753 764 1 74
753 753 2 74
753 753 3 74
753 760 4 74
753 753 5 74
753 753 6 74
753 760 7 74
753 761 8 74
753 753 9 74
753 760 11 74
753 764 12 74
753 759 15 74
753 754 16 74
764 753 1 75
764 753 2 75
764 760 3 75
764 753 4 75
764 753 5 75
764 760 6 75
764 761 7 75
764 753 8 75
764 760 10 75
764 764 11 75
764 759 14 75
764 754 15 75
753 753 1 76
753 760 2 76
753 753 3 76
753 753 4 76
753 760 5 76
753 761 6 76
753 753 7 76
753 760 9 76
753 764 10 76
753 759 13 76
753 754 14 76
753 760 1 77
753 753 2 77
753 753 3 77
753 760 4 77
753 761 5 77
753 753 6 77
753 760 8 77
753 764 9 77
753 759 12 77
753 754 13 77
760 753 1 78
760 753 2 78
760 760 3 78
760 761 4 78
760 753 5 78
760 760 7 78
760 764 8 78
760 759 11 78
760 754 12 78
753 753 1 79
753 760 2 79
753 761 3 79
753 753 4 79
753 760 6 79
753 764 7 79
753 759 10 79
753 754 11 79
753 758 20 79
753 760 1 80
753 761 2 80
753 753 3 80
753 760 5 80
753 764 6 80
753 759 9 80
753 754 10 80
753 758 19 80
760 761 1 81
760 753 2 81
760 760 4 81
760 764 5 81
760 759 8 81
760 754 9 81
760 758 18 81
761 753 1 82
761 760 3 82
761 764 4 82
761 759 7 82
761 754 8 82
761 758 17 82
753 760 2 83
753 764 3 83
753 759 6 83
753 754 7 83
753 758 16 83
713 704 3 84
713 700 4 84
713 709 7 84
713 697 8 84
713 696 9 84
713 697 10 84
713 698 11 84
713 700 13 84
713 703 14 84
713 695 16 84
713 695 17 84
760 764 1 85
760 759 4 85
760 754 5 85
760 758 14 85
764 759 3 86
764 754 4 86
764 758 13 86
704 700 1 87
704 709 4 87
704 697 5 87
704 696 6 87
704 697 7 87
704 698 8 87
704 700 10 87
704 703 11 87
704 695 13 87
704 695 14 87
704 703 19 87
704 704 20 87
700 709 3 88
700 697 4 88
700 696 5 88
700 697 6 88
700 698 7 88
700 700 9 88
700 703 10 88
700 695 12 88
700 695 13 88
700 703 18 88
700 704 19 88
7 6 1 89
163 163 1 89
759 754 1 89
759 758 10 89
754 758 9 90
709 697 1 91
709 696 2 91
709 697 3 91
709 698 4 91
709 700 6 91
709 703 7 91
709 695 9 91
709 695 10 91
709 703 15 91
709 704 16 91
709 727 17 91
709 696 18 91
697 696 1 92
697 697 2 92
697 698 3 92
697 700 5 92
697 703 6 92
697 695 8 92
697 695 9 92
697 703 14 92
697 704 15 92
697 696 17 92
696 697 1 93
696 698 2 93
696 700 4 93
696 703 5 93
696 695 7 93
696 695 8 93
696 703 13 93
696 704 14 93
696 696 16 93
697 698 1 94
697 700 3 94
697 703 4 94
697 695 6 94
697 695 7 94
697 703 12 94
697 704 13 94
697 696 15 94
698 700 2 95
698 703 3 95
698 695 5 95
698 695 6 95
698 703 11 95
698 704 12 95
698 696 14 95
698 703 20 95
548 555 8 96
548 551 9 96
700 703 1 97
700 695 3 97
700 695 4 97
700 703 9 97
700 704 10 97
700 696 12 97
700 703 18 97
700 694 19 97
703 695 2 98
703 695 3 98
703 703 8 98
703 704 9 98
703 696 11 98
703 703 17 98
703 694 18 98
758 753 13 99
695 695 1 100
695 703 6 100
695 704 7 100
695 696 9 100
695 703 15 100
695 694 16 100
695 703 5 101
695 704 6 101
695 696 8 101
695 703 14 101
695 694 15 101
495 507 8 102
495 485 11 102
495 510 15 102
668 650 1 102
668 657 8 102
668 659 9 102
668 670 11 102
668 661 12 102
668 659 15 102
668 661 16 102
668 661 18 102
467 485 10 103
650 657 7 103
650 659 8 103
650 661 11 103
650 659 14 103
650 661 15 103
650 661 17 103
555 551 1 104
551 534 20 105
703 704 1 106
703 696 3 106
703 703 9 106
703 694 10 106
703 721 13 106
703 700 17 106
703 700 18 106
703 703 20 106
704 696 2 107
704 703 8 107
704 694 9 107
704 721 12 107
704 700 16 107
704 700 17 107
704 703 19 107
704 700 20 107
727 721 11 108
696 703 6 109
696 694 7 109
696 700 14 109
696 700 15 109
696 703 17 109
696 700 18 109
696 697 20 109
507 510 7 110
657 659 1 110
657 670 3 110
657 661 4 110
657 659 7 110
657 661 8 110
657 661 10 110
659 670 2 111
659 661 3 111
659 659 6 111
659 661 7 111
659 661 9 111
659 664 20 111
753 760 9 112
753 764 10 112
753 758 16 112
485 478 18 113
485 485 19 113
670 661 1 113
670 659 4 113
670 661 5 113
670 661 7 113
670 664 18 113
661 659 3 114
661 661 4 114
661 661 6 114
661 664 17 114
703 694 1 115
703 721 4 115
703 700 8 115
703 700 9 115
703 703 11 115
703 700 12 115
703 697 14 115
703 697 15 115
694 700 7 116
694 700 8 116
694 703 10 116
694 700 11 116
694 697 13 116
694 697 14 116
510 525 15 117
659 661 1 117
659 661 3 117
659 664 14 117
659 653 18 117
659 655 19 117
661 661 2 118
661 664 13 118
661 653 17 118
661 655 18 118
721 703 7 119
661 664 11 120
661 653 15 120
661 655 16 120
661 653 19 120
760 764 1 121
760 758 7 121
764 758 6 122
700 700 1 123
700 703 3 123
700 700 4 123
700 697 6 123
700 697 7 123
700 703 2 124
700 700 3 124
700 697 5 124
700 697 6 124
428 427 20 125
534 525 7 125
534 552 8 125
534 547 9 125
703 700 1 126
703 697 3 126
703 697 4 126
700 697 2 127
700 697 3 127
758 753 16 128
697 697 1 129
697 697 19 129
697 700 20 129
697 697 18 130
697 700 19 130
478 485 1 131
478 476 11 131
478 474 15 131
664 653 4 131
664 655 5 131
664 653 8 131
664 655 10 131
664 653 11 131
664 664 12 131
664 660 15 131
664 665 19 131
664 662 20 131
485 476 10 132
485 474 14 132
525 510 15 132
525 512 15 132
552 547 1 133
552 554 5 133
547 554 4 134
653 655 1 135
653 653 4 135
653 655 6 135
653 653 7 135
653 664 8 135
653 660 11 135
653 665 15 135
653 662 16 135
653 665 17 135
653 664 18 135
653 660 19 135
653 663 20 135
655 653 3 136
655 655 5 136
655 653 6 136
655 664 7 136
655 660 10 136
655 665 14 136
655 662 15 136
655 665 16 136
655 664 17 136
655 660 18 136
655 663 19 136
554 542 18 138
554 547 20 138
653 655 2 139
653 653 3 139
653 664 4 139
653 660 7 139
653 665 11 139
653 662 12 139
653 665 13 139
653 664 14 139
653 660 15 139
653 663 16 139
653 653 18 139
655 653 1 141
655 664 2 141
655 660 5 141
655 665 9 141
655 662 10 141
655 665 11 141
655 664 12 141
655 660 13 141
655 663 14 141
655 653 16 141
655 655 19 141
476 474 4 142
476 475 11 142
476 469 12 142
476 475 18 142
653 664 1 142
653 660 4 142
653 665 8 142
653 662 9 142
653 665 10 142
653 664 11 142
653 660 12 142
653 663 13 142
653 653 15 142
653 655 18 142
653 648 20 142
664 660 3 143
664 665 7 143
664 662 8 143
664 665 9 143
664 664 10 143
664 660 11 143
664 663 12 143
664 653 14 143
664 655 17 143
664 648 19 143
124 136 7 145
131 136 7 145
611 629 16 145
611 601 18 145
474 475 7 146
474 469 8 146
474 475 14 146
474 454 17 146
660 665 4 146
660 662 5 146
660 665 6 146
660 664 7 146
660 660 8 146
660 663 9 146
660 653 11 146
660 655 14 146
660 648 16 146
660 648 19 146
697 700 1 148
697 686 16 148
700 686 15 149
79 86 2 150
79 85 4 150
79 61 16 150
79 73 16 150
79 72 19 150
665 662 1 150
665 665 2 150
665 664 3 150
665 660 4 150
665 663 5 150
665 653 7 150
665 655 10 150
665 648 12 150
665 648 15 150
665 654 17 150
99 86 1 151
99 85 3 151
290 287 10 151
662 665 1 151
662 664 2 151
662 660 3 151
662 663 4 151
662 653 6 151
662 655 9 151
662 648 11 151
662 648 14 151
662 654 16 151
86 85 2 152
86 73 14 152
86 72 17 152
136 153 2 152
136 155 9 152
318 331 3 152
665 664 1 152
665 660 2 152
665 663 3 152
665 653 5 152
665 655 8 152
665 648 10 152
665 648 13 152
665 654 15 152
665 646 20 152
475 469 1 153
475 475 7 153
475 460 14 153
475 490 16 153
475 470 17 153
664 660 1 153
664 663 2 153
664 653 4 153
664 655 7 153
664 648 9 153
664 648 12 153
664 654 14 153
664 646 19 153
664 655 20 153
85 73 12 154
85 72 15 154
85 88 19 154
153 161 1 154
153 155 7 154
469 475 6 154
469 454 9 154
469 460 13 154
469 470 16 154
469 469 20 154
660 663 1 154
660 653 3 154
660 655 6 154
660 648 8 154
660 648 11 154
660 654 13 154
660 646 18 154
660 655 19 154
161 155 6 155
663 653 2 155
663 655 5 155
663 648 7 155
663 648 10 155
663 654 12 155
663 646 17 155
663 655 18 155
384 382 1 156
384 383 6 156
542 547 2 156
542 547 3 156
542 554 15 156
542 554 18 156
382 383 5 157
653 655 3 157
653 648 5 157
653 648 8 157
653 654 10 157
653 646 15 157
653 655 16 157
653 656 20 157
547 547 1 158
547 554 13 158
547 554 16 158
547 554 12 159
547 554 15 159
475 460 7 160
475 490 9 160
475 470 10 160
475 469 14 160
475 455 17 160
655 648 2 160
655 648 5 160
655 654 7 160
655 646 12 160
655 655 13 160
655 656 17 160
629 648 1 161
629 648 4 161
629 629 5 161
629 629 9 161
629 646 11 161
629 628 15 161
629 627 19 161
629 629 20 161
51 61 4 162
51 31 14 162
51 61 15 162
51 68 15 162
51 58 18 162
51 58 19 162
648 648 3 162
648 629 4 162
648 654 5 162
648 629 8 162
648 646 10 162
648 655 11 162
648 628 14 162
648 656 15 162
648 629 19 162
454 460 4 163
454 470 7 163
454 469 11 163
454 453 13 163
454 455 14 163
454 455 18 163
601 602 16 163
255 253 1 165
255 259 1 165
255 247 14 165
255 259 14 165
255 257 15 165
648 629 1 165
648 654 2 165
648 629 5 165
648 646 7 165
648 655 8 165
648 628 11 165
648 656 12 165
648 629 16 165
648 664 19 165
648 662 20 165
61 72 3 166
61 61 11 166
61 68 11 166
61 58 14 166
61 58 15 166
73 72 3 166
73 88 7 166
73 61 11 166
73 68 11 166
73 58 14 166
73 58 15 166
253 247 13 166
253 259 13 166
253 257 14 166
259 247 13 166
259 259 13 166
259 257 14 166
629 629 4 166
629 646 6 166
629 628 10 166
629 627 14 166
629 629 15 166
629 643 20 166
460 470 3 167
460 469 7 167
460 453 9 167
460 455 10 167
460 455 14 167
460 475 15 167
460 476 17 167
460 474 18 167
460 453 19 167
654 646 5 167
654 655 6 167
654 656 10 167
654 664 17 167
654 662 18 167
654 643 19 167
508 490 1 168
508 511 1 168
508 516 10 168
508 515 14 168
508 512 15 168
511 511 1 168
511 516 10 168
511 515 14 168
511 512 15 168
72 88 4 169
72 61 8 169
72 68 8 169
72 58 11 169
72 58 12 169
490 470 1 169
490 475 13 169
490 476 15 169
490 474 16 169
511 516 9 169
511 515 13 169
511 512 14 169
470 469 4 170
470 453 6 170
470 455 7 170
470 455 11 170
470 475 12 170
470 476 14 170
470 474 15 170
470 453 16 170
629 646 2 170
629 628 6 170
629 627 10 170
629 629 11 170
629 643 16 170
554 554 3 171
554 552 16 171
554 541 17 171
554 549 18 171
554 567 19 171
646 655 1 172
646 628 4 172
646 656 5 172
646 627 8 172
646 629 9 172
646 664 12 172
646 662 13 172
646 643 14 172
646 664 19 172
88 68 4 173
655 656 4 173
655 664 11 173
655 662 12 173
655 643 13 173
655 664 18 173
469 453 2 174
469 455 3 174
469 455 7 174
469 475 8 174
469 476 10 174
469 474 11 174
469 453 12 174
469 454 18 174
469 449 20 174
554 552 13 174
554 541 14 174
554 549 15 174
554 567 16 174
28 8 7 176
28 26 7 176
31 26 7 176
453 455 1 176
453 455 5 176
453 453 10 176
453 454 16 176
453 449 18 176
628 627 4 176
628 629 5 176
628 643 10 176
61 58 3 177
61 58 4 177
68 58 3 177
68 58 4 177
455 455 4 177
455 474 8 177
455 453 9 177
455 454 15 177
455 449 17 177
656 664 7 177
656 662 8 177
656 643 9 177
656 664 14 177
656 649 17 177
656 653 18 177
516 515 4 178
516 512 5 178
516 519 18 178
247 257 1 179
247 250 15 179
247 246 16 179
247 255 16 179
259 257 1 179
259 250 15 179
259 246 16 179
259 255 16 179
602 600 13 179
602 600 14 179
58 58 1 180
58 39 18 180
257 250 14 180
257 246 15 180
257 255 15 180
627 629 1 180
627 643 6 180
627 646 18 180
627 629 20 180
58 39 17 181
455 474 4 181
455 453 5 181
455 454 11 181
455 449 13 181
455 455 19 181
629 643 5 181
629 646 17 181
629 629 19 181
629 621 20 181
475 476 2 182
475 474 3 182
475 492 16 182
475 455 18 182
515 512 1 182
515 519 14 182
26 39 15 183
26 36 17 183
512 519 13 183
512 492 15 183
476 474 1 184
476 492 14 184
664 662 1 184
664 664 7 184
664 649 10 184
664 653 11 184
664 682 13 184
664 646 14 184
664 664 15 184
474 454 7 185
474 492 13 185
474 455 15 185
474 454 18 185
662 643 1 185
662 664 6 185
662 649 9 185
662 653 10 185
662 646 13 185
662 664 14 185
453 454 6 186
453 449 8 186
453 455 14 186
453 454 17 186
453 441 18 186
453 452 20 186
643 649 8 186
643 653 9 186
643 646 12 186
643 629 14 186
643 653 20 186
552 541 1 187
552 549 2 187
552 567 3 187
552 553 15 187
552 553 16 187
552 553 17 187
406 408 1 188
541 549 1 188
541 553 14 188
541 553 15 188
541 553 16 188
549 567 1 189
549 553 13 189
549 553 14 189
549 553 15 189
567 553 12 190
567 553 13 190
567 553 14 190
664 649 3 191
664 653 4 191
664 682 6 191
664 646 7 191
664 664 8 191
664 653 15 191
664 654 19 191
454 449 2 192
454 455 8 192
454 454 11 192
454 441 12 192
454 452 14 192
454 456 18 192
600 600 1 192
600 601 16 192
600 601 15 193
250 246 1 194
250 255 1 194
250 255 11 194
250 252 15 194
250 259 15 194
449 455 6 194
449 454 9 194
449 441 10 194
449 452 12 194
449 456 16 194
449 432 18 194
649 653 1 194
649 646 4 194
649 664 5 194
649 629 6 194
649 653 12 194
649 654 16 194
649 663 19 194
246 255 10 195
246 252 14 195
246 259 14 195
255 255 10 195
255 270 13 195
255 252 14 195
255 259 14 195
653 646 3 195
653 664 4 195
653 653 11 195
653 654 15 195
653 663 18 195
298 293 3 196
519 512 11 196
519 511 15 196
519 515 16 196
519 499 17 196
347 339 14 197
682 664 2 197
682 663 16 197
39 36 2 198
39 38 8 198
492 511 13 198
492 499 15 198
646 664 1 198
646 629 2 198
646 653 8 198
646 627 11 198
646 654 12 198
646 663 15 198
646 647 18 198
103 92 7 199
664 653 7 199
664 654 11 199
664 663 14 199
664 647 17 199
36 38 6 200
455 454 3 200
455 441 4 200
455 452 6 200
455 456 10 200
455 453 16 200
455 471 17 200
455 454 18 200
455 454 19 200
455 454 20 200
629 621 1 200
629 622 5 200
629 627 9 200
629 647 16 200
621 622 4 201
621 601 7 201
621 627 8 201
553 553 1 202
553 553 2 202
553 554 12 202
553 540 16 202
553 553 20 202
454 441 1 203
454 452 3 203
454 456 7 203
454 453 13 203
454 471 14 203
454 454 15 203
454 454 16 203
454 454 17 203
553 553 1 203
553 554 11 203
553 540 15 203
553 553 19 203
553 553 20 203
441 452 2 204
441 456 6 204
441 432 8 204
441 453 12 204
441 454 14 204
441 454 15 204
441 454 16 204
553 554 10 204
553 540 14 204
553 553 18 204
553 553 19 204
170 185 6 205
170 160 11 205
255 270 3 205
255 252 4 205
255 259 4 205
622 627 4 205
92 81 4 206
452 456 4 206
452 432 6 206
452 453 10 206
452 471 11 206
452 454 12 206
452 454 13 206
452 454 14 206
452 432 20 206
653 654 4 206
653 663 7 206
653 647 10 206
512 511 4 207
512 515 5 207
512 499 6 207
270 252 1 208
270 259 1 208
601 600 9 208
456 453 6 210
456 471 7 210
456 454 8 210
456 454 9 210
456 454 10 210
654 663 3 210
654 647 6 210
511 515 1 211
511 499 2 211
432 432 14 212
432 428 15 212
515 499 1 212
499 482 20 213
663 647 3 213
663 661 19 213
663 664 20 213
554 540 4 214
554 553 8 214
554 553 9 214
554 553 11 214
554 553 12 214
554 553 15 214
554 544 16 214
554 538 20 214
703 703 4 215
703 698 6 215
703 699 9 215
703 700 12 215
703 703 13 215
703 696 16 215
453 471 1 216
453 454 2 216
453 454 3 216
453 454 4 216
647 661 16 216
647 664 17 216
471 454 1 217
471 454 2 217
471 454 3 217
471 478 15 217
471 482 16 217
454 454 1 218
454 454 2 218
540 553 4 218
540 553 5 218
540 553 7 218
540 553 8 218
540 553 11 218
540 544 12 218
540 538 16 218
540 544 17 218
540 557 20 218
454 454 1 219
703 698 2 219
703 699 5 219
703 700 8 219
703 703 9 219
703 696 12 219
754 762 16 220
698 699 3 221
698 700 6 221
698 703 7 221
698 696 10 221
553 553 1 222
553 553 3 222
553 553 4 222
553 553 7 222
553 544 8 222
553 538 12 222
553 544 13 222
553 557 16 222
402 421 11 223
553 553 2 223
553 553 3 223
553 553 6 223
553 544 7 223
553 538 11 223
553 544 12 223
553 557 15 223
699 700 3 224
699 703 4 224
699 696 7 224
699 698 18 224
553 553 1 225
553 553 4 225
553 544 5 225
553 538 9 225
553 544 10 225
553 557 13 225
432 428 1 226
432 421 8 226
432 451 20 226
553 553 3 226
553 544 4 226
553 538 8 226
553 544 9 226
553 557 12 226
428 421 7 227
700 703 1 227
700 696 4 227
700 698 15 227
703 696 3 228
703 698 14 228
553 544 1 229
553 538 5 229
553 544 6 229
553 557 9 229
544 538 4 230
544 544 5 230
544 557 8 230
696 698 11 231
478 482 1 232
661 664 1 232
661 667 7 232
661 660 8 232
661 664 11 232
661 664 12 232
661 650 14 232
661 646 19 232
661 651 20 232
482 471 20 233
664 667 6 233
664 660 7 233
664 664 10 233
664 664 11 233
664 650 13 233
664 646 18 233
664 651 19 233
538 544 1 234
538 557 4 234
544 557 3 235
727 727 4 237
557 552 18 238
667 660 1 239
667 664 4 239
667 664 5 239
667 650 7 239
667 651 13 239
660 664 3 240
660 664 4 240
660 650 6 240
660 646 11 240
660 651 12 240
698 683 18 242
510 510 4 243
510 512 4 243
510 512 5 243
510 512 6 243
510 517 7 243
510 514 10 243
510 511 11 243
510 514 16 243
664 664 1 243
664 650 3 243
664 646 8 243
664 651 9 243
664 683 17 243
664 650 2 244
664 646 7 244
664 651 8 244
664 683 16 244
664 677 20 244
451 453 6 246
650 646 5 246
650 651 6 246
650 653 19 246
650 653 20 246
510 512 1 247
510 512 2 247
510 517 3 247
510 514 6 247
510 511 7 247
510 514 12 247
512 512 1 247
512 512 2 247
512 517 3 247
512 514 6 247
512 511 7 247
512 514 12 247
512 512 1 248
512 517 2 248
512 514 5 248
512 511 6 248
512 514 11 248
512 517 1 249
512 514 4 249
512 511 5 249
512 514 10 249
517 514 3 250
517 511 4 250
517 514 9 250
268 253 1 251
646 651 1 251
646 653 14 251
646 653 15 251
646 655 17 251
646 653 18 251
646 653 19 251
453 471 1 252
651 653 13 252
651 653 14 252
651 655 16 252
651 653 17 252
651 653 18 252
651 660 20 252
471 481 1 253
471 476 6 253
471 485 19 253
471 474 20 253
514 511 1 253
514 514 6 253
481 476 5 254
481 485 18 254
481 474 19 254
481 475 20 254
511 514 5 254
187 176 1 256
399 401 1 256
399 392 2 256
552 546 6 256
552 545 7 256
552 535 15 256
176 166 1 257
401 392 1 257
623 621 1 257
623 608 17 257
623 627 18 257
621 608 16 258
621 627 17 258
110 98 14 259
476 485 13 259
476 474 14 259
476 475 15 259
476 481 17 259
683 677 4 260
683 698 7 260
683 689 18 260
753 753 18 261
546 545 1 262
546 535 9 262
546 555 15 262
546 554 18 262
546 545 19 262
545 535 8 263
545 555 14 263
545 554 17 263
545 545 18 263
677 660 8 264
677 659 12 264
677 689 14 264
677 685 18 264
677 692 20 264
653 653 1 265
653 655 3 265
653 653 4 265
653 653 5 265
653 660 7 265
653 653 8 265
653 659 11 265
653 655 2 266
653 653 3 266
653 653 4 266
653 660 6 266
653 653 7 266
653 659 10 266
698 689 11 267
698 685 15 267
698 698 16 267
698 692 17 267
698 685 19 267
698 695 20 267
655 653 1 268
655 653 2 268
655 660 4 268
655 653 5 268
655 659 8 268
653 653 1 269
653 660 3 269
653 653 4 269
653 659 7 269
653 660 2 270
653 653 3 270
653 659 6 270
653 661 20 270
535 554 9 271
535 545 10 271
535 527 14 271
535 545 17 271
535 549 18 271
485 474 1 272
485 475 2 272
485 481 4 272
485 474 18 272
660 653 1 272
660 659 4 272
660 661 18 272
98 83 1 273
98 113 17 273
474 475 1 273
474 481 3 273
474 474 17 273
653 659 3 273
653 661 17 273
475 481 2 274
475 474 16 274
608 627 1 274
481 474 14 276
659 661 14 276
555 554 3 277
555 545 4 277
555 545 11 277
555 549 12 277
555 549 15 277
689 685 4 278
689 698 5 278
689 692 6 278
689 685 8 278
689 695 9 278
689 703 15 278
689 703 16 278
689 703 17 278
689 703 18 278
554 545 1 280
554 545 8 280
554 549 9 280
554 549 12 280
545 527 4 281
545 545 7 281
545 549 8 281
545 549 11 281
685 698 1 282
685 692 2 282
685 685 4 282
685 695 5 282
685 703 11 282
685 703 12 282
685 703 13 282
685 703 14 282
685 699 17 282
685 670 18 282
698 692 1 283
698 685 3 283
698 695 4 283
698 703 10 283
698 703 11 283
698 703 12 283
698 703 13 283
698 699 16 283
692 685 2 284
692 695 3 284
692 703 9 284
692 703 10 284
692 703 11 284
692 703 12 284
692 699 15 284
527 545 3 285
527 507 6 285
527 512 6 285
527 511 18 285
685 695 1 286
685 703 7 286
685 703 8 286
685 703 9 286
685 703 10 286
685 699 13 286
685 670 14 286
695 703 6 287
695 703 7 287
695 703 8 287
695 703 9 287
695 699 12 287
545 549 1 288
545 549 4 288
545 549 14 288
549 549 3 289
549 549 13 289
113 131 13 290
113 93 17 290
113 96 19 290
474 491 7 290
474 491 10 290
474 470 11 290
474 473 13 290
661 659 7 290
661 661 8 290
661 670 10 290
661 660 11 290
661 654 14 290
507 491 6 291
507 491 9 291
507 511 12 291
507 518 19 291
512 511 12 291
512 518 19 291
549 549 10 292
703 703 1 293
703 703 2 293
703 703 3 293
703 699 6 293
703 703 1 294
703 703 2 294
703 699 5 294
703 703 1 295
703 699 4 295
703 699 3 296
491 491 3 297
491 473 6 297
491 476 17 297
659 661 1 297
659 670 3 297
659 660 4 297
659 654 7 297
661 670 2 298
661 660 3 298
661 654 6 298
491 473 3 300
491 476 14 300
670 660 1 300
670 654 4 300
670 653 20 300
470 473 2 301
470 476 13 301
470 458 14 301
470 451 15 301
470 452 18 301
470 452 20 301
660 654 3 301
660 653 19 301
549 551 12 302
473 476 11 303
473 458 12 303
511 518 7 303
253 255 4 304
253 253 12 304
253 255 16 304
253 254 17 304
253 256 18 304
654 653 16 304
7 0 10 305
7 5 10 305
7 19 11 305
623 626 6 305
623 625 7 305
623 617 8 305
623 629 10 305
623 627 11 305
623 629 12 305
594 600 1 306
594 598 2 306
594 600 3 306
594 600 12 306
594 600 13 306
594 601 15 306
594 600 16 306
93 90 1 307
93 96 2 307
93 104 7 307
93 100 18 307
347 347 2 307
347 348 3 307
600 598 1 307
600 600 2 307
600 617 6 307
600 600 11 307
600 600 12 307
600 601 14 307
600 600 15 307
90 96 1 308
90 104 6 308
90 100 17 308
255 253 8 308
255 255 12 308
255 254 13 308
255 256 14 308
598 600 1 308
598 617 5 308
598 600 10 308
598 600 11 308
598 601 13 308
598 600 14 308
96 104 5 309
96 100 16 309
347 348 1 309
600 617 4 309
600 600 9 309
600 600 10 309
600 601 12 309
600 600 13 309
600 602 20 309
518 499 16 310
518 515 18 310
518 501 19 310
177 181 1 311
177 182 2 311
177 160 14 311
626 625 1 311
626 617 2 311
626 629 4 311
626 627 5 311
626 629 6 311
181 182 1 312
401 386 1 312
401 406 5 312
625 617 1 312
625 629 3 312
625 627 4 312
625 629 5 312
617 629 2 313
617 627 3 313
617 629 4 313
617 600 5 313
617 600 6 313
617 601 8 313
617 600 9 313
617 602 16 313
104 100 11 314
476 458 1 314
476 464 19 314
551 554 10 314
551 549 12 314
551 555 13 314
0 19 1 315
5 19 1 315
458 451 1 315
458 449 3 315
458 452 4 315
458 452 6 315
458 452 8 315
458 453 9 315
458 455 10 315
458 438 15 315
458 464 18 315
629 627 1 315
629 629 2 315
253 255 4 316
253 254 5 316
253 256 6 316
253 256 15 316
253 264 16 316
451 449 2 316
451 452 3 316
451 452 5 316
451 452 7 316
451 453 8 316
451 455 9 316
451 438 14 316
451 464 17 316
627 629 1 316
58 56 1 318
58 56 2 318
58 57 3 318
58 57 4 318
58 57 5 318
58 58 6 318
58 50 10 318
58 66 14 318
449 452 1 318
449 452 3 318
449 452 5 318
449 453 6 318
449 455 7 318
449 438 12 318
449 464 15 318
449 463 20 318
600 600 1 318
600 601 3 318
600 600 4 318
600 602 11 318
56 56 1 319
56 57 2 319
56 57 3 319
56 57 4 319
56 58 5 319
56 50 9 319
56 66 13 319
452 452 2 319
452 452 4 319
452 453 5 319
452 455 6 319
452 438 11 319
452 464 14 319
452 471 17 319
452 463 19 319
600 601 2 319
600 600 3 319
600 602 10 319
56 57 1 320
56 57 2 320
56 57 3 320
56 58 4 320
56 50 8 320
56 66 12 320
255 254 1 320
255 256 2 320
255 256 11 320
255 264 12 320
653 653 5 320
653 653 10 320
653 650 11 320
653 654 12 320
653 657 15 320
653 652 17 320
653 661 19 320
57 57 1 321
57 57 2 321
57 58 3 321
57 50 7 321
57 66 11 321
254 256 1 321
254 256 10 321
254 264 11 321
452 452 2 321
452 453 3 321
452 455 4 321
452 438 9 321
452 464 12 321
452 471 15 321
452 463 17 321
452 454 19 321
601 600 1 321
601 602 8 321
57 57 1 322
57 58 2 322
57 50 6 322
57 66 10 322
57 67 20 322
256 256 9 322
256 264 10 322
600 602 7 322
57 58 1 323
57 50 5 323
57 66 9 323
57 67 19 323
452 453 1 323
452 455 2 323
452 438 7 323
452 464 10 323
452 471 13 323
452 463 15 323
452 454 17 323
452 449 19 323
703 702 18 323
58 50 4 324
58 66 8 324
58 67 18 324
453 455 1 324
453 438 6 324
453 464 9 324
453 471 12 324
453 463 14 324
453 454 16 324
453 449 18 324
554 549 2 324
554 555 3 324
554 555 12 324
554 554 16 324
100 84 14 325
100 98 18 325
160 151 1 325
455 438 5 325
455 464 8 325
455 471 11 325
455 463 13 325
455 454 15 325
455 449 17 325
653 653 5 325
653 650 6 325
653 654 7 325
653 657 10 325
653 652 12 325
653 661 14 325
653 644 17 325
653 650 20 325
499 515 2 326
499 501 3 326
499 513 7 326
499 508 8 326
499 511 8 326
499 486 9 326
499 511 17 326
549 555 1 326
549 555 10 326
549 554 14 326
288 281 12 327
555 555 9 327
555 554 13 327
50 66 4 328
50 30 14 328
50 31 14 328
50 67 14 328
50 56 19 328
515 501 1 328
515 513 5 328
515 508 6 328
515 511 6 328
515 511 15 328
515 513 20 328
501 513 4 329
501 508 5 329
501 511 5 329
501 486 6 329
501 511 14 329
501 513 19 329
501 506 20 329
501 512 20 329
438 454 10 330
438 449 12 330
438 454 16 330
438 453 17 330
653 650 1 330
653 654 2 330
653 657 5 330
653 652 7 330
653 661 9 330
653 644 12 330
653 650 15 330
256 264 1 331
256 247 14 331
256 255 14 331
650 654 1 331
650 657 4 331
650 652 6 331
650 661 8 331
650 644 11 331
650 650 14 331
66 79 3 332
66 84 7 332
66 67 10 332
66 56 15 332
66 71 15 332
264 281 7 332
264 247 13 332
264 255 13 332
654 657 3 332
654 652 5 332
654 661 7 332
654 644 10 332
654 650 13 332
464 471 3 333
464 463 5 333
464 454 7 333
464 449 9 333
464 454 13 333
464 453 14 333
464 474 17 333
464 474 18 333
513 508 1 333
513 511 1 333
513 511 10 333
513 513 15 333
513 506 16 333
513 512 16 333
508 511 9 334
508 513 14 334
508 506 15 334
508 512 15 334
511 511 9 334
511 513 14 334
511 506 15 334
511 512 15 334
79 84 4 335
79 67 7 335
79 98 8 335
79 71 12 335
486 471 1 335
486 474 15 335
486 474 16 335
657 652 2 335
657 661 4 335
657 644 7 335
657 650 10 335
471 463 2 336
471 454 4 336
471 454 10 336
471 453 11 336
471 474 14 336
471 474 15 336
555 554 4 336
555 541 17 336
555 552 18 336
555 549 19 336
652 661 2 337
652 644 5 337
652 650 8 337
463 454 2 338
463 449 4 338
463 454 8 338
463 453 9 338
463 474 12 338
463 474 13 338
629 644 4 338
629 629 8 338
629 629 9 338
629 629 12 338
629 629 13 338
629 629 14 338
84 67 3 339
84 98 4 339
84 71 8 339
127 144 10 339
127 111 15 339
281 273 20 339
661 644 3 339
661 650 6 339
661 660 20 339
454 449 2 340
454 454 6 340
454 453 7 340
454 449 20 340
554 541 13 340
554 552 14 340
554 549 15 340
702 686 3 341
702 703 15 341
702 685 17 341
30 27 7 342
30 48 18 342
31 27 7 342
31 48 18 342
67 56 5 342
67 71 5 342
67 48 18 342
449 454 4 342
449 453 5 342
449 449 18 342
644 650 3 342
644 629 4 342
644 629 5 342
644 629 8 342
644 629 9 342
644 629 10 342
644 660 17 342
644 649 18 342
644 628 19 342
98 111 11 343
350 346 5 343
350 350 20 343
511 513 5 343
511 506 6 343
511 512 6 343
511 519 19 343
511 518 20 343
686 703 12 344
686 685 14 344
247 250 15 345
247 259 16 345
255 273 14 345
255 250 15 345
255 259 16 345
650 660 14 345
650 649 15 345
650 665 19 345
650 664 20 345
454 453 1 346
454 449 14 346
454 450 20 346
629 629 1 346
629 629 4 346
629 629 5 346
629 629 6 346
629 628 15 346
629 644 20 346
56 48 13 347
56 37 19 347
453 449 13 347
453 450 19 347
629 629 3 347
629 629 4 347
629 629 5 347
629 628 14 347
629 644 19 347
629 620 20 347
346 350 15 348
513 506 1 348
513 512 1 348
513 519 14 348
513 518 15 348
27 37 17 349
506 519 13 349
506 518 14 349
512 519 13 349
512 518 14 349
474 474 1 350
474 474 14 350
629 629 1 350
629 629 2 350
629 628 11 350
629 644 16 350
629 620 17 350
629 623 20 350
474 474 13 351
629 629 1 351
629 628 10 351
629 644 15 351
629 620 16 351
629 623 19 351
629 622 20 351
629 628 9 352
629 644 14 352
629 620 15 352
629 623 18 352
629 622 19 352
541 552 1 353
541 549 2 353
541 552 15 353
541 552 16 353
111 107 11 354
408 399 16 354
552 549 1 354
552 552 14 354
552 552 15 354
549 552 13 355
549 552 14 355
703 685 2 356
601 620 10 357
685 665 6 358
273 259 2 359
273 255 12 359
273 258 15 359
273 253 16 359
660 649 1 359
660 665 5 359
660 664 6 359
660 644 7 359
660 653 14 359
660 654 15 359
660 652 16 359
660 656 17 359
48 37 6 360
48 45 11 360
48 56 12 360
48 63 12 360
48 62 16 360
250 259 1 360
250 255 11 360
250 258 14 360
250 253 15 360
449 450 6 360
449 451 12 360
449 450 15 360
449 457 16 360
649 665 4 360
649 664 5 360
649 644 6 360
649 653 13 360
649 654 14 360
649 652 15 360
649 656 16 360
649 629 19 360
259 255 10 361
259 258 13 361
259 253 14 361
628 644 5 361
628 620 6 361
628 623 9 361
628 622 10 361
628 629 18 361
628 630 20 361
294 293 3 362
519 518 1 362
519 513 10 362
519 510 15 362
519 511 15 362
519 499 16 362
519 512 16 362
518 513 9 363
518 510 14 363
518 511 14 363
518 499 15 363
518 512 15 363
165 160 13 364
474 457 12 364
474 475 15 364
474 461 17 364
474 474 18 364
474 474 19 364
474 454 20 364
665 664 1 364
665 653 9 364
665 654 10 364
665 652 11 364
665 656 12 364
665 654 18 364
665 653 19 364
107 103 17 365
664 644 1 365
664 653 8 365
664 654 9 365
664 652 10 365
664 656 11 365
664 654 17 365
664 653 18 365
37 45 5 366
37 56 6 366
450 451 6 366
450 450 9 366
450 457 10 366
450 461 15 366
450 454 18 366
450 454 19 366
644 653 7 366
644 654 8 366
644 652 9 366
644 656 10 366
644 629 13 366
644 630 15 366
644 654 16 366
644 653 17 366
644 634 20 366
620 623 3 367
620 622 4 367
620 629 12 367
620 630 14 367
620 634 19 367
620 630 20 367
552 552 1 368
552 555 12 368
552 555 11 369
185 193 20 370
399 408 17 370
623 622 1 370
623 629 9 370
623 630 11 370
623 634 16 370
623 630 17 370
623 629 18 370
45 56 1 371
45 63 1 371
45 62 5 371
255 258 3 371
255 253 4 371
255 239 20 371
622 629 8 371
622 630 10 371
622 634 15 371
622 630 16 371
622 629 17 371
56 62 4 372
63 62 4 372
451 450 3 372
451 457 4 372
451 461 9 372
451 454 12 372
451 454 13 372
513 510 5 372
513 511 5 372
513 499 6 372
513 512 6 372
653 654 1 373
653 652 2 373
653 656 3 373
653 654 9 373
653 653 10 373
653 634 13 373
653 664 17 373
653 665 18 373
653 665 19 373
258 253 1 374
258 239 17 374
654 652 1 374
654 656 2 374
654 654 8 374
654 653 9 374
654 634 12 374
654 664 16 374
654 665 17 374
654 665 18 374
253 239 16 375
450 457 1 375
450 461 6 375
450 454 9 375
450 454 10 375
652 656 1 375
652 654 7 375
652 653 8 375
652 634 11 375
652 664 15 375
652 665 16 375
652 665 17 375
457 475 3 376
457 461 5 376
457 474 6 376
457 474 7 376
457 454 8 376
457 454 9 376
457 476 10 376
457 475 12 376
656 654 6 376
656 653 7 376
656 664 14 376
656 665 15 376
656 665 16 376
656 664 20 376
160 163 11 377
160 156 12 377
160 159 16 377
510 499 1 377
510 512 1 377
510 511 18 377
510 518 20 377
511 499 1 377
511 512 1 377
511 511 18 377
511 518 20 377
499 482 16 378
499 511 17 378
499 518 19 378
512 511 17 378
512 518 19 378
475 461 2 379
475 474 3 379
475 474 4 379
475 476 7 379
475 475 9 379
475 482 15 379
629 630 2 379
629 634 7 379
629 630 8 379
629 629 9 379
555 554 18 380
461 474 1 381
461 474 2 381
461 454 3 381
461 454 4 381
461 476 5 381
461 475 7 381
630 634 5 381
630 630 6 381
630 629 7 381
103 98 5 382
103 97 6 382
103 106 9 382
103 98 10 382
103 98 11 382
103 116 20 382
474 474 1 382
474 454 2 382
474 454 3 382
474 476 4 382
474 475 6 382
474 482 12 382
654 653 1 382
654 634 4 382
654 664 8 382
654 665 9 382
654 665 10 382
654 664 14 382
474 454 1 383
474 454 2 383
474 476 3 383
474 475 5 383
474 482 11 383
653 634 3 383
653 664 7 383
653 665 8 383
653 665 9 383
653 664 13 383
454 454 1 384
696 703 10 384
696 703 15 384
696 711 16 384
696 679 17 384
753 758 8 385
476 475 2 386
476 482 8 386
634 630 1 386
634 629 2 386
98 97 1 387
98 106 4 387
98 98 5 387
98 98 6 387
98 116 15 387
98 107 16 387
408 404 16 387
408 402 17 387
408 399 18 387
630 629 1 387
97 106 3 388
97 98 4 388
97 98 5 388
97 116 14 388
97 107 15 388
163 156 1 388
163 159 5 388
475 482 6 388
629 629 20 388
156 159 4 389
338 321 2 389
338 346 17 389
727 711 11 389
193 201 4 390
193 184 20 390
287 284 2 390
287 285 3 390
287 292 5 390
287 286 6 390
664 665 1 390
664 665 2 390
664 664 6 390
664 679 11 390
664 653 17 390
106 98 1 391
106 98 2 391
106 116 11 391
106 107 12 391
239 239 6 391
239 256 6 391
239 254 7 391
239 255 7 391
239 246 8 391
239 255 8 391
665 665 1 391
665 664 5 391
665 679 10 391
665 653 16 391
98 98 1 392
98 116 10 392
98 107 11 392
284 285 1 392
284 292 3 392
284 286 4 392
284 283 19 392
284 286 20 392
665 664 4 392
665 679 9 392
665 653 15 392
665 664 20 392
98 116 9 393
98 107 10 393
285 292 2 393
285 286 3 393
285 283 18 393
285 286 19 393
201 184 16 394
201 214 20 394
703 703 5 394
703 711 6 394
703 705 17 394
292 286 1 395
292 283 16 395
292 286 17 395
292 290 19 395
511 518 2 395
511 518 11 395
511 518 15 395
511 517 20 395
286 283 15 396
286 286 16 396
286 290 18 396
664 679 5 396
664 653 11 396
664 664 16 396
239 254 1 397
239 255 1 397
239 246 2 397
239 255 2 397
239 250 16 397
239 255 16 397
256 254 1 397
256 255 1 397
256 246 2 397
256 255 2 397
256 250 16 397
256 255 16 397
518 518 9 397
518 518 13 397
518 517 18 397
254 246 1 398
254 255 1 398
254 250 15 398
254 255 15 398
255 246 1 398
255 255 1 398
255 250 15 398
255 255 15 398
554 554 4 398
554 551 5 398
554 551 6 398
554 553 7 398
554 552 11 398
246 250 14 399
246 255 14 399
255 250 14 399
255 255 14 399
703 711 1 399
703 705 12 399
711 705 11 400
711 727 18 400
679 664 11 401
116 107 1 402
554 551 1 402
554 551 2 402
554 553 3 402
554 552 7 402
404 402 1 403
404 399 2 403
404 403 6 403
551 551 1 403
551 553 2 403
551 552 6 403
402 399 1 404
402 403 5 404
551 553 1 404
551 552 5 404
399 403 4 405
399 413 20 405
553 552 4 405
346 347 14 406
518 518 4 406
518 517 9 406
518 517 14 406
518 515 15 406
653 664 5 407
653 643 6 407
653 652 10 407
653 653 12 407
653 664 15 407
653 665 16 407
629 643 5 408
629 629 6 408
629 627 17 408
403 413 16 409
403 401 17 409
552 551 17 409
184 175 17 410
518 517 5 410
518 517 10 410
518 515 11 410
518 512 17 410
518 511 19 410
518 515 20 410
283 286 1 411
283 290 3 411
283 292 7 411
283 286 8 411
283 301 17 411
705 712 13 411
286 290 2 412
286 292 6 412
286 286 7 412
286 301 16 412
664 652 5 412
664 653 7 412
664 664 10 412
664 665 11 412
664 664 16 412
643 629 1 413
643 652 4 413
643 653 6 413
643 627 12 413
290 292 4 414
290 286 5 414
290 301 14 414
629 627 11 414
61 52 2 415
61 65 2 415
61 56 4 415
61 74 4 415
450 452 2 415
450 433 17 415
517 517 5 415
517 515 6 415
517 512 12 415
517 511 14 415
517 515 15 415
517 518 20 415
52 56 2 417
65 56 2 417
65 74 2 417
452 433 15 417
652 653 2 417
652 664 5 417
652 665 6 417
652 664 11 417
292 286 1 418
292 301 10 418
292 288 19 418
727 712 6 418
727 727 13 418
286 301 9 419
286 288 18 419
653 664 3 419
653 665 4 419
653 664 9 419
653 650 19 419
14 10 1 420
14 26 10 420
14 6 13 420
14 19 15 420
15 10 1 420
15 26 10 420
15 6 13 420
15 19 15 420
347 355 7 420
347 352 9 420
347 340 16 420
517 515 1 420
517 512 7 420
517 511 9 420
517 515 10 420
517 518 15 420
517 513 16 420
10 26 9 421
10 6 12 421
10 19 14 421
515 512 6 421
515 511 8 421
515 515 9 421
515 518 14 421
515 513 15 421
664 665 1 422
664 664 6 422
664 650 16 422
665 664 5 423
665 650 15 423
712 727 7 424
413 401 1 425
413 429 8 425
627 628 12 425
551 556 6 426
551 569 7 426
551 570 8 426
175 171 9 427
355 352 2 427
355 340 9 427
512 511 2 427
512 515 3 427
512 518 8 427
512 513 9 427
301 288 9 428
664 650 10 428
352 340 7 429
511 515 1 429
511 518 6 429
511 513 7 429
26 6 3 430
26 19 5 430
515 518 5 430
515 513 6 430
433 429 1 432
556 569 1 432
556 570 2 432
556 556 20 432
6 19 2 433
569 570 1 433
569 556 19 433
570 556 18 434
518 513 1 435
104 86 17 437
628 646 16 437
628 628 20 437
650 660 13 438
650 646 15 438
650 662 16 438
469 470 3 451
469 468 4 451
469 453 6 451
469 457 7 451
469 452 9 451
469 454 11 451
469 477 12 451
469 474 14 451
469 474 15 451
469 453 16 451
660 646 2 451
660 662 3 451
660 650 9 451
660 648 10 451
660 664 14 451
660 646 15 451
660 643 16 451
556 542 17 452
556 549 18 452
556 567 19 452
646 662 1 453
646 628 4 453
646 650 7 453
646 648 8 453
646 627 9 453
646 664 12 453
646 646 13 453
646 643 14 453
646 664 19 453
86 68 4 454
86 71 8 454
129 111 16 454
470 468 1 454
470 453 3 454
470 457 4 454
470 452 6 454
470 454 8 454
470 477 9 454
470 474 11 454
470 474 12 454
470 453 13 454
470 466 20 454
662 650 6 454
662 648 7 454
662 664 11 454
662 646 12 454
662 643 13 454
662 664 18 454
468 453 2 455
468 457 3 455
468 452 5 455
468 454 7 455
468 477 8 455
468 474 10 455
468 474 11 455
468 453 12 455
468 466 19 455
468 449 20 455
600 600 18 455
600 600 19 455
28 8 7 457
28 29 7 457
35 29 7 457
35 49 18 457
453 457 1 457
453 452 3 457
453 454 5 457
453 453 10 457
453 466 17 457
453 449 18 457
628 627 5 457
628 646 9 457
628 643 10 457
628 622 11 457
628 628 19 457
68 58 3 458
68 58 4 458
68 71 4 458
68 49 17 458
68 77 19 458
457 452 2 458
457 454 4 458
457 474 7 458
457 474 8 458
457 453 9 458
457 466 16 458
457 449 17 458
511 517 1 458
511 516 5 458
511 511 6 458
511 519 19 458
517 516 4 459
517 511 5 459
517 519 18 459
244 257 1 460
244 250 15 460
244 259 16 460
452 454 2 460
452 453 7 460
452 466 14 460
452 449 15 460
650 648 1 460
650 664 5 460
650 646 6 460
650 643 7 460
650 664 12 460
650 649 15 460
58 58 1 461
58 71 1 461
58 49 14 461
58 77 16 461
257 274 12 461
257 250 14 461
257 259 15 461
648 664 4 461
648 646 5 461
648 643 6 461
648 664 11 461
648 649 14 461
648 628 15 461
58 49 13 462
58 77 15 462
71 77 15 462
454 453 5 462
454 466 12 462
454 449 13 462
627 646 4 462
627 643 5 462
627 622 6 462
627 628 14 462
477 474 2 463
477 474 3 463
477 466 11 463
516 511 1 463
516 519 14 463
511 519 13 464
474 474 1 465
474 466 9 465
664 646 1 465
664 664 7 465
664 649 10 465
664 683 13 465
474 466 8 466
646 643 1 466
646 664 6 466
646 649 9 466
646 628 10 466
453 466 7 467
453 449 8 467
453 452 20 467
643 649 8 467
643 628 9 467
643 625 18 467
643 653 20 467
622 628 8 468
622 625 17 468
622 622 18 468
406 408 1 469
542 549 1 469
549 567 1 470
280 274 1 472
280 294 5 472
664 649 3 472
664 683 6 472
664 653 15 472
664 651 17 472
664 652 18 472
274 259 3 473
274 255 13 473
274 256 16 473
274 259 17 473
600 600 1 473
466 449 1 474
466 452 13 474
466 456 17 474
466 460 19 474
466 475 20 474
49 43 12 475
49 64 12 475
49 62 16 475
250 259 1 475
250 255 11 475
250 256 14 475
250 253 15 475
250 259 15 475
449 452 12 475
449 456 16 475
449 460 18 475
649 653 12 475
649 651 14 475
649 652 15 475
649 629 16 475
649 661 19 475
259 255 10 476
259 256 13 476
259 253 14 476
259 259 14 476
628 625 9 476
628 622 10 476
628 629 15 476
77 64 10 477
77 62 14 477
519 512 11 477
519 508 15 477
519 511 15 477
519 512 16 477
625 622 1 485
625 629 6 485
255 256 3 486
255 253 4 486
255 259 4 486
622 629 5 486
622 604 14 486
43 62 4 487
64 62 4 487
64 83 15 487
452 456 4 487
452 460 6 487
452 459 10 487
452 463 15 487
452 468 17 487
452 468 19 487
653 651 2 487
653 652 3 487
653 661 7 487
653 650 10 487
653 652 11 487
512 508 4 488
512 511 4 488
512 512 5 488
256 253 1 489
256 259 1 489
651 652 1 489
651 661 5 489
651 650 8 489
651 652 9 489
652 661 4 490
652 650 7 490
652 652 8 490
456 460 2 491
456 475 3 491
456 459 6 491
456 474 7 491
456 463 11 491
456 468 13 491
456 468 15 491
456 470 17 491
456 474 18 491
456 472 19 491
456 473 20 491
629 629 16 491
508 512 1 492
511 512 1 492
460 475 1 493
460 459 4 493
460 474 5 493
460 463 9 493
460 468 11 493
460 468 13 493
460 470 15 493
460 474 16 493
460 472 17 493
460 473 18 493
475 459 3 494
475 474 4 494
475 463 8 494
475 468 10 494
475 468 12 494
475 470 14 494
475 474 15 494
475 472 16 494
475 473 17 494
661 650 3 494
661 652 4 494
552 537 4 495
552 571 17 495
459 474 1 497
459 463 5 497
459 468 7 497
459 468 9 497
459 470 11 497
459 474 12 497
459 472 13 497
459 473 14 497
650 652 1 497
650 653 20 497
474 463 4 498
474 468 6 498
474 468 8 498
474 470 10 498
474 474 11 498
474 472 12 498
474 473 13 498
652 653 19 498
201 181 2 499
417 405 2 499
417 434 18 499
537 554 17 499
109 94 8 500
350 330 16 500
604 601 9 500
604 601 19 500
604 602 20 500
753 753 1 501
753 754 2 501
753 753 3 501
753 760 5 501
753 759 7 501
753 760 9 501
753 764 10 501
753 741 13 501
753 748 14 501
753 760 20 501
83 86 2 502
83 94 6 502
463 468 2 502
463 468 4 502
463 470 6 502
463 474 7 502
463 472 8 502
463 473 9 502
463 454 17 502
753 754 1 502
753 753 2 502
753 760 4 502
753 759 6 502
753 760 8 502
753 764 9 502
753 741 12 502
753 748 13 502
753 760 19 502
753 760 20 502
280 279 2 503
280 283 4 503
754 753 1 503
754 760 3 503
754 759 5 503
754 760 7 503
754 764 8 503
754 741 11 503
754 748 12 503
754 760 18 503
754 760 19 503
754 764 20 503
86 94 4 504
468 468 2 504
468 470 4 504
468 474 5 504
468 472 6 504
468 473 7 504
468 454 15 504
753 760 2 504
753 759 4 504
753 760 6 504
753 764 7 504
753 741 10 504
753 748 11 504
753 760 17 504
753 760 18 504
753 764 19 504
753 762 20 504
279 283 2 505
729 741 9 505
729 748 10 505
468 470 2 506
468 474 3 506
468 472 4 506
468 473 5 506
468 454 13 506
760 759 2 506
760 760 4 506
760 764 5 506
760 741 8 506
760 748 9 506
760 760 15 506
760 760 16 506
760 764 17 506
760 762 18 506
629 629 6 507
629 629 11 507
629 629 18 507
470 474 1 508
470 472 2 508
470 473 3 508
470 454 11 508
759 760 2 508
759 764 3 508
759 741 6 508
759 748 7 508
759 760 13 508
759 760 14 508
759 764 15 508
759 762 16 508
474 472 1 509
474 473 2 509
474 454 10 509
601 601 10 509
601 602 11 509
601 602 17 509
601 602 18 509
472 473 1 510
472 454 9 510
472 453 19 510
472 454 20 510
760 764 1 510
760 741 4 510
760 748 5 510
760 760 11 510
760 760 12 510
760 764 13 510
760 762 14 510
760 764 19 510
473 454 8 511
473 453 18 511
473 454 19 511
764 748 4 511
764 760 10 511
764 760 11 511
764 764 12 511
764 762 13 511
764 764 18 511
571 554 4 512
571 554 18 512
629 629 5 513
629 629 12 513
629 629 20 513
741 748 1 514
741 760 7 514
741 760 8 514
741 727 14 514
741 741 17 514
741 741 18 514
748 760 6 515
748 760 7 515
748 764 8 515
748 762 9 515
748 764 14 515
748 741 16 515
748 741 17 515
330 329 18 516
330 329 19 516
554 554 14 516
554 554 20 516
434 434 10 517
434 453 12 517
382 382 7 518
629 629 7 518
629 629 15 518
629 629 16 518
629 629 17 518
454 434 8 519
454 453 10 519
454 454 11 519
601 602 1 519
601 602 7 519
601 602 8 519
601 601 18 519
601 602 19 519
602 602 6 520
602 602 7 520
602 601 17 520
602 602 18 520
760 760 1 521
760 764 2 521
760 762 3 521
760 764 8 521
760 741 10 521
760 741 11 521
760 760 18 521
760 746 20 521
760 764 1 522
760 762 2 522
760 764 7 522
760 741 9 522
760 741 10 522
760 760 17 522
760 746 19 522
760 761 20 522
764 762 1 523
764 764 6 523
764 760 16 523
764 746 18 523
764 761 19 523
762 764 5 524
762 760 15 524
762 746 17 524
762 761 18 524
629 629 8 525
629 629 9 525
629 629 10 525
629 629 18 525
602 602 1 526
602 601 11 526
602 602 12 526
602 600 18 526
602 601 19 526
434 453 2 527
434 434 18 527
602 601 10 527
602 602 11 527
602 600 17 527
602 601 18 527
727 741 3 528
727 741 4 528
727 746 13 528
727 726 18 528
453 454 1 529
453 434 16 529
764 760 10 529
764 746 12 529
764 761 13 529
454 434 15 530
554 554 6 530
554 554 17 530
554 553 18 530
554 571 19 530
554 571 20 530
741 741 1 531
741 760 8 531
741 746 10 531
741 726 15 531
741 760 7 532
741 746 9 532
741 726 14 532
629 629 1 533
629 629 2 533
629 629 10 533
629 629 18 533
629 629 19 533
329 329 1 534
329 329 18 534
629 629 1 534
629 629 9 534
629 629 17 534
629 629 18 534
329 329 17 535
629 629 8 535
629 629 16 535
629 629 17 535
554 554 11 536
554 553 12 536
554 571 13 536
554 571 14 536
601 602 1 537
601 600 7 537
601 601 8 537
601 600 18 537
601 602 19 537
602 600 6 538
602 601 7 538
602 600 17 538
602 602 18 538
760 746 2 539
760 761 3 539
760 760 18 539
760 753 19 539
746 761 1 541
746 726 5 541
746 760 16 541
746 753 17 541
761 760 15 542
761 753 16 542
629 629 8 543
629 629 9 543
600 601 1 544
600 600 11 544
600 602 12 544
600 601 15 544
600 600 18 544
600 602 19 544
434 453 19 545
434 453 20 545
601 600 10 545
601 602 11 545
601 601 14 545
601 600 17 545
601 602 18 545
601 602 20 545
256 256 1 547
554 553 1 547
554 571 2 547
554 571 3 547
554 571 13 547
554 554 14 547
554 554 17 547
554 555 19 547
553 571 1 548
553 571 2 548
553 571 12 548
553 554 13 548
553 554 16 548
553 555 18 548
553 554 20 548
571 571 1 549
571 571 11 549
571 554 12 549
571 554 15 549
571 555 17 549
571 554 19 549
571 571 10 550
571 554 11 550
571 554 14 550
571 555 16 550
571 554 18 550
629 629 1 551
629 629 16 551
629 629 18 551
329 329 19 552
629 629 15 552
629 629 17 552
664 664 1 553
664 664 19 553
664 664 18 554
600 602 1 555
600 601 4 555
600 600 7 555
600 602 8 555
600 602 10 555
600 600 18 555
600 602 19 555
602 601 3 556
602 600 6 556
602 602 7 556
602 602 9 556
602 600 17 556
602 602 18 556
760 753 1 557
760 741 13 557
760 760 18 557
760 763 19 557
753 741 12 558
753 760 17 558
753 763 18 558
753 735 19 558
753 740 20 558
454 453 5 559
454 453 6 559
454 453 7 559
454 454 14 559
601 600 3 559
601 602 4 559
601 602 6 559
601 600 14 559
601 602 15 559
571 554 1 560
571 554 4 560
571 555 6 560
571 554 8 560
571 555 11 560
554 554 3 561
554 555 5 561
554 554 7 561
554 555 10 561
600 602 1 562
600 602 3 562
600 600 11 562
600 602 12 562
602 602 2 563
602 600 10 563
602 602 11 563
602 583 20 563
453 453 1 564
453 453 2 564
453 454 9 564
554 555 2 564
554 554 4 564
554 555 7 564
554 554 20 564
453 453 1 565
453 454 8 565
602 600 8 565
602 602 9 565
602 583 18 565
453 454 7 566
555 554 2 566
555 555 5 566
555 554 18 566
555 571 20 566
629 629 2 567
477 477 4 568
477 477 13 568
477 476 14 568
554 555 3 568
554 554 16 568
554 571 18 568
180 180 9 570
741 760 5 570
741 735 7 570
741 740 8 570
741 741 9 570
741 741 10 570
741 727 11 570
741 741 18 570
741 758 19 570
741 758 20 570
329 330 12 571
329 327 17 571
555 554 13 571
555 571 15 571
477 477 9 572
477 476 10 572
600 602 1 573
600 583 10 573
602 583 9 574
602 602 20 574
760 763 1 575
760 740 3 575
760 741 4 575
760 741 5 575
760 741 13 575
760 758 14 575
760 758 15 575
763 758 13 576
763 758 14 576
735 740 1 577
735 741 2 577
735 741 3 577
735 727 4 577
735 741 11 577
735 727 14 577
735 727 15 577
740 741 1 578
740 741 2 578
740 727 3 578
740 741 10 578
740 758 11 578
740 758 12 578
740 727 13 578
740 727 14 578
381 381 11 579
741 741 1 579
741 727 2 579
741 741 9 579
741 758 10 579
741 758 11 579
741 727 12 579
741 727 13 579
741 727 1 580
741 741 8 580
741 758 9 580
741 758 10 580
741 727 11 580
741 727 12 580
477 476 1 581
727 712 4 581
727 712 6 581
727 741 7 581
727 727 10 581
727 727 11 581
727 711 12 581
703 712 3 582
703 712 5 582
703 711 11 582
703 703 14 582
703 685 15 582
330 327 5 583
330 329 9 583
330 329 10 583
330 329 16 583
583 571 3 583
583 602 11 583
583 571 12 583
583 601 19 583
583 571 20 583
410 428 1 584
410 413 10 584
554 571 2 584
554 571 11 584
554 571 19 584
554 554 20 584
428 432 1 585
428 430 2 585
428 413 9 585
428 434 10 585
428 434 11 585
428 434 15 585
712 712 2 585
712 727 6 585
712 727 7 585
712 711 8 585
712 703 11 585
3 3 7 586
3 3 9 586
3 3 11 586
3 5 20 586
150 151 1 586
150 145 11 586
432 430 1 586
432 413 8 586
432 434 9 586
432 434 10 586
432 434 14 586
571 571 9 586
571 571 17 586
571 554 18 586
571 571 20 586
151 145 10 587
430 413 7 587
430 434 8 587
430 434 9 587
430 434 13 587
712 727 4 587
712 727 5 587
712 711 6 587
712 703 9 587
327 329 4 588
327 329 5 588
327 329 11 588
741 758 1 588
741 758 2 588
741 727 3 588
741 727 4 588
758 758 1 589
353 359 6 591
727 727 1 591
727 711 2 591
329 329 1 592
329 329 7 592
727 711 1 592
3 3 2 593
3 3 4 593
3 5 13 593
3 3 15 593
329 329 6 593
711 703 3 593
413 404 15 594
413 405 18 594
602 601 8 594
602 602 11 594
3 3 2 595
3 5 11 595
3 3 13 595
434 434 1 595
434 434 5 595
571 571 8 595
571 554 9 595
571 571 11 595
571 554 12 595
571 571 13 595
571 571 14 595
571 554 18 595
434 434 4 596
703 685 1 596
3 5 9 597
3 3 11 597
359 351 16 597
685 666 20 597
663 664 1 598
663 653 2 598
663 663 13 598
663 664 14 598
663 666 19 598
664 653 1 599
664 663 12 599
664 664 13 599
664 666 18 599
653 663 11 600
653 664 12 600
653 666 17 600
653 664 20 600
286 290 13 601
629 629 9 601
629 628 13 601
601 602 3 602
601 601 13 602
601 601 14 602
571 554 1 603
571 571 3 603
571 554 4 603
571 571 5 603
571 571 6 603
571 554 10 603
480 479 14 604
480 473 15 604
480 474 16 604
554 571 2 604
554 554 3 604
554 571 4 604
554 571 5 604
554 554 9 604
602 601 10 605
602 601 11 605
5 3 2 606
571 554 1 606
571 571 2 606
571 571 3 606
571 554 7 606
554 571 1 607
554 571 2 607
554 554 6 607
571 571 1 608
571 554 5 608
404 405 3 609
404 404 7 609
404 405 8 609
571 554 4 609
454 454 1 610
454 473 9 610
629 628 4 610
454 473 8 611
663 664 1 611
663 666 6 611
663 664 9 611
405 404 4 612
405 405 5 612
664 666 5 612
664 664 8 612
115 105 1 615
115 102 2 615
601 601 1 615
105 102 1 616
404 405 1 616
666 664 3 617
479 473 1 618
479 474 2 618
760 764 1 618
760 746 3 618
760 760 4 618
760 762 5 618
760 759 6 618
760 762 7 618
760 764 8 618
760 750 9 618
760 763 10 618
760 762 11 618
760 761 12 618
760 748 13 618
760 763 14 618
760 765 15 618
760 749 17 618
760 767 18 618
760 765 19 618
760 765 20 618
473 474 1 619
764 746 2 619
764 760 3 619
764 762 4 619
764 759 5 619
764 762 6 619
764 764 7 619
764 750 8 619
764 763 9 619
764 762 10 619
764 761 11 619
764 748 12 619
764 763 13 619
764 765 14 619
764 749 16 619
764 767 17 619
764 765 18 619
764 765 19 619
764 750 20 619
746 760 1 621
746 762 2 621
746 759 3 621
746 762 4 621
746 764 5 621
746 750 6 621
746 763 7 621
746 762 8 621
746 761 9 621
746 748 10 621
746 763 11 621
746 765 12 621
746 749 14 621
746 765 16 621
746 765 17 621
746 750 18 621
760 762 1 622
760 759 2 622
760 762 3 622
760 764 4 622
760 750 5 622
760 763 6 622
760 762 7 622
760 761 8 622
760 748 9 622
760 763 10 622
760 765 11 622
760 749 13 622
760 767 14 622
760 765 15 622
760 765 16 622
760 750 17 622
760 767 18 622
760 749 20 622
762 759 1 623
762 762 2 623
762 764 3 623
762 750 4 623
762 763 5 623
762 762 6 623
762 761 7 623
762 748 8 623
762 763 9 623
762 765 10 623
762 749 12 623
762 767 13 623
762 765 14 623
762 765 15 623
762 750 16 623
762 767 17 623
762 749 19 623
762 762 20 623
759 762 1 624
759 764 2 624
759 750 3 624
759 763 4 624
759 762 5 624
759 761 6 624
759 748 7 624
759 763 8 624
759 765 9 624
759 749 11 624
759 767 12 624
759 765 13 624
759 765 14 624
759 750 15 624
759 767 16 624
759 749 18 624
759 762 19 624
759 765 20 624
762 764 1 625
762 750 2 625
762 763 3 625
762 762 4 625
762 761 5 625
762 748 6 625
762 763 7 625
762 765 8 625
762 749 10 625
762 767 11 625
762 765 12 625
762 765 13 625
762 750 14 625
762 767 15 625
762 749 17 625
762 762 18 625
762 765 19 625
762 763 20 625
764 750 1 626
764 763 2 626
764 762 3 626
764 761 4 626
764 748 5 626
764 763 6 626
764 765 7 626
764 749 9 626
764 767 10 626
764 765 11 626
764 765 12 626
764 750 13 626
764 767 14 626
764 749 16 626
764 762 17 626
764 765 18 626
764 763 19 626
764 749 20 626
750 763 1 627
750 762 2 627
750 761 3 627
750 748 4 627
750 763 5 627
750 765 6 627
750 749 8 627
750 767 9 627
750 765 10 627
750 765 11 627
750 750 12 627
750 767 13 627
750 749 15 627
750 762 16 627
750 765 17 627
750 763 18 627
750 749 19 627
750 763 20 627
763 762 1 628
763 761 2 628
763 748 3 628
763 763 4 628
763 765 5 628
763 749 7 628
763 767 8 628
763 765 9 628
763 765 10 628
763 750 11 628
763 767 12 628
763 749 14 628
763 762 15 628
763 765 16 628
763 763 17 628
763 749 18 628
763 763 19 628
763 764 20 628
762 761 1 629
762 748 2 629
762 763 3 629
762 765 4 629
762 749 6 629
762 767 7 629
762 765 8 629
762 765 9 629
762 750 10 629
762 767 11 629
762 749 13 629
762 762 14 629
762 765 15 629
762 763 16 629
762 749 17 629
762 763 18 629
762 764 19 629
761 748 1 630
761 763 2 630
761 765 3 630
761 749 5 630
761 767 6 630
761 765 7 630
761 765 8 630
761 750 9 630
761 767 10 630
761 749 12 630
761 762 13 630
761 765 14 630
761 763 15 630
761 749 16 630
761 763 17 630
761 764 18 630
761 762 20 630
748 763 1 631
748 765 2 631
748 749 4 631
748 767 5 631
748 765 6 631
748 765 7 631
748 750 8 631
748 767 9 631
748 749 11 631
748 762 12 631
748 765 13 631
748 763 14 631
748 749 15 631
748 763 16 631
748 764 17 631
748 733 18 631
748 762 19 631
748 765 20 631
763 765 1 632
763 749 3 632
763 767 4 632
763 765 5 632
763 765 6 632
763 750 7 632
763 767 8 632
763 749 10 632
763 762 11 632
763 765 12 632
763 763 13 632
763 749 14 632
763 763 15 632
763 764 16 632
763 762 18 632
763 765 19 632
763 763 20 632
765 749 2 633
765 767 3 633
765 765 4 633
765 765 5 633
765 750 6 633
765 767 7 633
765 749 9 633
765 762 10 633
765 765 11 633
765 763 12 633
765 749 13 633
765 763 14 633
765 764 15 633
765 762 17 633
765 765 18 633
765 763 19 633
749 767 1 635
749 765 2 635
749 765 3 635
749 750 4 635
749 767 5 635
749 749 7 635
749 762 8 635
749 765 9 635
749 763 10 635
749 749 11 635
749 763 12 635
749 764 13 635
749 733 14 635
749 762 15 635
749 765 16 635
749 763 17 635
749 764 19 635
749 765 20 635
767 765 1 636
767 765 2 636
767 750 3 636
767 767 4 636
767 749 6 636
767 762 7 636
767 765 8 636
767 763 9 636
767 749 10 636
767 763 11 636
767 764 12 636
767 762 14 636
767 765 15 636
767 763 16 636
767 764 18 636
767 765 19 636
765 765 1 637
765 750 2 637
765 767 3 637
765 749 5 637
765 762 6 637
765 765 7 637
765 763 8 637
765 749 9 637
765 763 10 637
765 764 11 637
765 762 13 637
765 765 14 637
765 763 15 637
765 764 17 637
765 765 18 637
765 746 19 637
765 763 20 637
765 750 1 638
765 767 2 638
765 749 4 638
765 762 5 638
765 765 6 638
765 763 7 638
765 749 8 638
765 763 9 638
765 764 10 638
765 762 12 638
765 765 13 638
765 763 14 638
765 764 16 638
765 765 17 638
765 746 18 638
765 763 19 638
765 766 20 638
750 767 1 639
750 749 3 639
750 762 4 639
750 765 5 639
750 763 6 639
750 749 7 639
750 763 8 639
750 764 9 639
750 733 10 639
750 762 11 639
750 765 12 639
750 763 13 639
750 764 15 639
750 765 16 639
750 746 17 639
750 763 18 639
750 766 19 639
750 764 20 639
767 749 2 640
767 762 3 640
767 765 4 640
767 763 5 640
767 749 6 640
767 763 7 640
767 764 8 640
767 762 10 640
767 765 11 640
767 763 12 640
767 764 14 640
767 765 15 640
767 763 17 640
767 766 18 640
767 764 19 640
767 762 20 640
749 762 1 642
749 765 2 642
749 763 3 642
749 749 4 642
749 763 5 642
749 764 6 642
749 733 7 642
749 762 8 642
749 765 9 642
749 763 10 642
749 764 12 642
749 765 13 642
749 746 14 642
749 763 15 642
749 766 16 642
749 764 17 642
749 762 18 642
749 763 19 642
749 765 20 642
762 765 1 643
762 763 2 643
762 749 3 643
762 763 4 643
762 764 5 643
762 762 7 643
762 765 8 643
762 763 9 643
762 764 11 643
762 765 12 643
762 746 13 643
762 763 14 643
762 766 15 643
762 764 16 643
762 762 17 643
762 763 18 643
762 765 19 643
765 763 1 644
765 749 2 644
765 763 3 644
765 764 4 644
765 762 6 644
765 765 7 644
765 763 8 644
765 764 10 644
765 765 11 644
765 746 12 644
765 763 13 644
765 766 14 644
765 764 15 644
765 762 16 644
765 763 17 644
765 765 18 644
765 746 20 644
366 366 7 645
366 366 14 645
763 749 1 645
763 763 2 645
763 764 3 645
763 762 5 645
763 765 6 645
763 763 7 645
763 764 9 645
763 765 10 645
763 746 11 645
763 763 12 645
763 766 13 645
763 764 14 645
763 762 15 645
763 763 16 645
763 765 17 645
763 746 19 645
763 767 20 645
749 763 1 646
749 764 2 646
749 733 3 646
749 762 4 646
749 765 5 646
749 763 6 646
749 764 8 646
749 765 9 646
749 746 10 646
749 763 11 646
749 766 12 646
749 764 13 646
749 762 14 646
749 763 15 646
749 765 16 646
749 746 18 646
749 767 19 646
749 762 20 646
763 764 1 647
763 762 3 647
763 765 4 647
763 763 5 647
763 764 7 647
763 765 8 647
763 746 9 647
763 763 10 647
763 766 11 647
763 764 12 647
763 762 13 647
763 763 14 647
763 765 15 647
763 746 17 647
763 767 18 647
763 762 19 647
763 763 20 647
764 762 2 648
764 765 3 648
764 763 4 648
764 764 6 648
764 765 7 648
764 746 8 648
764 763 9 648
764 766 10 648
764 764 11 648
764 762 12 648
764 763 13 648
764 765 14 648
764 746 16 648
764 767 17 648
764 762 18 648
764 763 19 648
764 763 20 648
733 746 7 649
733 746 15 649
762 765 1 650
762 763 2 650
762 764 4 650
762 765 5 650
762 746 6 650
762 763 7 650
762 766 8 650
762 764 9 650
762 762 10 650
762 763 11 650
762 765 12 650
762 746 14 650
762 767 15 650
762 762 16 650
762 763 17 650
762 763 18 650
762 765 19 650
765 763 1 651
765 764 3 651
765 765 4 651
765 746 5 651
765 763 6 651
765 766 7 651
765 764 8 651
765 762 9 651
765 763 10 651
765 765 11 651
765 746 13 651
765 767 14 651
765 762 15 651
765 763 16 651
765 763 17 651
765 765 18 651
765 749 20 651
366 366 7 652
763 764 2 652
763 765 3 652
763 746 4 652
763 763 5 652
763 766 6 652
763 764 7 652
763 762 8 652
763 763 9 652
763 765 10 652
763 746 12 652
763 767 13 652
763 762 14 652
763 763 15 652
763 763 16 652
763 765 17 652
763 749 19 652
763 763 20 652
764 765 1 654
764 746 2 654
764 763 3 654
764 766 4 654
764 764 5 654
764 762 6 654
764 763 7 654
764 765 8 654
764 746 10 654
764 767 11 654
764 762 12 654
764 763 13 654
764 763 14 654
764 765 15 654
764 749 17 654
764 763 18 654
764 765 19 654
764 763 20 654
765 746 1 655
765 763 2 655
765 766 3 655
765 764 4 655
765 762 5 655
765 763 6 655
765 765 7 655
765 746 9 655
765 767 10 655
765 762 11 655
765 763 12 655
765 763 13 655
765 765 14 655
765 749 16 655
765 763 17 655
765 765 18 655
765 763 19 655
765 748 20 655
746 763 1 656
746 764 3 656
746 762 4 656
746 763 5 656
746 765 6 656
746 746 8 656
746 762 10 656
746 763 11 656
746 763 12 656
746 765 13 656
746 749 15 656
746 763 16 656
746 765 17 656
746 763 18 656
746 748 19 656
763 766 1 657
763 764 2 657
763 762 3 657
763 763 4 657
763 765 5 657
763 746 7 657
763 767 8 657
763 762 9 657
763 763 10 657
763 763 11 657
763 765 12 657
763 749 14 657
763 763 15 657
763 765 16 657
763 763 17 657
763 748 18 657
763 766 19 657
766 764 1 658
766 762 2 658
766 763 3 658
766 765 4 658
766 746 6 658
766 767 7 658
766 762 8 658
766 763 9 658
766 763 10 658
766 765 11 658
766 749 13 658
766 763 14 658
766 765 15 658
766 763 16 658
766 748 17 658
766 766 18 658
766 749 20 658
764 762 1 659
764 763 2 659
764 765 3 659
764 746 5 659
764 767 6 659
764 762 7 659
764 763 8 659
764 763 9 659
764 765 10 659
764 749 12 659
764 763 13 659
764 765 14 659
764 763 15 659
764 748 16 659
764 766 17 659
764 749 19 659
764 765 20 659
762 763 1 660
762 765 2 660
762 746 4 660
762 767 5 660
762 762 6 660
762 763 7 660
762 763 8 660
762 765 9 660
762 749 11 660
762 763 12 660
762 765 13 660
762 763 14 660
762 748 15 660
762 766 16 660
762 749 18 660
762 765 19 660
762 765 20 660
763 765 1 661
763 746 3 661
763 767 4 661
763 762 5 661
763 763 6 661
763 763 7 661
763 765 8 661
763 749 10 661
763 763 11 661
763 765 12 661
763 763 13 661
763 748 14 661
763 766 15 661
763 749 17 661
763 765 18 661
763 765 19 661
763 763 20 661
765 746 2 662
765 767 3 662
765 762 4 662
765 763 5 662
765 763 6 662
765 765 7 662
765 749 9 662
765 763 10 662
765 765 11 662
765 763 12 662
765 748 13 662
765 766 14 662
765 749 16 662
765 765 17 662
765 765 18 662
765 763 19 662
746 762 2 664
746 763 3 664
746 763 4 664
746 765 5 664
746 749 7 664
746 763 8 664
746 765 9 664
746 763 10 664
746 748 11 664
746 749 14 664
746 765 15 664
746 765 16 664
746 763 17 664
746 763 19 664
746 764 20 664
767 762 1 665
767 763 2 665
767 763 3 665
767 765 4 665
767 749 6 665
767 763 7 665
767 765 8 665
767 763 9 665
767 748 10 665
767 766 11 665
767 749 13 665
767 765 14 665
767 765 15 665
767 763 16 665
767 763 18 665
767 764 19 665
767 749 20 665
762 763 1 666
762 763 2 666
762 765 3 666
762 749 5 666
762 763 6 666
762 765 7 666
762 763 8 666
762 748 9 666
762 766 10 666
762 749 12 666
762 765 13 666
762 765 14 666
762 763 15 666
762 763 17 666
762 764 18 666
762 749 19 666
762 748 20 666
763 763 1 667
763 765 2 667
763 749 4 667
763 763 5 667
763 765 6 667
763 763 7 667
763 748 8 667
763 766 9 667
763 749 11 667
763 765 12 667
763 765 13 667
763 763 14 667
763 763 16 667
763 764 17 667
763 749 18 667
763 748 19 667
763 767 20 667
763 765 1 668
763 749 3 668
763 763 4 668
763 765 5 668
763 763 6 668
763 748 7 668
763 766 8 668
763 749 10 668
763 765 11 668
763 765 12 668
763 763 13 668
763 763 15 668
763 764 16 668
763 749 17 668
763 748 18 668
763 767 19 668
763 764 20 668
765 749 2 669
765 763 3 669
765 765 4 669
765 763 5 669
765 748 6 669
765 766 7 669
765 749 9 669
765 765 10 669
765 765 11 669
765 763 12 669
765 763 14 669
765 764 15 669
765 749 16 669
765 748 17 669
765 767 18 669
765 764 19 669
765 763 20 669
749 763 1 671
749 765 2 671
749 763 3 671
749 748 4 671
749 766 5 671
749 749 7 671
749 765 8 671
749 765 9 671
749 763 10 671
749 763 12 671
749 764 13 671
749 749 14 671
749 748 15 671
749 767 16 671
749 764 17 671
749 763 18 671
749 763 19 671
749 765 20 671
763 765 1 672
763 763 2 672
763 748 3 672
763 766 4 672
763 749 6 672
763 765 7 672
763 765 8 672
763 763 9 672
763 763 11 672
763 764 12 672
763 749 13 672
763 748 14 672
763 767 15 672
763 764 16 672
763 763 17 672
763 763 18 672
763 765 19 672
765 763 1 673
765 748 2 673
765 766 3 673
765 749 5 673
765 765 6 673
765 765 7 673
765 763 8 673
765 763 10 673
765 764 11 673
765 749 12 673
765 748 13 673
765 767 14 673
765 764 15 673
765 763 16 673
765 763 17 673
765 765 18 673
765 764 20 673
763 748 1 674
763 766 2 674
763 749 4 674
763 765 5 674
763 765 6 674
763 763 7 674
763 763 9 674
763 764 10 674
763 749 11 674
763 748 12 674
763 767 13 674
763 764 14 674
763 763 15 674
763 763 16 674
763 765 17 674
763 764 19 674
763 767 20 674
748 766 1 675
748 749 3 675
748 765 4 675
748 765 5 675
748 763 6 675
748 763 8 675
748 764 9 675
748 749 10 675
748 748 11 675
748 767 12 675
748 764 13 675
748 763 14 675
748 763 15 675
748 765 16 675
748 764 18 675
748 767 19 675
748 764 20 675
766 749 2 676
766 765 3 676
766 765 4 676
766 763 5 676
766 763 7 676
766 764 8 676
766 749 9 676
766 748 10 676
766 767 11 676
766 764 12 676
766 763 13 676
766 763 14 676
766 765 15 676
766 764 17 676
766 767 18 676
766 764 19 676
749 765 1 678
749 765 2 678
749 763 3 678
749 763 5 678
749 764 6 678
749 749 7 678
749 748 8 678
749 767 9 678
749 764 10 678
749 763 11 678
749 763 12 678
749 765 13 678
749 764 15 678
749 767 16 678
749 764 17 678
765 765 1 679
765 763 2 679
765 763 4 679
765 764 5 679
765 749 6 679
765 748 7 679
765 767 8 679
765 764 9 679
765 763 10 679
765 763 11 679
765 765 12 679
765 764 14 679
765 767 15 679
765 764 16 679
765 763 1 680
765 763 3 680
765 764 4 680
765 749 5 680
765 748 6 680
765 767 7 680
765 764 8 680
765 763 9 680
765 763 10 680
765 765 11 680
765 764 13 680
765 767 14 680
765 764 15 680
366 366 7 681
763 763 2 681
763 764 3 681
763 749 4 681
763 748 5 681
763 767 6 681
763 764 7 681
763 763 8 681
763 763 9 681
763 765 10 681
763 764 12 681
763 767 13 681
763 764 14 681
763 764 1 683
763 749 2 683
763 748 3 683
763 767 4 683
763 764 5 683
763 763 6 683
763 763 7 683
763 765 8 683
763 764 10 683
763 767 11 683
763 764 12 683
764 749 1 684
764 748 2 684
764 767 3 684
764 764 4 684
764 763 5 684
764 763 6 684
764 765 7 684
764 764 9 684
764 767 10 684
764 764 11 684
749 748 1 685
749 767 2 685
749 764 3 685
749 763 4 685
749 763 5 685
749 765 6 685
749 764 8 685
749 767 9 685
749 764 10 685
748 767 1 686
748 764 2 686
748 763 3 686
748 763 4 686
748 765 5 686
748 764 7 686
748 767 8 686
748 764 9 686
767 764 1 687
767 763 2 687
767 763 3 687
767 765 4 687
767 764 6 687
767 767 7 687
767 764 8 687
764 763 1 688
764 763 2 688
764 765 3 688
764 764 5 688
764 767 6 688
764 764 7 688
763 763 1 689
763 765 2 689
763 764 4 689
763 767 5 689
763 764 6 689
763 765 1 690
763 764 3 690
763 767 4 690
763 764 5 690
765 764 2 691
765 767 3 691
765 764 4 691
764 767 1 693
764 764 2 693
767 764 1 694
