65 55 7 3
65 48 10 3
380 379 5 3
764 765 1 3
764 765 2 3
764 764 3 3
765 765 1 4
765 764 2 4
765 764 1 5
733 719 1 8
733 718 2 8
733 719 9 8
733 735 10 8
733 735 14 8
733 718 16 8
145 145 3 9
145 145 4 9
145 145 6 9
145 145 8 9
145 145 9 9
145 145 10 9
145 138 11 9
145 139 12 9
145 146 16 9
145 144 17 9
145 145 18 9
498 499 4 9
498 499 5 9
498 499 7 9
498 497 12 9
498 499 13 9
498 499 18 9
719 718 1 9
719 704 2 9
719 704 3 9
719 704 4 9
719 704 6 9
719 703 7 9
719 719 8 9
719 735 9 9
719 735 13 9
719 718 15 9
719 703 16 9
719 703 17 9
719 704 18 9
719 703 20 9
55 48 3 10
455 454 14 10
718 704 1 10
718 704 2 10
718 704 3 10
718 704 5 10
718 703 6 10
718 719 7 10
718 735 8 10
718 735 12 10
718 718 14 10
718 703 15 10
718 703 16 10
718 704 17 10
718 703 19 10
718 719 20 10
704 704 1 11
704 704 2 11
704 704 4 11
704 703 5 11
704 719 6 11
704 718 13 11
704 703 14 11
704 703 15 11
704 704 16 11
704 703 18 11
704 719 19 11
704 719 20 11
145 145 1 12
145 145 3 12
145 145 5 12
145 145 6 12
145 145 7 12
145 138 8 12
145 139 9 12
145 146 13 12
145 144 14 12
145 145 15 12
145 145 19 12
145 145 20 12
322 323 3 12
322 323 5 12
322 322 6 12
322 322 7 12
322 322 8 12
322 320 11 12
322 321 13 12
322 322 14 12
322 322 16 12
322 320 18 12
322 322 19 12
322 322 20 12
704 704 1 12
704 704 3 12
704 703 4 12
704 719 5 12
704 718 12 12
704 703 13 12
704 703 14 12
704 704 15 12
704 703 17 12
704 719 18 12
704 719 19 12
145 145 2 13
145 145 4 13
145 145 5 13
145 145 6 13
145 138 7 13
145 139 8 13
145 146 12 13
145 144 13 13
145 145 14 13
145 145 18 13
145 145 19 13
145 144 20 13
499 499 1 13
499 499 3 13
499 497 8 13
499 499 9 13
499 499 14 13
704 704 2 13
704 703 3 13
704 719 4 13
704 718 11 13
704 703 12 13
704 703 13 13
704 704 14 13
704 703 16 13
704 719 17 13
704 719 18 13
499 499 2 14
499 497 7 14
499 499 8 14
499 499 13 14
676 676 5 14
676 675 6 14
676 675 7 14
676 676 14 14
676 676 19 14
145 145 2 15
145 145 3 15
145 145 4 15
145 138 5 15
145 139 6 15
145 146 10 15
145 144 11 15
145 145 12 15
145 145 16 15
145 145 17 15
145 144 18 15
145 145 19 15
323 323 2 15
323 322 3 15
323 322 4 15
323 322 5 15
323 320 8 15
323 321 10 15
323 322 11 15
323 322 13 15
323 320 15 15
323 322 16 15
323 322 17 15
323 322 18 15
323 322 19 15
704 703 1 15
704 719 2 15
704 718 9 15
704 703 10 15
704 703 11 15
704 704 12 15
704 703 14 15
704 719 15 15
704 719 16 15
499 497 5 16
499 499 6 16
499 499 11 16
499 499 19 16
703 719 1 16
703 718 8 16
703 703 9 16
703 703 10 16
703 704 11 16
703 703 13 16
703 719 14 16
703 719 15 16
145 145 1 17
145 145 2 17
145 138 3 17
145 139 4 17
145 146 8 17
145 144 9 17
145 145 10 17
145 145 14 17
145 145 15 17
145 144 16 17
145 145 17 17
323 322 1 17
323 322 2 17
323 322 3 17
323 320 6 17
323 321 8 17
323 322 9 17
323 322 11 17
323 320 13 17
323 322 14 17
323 322 15 17
323 322 16 17
323 322 17 17
719 735 1 17
719 735 5 17
719 718 7 17
719 703 8 17
719 703 9 17
719 704 10 17
719 703 12 17
719 719 13 17
719 719 14 17
719 735 15 17
719 709 20 17
145 145 1 18
145 138 2 18
145 139 3 18
145 146 7 18
145 144 8 18
145 145 9 18
145 145 13 18
145 145 14 18
145 144 15 18
145 145 16 18
322 322 1 18
322 322 2 18
322 320 5 18
322 321 7 18
322 322 8 18
322 322 10 18
322 320 12 18
322 322 13 18
322 322 14 18
322 322 15 18
322 322 16 18
735 735 4 18
735 718 6 18
735 719 12 18
735 719 13 18
735 735 14 18
735 750 18 18
145 138 1 19
145 139 2 19
145 146 6 19
145 144 7 19
145 145 8 19
145 145 12 19
145 145 13 19
145 144 14 19
145 145 15 19
322 322 1 19
322 320 4 19
322 321 6 19
322 322 7 19
322 322 9 19
322 320 11 19
322 322 12 19
322 322 13 19
322 322 14 19
322 322 15 19
676 675 1 19
676 675 2 19
676 676 9 19
676 676 14 19
138 139 1 20
138 146 5 20
138 144 6 20
138 145 7 20
138 145 11 20
138 145 12 20
138 144 13 20
138 145 14 20
322 320 3 20
322 321 5 20
322 322 6 20
322 322 8 20
322 320 10 20
322 322 11 20
322 322 12 20
322 322 13 20
322 322 14 20
675 675 1 20
675 676 8 20
675 676 13 20
139 146 4 21
139 144 5 21
139 145 6 21
139 145 10 21
139 145 11 21
139 144 12 21
139 145 13 21
497 499 1 21
497 499 6 21
497 499 14 21
675 676 7 21
675 676 12 21
499 499 5 22
499 499 13 22
735 718 2 22
735 719 8 22
735 719 9 22
735 735 10 22
735 750 14 22
320 321 2 23
320 322 3 23
320 322 5 23
320 320 7 23
320 322 8 23
320 322 9 23
320 322 10 23
320 322 11 23
616 616 11 23
616 616 12 23
718 703 1 24
718 703 2 24
718 704 3 24
718 703 5 24
718 719 6 24
718 719 7 24
718 735 8 24
718 709 13 24
718 705 19 24
146 144 1 25
146 145 2 25
146 145 6 25
146 145 7 25
146 144 8 25
146 145 9 25
146 145 20 25
321 322 1 25
321 322 3 25
321 320 5 25
321 322 6 25
321 322 7 25
321 322 8 25
321 322 9 25
321 321 19 25
321 322 20 25
703 703 1 25
703 704 2 25
703 703 4 25
703 719 5 25
703 719 6 25
703 709 12 25
703 705 18 25
703 719 20 25
144 145 1 26
144 145 5 26
144 145 6 26
144 144 7 26
144 145 8 26
144 145 19 26
322 322 2 26
322 320 4 26
322 322 5 26
322 322 6 26
322 322 7 26
322 322 8 26
322 321 18 26
322 322 19 26
703 704 1 26
703 703 3 26
703 719 4 26
703 719 5 26
703 709 11 26
703 705 17 26
703 719 19 26
145 145 4 27
145 145 5 27
145 144 6 27
145 145 7 27
145 145 18 27
499 499 8 27
499 495 19 27
704 703 2 27
704 719 3 27
704 719 4 27
704 709 10 27
704 705 16 27
704 719 18 27
322 320 2 28
322 322 3 28
322 322 4 28
322 322 5 28
322 322 6 28
322 321 16 28
322 322 17 28
322 322 19 28
322 322 20 28
676 676 5 28
703 719 1 29
703 719 2 29
703 709 8 29
703 705 14 29
703 719 16 29
320 322 1 30
320 322 2 30
320 322 3 30
320 322 4 30
320 321 14 30
320 322 15 30
320 322 17 30
320 322 18 30
320 322 20 30
719 719 1 30
719 735 2 30
719 709 7 30
719 705 13 30
719 719 15 30
145 145 1 31
145 144 2 31
145 145 3 31
145 145 14 31
145 146 20 31
322 322 1 31
322 322 2 31
322 322 3 31
322 321 13 31
322 322 14 31
322 322 16 31
322 322 17 31
322 322 19 31
322 322 20 31
719 735 1 31
719 709 6 31
719 705 12 31
719 719 14 31
145 144 1 32
145 145 2 32
145 145 13 32
145 146 19 32
322 322 1 32
322 322 2 32
322 321 12 32
322 322 13 32
322 322 15 32
322 322 16 32
322 322 18 32
322 322 19 32
322 322 20 32
735 750 4 32
735 719 13 32
735 748 16 32
144 145 1 33
144 145 12 33
144 146 18 33
322 322 1 33
322 321 11 33
322 322 12 33
322 322 14 33
322 322 15 33
322 322 17 33
322 322 18 33
322 322 19 33
676 676 16 33
676 671 17 33
145 145 11 34
145 146 17 34
145 145 20 34
322 321 10 34
322 322 11 34
322 322 13 34
322 322 14 34
322 322 16 34
322 322 17 34
322 322 18 34
322 322 20 34
616 616 1 34
616 610 12 34
616 612 13 34
616 620 18 34
499 495 11 35
499 499 18 35
616 610 11 35
616 612 12 35
616 620 17 35
750 748 12 36
709 705 6 37
709 719 8 37
709 704 16 37
709 703 17 37
709 703 19 37
586 587 6 38
586 586 13 38
586 586 19 38
586 586 20 38
108 113 1 39
108 112 2 39
108 112 3 39
405 408 3 39
552 555 1 39
552 554 2 39
552 554 3 39
552 554 16 39
113 112 1 40
113 112 2 40
261 261 1 40
555 554 1 40
555 554 2 40
555 554 15 40
112 112 1 41
554 554 1 41
554 554 14 41
554 554 13 42
705 719 2 43
705 704 10 43
705 703 11 43
705 703 13 43
58 59 7 44
189 187 14 44
321 322 1 44
321 322 3 44
321 322 4 44
321 322 6 44
321 322 7 44
321 322 8 44
321 322 10 44
321 322 11 44
321 321 13 44
321 322 14 44
321 322 15 44
321 322 17 44
321 323 20 44
587 586 7 44
587 586 13 44
587 586 14 44
145 146 6 45
145 145 9 45
145 145 12 45
145 139 20 45
322 322 2 45
322 322 3 45
322 322 5 45
322 322 6 45
322 322 7 45
322 322 9 45
322 322 10 45
322 321 12 45
322 322 13 45
322 322 14 45
322 322 16 45
322 323 19 45
322 321 20 45
719 704 8 45
719 703 9 45
719 703 11 45
719 734 16 45
719 735 17 45
719 735 19 45
495 499 7 46
495 500 14 46
495 499 20 46
610 612 1 46
610 620 6 46
610 614 13 46
610 611 14 46
322 322 1 47
322 322 3 47
322 322 4 47
322 322 5 47
322 322 7 47
322 322 8 47
322 321 10 47
322 322 11 47
322 322 12 47
322 322 14 47
322 323 17 47
322 321 18 47
612 620 5 47
612 614 12 47
612 611 13 47
322 322 2 48
322 322 3 48
322 322 4 48
322 322 6 48
322 322 7 48
322 321 9 48
322 322 10 48
322 322 11 48
322 322 13 48
322 323 16 48
322 321 17 48
322 322 20 48
748 734 13 48
748 735 14 48
748 735 16 48
676 671 1 49
322 322 1 50
322 322 2 50
322 322 4 50
322 322 5 50
322 321 7 50
322 322 8 50
322 322 9 50
322 322 11 50
322 323 14 50
322 321 15 50
322 322 18 50
146 145 3 51
146 145 6 51
146 139 14 51
322 322 1 51
322 322 3 51
322 322 4 51
322 321 6 51
322 322 7 51
322 322 8 51
322 322 10 51
322 323 13 51
322 321 14 51
322 322 17 51
586 586 6 51
586 586 7 51
322 322 2 52
322 322 3 52
322 321 5 52
322 322 6 52
322 322 7 52
322 322 9 52
322 323 12 52
322 321 13 52
322 322 16 52
322 321 20 52
620 614 7 52
620 611 8 52
499 500 7 53
499 499 13 53
499 499 14 53
499 498 20 53
704 703 1 53
704 703 3 53
704 702 13 53
704 702 18 53
145 145 3 54
145 139 11 54
145 143 18 54
322 322 1 54
322 321 3 54
322 322 4 54
322 322 5 54
322 322 7 54
322 323 10 54
322 321 11 54
322 322 14 54
322 321 18 54
703 703 2 54
703 702 12 54
703 702 17 54
322 321 2 55
322 322 3 55
322 322 4 55
322 322 6 55
322 323 9 55
322 321 10 55
322 322 13 55
322 321 17 55
322 322 20 55
554 545 10 55
554 554 12 55
554 554 13 55
554 554 14 55
554 553 15 55
554 563 17 55
703 702 10 56
703 702 15 56
703 719 20 56
145 139 8 57
145 143 15 57
321 322 1 57
321 322 2 57
321 322 4 57
321 323 7 57
321 321 8 57
321 322 11 57
321 321 15 57
321 322 18 57
586 586 1 57
322 322 1 58
322 322 3 58
322 323 6 58
322 321 7 58
322 322 10 58
322 321 14 58
322 322 17 58
322 322 2 59
322 323 5 59
322 321 6 59
322 322 9 59
322 321 13 59
322 322 16 59
322 322 20 59
614 611 1 59
614 615 14 59
614 613 15 59
614 615 16 59
614 616 19 59
500 499 6 60
500 499 7 60
500 498 13 60
500 499 18 60
611 615 13 60
611 613 14 60
611 615 15 60
611 616 18 60
322 323 3 61
322 321 4 61
322 322 7 61
322 321 11 61
322 322 14 61
322 322 18 61
734 735 1 61
734 735 3 61
734 719 15 61
734 716 18 61
735 735 2 62
735 719 14 62
735 716 17 62
323 321 1 64
323 322 4 64
323 321 8 64
323 322 11 64
323 322 15 64
323 322 18 64
735 719 12 64
735 716 15 64
92 106 3 65
92 107 4 65
139 143 7 65
139 145 17 65
321 322 3 65
321 321 7 65
321 322 10 65
321 322 14 65
321 322 17 65
545 554 2 65
545 554 3 65
545 554 4 65
545 553 5 65
545 563 7 65
499 499 1 66
499 498 7 66
499 499 12 66
499 499 15 66
499 499 19 66
499 499 20 66
702 702 5 66
702 719 10 66
702 716 13 66
702 703 19 66
499 498 6 67
499 499 11 67
499 499 14 67
499 499 18 67
499 499 19 67
554 554 1 67
554 554 2 67
554 553 3 67
554 563 5 67
106 107 1 68
322 321 4 68
322 322 7 68
322 322 11 68
322 322 14 68
322 322 19 68
322 322 20 68
554 554 1 68
554 553 2 68
554 563 4 68
405 406 1 69
554 553 1 69
554 563 3 69
553 563 2 70
702 719 5 71
702 716 8 71
702 703 14 71
702 719 16 71
143 145 10 72
143 145 15 72
143 144 16 72
143 144 17 72
321 322 3 72
321 322 7 72
321 322 10 72
321 322 15 72
321 322 16 72
321 322 17 72
498 499 5 73
498 499 8 73
498 499 12 73
498 499 13 73
498 499 17 73
498 499 18 73
498 497 20 73
615 613 1 73
615 615 2 73
615 616 5 73
615 615 8 73
615 617 18 73
615 613 19 73
615 614 20 73
613 615 1 74
613 616 4 74
613 615 7 74
613 617 17 74
613 613 18 74
613 614 19 74
322 322 4 75
322 322 7 75
322 322 12 75
322 322 13 75
322 322 14 75
322 321 19 75
615 616 3 75
615 615 6 75
615 617 16 75
615 613 17 75
615 614 18 75
615 616 20 75
719 716 3 76
719 703 9 76
719 719 11 76
719 734 14 76
719 701 18 76
499 499 3 78
499 499 7 78
499 499 8 78
499 499 12 78
499 499 13 78
499 497 15 78
616 615 3 78
616 617 13 78
616 613 14 78
616 614 15 78
616 616 17 78
322 322 3 79
322 322 8 79
322 322 9 79
322 322 10 79
322 321 15 79
322 322 18 79
322 322 19 79
716 703 6 79
716 719 8 79
716 734 11 79
716 701 15 79
716 698 20 79
499 499 4 81
499 499 5 81
499 499 9 81
499 499 10 81
499 497 12 81
499 499 19 81
615 617 10 81
615 613 11 81
615 614 12 81
615 616 14 81
145 145 5 82
145 144 6 82
145 144 7 82
322 322 5 82
322 322 6 82
322 322 7 82
322 321 12 82
322 322 15 82
322 322 16 82
642 642 19 82
672 675 1 83
672 675 3 83
672 675 5 83
672 675 6 83
675 675 2 84
675 675 4 84
675 675 5 84
675 676 20 84
499 499 1 85
499 499 5 85
499 499 6 85
499 497 8 85
499 499 15 85
703 719 2 85
703 701 9 85
703 698 14 85
703 719 15 85
499 499 4 86
499 499 5 86
499 497 7 86
499 499 14 86
675 675 2 86
675 675 3 86
675 676 18 86
675 674 20 86
145 144 1 87
145 144 2 87
145 145 17 87
322 322 1 87
322 322 2 87
322 321 7 87
322 322 10 87
322 322 11 87
322 322 17 87
322 322 18 87
719 734 3 87
719 701 7 87
719 719 13 87
719 730 15 87
719 731 16 87
719 720 20 87
144 144 1 88
144 145 16 88
322 322 1 88
322 321 6 88
322 322 9 88
322 322 10 88
322 322 16 88
322 322 17 88
675 675 1 88
675 676 16 88
675 674 18 88
144 145 15 89
322 321 5 89
322 322 8 89
322 322 9 89
322 322 15 89
322 322 16 89
675 676 15 89
675 674 17 89
499 499 1 90
499 497 3 90
499 499 10 90
499 498 19 90
734 719 10 90
734 730 12 90
734 731 13 90
734 720 17 90
499 497 2 91
499 499 9 91
499 498 18 91
617 613 1 91
617 614 2 91
617 616 4 91
381 380 4 92
381 380 11 92
381 380 15 92
613 614 1 92
613 616 3 92
497 499 7 93
497 498 16 93
614 616 2 93
321 322 3 94
321 322 4 94
321 322 10 94
321 322 11 94
321 322 16 94
701 698 5 94
701 719 6 94
701 720 13 94
701 720 18 94
106 108 1 96
106 107 2 96
106 113 16 96
106 108 17 96
380 380 7 96
380 380 11 96
554 554 1 96
554 554 2 96
554 554 13 96
554 553 14 96
554 552 15 96
554 553 17 96
108 107 1 97
108 113 15 97
108 108 16 97
322 322 1 97
322 322 7 97
322 322 8 97
322 322 13 97
322 322 20 97
554 554 1 97
554 554 12 97
554 553 13 97
554 552 14 97
554 553 16 97
107 113 14 98
107 108 15 98
322 322 6 98
322 322 7 98
322 322 12 98
322 322 19 98
554 554 11 98
554 553 12 98
554 552 13 98
554 553 15 98
499 498 9 100
719 730 2 100
719 731 3 100
719 720 7 100
719 720 12 100
719 730 15 100
719 730 16 100
719 735 17 100
730 731 1 102
730 720 5 102
730 720 10 102
730 730 13 102
730 730 14 102
730 735 15 102
380 380 4 103
380 379 15 103
731 720 4 103
731 720 9 103
731 730 12 103
731 730 13 103
731 735 14 103
145 143 7 104
145 143 17 104
322 322 1 104
322 322 6 104
322 322 13 104
322 322 20 104
676 674 2 104
676 675 17 104
676 695 19 104
322 322 5 105
322 322 12 105
322 322 19 105
674 675 15 106
380 379 11 107
720 720 5 107
720 730 8 107
720 730 9 107
720 735 10 107
720 704 15 107
720 736 19 107
403 407 4 108
403 406 5 108
403 405 17 108
575 585 6 108
575 581 19 108
498 499 12 109
498 500 19 109
554 553 1 109
554 552 2 109
554 553 4 109
554 554 15 109
554 554 16 109
322 322 7 110
322 322 14 110
322 315 17 110
322 322 20 110
553 552 1 110
553 553 3 110
553 554 14 110
553 554 15 110
143 143 10 111
453 453 18 111
552 553 2 111
552 554 13 111
552 554 14 111
113 108 1 112
407 406 1 112
407 405 13 112
720 730 3 112
720 730 4 112
720 735 5 112
720 704 10 112
720 736 14 112
720 701 20 112
406 405 12 113
553 554 11 113
553 554 12 113
585 581 13 114
730 730 1 115
730 735 2 115
730 736 11 115
730 714 18 115
730 735 1 116
730 736 10 116
730 714 17 116
322 322 7 117
322 315 10 117
322 322 13 117
322 322 14 117
322 321 19 117
322 321 20 117
735 736 9 117
616 614 2 118
616 615 10 118
616 622 16 118
616 615 19 118
614 615 8 120
614 622 14 120
614 615 17 120
614 615 20 120
14 15 7 121
143 145 17 121
499 500 7 121
499 507 13 121
499 499 19 121
675 693 8 121
675 691 9 121
675 693 10 121
675 677 17 121
675 671 18 121
704 695 1 122
704 693 7 122
704 691 8 122
704 693 9 122
704 701 10 122
704 714 11 122
704 703 19 122
704 719 20 122
695 693 6 123
695 691 7 123
695 693 8 123
695 701 9 123
695 714 10 123
695 677 15 123
695 703 18 123
322 315 3 124
322 322 6 124
322 322 7 124
322 321 12 124
322 321 13 124
322 321 14 124
322 322 19 124
322 322 20 124
554 554 1 124
554 555 20 124
554 555 19 125
736 719 16 126
736 718 17 126
315 322 3 127
315 322 4 127
315 321 9 127
315 321 10 127
315 321 11 127
315 322 16 127
315 322 17 127
315 322 18 127
581 587 8 127
581 587 9 127
500 507 6 128
500 499 12 128
500 498 18 128
615 622 6 128
615 615 9 128
615 615 12 128
615 616 18 128
615 605 20 128
453 455 6 129
693 691 1 129
693 693 2 129
693 701 3 129
693 677 9 129
693 703 12 129
693 675 16 129
322 322 1 130
322 321 6 130
322 321 7 130
322 321 8 130
322 322 13 130
322 322 14 130
322 322 15 130
691 693 1 130
691 701 2 130
691 677 8 130
691 671 9 130
691 703 11 130
691 675 15 130
322 321 5 131
322 321 6 131
322 321 7 131
322 322 12 131
322 322 13 131
322 322 14 131
322 323 20 131
693 701 1 131
693 677 7 131
693 703 10 131
693 675 14 131
701 714 1 132
701 703 9 132
701 719 10 132
701 718 11 132
714 703 8 133
714 719 9 133
714 718 10 133
507 499 6 134
507 498 12 134
507 495 15 134
507 499 19 134
622 615 3 134
622 615 6 134
622 616 12 134
622 605 14 134
587 587 1 135
587 605 13 135
321 321 1 136
321 321 2 136
321 322 7 136
321 322 8 136
321 322 9 136
321 323 15 136
321 322 20 136
587 605 12 136
321 321 1 137
321 322 6 137
321 322 7 137
321 322 8 137
321 323 14 137
321 322 19 137
615 615 3 137
615 616 9 137
615 605 11 137
615 613 19 137
615 617 20 137
145 145 5 138
145 145 6 138
145 142 12 138
145 136 13 138
145 133 14 138
321 322 5 138
321 322 6 138
321 322 7 138
321 323 13 138
321 322 18 138
677 671 1 138
677 675 7 138
380 381 2 139
380 379 19 139
671 675 6 139
499 498 6 140
499 495 9 140
499 499 13 140
499 498 15 140
615 616 6 140
615 605 8 140
615 613 16 140
615 617 17 140
615 613 19 140
381 379 17 141
703 719 1 141
703 718 2 141
719 718 1 142
719 734 5 142
145 145 1 143
145 142 7 143
145 136 8 143
145 133 9 143
322 322 1 143
322 322 2 143
322 323 8 143
322 322 13 143
718 734 4 143
145 142 6 144
145 136 7 144
145 133 8 144
322 322 1 144
322 323 7 144
322 322 12 144
555 554 5 144
555 537 6 144
555 537 7 144
555 537 8 144
555 537 9 144
555 555 10 144
555 555 11 144
555 555 16 144
555 550 17 144
555 548 18 144
555 554 19 144
555 537 20 144
322 323 6 145
322 322 11 145
498 495 3 146
498 499 7 146
498 498 9 146
498 493 17 146
616 605 2 146
616 613 10 146
616 617 11 146
616 613 13 146
605 613 8 148
605 617 9 148
605 613 11 148
605 585 19 148
92 111 15 149
92 81 16 149
92 106 17 149
495 499 4 149
495 498 6 149
495 493 14 149
554 537 1 149
554 537 2 149
554 537 3 149
554 537 4 149
554 555 5 149
554 555 6 149
554 555 11 149
554 550 12 149
554 548 13 149
554 554 14 149
554 537 15 149
554 554 16 149
554 554 17 149
554 551 19 149
554 552 20 149
57 57 14 150
63 57 14 150
63 81 15 150
142 136 1 150
142 133 2 150
142 142 16 150
258 256 2 150
258 255 12 150
258 257 14 150
258 256 15 150
258 255 16 150
258 260 19 150
258 259 20 150
537 537 1 150
537 537 2 150
537 537 3 150
537 555 4 150
537 555 5 150
537 555 10 150
537 550 11 150
537 548 12 150
537 554 13 150
537 537 14 150
537 554 15 150
537 554 16 150
537 551 18 150
537 552 19 150
537 535 20 150
136 133 1 151
136 142 15 151
323 322 5 151
323 318 20 151
537 537 1 151
537 537 2 151
537 555 3 151
537 555 4 151
537 555 9 151
537 550 10 151
537 548 11 151
537 554 12 151
537 537 13 151
537 554 14 151
537 554 15 151
537 551 17 151
537 552 18 151
537 535 19 151
537 518 20 151
133 142 14 152
256 236 10 152
256 255 10 152
256 257 12 152
256 256 13 152
256 255 14 152
256 260 17 152
256 259 18 152
537 537 1 152
537 555 2 152
537 555 3 152
537 555 8 152
537 550 9 152
537 548 10 152
537 554 11 152
537 537 12 152
537 554 13 152
537 554 14 152
537 551 16 152
537 552 17 152
537 535 18 152
537 518 19 152
499 498 2 153
499 493 10 153
499 518 18 153
537 555 1 153
537 555 2 153
537 555 7 153
537 550 8 153
537 548 9 153
537 554 10 153
537 537 11 153
537 554 12 153
537 554 13 153
537 551 15 153
537 552 16 153
537 535 17 153
537 518 18 153
555 555 1 154
555 555 6 154
555 550 7 154
555 548 8 154
555 554 9 154
555 537 10 154
555 554 11 154
555 554 12 154
555 551 14 154
555 552 15 154
555 535 16 154
498 493 8 155
555 555 5 155
555 550 6 155
555 548 7 155
555 554 8 155
555 537 9 155
555 554 10 155
555 554 11 155
555 551 13 155
555 552 14 155
555 535 15 155
322 318 15 156
322 317 16 156
613 617 1 156
613 613 3 156
613 629 17 156
613 615 20 156
617 613 2 157
617 629 16 157
617 615 19 157
379 379 9 158
379 381 10 158
379 380 18 158
583 585 9 158
583 584 14 158
583 585 16 158
613 629 14 159
613 615 17 159
454 455 1 160
555 550 1 160
555 548 2 160
555 554 3 160
555 537 4 160
555 554 5 160
555 554 6 160
555 551 8 160
555 552 9 160
555 535 10 160
555 537 18 160
555 537 19 160
555 537 20 160
550 548 1 161
550 554 2 161
550 537 3 161
550 554 4 161
550 554 5 161
550 551 7 161
550 552 8 161
550 535 9 161
550 537 17 161
550 537 18 161
550 537 19 161
236 235 3 162
236 255 4 162
236 255 15 162
255 257 2 162
255 235 3 162
255 256 3 162
255 255 4 162
255 260 7 162
255 259 8 162
255 255 15 162
255 256 16 162
255 258 18 162
548 554 1 162
548 537 2 162
548 554 3 162
548 554 4 162
548 551 6 162
548 552 7 162
548 535 8 162
548 537 16 162
548 537 17 162
548 537 18 162
548 557 20 162
493 498 16 163
554 537 1 163
554 554 2 163
554 554 3 163
554 551 5 163
554 552 6 163
554 535 7 163
554 537 15 163
554 537 16 163
554 537 17 163
554 557 19 163
554 554 20 163
57 73 14 164
111 106 2 164
257 256 1 164
257 255 2 164
257 260 5 164
257 259 6 164
257 255 13 164
257 256 14 164
257 258 16 164
537 554 1 164
537 554 2 164
537 551 4 164
537 552 5 164
537 535 6 164
537 518 7 164
537 537 14 164
537 537 15 164
537 537 16 164
537 554 19 164
81 73 13 165
256 255 1 165
256 260 4 165
256 259 5 165
256 255 12 165
256 256 13 165
256 258 15 165
554 554 1 165
554 551 3 165
554 552 4 165
554 535 5 165
554 537 13 165
554 537 14 165
554 537 15 165
554 557 17 165
554 554 18 165
142 134 11 166
142 144 19 166
255 260 3 166
255 259 4 166
255 255 11 166
255 256 12 166
255 258 14 166
554 551 2 166
554 552 3 166
554 535 4 166
554 537 12 166
554 537 13 166
554 537 14 166
554 557 16 166
554 554 17 166
379 381 1 167
379 380 9 167
379 379 15 167
585 584 5 167
585 585 7 167
381 380 8 168
381 379 14 168
551 552 1 168
551 535 2 168
551 537 10 168
551 537 11 168
551 537 12 168
551 557 14 168
551 554 15 168
260 259 1 169
260 255 8 169
260 256 9 169
260 258 11 169
552 535 1 169
552 537 9 169
552 537 10 169
552 537 11 169
552 557 13 169
552 554 14 169
259 255 7 170
259 256 8 170
259 258 10 170
535 518 1 170
535 537 8 170
535 537 9 170
535 537 10 170
535 554 13 170
318 317 1 171
518 537 7 171
518 498 8 171
518 537 8 171
518 537 9 171
584 585 2 172
629 615 3 173
629 616 8 173
629 616 11 173
629 614 12 173
629 616 20 173
674 674 2 175
380 379 6 176
380 379 16 176
380 379 17 176
615 616 5 176
615 616 8 176
615 614 9 176
615 616 17 176
615 633 18 176
134 144 8 177
134 146 20 177
255 256 1 177
255 258 3 177
256 258 2 178
537 537 1 178
537 537 2 178
537 554 5 178
537 537 14 178
537 553 19 178
537 554 20 178
498 499 17 179
498 499 20 179
537 537 1 179
537 554 4 179
537 537 13 179
537 553 18 179
537 554 19 179
537 554 3 180
537 537 12 180
537 553 17 180
537 554 18 180
616 616 3 181
616 614 4 181
616 616 12 181
616 633 13 181
616 615 19 181
616 613 20 181
379 379 10 182
379 379 11 182
379 380 20 182
557 554 1 182
557 537 10 182
557 553 15 182
557 554 16 182
554 537 9 183
554 553 14 183
554 554 15 183
616 614 1 184
616 616 9 184
616 633 10 184
616 615 16 184
616 613 17 184
616 615 19 184
616 615 20 184
144 146 12 185
144 144 13 185
144 145 15 185
406 401 12 185
406 405 13 185
614 616 8 185
614 633 9 185
614 615 15 185
614 613 16 185
614 615 18 185
614 615 19 185
379 379 1 192
379 380 10 192
379 380 11 192
537 553 5 192
537 554 6 192
379 380 9 193
379 380 10 193
616 633 1 193
616 615 7 193
616 613 8 193
616 615 10 193
616 615 11 193
616 616 13 193
616 617 14 193
633 615 6 194
633 613 7 194
633 615 9 194
633 615 10 194
633 616 12 194
633 617 13 194
322 322 13 195
322 323 17 195
322 321 19 195
322 322 20 195
104 103 1 196
104 107 2 196
499 499 3 196
499 494 4 196
499 495 5 196
499 497 10 196
499 498 11 196
499 498 13 196
499 498 14 196
499 499 15 196
499 498 17 196
499 499 20 196
696 695 6 196
696 677 15 196
103 107 1 197
146 144 1 197
146 145 3 197
401 405 1 197
553 554 1 197
144 145 2 198
499 494 1 199
499 495 2 199
499 497 7 199
499 498 8 199
499 498 10 199
499 498 11 199
499 499 12 199
499 498 14 199
499 499 17 199
589 583 6 199
589 587 18 199
589 586 20 199
494 495 1 200
494 497 6 200
494 498 7 200
494 498 9 200
494 498 10 200
494 499 11 200
494 498 13 200
494 499 16 200
615 613 1 200
615 615 3 200
615 615 4 200
615 616 6 200
615 617 7 200
615 615 15 200
615 616 16 200
495 497 5 201
495 498 6 201
495 498 8 201
495 498 9 201
495 499 10 201
495 498 12 201
495 499 15 201
495 497 20 201
613 615 2 201
613 615 3 201
613 616 5 201
613 617 6 201
613 615 14 201
613 616 15 201
380 380 1 202
380 376 16 202
695 677 9 202
695 675 10 202
695 675 11 202
380 376 15 203
615 615 1 203
615 616 3 203
615 617 4 203
615 615 12 203
615 616 13 203
615 615 19 203
615 615 20 203
615 616 2 204
615 617 3 204
615 615 11 204
615 616 12 204
615 615 18 204
615 615 19 204
583 587 12 205
583 586 14 205
583 588 19 205
583 585 20 205
497 498 1 206
497 498 3 206
497 498 4 206
497 499 5 206
497 498 7 206
497 499 10 206
497 497 15 206
497 497 16 206
497 497 17 206
497 498 18 206
616 617 1 206
616 615 9 206
616 616 10 206
616 615 16 206
616 615 17 206
498 498 2 207
498 498 3 207
498 499 4 207
498 498 6 207
498 499 9 207
498 497 14 207
498 497 15 207
498 497 16 207
498 498 17 207
617 615 8 207
617 616 9 207
617 615 15 207
617 615 16 207
617 613 20 207
322 323 4 208
322 321 6 208
322 322 7 208
672 671 1 208
672 671 2 208
672 677 3 208
672 675 4 208
672 675 5 208
672 674 6 208
498 498 1 209
498 499 2 209
498 498 4 209
498 499 7 209
498 497 12 209
498 497 13 209
498 497 14 209
498 498 15 209
671 671 1 209
671 677 2 209
671 675 3 209
671 675 4 209
671 674 5 209
498 499 1 210
498 498 3 210
498 499 6 210
498 497 11 210
498 497 12 210
498 497 13 210
498 498 14 210
671 677 1 210
671 675 2 210
671 675 3 210
671 674 4 210
499 498 2 211
499 499 5 211
499 497 10 211
499 497 11 211
499 497 12 211
499 498 13 211
677 675 1 211
677 675 2 211
677 674 3 211
323 321 2 212
323 322 3 212
323 322 19 212
675 675 1 212
675 674 2 212
498 499 3 213
498 497 8 213
498 497 9 213
498 497 10 213
498 498 11 213
675 674 1 213
321 322 1 214
321 322 17 214
322 322 16 215
322 321 20 215
615 616 1 215
615 615 7 215
615 615 8 215
615 613 12 215
615 616 14 215
615 615 15 215
615 615 16 215
615 615 17 215
499 497 5 216
499 497 6 216
499 497 7 216
499 498 8 216
616 615 6 216
616 615 7 216
616 613 11 216
616 616 13 216
616 615 14 216
616 615 15 216
616 615 16 216
587 586 2 217
587 588 7 217
587 585 8 217
587 586 9 217
587 581 16 217
376 380 8 218
376 375 9 218
376 379 10 218
376 379 11 218
376 378 12 218
376 379 19 218
586 588 5 219
586 585 6 219
586 586 7 219
586 581 14 219
556 552 1 220
556 555 8 220
556 554 14 220
556 554 15 220
556 554 16 220
556 563 18 220
497 497 1 221
497 497 2 221
497 498 3 221
497 495 20 221
552 555 7 221
552 554 13 221
552 554 14 221
552 554 15 221
552 563 17 221
497 497 1 222
497 498 2 222
497 495 19 222
497 497 20 222
615 615 1 222
615 613 5 222
615 616 7 222
615 615 8 222
615 615 9 222
615 615 10 222
615 616 15 222
615 616 17 222
615 617 19 222
615 615 20 222
497 498 1 223
497 495 18 223
497 497 19 223
615 613 4 223
615 616 6 223
615 615 7 223
615 615 8 223
615 615 9 223
615 616 14 223
615 616 16 223
615 617 18 223
615 615 19 223
615 614 20 223
498 495 17 224
498 497 18 224
588 585 1 224
588 586 2 224
588 581 9 224
585 586 1 225
585 581 8 225
380 375 1 226
380 379 2 226
380 379 3 226
380 378 4 226
380 379 11 226
380 379 13 226
380 378 14 226
586 581 7 226
14 24 13 227
14 15 14 227
14 31 15 227
36 24 13 227
36 37 14 227
36 31 15 227
36 38 19 227
375 379 1 227
375 379 2 227
375 378 3 227
375 379 10 227
375 379 12 227
375 378 13 227
375 355 19 227
613 616 2 227
613 615 3 227
613 615 4 227
613 615 5 227
613 616 10 227
613 616 12 227
613 617 14 227
613 615 15 227
613 614 16 227
379 379 1 228
379 378 2 228
379 379 9 228
379 379 11 228
379 378 12 228
555 554 6 228
555 554 7 228
555 554 8 228
555 563 10 228
555 553 16 228
555 553 17 228
555 553 18 228
555 554 19 228
379 378 1 229
379 379 8 229
379 379 10 229
379 378 11 229
616 615 1 229
616 615 2 229
616 615 3 229
616 616 8 229
616 616 10 229
616 617 12 229
616 615 13 229
616 614 14 229
378 379 7 230
378 379 9 230
378 378 10 230
615 615 1 230
615 615 2 230
615 616 7 230
615 616 9 230
615 617 11 230
615 615 12 230
615 614 13 230
322 321 4 231
322 321 5 231
322 321 12 231
615 615 1 231
615 616 6 231
615 616 8 231
615 617 10 231
615 615 11 231
615 614 12 231
615 616 5 232
615 616 7 232
615 617 9 232
615 615 10 232
615 614 11 232
581 563 5 233
554 554 1 234
554 554 2 234
554 563 4 234
554 553 10 234
554 553 11 234
554 553 12 234
554 554 13 234
321 321 1 235
321 321 8 235
554 554 1 235
554 563 3 235
554 553 9 235
554 553 10 235
554 553 11 235
554 554 12 235
321 321 7 236
554 563 2 236
554 553 8 236
554 553 9 236
554 553 10 236
554 554 11 236
379 379 2 237
379 378 3 237
616 616 2 237
616 617 4 237
616 615 5 237
616 614 6 237
563 553 6 238
563 553 7 238
563 553 8 238
563 554 9 238
379 378 1 239
616 617 2 239
616 615 3 239
616 614 4 239
24 15 1 240
24 37 1 240
24 31 2 240
24 38 6 240
15 31 1 241
37 31 1 241
37 38 5 241
495 497 1 241
495 499 6 241
617 615 1 241
617 614 2 241
31 38 4 242
497 499 5 242
615 614 1 242
553 553 1 244
553 553 2 244
553 554 3 244
553 553 1 245
553 554 2 245
553 554 1 246
499 497 18 247
554 555 20 247
405 406 3 264
555 557 2 267
495 495 1 366
495 495 7 366
495 498 8 366
495 497 9 366
495 498 10 366
495 497 19 366
613 613 7 366
613 614 8 366
613 615 9 366
613 615 10 366
495 495 6 367
495 498 7 367
495 497 8 367
495 498 9 367
495 497 18 367
495 497 20 367
653 654 1 367
653 650 4 367
653 647 5 367
654 650 3 368
654 647 4 368
753 753 1 369
650 647 1 371
495 498 1 373
495 497 2 373
495 498 3 373
495 497 12 373
495 497 14 373
613 614 1 373
613 615 2 373
613 615 3 373
498 497 1 374
498 498 2 374
498 497 11 374
498 497 13 374
614 615 1 374
614 615 2 374
497 498 1 375
497 497 10 375
497 497 12 375
615 615 1 375
498 497 9 376
498 497 11 376
497 497 2 385
555 553 1 385
555 554 2 385
553 554 1 386
497 497 1 488
497 497 2 488
497 499 5 488
497 501 6 488
497 500 7 488
497 499 8 488
497 499 9 488
497 498 10 488
497 500 11 488
497 500 12 488
497 500 13 488
497 499 14 488
497 500 16 488
497 501 17 488
497 500 18 488
497 500 19 488
497 500 20 488
587 587 1 488
497 497 1 489
497 499 4 489
497 501 5 489
497 500 6 489
497 499 7 489
497 499 8 489
497 498 9 489
497 500 10 489
497 500 11 489
497 500 12 489
497 499 13 489
497 500 15 489
497 501 16 489
497 500 17 489
497 500 18 489
497 500 19 489
497 499 3 490
497 501 4 490
497 500 5 490
497 499 6 490
497 499 7 490
497 498 8 490
497 500 9 490
497 500 10 490
497 500 11 490
497 499 12 490
497 500 14 490
497 501 15 490
497 500 16 490
497 500 17 490
497 500 18 490
615 616 20 490
733 734 1 491
733 734 2 491
733 734 3 491
733 734 4 491
733 735 6 491
733 734 8 491
733 735 14 491
734 734 1 492
734 734 2 492
734 734 3 492
734 735 5 492
734 734 7 492
734 735 13 492
499 501 1 493
499 500 2 493
499 499 3 493
499 499 4 493
499 498 5 493
499 500 6 493
499 500 7 493
499 500 8 493
499 499 9 493
499 500 11 493
499 501 12 493
499 500 13 493
499 500 14 493
499 500 15 493
734 734 1 493
734 734 2 493
734 735 4 493
734 734 6 493
734 735 12 493
501 500 1 494
501 499 2 494
501 499 3 494
501 498 4 494
501 500 5 494
501 500 6 494
501 500 7 494
501 499 8 494
501 500 10 494
501 501 11 494
501 500 12 494
501 500 13 494
501 500 14 494
734 734 1 494
734 735 3 494
734 734 5 494
734 735 11 494
500 499 1 495
500 499 2 495
500 498 3 495
500 500 4 495
500 500 5 495
500 500 6 495
500 499 7 495
500 500 9 495
500 501 10 495
500 500 11 495
500 500 12 495
500 500 13 495
500 498 20 495
734 735 2 495
734 734 4 495
734 735 10 495
734 733 20 495
499 499 1 496
499 498 2 496
499 500 3 496
499 500 4 496
499 500 5 496
499 499 6 496
499 500 8 496
499 501 9 496
499 500 10 496
499 500 11 496
499 500 12 496
499 498 19 496
676 676 2 496
676 676 4 496
676 675 5 496
676 675 6 496
676 675 7 496
676 675 8 496
676 675 10 496
676 675 11 496
676 676 12 496
676 676 13 496
676 676 15 496
676 676 16 496
676 676 17 496
499 498 1 497
499 500 2 497
499 500 3 497
499 500 4 497
499 499 5 497
499 500 7 497
499 501 8 497
499 500 9 497
499 500 10 497
499 500 11 497
499 498 18 497
735 734 2 497
735 735 8 497
735 733 18 497
735 733 19 497
498 500 1 498
498 500 2 498
498 500 3 498
498 499 4 498
498 500 6 498
498 501 7 498
498 500 8 498
498 500 9 498
498 500 10 498
498 498 17 498
676 676 2 498
676 675 3 498
676 675 4 498
676 675 5 498
676 675 6 498
676 675 8 498
676 675 9 498
676 676 10 498
676 676 11 498
676 676 13 498
676 676 14 498
676 676 15 498
676 676 19 498
500 500 1 499
500 500 2 499
500 499 3 499
500 500 5 499
500 501 6 499
500 500 7 499
500 500 8 499
500 500 9 499
500 498 16 499
500 500 20 499
734 735 6 499
734 733 16 499
734 733 17 499
734 751 19 499
734 752 20 499
500 500 1 500
500 499 2 500
500 500 4 500
500 501 5 500
500 500 6 500
500 500 7 500
500 500 8 500
500 498 15 500
500 500 19 500
676 675 1 500
676 675 2 500
676 675 3 500
676 675 4 500
676 675 6 500
676 675 7 500
676 676 8 500
676 676 9 500
676 676 11 500
676 676 12 500
676 676 13 500
676 676 17 500
676 675 20 500
500 499 1 501
500 500 3 501
500 501 4 501
500 500 5 501
500 500 6 501
500 500 7 501
500 498 14 501
500 500 18 501
675 675 1 501
675 675 2 501
675 675 3 501
675 675 5 501
675 675 6 501
675 676 7 501
675 676 8 501
675 676 10 501
675 676 11 501
675 676 12 501
675 676 16 501
675 675 19 501
499 500 2 502
499 501 3 502
499 500 4 502
499 500 5 502
499 500 6 502
499 498 13 502
499 500 17 502
499 498 20 502
675 675 1 502
675 675 2 502
675 675 4 502
675 675 5 502
675 676 6 502
675 676 7 502
675 676 9 502
675 676 10 502
675 676 11 502
675 676 15 502
675 675 18 502
675 675 20 502
380 380 7 503
380 379 8 503
380 379 11 503
380 380 13 503
380 380 14 503
380 379 18 503
675 675 1 503
675 675 3 503
675 675 4 503
675 676 5 503
675 676 6 503
675 676 8 503
675 676 9 503
675 676 10 503
675 676 14 503
675 675 17 503
675 675 19 503
675 675 20 503
500 501 1 504
500 500 2 504
500 500 3 504
500 500 4 504
500 498 11 504
500 500 15 504
500 498 18 504
500 498 19 504
675 675 2 504
675 675 3 504
675 676 4 504
675 676 5 504
675 676 7 504
675 676 8 504
675 676 9 504
675 676 13 504
675 675 16 504
675 675 18 504
675 675 19 504
675 675 20 504
501 500 1 505
501 500 2 505
501 500 3 505
501 498 10 505
501 500 14 505
501 498 17 505
501 498 18 505
735 733 10 505
735 733 11 505
735 751 13 505
735 752 14 505
735 735 16 505
500 500 1 506
500 500 2 506
500 498 9 506
500 500 13 506
500 498 16 506
500 498 17 506
675 675 1 506
675 676 2 506
675 676 3 506
675 676 5 506
675 676 6 506
675 676 7 506
675 676 11 506
675 675 14 506
675 675 16 506
675 675 17 506
675 675 18 506
675 675 20 506
500 500 1 507
500 498 8 507
500 500 12 507
500 498 15 507
500 498 16 507
675 676 1 507
675 676 2 507
675 676 4 507
675 676 5 507
675 676 6 507
675 676 10 507
675 675 13 507
675 675 15 507
675 675 16 507
675 675 17 507
675 675 19 507
500 498 7 508
500 500 11 508
500 498 14 508
500 498 15 508
676 676 1 508
676 676 3 508
676 676 4 508
676 676 5 508
676 676 9 508
676 675 12 508
676 675 14 508
676 675 15 508
676 675 16 508
676 675 18 508
676 676 20 508
183 183 20 509
407 406 20 509
676 676 2 509
676 676 3 509
676 676 4 509
676 676 8 509
676 675 11 509
676 675 13 509
676 675 14 509
676 675 15 509
676 675 17 509
676 676 19 509
676 675 20 509
380 379 1 510
380 379 4 510
380 380 6 510
380 380 7 510
380 379 11 510
380 380 14 510
380 379 15 510
616 616 4 510
379 379 3 511
379 380 5 511
379 380 6 511
379 379 10 511
379 380 13 511
379 379 14 511
379 380 20 511
676 676 1 511
676 676 2 511
676 676 6 511
676 675 9 511
676 675 11 511
676 675 12 511
676 675 13 511
676 675 15 511
676 676 17 511
676 675 18 511
676 676 19 511
676 676 20 511
321 321 1 512
321 321 8 512
321 322 14 512
321 322 15 512
321 321 16 512
676 676 1 512
676 676 5 512
676 675 8 512
676 675 10 512
676 675 11 512
676 675 12 512
676 675 14 512
676 676 16 512
676 675 17 512
676 676 18 512
676 676 19 512
321 321 7 513
321 322 13 513
321 322 14 513
321 321 15 513
676 676 4 513
676 675 7 513
676 675 9 513
676 675 10 513
676 675 11 513
676 675 13 513
676 676 15 513
676 675 16 513
676 676 17 513
676 676 18 513
676 675 20 513
379 380 2 514
379 380 3 514
379 379 7 514
379 380 10 514
379 379 11 514
379 380 17 514
379 379 19 514
498 500 4 515
498 498 7 515
498 498 8 515
498 499 19 515
498 499 20 515
733 733 1 515
733 751 3 515
733 752 4 515
733 735 6 515
733 735 12 515
380 380 1 516
380 379 5 516
380 380 8 516
380 379 9 516
380 380 15 516
380 379 17 516
733 751 2 516
733 752 3 516
733 735 5 516
733 735 11 516
380 379 4 517
380 380 7 517
380 379 8 517
380 380 14 517
380 379 16 517
676 675 3 517
676 675 5 517
676 675 6 517
676 675 7 517
676 675 9 517
676 676 11 517
676 675 12 517
676 676 13 517
676 676 14 517
676 675 16 517
676 675 17 517
676 676 19 517
676 676 20 517
455 455 14 518
751 752 1 518
751 735 3 518
751 735 9 518
751 764 17 518
500 498 3 519
500 498 4 519
500 499 15 519
500 499 16 519
500 497 17 519
500 499 20 519
752 735 2 519
752 735 8 519
752 764 16 519
321 322 6 520
321 322 7 520
321 321 8 520
321 321 20 520
675 675 2 520
675 675 3 520
675 675 4 520
675 675 6 520
675 676 8 520
675 675 9 520
675 676 10 520
675 676 11 520
675 675 13 520
675 675 14 520
675 676 16 520
675 676 17 520
675 676 18 520
675 676 19 520
675 675 20 520
379 380 3 521
379 379 4 521
379 380 10 521
379 379 12 521
379 380 17 521
735 735 6 521
498 498 1 522
498 499 12 522
498 499 13 522
498 497 14 522
498 499 17 522
498 498 19 522
498 500 20 522
675 675 1 522
675 675 2 522
675 675 4 522
675 676 6 522
675 675 7 522
675 676 8 522
675 676 9 522
675 675 11 522
675 675 12 522
675 676 14 522
675 676 15 522
675 676 16 522
675 676 17 522
675 675 18 522
675 675 19 522
675 675 20 522
498 499 11 523
498 499 12 523
498 497 13 523
498 499 16 523
498 498 18 523
498 500 19 523
498 499 20 523
675 675 1 523
675 675 3 523
675 676 5 523
675 675 6 523
675 676 7 523
675 676 8 523
675 675 10 523
675 675 11 523
675 676 13 523
675 676 14 523
675 676 15 523
675 676 16 523
675 675 17 523
675 675 18 523
675 675 19 523
675 676 20 523
143 144 2 524
143 143 7 524
143 143 11 524
143 144 14 524
143 144 16 524
380 379 1 524
380 380 7 524
380 379 9 524
380 380 14 524
675 675 2 524
675 676 4 524
675 675 5 524
675 676 6 524
675 676 7 524
675 675 9 524
675 675 10 524
675 676 12 524
675 676 13 524
675 676 14 524
675 676 15 524
675 675 16 524
675 675 17 524
675 675 18 524
675 676 19 524
675 675 20 524
379 380 6 525
379 379 8 525
379 380 13 525
653 653 7 525
144 143 5 526
144 143 9 526
144 144 12 526
144 144 14 526
144 144 19 526
322 322 1 526
322 321 2 526
322 321 14 526
675 676 2 526
675 675 3 526
675 676 4 526
675 676 5 526
675 675 7 526
675 675 8 526
675 676 10 526
675 676 11 526
675 676 12 526
675 676 13 526
675 675 14 526
675 675 15 526
675 675 16 526
675 676 17 526
675 675 18 526
675 676 19 526
675 676 20 526
54 56 5 527
54 54 7 527
54 56 12 527
322 321 1 527
322 321 13 527
735 735 20 527
321 321 12 528
676 675 1 528
676 676 2 528
676 676 3 528
676 675 5 528
676 675 6 528
676 676 8 528
676 676 9 528
676 676 10 528
676 676 11 528
676 675 12 528
676 675 13 528
676 675 14 528
676 676 15 528
676 675 16 528
676 676 17 528
676 676 18 528
183 183 1 529
183 183 7 529
406 407 1 529
406 407 8 529
675 676 1 529
675 676 2 529
675 675 4 529
675 675 5 529
675 676 7 529
675 676 8 529
675 676 9 529
675 676 10 529
675 675 11 529
675 675 12 529
675 675 13 529
675 676 14 529
675 675 15 529
675 676 16 529
675 676 17 529
675 676 20 529
183 183 6 530
407 407 7 530
676 676 1 530
676 675 3 530
676 675 4 530
676 676 6 530
676 676 7 530
676 676 8 530
676 676 9 530
676 675 10 530
676 675 11 530
676 675 12 530
676 676 13 530
676 675 14 530
676 676 15 530
676 676 16 530
676 676 19 530
676 676 20 530
143 143 4 531
143 144 7 531
143 144 9 531
143 144 14 531
143 144 17 531
143 146 18 531
380 379 2 531
380 380 7 531
676 675 2 531
676 675 3 531
676 676 5 531
676 676 6 531
676 676 7 531
676 676 8 531
676 675 9 531
676 675 10 531
676 675 11 531
676 676 12 531
676 675 13 531
676 676 14 531
676 676 15 531
676 676 18 531
676 676 19 531
676 676 20 531
56 54 2 532
56 56 7 532
379 380 5 533
675 675 1 533
675 676 3 533
675 676 4 533
675 676 5 533
675 676 6 533
675 675 7 533
675 675 8 533
675 675 9 533
675 676 10 533
675 675 11 533
675 676 12 533
675 676 13 533
675 676 16 533
675 676 17 533
675 676 18 533
675 676 19 533
54 56 5 534
499 499 1 534
499 497 2 534
499 499 5 534
499 498 7 534
499 500 8 534
499 499 9 534
499 499 10 534
499 498 11 534
499 498 12 534
499 499 13 534
499 498 14 534
499 498 16 534
499 499 17 534
499 499 18 534
499 498 19 534
499 499 20 534
675 676 2 534
675 676 3 534
675 676 4 534
675 676 5 534
675 675 6 534
675 675 7 534
675 675 8 534
675 676 9 534
675 675 10 534
675 676 11 534
675 676 12 534
675 676 15 534
675 676 16 534
675 676 17 534
675 676 18 534
675 676 20 534
143 144 3 535
143 144 5 535
143 144 10 535
143 144 13 535
143 146 14 535
143 145 18 535
499 497 1 535
499 499 4 535
499 498 6 535
499 500 7 535
499 499 8 535
499 499 9 535
499 498 10 535
499 498 11 535
499 499 12 535
499 498 13 535
499 498 15 535
499 499 16 535
499 499 17 535
499 498 18 535
499 499 19 535
499 498 20 535
497 499 3 536
497 498 5 536
497 500 6 536
497 499 7 536
497 499 8 536
497 498 9 536
497 498 10 536
497 499 11 536
497 498 12 536
497 498 14 536
497 499 15 536
497 499 16 536
497 498 17 536
497 499 18 536
497 498 19 536
676 676 1 536
676 676 2 536
676 676 3 536
676 675 4 536
676 675 5 536
676 675 6 536
676 676 7 536
676 675 8 536
676 676 9 536
676 676 10 536
676 676 13 536
676 676 14 536
676 676 15 536
676 676 16 536
676 676 18 536
676 676 19 536
676 676 1 537
676 676 2 537
676 675 3 537
676 675 4 537
676 675 5 537
676 676 6 537
676 675 7 537
676 676 8 537
676 676 9 537
676 676 12 537
676 676 13 537
676 676 14 537
676 676 15 537
676 676 17 537
676 676 18 537
144 144 2 538
144 144 7 538
144 144 10 538
144 146 11 538
144 145 15 538
676 676 1 538
676 675 2 538
676 675 3 538
676 675 4 538
676 676 5 538
676 675 6 538
676 676 7 538
676 676 8 538
676 676 11 538
676 676 12 538
676 676 13 538
676 676 14 538
676 676 16 538
676 676 17 538
499 498 2 539
499 500 3 539
499 499 4 539
499 499 5 539
499 498 6 539
499 498 7 539
499 499 8 539
499 498 9 539
499 498 11 539
499 499 12 539
499 499 13 539
499 498 14 539
499 499 15 539
499 498 16 539
676 675 1 539
676 675 2 539
676 675 3 539
676 676 4 539
676 675 5 539
676 676 6 539
676 676 7 539
676 676 10 539
676 676 11 539
676 676 12 539
676 676 13 539
676 676 15 539
676 676 16 539
144 144 5 540
144 144 8 540
144 146 9 540
144 145 13 540
675 675 1 540
675 675 2 540
675 676 3 540
675 675 4 540
675 676 5 540
675 676 6 540
675 676 9 540
675 676 10 540
675 676 11 540
675 676 12 540
675 676 14 540
675 676 15 540
498 500 1 541
498 499 2 541
498 499 3 541
498 498 4 541
498 498 5 541
498 499 6 541
498 498 7 541
498 498 9 541
498 499 10 541
498 499 11 541
498 498 12 541
498 499 13 541
498 498 14 541
675 675 1 541
675 676 2 541
675 675 3 541
675 676 4 541
675 676 5 541
675 676 8 541
675 676 9 541
675 676 10 541
675 676 11 541
675 676 13 541
675 676 14 541
500 499 1 542
500 499 2 542
500 498 3 542
500 498 4 542
500 499 5 542
500 498 6 542
500 498 8 542
500 499 9 542
500 499 10 542
500 498 11 542
500 499 12 542
500 498 13 542
675 676 1 542
675 675 2 542
675 676 3 542
675 676 4 542
675 676 7 542
675 676 8 542
675 676 9 542
675 676 10 542
675 676 12 542
675 676 13 542
499 499 1 543
499 498 2 543
499 498 3 543
499 499 4 543
499 498 5 543
499 498 7 543
499 499 8 543
499 499 9 543
499 498 10 543
499 499 11 543
499 498 12 543
676 675 1 543
676 676 2 543
676 676 3 543
676 676 6 543
676 676 7 543
676 676 8 543
676 676 9 543
676 676 11 543
676 676 12 543
499 498 1 544
499 498 2 544
499 499 3 544
499 498 4 544
499 498 6 544
499 499 7 544
499 499 8 544
499 498 9 544
499 499 10 544
499 498 11 544
675 676 1 544
675 676 2 544
675 676 5 544
675 676 6 544
675 676 7 544
675 676 8 544
675 676 10 544
675 676 11 544
144 144 3 545
144 146 4 545
144 145 8 545
498 498 1 545
498 499 2 545
498 498 3 545
498 498 5 545
498 499 6 545
498 499 7 545
498 498 8 545
498 499 9 545
498 498 10 545
676 676 1 545
676 676 4 545
676 676 5 545
676 676 6 545
676 676 7 545
676 676 9 545
676 676 10 545
498 499 1 546
498 498 2 546
498 498 4 546
498 499 5 546
498 499 6 546
498 498 7 546
498 499 8 546
498 498 9 546
676 676 3 546
676 676 4 546
676 676 5 546
676 676 6 546
676 676 8 546
676 676 9 546
499 498 1 547
499 498 3 547
499 499 4 547
499 499 5 547
499 498 6 547
499 499 7 547
499 498 8 547
735 735 1 547
735 734 6 547
144 146 1 548
144 145 5 548
498 498 2 548
498 499 3 548
498 499 4 548
498 498 5 548
498 499 6 548
498 498 7 548
735 734 5 548
146 145 4 549
676 676 1 549
676 676 2 549
676 676 3 549
676 676 5 549
676 676 6 549
498 499 1 550
498 499 2 550
498 498 3 550
498 499 4 550
498 498 5 550
676 676 1 550
676 676 2 550
676 676 4 550
676 676 5 550
499 499 1 551
499 498 2 551
499 499 3 551
499 498 4 551
676 676 1 551
676 676 3 551
676 676 4 551
499 498 1 552
499 499 2 552
499 498 3 552
676 676 2 552
676 676 3 552
498 499 1 553
498 498 2 553
499 498 1 554
676 676 1 554
