198 196 8 0
198 193 12 0
198 175 37 0
198 182 39 0
614 616 9 0
614 584 10 0
614 598 13 0
614 623 36 0
614 622 37 0
614 597 38 0
614 596 40 0
614 617 41 0
38 39 4 1
38 53 8 1
38 38 9 1
38 13 10 1
38 20 10 1
38 63 26 1
38 12 30 1
38 59 31 1
38 19 32 1
38 32 32 1
38 29 34 1
38 60 38 1
38 65 38 1
38 43 39 1
38 16 41 1
38 31 41 1
658 648 25 1
658 659 33 1
54 53 7 2
54 69 7 2
54 38 8 2
54 70 24 2
54 63 25 2
54 59 30 2
54 32 31 2
54 29 33 2
54 77 35 2
54 60 37 2
54 65 37 2
54 43 38 2
54 31 40 2
71 84 6 2
71 53 7 2
71 69 7 2
71 70 24 2
71 63 25 2
71 90 26 2
71 59 30 2
71 98 30 2
71 93 33 2
71 87 34 2
71 77 35 2
71 60 37 2
71 65 37 2
71 43 38 2
71 91 38 2
339 342 24 2
339 311 27 2
339 313 33 2
339 368 35 2
339 367 36 2
604 616 7 2
604 584 8 2
604 598 11 2
604 623 34 2
604 622 35 2
604 597 36 2
604 596 38 2
604 617 39 2
12 0 4 3
12 1 4 3
12 4 4 3
12 7 4 3
12 38 7 3
12 13 8 3
12 20 8 3
12 12 28 3
12 19 30 3
12 32 30 3
12 29 32 3
12 16 39 3
12 31 39 3
40 53 6 3
40 69 6 3
40 38 7 3
40 13 8 3
40 20 8 3
40 63 24 3
40 12 28 3
40 59 29 3
40 19 30 3
40 32 30 3
40 29 32 3
40 60 36 3
40 65 36 3
40 43 37 3
40 16 39 3
40 31 39 3
75 84 5 3
75 53 6 3
75 69 6 3
75 70 23 3
75 63 24 3
75 90 25 3
75 59 29 3
75 98 29 3
75 93 32 3
75 87 33 3
75 77 34 3
75 60 36 3
75 65 36 3
75 91 37 3
137 151 4 3
137 150 8 3
137 140 25 3
137 124 26 3
137 142 26 3
137 124 31 3
137 127 32 3
137 132 33 3
137 109 35 3
137 136 37 3
137 128 38 3
137 125 39 3
362 384 5 3
362 342 23 3
362 369 29 3
362 368 34 3
362 367 35 3
362 374 37 3
362 376 38 3
738 760 5 3
738 725 26 3
66 84 4 4
66 53 5 4
66 69 5 4
66 38 6 4
66 70 22 4
66 63 23 4
66 90 24 4
66 59 28 4
66 93 31 4
66 87 32 4
66 77 33 4
66 60 35 4
66 65 35 4
66 43 36 4
66 91 36 4
141 150 7 4
141 140 24 4
141 124 25 4
141 142 25 4
141 124 30 4
141 127 31 4
141 132 32 4
141 136 36 4
141 128 37 4
141 125 38 4
321 342 22 4
321 311 25 4
321 313 31 4
544 569 7 4
544 571 8 4
544 525 23 4
544 539 24 4
544 573 31 4
544 538 35 4
39 53 4 5
39 38 5 5
39 13 6 5
39 20 6 5
39 63 22 5
39 12 26 5
39 59 27 5
39 19 28 5
39 32 28 5
39 29 30 5
39 60 34 5
39 65 34 5
39 43 35 5
39 16 37 5
39 31 37 5
89 69 4 5
89 70 21 5
89 63 22 5
89 90 23 5
89 105 26 5
89 59 27 5
89 98 27 5
89 93 30 5
89 87 31 5
89 77 32 5
89 109 33 5
89 60 34 5
89 65 34 5
89 91 35 5
135 150 6 5
135 140 23 5
135 124 24 5
135 142 24 5
135 105 26 5
135 124 29 5
135 127 30 5
135 132 31 5
135 109 33 5
135 136 35 5
135 128 36 5
135 125 37 5
442 439 25 5
442 465 28 5
541 569 6 5
541 525 22 5
541 539 23 5
541 538 34 5
148 150 5 6
148 140 22 6
148 124 23 6
148 142 23 6
148 124 28 6
148 127 29 6
148 132 30 6
148 175 31 6
148 136 34 6
148 128 35 6
148 125 36 6
270 258 5 6
270 273 21 6
270 275 22 6
270 262 28 6
529 525 21 6
529 539 22 6
529 538 33 6
0 13 4 7
0 20 4 7
0 12 24 7
0 19 26 7
0 29 28 7
0 16 35 7
1 13 4 7
1 20 4 7
1 12 24 7
1 19 26 7
1 29 28 7
1 16 35 7
4 13 4 7
4 20 4 7
4 12 24 7
4 19 26 7
4 32 26 7
4 29 28 7
4 16 35 7
4 31 35 7
7 13 4 7
7 20 4 7
7 12 24 7
7 19 26 7
7 32 26 7
7 29 28 7
7 16 35 7
7 31 35 7
151 150 4 7
151 140 21 7
151 124 22 7
151 142 22 7
151 124 27 7
151 127 28 7
151 132 29 7
151 175 30 7
151 136 33 7
151 128 34 7
151 125 35 7
690 692 35 7
84 70 18 8
84 63 19 8
84 90 20 8
84 105 23 8
84 59 24 8
84 98 24 8
84 93 27 8
84 87 28 8
84 77 29 8
84 109 30 8
84 60 31 8
84 65 31 8
84 91 32 8
196 193 4 8
196 175 29 8
196 182 31 8
384 369 24 8
384 368 29 8
384 367 30 8
384 399 31 8
384 374 32 8
384 376 33 8
53 70 17 9
53 63 18 9
53 59 23 9
53 32 24 9
53 29 26 9
53 77 28 9
53 60 30 9
53 65 30 9
53 43 31 9
53 31 33 9
69 70 17 9
69 63 18 9
69 90 19 9
69 59 23 9
69 98 23 9
69 93 26 9
69 87 27 9
69 77 28 9
69 60 30 9
69 65 30 9
69 43 31 9
69 91 31 9
477 493 22 9
477 465 24 9
477 483 27 9
616 598 4 9
616 623 27 9
616 622 28 9
616 597 29 9
616 596 31 9
616 617 32 9
38 63 17 10
38 12 21 10
38 59 22 10
38 19 23 10
38 32 23 10
38 29 25 10
38 60 29 10
38 65 29 10
38 43 30 10
38 16 32 10
38 31 32 10
400 399 29 10
400 374 30 10
400 376 31 10
584 573 25 10
584 597 28 10
584 596 30 10
13 12 20 11
13 19 22 11
13 32 22 11
13 29 24 11
13 16 31 11
13 31 31 11
20 12 20 11
20 19 22 11
20 32 22 11
20 29 24 11
20 43 29 11
20 16 31 11
20 31 31 11
150 140 17 11
150 124 18 11
150 142 18 11
150 124 23 11
150 127 24 11
150 132 25 11
150 175 26 11
150 136 29 11
150 128 30 11
150 125 31 11
258 273 16 11
258 275 17 11
258 232 19 11
258 236 20 11
258 262 23 11
569 539 17 11
569 573 24 11
569 597 27 11
569 596 29 11
193 175 25 12
193 182 27 12
571 573 23 12
571 597 26 12
571 596 28 12
598 573 22 13
598 623 23 13
598 622 24 13
598 597 25 13
598 596 27 13
598 617 28 13
70 59 6 26
70 98 6 26
70 93 9 26
70 87 10 26
70 77 11 26
70 60 13 26
70 65 13 26
70 43 14 26
70 91 14 26
342 369 6 26
342 313 9 26
342 368 11 26
342 367 12 26
648 659 8 26
648 623 10 26
648 622 11 26
63 59 5 27
63 87 9 27
63 77 10 27
63 60 12 27
63 65 12 27
63 43 13 27
63 91 13 27
273 262 7 27
525 538 12 27
90 98 4 28
90 93 7 28
90 87 8 28
90 77 9 28
90 109 10 28
90 60 11 28
90 65 11 28
90 91 12 28
140 124 6 28
140 127 7 28
140 132 8 28
140 136 12 28
140 128 13 28
140 125 14 28
275 262 6 28
539 538 11 28
124 124 5 29
124 127 6 29
124 132 7 29
124 109 9 29
124 136 11 29
124 128 12 29
124 125 13 29
142 124 5 29
142 127 6 29
142 132 7 29
142 136 11 29
142 128 12 29
142 125 13 29
311 313 6 29
12 29 4 31
12 16 11 31
12 31 11 31
105 93 4 31
105 127 4 31
105 87 5 31
105 132 5 31
105 77 6 31
105 109 7 31
105 91 9 31
105 128 10 31
105 125 11 31
493 483 5 31
59 87 4 32
59 77 5 32
59 60 7 32
59 65 7 32
59 43 8 32
59 31 10 32
98 87 4 32
98 77 5 32
98 109 6 32
98 91 8 32
98 125 10 32
369 368 5 32
369 367 6 32
369 374 8 32
369 376 9 32
19 43 7 33
19 16 9 33
19 31 9 33
32 60 6 33
32 43 7 33
32 16 9 33
32 31 9 33
124 109 4 34
124 136 6 34
124 128 7 34
124 125 8 34
29 43 5 35
29 16 7 35
29 31 7 35
93 65 4 35
93 91 5 35
127 136 5 35
127 128 6 35
127 125 7 35
573 596 5 35
87 91 4 36
132 136 4 36
132 128 5 36
132 125 6 36
623 596 4 36
623 617 5 36
368 376 4 37
622 617 4 37
109 125 4 38
