378 405 4 0
378 367 5 0
378 369 6 0
378 384 7 0
513 533 7 0
513 537 18 0
513 534 23 0
513 525 24 0
513 535 27 0
513 499 28 0
513 536 28 0
513 520 29 0
513 531 30 0
513 501 34 0
513 511 34 0
216 212 22 1
216 194 24 1
216 212 25 1
490 499 27 1
490 501 33 1
490 511 33 1
674 700 16 1
674 697 19 1
674 687 20 1
674 689 37 1
44 22 4 2
44 62 4 2
44 68 4 2
44 27 5 2
44 34 5 2
44 58 21 2
44 68 21 2
44 57 22 2
44 32 24 2
44 35 25 2
44 25 26 2
44 31 26 2
44 51 31 2
63 62 4 2
63 68 4 2
63 34 5 2
63 58 21 2
63 68 21 2
63 57 22 2
63 92 22 2
63 86 23 2
63 35 25 2
63 91 25 2
63 88 26 2
63 51 31 2
63 83 33 2
201 212 21 2
201 194 23 2
201 212 24 2
298 297 18 2
298 288 21 2
298 305 22 2
298 316 25 2
298 302 27 2
298 292 31 2
298 320 33 2
623 620 31 2
26 27 4 3
26 34 4 3
26 10 19 3
26 3 20 3
26 7 20 3
26 2 21 3
26 7 21 3
26 32 23 3
26 35 24 3
26 25 25 3
26 31 25 3
26 51 30 3
159 146 4 3
159 130 14 3
159 129 17 3
159 160 24 3
159 137 25 3
159 163 26 3
159 168 30 3
159 157 31 3
159 161 35 3
431 410 18 3
431 457 19 3
701 700 14 3
701 697 17 3
701 687 18 3
701 719 28 3
701 720 32 3
701 689 35 3
111 125 13 4
111 130 13 4
111 107 14 4
111 127 15 4
111 129 16 4
111 116 17 4
111 92 20 4
111 86 21 4
111 91 23 4
111 88 24 4
111 137 24 4
111 83 31 4
111 119 33 4
111 128 33 4
111 107 34 4
111 98 35 4
145 125 13 4
145 130 13 4
145 127 15 4
145 129 16 4
145 116 17 4
145 160 23 4
145 137 24 4
145 163 25 4
145 168 29 4
145 157 30 4
145 119 33 4
145 128 33 4
145 161 34 4
405 410 17 4
747 719 27 4
747 720 31 4
367 339 26 5
574 559 14 5
574 575 20 5
574 577 21 5
574 582 27 5
574 579 31 5
574 558 32 5
574 550 34 5
8 10 16 6
8 3 17 6
8 7 17 6
8 2 18 6
8 7 18 6
8 32 20 6
8 35 21 6
8 25 22 6
8 31 22 6
22 10 16 6
22 3 17 6
22 7 17 6
22 2 18 6
22 7 18 6
22 32 20 6
22 35 21 6
22 25 22 6
22 31 22 6
22 51 27 6
62 58 17 6
62 68 17 6
62 57 18 6
62 86 19 6
62 32 20 6
62 35 21 6
62 91 21 6
62 88 22 6
62 51 27 6
62 83 29 6
68 58 17 6
68 68 17 6
68 57 18 6
68 92 18 6
68 86 19 6
68 91 21 6
68 88 22 6
68 51 27 6
68 83 29 6
369 339 25 6
572 559 13 6
572 575 19 6
572 577 20 6
572 582 26 6
572 579 30 6
572 558 31 6
572 550 33 6
27 10 15 7
27 3 16 7
27 7 16 7
27 2 17 7
27 7 17 7
27 32 19 7
27 35 20 7
27 25 21 7
27 31 21 7
27 51 26 7
34 10 15 7
34 7 16 7
34 58 16 7
34 7 17 7
34 57 17 7
34 32 19 7
34 35 20 7
34 25 21 7
34 31 21 7
34 51 26 7
93 107 11 7
93 116 14 7
93 68 16 7
93 92 17 7
93 86 18 7
93 91 20 7
93 88 21 7
93 83 28 7
93 119 30 7
93 107 31 7
93 98 32 7
146 125 10 7
146 130 10 7
146 127 12 7
146 129 13 7
146 116 14 7
146 160 20 7
146 137 21 7
146 163 22 7
146 168 26 7
146 157 27 7
146 119 30 7
146 128 30 7
146 161 31 7
384 410 14 7
533 537 11 7
533 559 12 7
533 534 16 7
533 525 17 7
533 535 20 7
533 536 21 7
533 520 22 7
533 531 23 7
533 511 27 7
533 558 30 7
533 550 32 7
125 116 4 17
125 137 11 17
125 119 20 17
125 128 20 17
125 107 21 17
125 98 22 17
130 116 4 17
130 137 11 17
130 157 17 17
130 119 20 17
130 128 20 17
130 107 21 17
256 265 20 17
256 248 22 17
256 260 22 17
700 687 4 17
700 719 14 17
700 720 18 17
700 689 21 17
107 92 6 18
107 86 7 18
107 91 9 18
107 88 10 18
107 83 17 18
107 119 19 18
107 128 19 18
107 107 20 18
107 98 21 18
257 265 19 18
257 248 21 18
257 260 21 18
537 534 5 18
537 525 6 18
537 535 9 18
537 536 10 18
537 520 11 18
537 531 12 18
537 511 16 18
537 558 19 18
537 550 21 18
127 137 9 19
127 119 18 19
127 128 18 19
127 107 19 19
127 98 20 19
261 288 4 19
261 265 18 19
261 248 20 19
261 260 20 19
559 534 4 19
559 575 6 19
559 577 7 19
559 535 8 19
559 536 9 19
559 531 11 19
559 582 13 19
559 579 17 19
559 558 18 19
559 550 20 19
129 137 8 20
129 157 14 20
129 119 17 20
129 128 17 20
129 107 18 20
297 305 4 20
297 316 7 20
297 302 9 20
297 292 13 20
297 320 15 20
697 719 11 20
697 720 15 20
697 689 18 20
116 86 4 21
116 91 6 21
116 88 7 21
116 137 7 21
116 119 16 21
116 128 16 21
116 107 17 21
116 98 18 21
687 689 17 21
10 32 4 22
10 35 5 22
10 25 6 22
10 31 6 22
3 25 5 23
3 31 5 23
7 35 4 23
7 25 5 23
7 31 5 23
58 35 4 23
58 31 5 23
58 51 10 23
58 83 12 23
68 91 4 23
68 88 5 23
68 51 10 23
68 83 12 23
288 316 4 23
288 302 6 23
288 292 10 23
288 265 14 23
288 260 16 23
534 535 4 23
534 536 5 23
534 520 6 23
534 531 7 23
534 511 11 23
534 558 14 23
534 550 16 23
2 25 4 24
2 31 4 24
7 25 4 24
7 31 4 24
57 31 4 24
57 51 9 24
57 83 11 24
92 88 4 24
92 83 11 24
92 119 13 24
92 107 14 24
92 98 15 24
305 302 5 24
305 292 9 24
305 320 11 24
525 499 4 24
525 536 4 24
525 520 5 24
525 531 6 24
525 501 10 24
525 511 10 24
525 550 15 24
86 83 10 25
86 107 13 25
86 98 14 25
194 168 8 25
328 302 4 25
328 339 6 25
328 320 10 25
575 582 7 25
575 579 11 25
575 558 12 25
575 550 14 25
32 51 7 26
577 582 6 26
577 579 10 26
577 558 11 26
577 550 13 26
35 51 6 27
91 83 8 27
91 119 10 27
91 107 11 27
91 98 12 27
160 168 6 27
160 157 7 27
160 161 11 27
316 339 4 27
316 292 6 27
316 320 8 27
535 511 7 27
535 558 10 27
535 550 12 27
25 51 5 28
31 51 5 28
88 83 7 28
88 107 10 28
88 98 11 28
137 157 6 28
137 119 9 28
137 128 9 28
137 107 10 28
137 161 10 28
499 501 6 28
499 511 6 28
536 511 6 28
536 558 9 28
536 550 11 28
163 168 4 29
163 157 5 29
163 161 9 29
302 292 4 29
302 320 6 29
520 501 5 29
520 511 5 29
531 501 4 30
531 511 4 30
531 558 7 30
531 550 9 30
339 320 4 31
719 720 4 31
719 689 7 31
582 579 4 32
582 558 5 32
168 161 5 33
292 265 4 33
157 161 4 34
83 98 4 35
