85 112 7 0
85 73 8 0
85 105 11 0
85 113 12 0
85 63 13 0
85 82 14 0
85 85 20 0
85 67 26 0
85 70 29 0
85 76 41 0
322 333 4 0
322 344 5 0
322 351 6 0
322 333 8 0
322 293 14 0
322 328 20 0
322 337 23 0
322 315 24 0
322 326 26 0
720 722 5 0
720 747 11 0
98 112 6 1
98 73 7 1
98 124 8 1
98 105 10 1
98 113 11 1
98 82 13 1
98 85 19 1
98 117 21 1
98 118 22 1
98 121 27 1
98 70 28 1
98 76 40 1
160 144 8 1
160 142 12 1
160 154 13 1
351 344 4 1
351 351 5 1
351 333 7 1
351 356 8 1
351 352 9 1
351 328 19 1
351 337 22 1
351 326 25 1
351 358 40 1
726 722 4 1
726 747 10 1
344 351 4 2
344 333 6 2
344 356 7 2
344 352 8 2
344 328 18 2
344 337 21 2
344 315 22 2
344 326 24 2
344 358 39 2
549 531 4 2
549 548 7 2
549 555 8 2
549 572 11 2
134 112 4 3
134 129 4 3
134 124 6 3
134 144 6 3
134 105 8 3
134 113 9 3
134 142 10 3
134 154 11 3
134 117 19 3
134 118 20 3
134 121 25 3
739 760 4 3
739 747 8 3
739 757 9 3
34 38 6 4
34 46 8 4
34 11 9 4
34 16 9 4
34 41 9 4
34 63 9 4
34 7 16 4
34 18 16 4
34 51 16 4
34 38 17 4
34 4 21 4
34 15 22 4
34 8 25 4
34 29 25 4
34 37 25 4
333 333 4 4
333 356 5 4
333 352 6 4
333 328 16 4
333 337 19 4
333 315 20 4
333 326 22 4
333 358 37 4
787 757 8 4
787 807 18 4
344 356 4 5
344 352 5 5
344 328 15 5
344 337 18 5
344 315 19 5
344 326 21 5
344 358 36 5
722 747 6 5
351 352 4 6
351 328 14 6
351 337 17 6
351 326 20 6
351 358 35 6
531 555 4 6
531 518 8 6
531 514 21 6
531 511 24 6
112 105 4 7
112 113 5 7
112 82 7 7
112 85 13 7
112 117 15 7
112 118 16 7
112 121 21 7
129 105 4 7
129 113 5 7
129 142 6 7
129 154 7 7
129 117 15 7
129 118 16 7
129 121 21 7
388 387 14 7
388 358 34 7
760 747 4 7
760 757 5 7
73 46 4 8
73 63 5 8
73 82 6 8
73 51 12 8
73 85 12 8
73 67 18 8
73 70 21 8
73 76 33 8
251 277 5 8
251 233 14 8
251 224 15 8
251 235 16 8
251 269 21 8
251 230 22 8
251 256 22 8
251 243 33 8
333 328 12 8
333 337 15 8
333 315 16 8
333 326 18 8
333 358 33 8
864 834 17 8
124 142 4 9
124 117 13 9
124 118 14 9
124 121 19 9
144 142 4 9
144 154 5 9
144 117 13 9
144 118 14 9
144 121 19 9
356 328 11 9
356 337 14 9
356 326 17 9
356 358 32 9
548 572 4 9
548 518 5 9
38 18 10 10
38 51 10 10
38 38 11 10
38 15 16 10
38 67 16 10
38 8 19 10
38 29 19 10
38 37 19 10
352 328 10 10
352 337 13 10
352 326 16 10
352 358 31 10
555 582 18 10
555 584 19 10
105 85 9 11
105 117 11 11
105 118 12 11
105 121 17 11
105 76 30 11
46 18 8 12
46 51 8 12
46 38 9 12
46 67 14 12
46 29 17 12
46 37 17 12
46 70 17 12
113 85 8 12
113 117 10 12
113 118 11 12
113 121 16 12
11 2 7 13
11 7 7 13
11 18 7 13
11 38 8 13
11 4 12 13
11 15 13 13
11 0 16 13
11 8 16 13
11 29 16 13
11 37 16 13
16 2 7 13
16 7 7 13
16 18 7 13
16 38 8 13
16 4 12 13
16 15 13 13
16 0 16 13
16 8 16 13
16 29 16 13
16 37 16 13
41 18 7 13
41 51 7 13
41 38 8 13
41 15 13 13
41 67 13 13
41 29 16 13
41 37 16 13
41 70 16 13
63 51 7 13
63 85 7 13
63 38 8 13
63 67 13 13
63 37 16 13
63 70 16 13
63 76 28 13
142 117 9 13
142 118 10 13
142 121 15 13
277 289 12 13
277 269 16 13
277 256 17 13
572 594 8 13
572 582 15 13
572 584 16 13
82 85 6 14
82 67 12 14
82 70 15 14
82 76 27 14
293 315 10 14
293 289 11 14
293 269 15 14
518 514 13 14
518 495 14 14
518 511 16 14
2 4 5 20
2 15 6 20
2 0 9 20
2 8 9 20
2 29 9 20
7 4 5 20
7 15 6 20
7 0 9 20
7 8 9 20
7 29 9 20
18 4 5 20
18 15 6 20
18 0 9 20
18 8 9 20
18 29 9 20
18 37 9 20
51 67 6 20
51 29 9 20
51 37 9 20
51 70 9 20
51 76 21 20
85 67 6 20
85 70 9 20
85 76 21 20
328 315 4 20
328 326 6 20
38 15 5 21
38 67 5 21
38 8 8 21
38 29 8 21
38 37 8 21
387 358 20 21
594 613 5 21
594 582 7 21
594 584 8 21
117 121 6 22
233 230 8 22
233 256 8 22
233 243 19 22
118 121 5 23
224 198 6 23
224 230 7 23
224 243 18 23
337 358 18 23
235 230 6 24
235 256 6 24
235 243 17 24
613 584 5 24
4 0 4 25
4 8 4 25
4 29 4 25
289 269 4 25
67 76 15 26
70 76 12 29
269 243 12 29
230 243 11 30
256 243 11 30
