60 51 1 1
60 58 3 1
60 63 3 1
60 29 4 1
60 34 4 1
60 79 4 1
60 73 6 1
60 20 7 1
60 15 8 1
60 78 13 1
60 23 20 1
60 82 34 1
60 22 35 1
60 31 35 1
60 91 35 1
60 20 36 1
60 99 36 1
60 99 37 1
60 51 38 1
60 100 38 1
60 16 39 1
60 101 39 1
60 18 40 1
60 97 40 1
60 17 41 1
60 98 41 1
60 82 42 1
60 48 44 1
60 79 44 1
60 86 46 1
60 72 47 1
60 93 53 1
60 96 54 1
60 28 57 1
60 32 57 1
60 68 57 1
60 96 58 1
60 78 64 1
60 31 66 1
60 31 68 1
60 97 68 1
60 36 69 1
60 77 69 1
60 14 70 1
60 36 70 1
60 77 70 1
182 219 1 1
182 169 7 1
182 168 16 1
182 169 17 1
182 183 18 1
182 206 20 1
182 198 25 1
182 166 29 1
182 133 32 1
182 183 36 1
182 196 37 1
182 226 41 1
182 160 42 1
182 133 49 1
182 134 50 1
182 202 51 1
182 138 53 1
182 148 58 1
182 197 59 1
182 182 65 1
182 143 67 1
182 145 68 1
182 146 70 1
454 437 1 1
454 421 2 1
454 433 3 1
454 435 8 1
454 423 12 1
454 439 14 1
454 405 15 1
454 428 24 1
454 429 25 1
454 433 26 1
454 433 27 1
454 433 28 1
454 444 45 1
454 469 46 1
454 478 47 1
454 491 48 1
454 479 49 1
454 463 52 1
454 468 53 1
454 473 58 1
454 459 63 1
454 482 64 1
454 465 66 1
454 478 68 1
534 516 1 1
534 577 5 1
534 536 12 1
534 555 15 1
534 557 16 1
534 520 20 1
534 571 24 1
534 578 25 1
534 544 26 1
534 539 27 1
534 530 29 1
534 519 40 1
534 518 41 1
534 514 45 1
534 511 46 1
534 523 47 1
534 491 48 1
534 559 49 1
534 561 50 1
534 549 54 1
534 553 55 1
534 550 58 1
534 523 59 1
534 529 60 1
534 581 61 1
534 554 63 1
534 524 64 1
534 525 65 1
534 569 66 1
534 576 67 1
51 58 2 2
51 63 2 2
51 29 3 2
51 34 3 2
51 79 3 2
51 73 5 2
51 20 6 2
51 8 7 2
51 15 7 2
51 3 8 2
51 3 10 2
51 78 12 2
51 3 15 2
51 1 18 2
51 3 18 2
51 2 19 2
51 3 19 2
51 23 19 2
51 2 23 2
51 3 23 2
51 9 23 2
51 6 24 2
51 7 24 2
51 6 26 2
51 8 26 2
51 1 28 2
51 5 28 2
51 82 33 2
51 22 34 2
51 31 34 2
51 91 34 2
51 20 35 2
51 99 35 2
51 99 36 2
51 51 37 2
51 100 37 2
51 16 38 2
51 18 39 2
51 97 39 2
51 6 40 2
51 17 40 2
51 98 40 2
51 82 41 2
51 48 43 2
51 79 43 2
51 86 45 2
51 5 46 2
51 8 46 2
51 72 46 2
51 2 49 2
51 93 52 2
51 96 53 2
51 28 56 2
51 32 56 2
51 68 56 2
51 96 57 2
51 78 63 2
51 9 64 2
51 7 65 2
51 31 65 2
51 31 67 2
51 97 67 2
51 36 68 2
51 77 68 2
51 1 69 2
51 3 69 2
51 14 69 2
51 36 69 2
51 77 69 2
219 252 3 2
219 255 3 2
219 169 6 2
219 234 11 2
219 169 16 2
219 183 17 2
219 206 19 2
219 268 22 2
219 198 24 2
219 244 30 2
219 259 30 2
219 183 35 2
219 196 36 2
219 226 40 2
219 267 42 2
219 247 43 2
219 257 43 2
219 248 44 2
219 202 50 2
219 233 51 2
219 197 58 2
219 242 59 2
219 236 60 2
219 255 60 2
219 182 64 2
219 243 68 2
437 421 1 2
437 433 2 2
437 435 7 2
437 387 9 2
437 423 11 2
437 439 13 2
437 405 14 2
437 428 23 2
437 429 24 2
437 433 25 2
437 433 26 2
437 433 27 2
437 444 44 2
437 469 45 2
437 478 46 2
437 479 48 2
437 387 50 2
437 463 51 2
437 468 52 2
437 473 57 2
437 390 58 2
437 459 62 2
437 482 63 2
437 465 65 2
437 478 67 2
516 536 11 2
516 555 14 2
516 557 15 2
516 520 19 2
516 544 25 2
516 539 26 2
516 530 28 2
516 519 39 2
516 518 40 2
516 514 44 2
516 469 45 2
516 511 45 2
516 478 46 2
516 523 46 2
516 491 47 2
516 479 48 2
516 559 48 2
516 561 49 2
516 468 52 2
516 549 53 2
516 553 54 2
516 473 57 2
516 550 57 2
516 523 58 2
516 529 59 2
516 554 62 2
516 482 63 2
516 524 63 2
516 525 64 2
516 478 67 2
421 433 1 3
421 435 6 3
421 387 8 3
421 423 10 3
421 439 12 3
421 405 13 3
421 378 19 3
421 428 22 3
421 429 23 3
421 433 24 3
421 433 25 3
421 433 26 3
421 444 43 3
421 469 44 3
421 387 49 3
421 463 50 3
421 468 51 3
421 390 57 3
421 459 61 3
421 465 64 3
421 375 67 3
691 661 4 3
691 678 5 3
691 674 7 3
691 664 8 3
691 677 15 3
691 668 16 3
691 688 17 3
691 702 19 3
691 728 20 3
691 709 21 3
691 719 26 3
691 721 29 3
691 722 32 3
691 671 34 3
691 667 35 3
691 686 37 3
691 658 40 3
691 662 51 3
691 664 66 3
691 720 68 3
58 29 1 4
58 34 1 4
58 79 1 4
58 73 3 4
58 20 4 4
58 8 5 4
58 15 5 4
58 78 10 4
58 23 17 4
58 9 21 4
58 8 24 4
58 82 31 4
58 22 32 4
58 31 32 4
58 91 32 4
58 20 33 4
58 99 33 4
58 99 34 4
58 51 35 4
58 100 35 4
58 16 36 4
58 101 36 4
58 18 37 4
58 97 37 4
58 17 38 4
58 98 38 4
58 82 39 4
58 48 41 4
58 79 41 4
58 86 43 4
58 8 44 4
58 72 44 4
58 93 50 4
58 96 51 4
58 28 54 4
58 32 54 4
58 68 54 4
58 96 55 4
58 78 61 4
58 9 62 4
58 31 63 4
58 31 65 4
58 97 65 4
58 36 66 4
58 77 66 4
58 14 67 4
58 36 67 4
58 77 67 4
63 29 1 4
63 34 1 4
63 79 1 4
63 73 3 4
63 20 4 4
63 15 5 4
63 78 10 4
63 23 17 4
63 82 31 4
63 22 32 4
63 31 32 4
63 91 32 4
63 20 33 4
63 99 33 4
63 99 34 4
63 51 35 4
63 100 35 4
63 16 36 4
63 101 36 4
63 18 37 4
63 97 37 4
63 17 38 4
63 98 38 4
63 82 39 4
63 48 41 4
63 79 41 4
63 86 43 4
63 72 44 4
63 93 50 4
63 96 51 4
63 28 54 4
63 32 54 4
63 68 54 4
63 96 55 4
63 78 61 4
63 31 63 4
63 31 65 4
63 97 65 4
63 36 66 4
63 77 66 4
63 14 67 4
63 36 67 4
63 77 67 4
433 435 5 4
433 387 7 4
433 423 9 4
433 439 11 4
433 405 12 4
433 428 21 4
433 429 22 4
433 433 23 4
433 433 24 4
433 433 25 4
433 444 42 4
433 469 43 4
433 478 44 4
433 479 46 4
433 387 48 4
433 463 49 4
433 468 50 4
433 473 55 4
433 390 56 4
433 459 60 4
433 482 61 4
433 465 63 4
433 478 65 4
765 752 5 4
765 728 19 4
765 719 25 4
765 721 28 4
765 758 30 4
765 722 31 4
765 761 48 4
765 759 49 4
765 757 66 4
765 720 67 4
29 73 2 5
29 20 3 5
29 8 4 5
29 15 4 5
29 3 5 5
29 3 7 5
29 0 8 5
29 78 9 5
29 3 12 5
29 1 15 5
29 3 15 5
29 2 16 5
29 3 16 5
29 23 16 5
29 2 20 5
29 3 20 5
29 9 20 5
29 0 21 5
29 6 21 5
29 7 21 5
29 6 23 5
29 8 23 5
29 1 25 5
29 5 25 5
29 22 31 5
29 31 31 5
29 20 32 5
29 51 34 5
29 16 35 5
29 18 36 5
29 6 37 5
29 17 37 5
29 48 40 5
29 5 43 5
29 8 43 5
29 72 43 5
29 2 46 5
29 28 53 5
29 32 53 5
29 68 53 5
29 78 60 5
29 9 61 5
29 7 62 5
29 31 62 5
29 31 64 5
29 36 65 5
29 77 65 5
29 0 66 5
29 1 66 5
29 3 66 5
29 14 66 5
29 36 66 5
29 77 66 5
34 73 2 5
34 20 3 5
34 8 4 5
34 15 4 5
34 3 5 5
34 3 7 5
34 0 8 5
34 78 9 5
34 3 12 5
34 1 15 5
34 3 15 5
34 2 16 5
34 3 16 5
34 23 16 5
34 2 20 5
34 3 20 5
34 9 20 5
34 0 21 5
34 6 21 5
34 7 21 5
34 6 23 5
34 8 23 5
34 1 25 5
34 5 25 5
34 82 30 5
34 22 31 5
34 31 31 5
34 20 32 5
34 51 34 5
34 16 35 5
34 18 36 5
34 6 37 5
34 17 37 5
34 82 38 5
34 48 40 5
34 79 40 5
34 5 43 5
34 8 43 5
34 72 43 5
34 2 46 5
34 28 53 5
34 32 53 5
34 68 53 5
34 78 60 5
34 9 61 5
34 7 62 5
34 31 62 5
34 31 64 5
34 36 65 5
34 77 65 5
34 0 66 5
34 1 66 5
34 3 66 5
34 14 66 5
34 36 66 5
34 77 66 5
79 73 2 5
79 114 5 5
79 128 5 5
79 78 9 5
79 114 25 5
79 82 30 5
79 31 31 5
79 91 31 5
79 99 32 5
79 99 33 5
79 51 34 5
79 100 34 5
79 101 35 5
79 97 36 5
79 98 37 5
79 82 38 5
79 115 39 5
79 48 40 5
79 79 40 5
79 86 42 5
79 72 43 5
79 114 45 5
79 93 49 5
79 96 50 5
79 32 53 5
79 68 53 5
79 96 54 5
79 125 58 5
79 127 58 5
79 125 59 5
79 127 59 5
79 78 60 5
79 31 62 5
79 31 64 5
79 97 64 5
79 36 65 5
79 77 65 5
79 36 66 5
79 77 66 5
252 274 1 5
252 271 2 5
252 234 8 5
252 298 14 5
252 206 16 5
252 268 19 5
252 281 25 5
252 289 26 5
252 244 27 5
252 259 27 5
252 226 37 5
252 267 39 5
252 247 40 5
252 257 40 5
252 248 41 5
252 202 47 5
252 233 48 5
252 242 56 5
252 236 57 5
252 255 57 5
252 276 58 5
252 243 65 5
255 274 1 5
255 271 2 5
255 234 8 5
255 298 14 5
255 206 16 5
255 268 19 5
255 281 25 5
255 289 26 5
255 244 27 5
255 259 27 5
255 226 37 5
255 267 39 5
255 247 40 5
255 257 40 5
255 248 41 5
255 233 48 5
255 242 56 5
255 236 57 5
255 255 57 5
255 276 58 5
255 243 65 5
636 661 2 5
636 678 3 5
636 674 5 5
636 664 6 5
636 633 7 5
636 632 9 5
636 629 10 5
636 677 13 5
636 668 14 5
636 631 26 5
636 627 28 5
636 671 32 5
636 667 33 5
636 658 38 5
636 628 40 5
636 627 44 5
636 662 49 5
636 600 58 5
636 664 64 5
274 271 1 6
274 323 4 6
274 234 7 6
274 298 13 6
274 268 18 6
274 281 24 6
274 289 25 6
274 244 26 6
274 259 26 6
274 226 36 6
274 267 38 6
274 247 39 6
274 257 39 6
274 248 40 6
274 233 47 6
274 242 55 6
274 236 56 6
274 255 56 6
274 276 57 6
274 243 64 6
577 536 7 6
577 555 10 6
577 557 11 6
577 571 19 6
577 578 20 6
577 544 21 6
577 539 22 6
577 530 24 6
577 559 44 6
577 561 45 6
577 549 49 6
577 553 50 6
577 550 53 6
577 529 55 6
577 581 56 6
577 600 57 6
577 554 58 6
577 569 61 6
577 576 62 6
73 114 3 7
73 78 7 7
73 23 14 7
73 114 23 7
73 82 28 7
73 31 29 7
73 91 29 7
73 99 30 7
73 99 31 7
73 51 32 7
73 100 32 7
73 101 33 7
73 97 34 7
73 98 35 7
73 82 36 7
73 115 37 7
73 48 38 7
73 79 38 7
73 86 40 7
73 72 41 7
73 114 43 7
73 93 47 7
73 96 48 7
73 28 51 7
73 32 51 7
73 68 51 7
73 96 52 7
73 78 58 7
73 31 60 7
73 31 62 7
73 97 62 7
73 36 63 7
73 77 63 7
73 36 64 7
73 77 64 7
271 234 6 7
271 298 12 7
271 268 17 7
271 281 23 7
271 289 24 7
271 244 25 7
271 259 25 7
271 226 35 7
271 267 37 7
271 247 38 7
271 257 38 7
271 248 39 7
271 233 46 7
271 242 54 7
271 236 55 7
271 255 55 7
271 276 56 7
271 243 63 7
661 678 1 7
661 674 3 7
661 664 4 7
661 633 5 7
661 632 7 7
661 629 8 7
661 677 11 7
661 668 12 7
661 688 13 7
661 702 15 7
661 709 17 7
661 631 24 7
661 627 26 7
661 671 30 7
661 667 31 7
661 686 33 7
661 658 36 7
661 628 38 7
661 627 42 7
661 662 47 7
661 664 62 7
20 8 1 8
20 15 1 8
20 3 2 8
20 3 4 8
20 0 5 8
20 3 9 8
20 1 12 8
20 3 12 8
20 2 13 8
20 3 13 8
20 23 13 8
20 2 17 8
20 3 17 8
20 9 17 8
20 0 18 8
20 6 18 8
20 7 18 8
20 6 20 8
20 8 20 8
20 1 22 8
20 5 22 8
20 22 28 8
20 31 28 8
20 20 29 8
20 51 31 8
20 16 32 8
20 18 33 8
20 6 34 8
20 17 34 8
20 48 37 8
20 5 40 8
20 8 40 8
20 2 43 8
20 28 50 8
20 32 50 8
20 68 50 8
20 9 58 8
20 7 59 8
20 31 59 8
20 31 61 8
20 36 62 8
20 0 63 8
20 1 63 8
20 3 63 8
20 14 63 8
20 36 63 8
169 128 2 8
169 168 9 8
169 169 10 8
169 183 11 8
169 206 13 8
169 198 18 8
169 166 22 8
169 133 25 8
169 129 27 8
169 183 29 8
169 196 30 8
169 160 35 8
169 133 42 8
169 134 43 8
169 202 44 8
169 138 46 8
169 148 51 8
169 197 52 8
169 125 55 8
169 127 55 8
169 125 56 8
169 127 56 8
169 182 58 8
169 143 60 8
169 145 61 8
169 146 63 8
331 323 2 8
331 358 9 8
331 358 10 8
331 298 11 8
331 336 13 8
331 378 14 8
331 281 22 8
331 289 23 8
331 361 27 8
331 344 28 8
331 350 29 8
331 357 30 8
331 347 31 8
331 356 32 8
331 352 33 8
331 353 34 8
331 351 35 8
331 368 43 8
331 364 53 8
331 324 58 8
331 324 60 8
331 375 62 8
331 363 63 8
678 674 2 8
678 664 3 8
678 633 4 8
678 632 6 8
678 629 7 8
678 677 10 8
678 668 11 8
678 688 12 8
678 702 14 8
678 709 16 8
678 719 21 8
678 631 23 8
678 721 24 8
678 722 27 8
678 671 29 8
678 667 30 8
678 686 32 8
678 658 35 8
678 628 37 8
678 662 46 8
678 664 61 8
678 720 63 8
8 3 1 9
8 3 3 9
8 0 4 9
8 3 8 9
8 1 11 9
8 3 11 9
8 2 12 9
8 3 12 9
8 23 12 9
8 2 16 9
8 3 16 9
8 9 16 9
8 0 17 9
8 6 17 9
8 7 17 9
8 6 19 9
8 8 19 9
8 1 21 9
8 5 21 9
8 22 27 9
8 31 27 9
8 20 28 9
8 51 30 9
8 16 31 9
8 18 32 9
8 6 33 9
8 17 33 9
8 48 36 9
8 5 39 9
8 8 39 9
8 2 42 9
8 28 49 9
8 32 49 9
8 9 57 9
8 7 58 9
8 31 58 9
8 31 60 9
8 36 61 9
8 0 62 9
8 1 62 9
8 3 62 9
8 14 62 9
8 36 62 9
15 3 1 9
15 3 3 9
15 0 4 9
15 3 8 9
15 1 11 9
15 3 11 9
15 2 12 9
15 3 12 9
15 23 12 9
15 2 16 9
15 3 16 9
15 9 16 9
15 0 17 9
15 6 17 9
15 7 17 9
15 6 19 9
15 8 19 9
15 1 21 9
15 5 21 9
15 22 27 9
15 31 27 9
15 20 28 9
15 51 30 9
15 16 31 9
15 18 32 9
15 6 33 9
15 17 33 9
15 48 36 9
15 5 39 9
15 8 39 9
15 2 42 9
15 28 49 9
15 32 49 9
15 9 57 9
15 7 58 9
15 31 58 9
15 31 60 9
15 36 61 9
15 0 62 9
15 1 62 9
15 3 62 9
15 14 62 9
15 36 62 9
435 387 2 9
435 423 4 9
435 439 6 9
435 405 7 9
435 428 16 9
435 429 17 9
435 433 18 9
435 433 19 9
435 433 20 9
435 444 37 9
435 469 38 9
435 478 39 9
435 479 41 9
435 387 43 9
435 463 44 9
435 468 45 9
435 473 50 9
435 390 51 9
435 459 55 9
435 482 56 9
435 465 58 9
435 478 60 9
752 702 13 9
752 728 14 9
752 709 15 9
752 719 20 9
752 721 23 9
752 758 25 9
752 722 26 9
752 761 43 9
752 759 44 9
752 757 61 9
752 720 62 9
3 3 2 10
3 0 3 10
3 3 7 10
3 1 10 10
3 3 10 10
3 2 11 10
3 3 11 10
3 23 11 10
3 2 15 10
3 3 15 10
3 9 15 10
3 0 16 10
3 6 16 10
3 7 16 10
3 6 18 10
3 8 18 10
3 1 20 10
3 5 20 10
3 22 26 10
3 31 26 10
3 20 27 10
3 51 29 10
3 16 30 10
3 18 31 10
3 6 32 10
3 17 32 10
3 48 35 10
3 5 38 10
3 8 38 10
3 2 41 10
3 28 48 10
3 32 48 10
3 9 56 10
3 7 57 10
3 31 57 10
3 31 59 10
3 36 60 10
3 0 61 10
3 1 61 10
3 3 61 10
3 14 61 10
3 36 61 10
114 78 4 10
114 114 20 10
114 133 23 10
114 82 25 10
114 129 25 10
114 91 26 10
114 99 27 10
114 99 28 10
114 100 29 10
114 101 30 10
114 97 31 10
114 98 32 10
114 82 33 10
114 160 33 10
114 115 34 10
114 79 35 10
114 86 37 10
114 72 38 10
114 114 40 10
114 133 40 10
114 134 41 10
114 93 44 10
114 138 44 10
114 96 45 10
114 68 48 10
114 96 49 10
114 148 49 10
114 125 53 10
114 127 53 10
114 125 54 10
114 127 54 10
114 78 55 10
114 143 58 10
114 97 59 10
114 145 59 10
114 77 60 10
114 77 61 10
114 146 61 10
128 78 4 10
128 168 7 10
128 169 8 10
128 114 20 10
128 166 20 10
128 133 23 10
128 82 25 10
128 129 25 10
128 91 26 10
128 99 27 10
128 99 28 10
128 100 29 10
128 101 30 10
128 97 31 10
128 98 32 10
128 82 33 10
128 160 33 10
128 115 34 10
128 79 35 10
128 86 37 10
128 114 40 10
128 133 40 10
128 134 41 10
128 93 44 10
128 138 44 10
128 96 45 10
128 96 49 10
128 148 49 10
128 125 53 10
128 127 53 10
128 125 54 10
128 127 54 10
128 78 55 10
128 143 58 10
128 97 59 10
128 145 59 10
128 146 61 10
323 358 7 10
323 358 8 10
323 298 9 10
323 336 11 10
323 281 20 10
323 289 21 10
323 361 25 10
323 344 26 10
323 350 27 10
323 357 28 10
323 347 29 10
323 356 30 10
323 352 31 10
323 353 32 10
323 351 33 10
323 368 41 10
323 364 51 10
323 276 53 10
323 324 56 10
323 324 58 10
323 363 61 10
674 664 1 10
674 633 2 10
674 632 4 10
674 629 5 10
674 677 8 10
674 668 9 10
674 688 10 10
674 702 12 10
674 709 14 10
674 719 19 10
674 631 21 10
674 721 22 10
674 627 23 10
674 722 25 10
674 671 27 10
674 667 28 10
674 686 30 10
674 658 33 10
674 628 35 10
674 627 39 10
674 662 44 10
674 664 59 10
674 720 61 10
387 423 2 11
387 405 5 11
387 358 6 11
387 358 7 11
387 378 11 11
387 428 14 11
387 429 15 11
387 433 16 11
387 433 17 11
387 433 18 11
387 361 24 11
387 344 25 11
387 350 26 11
387 357 27 11
387 347 28 11
387 356 29 11
387 352 30 11
387 353 31 11
387 351 32 11
387 368 40 11
387 387 41 11
387 390 49 11
387 364 50 11
387 375 59 11
387 363 60 11
664 633 1 11
664 632 3 11
664 629 4 11
664 677 7 11
664 668 8 11
664 688 9 11
664 702 11 11
664 709 13 11
664 631 20 11
664 627 22 11
664 671 26 11
664 667 27 11
664 686 29 11
664 658 32 11
664 628 34 11
664 627 38 11
664 662 43 11
664 664 58 11
3 0 1 12
3 3 5 12
3 1 8 12
3 3 8 12
3 2 9 12
3 3 9 12
3 23 9 12
3 2 13 12
3 3 13 12
3 9 13 12
3 0 14 12
3 6 14 12
3 7 14 12
3 6 16 12
3 8 16 12
3 1 18 12
3 5 18 12
3 22 24 12
3 31 24 12
3 20 25 12
3 51 27 12
3 16 28 12
3 18 29 12
3 6 30 12
3 17 30 12
3 48 33 12
3 5 36 12
3 8 36 12
3 2 39 12
3 28 46 12
3 32 46 12
3 9 54 12
3 7 55 12
3 31 55 12
3 31 57 12
3 36 58 12
3 0 59 12
3 1 59 12
3 3 59 12
3 14 59 12
3 36 59 12
633 632 2 12
633 629 3 12
633 677 6 12
633 668 7 12
633 631 19 12
633 627 21 12
633 671 25 12
633 667 26 12
633 658 31 12
633 628 33 12
633 627 37 12
633 662 42 12
633 600 51 12
633 664 57 12
0 3 4 13
0 1 7 13
0 3 7 13
0 2 8 13
0 3 8 13
0 23 8 13
0 2 12 13
0 3 12 13
0 9 12 13
0 0 13 13
0 6 13 13
0 7 13 13
0 6 15 13
0 8 15 13
0 1 17 13
0 5 17 13
0 22 23 13
0 31 23 13
0 20 24 13
0 16 27 13
0 18 28 13
0 6 29 13
0 17 29 13
0 48 32 13
0 5 35 13
0 8 35 13
0 2 38 13
0 28 45 13
0 32 45 13
0 9 53 13
0 7 54 13
0 31 54 13
0 31 56 13
0 36 57 13
0 0 58 13
0 1 58 13
0 3 58 13
0 14 58 13
0 36 58 13
234 206 8 13
234 268 11 13
234 198 13 13
234 281 17 13
234 244 19 13
234 259 19 13
234 196 25 13
234 226 29 13
234 267 31 13
234 247 32 13
234 257 32 13
234 248 33 13
234 202 39 13
234 233 40 13
234 197 47 13
234 242 48 13
234 236 49 13
234 255 49 13
234 276 50 13
234 243 57 13
423 439 2 13
423 405 3 13
423 378 9 13
423 428 12 13
423 429 13 13
423 433 14 13
423 433 15 13
423 433 16 13
423 444 33 13
423 469 34 13
423 387 39 13
423 463 40 13
423 468 41 13
423 390 47 13
423 459 51 13
423 465 54 13
423 375 57 13
536 555 3 13
536 557 4 13
536 520 8 13
536 571 12 13
536 578 13 13
536 544 14 13
536 539 15 13
536 530 17 13
536 519 28 13
536 518 29 13
536 514 33 13
536 511 34 13
536 523 35 13
536 491 36 13
536 559 37 13
536 561 38 13
536 549 42 13
536 553 43 13
536 550 46 13
536 523 47 13
536 529 48 13
536 581 49 13
536 554 51 13
536 524 52 13
536 525 53 13
536 569 54 13
536 576 55 13
78 114 16 14
78 82 21 14
78 31 22 14
78 91 22 14
78 99 23 14
78 99 24 14
78 51 25 14
78 100 25 14
78 101 26 14
78 97 27 14
78 98 28 14
78 82 29 14
78 115 30 14
78 48 31 14
78 79 31 14
78 86 33 14
78 72 34 14
78 114 36 14
78 93 40 14
78 96 41 14
78 28 44 14
78 32 44 14
78 68 44 14
78 96 45 14
78 125 49 14
78 127 49 14
78 125 50 14
78 127 50 14
78 78 51 14
78 31 53 14
78 31 55 14
78 97 55 14
78 36 56 14
78 77 56 14
78 36 57 14
78 77 57 14
632 629 1 14
632 677 4 14
632 668 5 14
632 631 17 14
632 627 19 14
632 671 23 14
632 667 24 14
632 658 29 14
632 628 31 14
632 627 35 14
632 662 40 14
632 600 49 14
632 664 55 14
439 405 1 15
439 428 10 15
439 429 11 15
439 433 12 15
439 433 13 15
439 433 14 15
439 444 31 15
439 469 32 15
439 478 33 15
439 479 35 15
439 463 38 15
439 468 39 15
439 473 44 15
439 390 45 15
439 459 49 15
439 482 50 15
439 465 52 15
439 478 54 15
629 677 3 15
629 668 4 15
629 631 16 15
629 627 18 15
629 671 22 15
629 667 23 15
629 658 28 15
629 628 30 15
629 627 34 15
629 662 39 15
629 581 47 15
629 600 48 15
629 664 54 15
405 358 1 16
405 358 2 16
405 378 6 16
405 428 9 16
405 429 10 16
405 433 11 16
405 433 12 16
405 433 13 16
405 361 19 16
405 357 22 16
405 356 24 16
405 444 30 16
405 368 35 16
405 387 36 16
405 390 44 16
405 364 45 16
405 375 54 16
405 363 55 16
555 557 1 16
555 520 5 16
555 571 9 16
555 578 10 16
555 544 11 16
555 539 12 16
555 530 14 16
555 519 25 16
555 518 26 16
555 514 30 16
555 511 31 16
555 523 32 16
555 559 34 16
555 561 35 16
555 549 39 16
555 553 40 16
555 550 43 16
555 523 44 16
555 529 45 16
555 581 46 16
555 600 47 16
555 554 48 16
555 524 49 16
555 525 50 16
555 569 51 16
555 576 52 16
3 1 3 17
3 3 3 17
3 2 4 17
3 3 4 17
3 23 4 17
3 2 8 17
3 3 8 17
3 9 8 17
3 0 9 17
3 6 9 17
3 7 9 17
3 6 11 17
3 8 11 17
3 1 13 17
3 5 13 17
3 22 19 17
3 31 19 17
3 20 20 17
3 51 22 17
3 16 23 17
3 18 24 17
3 6 25 17
3 17 25 17
3 48 28 17
3 5 31 17
3 8 31 17
3 2 34 17
3 28 41 17
3 32 41 17
3 9 49 17
3 7 50 17
3 31 50 17
3 31 52 17
3 36 53 17
3 0 54 17
3 1 54 17
3 3 54 17
3 14 54 17
3 36 54 17
168 169 1 17
168 183 2 17
168 206 4 17
168 198 9 17
168 166 13 17
168 133 16 17
168 129 18 17
168 183 20 17
168 196 21 17
168 160 26 17
168 133 33 17
168 134 34 17
168 202 35 17
168 138 37 17
168 148 42 17
168 197 43 17
168 125 46 17
168 127 46 17
168 125 47 17
168 127 47 17
168 182 49 17
168 143 51 17
168 145 52 17
168 146 54 17
358 358 1 17
358 336 4 17
358 378 5 17
358 361 18 17
358 344 19 17
358 350 20 17
358 357 21 17
358 347 22 17
358 356 23 17
358 352 24 17
358 353 25 17
358 351 26 17
358 368 34 17
358 387 35 17
358 390 43 17
358 364 44 17
358 324 49 17
358 324 51 17
358 375 53 17
358 363 54 17
557 520 4 17
557 571 8 17
557 578 9 17
557 544 10 17
557 539 11 17
557 530 13 17
557 519 24 17
557 518 25 17
557 514 29 17
557 511 30 17
557 523 31 17
557 559 33 17
557 561 34 17
557 549 38 17
557 553 39 17
557 550 42 17
557 523 43 17
557 529 44 17
557 581 45 17
557 600 46 17
557 554 47 17
557 524 48 17
557 525 49 17
557 569 50 17
557 576 51 17
169 183 1 18
169 206 3 18
169 198 8 18
169 166 12 18
169 133 15 18
169 129 17 18
169 183 19 18
169 196 20 18
169 160 25 18
169 133 32 18
169 134 33 18
169 202 34 18
169 138 36 18
169 148 41 18
169 197 42 18
169 125 45 18
169 127 45 18
169 125 46 18
169 127 46 18
169 182 48 18
169 143 50 18
169 145 51 18
169 146 53 18
358 336 3 18
358 378 4 18
358 361 17 18
358 344 18 18
358 350 19 18
358 357 20 18
358 347 21 18
358 356 22 18
358 352 23 18
358 353 24 18
358 351 25 18
358 368 33 18
358 387 34 18
358 390 42 18
358 364 43 18
358 324 48 18
358 324 50 18
358 375 52 18
358 363 53 18
677 668 1 18
677 688 2 18
677 702 4 18
677 709 6 18
677 719 11 18
677 631 13 18
677 721 14 18
677 627 15 18
677 722 17 18
677 671 19 18
677 667 20 18
677 686 22 18
677 658 25 18
677 628 27 18
677 627 31 18
677 662 36 18
677 664 51 18
677 720 53 18
183 206 2 19
183 198 7 19
183 166 11 19
183 133 14 19
183 183 18 19
183 196 19 19
183 226 23 19
183 160 24 19
183 133 31 19
183 134 32 19
183 202 33 19
183 138 35 19
183 148 40 19
183 197 41 19
183 182 47 19
183 143 49 19
183 145 50 19
183 146 52 19
298 336 2 19
298 268 5 19
298 281 11 19
298 289 12 19
298 259 13 19
298 344 17 19
298 347 20 19
298 267 25 19
298 257 26 19
298 248 27 19
298 255 43 19
298 276 44 19
298 324 47 19
298 324 49 19
668 688 1 19
668 702 3 19
668 709 5 19
668 631 12 19
668 627 14 19
668 671 18 19
668 667 19 19
668 686 21 19
668 658 24 19
668 628 26 19
668 627 30 19
668 662 35 19
668 664 50 19
1 2 1 20
1 3 1 20
1 23 1 20
1 2 5 20
1 3 5 20
1 9 5 20
1 0 6 20
1 6 6 20
1 7 6 20
1 6 8 20
1 8 8 20
1 1 10 20
1 5 10 20
1 22 16 20
1 31 16 20
1 20 17 20
1 16 20 20
1 18 21 20
1 6 22 20
1 17 22 20
1 48 25 20
1 5 28 20
1 8 28 20
1 2 31 20
1 28 38 20
1 32 38 20
1 9 46 20
1 7 47 20
1 31 47 20
1 31 49 20
1 36 50 20
1 0 51 20
1 1 51 20
1 3 51 20
1 14 51 20
1 36 51 20
3 2 1 20
3 3 1 20
3 23 1 20
3 2 5 20
3 3 5 20
3 9 5 20
3 0 6 20
3 6 6 20
3 7 6 20
3 6 8 20
3 8 8 20
3 1 10 20
3 5 10 20
3 22 16 20
3 31 16 20
3 20 17 20
3 51 19 20
3 16 20 20
3 18 21 20
3 6 22 20
3 17 22 20
3 48 25 20
3 5 28 20
3 8 28 20
3 2 31 20
3 28 38 20
3 32 38 20
3 9 46 20
3 7 47 20
3 31 47 20
3 31 49 20
3 36 50 20
3 0 51 20
3 1 51 20
3 3 51 20
3 14 51 20
3 36 51 20
688 702 2 20
688 728 3 20
688 709 4 20
688 719 9 20
688 721 12 20
688 722 15 20
688 671 17 20
688 667 18 20
688 686 20 20
688 658 23 20
688 662 34 20
688 664 49 20
688 720 51 20
2 2 4 21
2 3 4 21
2 9 4 21
2 0 5 21
2 6 5 21
2 7 5 21
2 6 7 21
2 8 7 21
2 1 9 21
2 5 9 21
2 22 15 21
2 31 15 21
2 20 16 21
2 51 18 21
2 16 19 21
2 18 20 21
2 6 21 21
2 17 21 21
2 48 24 21
2 5 27 21
2 8 27 21
2 2 30 21
2 28 37 21
2 32 37 21
2 9 45 21
2 7 46 21
2 31 46 21
2 31 48 21
2 36 49 21
2 0 50 21
2 1 50 21
2 3 50 21
2 14 50 21
2 36 50 21
3 2 4 21
3 3 4 21
3 9 4 21
3 0 5 21
3 6 5 21
3 7 5 21
3 6 7 21
3 8 7 21
3 1 9 21
3 5 9 21
3 22 15 21
3 31 15 21
3 20 16 21
3 51 18 21
3 16 19 21
3 18 20 21
3 6 21 21
3 17 21 21
3 48 24 21
3 5 27 21
3 8 27 21
3 2 30 21
3 28 37 21
3 32 37 21
3 9 45 21
3 7 46 21
3 31 46 21
3 31 48 21
3 36 49 21
3 0 50 21
3 1 50 21
3 3 50 21
3 14 50 21
3 36 50 21
23 2 4 21
23 3 4 21
23 9 4 21
23 0 5 21
23 6 5 21
23 7 5 21
23 6 7 21
23 8 7 21
23 1 9 21
23 5 9 21
23 22 15 21
23 31 15 21
23 20 16 21
23 51 18 21
23 16 19 21
23 18 20 21
23 6 21 21
23 17 21 21
23 48 24 21
23 5 27 21
23 8 27 21
23 72 27 21
23 2 30 21
23 28 37 21
23 32 37 21
23 68 37 21
23 9 45 21
23 7 46 21
23 31 46 21
23 31 48 21
23 36 49 21
23 0 50 21
23 1 50 21
23 3 50 21
23 14 50 21
23 36 50 21
206 198 5 21
206 166 9 21
206 244 11 21
206 183 16 21
206 196 17 21
206 226 21 21
206 160 22 21
206 247 24 21
206 248 25 21
206 202 31 21
206 233 32 21
206 197 39 21
206 242 40 21
206 236 41 21
206 255 41 21
206 182 45 21
206 243 49 21
336 378 1 21
336 289 10 21
336 361 14 21
336 344 15 21
336 350 16 21
336 357 17 21
336 347 18 21
336 356 19 21
336 352 20 21
336 353 21 21
336 351 22 21
336 368 30 21
336 364 40 21
336 324 45 21
336 324 47 21
336 375 49 21
336 363 50 21
520 544 6 21
520 539 7 21
520 530 9 21
520 519 20 21
520 518 21 21
520 514 25 21
520 511 26 21
520 478 27 21
520 523 27 21
520 491 28 21
520 479 29 21
520 559 29 21
520 561 30 21
520 549 34 21
520 553 35 21
520 473 38 21
520 550 38 21
520 523 39 21
520 529 40 21
520 554 43 21
520 482 44 21
520 524 44 21
520 525 45 21
520 569 46 21
520 478 48 21
378 361 13 22
378 344 14 22
378 350 15 22
378 357 16 22
378 347 17 22
378 356 18 22
378 352 19 22
378 353 20 22
378 351 21 22
378 368 29 22
378 387 30 22
378 390 38 22
378 364 39 22
378 375 48 22
378 363 49 22
702 728 1 22
702 709 2 22
702 719 7 22
702 721 10 22
702 722 13 22
702 671 15 22
702 667 16 22
702 686 18 22
702 658 21 22
702 662 32 22
702 664 47 22
702 720 49 22
728 709 1 23
728 719 6 23
728 721 9 23
728 758 11 23
728 722 12 23
728 686 17 23
728 761 29 23
728 759 30 23
728 757 47 23
728 720 48 23
268 281 6 24
268 289 7 24
268 244 8 24
268 259 8 24
268 226 18 24
268 267 20 24
268 247 21 24
268 257 21 24
268 248 22 24
268 233 29 24
268 242 37 24
268 236 38 24
268 255 38 24
268 276 39 24
268 243 46 24
709 719 5 24
709 721 8 24
709 758 10 24
709 722 11 24
709 671 13 24
709 667 14 24
709 686 16 24
709 662 30 24
709 664 45 24
709 757 46 24
709 720 47 24
2 0 1 25
2 6 1 25
2 7 1 25
2 6 3 25
2 8 3 25
2 1 5 25
2 5 5 25
2 22 11 25
2 31 11 25
2 20 12 25
2 51 14 25
2 16 15 25
2 18 16 25
2 6 17 25
2 17 17 25
2 48 20 25
2 5 23 25
2 8 23 25
2 2 26 25
2 28 33 25
2 32 33 25
2 9 41 25
2 7 42 25
2 31 42 25
2 31 44 25
2 36 45 25
2 0 46 25
2 1 46 25
2 3 46 25
2 14 46 25
2 36 46 25
3 0 1 25
3 6 1 25
3 7 1 25
3 6 3 25
3 8 3 25
3 1 5 25
3 5 5 25
3 22 11 25
3 31 11 25
3 20 12 25
3 51 14 25
3 16 15 25
3 18 16 25
3 6 17 25
3 17 17 25
3 48 20 25
3 5 23 25
3 8 23 25
3 2 26 25
3 28 33 25
3 32 33 25
3 9 41 25
3 7 42 25
3 31 42 25
3 31 44 25
3 36 45 25
3 0 46 25
3 1 46 25
3 3 46 25
3 14 46 25
3 36 46 25
9 0 1 25
9 6 1 25
9 7 1 25
9 6 3 25
9 8 3 25
9 1 5 25
9 5 5 25
9 22 11 25
9 31 11 25
9 20 12 25
9 51 14 25
9 16 15 25
9 18 16 25
9 6 17 25
9 17 17 25
9 48 20 25
9 5 23 25
9 8 23 25
9 2 26 25
9 28 33 25
9 32 33 25
9 9 41 25
9 7 42 25
9 31 42 25
9 31 44 25
9 36 45 25
9 0 46 25
9 1 46 25
9 3 46 25
9 14 46 25
9 36 46 25
428 429 1 25
428 433 2 25
428 433 3 25
428 433 4 25
428 444 21 25
428 469 22 25
428 387 27 25
428 463 28 25
428 468 29 25
428 473 34 25
428 390 35 25
428 459 39 25
428 465 42 25
571 578 1 25
571 544 2 25
571 539 3 25
571 530 5 25
571 523 23 25
571 559 25 25
571 561 26 25
571 549 30 25
571 553 31 25
571 550 34 25
571 523 35 25
571 529 36 25
571 581 37 25
571 600 38 25
571 554 39 25
571 524 40 25
571 525 41 25
571 569 42 25
571 576 43 25
0 6 2 26
0 8 2 26
0 1 4 26
0 5 4 26
0 22 10 26
0 31 10 26
0 20 11 26
0 16 14 26
0 18 15 26
0 6 16 26
0 17 16 26
0 48 19 26
0 5 22 26
0 8 22 26
0 2 25 26
0 28 32 26
0 32 32 26
0 9 40 26
0 7 41 26
0 31 41 26
0 31 43 26
0 36 44 26
0 0 45 26
0 1 45 26
0 3 45 26
0 14 45 26
0 36 45 26
6 6 2 26
6 8 2 26
6 1 4 26
6 5 4 26
6 22 10 26
6 31 10 26
6 20 11 26
6 51 13 26
6 16 14 26
6 18 15 26
6 6 16 26
6 17 16 26
6 48 19 26
6 5 22 26
6 8 22 26
6 2 25 26
6 28 32 26
6 32 32 26
6 9 40 26
6 7 41 26
6 31 41 26
6 31 43 26
6 36 44 26
6 0 45 26
6 1 45 26
6 3 45 26
6 14 45 26
6 36 45 26
7 6 2 26
7 8 2 26
7 1 4 26
7 5 4 26
7 22 10 26
7 31 10 26
7 20 11 26
7 51 13 26
7 16 14 26
7 18 15 26
7 6 16 26
7 17 16 26
7 48 19 26
7 5 22 26
7 8 22 26
7 2 25 26
7 28 32 26
7 32 32 26
7 9 40 26
7 7 41 26
7 31 41 26
7 31 43 26
7 36 44 26
7 0 45 26
7 1 45 26
7 3 45 26
7 14 45 26
7 36 45 26
198 166 4 26
198 244 6 26
198 183 11 26
198 196 12 26
198 226 16 26
198 160 17 26
198 247 19 26
198 202 26 26
198 233 27 26
198 148 33 26
198 197 34 26
198 242 35 26
198 236 36 26
198 182 40 26
198 243 44 26
429 433 1 26
429 433 2 26
429 433 3 26
429 444 20 26
429 469 21 26
429 478 22 26
429 387 26 26
429 463 27 26
429 468 28 26
429 473 33 26
429 390 34 26
429 459 38 26
429 465 41 26
429 478 43 26
578 544 1 26
578 539 2 26
578 530 4 26
578 627 7 26
578 627 23 26
578 559 24 26
578 561 25 26
578 549 29 26
578 553 30 26
578 550 33 26
578 529 35 26
578 581 36 26
578 600 37 26
578 554 38 26
578 569 41 26
578 576 42 26
433 433 1 27
433 433 2 27
433 444 19 27
433 469 20 27
433 478 21 27
433 479 23 27
433 387 25 27
433 463 26 27
433 468 27 27
433 473 32 27
433 390 33 27
433 459 37 27
433 482 38 27
433 465 40 27
433 478 42 27
544 539 1 27
544 530 3 27
544 519 14 27
544 518 15 27
544 514 19 27
544 511 20 27
544 523 21 27
544 559 23 27
544 561 24 27
544 549 28 27
544 553 29 27
544 550 32 27
544 523 33 27
544 529 34 27
544 581 35 27
544 554 37 27
544 524 38 27
544 525 39 27
544 569 40 27
544 576 41 27
6 1 2 28
6 5 2 28
6 22 8 28
6 31 8 28
6 20 9 28
6 51 11 28
6 16 12 28
6 18 13 28
6 6 14 28
6 17 14 28
6 48 17 28
6 5 20 28
6 8 20 28
6 2 23 28
6 28 30 28
6 32 30 28
6 9 38 28
6 7 39 28
6 31 39 28
6 31 41 28
6 36 42 28
6 0 43 28
6 1 43 28
6 3 43 28
6 14 43 28
6 36 43 28
8 1 2 28
8 5 2 28
8 22 8 28
8 31 8 28
8 20 9 28
8 51 11 28
8 16 12 28
8 18 13 28
8 6 14 28
8 17 14 28
8 48 17 28
8 5 20 28
8 8 20 28
8 2 23 28
8 28 30 28
8 32 30 28
8 9 38 28
8 7 39 28
8 31 39 28
8 31 41 28
8 36 42 28
8 0 43 28
8 1 43 28
8 3 43 28
8 14 43 28
8 36 43 28
433 433 1 28
433 444 18 28
433 469 19 28
433 478 20 28
433 479 22 28
433 387 24 28
433 463 25 28
433 468 26 28
433 473 31 28
433 390 32 28
433 459 36 28
433 482 37 28
433 465 39 28
433 478 41 28
539 530 2 28
539 519 13 28
539 518 14 28
539 514 18 28
539 511 19 28
539 523 20 28
539 491 21 28
539 559 22 28
539 561 23 28
539 549 27 28
539 553 28 28
539 550 31 28
539 523 32 28
539 529 33 28
539 581 34 28
539 554 36 28
539 524 37 28
539 525 38 28
539 569 39 28
539 576 40 28
433 444 17 29
433 469 18 29
433 478 19 29
433 479 21 29
433 387 23 29
433 463 24 29
433 468 25 29
433 473 30 29
433 390 31 29
433 459 35 29
433 482 36 29
433 465 38 29
433 478 40 29
719 721 3 29
719 758 5 29
719 722 6 29
719 671 8 29
719 686 11 29
719 761 23 29
719 759 24 29
719 757 41 29
719 720 42 29
1 22 6 30
1 31 6 30
1 20 7 30
1 16 10 30
1 18 11 30
1 6 12 30
1 17 12 30
1 48 15 30
1 5 18 30
1 8 18 30
1 2 21 30
1 28 28 30
1 32 28 30
1 9 36 30
1 7 37 30
1 31 37 30
1 31 39 30
1 36 40 30
1 0 41 30
1 1 41 30
1 3 41 30
1 14 41 30
1 36 41 30
5 22 6 30
5 31 6 30
5 20 7 30
5 51 9 30
5 16 10 30
5 18 11 30
5 6 12 30
5 17 12 30
5 48 15 30
5 5 18 30
5 8 18 30
5 2 21 30
5 28 28 30
5 32 28 30
5 9 36 30
5 7 37 30
5 31 37 30
5 31 39 30
5 36 40 30
5 0 41 30
5 1 41 30
5 3 41 30
5 14 41 30
5 36 41 30
114 133 3 30
114 82 5 30
114 129 5 30
114 91 6 30
114 99 7 30
114 99 8 30
114 100 9 30
114 101 10 30
114 97 11 30
114 98 12 30
114 82 13 30
114 160 13 30
114 115 14 30
114 79 15 30
114 86 17 30
114 72 18 30
114 114 20 30
114 133 20 30
114 134 21 30
114 93 24 30
114 138 24 30
114 96 25 30
114 68 28 30
114 96 29 30
114 148 29 30
114 125 33 30
114 127 33 30
114 125 34 30
114 127 34 30
114 78 35 30
114 143 38 30
114 97 39 30
114 145 39 30
114 77 40 30
114 77 41 30
114 146 41 30
166 133 3 30
166 129 5 30
166 183 7 30
166 196 8 30
166 160 13 30
166 133 20 30
166 134 21 30
166 202 22 30
166 138 24 30
166 148 29 30
166 197 30 30
166 125 33 30
166 127 33 30
166 125 34 30
166 127 34 30
166 182 36 30
166 143 38 30
166 145 39 30
166 146 41 30
281 289 1 30
281 244 2 30
281 259 2 30
281 267 14 30
281 247 15 30
281 257 15 30
281 248 16 30
281 233 23 30
281 242 31 30
281 236 32 30
281 255 32 30
281 276 33 30
281 324 36 30
281 324 38 30
281 243 40 30
530 519 11 30
530 518 12 30
530 514 16 30
530 511 17 30
530 523 18 30
530 491 19 30
530 559 20 30
530 561 21 30
530 549 25 30
530 553 26 30
530 550 29 30
530 523 30 30
530 529 31 30
530 554 34 30
530 482 35 30
530 524 35 30
530 525 36 30
530 569 37 30
530 576 38 30
289 244 1 31
289 259 1 31
289 267 13 31
289 247 14 31
289 257 14 31
289 248 15 31
289 242 30 31
289 255 31 31
289 276 32 31
289 324 35 31
289 324 37 31
289 243 39 31
631 627 2 31
631 671 6 31
631 667 7 31
631 658 12 31
631 628 14 31
631 627 18 31
631 662 23 31
631 581 31 31
631 600 32 31
631 664 38 31
244 196 6 32
244 226 10 32
244 267 12 32
244 247 13 32
244 257 13 32
244 248 14 32
244 202 20 32
244 233 21 32
244 197 28 32
244 242 29 32
244 236 30 32
244 255 30 32
244 276 31 32
244 243 38 32
259 226 10 32
259 267 12 32
259 247 13 32
259 257 13 32
259 248 14 32
259 233 21 32
259 242 29 32
259 236 30 32
259 255 30 32
259 276 31 32
259 243 38 32
721 758 2 32
721 722 3 32
721 671 5 32
721 686 8 32
721 761 20 32
721 759 21 32
721 757 38 32
721 720 39 32
133 129 2 33
133 91 3 33
133 99 4 33
133 99 5 33
133 100 6 33
133 101 7 33
133 97 8 33
133 98 9 33
133 160 10 33
133 115 11 33
133 86 14 33
133 114 17 33
133 133 17 33
133 134 18 33
133 93 21 33
133 138 21 33
133 96 22 33
133 96 26 33
133 148 26 33
133 125 30 33
133 127 30 33
133 125 31 33
133 127 31 33
133 182 33 33
133 143 35 33
133 97 36 33
133 145 36 33
133 146 38 33
627 671 4 33
627 667 5 33
627 658 10 33
627 628 12 33
627 627 16 33
627 662 21 33
627 581 29 33
627 600 30 33
627 664 36 33
758 722 1 34
758 761 18 34
758 759 19 34
758 757 36 34
758 720 37 34
82 91 1 35
82 99 2 35
82 99 3 35
82 51 4 35
82 100 4 35
82 101 5 35
82 97 6 35
82 98 7 35
82 82 8 35
82 115 9 35
82 48 10 35
82 79 10 35
82 86 12 35
82 72 13 35
82 114 15 35
82 93 19 35
82 96 20 35
82 32 23 35
82 68 23 35
82 96 24 35
82 125 28 35
82 127 28 35
82 125 29 35
82 127 29 35
82 78 30 35
82 97 34 35
82 36 35 35
82 77 35 35
82 36 36 35
82 77 36 35
129 91 1 35
129 99 2 35
129 99 3 35
129 100 4 35
129 101 5 35
129 97 6 35
129 98 7 35
129 82 8 35
129 160 8 35
129 115 9 35
129 79 10 35
129 86 12 35
129 114 15 35
129 133 15 35
129 134 16 35
129 93 19 35
129 138 19 35
129 96 20 35
129 96 24 35
129 148 24 35
129 125 28 35
129 127 28 35
129 125 29 35
129 127 29 35
129 143 33 35
129 97 34 35
129 145 34 35
129 146 36 35
361 344 1 35
361 350 2 35
361 357 3 35
361 347 4 35
361 356 5 35
361 352 6 35
361 353 7 35
361 351 8 35
361 368 16 35
361 387 17 35
361 390 25 35
361 364 26 35
361 324 31 35
361 324 33 35
361 375 35 35
361 363 36 35
722 686 5 35
722 761 17 35
722 759 18 35
722 757 35 35
722 720 36 35
22 20 1 36
22 51 3 36
22 16 4 36
22 18 5 36
22 6 6 36
22 17 6 36
22 48 9 36
22 5 12 36
22 8 12 36
22 2 15 36
22 28 22 36
22 32 22 36
22 68 22 36
22 9 30 36
22 7 31 36
22 31 31 36
22 31 33 36
22 36 34 36
22 0 35 36
22 1 35 36
22 3 35 36
22 14 35 36
22 36 35 36
31 20 1 36
31 51 3 36
31 16 4 36
31 18 5 36
31 6 6 36
31 17 6 36
31 48 9 36
31 79 9 36
31 5 12 36
31 8 12 36
31 72 12 36
31 2 15 36
31 28 22 36
31 32 22 36
31 68 22 36
31 78 29 36
31 9 30 36
31 7 31 36
31 31 31 36
31 31 33 36
31 36 34 36
31 77 34 36
31 0 35 36
31 1 35 36
31 3 35 36
31 14 35 36
31 36 35 36
31 77 35 36
91 99 1 36
91 99 2 36
91 51 3 36
91 100 3 36
91 101 4 36
91 97 5 36
91 98 6 36
91 82 7 36
91 115 8 36
91 48 9 36
91 79 9 36
91 86 11 36
91 72 12 36
91 114 14 36
91 133 14 36
91 134 15 36
91 93 18 36
91 138 18 36
91 96 19 36
91 68 22 36
91 96 23 36
91 125 27 36
91 127 27 36
91 125 28 36
91 127 28 36
91 78 29 36
91 97 33 36
91 77 34 36
91 77 35 36
344 350 1 36
344 357 2 36
344 347 3 36
344 356 4 36
344 352 5 36
344 353 6 36
344 351 7 36
344 368 15 36
344 387 16 36
344 390 24 36
344 364 25 36
344 324 30 36
344 324 32 36
344 375 34 36
344 363 35 36
20 51 2 37
20 16 3 37
20 18 4 37
20 6 5 37
20 17 5 37
20 48 8 37
20 5 11 37
20 8 11 37
20 2 14 37
20 28 21 37
20 32 21 37
20 68 21 37
20 9 29 37
20 7 30 37
20 31 30 37
20 31 32 37
20 36 33 37
20 0 34 37
20 1 34 37
20 3 34 37
20 14 34 37
20 36 34 37
99 99 1 37
99 51 2 37
99 100 2 37
99 101 3 37
99 97 4 37
99 98 5 37
99 82 6 37
99 115 7 37
99 79 8 37
99 86 10 37
99 72 11 37
99 114 13 37
99 133 13 37
99 134 14 37
99 93 17 37
99 138 17 37
99 96 18 37
99 68 21 37
99 96 22 37
99 148 22 37
99 125 26 37
99 127 26 37
99 125 27 37
99 127 27 37
99 78 28 37
99 143 31 37
99 97 32 37
99 145 32 37
99 77 33 37
99 77 34 37
99 146 34 37
183 196 1 37
183 226 5 37
183 160 6 37
183 133 13 37
183 134 14 37
183 202 15 37
183 138 17 37
183 148 22 37
183 197 23 37
183 182 29 37
183 143 31 37
183 145 32 37
183 146 34 37
350 357 1 37
350 347 2 37
350 356 3 37
350 352 4 37
350 353 5 37
350 351 6 37
350 368 14 37
350 387 15 37
350 390 23 37
350 364 24 37
350 324 29 37
350 324 31 37
350 375 33 37
350 363 34 37
671 667 1 37
671 686 3 37
671 658 6 37
671 628 8 37
671 627 12 37
671 662 17 37
671 664 32 37
671 720 34 37
99 51 1 38
99 100 1 38
99 101 2 38
99 97 3 38
99 98 4 38
99 82 5 38
99 115 6 38
99 79 7 38
99 86 9 38
99 72 10 38
99 114 12 38
99 133 12 38
99 134 13 38
99 93 16 38
99 138 16 38
99 96 17 38
99 68 20 38
99 96 21 38
99 148 21 38
99 125 25 38
99 127 25 38
99 125 26 38
99 127 26 38
99 78 27 38
99 143 30 38
99 97 31 38
99 145 31 38
99 77 32 38
99 77 33 38
99 146 33 38
196 226 4 38
196 160 5 38
196 202 14 38
196 233 15 38
196 148 21 38
196 197 22 38
196 242 23 38
196 236 24 38
196 182 28 38
196 243 32 38
196 146 33 38
357 347 1 38
357 356 2 38
357 352 3 38
357 353 4 38
357 351 5 38
357 368 13 38
357 387 14 38
357 390 22 38
357 364 23 38
357 324 28 38
357 324 30 38
357 375 32 38
357 363 33 38
667 686 2 38
667 658 5 38
667 628 7 38
667 627 11 38
667 662 16 38
667 664 31 38
51 16 1 39
51 18 2 39
51 97 2 39
51 6 3 39
51 17 3 39
51 98 3 39
51 82 4 39
51 48 6 39
51 79 6 39
51 86 8 39
51 5 9 39
51 8 9 39
51 72 9 39
51 2 12 39
51 93 15 39
51 96 16 39
51 28 19 39
51 32 19 39
51 68 19 39
51 96 20 39
51 78 26 39
51 9 27 39
51 7 28 39
51 31 28 39
51 31 30 39
51 97 30 39
51 36 31 39
51 77 31 39
51 1 32 39
51 3 32 39
51 14 32 39
51 36 32 39
51 77 32 39
100 101 1 39
100 97 2 39
100 98 3 39
100 82 4 39
100 115 5 39
100 79 6 39
100 86 8 39
100 72 9 39
100 114 11 39
100 133 11 39
100 134 12 39
100 93 15 39
100 138 15 39
100 96 16 39
100 68 19 39
100 96 20 39
100 148 20 39
100 125 24 39
100 127 24 39
100 125 25 39
100 127 25 39
100 78 26 39
100 143 29 39
100 97 30 39
100 145 30 39
100 77 31 39
100 77 32 39
100 146 32 39
347 356 1 39
347 352 2 39
347 353 3 39
347 351 4 39
347 368 12 39
347 387 13 39
347 390 21 39
347 364 22 39
347 324 27 39
347 324 29 39
347 375 31 39
347 363 32 39
16 18 1 40
16 6 2 40
16 17 2 40
16 48 5 40
16 5 8 40
16 8 8 40
16 2 11 40
16 28 18 40
16 32 18 40
16 9 26 40
16 7 27 40
16 31 27 40
16 31 29 40
16 36 30 40
16 0 31 40
16 1 31 40
16 3 31 40
16 14 31 40
16 36 31 40
101 97 1 40
101 98 2 40
101 82 3 40
101 115 4 40
101 79 5 40
101 86 7 40
101 72 8 40
101 114 10 40
101 133 10 40
101 134 11 40
101 93 14 40
101 138 14 40
101 96 15 40
101 68 18 40
101 96 19 40
101 148 19 40
101 125 23 40
101 127 23 40
101 125 24 40
101 127 24 40
101 78 25 40
101 143 28 40
101 97 29 40
101 145 29 40
101 77 30 40
101 77 31 40
101 146 31 40
356 352 1 40
356 353 2 40
356 351 3 40
356 368 11 40
356 387 12 40
356 390 20 40
356 364 21 40
356 324 26 40
356 324 28 40
356 375 30 40
356 363 31 40
686 658 3 40
686 662 14 40
686 664 29 40
686 720 31 40
18 6 1 41
18 17 1 41
18 48 4 41
18 5 7 41
18 8 7 41
18 2 10 41
18 28 17 41
18 32 17 41
18 9 25 41
18 7 26 41
18 31 26 41
18 31 28 41
18 36 29 41
18 0 30 41
18 1 30 41
18 3 30 41
18 14 30 41
18 36 30 41
97 98 1 41
97 82 2 41
97 115 3 41
97 48 4 41
97 79 4 41
97 86 6 41
97 72 7 41
97 114 9 41
97 133 9 41
97 134 10 41
97 93 13 41
97 138 13 41
97 96 14 41
97 68 17 41
97 96 18 41
97 125 22 41
97 127 22 41
97 125 23 41
97 127 23 41
97 78 24 41
97 143 27 41
97 97 28 41
97 145 28 41
97 77 29 41
97 77 30 41
97 146 30 41
352 353 1 41
352 351 2 41
352 368 10 41
352 387 11 41
352 390 19 41
352 364 20 41
352 324 25 41
352 324 27 41
352 375 29 41
352 363 30 41
519 518 1 41
519 514 5 41
519 469 6 41
519 511 6 41
519 478 7 41
519 523 7 41
519 491 8 41
519 479 9 41
519 559 9 41
519 561 10 41
519 549 14 41
519 553 15 41
519 473 18 41
519 550 18 41
519 523 19 41
519 529 20 41
519 554 23 41
519 482 24 41
519 524 24 41
519 525 25 41
519 478 28 41
6 48 3 42
6 5 6 42
6 8 6 42
6 2 9 42
6 28 16 42
6 32 16 42
6 9 24 42
6 7 25 42
6 31 25 42
6 31 27 42
6 36 28 42
6 0 29 42
6 1 29 42
6 3 29 42
6 14 29 42
6 36 29 42
17 48 3 42
17 5 6 42
17 8 6 42
17 2 9 42
17 28 16 42
17 32 16 42
17 9 24 42
17 7 25 42
17 31 25 42
17 31 27 42
17 36 28 42
17 0 29 42
17 1 29 42
17 3 29 42
17 14 29 42
17 36 29 42
98 82 1 42
98 115 2 42
98 48 3 42
98 79 3 42
98 86 5 42
98 72 6 42
98 114 8 42
98 133 8 42
98 134 9 42
98 93 12 42
98 138 12 42
98 96 13 42
98 68 16 42
98 96 17 42
98 125 21 42
98 127 21 42
98 125 22 42
98 127 22 42
98 78 23 42
98 143 26 42
98 97 27 42
98 145 27 42
98 77 28 42
98 77 29 42
98 146 29 42
226 267 2 42
226 247 3 42
226 257 3 42
226 248 4 42
226 202 10 42
226 233 11 42
226 197 18 42
226 242 19 42
226 236 20 42
226 255 20 42
226 182 24 42
226 243 28 42
353 351 1 42
353 368 9 42
353 387 10 42
353 390 18 42
353 364 19 42
353 324 24 42
353 324 26 42
353 375 28 42
353 363 29 42
518 514 4 42
518 469 5 42
518 511 5 42
518 478 6 42
518 523 6 42
518 491 7 42
518 479 8 42
518 559 8 42
518 561 9 42
518 468 12 42
518 549 13 42
518 553 14 42
518 473 17 42
518 550 17 42
518 523 18 42
518 529 19 42
518 554 22 42
518 482 23 42
518 524 23 42
518 525 24 42
518 478 27 42
82 115 1 43
82 48 2 43
82 79 2 43
82 86 4 43
82 72 5 43
82 114 7 43
82 93 11 43
82 96 12 43
82 32 15 43
82 68 15 43
82 96 16 43
82 125 20 43
82 127 20 43
82 125 21 43
82 127 21 43
82 78 22 43
82 97 26 43
82 36 27 43
82 77 27 43
82 36 28 43
82 77 28 43
160 115 1 43
160 114 7 43
160 133 7 43
160 134 8 43
160 202 9 43
160 138 11 43
160 148 16 43
160 197 17 43
160 125 20 43
160 127 20 43
160 125 21 43
160 127 21 43
160 182 23 43
160 143 25 43
160 145 26 43
160 146 28 43
351 368 8 43
351 387 9 43
351 390 17 43
351 364 18 43
351 324 23 43
351 324 25 43
351 375 27 43
351 363 28 43
658 628 2 43
658 627 6 43
658 662 11 43
658 664 26 43
115 79 1 44
115 86 3 44
115 72 4 44
115 114 6 44
115 133 6 44
115 134 7 44
115 93 10 44
115 138 10 44
115 96 11 44
115 68 14 44
115 96 15 44
115 148 15 44
115 125 19 44
115 127 19 44
115 125 20 44
115 127 20 44
115 78 21 44
115 143 24 44
115 97 25 44
115 145 25 44
115 77 26 44
115 77 27 44
115 146 27 44
267 247 1 44
267 257 1 44
267 248 2 44
267 233 9 44
267 242 17 44
267 236 18 44
267 255 18 44
267 276 19 44
267 243 26 44
48 86 2 45
48 5 3 45
48 8 3 45
48 72 3 45
48 2 6 45
48 93 9 45
48 96 10 45
48 28 13 45
48 32 13 45
48 68 13 45
48 96 14 45
48 78 20 45
48 9 21 45
48 7 22 45
48 31 22 45
48 31 24 45
48 97 24 45
48 36 25 45
48 77 25 45
48 0 26 45
48 1 26 45
48 3 26 45
48 14 26 45
48 36 26 45
48 77 26 45
79 86 2 45
79 72 3 45
79 114 5 45
79 93 9 45
79 96 10 45
79 32 13 45
79 68 13 45
79 96 14 45
79 125 18 45
79 127 18 45
79 125 19 45
79 127 19 45
79 78 20 45
79 31 22 45
79 31 24 45
79 97 24 45
79 36 25 45
79 77 25 45
79 36 26 45
79 77 26 45
247 248 1 45
247 202 7 45
247 233 8 45
247 197 15 45
247 242 16 45
247 236 17 45
247 255 17 45
247 276 18 45
247 243 25 45
257 248 1 45
257 233 8 45
257 242 16 45
257 236 17 45
257 255 17 45
257 276 18 45
257 243 25 45
628 627 4 45
628 662 9 45
628 581 17 45
628 600 18 45
628 664 24 45
248 202 6 46
248 233 7 46
248 242 15 46
248 236 16 46
248 255 16 46
248 276 17 46
248 243 24 46
444 469 1 46
444 478 2 46
444 491 3 46
444 479 4 46
444 463 7 46
444 468 8 46
444 473 13 46
444 459 18 46
444 482 19 46
444 465 21 46
444 478 23 46
514 469 1 46
514 511 1 46
514 478 2 46
514 523 2 46
514 491 3 46
514 479 4 46
514 559 4 46
514 561 5 46
514 468 8 46
514 549 9 46
514 553 10 46
514 473 13 46
514 550 13 46
514 523 14 46
514 529 15 46
514 554 18 46
514 482 19 46
514 524 19 46
514 525 20 46
514 465 21 46
514 478 23 46
86 72 1 47
86 114 3 47
86 133 3 47
86 134 4 47
86 93 7 47
86 96 8 47
86 68 11 47
86 96 12 47
86 125 16 47
86 127 16 47
86 125 17 47
86 127 17 47
86 78 18 47
86 97 22 47
86 36 23 47
86 77 23 47
86 36 24 47
86 77 24 47
469 478 1 47
469 491 2 47
469 479 3 47
469 463 6 47
469 468 7 47
469 473 12 47
469 459 17 47
469 482 18 47
469 465 20 47
469 478 22 47
511 478 1 47
511 523 1 47
511 491 2 47
511 479 3 47
511 559 3 47
511 463 6 47
511 468 7 47
511 549 8 47
511 553 9 47
511 473 12 47
511 550 12 47
511 523 13 47
511 529 14 47
511 554 17 47
511 482 18 47
511 524 18 47
511 525 19 47
511 465 20 47
511 478 22 47
5 2 3 48
5 28 10 48
5 32 10 48
5 9 18 48
5 7 19 48
5 31 19 48
5 31 21 48
5 36 22 48
5 0 23 48
5 1 23 48
5 3 23 48
5 14 23 48
5 36 23 48
8 2 3 48
8 28 10 48
8 32 10 48
8 9 18 48
8 7 19 48
8 31 19 48
8 31 21 48
8 36 22 48
8 0 23 48
8 1 23 48
8 3 23 48
8 14 23 48
8 36 23 48
72 114 2 48
72 93 6 48
72 96 7 48
72 28 10 48
72 32 10 48
72 68 10 48
72 96 11 48
72 78 17 48
72 31 19 48
72 31 21 48
72 97 21 48
72 36 22 48
72 77 22 48
72 36 23 48
72 77 23 48
478 491 1 48
478 479 2 48
478 463 5 48
478 468 6 48
478 473 11 48
478 523 12 48
478 459 16 48
478 482 17 48
478 524 17 48
478 525 18 48
478 465 19 48
478 478 21 48
523 491 1 48
523 479 2 48
523 559 2 48
523 561 3 48
523 549 7 48
523 553 8 48
523 473 11 48
523 550 11 48
523 523 12 48
523 529 13 48
523 554 16 48
523 482 17 48
523 524 17 48
523 525 18 48
523 569 19 48
523 478 21 48
491 479 1 49
491 463 4 49
491 468 5 49
491 473 10 49
491 523 11 49
491 529 12 49
491 459 15 49
491 482 16 49
491 524 16 49
491 525 17 49
491 465 18 49
491 478 20 49
627 662 5 49
627 581 13 49
627 600 14 49
627 664 20 49
114 134 1 50
114 93 4 50
114 138 4 50
114 96 5 50
114 68 8 50
114 96 9 50
114 148 9 50
114 125 13 50
114 127 13 50
114 125 14 50
114 127 14 50
114 78 15 50
114 143 18 50
114 97 19 50
114 145 19 50
114 77 20 50
114 77 21 50
114 146 21 50
133 134 1 50
133 93 4 50
133 138 4 50
133 96 5 50
133 96 9 50
133 148 9 50
133 125 13 50
133 127 13 50
133 125 14 50
133 127 14 50
133 182 16 50
133 143 18 50
133 97 19 50
133 145 19 50
133 146 21 50
479 463 3 50
479 468 4 50
479 473 9 50
479 523 10 50
479 459 14 50
479 482 15 50
479 524 15 50
479 525 16 50
479 465 17 50
479 478 19 50
559 561 1 50
559 549 5 50
559 553 6 50
559 550 9 50
559 523 10 50
559 529 11 50
559 581 12 50
559 600 13 50
559 554 14 50
559 524 15 50
559 525 16 50
559 569 17 50
559 576 18 50
2 28 7 51
2 32 7 51
2 9 15 51
2 7 16 51
2 31 16 51
2 31 18 51
2 36 19 51
2 0 20 51
2 1 20 51
2 3 20 51
2 14 20 51
2 36 20 51
134 93 3 51
134 138 3 51
134 96 4 51
134 96 8 51
134 148 8 51
134 125 12 51
134 127 12 51
134 125 13 51
134 127 13 51
134 182 15 51
134 143 17 51
134 97 18 51
134 145 18 51
134 146 20 51
368 387 1 51
368 390 9 51
368 364 10 51
368 324 15 51
368 324 17 51
368 375 19 51
368 363 20 51
561 549 4 51
561 553 5 51
561 550 8 51
561 523 9 51
561 529 10 51
561 581 11 51
561 600 12 51
561 554 13 51
561 524 14 51
561 525 15 51
561 569 16 51
561 576 17 51
202 233 1 52
202 197 8 52
202 242 9 52
202 236 10 52
202 182 14 52
202 243 18 52
387 390 8 52
387 364 9 52
387 375 18 52
387 363 19 52
761 759 1 52
761 757 18 52
761 720 19 52
233 197 7 53
233 242 8 53
233 236 9 53
233 255 9 53
233 276 10 53
233 243 17 53
463 468 1 53
463 473 6 53
463 459 11 53
463 482 12 53
463 465 14 53
463 478 16 53
759 757 17 53
759 720 18 53
93 96 1 54
93 68 4 54
93 96 5 54
93 125 9 54
93 127 9 54
93 125 10 54
93 127 10 54
93 78 11 54
93 97 15 54
93 77 16 54
93 77 17 54
138 96 1 54
138 96 5 54
138 148 5 54
138 125 9 54
138 127 9 54
138 125 10 54
138 127 10 54
138 182 12 54
138 143 14 54
138 97 15 54
138 145 15 54
138 146 17 54
468 473 5 54
468 459 10 54
468 482 11 54
468 465 13 54
468 478 15 54
662 664 15 54
96 68 3 55
96 96 4 55
96 125 8 55
96 127 8 55
96 125 9 55
96 127 9 55
96 78 10 55
96 143 13 55
96 97 14 55
96 145 14 55
96 77 15 55
96 77 16 55
549 553 1 55
549 550 4 55
549 523 5 55
549 529 6 55
549 581 7 55
549 554 9 55
549 524 10 55
549 525 11 55
549 569 12 55
549 576 13 55
553 550 3 56
553 523 4 56
553 529 5 56
553 581 6 56
553 600 7 56
553 554 8 56
553 524 9 56
553 525 10 56
553 569 11 56
553 576 12 56
28 9 8 58
28 7 9 58
28 31 9 58
28 31 11 58
28 36 12 58
28 77 12 58
28 0 13 58
28 1 13 58
28 3 13 58
28 14 13 58
28 36 13 58
28 77 13 58
32 78 7 58
32 9 8 58
32 7 9 58
32 31 9 58
32 31 11 58
32 36 12 58
32 77 12 58
32 0 13 58
32 1 13 58
32 3 13 58
32 14 13 58
32 36 13 58
32 77 13 58
68 96 1 58
68 78 7 58
68 31 9 58
68 31 11 58
68 97 11 58
68 36 12 58
68 77 12 58
68 36 13 58
68 77 13 58
96 125 4 59
96 127 4 59
96 125 5 59
96 127 5 59
96 78 6 59
96 143 9 59
96 97 10 59
96 145 10 59
96 77 11 59
96 77 12 59
148 197 1 59
148 125 4 59
148 127 4 59
148 125 5 59
148 127 5 59
148 182 7 59
148 143 9 59
148 145 10 59
148 146 12 59
473 459 5 59
473 482 6 59
473 465 8 59
473 478 10 59
550 523 1 59
550 529 2 59
550 581 3 59
550 554 5 59
550 524 6 59
550 525 7 59
550 569 8 59
550 576 9 59
197 242 1 60
197 236 2 60
197 182 6 60
197 243 10 60
390 364 1 60
390 375 10 60
390 363 11 60
523 529 1 60
523 554 4 60
523 482 5 60
523 524 5 60
523 525 6 60
523 569 7 60
523 478 9 60
242 236 1 61
242 255 1 61
242 276 2 61
242 243 9 61
364 324 5 61
364 324 7 61
364 375 9 61
364 363 10 61
529 554 3 61
529 482 4 61
529 524 4 61
529 525 5 61
529 569 6 61
529 576 7 61
236 276 1 62
236 243 8 62
255 276 1 62
255 243 8 62
581 600 1 62
581 554 2 62
581 569 5 62
581 576 6 62
125 125 1 63
125 127 1 63
125 78 2 63
125 143 5 63
125 97 6 63
125 145 6 63
125 77 7 63
125 77 8 63
125 146 8 63
127 125 1 63
127 127 1 63
127 78 2 63
127 143 5 63
127 97 6 63
127 145 6 63
127 77 7 63
127 77 8 63
127 146 8 63
276 324 3 63
276 324 5 63
276 243 7 63
600 554 1 63
600 569 4 63
600 576 5 63
125 78 1 64
125 143 4 64
125 97 5 64
125 145 5 64
125 77 6 64
125 77 7 64
125 146 7 64
127 78 1 64
127 143 4 64
127 97 5 64
127 145 5 64
127 77 6 64
127 77 7 64
127 146 7 64
459 482 1 64
459 465 3 64
459 478 5 64
554 524 1 64
554 525 2 64
554 569 3 64
554 576 4 64
78 31 2 65
78 31 4 65
78 97 4 65
78 36 5 65
78 77 5 65
78 36 6 65
78 77 6 65
482 525 1 65
482 465 2 65
482 478 4 65
524 525 1 65
524 569 2 65
524 478 4 65
9 7 1 66
9 31 1 66
9 31 3 66
9 36 4 66
9 0 5 66
9 1 5 66
9 3 5 66
9 14 5 66
9 36 5 66
182 143 2 66
182 145 3 66
182 146 5 66
324 324 2 66
324 363 5 66
525 569 1 66
525 478 3 66
7 31 2 67
7 36 3 67
7 0 4 67
7 1 4 67
7 3 4 67
7 14 4 67
7 36 4 67
31 31 2 67
31 36 3 67
31 77 3 67
31 0 4 67
31 1 4 67
31 3 4 67
31 14 4 67
31 36 4 67
31 77 4 67
465 478 2 67
569 576 1 67
143 97 1 68
143 145 1 68
143 146 3 68
324 363 3 68
31 36 1 69
31 77 1 69
31 0 2 69
31 1 2 69
31 3 2 69
31 14 2 69
31 36 2 69
31 77 2 69
97 77 1 69
97 77 2 69
97 146 2 69
145 146 2 69
36 0 1 70
36 1 1 70
36 3 1 70
36 14 1 70
36 36 1 70
36 77 1 70
77 36 1 70
77 77 1 70
375 363 1 70
757 720 1 70
