9 20 33 34 44 48 22 69 138 67 48 32 43 10 33 72 42 19 10 15 5 45 32 5 116 73 135 8 14 48 48 26 124 80 19 36 15 30 23 147 130 11 207 81 47 30 41 54 52 161 93 15 115 121 24 23 255 32 73 49 52 46 54 65 0 
11 54 91 98 48 67 46 40 20 61 47 45 32 44 30 35 42 6 31 60 14 45 55 36 37 109 54 5 4 42 58 40 70 48 51 7 35 7 43 72 13 23 26 146 57 33 18 21 36 255 140 34 39 52 24 71 191 34 39 51 74 26 24 74 0 
5 29 41 77 49 88 25 33 64 140 49 9 126 68 80 33 128 80 27 70 97 179 219 127 131 96 99 27 31 66 236 81 31 14 14 49 75 30 28 72 74 126 255 229 27 24 107 13 111 167 180 19 37 47 48 41 149 60 44 81 66 48 21 156 0 
5 37 53 38 7 34 24 18 72 134 40 35 76 46 8 42 56 21 71 4 116 104 80 21 28 130 74 31 22 200 255 11 59 90 94 2 34 22 11 98 120 36 90 158 109 65 117 45 54 143 86 92 21 127 25 131 108 84 35 33 69 12 53 76 0 
3 11 11 10 11 20 13 10 40 41 21 15 2 26 26 38 20 9 36 10 33 4 36 35 39 3 54 4 34 40 35 7 34 17 14 26 14 26 8 107 5 37 17 255 30 1 32 4 10 160 107 73 39 53 11 43 75 5 29 15 37 22 27 33 0 
7 18 9 15 20 33 38 9 51 30 33 18 2 26 31 89 36 5 44 19 50 18 55 32 16 29 100 41 34 34 43 51 18 12 41 6 23 18 12 139 30 63 91 255 50 6 27 19 28 167 118 42 60 32 37 23 98 17 128 50 59 8 30 26 0 
5 24 4 16 12 11 7 7 104 51 10 13 4 16 17 19 30 11 6 15 59 12 26 19 16 12 77 1 8 2 28 12 11 3 3 21 7 27 9 37 3 38 26 255 33 11 28 8 21 84 113 33 82 66 31 32 51 11 14 4 44 16 31 20 0 
8 30 19 8 18 48 24 18 117 36 14 21 12 23 30 26 51 16 59 2 58 19 52 56 16 37 38 46 14 17 143 16 37 18 18 42 9 52 14 104 20 97 116 254 87 42 39 21 64 25 55 255 69 143 6 44 117 60 226 25 62 26 72 19 0 
2 16 7 8 8 14 9 4 42 23 21 7 3 8 9 20 16 3 3 6 11 7 41 16 18 22 63 12 13 18 49 3 16 3 5 8 8 10 10 33 7 28 22 4 94 23 16 23 14 2 17 255 45 91 26 36 50 39 51 20 33 17 8 20 0 
11 111 44 45 29 59 55 33 127 113 90 55 14 50 12 154 30 68 117 31 56 83 64 113 45 72 115 135 70 59 87 75 95 15 50 49 56 28 29 42 27 166 64 77 202 55 40 57 85 41 157 163 36 33 16 36 122 177 237 100 255 40 109 28 0 
6 84 25 65 26 78 51 67 122 48 108 79 23 43 18 123 46 38 133 15 4 46 115 158 36 65 32 124 29 50 66 16 76 69 24 38 57 17 31 138 50 126 166 70 98 14 60 33 18 15 63 103 49 77 43 85 74 27 62 101 255 106 114 53 0 
13 48 45 91 79 87 98 61 87 82 161 56 40 16 58 70 205 122 56 232 90 80 247 47 161 168 126 10 73 64 133 18 26 52 58 43 34 74 45 82 10 102 205 101 80 16 111 68 125 65 105 110 23 135 50 6 96 72 30 61 255 44 120 54 0 
12 232 77 50 67 50 131 99 48 20 90 39 26 83 38 21 103 61 71 48 83 64 54 77 131 120 106 72 29 89 42 64 43 80 38 38 43 64 25 112 69 32 60 14 103 71 55 5 95 57 255 28 84 82 48 42 59 82 87 35 239 30 51 60 0 
8 19 209 187 127 190 99 136 106 39 120 110 59 112 23 47 123 160 47 63 140 23 49 233 173 255 51 141 231 56 54 27 116 83 77 82 32 80 35 188 58 95 129 109 160 106 133 95 105 69 129 162 154 203 161 156 119 109 225 48 193 41 134 129 0 
17 58 255 74 91 58 78 102 77 52 88 7 12 41 8 24 33 29 156 70 51 67 49 80 99 116 54 88 138 161 94 60 54 76 74 26 56 65 55 70 73 138 119 33 177 47 65 31 97 84 138 73 16 85 74 30 46 60 14 107 164 12 62 20 0 
14 192 223 52 67 221 56 45 255 45 218 71 22 44 19 61 70 117 124 20 35 42 49 66 52 40 58 35 97 54 147 108 121 61 15 72 29 166 26 23 37 80 84 90 164 41 77 48 77 180 90 251 136 49 46 38 70 35 27 178 172 43 115 78 0 
17 233 215 101 105 92 151 191 165 14 228 42 19 67 7 113 159 102 116 14 192 178 125 8 174 80 141 54 36 42 79 16 42 35 50 114 36 76 152 127 90 206 21 19 84 46 25 72 78 111 255 214 90 87 75 189 111 99 113 46 134 81 93 55 0 
7 119 105 219 74 159 68 70 131 13 255 42 27 29 4 26 29 33 66 28 72 53 24 78 47 79 42 59 43 19 90 12 80 20 16 114 46 116 136 41 53 34 139 61 165 12 27 22 57 42 32 17 82 66 42 28 43 65 55 18 113 58 116 66 0 
6 67 255 194 99 107 52 38 20 11 204 38 5 12 7 19 34 3 8 19 11 39 24 15 32 54 22 74 32 14 50 27 32 56 55 128 75 113 90 15 96 34 42 16 141 10 7 26 11 47 51 12 46 42 20 25 81 19 39 27 89 30 86 76 0 
4 131 178 111 79 160 29 49 79 17 141 36 5 17 13 37 75 24 34 18 51 42 50 29 41 43 78 18 31 39 21 18 16 53 18 24 165 255 73 16 55 12 78 28 77 11 27 27 6 59 11 47 38 42 85 57 34 42 139 17 49 29 33 198 0 
7 114 172 202 54 100 50 48 100 14 147 32 11 45 18 30 37 6 9 13 9 27 1 5 36 48 49 5 49 21 101 65 23 21 19 48 56 239 45 25 18 25 110 20 39 16 14 7 33 51 38 51 65 15 70 23 28 25 255 35 50 39 45 22 0 
5 56 52 59 66 173 65 54 59 18 70 72 6 25 13 56 26 20 5 24 14 26 65 39 30 42 30 47 51 30 107 15 14 17 14 14 29 140 51 7 39 31 6 38 69 18 7 13 26 13 31 107 15 46 36 30 41 12 255 27 87 50 83 14 0 
11 61 153 101 85 187 35 40 96 9 58 45 27 41 23 41 77 5 12 11 22 31 14 70 75 93 20 56 97 35 183 32 49 30 8 32 37 249 4 32 69 53 66 41 74 28 23 55 14 54 27 255 43 53 16 37 37 24 149 40 86 61 51 36 0 
10 14 115 26 90 113 48 9 109 52 54 94 18 25 20 38 92 22 51 37 11 52 44 65 74 11 2 60 53 37 164 5 11 4 37 36 40 255 41 38 21 67 82 39 74 21 31 12 42 94 27 132 87 57 30 41 48 53 76 22 12 10 47 39 0 
16 168 80 11 105 48 86 11 69 32 149 87 27 81 74 147 59 8 39 37 13 10 49 76 87 133 51 255 99 168 210 58 25 43 43 47 24 199 24 63 52 42 82 160 92 59 148 55 58 56 47 126 73 101 82 68 44 33 103 55 62 46 82 38 0 
24 123 69 63 97 33 24 176 62 51 114 118 2 57 92 18 94 72 118 43 84 28 120 70 68 50 93 177 100 123 203 17 162 102 37 51 53 217 23 48 135 92 111 88 69 70 16 25 35 143 140 223 162 32 255 49 164 38 140 163 123 94 186 36 0 
18 27 100 28 39 15 34 115 102 42 64 53 11 31 8 109 56 45 85 129 79 50 163 173 111 178 147 127 93 125 255 63 52 32 60 88 44 74 89 112 66 168 118 17 58 66 36 35 36 14 29 171 110 135 79 56 122 203 6 55 120 39 65 32 0 
9 44 49 46 55 33 40 100 255 75 48 91 24 45 8 54 45 42 24 125 53 46 144 144 158 152 65 40 37 50 53 99 62 59 23 54 66 121 57 86 36 69 184 10 31 52 9 15 23 104 81 108 134 68 103 44 92 62 39 73 13 22 19 43 0 
16 42 98 84 73 10 84 77 250 42 63 121 32 48 46 94 144 17 78 93 29 13 84 77 151 78 93 41 189 42 66 101 51 51 87 64 29 102 33 64 72 55 64 71 37 75 63 53 72 110 115 71 255 42 75 9 42 98 83 78 83 34 96 57 0 
8 68 96 49 64 30 23 15 204 106 79 39 40 32 28 100 192 98 84 28 118 45 68 35 151 82 68 12 183 42 46 42 66 11 78 51 29 59 47 54 61 84 255 29 41 35 21 31 106 33 186 52 54 56 176 17 126 73 50 38 69 35 38 40 0 
15 25 33 55 24 20 20 25 122 168 12 62 30 17 25 165 251 68 70 26 51 93 88 27 141 37 40 36 81 92 91 86 93 27 37 173 49 30 42 67 109 79 63 15 85 41 64 46 73 36 86 104 255 67 61 146 32 62 53 47 32 7 131 35 0 
32 31 47 33 41 33 56 2 70 154 29 65 31 52 79 114 61 39 66 59 102 43 67 50 132 51 23 32 255 57 64 43 33 43 10 192 23 52 27 10 52 103 44 131 147 63 1 139 90 163 100 87 104 19 79 33 159 39 79 70 74 44 134 4 0 
33 28 29 21 29 39 39 19 255 34 117 21 3 52 47 116 34 66 80 43 137 54 114 46 229 92 123 86 162 127 45 61 148 73 37 94 58 63 104 148 122 103 237 98 67 54 67 55 83 115 45 68 151 226 211 129 98 58 26 54 44 35 107 25 0 
10 42 29 49 22 19 40 38 214 107 38 25 59 72 47 49 134 22 20 61 148 98 129 15 101 41 34 38 137 40 40 12 25 28 43 133 47 6 32 104 136 67 255 132 49 59 89 31 77 93 76 214 127 142 41 112 48 14 32 46 20 38 118 34 0 
10 18 43 42 8 54 20 41 213 255 66 60 85 110 62 132 59 72 202 183 95 91 74 109 55 228 66 40 200 24 89 61 52 90 23 98 15 60 64 170 178 27 144 56 111 134 74 14 30 183 68 38 32 93 156 41 45 78 41 59 68 70 214 29 0 
11 33 35 45 45 37 55 54 72 63 75 53 26 42 24 23 118 25 128 50 38 72 64 47 75 75 75 35 133 61 70 24 41 96 42 141 32 31 72 255 91 136 82 15 36 47 1 55 35 54 154 67 99 227 115 50 77 55 13 14 73 68 114 42 0 
10 137 94 46 106 148 146 38 102 44 16 13 2 43 57 66 165 18 3 43 53 71 87 21 84 90 76 45 56 1 4 86 36 50 47 172 197 120 134 235 213 136 119 28 76 59 50 35 57 62 99 62 128 255 169 159 53 70 99 53 73 19 74 85 0 
13 92 29 70 57 78 57 40 44 26 21 26 9 30 57 22 50 10 45 26 44 37 52 65 28 192 15 35 67 43 100 47 58 54 119 34 77 158 96 95 69 108 78 46 39 14 46 75 46 26 71 32 80 255 37 88 78 80 73 147 34 169 34 42 0 
18 74 79 30 61 65 56 32 152 101 76 29 35 62 32 199 218 47 66 117 149 134 90 84 77 45 31 25 68 118 145 137 38 74 163 28 61 124 32 176 102 71 27 23 24 34 255 157 74 98 190 89 97 66 69 132 219 57 153 147 208 140 23 179 0 
12 40 46 33 21 13 100 14 66 29 44 4 17 105 54 107 110 29 45 30 28 9 46 25 60 39 20 18 96 88 63 7 51 56 48 45 15 81 35 217 147 26 90 68 21 78 33 38 102 6 60 12 172 255 21 130 64 53 98 125 51 164 106 65 0 
9 30 29 7 2 23 80 24 42 9 14 19 12 65 59 42 52 6 40 22 58 39 63 31 31 132 56 41 11 23 71 13 21 30 6 44 28 68 27 156 132 50 22 41 64 25 37 70 8 89 7 17 125 255 32 128 78 2 5 59 46 64 50 24 0 
1 28 41 18 15 27 75 19 13 15 24 42 14 52 36 82 85 19 63 9 19 19 57 10 56 41 55 37 20 32 108 19 59 33 12 56 33 44 13 121 146 21 13 34 52 47 38 65 17 24 51 22 145 255 46 206 57 36 74 39 22 45 78 16 0 
11 24 53 13 28 28 148 22 36 30 32 79 24 59 68 74 80 58 32 57 74 38 78 32 106 78 93 20 25 44 255 52 41 49 19 8 35 72 25 101 165 28 41 75 102 82 67 57 14 14 91 38 98 150 166 238 82 6 41 114 48 11 89 5 0 
28 91 108 14 52 50 157 43 94 15 51 208 14 18 108 168 55 54 107 53 34 25 36 58 157 164 60 74 150 17 216 68 136 80 115 164 48 64 43 90 123 106 51 46 131 91 79 64 129 44 147 97 57 255 83 173 79 64 112 184 34 58 187 73 0 
29 102 255 50 52 96 83 33 66 50 39 143 16 47 81 216 88 55 41 55 211 26 35 98 61 92 66 74 249 175 46 107 159 74 68 57 46 54 9 103 96 19 39 166 148 82 45 128 33 118 66 71 42 141 52 50 89 31 151 41 68 146 165 127 0 
35 49 19 32 55 17 25 2 52 43 40 103 13 33 53 125 46 52 6 17 218 128 48 55 57 139 54 49 241 201 255 76 100 33 99 83 28 101 42 13 14 13 41 80 70 43 69 163 81 108 29 39 31 36 69 99 58 24 62 92 70 70 18 62 0 
15 5 14 12 26 9 11 10 73 111 93 64 103 28 50 53 92 59 75 31 31 122 104 17 75 71 63 63 255 155 171 59 90 16 20 21 34 122 36 6 34 8 60 243 236 79 96 36 128 196 135 28 100 77 115 106 82 52 61 68 40 58 17 52 0 
7 11 19 10 31 13 12 14 17 34 8 8 19 29 19 38 24 30 36 30 26 14 36 4 18 10 44 11 255 60 70 13 71 1 72 15 32 77 37 24 20 3 86 67 232 43 119 71 32 50 24 74 26 49 8 19 57 64 34 72 33 8 14 26 0 
2 15 13 6 36 11 8 20 26 26 21 34 24 57 50 36 14 21 16 28 47 15 41 9 47 4 57 27 167 171 126 20 71 90 24 45 41 25 16 10 20 10 156 41 35 29 45 37 20 71 21 37 63 64 21 15 255 66 77 44 21 56 55 24 0 
3 16 41 17 31 19 12 9 48 21 22 21 7 2 8 74 22 24 64 48 25 25 76 50 19 58 47 7 140 255 122 26 33 122 68 27 21 16 9 15 42 32 49 60 17 20 61 78 34 145 80 48 68 121 11 46 55 52 95 44 57 44 40 47 0 
8 12 31 6 25 13 8 19 10 10 41 35 17 14 87 32 4 24 33 18 28 10 1 23 68 41 43 39 107 255 69 21 34 60 63 10 30 28 25 13 22 1 46 61 118 51 68 55 14 55 69 22 46 111 49 54 156 83 63 83 39 41 32 36 0 
10 10 64 7 12 11 22 64 12 11 31 30 7 8 138 123 28 49 32 12 29 32 23 25 2 37 81 53 255 157 51 67 113 79 35 17 42 15 39 35 27 52 25 122 74 49 14 118 9 189 30 51 12 52 42 89 111 113 11 142 48 36 15 39 0 
12 24 27 4 20 2 27 99 38 39 33 31 12 23 145 255 24 58 38 18 70 24 39 26 88 103 65 32 239 137 79 19 118 60 92 85 18 17 22 19 62 6 39 237 75 53 47 112 53 138 174 118 62 141 44 99 46 88 89 125 50 52 73 89 0 
10 12 17 11 21 21 23 99 34 19 36 18 8 46 41 98 12 57 42 10 70 16 20 28 50 143 40 85 57 87 65 37 63 78 67 19 25 90 35 30 24 9 28 162 62 68 73 46 13 73 255 78 65 169 14 49 25 171 84 19 28 40 41 24 0 
8 38 64 49 41 70 64 255 21 6 7 27 28 73 47 157 52 61 14 53 63 33 43 91 8 98 94 132 242 152 87 31 113 33 38 58 203 116 23 75 86 207 94 36 109 48 53 27 26 26 63 73 36 228 82 83 82 166 75 151 97 19 24 96 0 
5 12 12 10 9 10 9 34 9 4 2 14 4 10 7 44 10 18 6 6 8 5 11 5 16 19 24 17 255 31 39 13 4 9 19 25 29 12 5 8 35 23 25 17 24 7 38 21 12 15 20 10 16 43 19 7 21 24 31 6 20 8 36 6 0 
3 16 29 3 29 14 8 76 25 9 17 38 19 12 48 92 56 42 6 14 64 43 39 13 45 122 55 20 129 102 87 22 68 21 71 76 39 55 34 35 35 109 60 46 82 49 83 142 63 86 255 75 114 41 213 29 7 80 39 5 66 58 39 30 0 
3 7 18 8 21 4 17 13 8 4 14 19 6 15 13 14 52 91 80 14 50 47 12 30 64 56 29 44 255 64 38 31 115 32 30 34 40 30 17 13 24 66 11 29 39 22 26 38 21 17 145 40 34 49 108 41 37 67 24 37 14 49 60 20 0 
5 14 8 3 19 11 19 11 19 8 9 30 5 3 3 30 28 70 112 24 28 85 17 16 31 69 24 36 255 62 88 11 140 29 9 67 26 22 54 30 24 76 40 6 43 32 39 102 30 36 126 39 34 22 42 37 22 55 13 39 14 67 40 5 0 
3 41 33 24 12 18 22 10 125 14 41 36 25 50 39 69 94 57 67 31 16 90 75 120 164 207 143 134 253 255 148 27 112 109 38 185 51 112 57 47 46 129 118 42 134 30 28 87 81 87 113 161 50 144 116 159 67 72 94 118 70 153 29 53 0 
8 42 39 30 10 43 35 7 120 42 19 63 25 40 43 18 74 10 108 4 72 74 36 56 103 128 47 173 255 68 166 90 115 95 29 123 98 142 92 6 26 81 152 55 68 32 63 88 56 97 198 168 98 184 81 47 50 87 10 19 112 19 97 32 0 
7 30 38 37 41 15 25 22 54 70 33 11 5 32 14 64 34 54 45 37 13 80 30 23 59 41 55 100 255 48 11 38 33 53 46 83 65 70 41 25 54 26 108 35 65 22 87 35 40 17 104 102 8 66 78 13 30 137 21 61 45 62 19 22 0 
1 33 72 25 40 34 34 13 17 88 14 23 15 27 10 129 17 24 86 27 36 46 66 41 48 34 47 51 255 75 179 93 49 29 38 88 58 83 83 43 14 15 47 23 76 30 46 72 64 49 115 63 100 85 101 63 6 24 47 12 21 29 113 29 0 
14 27 33 8 29 10 7 5 60 93 2 38 13 45 21 18 29 55 35 73 30 77 103 93 45 28 69 37 255 78 112 111 20 49 30 5 43 93 118 58 91 99 42 75 137 49 27 21 45 41 65 17 71 62 90 41 9 4 13 29 33 45 54 14 0 
19 19 27 13 28 17 37 7 43 32 4 23 10 22 19 69 29 7 42 19 47 21 12 51 25 55 28 27 255 56 141 133 96 36 8 65 68 65 37 19 24 10 29 70 8 14 28 50 54 34 114 44 29 90 25 29 19 69 9 23 17 18 64 17 0 
15 11 10 21 40 19 40 13 7 91 9 31 7 33 2 94 52 20 43 75 25 36 49 31 57 52 46 58 255 88 75 88 127 27 23 19 34 55 36 28 33 24 88 65 64 21 64 37 25 18 128 30 59 28 19 32 29 17 13 32 16 51 41 18 0 
8 47 11 21 117 47 128 11 51 162 3 65 10 140 28 90 51 36 43 27 59 58 61 55 139 135 52 121 116 135 51 255 200 61 17 37 37 200 85 63 62 37 33 39 141 45 74 79 79 40 126 88 66 42 89 46 37 76 44 72 29 113 110 42 0 
6 4 23 8 53 1 40 2 48 25 7 16 15 28 11 68 48 0 2 5 7 15 7 10 34 103 44 43 255 40 19 60 104 8 13 16 11 55 19 2 11 16 28 16 30 11 32 33 10 34 38 18 38 48 30 19 13 25 14 22 9 18 52 8 0 
14 51 66 29 175 23 42 23 160 55 14 15 48 25 34 175 99 38 86 30 14 51 52 43 103 155 47 128 248 150 182 121 255 12 24 90 48 39 28 68 22 59 68 17 200 21 72 83 70 106 111 100 155 30 77 55 11 19 41 109 20 21 74 26 0 
1 45 82 32 159 47 20 18 46 21 18 82 55 48 46 60 51 2 29 3 22 46 39 23 95 75 247 255 82 54 164 40 113 73 42 94 55 163 49 46 75 134 113 37 143 48 150 48 39 24 47 65 230 45 41 9 15 59 69 76 34 17 100 48 0 
4 20 56 6 91 76 3 27 39 10 10 78 20 54 30 4 41 22 23 9 27 24 21 5 29 68 183 155 255 44 58 33 87 22 1 30 42 116 49 34 49 105 10 14 120 33 77 9 7 24 65 32 109 78 12 40 12 39 58 83 30 19 39 19 0 
10 37 251 60 178 118 99 68 24 44 30 255 56 117 18 14 95 71 62 25 27 42 38 39 14 86 223 199 127 57 53 66 91 41 42 15 236 55 71 136 46 174 187 30 135 40 98 54 36 11 34 35 208 126 16 35 7 78 26 144 63 18 17 91 0 
9 21 61 63 120 65 64 27 23 3 24 148 26 52 55 38 26 20 9 34 52 52 24 29 70 29 102 66 255 29 48 22 138 84 20 40 24 72 43 69 71 78 80 17 27 6 65 25 30 3 22 9 109 119 38 69 6 60 88 36 65 58 54 33 0 
7 36 149 63 33 24 12 15 11 15 25 116 17 39 9 58 30 30 24 11 0 23 27 13 17 41 70 40 153 65 84 29 172 15 21 22 37 87 31 59 20 32 25 27 42 34 255 30 66 22 44 45 28 25 31 70 34 30 23 75 20 90 36 30 0 
7 39 107 53 140 105 59 18 14 27 5 143 29 40 85 36 50 27 32 9 7 3 20 17 29 21 114 54 255 23 234 19 188 25 55 55 9 82 51 95 35 25 56 8 150 29 94 44 11 21 49 73 75 90 42 62 23 28 101 84 77 57 33 14 0 
1 8 14 6 38 14 26 5 6 5 9 12 3 5 13 26 2 7 10 4 0 3 2 4 0 8 49 28 255 12 45 10 26 37 12 17 3 14 5 12 8 8 11 3 58 16 12 5 5 6 9 20 10 17 11 3 6 21 46 17 12 11 9 5 0 
0 2 24 0 28 14 14 11 1 5 19 14 2 7 5 26 11 1 4 1 6 4 5 6 7 19 16 17 255 12 43 25 23 14 7 9 3 50 10 1 12 8 14 5 37 16 13 4 5 9 8 21 2 35 12 8 3 23 27 15 9 1 19 0 0 
2 15 41 3 11 0 41 36 5 3 31 4 1 5 9 70 28 13 28 1 19 1 6 18 13 32 38 43 255 34 50 70 31 53 12 8 8 72 23 4 12 37 22 6 10 15 21 1 7 8 16 37 61 26 28 33 35 37 33 19 24 20 49 1 0 
10 6 61 23 75 12 26 12 16 11 16 32 10 10 25 31 100 19 40 25 6 27 17 13 53 126 105 172 153 72 255 109 84 26 34 7 18 141 59 18 39 59 32 37 109 13 27 61 5 8 17 36 12 44 52 52 24 7 75 81 25 15 168 6 0 
11 39 75 40 33 48 239 183 30 89 61 73 58 77 62 14 3 31 59 25 76 62 39 54 43 86 26 126 184 89 153 33 26 63 53 23 44 255 43 66 42 56 69 100 83 74 75 22 39 73 82 56 94 115 35 185 25 75 122 49 34 65 146 21 0 
8 15 41 15 54 40 255 159 11 38 18 29 43 35 9 51 15 17 4 17 2 66 26 28 30 178 41 107 138 7 227 41 40 140 69 31 28 108 29 38 30 30 29 25 144 63 57 57 24 26 82 43 63 141 66 181 39 27 50 63 24 54 119 6 0 
11 23 37 17 39 24 179 158 18 17 12 6 35 28 28 31 77 38 40 14 18 49 43 6 35 28 20 53 51 17 255 36 28 19 29 24 3 230 31 41 70 47 25 12 254 30 20 12 38 32 44 20 86 118 50 160 45 43 91 31 21 42 87 9 0 
8 17 10 26 50 16 109 153 25 34 12 32 9 13 13 2 49 13 55 15 18 46 44 15 7 53 41 46 53 47 227 15 72 88 22 16 21 120 22 12 22 79 24 35 255 16 43 57 20 40 18 63 59 141 56 122 11 51 67 77 25 56 88 27 0 
5 17 13 24 16 8 108 91 12 7 3 16 15 9 16 11 14 13 35 22 9 45 18 27 31 173 4 36 86 39 255 12 31 18 19 9 8 48 15 6 8 50 26 22 173 26 8 29 9 29 31 14 51 97 14 79 14 58 57 35 29 34 101 10 0 
12 16 7 14 23 2 113 23 1 18 18 16 22 17 17 141 108 238 132 24 219 214 94 135 168 94 57 15 11 57 194 24 40 40 15 21 10 133 71 3 14 45 18 26 202 13 10 17 11 124 255 151 22 48 193 176 11 34 233 44 8 13 116 4 0 
16 14 15 5 27 8 70 4 17 7 13 23 10 17 12 31 22 19 50 7 58 38 11 15 18 94 47 82 23 5 134 23 34 18 22 17 9 255 35 20 5 22 55 30 104 11 23 24 26 82 21 65 20 37 17 84 23 56 142 36 23 11 51 9 0 
25 23 25 19 2 13 48 3 43 39 32 25 82 50 43 34 83 72 28 69 61 60 78 44 17 54 16 27 13 14 108 6 35 16 5 29 5 191 35 6 13 17 63 95 255 48 107 106 33 58 72 72 67 36 86 84 11 85 123 25 19 13 37 5 0 
18 11 26 11 11 3 64 7 15 17 8 25 23 18 21 36 36 52 34 24 78 27 56 8 31 83 69 105 41 2 145 7 77 21 11 55 17 59 50 5 11 7 24 43 255 10 8 44 21 17 6 55 22 37 45 60 17 50 109 48 30 31 21 7 0 
18 14 38 62 23 27 106 1 10 33 4 6 30 29 24 57 25 34 36 7 25 37 39 18 18 32 43 36 23 10 127 33 40 50 10 48 15 126 75 38 16 28 16 22 189 84 15 20 3 9 26 128 108 27 58 91 11 255 109 34 33 57 31 21 0 
10 152 55 129 120 45 169 65 43 7 9 47 74 57 54 81 46 68 99 32 142 40 25 45 98 232 73 83 26 44 65 58 86 66 49 20 49 158 93 55 49 5 73 31 211 28 21 53 90 61 90 186 135 89 25 92 16 157 79 80 105 70 255 42 0 
15 31 82 77 68 19 114 11 43 11 28 51 75 87 67 48 29 34 73 19 5 18 24 53 16 115 73 51 77 40 40 47 95 19 25 55 52 16 42 29 61 54 2 12 66 40 47 33 23 38 17 144 15 123 6 138 22 32 44 29 55 77 255 42 0 
26 44 47 167 178 14 123 33 139 36 25 114 80 93 20 147 45 81 27 55 66 24 41 92 17 255 180 48 98 41 186 18 95 134 57 25 31 61 87 50 30 70 132 15 31 86 75 36 69 67 106 240 155 83 83 85 36 83 38 134 25 102 246 56 0 
20 23 16 85 176 36 123 23 108 31 12 38 250 123 65 96 62 72 43 18 29 14 128 65 147 255 126 60 95 96 174 36 199 44 67 81 10 20 96 44 41 63 152 22 18 42 63 20 21 53 45 131 56 117 44 114 39 101 10 33 57 103 156 38 0 
18 38 75 115 138 17 87 27 58 27 64 18 255 43 78 52 32 69 55 12 71 77 95 58 37 9 119 33 103 51 87 9 142 51 146 108 44 64 101 36 13 48 107 30 53 31 89 46 50 41 20 125 203 18 62 31 41 123 78 12 68 105 215 63 0 
18 30 34 108 103 49 82 18 14 60 84 50 58 68 86 195 34 19 156 24 32 33 159 138 171 183 96 19 71 255 231 215 60 29 49 32 51 14 38 15 41 73 49 72 57 39 29 65 61 74 68 28 57 63 55 46 86 99 15 119 33 75 143 19 0 
15 19 15 31 61 26 17 10 31 25 22 29 57 54 64 31 43 35 99 80 57 50 34 23 42 162 45 11 40 255 93 42 79 34 53 40 35 13 24 14 59 49 59 100 23 18 72 43 51 52 29 43 96 72 51 28 48 81 48 55 52 40 54 8 0 
14 37 44 67 76 62 53 1 50 66 44 25 31 66 11 147 48 41 61 66 47 40 197 87 60 148 61 14 38 255 22 79 133 100 23 33 88 25 15 36 73 59 66 16 15 13 69 61 21 47 40 64 58 77 16 54 105 56 74 57 80 13 66 20 0 
7 36 86 146 145 94 85 22 43 28 90 34 56 51 8 22 82 32 113 100 14 111 103 91 79 87 203 5 73 255 153 71 217 30 103 31 29 35 9 73 16 67 20 114 10 13 51 16 33 125 77 25 111 61 53 33 69 79 91 57 31 48 71 44 0 
5 22 255 198 173 109 19 7 68 29 32 36 14 72 61 6 29 43 12 38 3 58 48 36 41 85 146 31 76 92 16 59 144 3 22 19 17 12 41 44 20 42 13 32 18 18 4 6 13 94 122 31 21 11 18 48 37 45 17 230 41 22 36 23 0 
1 11 153 255 18 30 24 16 38 7 1 33 8 13 4 53 4 30 25 31 16 28 10 5 6 11 13 3 29 21 32 22 22 11 2 21 16 26 29 29 21 27 12 26 0 16 11 4 3 22 17 37 12 3 23 9 17 14 6 17 11 9 53 5 0 
2 13 156 255 43 18 15 14 22 10 4 2 16 18 9 16 17 23 21 50 21 29 19 16 25 91 12 15 39 28 40 15 23 15 6 13 4 10 12 13 14 9 33 2 7 8 5 5 2 8 27 13 18 40 18 20 8 8 9 19 5 10 32 5 0 
2 24 134 255 64 20 23 20 10 6 2 10 14 15 18 21 22 32 53 26 1 25 55 35 59 42 18 7 78 35 16 20 36 7 6 36 16 7 12 7 9 5 21 14 12 8 30 9 7 17 21 9 29 22 9 43 19 17 7 11 3 3 69 8 0 
3 24 210 255 51 11 34 38 20 5 22 53 5 6 33 28 17 51 32 32 22 15 65 12 76 51 36 7 187 58 23 17 121 51 31 43 45 34 8 11 15 21 60 2 15 18 30 25 6 15 52 19 9 30 12 50 42 11 11 13 6 11 67 13 0 
3 69 193 110 55 55 21 53 15 1 2 55 33 8 37 56 46 9 28 31 47 41 52 103 48 31 35 13 143 32 42 86 255 59 33 22 58 54 45 13 22 19 52 29 11 63 83 42 30 29 99 28 64 31 43 26 25 20 17 62 17 9 55 19 0 
7 74 120 149 59 58 62 81 32 11 25 17 19 31 13 46 44 31 42 19 12 20 7 42 62 91 19 44 55 255 97 110 118 10 53 62 84 90 31 9 34 44 72 17 17 45 61 25 67 23 125 34 21 16 19 28 32 31 21 90 44 26 150 22 0 
3 48 195 191 15 60 110 135 7 3 19 24 16 21 13 22 34 21 21 11 20 15 41 12 20 30 24 30 67 255 36 29 21 44 33 29 96 64 24 49 26 23 44 28 31 31 46 13 29 76 51 29 63 13 37 21 22 3 13 76 24 17 36 16 0 
1 152 150 170 168 140 103 222 12 8 33 10 6 17 2 25 22 28 9 17 25 23 4 25 17 67 10 24 31 255 34 10 58 53 83 159 42 20 38 41 24 16 78 31 20 24 48 24 25 49 47 3 91 10 22 40 118 37 32 92 37 5 50 31 0 
3 118 77 92 40 25 78 235 11 6 13 2 3 9 5 5 13 21 29 0 7 4 5 24 56 29 14 12 23 32 64 48 66 43 43 96 255 137 11 58 73 39 30 22 12 9 39 7 13 53 20 16 52 35 9 14 36 33 19 81 13 11 23 47 0 
12 71 40 34 34 106 255 92 15 26 73 42 46 54 38 25 67 57 7 92 40 62 106 130 104 78 46 14 82 110 55 136 158 97 151 144 174 72 43 66 66 54 88 46 24 19 200 41 70 19 49 47 49 42 41 137 65 110 134 77 169 114 89 71 0 
14 115 67 84 42 72 82 57 10 14 8 18 18 9 9 39 7 21 52 4 17 34 56 62 166 37 17 70 196 115 54 54 255 93 106 37 196 35 15 58 20 12 88 24 29 52 93 19 18 0 48 44 18 39 67 85 48 69 51 121 76 39 59 60 0 
19 75 107 104 27 39 108 28 40 5 24 59 39 22 32 27 62 29 21 25 70 41 72 35 133 163 31 75 164 220 82 20 191 99 15 255 107 114 31 126 58 55 73 41 11 199 152 141 94 52 77 17 81 163 61 28 29 161 12 179 73 71 230 33 0 
9 50 29 42 56 10 71 122 12 20 17 24 17 12 19 13 28 4 53 27 12 25 16 15 12 115 33 36 255 138 55 29 103 4 41 212 136 73 27 22 25 12 24 46 54 31 47 38 17 1 23 21 11 58 4 33 16 63 20 34 50 18 80 12 0 
6 28 24 12 53 54 15 120 10 17 3 3 29 9 10 15 19 16 42 8 29 20 34 24 22 82 36 42 120 63 61 15 11 13 40 255 68 86 12 4 28 24 23 34 26 23 28 14 38 4 21 7 13 68 33 27 23 38 25 21 41 14 112 10 0 
8 39 104 40 73 19 98 77 24 18 9 48 35 33 9 18 31 47 51 17 12 29 25 48 31 71 44 45 168 124 31 33 75 9 49 255 33 102 24 15 33 41 92 30 47 22 12 25 36 34 71 23 70 53 33 26 13 45 23 96 27 34 36 19 0 
3 13 37 32 111 21 65 56 16 19 14 6 153 75 28 28 12 26 20 24 12 49 27 43 24 48 3 30 240 14 87 16 67 23 37 255 114 123 26 41 25 54 73 28 52 34 17 2 42 45 75 10 34 25 23 77 28 96 22 104 21 18 96 30 0 
5 26 46 21 86 10 54 14 5 12 1 6 108 24 6 28 41 30 27 21 18 11 49 24 16 60 22 5 250 57 96 10 21 23 21 255 34 76 6 23 15 37 58 28 35 16 11 15 26 33 28 7 48 38 21 31 37 20 14 24 7 28 113 2 0 
5 39 28 15 130 18 50 6 19 11 2 10 97 43 10 41 22 8 13 25 34 21 10 25 17 78 52 45 255 135 89 42 23 23 41 195 21 67 17 6 10 47 94 41 46 19 13 15 3 23 6 18 46 63 19 38 52 65 30 58 23 21 95 12 0 
2 20 4 26 66 11 19 11 8 3 7 3 63 17 5 19 4 11 12 5 2 19 9 12 6 57 11 16 255 55 58 6 35 12 19 113 44 25 4 6 3 25 28 17 14 10 5 5 19 24 11 5 30 25 7 18 18 19 14 9 10 10 6 10 0 
6 9 31 18 106 8 18 14 13 8 15 10 68 27 33 32 14 14 13 11 1 11 6 4 39 50 14 36 255 48 150 9 9 8 18 89 78 50 5 4 4 46 16 23 27 18 3 4 17 29 33 10 24 24 22 14 11 15 13 22 5 20 23 8 0 
21 97 44 17 217 8 4 2 8 12 74 71 28 41 98 23 12 13 0 10 15 7 8 21 12 65 12 49 255 60 219 110 132 122 113 99 52 40 17 23 18 52 23 18 79 76 29 11 29 32 13 3 29 15 17 46 73 55 76 102 38 62 34 16 0 
11 42 26 5 161 1 44 14 7 9 8 37 18 25 51 11 17 10 16 9 4 2 6 8 4 16 24 45 255 20 84 19 10 7 4 53 23 47 0 5 4 37 17 13 21 8 8 21 14 14 19 30 33 15 14 45 15 26 23 23 10 10 47 2 0 
17 45 108 32 255 10 48 22 13 6 11 20 28 4 44 82 33 19 26 11 13 8 18 19 13 74 8 46 33 104 90 7 42 8 13 98 28 57 15 14 4 49 50 99 51 12 7 15 31 33 24 30 38 16 39 27 22 74 58 4 15 11 46 9 0 
14 20 69 2 216 29 58 17 19 12 8 50 31 26 34 112 13 11 12 31 17 13 42 10 39 93 10 43 255 148 187 23 8 17 10 56 6 216 24 10 28 55 11 128 28 11 17 5 46 33 40 32 62 30 23 93 17 53 41 26 26 5 66 10 0 
4 34 82 68 128 24 16 3 11 10 7 32 8 16 8 55 5 30 5 7 6 8 11 9 10 61 37 60 255 94 166 22 15 10 21 41 10 59 11 8 9 14 12 19 71 8 14 17 19 10 25 81 52 22 8 83 12 29 81 26 20 11 40 13 0 
7 40 187 255 166 77 22 10 30 2 24 25 7 13 10 47 7 62 28 18 42 41 20 22 4 28 58 53 128 50 244 18 48 26 20 5 33 225 50 20 6 22 5 76 17 17 13 5 36 26 37 60 31 55 24 50 20 98 209 6 24 11 41 32 0 
19 99 24 255 86 50 33 6 43 18 16 50 16 3 20 29 26 55 18 10 32 41 23 22 15 63 45 41 44 20 184 26 29 2 1 50 30 224 35 23 21 44 22 34 161 9 36 9 17 50 41 75 49 10 60 48 3 140 215 21 10 10 59 52 0 
21 72 86 206 18 68 14 8 29 19 7 23 13 26 29 30 24 46 8 11 40 11 39 11 4 38 29 18 18 19 135 10 13 5 3 30 5 73 28 14 6 9 59 15 255 28 37 38 11 23 16 102 22 5 23 22 16 102 219 6 6 10 27 14 0 
31 43 115 166 90 69 35 4 56 90 76 40 21 55 87 59 19 54 31 34 76 24 4 43 3 97 54 39 19 17 215 13 41 14 29 33 34 33 24 21 4 13 109 199 156 74 43 78 50 80 75 42 46 13 39 77 3 65 255 18 20 22 68 23 0 
30 31 130 204 73 58 30 32 45 35 40 18 40 103 12 83 65 77 72 38 60 5 104 82 19 109 43 62 25 3 255 33 7 17 29 34 14 65 33 25 13 10 38 97 207 35 67 93 85 30 9 134 48 71 28 28 9 80 226 8 53 38 117 26 0 
5 16 144 255 45 24 44 56 78 35 30 45 54 22 45 86 141 81 81 73 86 158 130 170 92 92 181 36 136 74 146 58 55 50 53 22 88 117 69 31 29 19 49 146 122 46 69 140 65 26 18 150 24 78 76 29 10 49 54 63 37 79 21 21 0 
3 52 238 128 146 14 64 33 90 2 19 79 30 24 35 34 96 129 87 31 66 122 99 42 33 235 147 55 247 52 255 87 64 77 150 86 67 141 94 63 25 77 36 163 174 76 82 67 60 99 63 74 101 81 84 69 61 170 151 33 18 53 219 40 0 
16 51 197 255 45 20 63 46 81 9 26 101 8 15 19 17 64 49 90 21 45 49 11 45 8 146 83 51 57 149 66 46 36 73 78 55 81 74 60 23 17 80 53 89 176 38 69 89 64 103 70 49 167 74 25 74 110 149 115 52 31 46 95 45 0 
25 130 233 42 25 16 48 68 53 38 5 50 32 14 40 63 30 53 172 43 133 88 22 25 28 255 61 64 83 71 107 120 161 15 46 114 141 78 142 34 68 48 152 110 124 45 120 112 48 20 43 25 208 90 113 150 34 105 197 102 78 42 180 14 0 
12 9 179 252 160 82 59 42 40 22 23 81 69 33 77 56 53 25 146 67 26 111 61 83 44 51 52 48 86 74 125 38 186 68 22 105 106 104 81 60 47 78 98 93 206 99 105 10 93 83 28 109 140 111 61 242 25 29 118 80 24 42 255 22 0 
22 74 152 154 202 132 74 81 32 2 44 45 90 72 46 72 117 51 66 51 103 110 22 66 49 198 197 51 234 83 165 81 67 38 68 255 109 102 29 82 50 49 188 93 133 76 73 31 65 21 27 93 136 31 24 209 59 45 66 86 72 59 195 48 0 
12 52 145 106 44 51 117 255 16 9 127 37 54 34 58 59 62 7 119 32 54 83 51 30 14 128 26 22 201 90 65 51 97 51 14 169 94 36 50 13 35 57 29 101 126 53 111 4 29 31 75 97 241 61 52 134 52 25 24 109 77 66 212 49 0 
3 45 132 62 26 20 110 255 24 19 113 36 29 5 25 35 83 56 26 74 51 97 16 49 64 86 19 18 121 131 47 126 24 59 84 108 96 6 37 14 40 42 42 16 14 18 66 0 36 13 19 23 141 29 25 122 11 65 59 37 153 48 36 17 0 
11 72 96 70 40 16 151 240 16 18 35 17 33 87 31 60 27 43 73 53 21 18 74 51 15 100 48 4 134 26 104 63 105 38 24 163 97 39 45 24 43 80 102 48 39 28 91 70 12 69 24 26 255 27 57 88 50 39 87 119 12 94 56 27 0 
9 127 92 130 62 22 188 117 9 10 48 29 49 141 50 90 57 64 49 10 35 86 28 17 81 199 40 6 135 43 153 154 255 25 36 184 185 75 84 19 99 101 36 9 81 37 63 105 83 126 82 33 230 72 33 121 27 64 35 185 62 22 113 46 0 
7 15 15 90 9 20 12 66 16 9 21 7 19 84 35 36 3 28 7 6 19 45 41 11 53 22 22 44 42 68 58 50 255 31 10 169 132 15 22 33 26 56 119 36 35 21 22 23 31 79 13 20 104 76 38 40 27 12 10 124 12 61 10 12 0 
3 24 52 60 45 9 27 68 15 13 6 7 47 69 14 75 42 21 18 23 21 46 55 21 67 48 20 15 76 97 113 68 255 53 20 175 148 28 37 74 68 32 97 53 49 42 5 28 41 70 34 27 6 117 33 40 10 10 40 173 41 79 20 15 0 
20 60 46 35 21 33 18 43 45 14 30 6 71 56 30 103 14 13 6 24 12 42 78 50 187 62 54 26 122 106 27 12 124 61 37 255 165 68 33 137 58 104 161 35 31 52 22 17 43 89 11 30 105 186 49 39 15 5 22 251 95 54 46 24 0 
18 22 82 63 8 26 13 5 23 11 19 25 28 10 43 54 16 10 17 30 10 35 79 26 45 14 32 19 78 121 90 44 80 3 61 151 255 24 14 13 30 78 62 35 22 8 48 69 16 21 20 27 102 37 21 20 90 11 11 128 41 25 38 14 0 
9 29 71 15 6 39 40 7 7 20 25 26 13 37 16 40 32 2 10 40 40 27 34 34 45 37 26 4 29 163 45 30 68 16 51 58 255 20 19 19 34 95 69 73 49 12 31 24 26 30 49 41 29 31 5 28 54 29 31 57 87 85 37 7 0 
4 34 34 21 39 35 43 8 8 3 8 9 28 30 7 19 9 8 28 30 36 19 19 25 67 38 7 32 90 57 21 37 255 51 66 175 114 8 64 106 39 26 51 43 13 31 42 21 21 25 62 34 39 41 17 31 17 32 5 153 49 28 68 31 0 
0 32 9 15 57 34 23 16 5 2 11 9 29 32 2 32 46 13 48 32 21 22 93 27 31 101 33 32 203 156 93 70 234 54 39 205 112 27 70 70 24 45 25 108 14 36 63 15 13 50 21 45 76 158 46 73 19 40 44 255 39 34 100 25 0 
9 95 58 10 52 51 30 23 10 12 8 16 12 34 17 44 19 6 48 25 16 23 7 65 22 101 39 26 255 91 70 20 134 23 68 219 88 47 39 32 87 36 80 57 45 2 78 21 36 65 42 52 190 84 49 79 20 51 17 238 6 11 90 16 0 
4 96 49 2 56 33 30 17 6 11 13 23 13 10 26 62 43 21 117 16 45 24 43 33 50 134 14 46 219 57 42 59 84 56 20 255 74 31 16 25 55 59 52 39 19 9 85 50 13 23 55 46 87 203 32 47 23 73 38 117 12 23 123 46 0 
17 8 97 22 32 16 21 21 7 18 6 33 10 16 15 19 8 24 69 39 71 14 40 23 56 180 39 51 156 48 115 43 255 17 57 240 50 68 37 21 46 39 85 7 14 46 72 28 13 33 50 13 120 68 30 28 35 51 15 180 23 24 129 31 0 
19 27 118 124 59 55 22 14 19 21 11 21 28 16 19 25 73 12 20 42 76 36 52 14 18 71 3 37 247 57 37 48 119 44 46 255 54 20 44 33 64 48 25 19 55 27 88 11 12 34 25 21 101 135 49 13 41 44 3 123 45 39 122 4 0 
9 65 255 41 32 124 43 11 13 9 2 25 13 1 7 26 16 32 18 11 31 20 34 16 32 54 10 31 121 34 43 2 8 21 18 101 15 6 18 20 30 37 36 22 15 25 19 2 15 6 43 19 117 14 37 56 14 12 15 74 10 17 58 3 0 
18 90 175 255 88 109 6 25 8 7 9 75 10 6 14 55 93 73 23 3 91 53 36 66 47 44 59 32 63 40 32 22 90 29 20 222 48 42 147 120 92 40 41 38 29 7 21 28 12 129 79 58 78 118 84 31 20 29 22 15 11 25 57 86 0 
10 30 119 250 140 40 40 2 17 16 12 56 18 26 13 106 91 128 91 15 129 188 114 81 39 78 112 38 18 57 53 31 42 22 41 255 90 106 39 33 84 126 42 26 2 32 41 7 47 119 165 202 114 27 126 122 69 9 15 77 31 3 40 58 0 
6 49 73 255 92 75 52 34 10 23 8 63 22 16 18 17 23 46 54 21 32 28 16 32 40 11 37 34 71 32 40 28 41 11 49 233 8 29 80 51 52 36 17 47 27 35 69 13 15 4 95 24 117 93 50 68 32 6 26 42 36 37 52 12 0 
6 16 16 156 18 7 6 7 14 11 3 11 1 6 2 14 17 9 3 14 9 7 18 6 13 22 6 1 73 10 39 22 33 21 14 255 10 14 4 6 10 13 38 26 17 10 17 9 19 23 14 19 69 23 19 47 16 15 12 11 19 19 31 16 0 
7 53 37 153 60 20 30 4 78 30 7 7 13 28 13 33 38 26 36 23 23 12 30 11 16 49 9 30 104 49 44 35 40 14 11 255 12 24 28 20 28 33 53 56 3 16 12 17 37 38 51 21 126 53 4 49 35 56 11 22 31 18 69 9 0 
3 44 18 171 89 33 8 24 96 54 33 16 25 18 24 15 59 48 29 19 45 24 12 33 3 126 67 39 88 27 84 40 75 24 3 255 19 49 45 14 44 21 65 65 27 24 24 12 111 67 15 33 126 88 46 24 39 55 35 34 43 26 77 27 0 
21 33 24 251 127 21 62 6 131 80 68 52 17 28 84 42 71 48 78 146 55 71 71 33 94 44 69 22 145 59 175 84 144 51 39 255 4 102 57 36 51 34 232 38 54 42 86 17 87 88 119 74 90 104 54 100 42 105 47 154 42 19 55 5 0 
24 43 24 166 113 57 27 35 30 255 128 113 35 66 32 17 45 8 109 90 92 50 50 42 53 145 88 20 241 20 224 13 196 7 82 50 68 81 15 58 46 13 55 173 105 183 194 102 106 116 128 61 170 84 128 101 58 74 36 112 74 45 171 35 0 
33 116 39 9 80 41 19 28 86 97 56 22 45 17 35 20 91 25 22 21 33 10 13 32 2 70 7 3 255 32 138 7 67 8 44 100 40 158 34 24 11 19 82 74 96 43 45 15 58 43 15 31 50 35 55 92 31 39 27 38 18 38 46 34 0 
15 38 58 41 16 12 56 35 191 52 10 32 66 37 6 19 255 98 56 85 34 9 68 42 38 118 23 16 141 38 134 29 62 55 33 60 67 182 72 56 26 46 86 110 139 8 46 80 47 16 7 21 49 35 5 35 8 50 52 58 12 16 30 55 0 
60 174 124 169 59 50 96 5 145 42 37 58 87 70 60 129 115 33 99 32 50 47 83 28 41 19 93 9 106 59 168 31 100 72 22 33 82 255 189 103 43 106 92 114 241 18 89 66 69 18 88 14 25 46 34 51 46 78 47 131 70 46 111 68 0 
46 83 86 143 195 49 27 25 59 15 24 34 71 245 56 195 183 66 82 17 92 26 36 51 56 119 106 13 70 29 231 20 61 57 42 83 4 128 131 82 13 30 148 97 255 147 165 81 91 40 167 12 40 48 28 188 30 97 181 104 51 88 21 27 0 
18 58 20 75 110 51 42 32 20 21 22 17 49 118 65 99 107 50 9 23 128 22 32 20 36 45 49 43 49 10 102 3 22 63 40 72 25 48 68 22 31 22 30 123 105 228 255 196 60 32 195 64 30 40 57 151 81 112 119 39 52 92 125 21 0 
25 64 51 17 39 15 37 51 16 35 40 9 74 251 67 125 95 93 57 13 213 50 109 69 54 47 151 137 81 31 5 72 110 65 102 146 11 158 11 31 2 48 238 124 111 135 55 255 115 126 62 192 43 35 79 55 104 143 185 89 98 252 173 35 0 
24 27 11 11 28 6 26 19 8 18 22 5 31 120 25 57 8 78 45 65 56 67 26 50 25 23 28 45 34 40 166 81 81 87 138 17 22 30 25 3 5 11 83 255 20 97 9 113 108 164 119 26 46 12 8 48 9 128 24 78 61 57 27 42 0 
15 23 11 25 46 7 71 67 32 32 17 46 63 185 211 255 36 248 102 13 75 23 41 36 15 27 62 106 61 143 181 123 52 17 42 117 195 14 4 18 26 8 83 152 126 85 83 48 78 115 126 35 13 48 74 1 225 99 164 70 110 60 42 94 0 
12 11 23 24 29 5 45 45 46 4 28 13 40 91 239 255 27 42 42 17 25 8 18 19 16 36 36 64 36 117 107 70 69 103 66 52 162 57 34 25 9 20 110 108 80 12 49 12 11 31 54 31 5 13 2 25 78 83 120 39 14 71 101 18 0 
1 23 17 35 21 18 39 84 40 1 16 22 40 94 235 255 22 17 25 8 16 20 8 3 7 39 29 17 66 55 72 39 20 37 68 116 96 43 64 4 20 29 59 241 69 26 54 27 56 97 117 34 4 33 11 17 87 69 139 43 15 29 8 11 0 
2 28 18 70 8 33 23 100 40 20 32 28 17 60 56 255 14 19 37 14 22 29 10 62 44 106 29 15 90 33 22 45 41 44 38 165 118 90 18 23 43 46 191 142 111 33 80 21 36 12 56 7 31 42 25 128 5 60 112 97 25 57 78 55 0 
11 57 47 35 60 11 63 111 31 37 18 31 25 78 58 230 22 36 66 4 11 37 15 65 56 51 30 63 102 128 171 46 55 29 50 134 255 108 72 31 43 48 208 143 124 33 119 25 46 38 60 45 57 51 32 146 76 105 123 71 31 55 146 135 0 
11 54 22 75 125 58 26 46 53 27 21 62 9 70 58 28 31 8 92 16 34 42 34 19 27 75 99 94 23 121 151 63 53 30 47 79 255 54 29 46 21 52 65 38 31 20 96 13 33 17 13 30 88 25 27 152 81 56 78 149 38 24 187 92 0 
5 75 41 94 178 13 45 59 54 28 35 46 14 69 20 59 27 17 126 8 26 70 33 46 32 100 16 67 185 41 148 30 19 8 70 135 134 66 23 35 9 17 255 122 39 5 93 5 24 26 43 21 10 12 20 94 92 66 35 155 48 30 144 87 0 
11 46 15 97 226 36 65 30 69 14 38 67 17 55 61 52 33 29 91 23 24 51 27 37 31 59 47 57 33 135 190 48 117 24 39 203 239 149 77 23 24 54 119 255 112 24 94 51 40 33 14 97 114 36 49 223 69 120 82 25 31 44 170 58 0 
9 28 56 58 42 34 47 6 21 54 14 43 19 23 19 31 31 9 39 35 9 25 28 53 22 97 39 37 211 44 60 16 249 42 22 255 94 57 52 29 16 24 17 43 22 48 53 64 72 13 7 83 77 45 44 82 39 104 45 154 2 8 20 52 0 
12 43 16 91 24 19 18 16 12 10 10 32 8 11 15 6 10 5 59 3 11 21 16 24 9 46 65 39 128 72 48 13 120 24 12 255 82 68 43 13 13 16 95 85 17 16 33 7 8 13 14 94 22 58 20 58 7 86 16 47 21 23 20 23 0 
15 5 61 61 76 56 13 9 11 8 14 36 11 6 22 27 27 10 28 23 22 22 13 15 35 62 111 32 31 71 36 12 53 13 24 255 63 15 57 28 21 23 66 91 77 24 48 23 26 7 16 69 131 61 48 52 10 22 28 15 104 71 62 42 0 
21 9 215 255 149 113 81 46 29 5 36 51 27 21 19 45 17 16 12 47 41 59 10 7 75 67 71 153 48 99 126 28 143 45 47 162 15 130 105 136 87 62 133 171 46 56 64 9 27 14 32 39 220 193 72 126 54 202 28 199 199 21 26 69 0 
14 113 248 200 71 127 100 2 16 28 12 37 24 20 29 32 48 33 33 28 56 76 63 46 21 32 69 110 26 69 74 37 97 50 74 103 103 139 199 66 116 100 12 49 19 35 47 16 21 31 35 199 142 182 51 64 70 255 81 149 235 74 14 107 0 
37 50 80 184 136 211 133 120 54 72 56 38 10 31 30 35 16 27 52 29 40 7 70 47 24 101 161 236 112 73 67 38 136 82 72 238 90 135 34 190 98 42 255 33 197 22 58 24 33 67 67 172 166 209 105 24 30 105 208 100 149 171 86 121 0 
18 46 52 23 44 43 255 61 32 34 33 17 23 12 25 19 19 30 28 4 17 11 40 20 22 25 26 178 21 40 8 16 35 29 44 94 44 82 41 104 50 19 130 26 76 7 30 18 27 60 12 36 14 234 14 35 22 26 32 93 53 24 20 59 0 
29 86 136 114 24 21 123 62 77 86 83 67 4 43 2 25 60 11 88 18 17 36 45 41 74 27 98 106 12 96 87 37 116 67 108 49 107 248 101 34 92 65 118 36 30 19 34 10 50 79 53 87 255 97 129 57 25 55 104 77 124 53 23 107 0 
17 72 76 53 45 25 225 11 67 35 41 16 15 19 36 61 32 23 67 19 20 36 55 16 39 71 62 59 31 101 24 11 77 82 73 74 131 174 47 65 51 4 89 56 19 31 39 25 19 37 10 63 39 255 51 156 24 62 41 51 99 54 66 51 0 
8 63 128 81 57 7 235 122 26 6 26 9 50 49 37 99 46 23 32 26 31 54 59 6 50 79 20 81 93 130 136 67 61 75 66 105 149 128 37 89 66 31 68 60 39 49 98 17 25 30 31 22 255 196 20 86 22 47 70 82 107 64 98 78 0 
34 24 90 57 43 69 163 255 38 29 105 15 138 47 61 152 100 58 161 29 10 83 124 60 47 60 36 31 226 128 113 93 77 119 134 71 174 115 27 100 49 46 135 98 27 64 154 10 64 47 46 135 180 64 63 108 28 61 145 138 81 50 82 108 0 
16 169 143 75 62 18 159 53 62 133 75 70 130 52 62 143 71 10 72 55 66 28 73 113 123 74 33 65 190 134 126 75 137 179 123 82 128 111 59 114 69 69 73 120 18 59 196 30 83 84 80 65 255 117 56 174 88 70 93 34 110 52 116 107 0 
25 66 25 64 52 1 78 125 121 26 44 6 113 53 107 103 89 58 70 52 25 29 48 43 134 97 43 40 93 123 106 47 96 50 94 34 122 95 85 87 36 55 152 105 35 71 198 47 47 55 17 16 255 87 31 131 86 7 108 67 76 35 29 87 0 
28 48 75 29 32 4 49 40 253 66 73 31 241 228 173 160 99 84 81 35 34 36 21 35 205 21 42 26 83 159 204 54 47 152 90 69 135 94 154 193 37 94 234 78 14 68 147 59 44 40 52 5 255 84 55 140 103 27 134 93 140 51 80 113 0 
22 46 35 43 15 17 36 10 186 44 10 12 47 186 210 72 19 62 72 42 31 30 21 34 81 74 5 15 51 81 94 40 217 188 55 39 53 41 77 100 55 59 255 74 19 19 82 22 50 25 25 14 26 124 25 41 86 29 157 85 68 35 50 92 0 
15 24 27 22 12 5 5 6 109 71 64 14 44 62 132 81 88 106 56 33 62 95 74 66 109 102 51 4 40 84 255 168 96 16 49 152 117 10 52 65 34 88 109 126 87 38 154 63 84 226 27 22 51 58 11 58 201 98 117 135 175 218 164 45 0 
29 37 46 29 17 48 43 17 173 145 60 70 73 42 80 108 75 50 119 125 75 59 48 36 78 144 87 28 52 141 193 107 255 156 120 117 176 18 26 101 79 85 167 107 140 95 49 105 88 239 58 26 72 105 134 57 173 21 207 60 51 89 24 189 0 
33 26 31 13 9 7 47 6 168 80 74 71 19 67 145 142 110 196 74 66 95 26 120 47 38 116 22 22 107 66 56 62 79 30 131 8 53 10 3 84 24 32 42 255 45 26 150 19 56 80 59 21 96 77 51 23 121 43 122 199 10 41 60 130 0 
41 47 70 40 40 64 119 19 255 56 25 24 29 43 10 238 33 61 89 11 69 46 64 32 69 90 55 4 155 82 59 96 198 68 91 43 66 22 11 69 31 40 147 172 30 40 126 39 46 68 34 60 83 132 31 25 64 45 99 165 20 75 80 93 0 
38 55 32 34 110 60 86 36 255 6 96 36 31 53 51 16 56 25 36 36 80 83 42 57 20 90 18 16 172 73 36 71 161 83 65 124 44 66 39 110 84 6 79 179 37 56 83 17 37 32 89 12 117 177 21 45 68 37 100 73 45 46 26 132 0 
9 17 255 170 101 133 119 43 53 34 65 15 22 6 29 5 11 19 21 3 24 32 16 1 43 9 13 16 44 35 40 36 37 59 32 23 14 12 144 49 35 63 91 67 10 17 63 16 20 48 26 19 23 42 18 36 38 31 57 24 54 24 45 21 0 
1 93 255 196 149 191 134 41 65 19 67 2 2 12 10 12 7 7 14 9 14 3 2 11 15 0 6 4 13 10 38 25 13 12 9 24 130 58 226 77 33 36 39 25 6 0 37 11 5 20 11 15 15 7 17 5 31 40 33 7 13 18 24 100 0 
9 134 72 18 113 124 74 239 43 30 64 12 7 8 5 12 39 5 19 10 40 33 24 22 32 18 19 4 13 18 70 20 47 35 36 139 72 29 182 43 63 97 255 28 30 20 67 5 18 10 20 32 36 32 38 56 29 37 26 21 63 56 59 82 0 
5 45 29 21 105 63 60 255 26 5 43 16 7 13 13 17 24 22 13 13 23 15 10 34 41 9 8 38 58 12 79 34 14 21 4 216 63 29 61 48 14 19 86 18 1 28 42 1 36 23 18 40 39 12 33 34 6 32 32 44 45 24 82 25 0 
3 32 31 3 27 46 41 227 18 23 28 3 8 5 6 16 32 26 17 3 16 19 10 7 34 17 1 38 39 12 119 15 16 31 11 255 34 85 38 19 35 41 39 27 12 6 19 16 55 44 30 26 35 3 39 43 6 20 18 20 25 21 65 26 0 
2 17 5 1 79 20 50 64 15 3 8 10 11 18 1 17 9 10 18 15 21 18 14 15 37 36 10 19 43 19 140 10 5 14 10 33 19 59 24 13 13 26 255 23 26 13 10 12 67 9 17 34 36 13 11 59 10 32 4 9 37 29 179 25 0 
4 21 46 11 82 38 28 43 10 17 23 17 20 5 13 9 16 10 21 12 32 18 6 12 28 27 12 27 162 25 194 11 17 24 14 63 17 65 12 18 6 27 255 43 34 4 24 29 123 18 41 47 30 10 29 79 17 29 20 27 54 24 169 22 0 
5 9 40 35 77 26 101 48 33 14 12 31 20 13 28 21 8 15 23 35 47 10 24 14 24 14 5 38 90 21 204 5 28 41 24 5 29 70 57 13 16 43 192 71 55 4 4 19 67 11 19 41 58 22 69 71 32 85 28 36 83 20 255 15 0 
0 26 57 53 34 76 37 30 38 24 15 34 9 28 25 10 29 11 13 10 45 2 24 16 23 19 45 38 42 41 78 33 27 32 28 23 34 10 47 7 16 32 77 67 75 22 35 22 30 42 35 55 38 28 14 255 33 89 10 36 29 106 197 18 0 
2 35 116 20 221 103 53 8 22 9 4 115 11 19 24 17 8 38 17 19 113 17 16 10 26 23 58 43 34 20 44 12 28 20 13 24 13 32 59 9 24 19 40 41 76 11 25 6 13 44 7 92 32 33 41 255 39 15 26 8 50 12 139 9 0 
1 33 23 89 255 146 33 4 11 21 16 56 40 23 6 16 12 51 28 18 53 28 15 12 7 33 15 108 17 1 7 2 3 2 3 9 2 12 17 2 3 12 27 34 61 6 24 6 9 13 9 131 21 20 22 6 3 13 28 11 19 8 39 5 0 
7 29 74 56 184 255 29 18 32 46 13 96 38 36 42 34 18 13 31 46 68 23 21 41 39 40 10 183 24 13 8 11 5 12 3 16 1 24 47 24 29 22 33 45 53 10 31 49 43 31 26 63 10 31 77 26 8 79 33 17 40 35 41 8 0 
5 6 71 87 255 169 8 23 15 36 25 9 9 19 45 28 35 37 7 22 54 4 27 24 73 25 84 88 43 18 17 23 9 13 6 19 4 32 58 11 14 51 19 12 21 16 12 55 16 2 28 107 18 46 21 50 26 16 19 24 68 35 30 5 0 
9 91 73 51 255 192 35 11 13 30 36 21 24 21 92 13 17 54 14 48 64 16 33 97 142 57 90 73 75 51 24 59 16 40 26 25 8 22 125 20 47 39 25 16 35 56 34 18 40 31 17 103 32 62 79 91 24 23 41 40 83 91 11 7 0 
15 10 75 84 104 147 73 27 46 46 6 61 68 20 172 28 27 9 43 64 80 35 67 156 255 105 110 57 104 20 51 191 113 23 10 44 8 39 252 76 48 76 36 18 42 55 70 119 29 46 66 235 51 112 25 36 70 34 92 94 88 183 100 30 0 
11 44 67 52 128 49 25 8 23 17 19 75 123 12 242 30 22 15 82 12 17 21 17 75 249 75 12 41 18 24 52 255 67 10 32 55 19 12 176 55 126 24 32 24 13 81 88 38 31 45 57 67 52 52 23 67 28 38 52 76 37 55 24 41 0 
9 7 60 51 95 28 50 21 22 12 13 48 123 49 221 35 11 20 81 20 40 22 56 41 140 68 43 45 11 13 83 248 133 33 23 50 11 3 255 34 91 19 60 19 14 121 86 47 41 28 66 68 44 64 10 43 45 18 28 87 8 78 37 16 0 
11 18 37 41 81 95 43 8 20 30 15 13 97 72 206 33 64 76 36 16 32 54 77 93 87 26 44 36 21 13 20 231 255 27 8 46 6 20 138 51 77 8 37 15 17 107 104 54 23 17 34 56 49 43 37 19 8 17 72 111 16 25 50 12 0 
19 36 57 219 124 134 54 14 10 12 11 30 132 137 200 35 39 45 41 24 32 6 116 18 114 63 15 30 15 30 103 245 255 13 37 44 43 13 125 92 83 30 52 7 13 163 88 60 60 34 4 44 76 79 21 6 48 10 11 182 5 41 24 34 0 
10 54 255 155 91 77 40 15 16 22 27 31 22 79 62 18 27 16 25 28 24 8 33 17 27 38 27 8 12 48 128 81 101 60 53 59 14 26 90 72 50 50 81 18 10 111 50 24 27 37 30 34 65 48 14 17 36 5 42 142 16 11 69 28 0 
52 153 89 49 73 74 99 63 37 26 6 67 21 102 77 255 10 17 132 58 48 20 43 81 129 178 24 44 53 45 100 60 91 123 19 70 54 32 127 243 228 37 141 6 51 145 184 64 107 37 80 53 87 61 56 51 24 4 65 153 27 123 19 80 0 
28 255 112 42 88 80 41 72 46 47 16 80 48 147 121 154 35 29 177 37 46 42 32 60 159 94 3 69 52 62 117 161 55 135 92 54 44 38 142 114 178 30 74 16 61 145 97 9 31 55 63 48 162 108 27 61 35 12 21 229 82 80 11 56 0 
23 76 76 47 117 151 62 49 35 24 21 78 88 89 18 140 48 39 175 48 102 98 183 117 169 152 89 99 61 23 127 255 166 49 136 42 25 64 162 92 116 43 58 35 54 185 105 61 72 86 24 49 154 133 35 92 39 34 76 123 82 44 31 58 0 
32 255 68 21 47 66 51 72 31 38 13 75 49 69 15 55 36 28 40 35 72 42 18 95 68 152 41 50 38 18 160 109 79 101 108 39 33 51 138 83 66 62 57 20 41 23 88 48 21 42 30 82 68 106 46 67 41 32 56 116 105 17 20 24 0 
29 146 97 46 73 46 72 17 57 19 19 115 78 141 151 76 127 138 140 106 99 159 61 136 179 150 133 123 47 56 67 81 103 141 128 20 5 28 144 113 40 76 25 7 48 5 90 157 48 65 133 175 5 110 70 76 48 12 26 255 63 33 19 25 0 
57 102 49 38 133 113 105 65 255 127 21 101 45 89 53 63 42 14 94 59 58 18 39 103 46 28 10 78 38 42 85 47 129 143 140 50 48 38 138 67 19 59 89 99 58 93 152 238 49 20 30 68 154 157 73 70 87 68 34 80 44 74 52 40 0 
40 103 24 40 47 84 79 48 180 255 91 107 75 30 24 6 51 15 153 57 35 70 59 76 33 33 77 55 28 24 42 27 44 38 77 12 7 37 133 17 30 46 16 12 45 25 50 139 11 53 20 31 19 83 16 70 56 41 29 40 30 55 25 11 0 
44 32 28 23 29 32 28 27 18 255 127 51 131 101 59 50 86 38 67 137 153 60 59 73 48 90 58 22 10 17 13 1 28 23 38 6 6 14 11 4 23 18 52 44 108 44 160 115 119 93 124 32 91 11 83 116 49 12 17 45 17 8 37 10 0 
32 22 17 24 19 28 76 54 130 255 73 65 31 16 5 30 174 54 100 31 20 25 19 22 36 17 8 19 15 31 28 22 14 24 40 20 5 24 20 22 27 21 53 10 17 35 43 38 30 49 64 29 29 50 45 31 40 14 50 41 18 15 14 5 0 
30 100 28 17 47 77 193 169 110 255 127 59 10 35 8 67 39 127 102 37 7 50 63 63 69 35 9 46 54 106 115 55 99 77 51 42 42 45 14 28 40 38 60 89 38 37 40 55 69 104 89 48 49 89 58 35 12 75 65 26 56 18 24 34 0 
5 8 6 7 12 23 198 248 34 38 104 7 4 3 6 78 20 115 68 60 49 74 60 49 44 36 30 20 16 235 178 49 218 157 70 68 42 11 9 4 3 3 93 129 43 9 13 8 14 126 112 17 17 41 25 44 255 220 164 46 146 130 56 13 0 
4 16 14 8 9 16 255 118 17 30 111 8 8 1 13 15 7 71 41 8 23 12 13 7 8 23 7 32 29 49 86 50 80 39 17 15 17 17 7 2 11 8 73 27 3 2 12 10 31 36 79 10 12 18 24 22 27 41 53 43 25 25 39 21 0 
5 59 18 21 7 33 255 89 22 23 23 22 12 4 11 14 11 51 38 11 11 19 35 23 20 24 8 106 12 25 94 35 60 0 11 23 25 18 32 16 19 16 24 54 24 10 24 23 69 58 53 14 7 23 23 54 13 15 20 42 40 32 20 25 0 
8 67 114 65 78 52 76 203 29 88 155 67 21 20 64 29 12 77 37 30 8 34 34 20 67 50 18 255 91 47 216 47 49 15 31 100 19 42 30 26 38 33 199 108 49 72 18 12 181 67 19 31 69 46 18 105 62 58 54 17 47 44 200 30 0 
3 50 107 81 30 69 255 33 3 21 34 65 28 6 38 21 13 16 35 38 8 21 18 12 30 13 12 155 33 21 104 40 26 28 8 55 39 56 14 4 16 28 54 55 28 13 15 32 95 44 21 16 15 28 14 131 33 36 23 32 55 15 101 15 0 
4 48 255 97 39 59 140 9 3 6 13 42 23 1 16 8 11 24 12 10 18 19 13 10 22 37 33 85 41 9 27 1 15 9 6 41 18 34 23 6 10 24 15 70 13 8 12 6 8 26 12 52 7 28 19 32 27 50 25 11 74 17 28 17 0 
2 48 255 74 32 86 34 15 1 10 4 37 9 2 9 4 4 13 4 8 12 13 4 16 12 25 11 58 7 6 10 12 7 9 12 44 10 33 4 5 18 23 13 29 8 4 6 1 25 9 4 2 1 29 2 9 18 51 14 6 38 12 9 11 0 
17 70 151 255 57 24 135 60 18 2 6 20 10 3 11 11 33 7 19 12 72 76 34 8 28 14 73 23 7 18 41 18 38 2 16 38 121 82 55 80 45 36 26 13 5 4 4 6 14 19 63 45 28 19 110 95 30 6 10 5 12 4 16 102 0 
5 57 157 255 32 183 205 39 29 10 13 66 61 3 53 34 21 22 64 10 48 24 17 71 5 43 53 160 53 18 11 16 73 7 19 81 20 46 36 35 33 51 67 19 30 15 43 26 32 45 43 79 40 18 38 29 22 64 4 47 22 28 49 12 0 
15 78 180 87 118 141 255 53 31 18 30 92 109 21 80 49 36 9 55 13 84 23 21 67 32 25 176 127 50 4 50 21 128 9 46 120 40 95 73 52 32 12 77 37 14 53 40 39 123 48 59 105 25 41 80 37 38 83 35 82 16 37 70 27 0 
56 208 125 91 102 110 56 48 52 8 54 65 250 73 177 35 54 37 54 38 107 84 89 255 90 33 63 154 68 32 42 50 120 23 83 50 37 51 54 59 99 101 61 30 91 61 75 56 88 155 82 74 87 34 46 62 91 36 56 77 115 82 114 40 0 
5 83 103 55 80 54 38 7 37 22 34 27 96 53 155 55 25 21 23 24 85 95 105 255 152 39 18 44 61 19 12 56 102 10 59 24 31 31 64 32 22 38 71 17 74 100 49 41 90 139 53 52 83 26 37 66 65 11 56 183 53 58 121 21 0 
23 168 57 20 52 24 59 15 47 13 41 76 158 9 98 113 59 24 85 93 145 99 185 255 212 91 44 36 56 52 42 24 219 77 17 77 34 13 66 7 74 35 127 38 116 87 78 75 63 114 75 57 38 36 7 57 152 45 95 123 134 78 88 41 0 
10 106 39 46 49 46 58 14 70 81 53 56 151 138 60 79 97 74 116 73 76 77 225 62 77 142 43 19 23 199 238 201 110 147 146 126 50 23 65 20 175 217 4 162 188 171 86 93 216 162 168 150 117 70 46 33 171 103 90 83 255 87 52 53 0 
20 255 27 6 28 25 35 6 8 16 1 2 7 34 35 30 39 13 15 51 25 27 18 69 157 59 34 16 17 4 11 40 63 36 31 30 7 13 15 25 17 39 46 21 39 11 19 30 35 22 135 25 40 16 9 18 28 12 28 39 48 9 68 65 0 
11 99 237 255 191 79 103 131 23 7 0 9 38 40 11 26 32 11 18 30 2 16 46 22 12 56 33 24 29 18 23 34 69 74 10 15 90 105 36 113 88 75 11 30 5 14 28 13 32 17 50 17 3 8 9 45 31 21 5 24 45 26 22 187 0 
33 62 11 110 77 12 70 20 27 36 16 34 10 76 39 65 39 25 31 25 27 53 28 94 46 46 25 65 49 20 59 84 23 151 32 40 91 17 89 62 41 186 79 140 36 36 35 124 21 21 255 31 62 41 50 71 44 79 17 84 45 52 28 105 0 
6 57 53 36 45 26 15 16 21 49 23 14 10 27 52 42 37 17 96 11 34 62 42 69 43 9 37 63 23 33 72 51 34 111 50 50 19 23 169 5 41 69 96 172 12 22 24 74 49 20 255 28 85 47 41 25 67 99 23 30 44 25 29 49 0 
33 94 47 8 55 19 68 49 32 47 28 79 15 67 82 30 23 8 56 4 27 109 32 137 40 110 30 37 106 60 141 19 7 134 62 23 26 51 84 27 126 56 121 255 13 29 30 111 179 17 188 72 155 57 45 6 27 221 65 54 51 17 26 19 0 
20 43 4 28 61 41 51 43 21 18 17 43 27 47 40 35 27 55 69 19 48 81 21 111 31 58 111 50 88 31 88 34 55 116 23 55 18 62 21 5 29 43 85 165 10 15 22 93 107 13 255 61 103 89 6 91 18 210 32 27 52 7 33 22 0 
11 10 13 12 15 10 15 8 10 21 40 37 30 22 46 49 50 90 50 23 62 55 51 67 46 33 97 91 18 12 31 8 7 27 3 10 10 14 12 7 2 26 11 93 66 70 59 60 56 37 79 83 34 88 72 49 16 255 21 28 52 10 60 5 0 
17 38 57 51 56 40 29 23 61 41 18 39 13 35 50 36 29 35 72 17 42 13 33 62 53 58 255 18 53 35 50 26 50 33 34 24 32 10 111 30 54 46 32 76 56 97 84 37 66 28 62 243 37 62 43 43 12 73 3 32 128 66 60 42 0 
18 20 14 68 94 61 108 19 28 27 6 54 24 37 32 29 46 49 63 23 29 43 49 48 79 91 255 44 23 33 14 84 20 45 24 29 45 26 85 81 43 35 10 65 13 75 42 43 141 58 28 249 100 33 5 103 18 29 39 56 96 55 77 12 0 
16 212 65 85 152 33 49 37 27 27 22 51 19 25 52 12 41 53 57 19 38 96 51 116 112 108 227 106 90 40 111 104 77 83 68 73 47 65 59 62 31 51 53 80 49 55 35 37 80 85 26 255 84 27 39 87 28 71 59 244 108 54 33 25 0 
21 102 22 187 77 34 139 10 65 54 28 41 30 7 88 35 50 53 95 20 32 130 62 80 169 107 102 81 136 95 165 72 207 123 32 213 53 153 120 40 83 104 120 60 43 110 20 85 155 128 41 187 185 102 75 55 145 94 62 255 121 193 100 63 0 
38 64 51 66 95 49 117 9 28 39 22 59 14 32 57 34 28 33 92 73 31 104 43 182 83 37 23 190 67 63 102 77 80 147 52 179 73 73 65 71 76 150 174 31 20 31 54 21 88 20 57 87 72 77 54 181 74 45 46 255 53 72 92 28 0 
20 16 37 42 81 29 15 38 24 10 38 53 37 16 55 37 61 39 123 82 11 115 72 71 162 144 54 255 38 13 81 31 62 124 16 4 56 28 54 40 59 104 99 57 36 30 74 43 78 27 38 61 117 80 59 68 26 16 44 88 52 27 77 17 0 
35 90 58 48 85 26 103 24 93 89 79 140 72 83 9 101 117 117 64 15 136 40 29 32 57 81 69 255 27 55 75 115 57 81 11 39 50 13 7 42 67 62 81 50 92 108 106 42 76 41 100 56 112 92 74 209 9 44 54 100 71 79 98 23 0 
29 53 33 23 72 45 53 39 140 91 216 58 67 117 124 105 4 28 179 113 105 47 105 144 73 127 38 143 23 23 42 13 44 37 4 35 19 29 23 23 30 20 154 119 81 22 255 146 134 50 114 61 201 100 131 88 45 15 21 66 6 29 98 13 0 
39 108 47 52 190 60 95 83 184 193 129 76 32 190 169 114 112 61 68 171 116 152 209 157 58 170 77 167 49 61 35 36 36 58 4 32 15 7 14 53 64 15 203 68 210 159 241 84 255 177 104 106 160 173 220 58 97 20 9 69 29 41 69 16 0 
15 19 48 44 198 39 105 255 21 33 222 136 34 19 56 9 12 6 211 16 24 43 48 75 34 243 15 33 46 100 78 62 117 76 15 30 40 3 51 55 25 13 25 10 28 83 27 11 112 33 60 27 123 35 44 219 106 87 42 191 65 13 35 1 0 
21 101 71 93 255 68 117 84 46 8 108 183 20 18 78 52 71 46 213 21 12 65 60 141 33 96 36 46 40 65 26 47 93 74 24 92 65 27 32 23 50 26 104 10 47 35 14 23 204 103 83 69 152 51 77 241 70 64 24 181 17 56 169 23 0 
