317 297 9 0
317 323 19 0
763 763 1 0
763 763 2 0
763 764 3 0
763 763 5 0
763 763 6 0
763 764 7 0
763 763 9 0
763 763 13 0
763 747 19 0
763 747 20 0
488 495 2 1
488 495 10 1
763 763 1 1
763 764 2 1
763 763 4 1
763 763 5 1
763 764 6 1
763 763 8 1
763 763 12 1
763 747 18 1
763 747 19 1
763 747 20 1
382 388 10 2
382 373 11 2
382 371 16 2
763 764 1 2
763 763 3 2
763 763 4 2
763 764 5 2
763 763 7 2
763 763 11 2
763 747 17 2
763 747 18 2
763 747 19 2
495 495 8 3
764 763 2 3
764 763 3 3
764 764 4 3
764 763 6 3
764 763 10 3
764 747 16 3
764 747 17 3
764 747 18 3
763 763 1 5
763 764 2 5
763 763 4 5
763 763 8 5
763 747 14 5
763 747 15 5
763 747 16 5
429 429 1 6
429 440 10 6
429 431 11 6
763 764 1 6
763 763 3 6
763 763 7 6
763 747 13 6
763 747 14 6
763 747 15 6
429 440 9 7
429 431 10 7
764 763 2 7
764 763 6 7
764 747 12 7
764 747 13 7
764 747 14 7
1 10 4 8
1 9 5 8
1 1 6 8
1 6 6 8
1 9 6 8
1 0 7 8
1 1 7 8
1 5 7 8
1 9 7 8
1 0 8 8
1 1 8 8
1 4 8 8
1 10 8 8
1 1 9 8
1 4 9 8
1 14 9 8
1 0 10 8
1 1 10 8
1 6 11 8
1 7 11 8
1 2 13 8
1 3 13 8
1 11 13 8
1 12 14 8
36 55 2 8
36 30 11 8
36 28 13 8
36 38 13 8
36 53 19 8
345 355 19 8
763 763 4 9
763 747 10 9
763 747 11 9
763 747 12 9
763 764 20 9
55 56 1 10
55 59 9 10
55 38 11 10
55 53 17 10
408 388 2 10
695 691 2 10
695 690 4 10
695 688 5 10
695 686 6 10
56 59 8 11
56 38 10 11
56 53 16 11
56 54 20 11
667 686 5 11
667 659 13 11
667 655 16 11
667 653 17 11
10 9 1 12
10 1 2 12
10 6 2 12
10 9 2 12
10 0 3 12
10 1 3 12
10 5 3 12
10 9 3 12
10 0 4 12
10 1 4 12
10 4 4 12
10 10 4 12
10 1 5 12
10 4 5 12
10 14 5 12
10 0 6 12
10 1 6 12
10 6 7 12
10 7 7 12
10 2 9 12
10 3 9 12
10 11 9 12
10 28 9 12
10 12 10 12
10 0 18 12
10 1 18 12
10 10 18 12
10 15 18 12
10 12 19 12
10 15 19 12
388 373 1 12
388 371 6 12
388 372 16 12
691 690 2 12
691 688 3 12
691 686 4 12
9 1 1 13
9 6 1 13
9 9 1 13
9 0 2 13
9 1 2 13
9 5 2 13
9 9 2 13
9 0 3 13
9 1 3 13
9 4 3 13
9 10 3 13
9 1 4 13
9 4 4 13
9 14 4 13
9 0 5 13
9 1 5 13
9 6 6 13
9 7 6 13
9 2 8 13
9 3 8 13
9 11 8 13
9 28 8 13
9 12 9 13
9 0 17 13
9 1 17 13
9 10 17 13
9 15 17 13
9 12 18 13
9 15 18 13
9 1 20 13
373 371 5 13
373 355 14 13
373 372 15 13
763 747 6 13
763 747 7 13
763 747 8 13
763 764 16 13
763 753 17 13
1 0 1 14
1 1 1 14
1 5 1 14
1 9 1 14
1 0 2 14
1 1 2 14
1 4 2 14
1 10 2 14
1 1 3 14
1 4 3 14
1 14 3 14
1 0 4 14
1 1 4 14
1 6 5 14
1 7 5 14
1 2 7 14
1 3 7 14
1 11 7 14
1 12 8 14
1 0 16 14
1 1 16 14
1 10 16 14
1 15 16 14
1 12 17 14
1 15 17 14
1 1 19 14
1 1 20 14
1 3 20 14
1 14 20 14
6 0 1 14
6 1 1 14
6 5 1 14
6 9 1 14
6 0 2 14
6 1 2 14
6 4 2 14
6 10 2 14
6 1 3 14
6 4 3 14
6 14 3 14
6 0 4 14
6 1 4 14
6 6 5 14
6 7 5 14
6 2 7 14
6 3 7 14
6 11 7 14
6 12 8 14
6 0 16 14
6 1 16 14
6 10 16 14
6 15 16 14
6 12 17 14
6 15 17 14
6 1 19 14
6 1 20 14
6 3 20 14
6 14 20 14
9 0 1 14
9 1 1 14
9 5 1 14
9 9 1 14
9 0 2 14
9 1 2 14
9 4 2 14
9 10 2 14
9 1 3 14
9 4 3 14
9 14 3 14
9 0 4 14
9 1 4 14
9 6 5 14
9 7 5 14
9 2 7 14
9 3 7 14
9 11 7 14
9 28 7 14
9 12 8 14
9 0 16 14
9 1 16 14
9 10 16 14
9 15 16 14
9 12 17 14
9 15 17 14
9 1 19 14
9 1 20 14
9 3 20 14
9 14 20 14
690 688 1 14
690 686 2 14
0 0 1 15
0 1 1 15
0 4 1 15
0 10 1 15
0 1 2 15
0 4 2 15
0 14 2 15
0 0 3 15
0 1 3 15
0 6 4 15
0 7 4 15
0 2 6 15
0 3 6 15
0 11 6 15
0 12 7 15
0 0 15 15
0 1 15 15
0 10 15 15
0 15 15 15
0 12 16 15
0 15 16 15
0 1 18 15
0 1 19 15
0 3 19 15
0 14 19 15
0 1 20 15
0 4 20 15
0 14 20 15
0 15 20 15
1 0 1 15
1 1 1 15
1 4 1 15
1 10 1 15
1 1 2 15
1 4 2 15
1 14 2 15
1 0 3 15
1 1 3 15
1 6 4 15
1 7 4 15
1 2 6 15
1 3 6 15
1 11 6 15
1 12 7 15
1 0 15 15
1 1 15 15
1 10 15 15
1 15 15 15
1 12 16 15
1 15 16 15
1 1 18 15
1 1 19 15
1 3 19 15
1 14 19 15
1 1 20 15
1 4 20 15
1 14 20 15
1 15 20 15
5 0 1 15
5 1 1 15
5 4 1 15
5 10 1 15
5 1 2 15
5 4 2 15
5 14 2 15
5 0 3 15
5 1 3 15
5 6 4 15
5 7 4 15
5 2 6 15
5 3 6 15
5 11 6 15
5 12 7 15
5 0 15 15
5 1 15 15
5 10 15 15
5 15 15 15
5 12 16 15
5 15 16 15
5 1 18 15
5 1 19 15
5 3 19 15
5 14 19 15
5 1 20 15
5 4 20 15
5 14 20 15
5 15 20 15
9 0 1 15
9 1 1 15
9 4 1 15
9 10 1 15
9 1 2 15
9 4 2 15
9 14 2 15
9 0 3 15
9 1 3 15
9 6 4 15
9 7 4 15
9 2 6 15
9 3 6 15
9 11 6 15
9 28 6 15
9 12 7 15
9 0 15 15
9 1 15 15
9 10 15 15
9 15 15 15
9 12 16 15
9 15 16 15
9 1 18 15
9 1 19 15
9 3 19 15
9 14 19 15
9 1 20 15
9 4 20 15
9 14 20 15
9 15 20 15
688 686 1 15
0 1 1 16
0 4 1 16
0 14 1 16
0 0 2 16
0 1 2 16
0 6 3 16
0 7 3 16
0 2 5 16
0 3 5 16
0 11 5 16
0 12 6 16
0 0 14 16
0 1 14 16
0 10 14 16
0 15 14 16
0 12 15 16
0 15 15 16
0 1 17 16
0 1 18 16
0 3 18 16
0 14 18 16
0 1 19 16
0 4 19 16
0 14 19 16
0 15 19 16
0 2 20 16
0 4 20 16
0 9 20 16
1 1 1 16
1 4 1 16
1 14 1 16
1 0 2 16
1 1 2 16
1 6 3 16
1 7 3 16
1 2 5 16
1 3 5 16
1 11 5 16
1 12 6 16
1 0 14 16
1 1 14 16
1 10 14 16
1 15 14 16
1 12 15 16
1 15 15 16
1 1 17 16
1 1 18 16
1 3 18 16
1 14 18 16
1 1 19 16
1 4 19 16
1 14 19 16
1 15 19 16
1 2 20 16
1 4 20 16
1 9 20 16
4 1 1 16
4 4 1 16
4 14 1 16
4 0 2 16
4 1 2 16
4 6 3 16
4 7 3 16
4 2 5 16
4 3 5 16
4 11 5 16
4 12 6 16
4 0 14 16
4 1 14 16
4 10 14 16
4 15 14 16
4 12 15 16
4 15 15 16
4 1 17 16
4 1 18 16
4 3 18 16
4 14 18 16
4 1 19 16
4 4 19 16
4 14 19 16
4 15 19 16
4 2 20 16
4 4 20 16
4 9 20 16
10 1 1 16
10 4 1 16
10 14 1 16
10 0 2 16
10 1 2 16
10 6 3 16
10 7 3 16
10 2 5 16
10 3 5 16
10 11 5 16
10 28 5 16
10 12 6 16
10 0 14 16
10 1 14 16
10 10 14 16
10 15 14 16
10 12 15 16
10 15 15 16
10 1 17 16
10 1 18 16
10 3 18 16
10 14 18 16
10 1 19 16
10 4 19 16
10 14 19 16
10 15 19 16
10 2 20 16
10 4 20 16
10 9 20 16
440 431 1 16
440 439 13 16
440 432 14 16
440 439 15 16
440 448 16 16
440 448 17 16
440 455 18 16
440 429 19 16
440 427 20 16
1 0 1 17
1 1 1 17
1 6 2 17
1 7 2 17
1 2 4 17
1 3 4 17
1 11 4 17
1 12 5 17
1 0 13 17
1 1 13 17
1 10 13 17
1 15 13 17
1 12 14 17
1 15 14 17
1 1 16 17
1 1 17 17
1 3 17 17
1 14 17 17
1 1 18 17
1 4 18 17
1 14 18 17
1 15 18 17
1 2 19 17
1 4 19 17
1 9 19 17
1 0 20 17
1 1 20 17
1 6 20 17
1 7 20 17
4 0 1 17
4 1 1 17
4 6 2 17
4 7 2 17
4 2 4 17
4 3 4 17
4 11 4 17
4 12 5 17
4 0 13 17
4 1 13 17
4 10 13 17
4 15 13 17
4 12 14 17
4 15 14 17
4 1 16 17
4 1 17 17
4 3 17 17
4 14 17 17
4 1 18 17
4 4 18 17
4 14 18 17
4 15 18 17
4 2 19 17
4 4 19 17
4 9 19 17
4 0 20 17
4 1 20 17
4 6 20 17
4 7 20 17
14 0 1 17
14 1 1 17
14 6 2 17
14 7 2 17
14 30 2 17
14 2 4 17
14 3 4 17
14 11 4 17
14 28 4 17
14 12 5 17
14 30 12 17
14 33 12 17
14 0 13 17
14 1 13 17
14 10 13 17
14 15 13 17
14 12 14 17
14 15 14 17
14 1 16 17
14 1 17 17
14 3 17 17
14 14 17 17
14 1 18 17
14 4 18 17
14 14 18 17
14 15 18 17
14 2 19 17
14 4 19 17
14 9 19 17
14 0 20 17
14 1 20 17
14 6 20 17
14 7 20 17
431 439 12 17
431 432 13 17
431 439 14 17
431 448 15 17
431 448 16 17
431 429 18 17
431 427 19 17
431 426 20 17
720 719 1 17
720 734 6 17
720 733 8 17
720 733 9 17
720 734 14 17
720 734 15 17
720 711 17 17
0 6 1 18
0 7 1 18
0 2 3 18
0 3 3 18
0 11 3 18
0 12 4 18
0 0 12 18
0 1 12 18
0 10 12 18
0 15 12 18
0 12 13 18
0 15 13 18
0 1 15 18
0 1 16 18
0 3 16 18
0 14 16 18
0 1 17 18
0 4 17 18
0 14 17 18
0 15 17 18
0 2 18 18
0 4 18 18
0 9 18 18
0 0 19 18
0 1 19 18
0 6 19 18
0 7 19 18
0 6 20 18
0 8 20 18
1 6 1 18
1 7 1 18
1 2 3 18
1 3 3 18
1 11 3 18
1 12 4 18
1 0 12 18
1 1 12 18
1 10 12 18
1 15 12 18
1 12 13 18
1 15 13 18
1 1 15 18
1 1 16 18
1 3 16 18
1 14 16 18
1 1 17 18
1 4 17 18
1 14 17 18
1 15 17 18
1 2 18 18
1 4 18 18
1 9 18 18
1 0 19 18
1 1 19 18
1 6 19 18
1 7 19 18
1 6 20 18
1 8 20 18
371 355 9 18
371 372 10 18
719 734 5 18
719 733 7 18
719 733 8 18
719 734 13 18
719 734 14 18
719 711 16 18
6 2 2 19
6 3 2 19
6 11 2 19
6 12 3 19
6 0 11 19
6 1 11 19
6 10 11 19
6 15 11 19
6 12 12 19
6 15 12 19
6 1 14 19
6 1 15 19
6 3 15 19
6 14 15 19
6 1 16 19
6 4 16 19
6 14 16 19
6 15 16 19
6 2 17 19
6 4 17 19
6 9 17 19
6 0 18 19
6 1 18 19
6 6 18 19
6 7 18 19
6 6 19 19
6 8 19 19
7 2 2 19
7 3 2 19
7 11 2 19
7 12 3 19
7 0 11 19
7 1 11 19
7 10 11 19
7 15 11 19
7 12 12 19
7 15 12 19
7 1 14 19
7 1 15 19
7 3 15 19
7 14 15 19
7 1 16 19
7 4 16 19
7 14 16 19
7 15 16 19
7 2 17 19
7 4 17 19
7 9 17 19
7 0 18 19
7 1 18 19
7 6 18 19
7 7 18 19
7 6 19 19
7 8 19 19
30 11 2 19
30 28 2 19
30 38 2 19
30 12 3 19
30 30 10 19
30 33 10 19
30 10 11 19
30 15 11 19
30 12 12 19
30 15 12 19
30 48 14 19
30 14 15 19
30 14 16 19
30 15 16 19
59 53 8 19
59 54 12 19
59 48 14 19
323 319 3 19
747 747 1 19
747 747 2 19
747 734 4 19
747 733 6 19
747 733 7 19
747 764 10 19
747 753 11 19
747 734 12 19
747 734 13 19
747 746 16 19
747 746 18 19
747 748 19 19
747 748 20 19
747 747 1 20
747 734 3 20
747 733 5 20
747 733 6 20
747 764 9 20
747 753 10 20
747 734 11 20
747 734 12 20
747 746 15 20
747 746 17 20
747 748 18 20
747 748 19 20
747 746 20 20
2 12 1 21
2 0 9 21
2 1 9 21
2 10 9 21
2 15 9 21
2 12 10 21
2 15 10 21
2 1 12 21
2 1 13 21
2 3 13 21
2 14 13 21
2 1 14 21
2 4 14 21
2 14 14 21
2 15 14 21
2 2 15 21
2 4 15 21
2 9 15 21
2 0 16 21
2 1 16 21
2 6 16 21
2 7 16 21
2 6 17 21
2 8 17 21
3 12 1 21
3 0 9 21
3 1 9 21
3 10 9 21
3 15 9 21
3 12 10 21
3 15 10 21
3 1 12 21
3 1 13 21
3 3 13 21
3 14 13 21
3 1 14 21
3 4 14 21
3 14 14 21
3 15 14 21
3 2 15 21
3 4 15 21
3 9 15 21
3 0 16 21
3 1 16 21
3 6 16 21
3 7 16 21
3 6 17 21
3 8 17 21
11 12 1 21
11 30 8 21
11 0 9 21
11 1 9 21
11 10 9 21
11 15 9 21
11 12 10 21
11 15 10 21
11 1 12 21
11 1 13 21
11 3 13 21
11 14 13 21
11 1 14 21
11 4 14 21
11 14 14 21
11 15 14 21
11 2 15 21
11 4 15 21
11 9 15 21
11 0 16 21
11 1 16 21
11 6 16 21
11 7 16 21
11 6 17 21
11 8 17 21
28 12 1 21
28 30 8 21
28 33 8 21
28 10 9 21
28 15 9 21
28 12 10 21
28 15 10 21
28 14 13 21
28 14 14 21
28 15 14 21
28 9 15 21
28 8 17 21
38 53 6 21
38 30 8 21
38 33 8 21
38 54 10 21
38 48 12 21
747 734 2 21
747 733 4 21
747 733 5 21
747 764 8 21
747 753 9 21
747 734 10 21
747 734 11 21
747 746 14 21
747 746 16 21
747 748 17 21
747 748 18 21
747 746 19 21
12 30 7 22
12 0 8 22
12 1 8 22
12 10 8 22
12 15 8 22
12 12 9 22
12 15 9 22
12 1 11 22
12 1 12 22
12 3 12 22
12 14 12 22
12 1 13 22
12 4 13 22
12 14 13 22
12 15 13 22
12 2 14 22
12 4 14 22
12 9 14 22
12 0 15 22
12 1 15 22
12 6 15 22
12 7 15 22
12 6 16 22
12 8 16 22
12 2 20 22
12 12 20 22
12 30 20 22
12 31 20 22
140 127 20 22
319 302 20 22
632 636 14 22
632 626 20 22
734 733 2 23
734 733 3 23
734 753 7 23
734 734 8 23
734 734 9 23
734 746 12 23
734 746 14 23
734 748 15 23
734 748 16 23
734 746 17 23
734 747 20 23
659 655 3 24
659 653 4 24
733 733 1 25
733 734 6 25
733 734 7 25
733 746 10 25
733 746 12 25
733 748 13 25
733 748 14 25
733 746 15 25
733 747 18 25
733 746 19 25
733 746 20 25
733 734 5 26
733 734 6 26
733 746 9 26
733 746 11 26
733 748 12 26
733 748 13 26
733 746 14 26
733 747 17 26
733 746 18 26
733 746 19 26
53 33 2 27
53 54 4 27
53 48 6 27
355 372 1 27
355 336 17 27
655 653 1 27
655 636 9 27
653 636 8 28
30 10 1 29
30 15 1 29
30 12 2 29
30 15 2 29
30 48 4 29
30 14 5 29
30 14 6 29
30 15 6 29
30 12 13 29
30 30 13 29
30 31 13 29
33 15 1 29
33 15 2 29
33 48 4 29
33 14 5 29
33 14 6 29
33 15 6 29
33 30 13 29
33 31 13 29
439 432 1 29
439 439 2 29
439 448 3 29
439 448 4 29
439 455 5 29
439 429 6 29
439 427 7 29
439 426 8 29
439 427 9 29
439 420 11 29
439 426 12 29
439 419 14 29
764 753 1 29
764 746 6 29
764 746 8 29
764 748 9 29
764 748 10 29
764 746 11 29
764 747 14 29
764 746 15 29
764 746 16 29
764 746 18 29
0 12 1 30
0 15 1 30
0 1 3 30
0 1 4 30
0 3 4 30
0 14 4 30
0 1 5 30
0 4 5 30
0 14 5 30
0 15 5 30
0 2 6 30
0 4 6 30
0 9 6 30
0 0 7 30
0 1 7 30
0 6 7 30
0 7 7 30
0 6 8 30
0 8 8 30
0 2 12 30
0 12 12 30
1 12 1 30
1 15 1 30
1 1 3 30
1 1 4 30
1 3 4 30
1 14 4 30
1 1 5 30
1 4 5 30
1 14 5 30
1 15 5 30
1 2 6 30
1 4 6 30
1 9 6 30
1 0 7 30
1 1 7 30
1 6 7 30
1 7 7 30
1 6 8 30
1 8 8 30
1 2 12 30
1 12 12 30
10 12 1 30
10 15 1 30
10 1 3 30
10 1 4 30
10 3 4 30
10 14 4 30
10 1 5 30
10 4 5 30
10 14 5 30
10 15 5 30
10 2 6 30
10 4 6 30
10 9 6 30
10 0 7 30
10 1 7 30
10 6 7 30
10 7 7 30
10 6 8 30
10 8 8 30
10 2 12 30
10 12 12 30
15 12 1 30
15 15 1 30
15 1 3 30
15 1 4 30
15 3 4 30
15 14 4 30
15 1 5 30
15 4 5 30
15 14 5 30
15 15 5 30
15 2 6 30
15 4 6 30
15 9 6 30
15 0 7 30
15 1 7 30
15 6 7 30
15 7 7 30
15 6 8 30
15 8 8 30
15 2 12 30
15 12 12 30
15 30 12 30
15 31 12 30
432 439 1 30
432 448 2 30
432 448 3 30
432 429 5 30
432 427 6 30
432 426 7 30
432 427 8 30
432 420 10 30
432 426 11 30
432 419 13 30
753 734 1 30
753 734 2 30
753 746 5 30
753 746 7 30
753 748 8 30
753 748 9 30
753 746 10 30
753 747 13 30
753 746 14 30
753 746 15 30
753 746 17 30
12 1 2 31
12 1 3 31
12 3 3 31
12 14 3 31
12 1 4 31
12 4 4 31
12 14 4 31
12 15 4 31
12 2 5 31
12 4 5 31
12 9 5 31
12 0 6 31
12 1 6 31
12 6 6 31
12 7 6 31
12 6 7 31
12 8 7 31
12 2 11 31
12 12 11 31
12 30 11 31
12 31 11 31
15 1 2 31
15 1 3 31
15 3 3 31
15 14 3 31
15 1 4 31
15 4 4 31
15 14 4 31
15 15 4 31
15 2 5 31
15 4 5 31
15 9 5 31
15 0 6 31
15 1 6 31
15 6 6 31
15 7 6 31
15 6 7 31
15 8 7 31
15 2 11 31
15 12 11 31
15 30 11 31
15 31 11 31
54 48 2 31
54 73 11 31
439 448 1 31
439 448 2 31
439 455 3 31
439 429 4 31
439 427 5 31
439 426 6 31
439 427 7 31
439 420 9 31
439 426 10 31
439 419 12 31
734 734 1 31
734 746 4 31
734 746 6 31
734 748 7 31
734 748 8 31
734 746 9 31
734 747 12 31
734 746 13 31
734 746 14 31
734 746 16 31
448 448 1 32
448 455 2 32
448 429 3 32
734 746 3 32
734 746 5 32
734 748 6 32
734 748 7 32
734 746 8 32
734 747 11 32
734 746 12 32
734 746 13 32
734 746 15 32
1 1 1 33
1 3 1 33
1 14 1 33
1 1 2 33
1 4 2 33
1 14 2 33
1 15 2 33
1 2 3 33
1 4 3 33
1 9 3 33
1 0 4 33
1 1 4 33
1 6 4 33
1 7 4 33
1 6 5 33
1 8 5 33
1 2 9 33
1 12 9 33
48 30 9 33
48 31 9 33
448 455 1 33
448 429 2 33
1 1 1 34
1 4 1 34
1 14 1 34
1 15 1 34
1 2 2 34
1 4 2 34
1 9 2 34
1 0 3 34
1 1 3 34
1 6 3 34
1 7 3 34
1 6 4 34
1 8 4 34
1 2 8 34
1 12 8 34
3 1 1 34
3 4 1 34
3 14 1 34
3 15 1 34
3 2 2 34
3 4 2 34
3 9 2 34
3 0 3 34
3 1 3 34
3 6 3 34
3 7 3 34
3 6 4 34
3 8 4 34
3 2 8 34
3 12 8 34
14 1 1 34
14 4 1 34
14 14 1 34
14 15 1 34
14 2 2 34
14 4 2 34
14 9 2 34
14 0 3 34
14 1 3 34
14 6 3 34
14 7 3 34
14 6 4 34
14 8 4 34
14 2 8 34
14 12 8 34
14 30 8 34
14 31 8 34
711 712 14 34
711 711 15 34
1 2 1 35
1 4 1 35
1 9 1 35
1 0 2 35
1 1 2 35
1 6 2 35
1 7 2 35
1 6 3 35
1 8 3 35
1 2 7 35
1 12 7 35
4 2 1 35
4 4 1 35
4 9 1 35
4 0 2 35
4 1 2 35
4 6 2 35
4 7 2 35
4 6 3 35
4 8 3 35
4 2 7 35
4 12 7 35
14 2 1 35
14 4 1 35
14 9 1 35
14 0 2 35
14 1 2 35
14 6 2 35
14 7 2 35
14 6 3 35
14 8 3 35
14 2 7 35
14 12 7 35
14 30 7 35
14 31 7 35
15 2 1 35
15 4 1 35
15 9 1 35
15 0 2 35
15 1 2 35
15 6 2 35
15 7 2 35
15 6 3 35
15 8 3 35
15 2 7 35
15 12 7 35
15 30 7 35
15 31 7 35
429 427 1 35
429 426 2 35
429 427 3 35
429 420 5 35
429 426 6 35
429 419 8 35
429 409 11 35
746 746 2 35
746 748 3 35
746 748 4 35
746 746 5 35
746 747 8 35
746 746 9 35
746 746 10 35
746 746 12 35
746 763 17 35
746 746 18 35
746 764 19 35
746 731 20 35
2 0 1 36
2 1 1 36
2 6 1 36
2 7 1 36
2 6 2 36
2 8 2 36
2 2 6 36
2 12 6 36
4 0 1 36
4 1 1 36
4 6 1 36
4 7 1 36
4 6 2 36
4 8 2 36
4 2 6 36
4 12 6 36
9 0 1 36
9 1 1 36
9 6 1 36
9 7 1 36
9 6 2 36
9 8 2 36
9 2 6 36
9 12 6 36
200 195 1 36
200 218 3 36
200 208 14 36
200 189 20 36
427 426 1 36
427 427 2 36
427 420 4 36
427 426 5 36
427 419 7 36
427 408 9 36
427 409 10 36
427 430 20 36
636 626 6 36
636 648 15 36
0 6 1 37
0 8 1 37
0 2 5 37
0 12 5 37
0 6 20 37
0 7 20 37
1 6 1 37
1 8 1 37
1 2 5 37
1 12 5 37
1 6 20 37
1 7 20 37
6 6 1 37
6 8 1 37
6 2 5 37
6 12 5 37
6 6 20 37
6 7 20 37
7 6 1 37
7 8 1 37
7 2 5 37
7 12 5 37
7 6 20 37
7 7 20 37
195 208 13 37
195 189 19 37
195 198 20 37
426 427 1 37
426 420 3 37
426 426 4 37
426 419 6 37
426 408 8 37
426 409 9 37
426 430 19 37
426 429 20 37
746 748 1 37
746 748 2 37
746 746 3 37
746 747 6 37
746 746 7 37
746 746 8 37
746 746 10 37
746 763 15 37
746 746 16 37
746 764 17 37
746 731 18 37
6 2 4 38
6 12 4 38
6 6 19 38
6 7 19 38
6 6 20 38
6 7 20 38
8 2 4 38
8 12 4 38
8 6 19 38
8 7 19 38
8 6 20 38
8 7 20 38
427 420 2 38
427 426 3 38
427 419 5 38
427 408 7 38
427 409 8 38
427 430 18 38
427 429 19 38
748 748 1 38
748 746 2 38
748 747 5 38
748 746 6 38
748 746 7 38
748 746 9 38
748 763 14 38
748 746 15 38
748 764 16 38
748 731 17 38
218 208 11 39
218 198 18 39
748 746 1 39
748 747 4 39
748 746 5 39
748 746 6 39
748 746 8 39
748 763 13 39
748 746 14 39
748 764 15 39
748 731 16 39
420 426 1 40
420 419 3 40
420 408 5 40
420 409 6 40
420 430 16 40
420 429 17 40
420 430 19 40
746 747 3 40
746 746 4 40
746 746 5 40
746 746 7 40
746 763 12 40
746 746 13 40
746 764 14 40
746 731 15 40
426 419 2 41
426 408 4 41
426 409 5 41
426 430 15 41
426 429 16 41
426 430 18 41
2 6 15 42
2 7 15 42
2 6 16 42
2 7 16 42
2 6 20 42
2 7 20 42
12 6 15 42
12 7 15 42
12 6 16 42
12 7 16 42
12 6 20 42
12 7 20 42
73 69 14 42
73 58 15 42
73 58 20 42
127 144 9 42
419 408 2 43
419 409 3 43
419 430 13 43
419 429 14 43
419 430 16 43
419 430 19 43
419 430 20 43
747 746 1 43
747 746 2 43
747 746 4 43
747 763 9 43
747 746 10 43
747 764 11 43
747 731 12 43
747 747 19 43
336 336 14 44
336 330 17 44
746 746 1 44
746 746 3 44
746 763 8 44
746 746 9 44
746 764 10 44
746 731 11 44
746 747 18 44
408 409 1 45
746 746 2 45
746 763 7 45
746 746 8 45
746 764 9 45
746 731 10 45
746 747 17 45
746 762 20 45
572 586 11 46
572 582 14 46
746 763 5 47
746 746 6 47
746 764 7 47
746 731 8 47
746 747 15 47
746 762 18 47
712 711 1 48
712 731 7 48
712 721 8 48
712 719 10 48
712 721 11 48
711 721 7 49
711 719 9 49
711 721 10 49
711 719 20 49
208 189 6 50
208 198 7 50
208 189 8 50
208 189 9 50
208 188 10 50
208 189 11 50
208 189 13 50
208 188 14 50
208 188 15 50
208 188 16 50
512 492 10 50
512 514 11 50
763 746 1 52
763 764 2 52
763 747 10 52
763 762 13 52
746 764 1 53
746 731 2 53
746 747 9 53
746 762 12 53
746 731 19 53
764 747 8 54
764 762 11 54
731 721 1 55
731 719 3 55
731 721 4 55
731 747 7 55
731 719 14 55
731 731 17 55
69 58 1 56
69 58 6 56
69 55 9 56
69 55 10 56
69 56 14 56
69 72 14 56
69 56 16 56
189 198 1 56
189 189 2 56
189 189 3 56
189 188 4 56
189 189 5 56
189 189 7 56
189 188 8 56
189 188 9 56
189 188 10 56
430 429 1 56
430 430 3 56
430 430 6 56
430 430 7 56
430 430 8 56
430 432 10 56
430 430 11 56
430 429 15 56
430 430 16 56
721 719 2 56
721 721 3 56
721 719 13 56
721 731 16 56
721 708 17 56
6 6 1 57
6 7 1 57
6 6 5 57
6 7 5 57
6 6 6 57
6 7 6 57
6 14 10 57
6 18 15 57
7 6 1 57
7 7 1 57
7 6 5 57
7 7 5 57
7 6 6 57
7 7 6 57
7 14 10 57
7 18 15 57
58 58 5 57
58 55 8 57
58 55 9 57
58 56 13 57
58 72 13 57
58 56 15 57
198 189 1 57
198 189 2 57
198 188 3 57
198 189 4 57
198 189 6 57
198 188 7 57
198 188 8 57
198 188 9 57
429 430 2 57
429 430 5 57
429 430 6 57
429 430 7 57
429 432 9 57
429 430 10 57
429 429 14 57
429 430 15 57
586 582 3 57
586 578 13 57
6 6 4 58
6 7 4 58
6 6 5 58
6 7 5 58
6 14 9 58
6 18 14 58
7 6 4 58
7 7 4 58
7 6 5 58
7 7 5 58
7 14 9 58
7 18 14 58
189 189 1 58
189 188 2 58
189 189 3 58
189 189 5 58
189 188 6 58
189 188 7 58
189 188 8 58
336 330 3 58
336 350 15 58
719 721 1 58
719 719 11 58
719 731 14 58
719 708 15 58
189 188 1 59
189 189 2 59
189 189 4 59
189 188 5 59
189 188 6 59
189 188 7 59
430 430 3 59
430 430 4 59
430 430 5 59
430 432 7 59
430 430 8 59
430 429 12 59
430 430 13 59
721 719 10 59
721 731 13 59
721 708 14 59
188 189 1 60
188 189 3 60
188 188 4 60
188 188 5 60
188 188 6 60
582 578 10 60
189 189 2 61
189 188 3 61
189 188 4 61
189 188 5 61
6 6 1 62
6 7 1 62
6 14 5 62
6 18 10 62
7 6 1 62
7 7 1 62
7 14 5 62
7 18 10 62
58 55 3 62
58 55 4 62
58 56 8 62
58 72 8 62
58 56 10 62
430 430 1 62
430 430 2 62
430 432 4 62
430 430 5 62
430 429 9 62
430 430 10 62
747 762 3 62
747 731 10 62
747 762 20 62
6 14 4 63
6 18 9 63
7 14 4 63
7 18 9 63
189 188 1 63
189 188 2 63
189 188 3 63
430 430 1 63
430 432 3 63
430 430 4 63
430 429 8 63
430 430 9 63
188 188 1 64
188 188 2 64
430 432 2 64
430 430 3 64
430 429 7 64
430 430 8 64
55 55 1 65
55 56 5 65
55 72 5 65
55 56 7 65
188 188 1 65
762 762 17 65
55 56 4 66
55 72 4 66
55 56 6 66
432 430 1 66
432 429 5 66
432 430 6 66
14 18 5 67
430 429 4 67
430 430 5 67
616 614 1 67
719 731 3 69
719 708 4 69
56 56 2 70
72 56 2 70
429 430 1 71
350 362 9 73
