594 596 7 0
594 592 8 0
594 592 17 0
594 609 20 0
56 39 3 1
56 44 12 1
56 63 12 1
56 72 13 1
56 64 14 1
56 55 19 1
242 253 5 1
242 259 9 1
242 258 10 1
242 256 14 1
540 543 10 1
540 546 14 1
80 63 11 2
80 72 12 2
80 64 13 2
80 80 19 2
80 79 20 2
262 253 4 2
262 259 8 2
262 258 9 2
262 256 13 2
262 265 17 2
262 272 18 2
262 279 19 2
1 8 11 4
39 44 9 4
39 25 11 4
39 32 11 4
39 55 16 4
170 174 11 4
170 151 17 4
665 655 1 4
665 654 2 4
665 655 6 4
655 654 1 5
655 655 5 5
655 636 8 5
253 259 4 6
253 258 5 6
253 256 9 6
253 265 13 6
253 272 14 6
654 655 4 6
654 636 7 6
596 592 1 7
596 592 10 7
596 609 13 7
596 604 14 7
596 587 15 7
596 578 16 7
596 590 20 7
592 592 9 8
592 609 12 8
592 604 13 8
592 587 14 8
592 578 15 8
592 574 18 8
592 590 19 8
146 132 5 9
146 151 12 9
146 128 17 9
146 149 18 9
146 132 19 9
430 428 17 9
430 420 19 9
569 587 13 9
569 578 14 9
569 574 17 9
569 563 19 9
259 258 1 10
259 256 5 10
259 265 9 10
259 272 10 10
259 267 17 10
655 636 3 10
258 256 4 11
258 265 8 11
258 272 9 11
258 267 16 11
543 546 4 11
125 132 2 12
125 125 14 12
125 128 14 12
125 116 16 12
125 132 16 12
125 114 20 12
125 134 20 12
44 25 2 13
44 32 2 13
44 55 7 13
44 59 9 13
44 31 13 13
44 59 14 13
44 30 15 13
44 32 15 13
44 62 16 13
63 72 1 13
63 64 2 13
63 55 7 13
63 80 8 13
63 59 9 13
63 79 9 13
63 80 10 13
63 59 14 13
63 71 14 13
63 62 16 13
489 496 9 13
489 470 17 13
72 64 1 14
72 55 6 14
72 80 7 14
72 59 8 14
72 79 8 14
72 80 9 14
72 59 13 14
72 71 13 14
72 62 15 14
132 151 7 14
132 125 12 14
132 128 12 14
132 149 13 14
132 116 14 14
132 132 14 14
132 114 18 14
132 134 18 14
8 22 11 15
8 0 13 15
8 2 13 15
8 3 13 15
8 10 13 15
25 22 11 15
25 31 11 15
25 10 13 15
25 30 13 15
25 32 13 15
32 22 11 15
32 31 11 15
32 30 13 15
32 32 13 15
64 55 5 15
64 80 6 15
64 59 7 15
64 79 7 15
64 80 8 15
64 59 12 15
64 71 12 15
64 62 14 15
256 265 4 15
256 272 5 15
256 267 12 15
546 563 13 15
546 547 17 15
592 609 3 17
592 604 4 17
592 587 5 17
592 578 6 17
592 574 9 17
592 590 10 17
265 272 1 19
265 279 2 19
265 267 8 19
265 261 20 19
55 59 2 20
55 59 7 20
55 71 7 20
55 62 9 20
55 37 20 20
55 68 20 20
272 279 1 20
272 267 7 20
272 261 19 20
609 604 1 20
609 590 7 20
80 79 1 21
80 80 2 21
80 71 6 21
80 62 8 21
80 83 18 21
80 68 19 21
80 65 20 21
151 149 6 21
151 132 7 21
151 134 11 21
279 267 6 21
279 261 18 21
604 587 1 21
604 590 6 21
59 59 5 22
59 71 5 22
59 62 7 22
59 68 18 22
59 59 19 22
59 65 19 22
79 80 1 22
79 59 5 22
79 71 5 22
79 62 7 22
79 83 17 22
79 68 18 22
79 59 19 22
79 65 19 22
587 578 1 22
587 574 4 22
587 590 5 22
80 71 4 23
80 62 6 23
80 83 16 23
80 68 17 23
80 65 18 23
578 574 3 23
578 590 4 23
578 563 5 23
22 2 2 26
22 3 2 26
22 10 2 26
22 30 2 26
22 32 2 26
22 5 14 26
22 14 14 26
22 37 14 26
22 13 15 26
22 10 20 26
22 31 20 26
31 30 2 26
31 32 2 26
31 14 14 26
31 37 14 26
31 13 15 26
31 31 20 26
125 116 2 26
125 132 2 26
125 114 6 26
125 134 6 26
125 127 13 26
125 108 18 26
128 116 2 26
128 132 2 26
128 114 6 26
128 134 6 26
128 127 13 26
128 108 18 26
428 420 2 26
428 431 5 26
574 590 1 26
574 563 2 26
574 590 20 26
59 62 2 27
59 68 13 27
59 59 14 27
59 65 14 27
71 62 2 27
71 83 12 27
71 68 13 27
71 59 14 27
71 65 14 27
71 90 18 27
149 132 1 27
149 134 5 27
267 261 12 27
267 266 16 27
267 254 19 27
590 605 17 27
590 590 19 27
0 5 12 28
0 14 12 28
0 13 13 28
0 10 18 28
2 5 12 28
2 14 12 28
2 13 13 28
2 10 18 28
3 5 12 28
3 14 12 28
3 13 13 28
3 10 18 28
10 5 12 28
10 14 12 28
10 13 13 28
10 10 18 28
30 14 12 28
30 37 12 28
30 13 13 28
30 10 18 28
30 31 18 28
32 14 12 28
32 37 12 28
32 13 13 28
32 31 18 28
116 114 4 28
116 134 4 28
116 127 11 28
116 108 16 28
132 114 4 28
132 134 4 28
132 127 11 28
420 431 3 28
563 547 4 28
563 551 11 28
62 68 11 29
62 59 12 29
62 65 12 29
468 470 1 29
468 468 15 29
468 483 17 29
470 468 14 30
470 483 16 30
431 435 20 31
114 127 7 32
114 108 12 32
114 114 18 32
114 100 19 32
134 127 7 32
134 114 18 32
387 397 15 32
387 397 20 32
547 551 7 32
83 68 1 39
83 65 2 39
83 90 6 39
83 100 12 39
83 82 13 39
83 86 14 39
83 91 18 39
83 75 20 39
127 108 5 39
127 114 11 39
261 266 4 39
261 254 7 39
261 245 8 39
261 244 10 39
261 245 13 39
5 13 1 40
5 10 6 40
5 3 11 40
5 13 11 40
5 6 12 40
5 7 12 40
5 13 13 40
5 22 18 40
14 13 1 40
14 10 6 40
14 31 6 40
14 3 11 40
14 13 11 40
14 6 12 40
14 7 12 40
14 13 13 40
14 22 18 40
14 28 19 40
37 31 6 40
37 22 18 40
37 28 19 40
68 59 1 40
68 65 1 40
68 82 12 40
68 59 13 40
68 86 13 40
68 62 19 40
68 75 19 40
68 81 20 40
309 316 1 40
309 296 18 40
13 10 5 41
13 31 5 41
13 3 10 41
13 13 10 41
13 6 11 41
13 7 11 41
13 13 12 41
13 22 17 41
13 28 18 41
59 59 12 41
59 62 18 41
59 75 18 41
65 82 11 41
65 59 12 41
65 62 18 41
65 75 18 41
65 81 19 41
316 296 17 41
266 254 3 43
266 285 16 43
266 281 17 43
108 90 1 44
108 114 6 44
108 100 7 44
108 91 13 44
468 483 2 44
468 471 17 44
605 590 2 44
605 585 9 44
605 585 15 44
605 585 16 44
90 100 6 45
90 82 7 45
90 86 8 45
90 91 12 45
90 75 14 45
90 81 15 45
359 349 4 45
359 378 12 45
10 3 5 46
10 13 5 46
10 6 6 46
10 7 6 46
10 13 7 46
10 22 12 46
10 28 13 46
31 13 5 46
31 13 7 46
31 22 12 46
31 28 13 46
254 245 1 46
254 244 3 46
254 245 6 46
254 244 14 46
483 471 15 46
590 585 7 46
590 585 13 46
590 585 14 46
245 244 2 47
245 245 5 47
245 227 6 47
245 227 12 47
245 244 13 47
397 397 5 47
397 388 6 47
397 378 10 47
244 245 3 49
244 227 4 49
244 227 10 49
244 244 11 49
349 340 19 49
114 100 1 50
3 6 1 51
3 7 1 51
3 13 2 51
3 22 7 51
3 3 18 51
3 7 18 51
3 15 18 51
13 6 1 51
13 7 1 51
13 13 2 51
13 22 7 51
13 28 8 51
13 3 18 51
13 7 18 51
13 15 18 51
100 82 1 51
100 86 2 51
100 91 6 51
100 81 9 51
218 227 2 51
218 227 8 51
435 434 3 51
744 734 1 51
744 738 3 51
744 742 7 51
744 734 16 51
6 13 1 52
6 22 6 52
6 3 17 52
6 7 17 52
6 15 17 52
7 13 1 52
7 22 6 52
7 3 17 52
7 7 17 52
7 15 17 52
82 86 1 52
82 91 5 52
82 62 7 52
82 75 7 52
82 81 8 52
82 75 17 52
245 227 1 52
245 227 7 52
245 244 8 52
397 388 1 52
397 378 5 52
397 387 17 52
734 738 2 52
734 742 6 52
734 734 15 52
13 22 5 53
13 28 6 53
13 3 16 53
13 7 16 53
13 15 16 53
13 24 20 53
59 62 6 53
59 75 6 53
59 75 16 53
59 40 20 53
59 67 20 53
86 91 4 53
86 75 6 53
86 81 7 53
86 75 16 53
86 67 20 53
227 227 6 53
227 244 7 53
388 378 4 53
388 387 16 53
585 585 6 53
585 585 7 53
585 594 15 53
585 566 19 53
738 742 4 54
738 734 13 54
91 75 2 57
91 81 3 57
91 75 12 57
91 109 15 57
91 80 20 57
378 387 12 57
378 363 14 57
378 393 19 57
22 28 1 58
22 3 11 58
22 7 11 58
22 15 11 58
22 35 11 58
22 33 14 58
22 24 15 58
22 40 15 58
22 24 16 58
22 31 16 58
22 31 20 58
296 285 1 58
296 281 2 58
296 296 15 58
742 734 9 58
28 15 10 59
28 35 10 59
28 33 13 59
28 24 14 59
28 40 14 59
28 24 15 59
28 31 15 59
28 31 19 59
62 81 1 59
62 75 10 59
62 67 14 59
62 59 16 59
62 59 18 59
62 80 18 59
62 80 19 59
75 81 1 59
75 75 10 59
75 67 14 59
75 59 16 59
75 59 18 59
75 80 18 59
75 80 19 59
227 244 1 59
227 245 15 59
227 244 16 59
227 226 19 59
285 281 1 59
285 268 13 59
285 296 14 59
585 585 1 59
585 594 9 59
585 566 13 59
585 604 19 59
81 75 9 60
81 67 13 60
81 80 17 60
81 80 18 60
244 245 14 60
244 244 15 60
244 226 18 60
281 268 12 60
281 296 13 60
281 264 14 60
281 264 18 60
585 594 8 60
585 566 12 60
585 604 18 60
169 149 6 67
340 350 9 68
340 358 16 68
594 604 10 68
594 604 13 68
594 594 16 68
594 604 17 68
3 1 15 69
3 3 15 69
3 21 15 69
7 24 4 69
7 24 5 69
7 1 15 69
7 3 15 69
7 21 15 69
15 33 3 69
15 24 4 69
15 24 5 69
15 31 5 69
15 31 9 69
15 1 15 69
15 3 15 69
15 21 15 69
35 33 3 69
35 24 4 69
35 40 4 69
35 24 5 69
35 31 5 69
35 31 9 69
35 21 15 69
75 67 4 69
75 59 6 69
75 59 8 69
75 80 8 69
75 80 9 69
140 134 2 69
140 131 3 69
140 149 4 69
387 393 7 69
681 694 20 69
134 131 1 71
134 149 2 71
134 138 19 71
363 350 6 71
363 358 13 71
33 24 1 72
33 40 1 72
33 24 2 72
33 31 2 72
33 31 6 72
33 21 12 72
33 13 19 72
109 100 12 72
109 89 18 72
131 149 1 72
131 138 18 72
268 264 2 72
268 264 6 72
268 264 13 72
268 255 18 72
566 555 1 72
24 24 1 73
24 31 1 73
24 31 5 73
24 21 11 73
24 11 17 73
24 13 18 73
40 24 1 73
40 31 1 73
40 59 2 73
40 59 4 73
40 31 5 73
40 21 11 73
67 59 2 73
67 59 4 73
67 80 4 73
67 80 5 73
149 138 17 73
296 314 10 73
296 309 16 73
296 286 20 73
24 31 4 74
24 21 10 74
24 11 16 74
24 13 17 74
31 31 4 74
31 21 10 74
31 11 16 74
31 13 17 74
245 244 1 74
245 226 4 74
245 264 4 74
245 264 11 74
245 255 16 74
245 245 19 74
245 233 20 74
264 244 1 74
264 264 4 74
264 264 11 74
264 255 16 74
264 245 19 74
264 277 20 74
59 59 2 75
59 63 20 75
244 226 3 75
244 255 15 75
244 245 18 75
244 233 19 75
59 63 18 77
80 80 1 77
80 89 13 77
80 63 18 77
350 358 7 77
31 21 6 78
31 11 12 78
31 13 13 78
80 89 12 78
80 63 17 78
226 216 6 78
226 245 15 78
226 233 16 78
264 264 7 78
264 255 12 78
264 245 15 78
264 277 16 78
604 604 3 78
604 594 6 78
604 604 7 78
604 590 16 78
604 594 3 81
604 604 4 81
604 590 13 81
314 309 6 83
314 324 18 83
1 11 6 84
1 13 7 84
1 19 17 84
3 11 6 84
3 13 7 84
3 19 17 84
21 11 6 84
21 13 7 84
21 19 17 84
100 89 6 84
100 102 18 84
216 233 10 84
216 217 17 84
358 368 16 84
594 604 1 84
594 590 10 84
264 255 5 85
264 245 8 85
264 277 9 85
604 590 9 85
468 449 6 86
734 750 3 88
734 730 4 88
734 731 5 88
309 324 12 89
11 13 1 90
11 19 11 90
89 102 12 90
255 245 3 90
255 239 12 90
13 19 10 91
750 730 1 91
750 731 2 91
750 760 8 91
750 754 9 91
449 444 3 92
730 731 1 92
245 233 1 93
245 239 9 93
286 277 1 93
233 217 7 94
233 239 8 94
760 754 1 99
539 539 1 101
