581 577 2 1
581 577 3 1
581 589 4 1
581 589 7 1
581 600 8 1
581 600 9 1
581 600 10 1
581 593 12 1
581 593 13 1
581 593 14 1
581 589 15 1
581 593 16 1
581 589 18 1
581 589 19 1
581 593 20 1
581 581 21 1
581 587 26 1
581 585 27 1
581 586 28 1
581 585 29 1
581 589 30 1
581 589 31 1
439 457 14 2
579 577 2 2
579 589 3 2
579 589 6 2
579 593 11 2
579 593 12 2
579 593 13 2
579 589 14 2
579 593 15 2
579 589 17 2
579 589 18 2
579 593 19 2
579 581 20 2
579 587 25 2
579 585 26 2
579 586 27 2
579 585 28 2
579 589 29 2
579 589 30 2
579 587 31 2
441 457 13 3
577 589 2 3
577 589 5 3
577 593 10 3
577 593 11 3
577 593 12 3
577 589 13 3
577 593 14 3
577 589 16 3
577 589 17 3
577 593 18 3
577 581 19 3
577 587 24 3
577 585 25 3
577 586 26 3
577 585 27 3
577 589 28 3
577 589 29 3
577 587 30 3
577 589 31 3
464 466 2 4
464 464 3 4
464 457 12 4
464 464 13 4
464 464 14 4
464 466 15 4
464 466 16 4
464 466 17 4
464 468 18 4
464 464 19 4
464 464 20 4
464 468 23 4
464 468 24 4
464 464 26 4
464 468 27 4
464 466 28 4
464 464 29 4
464 464 30 4
464 464 31 4
577 589 4 4
577 593 9 4
577 593 10 4
577 593 11 4
577 589 12 4
577 593 13 4
577 589 15 4
577 589 16 4
577 593 17 4
577 581 18 4
577 587 23 4
577 585 24 4
577 586 25 4
577 585 26 4
577 589 27 4
577 589 28 4
577 587 29 4
577 589 30 4
577 589 31 4
466 464 2 5
466 457 11 5
466 464 12 5
466 464 13 5
466 466 14 5
466 466 15 5
466 466 16 5
466 468 17 5
466 464 18 5
466 464 19 5
466 468 22 5
466 468 23 5
466 464 25 5
466 468 26 5
466 466 27 5
466 464 28 5
466 464 29 5
466 464 30 5
466 464 31 5
589 606 2 5
589 589 3 5
589 600 4 5
589 600 5 5
589 600 6 5
589 593 8 5
589 593 9 5
589 593 10 5
589 589 11 5
589 593 12 5
589 589 14 5
589 589 15 5
589 593 16 5
589 581 17 5
589 587 22 5
589 585 23 5
589 586 24 5
589 585 25 5
589 589 26 5
589 589 27 5
589 587 28 5
589 589 29 5
589 589 30 5
589 589 31 5
466 457 10 6
466 464 11 6
466 464 12 6
466 466 13 6
466 466 14 6
466 466 15 6
466 468 16 6
466 464 17 6
466 464 18 6
466 468 21 6
466 468 22 6
466 464 24 6
466 468 25 6
466 466 26 6
466 464 27 6
466 464 28 6
466 464 29 6
466 464 30 6
466 468 31 6
605 589 2 6
605 600 3 6
605 600 4 6
605 600 5 6
605 593 7 6
605 593 8 6
605 593 9 6
605 589 10 6
605 593 11 6
605 589 13 6
605 589 14 6
605 593 15 6
605 618 20 6
605 587 21 6
605 585 22 6
605 586 23 6
605 585 24 6
605 589 25 6
605 589 26 6
605 587 27 6
605 589 28 6
605 589 29 6
605 589 30 6
464 457 9 7
464 464 10 7
464 464 11 7
464 466 12 7
464 466 13 7
464 466 14 7
464 468 15 7
464 464 16 7
464 464 17 7
464 468 20 7
464 468 21 7
464 464 23 7
464 468 24 7
464 466 25 7
464 464 26 7
464 464 27 7
464 464 28 7
464 464 29 7
464 468 30 7
464 468 31 7
606 600 2 7
606 600 3 7
606 600 4 7
606 593 6 7
606 593 7 7
606 593 8 7
606 589 9 7
606 593 10 7
606 589 12 7
606 589 13 7
606 593 14 7
606 618 19 7
606 587 20 7
606 586 22 7
606 589 24 7
606 589 25 7
606 587 26 7
606 589 27 7
606 589 28 7
606 589 29 7
589 600 2 8
589 600 3 8
589 593 5 8
589 593 6 8
589 593 7 8
589 589 8 8
589 593 9 8
589 589 11 8
589 589 12 8
589 593 13 8
589 581 14 8
589 587 19 8
589 585 20 8
589 586 21 8
589 585 22 8
589 589 23 8
589 589 24 8
589 587 25 8
589 589 26 8
589 589 27 8
589 589 28 8
589 583 29 8
589 589 31 8
600 600 2 9
600 593 4 9
600 593 5 9
600 593 6 9
600 589 7 9
600 593 8 9
600 589 10 9
600 589 11 9
600 593 12 9
600 581 13 9
600 618 17 9
600 587 18 9
600 585 19 9
600 586 20 9
600 585 21 9
600 589 22 9
600 589 23 9
600 587 24 9
600 589 25 9
600 589 26 9
600 589 27 9
600 583 28 9
600 589 30 9
600 589 31 9
600 593 3 10
600 593 4 10
600 593 5 10
600 589 6 10
600 593 7 10
600 589 9 10
600 589 10 10
600 593 11 10
600 581 12 10
600 618 16 10
600 587 17 10
600 585 18 10
600 586 19 10
600 585 20 10
600 589 21 10
600 589 22 10
600 587 23 10
600 589 24 10
600 589 25 10
600 589 26 10
600 583 27 10
600 589 29 10
600 589 30 10
600 591 31 10
499 497 2 11
499 518 12 11
499 518 13 11
600 593 2 11
600 593 3 11
600 593 4 11
600 589 5 11
600 593 6 11
600 589 8 11
600 589 9 11
600 593 10 11
600 581 11 11
600 618 15 11
600 587 16 11
600 585 17 11
600 586 18 11
600 585 19 11
600 589 20 11
600 589 21 11
600 587 22 11
600 589 23 11
600 589 24 11
600 589 25 11
600 583 26 11
600 589 28 11
600 589 29 11
600 591 30 11
600 591 31 11
593 593 2 13
593 589 3 13
593 593 4 13
593 589 6 13
593 589 7 13
593 593 8 13
593 581 9 13
593 587 14 13
593 585 15 13
593 586 16 13
593 585 17 13
593 589 18 13
593 589 19 13
593 587 20 13
593 589 21 13
593 589 22 13
593 589 23 13
593 583 24 13
593 589 26 13
593 589 27 13
593 591 28 13
593 591 29 13
593 591 30 13
593 585 31 13
593 589 2 14
593 593 3 14
593 589 5 14
593 589 6 14
593 593 7 14
593 581 8 14
593 587 13 14
593 585 14 14
593 586 15 14
593 585 16 14
593 589 17 14
593 589 18 14
593 587 19 14
593 589 20 14
593 589 21 14
593 589 22 14
593 583 23 14
593 589 25 14
593 589 26 14
593 591 27 14
593 591 28 14
593 591 29 14
593 585 30 14
593 585 31 14
593 593 2 15
593 589 4 15
593 589 5 15
593 593 6 15
593 581 7 15
593 587 12 15
593 585 13 15
593 586 14 15
593 585 15 15
593 589 16 15
593 589 17 15
593 587 18 15
593 589 19 15
593 589 20 15
593 589 21 15
593 583 22 15
593 589 24 15
593 589 25 15
593 591 26 15
593 591 27 15
593 591 28 15
593 585 29 15
593 585 30 15
593 589 31 15
216 214 2 16
457 464 2 16
457 466 3 16
457 466 4 16
457 466 5 16
457 468 6 16
457 464 7 16
457 464 8 16
457 468 11 16
457 468 12 16
457 464 14 16
457 468 15 16
457 466 16 16
457 464 17 16
457 464 18 16
457 464 19 16
457 464 20 16
457 468 21 16
457 468 22 16
457 466 23 16
457 466 24 16
457 466 25 16
457 468 26 16
457 471 27 16
457 464 28 16
457 464 29 16
457 464 30 16
457 466 31 16
589 589 3 16
589 589 4 16
589 593 5 16
589 581 6 16
589 587 11 16
589 585 12 16
589 586 13 16
589 585 14 16
589 589 15 16
589 589 16 16
589 587 17 16
589 589 18 16
589 589 19 16
589 589 20 16
589 583 21 16
589 589 23 16
589 589 24 16
589 591 25 16
589 591 26 16
589 591 27 16
589 585 28 16
589 585 29 16
589 589 30 16
589 589 31 16
464 466 2 17
464 466 3 17
464 466 4 17
464 468 5 17
464 464 6 17
464 464 7 17
464 468 10 17
464 468 11 17
464 464 13 17
464 468 14 17
464 466 15 17
464 464 16 17
464 464 17 17
464 464 18 17
464 464 19 17
464 468 20 17
464 468 21 17
464 466 22 17
464 466 23 17
464 466 24 17
464 468 25 17
464 471 26 17
464 464 27 17
464 464 28 17
464 464 29 17
464 466 30 17
464 466 31 17
593 589 2 17
593 589 3 17
593 593 4 17
593 581 5 17
593 587 10 17
593 585 11 17
593 586 12 17
593 585 13 17
593 589 14 17
593 589 15 17
593 587 16 17
593 589 17 17
593 589 18 17
593 589 19 17
593 583 20 17
593 589 22 17
593 589 23 17
593 591 24 17
593 591 25 17
593 591 26 17
593 585 27 17
593 585 28 17
593 589 29 17
593 589 30 17
593 589 31 17
464 466 2 18
464 466 3 18
464 468 4 18
464 464 5 18
464 464 6 18
464 468 9 18
464 468 10 18
464 464 12 18
464 468 13 18
464 466 14 18
464 464 15 18
464 464 16 18
464 464 17 18
464 464 18 18
464 468 19 18
464 468 20 18
464 466 21 18
464 466 22 18
464 466 23 18
464 468 24 18
464 471 25 18
464 464 26 18
464 464 27 18
464 464 28 18
464 466 29 18
464 466 30 18
464 466 31 18
466 466 2 19
466 468 3 19
466 464 4 19
466 464 5 19
466 468 8 19
466 468 9 19
466 464 11 19
466 468 12 19
466 466 13 19
466 464 14 19
466 464 15 19
466 464 16 19
466 464 17 19
466 468 18 19
466 468 19 19
466 466 20 19
466 466 21 19
466 466 22 19
466 468 23 19
466 471 24 19
466 464 25 19
466 464 26 19
466 464 27 19
466 466 28 19
466 466 29 19
466 466 30 19
589 593 2 19
589 581 3 19
589 587 8 19
589 585 9 19
589 586 10 19
589 585 11 19
589 589 12 19
589 589 13 19
589 587 14 19
589 589 15 19
589 589 16 19
589 589 17 19
589 583 18 19
589 589 20 19
589 589 21 19
589 591 22 19
589 591 23 19
589 591 24 19
589 585 25 19
589 585 26 19
589 589 27 19
589 589 28 19
589 589 29 19
589 589 30 19
466 468 2 20
466 464 3 20
466 464 4 20
466 468 7 20
466 468 8 20
466 464 10 20
466 468 11 20
466 466 12 20
466 464 13 20
466 464 14 20
466 464 15 20
466 464 16 20
466 468 17 20
466 468 18 20
466 466 19 20
466 466 20 20
466 466 21 20
466 468 22 20
466 471 23 20
466 464 24 20
466 464 25 20
466 464 26 20
466 466 27 20
466 466 28 20
466 466 29 20
589 581 2 20
589 587 7 20
589 585 8 20
589 586 9 20
589 585 10 20
589 589 11 20
589 589 12 20
589 587 13 20
589 589 14 20
589 589 15 20
589 589 16 20
589 583 17 20
589 589 19 20
589 589 20 20
589 591 21 20
589 591 22 20
589 591 23 20
589 585 24 20
589 585 25 20
589 589 26 20
589 589 27 20
589 589 28 20
589 589 29 20
466 464 2 21
466 464 3 21
466 468 6 21
466 468 7 21
466 464 9 21
466 468 10 21
466 466 11 21
466 464 12 21
466 464 13 21
466 464 14 21
466 464 15 21
466 468 16 21
466 468 17 21
466 466 18 21
466 466 19 21
466 466 20 21
466 468 21 21
466 471 22 21
466 464 23 21
466 464 24 21
466 464 25 21
466 466 26 21
466 466 27 21
466 466 28 21
466 446 31 21
593 587 6 21
593 585 7 21
593 586 8 21
593 585 9 21
593 589 10 21
593 589 11 21
593 587 12 21
593 589 13 21
593 589 14 21
593 589 15 21
593 583 16 21
593 589 18 21
593 589 19 21
593 591 20 21
593 591 21 21
593 591 22 21
593 585 23 21
593 585 24 21
593 589 25 21
593 589 26 21
593 589 27 21
593 589 28 21
593 589 31 21
468 464 2 22
468 468 5 22
468 468 6 22
468 464 8 22
468 468 9 22
468 466 10 22
468 464 11 22
468 464 12 22
468 464 13 22
468 464 14 22
468 468 15 22
468 468 16 22
468 466 17 22
468 466 18 22
468 466 19 22
468 468 20 22
468 471 21 22
468 464 22 22
468 464 23 22
468 464 24 22
468 466 25 22
468 466 26 22
468 466 27 22
468 464 31 22
581 587 5 22
581 585 6 22
581 586 7 22
581 585 8 22
581 589 9 22
581 589 10 22
581 587 11 22
581 589 12 22
581 589 13 22
581 589 14 22
581 583 15 22
581 589 17 22
581 589 18 22
581 591 19 22
581 591 20 22
581 591 21 22
581 585 22 22
581 585 23 22
581 589 24 22
581 589 25 22
581 589 26 22
581 589 27 22
581 589 30 22
581 589 31 22
89 89 4 23
89 91 16 23
89 91 17 23
89 89 18 23
89 93 19 23
464 468 4 23
464 468 5 23
464 464 7 23
464 468 8 23
464 466 9 23
464 464 10 23
464 464 11 23
464 464 12 23
464 464 13 23
464 468 14 23
464 468 15 23
464 466 16 23
464 466 17 23
464 466 18 23
464 468 19 23
464 471 20 23
464 464 21 23
464 464 22 23
464 464 23 23
464 466 24 23
464 466 25 23
464 466 26 23
464 446 29 23
464 464 30 23
518 518 28 23
89 89 3 24
89 91 15 24
89 91 16 24
89 89 17 24
89 93 18 24
464 468 3 24
464 468 4 24
464 464 6 24
464 468 7 24
464 466 8 24
464 464 9 24
464 464 10 24
464 464 11 24
464 464 12 24
464 468 13 24
464 468 14 24
464 466 15 24
464 466 16 24
464 466 17 24
464 468 18 24
464 471 19 24
464 464 20 24
464 464 21 24
464 464 22 24
464 466 23 24
464 466 24 24
464 466 25 24
464 446 28 24
464 464 29 24
518 518 27 24
89 91 12 27
89 91 13 27
89 89 14 27
89 93 15 27
468 464 3 27
468 468 4 27
468 466 5 27
468 464 6 27
468 464 7 27
468 464 8 27
468 464 9 27
468 468 10 27
468 468 11 27
468 466 12 27
468 466 13 27
468 466 14 27
468 468 15 27
468 471 16 27
468 464 17 27
468 464 18 27
468 464 19 27
468 466 20 27
468 466 21 27
468 466 22 27
468 464 26 27
468 464 31 27
587 586 2 27
587 585 3 27
587 589 4 27
587 589 5 27
587 587 6 27
587 589 7 27
587 589 8 27
587 589 9 27
587 583 10 27
587 589 12 27
587 589 13 27
587 591 14 27
587 591 15 27
587 591 16 27
587 585 17 27
587 585 18 27
587 589 19 27
587 589 20 27
587 589 21 27
587 589 22 27
587 589 25 27
587 589 26 27
587 573 27 27
587 573 28 27
587 575 29 27
587 568 30 27
587 589 31 27
468 464 2 28
468 468 3 28
468 466 4 28
468 464 5 28
468 464 6 28
468 464 7 28
468 464 8 28
468 468 9 28
468 468 10 28
468 466 11 28
468 466 12 28
468 466 13 28
468 468 14 28
468 471 15 28
468 464 16 28
468 464 17 28
468 464 18 28
468 466 19 28
468 466 20 28
468 466 21 28
468 464 25 28
468 464 30 28
468 466 31 28
585 585 2 28
585 589 3 28
585 589 4 28
585 587 5 28
585 589 6 28
585 589 7 28
585 589 8 28
585 583 9 28
585 589 11 28
585 589 12 28
585 591 13 28
585 591 14 28
585 591 15 28
585 585 16 28
585 585 17 28
585 589 18 28
585 589 19 28
585 589 20 28
585 589 21 28
585 589 24 28
585 589 25 28
585 573 26 28
585 573 27 28
585 575 28 28
585 568 29 28
585 589 30 28
585 589 31 28
586 589 2 29
586 589 3 29
586 587 4 29
586 589 5 29
586 589 6 29
586 589 7 29
586 583 8 29
586 589 10 29
586 589 11 29
586 591 12 29
586 591 13 29
586 591 14 29
586 585 15 29
586 585 16 29
586 589 17 29
586 589 18 29
586 589 19 29
586 589 20 29
586 589 23 29
586 589 24 29
586 573 25 29
586 573 26 29
586 575 27 29
586 568 28 29
586 589 29 29
586 589 30 29
586 589 31 29
464 466 2 30
464 464 3 30
464 464 4 30
464 464 5 30
464 464 6 30
464 468 7 30
464 468 8 30
464 466 9 30
464 466 10 30
464 466 11 30
464 468 12 30
464 471 13 30
464 464 14 30
464 464 15 30
464 464 16 30
464 466 17 30
464 466 18 30
464 466 19 30
464 446 22 30
464 464 23 30
464 464 28 30
464 466 29 30
464 466 30 30
585 589 2 30
585 587 3 30
585 589 4 30
585 589 5 30
585 589 6 30
585 583 7 30
585 589 9 30
585 589 10 30
585 591 11 30
585 591 12 30
585 591 13 30
585 585 14 30
585 585 15 30
585 589 16 30
585 589 17 30
585 589 18 30
585 589 19 30
585 589 22 30
585 589 23 30
585 573 24 30
585 573 25 30
585 575 26 30
585 568 27 30
585 589 28 30
585 589 29 30
585 589 30 30
468 464 2 31
468 464 3 31
468 464 4 31
468 464 5 31
468 468 6 31
468 468 7 31
468 466 8 31
468 466 9 31
468 466 10 31
468 468 11 31
468 471 12 31
468 464 13 31
468 464 14 31
468 464 15 31
468 466 16 31
468 466 17 31
468 466 18 31
468 464 22 31
468 464 27 31
468 466 28 31
468 466 29 31
589 587 2 31
589 589 3 31
589 589 4 31
589 589 5 31
589 583 6 31
589 589 8 31
589 589 9 31
589 591 10 31
589 591 11 31
589 591 12 31
589 585 13 31
589 585 14 31
589 589 15 31
589 589 16 31
589 589 17 31
589 589 18 31
589 589 21 31
589 589 22 31
589 573 23 31
589 573 24 31
589 575 25 31
589 589 27 31
589 589 28 31
589 589 29 31
466 464 2 32
466 464 3 32
466 464 4 32
466 468 5 32
466 468 6 32
466 466 7 32
466 466 8 32
466 466 9 32
466 468 10 32
466 471 11 32
466 464 12 32
466 464 13 32
466 464 14 32
466 466 15 32
466 466 16 32
466 466 17 32
466 446 20 32
466 464 21 32
466 464 26 32
466 466 27 32
466 466 28 32
589 589 2 32
589 589 3 32
589 589 4 32
589 583 5 32
589 589 7 32
589 589 8 32
589 591 9 32
589 591 10 32
589 591 11 32
589 585 12 32
589 585 13 32
589 589 14 32
589 589 15 32
589 589 16 32
589 589 17 32
589 589 20 32
589 589 21 32
589 573 22 32
589 573 23 32
589 575 24 32
589 589 26 32
589 589 27 32
589 589 28 32
464 464 2 33
464 464 3 33
464 468 4 33
464 468 5 33
464 466 6 33
464 466 7 33
464 466 8 33
464 468 9 33
464 471 10 33
464 464 11 33
464 464 12 33
464 464 13 33
464 466 14 33
464 466 15 33
464 466 16 33
464 446 19 33
464 464 20 33
464 464 25 33
464 466 26 33
464 466 27 33
587 589 2 33
587 589 3 33
587 583 4 33
587 589 6 33
587 589 7 33
587 591 8 33
587 591 9 33
587 591 10 33
587 585 11 33
587 585 12 33
587 589 13 33
587 589 14 33
587 589 15 33
587 589 16 33
587 589 19 33
587 589 20 33
587 573 21 33
587 573 22 33
587 575 23 33
587 568 24 33
587 589 25 33
587 589 26 33
587 589 27 33
464 464 2 34
464 468 3 34
464 468 4 34
464 466 5 34
464 466 6 34
464 466 7 34
464 468 8 34
464 471 9 34
464 464 10 34
464 464 11 34
464 464 12 34
464 466 13 34
464 466 14 34
464 466 15 34
464 446 18 34
464 464 19 34
464 464 24 34
464 466 25 34
464 466 26 34
589 589 2 34
589 583 3 34
589 589 5 34
589 589 6 34
589 591 7 34
589 591 8 34
589 591 9 34
589 585 10 34
589 585 11 34
589 589 12 34
589 589 13 34
589 589 14 34
589 589 15 34
589 589 18 34
589 589 19 34
589 573 20 34
589 573 21 34
589 575 22 34
589 589 24 34
589 589 25 34
589 589 26 34
464 468 2 35
464 468 3 35
464 466 4 35
464 466 5 35
464 466 6 35
464 468 7 35
464 471 8 35
464 464 9 35
464 464 10 35
464 464 11 35
464 466 12 35
464 466 13 35
464 466 14 35
464 446 17 35
464 464 18 35
464 464 23 35
464 466 24 35
464 466 25 35
589 583 2 35
589 589 4 35
589 589 5 35
589 591 6 35
589 591 7 35
589 591 8 35
589 585 9 35
589 585 10 35
589 589 11 35
589 589 12 35
589 589 13 35
589 589 14 35
589 589 17 35
589 589 18 35
589 573 19 35
589 573 20 35
589 575 21 35
589 589 23 35
589 589 24 35
589 589 25 35
464 468 2 36
464 466 3 36
464 466 4 36
464 466 5 36
464 468 6 36
464 471 7 36
464 464 8 36
464 464 9 36
464 464 10 36
464 466 11 36
464 466 12 36
464 466 13 36
464 446 16 36
464 464 17 36
464 464 22 36
464 466 23 36
464 466 24 36
589 589 3 36
589 589 4 36
589 591 5 36
589 591 6 36
589 591 7 36
589 585 8 36
589 585 9 36
589 589 10 36
589 589 11 36
589 589 12 36
589 589 13 36
589 589 16 36
589 589 17 36
589 573 18 36
589 573 19 36
589 575 20 36
589 589 22 36
589 589 23 36
589 589 24 36
468 466 2 37
468 466 3 37
468 466 4 37
468 468 5 37
468 471 6 37
468 464 7 37
468 464 8 37
468 464 9 37
468 466 10 37
468 466 11 37
468 466 12 37
468 464 16 37
468 464 21 37
468 466 22 37
468 466 23 37
468 466 31 37
583 589 2 37
583 589 3 37
583 591 4 37
583 591 5 37
583 591 6 37
583 585 7 37
583 585 8 37
583 589 9 37
583 589 10 37
583 589 11 37
583 589 12 37
583 589 15 37
583 589 16 37
583 573 17 37
583 573 18 37
583 575 19 37
583 568 20 37
583 589 21 37
583 589 22 37
583 589 23 37
468 466 2 38
468 466 3 38
468 468 4 38
468 471 5 38
468 464 6 38
468 464 7 38
468 464 8 38
468 466 9 38
468 466 10 38
468 466 11 38
468 464 15 38
468 464 20 38
468 466 21 38
468 466 22 38
468 466 30 38
91 89 2 39
91 93 3 39
91 89 28 39
466 466 2 39
466 468 3 39
466 471 4 39
466 464 5 39
466 464 6 39
466 464 7 39
466 466 8 39
466 466 9 39
466 466 10 39
466 446 13 39
466 464 14 39
466 464 19 39
466 466 20 39
466 466 21 39
466 466 29 39
589 591 2 39
589 591 3 39
589 591 4 39
589 585 5 39
589 585 6 39
589 589 7 39
589 589 8 39
589 589 9 39
589 589 10 39
589 589 13 39
589 589 14 39
589 573 15 39
589 573 16 39
589 575 17 39
589 589 19 39
589 589 20 39
589 589 21 39
91 93 2 40
91 89 27 40
466 468 2 40
466 471 3 40
466 464 4 40
466 464 5 40
466 464 6 40
466 466 7 40
466 466 8 40
466 466 9 40
466 446 12 40
466 464 13 40
466 464 18 40
466 466 19 40
466 466 20 40
466 466 28 40
589 591 2 40
589 591 3 40
589 585 4 40
589 585 5 40
589 589 6 40
589 589 7 40
589 589 8 40
589 589 9 40
589 589 12 40
589 589 13 40
589 573 14 40
589 573 15 40
589 575 16 40
589 589 18 40
589 589 19 40
589 589 20 40
89 89 26 41
466 471 2 41
466 464 3 41
466 464 4 41
466 464 5 41
466 466 6 41
466 466 7 41
466 466 8 41
466 446 11 41
466 464 12 41
466 464 17 41
466 466 18 41
466 466 19 41
466 466 27 41
591 591 2 41
591 585 3 41
591 585 4 41
591 589 5 41
591 589 6 41
591 589 7 41
591 589 8 41
591 589 11 41
591 589 12 41
591 573 13 41
591 573 14 41
591 575 15 41
591 589 17 41
591 589 18 41
591 589 19 41
93 89 25 42
468 464 2 42
468 464 3 42
468 464 4 42
468 466 5 42
468 466 6 42
468 466 7 42
468 464 11 42
468 464 16 42
468 466 17 42
468 466 18 42
468 466 26 42
468 466 31 42
591 585 2 42
591 585 3 42
591 589 4 42
591 589 5 42
591 589 6 42
591 589 7 42
591 589 10 42
591 589 11 42
591 573 12 42
591 573 13 42
591 575 14 42
591 589 16 42
591 589 17 42
591 589 18 42
471 464 2 43
471 464 3 43
471 466 4 43
471 466 5 43
471 466 6 43
471 464 10 43
471 464 15 43
471 466 16 43
471 466 17 43
471 466 25 43
471 466 30 43
471 466 31 43
591 585 2 43
591 589 3 43
591 589 4 43
591 589 5 43
591 589 6 43
591 589 9 43
591 589 10 43
591 573 11 43
591 573 12 43
591 575 13 43
591 589 15 43
591 589 16 43
591 589 17 43
464 464 2 44
464 466 3 44
464 466 4 44
464 466 5 44
464 446 8 44
464 464 9 44
464 464 14 44
464 466 15 44
464 466 16 44
464 466 24 44
464 466 29 44
464 466 30 44
585 589 2 44
585 589 3 44
585 589 4 44
585 589 5 44
585 589 8 44
585 589 9 44
585 573 10 44
585 573 11 44
585 575 12 44
585 568 13 44
585 589 14 44
585 589 15 44
585 589 16 44
464 466 2 45
464 466 3 45
464 466 4 45
464 446 7 45
464 464 8 45
464 464 13 45
464 466 14 45
464 466 15 45
464 466 23 45
464 466 28 45
464 466 29 45
585 589 2 45
585 589 3 45
585 589 4 45
585 589 7 45
585 589 8 45
585 573 9 45
585 573 10 45
585 575 11 45
585 568 12 45
585 589 13 45
585 589 14 45
585 589 15 45
464 466 2 46
464 466 3 46
464 446 6 46
464 464 7 46
464 464 12 46
464 466 13 46
464 466 14 46
464 466 22 46
464 466 27 46
464 466 28 46
589 589 2 46
589 589 3 46
589 589 6 46
589 589 7 46
589 573 8 46
589 573 9 46
589 575 10 46
589 589 12 46
589 589 13 46
589 589 14 46
466 466 2 47
466 446 5 47
466 464 6 47
466 464 11 47
466 466 12 47
466 466 13 47
466 466 21 47
466 466 26 47
466 466 27 47
466 466 31 47
589 589 2 47
589 589 5 47
589 589 6 47
589 573 7 47
589 573 8 47
589 575 9 47
589 589 11 47
589 589 12 47
589 589 13 47
466 446 4 48
466 464 5 48
466 464 10 48
466 466 11 48
466 466 12 48
466 466 20 48
466 466 25 48
466 466 26 48
466 466 30 48
466 466 31 48
589 589 4 48
589 589 5 48
589 573 6 48
589 573 7 48
589 575 8 48
589 589 10 48
589 589 11 48
589 589 12 48
466 446 3 49
466 464 4 49
466 464 9 49
466 466 10 49
466 466 11 49
466 466 19 49
466 466 24 49
466 466 25 49
466 466 29 49
466 466 30 49
466 466 31 49
589 589 3 49
589 589 4 49
589 573 5 49
589 573 6 49
589 575 7 49
589 589 9 49
589 589 10 49
589 589 11 49
589 596 31 49
518 504 16 51
446 439 2 52
446 435 3 52
446 439 4 52
446 439 5 52
446 464 6 52
589 573 2 52
589 573 3 52
589 575 4 52
589 589 6 52
589 589 7 52
589 589 8 52
589 596 28 52
464 464 5 53
464 466 6 53
464 466 7 53
464 466 15 53
464 466 20 53
464 466 21 53
464 466 25 53
464 466 26 53
464 466 27 53
464 466 28 53
464 464 31 53
589 573 2 53
589 575 3 53
589 589 5 53
589 589 6 53
589 589 7 53
589 596 27 53
589 579 31 53
14 18 7 54
439 439 2 54
439 439 3 54
573 575 2 54
573 568 3 54
573 589 4 54
573 589 5 54
573 589 6 54
573 579 30 54
573 579 31 54
14 18 6 55
16 18 6 55
435 439 2 55
573 568 2 55
573 589 3 55
573 589 4 55
573 589 5 55
573 579 29 55
573 579 30 55
573 591 31 55
575 589 2 56
575 589 3 56
575 589 4 56
575 579 28 56
575 579 29 56
575 591 30 56
568 579 27 57
568 579 28 57
218 214 20 58
218 218 27 58
218 216 28 58
464 466 2 58
464 466 10 58
464 466 15 58
464 466 16 58
464 466 20 58
464 466 21 58
464 466 22 58
464 466 23 58
464 464 26 58
464 464 27 58
464 466 28 58
464 466 29 58
589 589 2 58
589 596 22 58
589 579 26 58
589 579 27 58
589 591 28 58
466 466 9 59
466 466 14 59
466 466 15 59
466 466 19 59
466 466 20 59
466 466 21 59
466 466 22 59
466 464 25 59
466 464 26 59
466 466 27 59
466 466 28 59
589 596 21 59
589 579 25 59
589 579 26 59
589 591 27 59
466 466 8 60
466 466 13 60
466 466 14 60
466 466 18 60
466 466 19 60
466 466 20 60
466 466 21 60
466 464 24 60
466 464 25 60
466 466 26 60
466 466 27 60
589 596 20 60
589 579 24 60
589 579 25 60
589 591 26 60
18 23 28 61
55 64 27 61
55 43 28 61
55 68 28 61
68 64 27 61
68 68 28 61
633 618 2 61
633 616 3 61
633 616 4 61
633 618 5 61
633 618 6 61
633 618 7 61
633 616 13 61
633 616 14 61
633 622 15 61
633 621 16 61
633 621 17 61
633 614 18 61
633 616 20 61
633 616 21 61
633 616 22 61
633 616 26 61
633 616 27 61
633 616 28 61
633 614 30 61
637 618 4 62
637 618 5 62
637 618 6 62
637 622 14 62
637 621 15 62
637 621 16 62
618 616 2 63
618 618 3 63
618 618 4 63
618 618 5 63
618 616 11 63
618 616 12 63
618 622 13 63
618 621 14 63
618 621 15 63
618 614 16 63
618 616 18 63
618 616 19 63
618 616 20 63
618 616 24 63
618 616 25 63
618 616 26 63
618 609 27 63
618 614 28 63
618 610 29 63
616 618 2 64
616 618 3 64
616 618 4 64
616 616 10 64
616 616 11 64
616 622 12 64
616 621 13 64
616 621 14 64
616 614 15 64
616 596 16 64
616 616 17 64
616 616 18 64
616 616 19 64
616 616 23 64
616 616 24 64
616 616 25 64
616 609 26 64
616 614 27 64
616 610 28 64
616 618 2 65
616 618 3 65
616 616 9 65
616 616 10 65
616 622 11 65
616 621 12 65
616 621 13 65
616 614 14 65
616 596 15 65
616 616 16 65
616 616 17 65
616 616 18 65
616 616 22 65
616 616 23 65
616 616 24 65
616 609 25 65
616 614 26 65
616 610 27 65
618 618 2 66
618 616 8 66
618 616 9 66
618 622 10 66
618 621 11 66
618 621 12 66
618 614 13 66
618 616 15 66
618 616 16 66
618 616 17 66
618 616 21 66
618 616 22 66
618 616 23 66
618 609 24 66
618 614 25 66
618 610 26 66
89 91 19 67
89 91 20 67
618 616 7 67
618 616 8 67
618 622 9 67
618 621 10 67
618 621 11 67
618 614 12 67
618 616 14 67
618 616 15 67
618 616 16 67
618 616 20 67
618 616 21 67
618 616 22 67
618 609 23 67
618 614 24 67
618 610 25 67
466 466 5 68
466 466 6 68
466 466 10 68
466 466 11 68
466 466 12 68
466 466 13 68
466 464 16 68
466 464 17 68
466 466 18 68
466 466 19 68
618 616 6 68
618 616 7 68
618 622 8 68
618 621 9 68
618 621 10 68
618 614 11 68
618 616 13 68
618 616 14 68
618 616 15 68
618 616 19 68
618 616 20 68
618 616 21 68
618 609 22 68
618 614 23 68
618 610 24 68
466 466 5 73
466 466 6 73
466 466 7 73
466 466 8 73
466 464 11 73
466 464 12 73
466 466 13 73
466 466 14 73
466 464 30 73
466 464 31 73
466 466 4 74
466 466 5 74
466 466 6 74
466 466 7 74
466 464 10 74
466 464 11 74
466 466 12 74
466 466 13 74
466 464 29 74
466 464 30 74
616 622 2 74
616 621 3 74
616 621 4 74
616 614 5 74
616 596 6 74
616 616 7 74
616 616 8 74
616 616 9 74
616 616 13 74
616 616 14 74
616 616 15 74
616 609 16 74
616 614 17 74
616 610 18 74
616 606 26 74
616 602 27 74
616 602 28 74
616 621 2 75
616 621 3 75
616 614 4 75
616 596 5 75
616 616 6 75
616 616 7 75
616 616 8 75
616 616 12 75
616 616 13 75
616 616 14 75
616 609 15 75
616 614 16 75
616 610 17 75
616 606 25 75
616 602 26 75
616 602 27 75
622 621 2 76
622 614 3 76
622 616 5 76
622 616 6 76
622 616 7 76
622 616 11 76
622 616 12 76
622 616 13 76
622 609 14 76
622 614 15 76
622 610 16 76
622 606 24 76
622 602 25 76
622 602 26 76
622 637 27 76
621 614 2 77
621 616 4 77
621 616 5 77
621 616 6 77
621 616 10 77
621 616 11 77
621 616 12 77
621 609 13 77
621 614 14 77
621 610 15 77
621 606 23 77
621 602 24 77
621 602 25 77
621 637 26 77
621 605 31 77
214 218 7 78
214 216 8 78
214 218 12 78
214 218 14 78
466 466 2 78
466 466 3 78
466 464 6 78
466 464 7 78
466 466 8 78
466 466 9 78
466 464 25 78
466 464 26 78
466 464 30 78
466 464 31 78
621 616 3 78
621 616 4 78
621 616 5 78
621 616 9 78
621 616 10 78
621 616 11 78
621 609 12 78
621 614 13 78
621 610 14 78
621 606 22 78
621 602 23 78
621 602 24 78
621 637 25 78
621 605 30 78
621 639 31 78
466 466 2 79
466 464 5 79
466 464 6 79
466 466 7 79
466 466 8 79
466 464 24 79
466 464 25 79
466 464 29 79
466 464 30 79
466 464 31 79
614 616 2 79
614 616 3 79
614 616 4 79
614 616 8 79
614 616 9 79
614 616 10 79
614 609 11 79
614 614 12 79
614 610 13 79
614 606 21 79
614 602 22 79
614 602 23 79
614 605 29 79
466 464 4 80
466 464 5 80
466 466 6 80
466 466 7 80
466 464 23 80
466 464 24 80
466 464 28 80
466 464 29 80
466 464 30 80
596 579 4 80
596 579 5 80
596 591 6 80
596 609 10 80
596 614 11 80
596 610 12 80
596 606 20 80
596 602 21 80
596 602 22 80
596 605 28 80
596 606 31 80
466 464 3 81
466 464 4 81
466 466 5 81
466 466 6 81
466 464 22 81
466 464 23 81
466 464 27 81
466 464 28 81
466 464 29 81
616 616 2 81
616 616 6 81
616 616 7 81
616 616 8 81
616 609 9 81
616 614 10 81
616 610 11 81
616 606 19 81
616 602 20 81
616 602 21 81
616 605 27 81
616 606 30 81
616 632 31 81
616 616 5 82
616 616 6 82
616 616 7 82
616 609 8 82
616 614 9 82
616 610 10 82
616 606 18 82
616 602 19 82
616 602 20 82
616 605 26 82
616 606 29 82
616 632 30 82
616 633 31 82
616 616 4 83
616 616 5 83
616 616 6 83
616 609 7 83
616 614 8 83
616 610 9 83
616 606 17 83
616 602 18 83
616 602 19 83
616 605 25 83
616 606 28 83
616 632 29 83
616 633 30 83
464 466 2 84
464 466 3 84
464 464 19 84
464 464 20 84
464 464 24 84
464 464 25 84
464 464 26 84
579 591 2 84
579 568 20 84
579 568 21 84
579 575 22 84
579 568 23 84
579 568 26 84
218 218 5 85
218 234 6 85
218 218 7 85
464 466 2 85
464 464 18 85
464 464 19 85
464 464 23 85
464 464 24 85
464 464 25 85
579 568 19 85
579 568 20 85
579 575 21 85
579 568 22 85
579 568 25 85
91 93 23 86
216 218 4 86
216 234 5 86
216 218 6 86
466 464 17 86
466 464 18 86
466 464 22 86
466 464 23 86
466 464 24 86
466 466 31 86
591 609 4 86
591 610 6 86
591 606 14 86
591 602 15 86
591 602 16 86
591 575 20 86
591 605 22 86
591 606 25 86
591 610 31 86
91 93 22 87
247 251 2 87
247 260 2 87
247 234 4 87
466 464 16 87
466 464 17 87
466 464 21 87
466 464 22 87
466 464 23 87
466 466 30 87
616 616 2 87
616 609 3 87
616 614 4 87
616 610 5 87
616 606 13 87
616 602 14 87
616 602 15 87
616 605 21 87
616 606 24 87
616 632 25 87
616 633 26 87
616 616 28 87
616 618 29 87
616 610 30 87
616 609 2 88
616 614 3 88
616 610 4 88
616 606 12 88
616 602 13 88
616 602 14 88
616 605 20 88
616 606 23 88
616 632 24 88
616 633 25 88
616 616 27 88
616 618 28 88
616 610 29 88
251 234 2 89
616 614 2 89
616 610 3 89
616 606 11 89
616 602 12 89
616 602 13 89
616 605 19 89
616 606 22 89
616 632 23 89
616 633 24 89
616 616 26 89
616 618 27 89
616 610 28 89
218 218 2 90
383 393 2 90
609 610 2 90
609 606 10 90
609 602 11 90
609 602 12 90
609 605 18 90
609 606 21 90
609 616 25 90
609 618 26 90
609 610 27 90
614 606 9 91
614 602 10 91
614 602 11 91
614 605 17 91
614 606 20 91
614 632 21 91
614 633 22 91
614 616 24 91
614 618 25 91
614 610 26 91
610 606 8 92
610 602 9 92
610 602 10 92
610 605 16 92
610 606 19 92
610 616 23 92
610 618 24 92
610 610 25 92
606 602 2 100
606 605 8 100
606 606 11 100
606 616 15 100
606 618 16 100
606 610 17 100
606 614 24 100
606 616 26 100
606 604 27 100
606 604 28 100
606 604 29 100
606 616 30 100
606 616 31 100
602 605 7 101
602 606 10 101
602 616 14 101
602 618 15 101
602 610 16 101
602 614 23 101
602 616 25 101
602 604 26 101
602 604 27 101
602 604 28 101
602 616 29 101
602 616 30 101
602 604 31 101
602 605 6 102
602 606 9 102
602 616 13 102
602 618 14 102
602 610 15 102
602 614 22 102
602 616 24 102
602 604 25 102
602 604 26 102
602 604 27 102
602 616 28 102
602 616 29 102
602 604 30 102
464 464 5 103
464 464 6 103
464 464 7 103
464 466 14 103
464 464 31 103
637 639 6 103
637 632 9 103
637 633 10 103
637 618 13 103
637 639 30 103
637 639 31 103
464 464 4 104
464 464 5 104
464 464 6 104
464 466 13 104
464 464 30 104
568 575 2 104
568 568 3 104
568 568 6 104
568 566 31 104
568 568 2 105
568 568 5 105
568 566 30 105
568 566 31 105
575 568 4 106
575 566 29 106
575 566 30 106
568 568 3 107
568 566 28 107
568 566 29 107
464 464 2 108
464 466 9 108
464 464 26 108
605 606 3 108
605 616 7 108
605 618 8 108
605 610 9 108
605 614 16 108
605 616 18 108
605 604 19 108
605 604 20 108
605 604 21 108
605 616 22 108
605 616 23 108
605 604 24 108
605 623 29 108
605 623 30 108
605 610 31 108
93 87 25 109
93 93 26 109
93 93 27 109
464 466 8 109
464 464 25 109
639 632 3 109
639 633 4 109
639 639 24 109
639 639 25 109
639 623 28 109
639 623 29 109
464 466 7 110
464 464 24 110
568 566 25 110
568 566 26 110
606 616 4 111
606 618 5 111
606 610 6 111
606 614 13 111
606 616 15 111
606 604 16 111
606 604 17 111
606 604 18 111
606 616 19 111
606 616 20 111
606 604 21 111
606 623 26 111
606 623 27 111
606 610 28 111
606 609 29 111
606 614 30 111
606 616 31 111
632 616 3 112
632 618 4 112
632 614 12 112
632 616 14 112
632 616 18 112
632 616 19 112
632 639 21 112
632 639 22 112
632 623 25 112
632 623 26 112
632 614 29 112
632 616 30 112
632 618 31 112
633 616 2 113
633 618 3 113
633 614 11 113
633 616 13 113
633 616 17 113
633 616 18 113
633 639 20 113
633 639 21 113
633 623 24 113
633 623 25 113
633 614 28 113
633 616 29 113
633 618 30 113
616 610 2 115
616 614 9 115
616 616 11 115
616 604 12 115
616 604 13 115
616 604 14 115
616 616 15 115
616 616 16 115
616 604 17 115
616 623 22 115
616 623 23 115
616 610 24 115
616 609 25 115
616 614 26 115
616 616 27 115
616 618 28 115
616 635 30 115
616 634 31 115
618 614 8 116
618 616 10 116
618 604 11 116
618 604 12 116
618 604 13 116
618 616 14 116
618 616 15 116
618 604 16 116
618 623 21 116
618 623 22 116
618 610 23 116
618 609 24 116
618 614 25 116
618 616 26 116
618 618 27 116
618 635 29 116
618 634 30 116
466 464 17 117
610 614 7 117
610 616 9 117
610 604 10 117
610 604 11 117
610 604 12 117
610 616 13 117
610 616 14 117
610 604 15 117
610 623 20 117
610 623 21 117
610 610 22 117
610 609 23 117
610 614 24 117
610 616 25 117
610 618 26 117
614 616 2 124
614 604 3 124
614 604 4 124
614 604 5 124
614 616 6 124
614 616 7 124
614 604 8 124
614 623 13 124
614 623 14 124
614 610 15 124
614 609 16 124
614 614 17 124
614 616 18 124
614 618 19 124
614 632 25 124
614 632 26 124
616 604 2 126
616 604 3 126
616 616 4 126
616 616 5 126
616 604 6 126
616 623 11 126
616 623 12 126
616 610 13 126
616 609 14 126
616 614 15 126
616 616 16 126
616 618 17 126
616 635 19 126
616 634 20 126
616 632 23 126
616 632 24 126
604 604 2 127
604 616 3 127
604 616 4 127
604 604 5 127
604 623 10 127
604 623 11 127
604 610 12 127
604 609 13 127
604 614 14 127
604 616 15 127
604 618 16 127
604 585 26 127
604 616 2 128
604 616 3 128
604 604 4 128
604 623 9 128
604 623 10 128
604 610 11 128
604 609 12 128
604 614 13 128
604 616 14 128
604 618 15 128
604 585 25 128
604 616 2 129
604 604 3 129
604 623 8 129
604 623 9 129
604 610 10 129
604 609 11 129
604 614 12 129
604 616 13 129
604 618 14 129
604 585 24 129
616 604 2 130
616 623 7 130
616 623 8 130
616 610 9 130
616 609 10 130
616 614 11 130
616 616 12 130
616 618 13 130
616 635 15 130
616 634 16 130
616 632 19 130
616 632 20 130
616 623 6 131
616 623 7 131
616 610 8 131
616 609 9 131
616 614 10 131
616 616 11 131
616 618 12 131
616 635 14 131
616 634 15 131
616 632 18 131
616 632 19 131
604 623 5 132
604 623 6 132
604 610 7 132
604 609 8 132
604 614 9 132
604 616 10 132
604 618 11 132
604 585 21 132
639 623 4 133
639 623 5 133
639 635 12 133
639 634 13 133
639 639 15 133
639 632 16 133
639 632 17 133
87 93 2 134
464 464 19 134
639 623 3 134
639 623 4 134
639 635 11 134
639 634 12 134
639 639 14 134
639 632 15 134
639 632 16 134
566 580 16 135
566 580 17 135
566 585 18 135
566 580 15 136
566 580 16 136
566 585 17 136
623 610 2 137
623 609 3 137
623 614 4 137
623 616 5 137
623 618 6 137
623 635 8 137
623 634 9 137
623 639 11 137
623 632 12 137
623 632 13 137
623 609 2 138
623 614 3 138
623 616 4 138
623 618 5 138
623 635 7 138
623 634 8 138
623 639 10 138
623 632 11 138
623 632 12 138
610 614 2 139
610 616 3 139
610 618 4 139
609 616 2 140
609 618 3 140
614 618 2 141
614 632 8 141
614 632 9 141
616 635 3 142
616 634 4 142
616 632 7 142
616 632 8 142
618 635 2 143
618 634 3 143
618 632 6 143
618 632 7 143
635 639 3 145
635 632 4 145
635 632 5 145
634 639 2 146
634 632 3 146
634 632 4 146
639 632 2 148
580 585 2 151
