203 199 1 0
203 199 2 0
203 188 19 0
434 423 1 0
434 430 17 0
199 199 1 1
199 188 18 1
423 430 16 1
1023 1017 2 1
1023 1018 4 1
1023 1018 5 1
1023 1019 6 1
1023 1017 10 1
199 188 17 2
509 528 6 2
509 495 9 2
509 498 10 2
509 497 13 2
509 498 17 2
922 903 8 2
922 917 11 2
922 914 12 2
1017 1018 2 3
1017 1018 3 3
1017 1019 4 3
1017 1017 8 3
1017 997 14 3
1018 1018 1 5
1018 1019 2 5
1018 1017 6 5
1018 1019 1 6
1018 1017 5 6
0 11 3 7
0 1 5 7
0 8 5 7
0 0 6 7
0 1 6 7
0 6 6 7
0 7 6 7
0 0 7 7
0 2 7 7
0 6 7 7
0 13 7 7
0 2 8 7
0 5 8 7
0 19 8 7
0 0 9 7
0 5 9 7
0 9 9 7
0 15 9 7
0 5 10 7
0 11 11 7
0 15 11 7
0 11 12 7
0 2 18 7
0 13 18 7
0 2 19 7
0 11 19 7
0 16 19 7
2 11 3 7
2 1 5 7
2 8 5 7
2 0 6 7
2 1 6 7
2 6 6 7
2 7 6 7
2 0 7 7
2 2 7 7
2 6 7 7
2 13 7 7
2 2 8 7
2 5 8 7
2 19 8 7
2 0 9 7
2 5 9 7
2 9 9 7
2 15 9 7
2 5 10 7
2 11 11 7
2 15 11 7
2 11 12 7
2 2 18 7
2 13 18 7
2 2 19 7
2 11 19 7
2 16 19 7
49 41 4 7
49 41 9 7
49 64 9 7
49 40 11 7
49 39 18 7
74 74 2 7
74 74 3 7
74 64 9 7
74 82 10 7
74 74 16 7
74 73 18 7
1019 1017 4 7
396 388 1 8
74 74 1 9
74 64 7 9
74 82 8 9
74 74 14 9
74 73 16 9
74 65 19 9
889 903 1 9
889 881 11 9
889 900 12 9
889 873 14 9
889 871 15 9
889 872 17 9
11 1 2 10
11 8 2 10
11 0 3 10
11 1 3 10
11 6 3 10
11 7 3 10
11 0 4 10
11 2 4 10
11 6 4 10
11 13 4 10
11 2 5 10
11 5 5 10
11 19 5 10
11 0 6 10
11 5 6 10
11 9 6 10
11 15 6 10
11 5 7 10
11 11 8 10
11 15 8 10
11 11 9 10
11 2 15 10
11 13 15 10
11 2 16 10
11 11 16 10
11 16 16 10
11 2 18 10
11 2 19 10
11 5 19 10
11 10 19 10
11 17 19 10
11 2 20 10
11 5 20 10
11 13 20 10
11 20 20 10
74 64 6 10
74 82 7 10
74 74 13 10
74 73 15 10
74 65 18 10
174 188 9 10
174 174 11 10
903 917 3 10
903 914 4 10
903 900 11 10
41 41 5 11
41 40 7 11
41 39 14 11
495 498 1 11
495 497 4 11
495 498 8 11
495 497 13 11
495 496 15 11
495 494 17 11
1017 997 6 11
1017 1004 17 11
1 0 1 12
1 1 1 12
1 6 1 12
1 7 1 12
1 0 2 12
1 2 2 12
1 6 2 12
1 13 2 12
1 2 3 12
1 5 3 12
1 19 3 12
1 0 4 12
1 5 4 12
1 9 4 12
1 15 4 12
1 5 5 12
1 11 6 12
1 15 6 12
1 11 7 12
1 2 13 12
1 13 13 12
1 2 14 12
1 11 14 12
1 16 14 12
1 2 16 12
1 2 17 12
1 5 17 12
1 10 17 12
1 17 17 12
1 2 18 12
1 5 18 12
1 13 18 12
1 20 18 12
1 2 19 12
1 6 19 12
1 10 19 12
1 12 20 12
8 0 1 12
8 1 1 12
8 6 1 12
8 7 1 12
8 0 2 12
8 2 2 12
8 6 2 12
8 13 2 12
8 2 3 12
8 5 3 12
8 19 3 12
8 0 4 12
8 5 4 12
8 9 4 12
8 15 4 12
8 5 5 12
8 11 6 12
8 15 6 12
8 11 7 12
8 2 13 12
8 13 13 12
8 2 14 12
8 11 14 12
8 16 14 12
8 2 16 12
8 2 17 12
8 5 17 12
8 10 17 12
8 17 17 12
8 2 18 12
8 5 18 12
8 13 18 12
8 20 18 12
8 2 19 12
8 6 19 12
8 10 19 12
8 12 20 12
498 497 3 12
498 498 7 12
498 497 12 12
498 496 14 12
498 494 16 12
995 997 5 12
995 996 6 12
995 979 10 12
995 979 15 12
995 1004 16 12
995 993 17 12
995 996 20 12
0 0 1 13
0 2 1 13
0 6 1 13
0 13 1 13
0 2 2 13
0 5 2 13
0 19 2 13
0 0 3 13
0 5 3 13
0 9 3 13
0 15 3 13
0 5 4 13
0 11 5 13
0 15 5 13
0 11 6 13
0 2 12 13
0 13 12 13
0 2 13 13
0 11 13 13
0 16 13 13
0 2 15 13
0 2 16 13
0 5 16 13
0 10 16 13
0 17 16 13
0 2 17 13
0 5 17 13
0 13 17 13
0 2 18 13
0 6 18 13
0 10 18 13
0 12 19 13
0 2 20 13
0 16 20 13
1 0 1 13
1 2 1 13
1 6 1 13
1 13 1 13
1 2 2 13
1 5 2 13
1 19 2 13
1 0 3 13
1 5 3 13
1 9 3 13
1 15 3 13
1 5 4 13
1 11 5 13
1 15 5 13
1 11 6 13
1 2 12 13
1 13 12 13
1 2 13 13
1 11 13 13
1 16 13 13
1 2 15 13
1 2 16 13
1 5 16 13
1 10 16 13
1 17 16 13
1 2 17 13
1 5 17 13
1 13 17 13
1 20 17 13
1 2 18 13
1 6 18 13
1 10 18 13
1 12 19 13
1 2 20 13
1 16 20 13
6 0 1 13
6 2 1 13
6 6 1 13
6 13 1 13
6 2 2 13
6 5 2 13
6 19 2 13
6 0 3 13
6 5 3 13
6 9 3 13
6 15 3 13
6 5 4 13
6 11 5 13
6 15 5 13
6 11 6 13
6 2 12 13
6 13 12 13
6 2 13 13
6 11 13 13
6 16 13 13
6 2 15 13
6 2 16 13
6 5 16 13
6 10 16 13
6 17 16 13
6 2 17 13
6 5 17 13
6 13 17 13
6 20 17 13
6 2 18 13
6 6 18 13
6 10 18 13
6 12 19 13
6 2 20 13
6 16 20 13
7 0 1 13
7 2 1 13
7 6 1 13
7 13 1 13
7 2 2 13
7 5 2 13
7 19 2 13
7 0 3 13
7 5 3 13
7 9 3 13
7 15 3 13
7 5 4 13
7 11 5 13
7 15 5 13
7 11 6 13
7 2 12 13
7 13 12 13
7 2 13 13
7 11 13 13
7 16 13 13
7 2 15 13
7 2 16 13
7 5 16 13
7 10 16 13
7 17 16 13
7 2 17 13
7 5 17 13
7 13 17 13
7 20 17 13
7 2 18 13
7 6 18 13
7 10 18 13
7 12 19 13
7 2 20 13
7 16 20 13
917 914 1 13
917 900 8 13
0 2 1 14
0 5 1 14
0 19 1 14
0 0 2 14
0 5 2 14
0 9 2 14
0 15 2 14
0 5 3 14
0 11 4 14
0 15 4 14
0 11 5 14
0 2 11 14
0 13 11 14
0 2 12 14
0 11 12 14
0 16 12 14
0 2 14 14
0 2 15 14
0 5 15 14
0 10 15 14
0 17 15 14
0 2 16 14
0 5 16 14
0 13 16 14
0 2 17 14
0 6 17 14
0 10 17 14
0 12 18 14
0 2 19 14
0 16 19 14
2 2 1 14
2 5 1 14
2 19 1 14
2 0 2 14
2 5 2 14
2 9 2 14
2 15 2 14
2 5 3 14
2 11 4 14
2 15 4 14
2 11 5 14
2 2 11 14
2 13 11 14
2 2 12 14
2 11 12 14
2 16 12 14
2 2 14 14
2 2 15 14
2 5 15 14
2 10 15 14
2 17 15 14
2 2 16 14
2 5 16 14
2 13 16 14
2 20 16 14
2 2 17 14
2 6 17 14
2 10 17 14
2 12 18 14
2 2 19 14
2 16 19 14
6 2 1 14
6 5 1 14
6 19 1 14
6 0 2 14
6 5 2 14
6 9 2 14
6 15 2 14
6 5 3 14
6 11 4 14
6 15 4 14
6 11 5 14
6 2 11 14
6 13 11 14
6 2 12 14
6 11 12 14
6 16 12 14
6 2 14 14
6 2 15 14
6 5 15 14
6 10 15 14
6 17 15 14
6 2 16 14
6 5 16 14
6 13 16 14
6 20 16 14
6 2 17 14
6 6 17 14
6 10 17 14
6 12 18 14
6 2 19 14
6 16 19 14
13 2 1 14
13 5 1 14
13 19 1 14
13 0 2 14
13 5 2 14
13 9 2 14
13 15 2 14
13 5 3 14
13 11 4 14
13 15 4 14
13 11 5 14
13 2 11 14
13 13 11 14
13 2 12 14
13 11 12 14
13 16 12 14
13 2 14 14
13 2 15 14
13 5 15 14
13 10 15 14
13 17 15 14
13 2 16 14
13 5 16 14
13 13 16 14
13 20 16 14
13 2 17 14
13 6 17 14
13 10 17 14
13 12 18 14
13 2 19 14
13 16 19 14
914 900 7 14
2 0 1 15
2 5 1 15
2 9 1 15
2 15 1 15
2 5 2 15
2 11 3 15
2 15 3 15
2 11 4 15
2 2 10 15
2 13 10 15
2 2 11 15
2 11 11 15
2 16 11 15
2 2 13 15
2 2 14 15
2 5 14 15
2 10 14 15
2 17 14 15
2 2 15 15
2 5 15 15
2 13 15 15
2 20 15 15
2 2 16 15
2 6 16 15
2 10 16 15
2 12 17 15
2 2 18 15
2 16 18 15
5 0 1 15
5 5 1 15
5 9 1 15
5 15 1 15
5 5 2 15
5 11 3 15
5 15 3 15
5 11 4 15
5 2 10 15
5 13 10 15
5 2 11 15
5 11 11 15
5 16 11 15
5 2 13 15
5 2 14 15
5 5 14 15
5 10 14 15
5 17 14 15
5 2 15 15
5 5 15 15
5 13 15 15
5 20 15 15
5 2 16 15
5 6 16 15
5 10 16 15
5 12 17 15
5 2 18 15
5 16 18 15
19 0 1 15
19 5 1 15
19 9 1 15
19 15 1 15
19 5 2 15
19 11 3 15
19 15 3 15
19 11 4 15
19 2 10 15
19 13 10 15
19 2 11 15
19 11 11 15
19 16 11 15
19 2 13 15
19 2 14 15
19 5 14 15
19 10 14 15
19 17 14 15
19 2 15 15
19 5 15 15
19 13 15 15
19 20 15 15
19 2 16 15
19 6 16 15
19 10 16 15
19 12 17 15
19 2 18 15
19 16 18 15
497 498 4 15
497 497 9 15
497 496 11 15
497 494 13 15
575 584 10 15
575 569 16 15
575 559 19 15
0 5 1 16
0 11 2 16
0 15 2 16
0 11 3 16
0 2 9 16
0 13 9 16
0 2 10 16
0 11 10 16
0 16 10 16
0 2 12 16
0 2 13 16
0 5 13 16
0 10 13 16
0 17 13 16
0 2 14 16
0 5 14 16
0 13 14 16
0 2 15 16
0 6 15 16
0 10 15 16
0 12 16 16
0 2 17 16
0 16 17 16
5 5 1 16
5 11 2 16
5 15 2 16
5 11 3 16
5 2 9 16
5 13 9 16
5 2 10 16
5 11 10 16
5 16 10 16
5 2 12 16
5 2 13 16
5 5 13 16
5 10 13 16
5 17 13 16
5 2 14 16
5 5 14 16
5 13 14 16
5 20 14 16
5 2 15 16
5 6 15 16
5 10 15 16
5 12 16 16
5 2 17 16
5 16 17 16
9 5 1 16
9 11 2 16
9 15 2 16
9 11 3 16
9 2 9 16
9 13 9 16
9 2 10 16
9 11 10 16
9 16 10 16
9 2 12 16
9 2 13 16
9 5 13 16
9 10 13 16
9 17 13 16
9 2 14 16
9 5 14 16
9 13 14 16
9 20 14 16
9 2 15 16
9 6 15 16
9 10 15 16
9 12 16 16
9 2 17 16
9 16 17 16
15 5 1 16
15 11 2 16
15 15 2 16
15 11 3 16
15 2 9 16
15 13 9 16
15 2 10 16
15 11 10 16
15 16 10 16
15 2 12 16
15 2 13 16
15 5 13 16
15 10 13 16
15 17 13 16
15 2 14 16
15 5 14 16
15 13 14 16
15 20 14 16
15 2 15 16
15 6 15 16
15 10 15 16
15 12 16 16
15 2 17 16
15 16 17 16
41 40 2 16
41 39 9 16
41 43 20 16
64 82 1 16
64 74 7 16
64 73 9 16
64 65 12 16
472 473 7 16
472 473 9 16
960 979 6 16
960 979 11 16
5 11 1 17
5 15 1 17
5 11 2 17
5 2 8 17
5 13 8 17
5 2 9 17
5 11 9 17
5 16 9 17
5 2 11 17
5 2 12 17
5 5 12 17
5 10 12 17
5 17 12 17
5 2 13 17
5 5 13 17
5 13 13 17
5 20 13 17
5 2 14 17
5 6 14 17
5 10 14 17
5 12 15 17
5 2 16 17
5 16 16 17
82 74 6 17
82 73 8 17
82 65 11 17
82 96 18 17
430 447 20 17
997 996 1 17
997 979 5 17
997 979 10 17
997 1004 11 17
997 993 12 17
997 996 15 17
997 997 16 17
997 994 20 17
11 11 1 18
11 2 7 18
11 13 7 18
11 2 8 18
11 11 8 18
11 16 8 18
11 2 10 18
11 2 11 18
11 5 11 18
11 10 11 18
11 17 11 18
11 2 12 18
11 5 12 18
11 13 12 18
11 20 12 18
11 2 13 18
11 6 13 18
11 10 13 18
11 12 14 18
11 2 15 18
11 16 15 18
15 11 1 18
15 2 7 18
15 13 7 18
15 2 8 18
15 11 8 18
15 16 8 18
15 2 10 18
15 2 11 18
15 5 11 18
15 10 11 18
15 17 11 18
15 2 12 18
15 5 12 18
15 13 12 18
15 20 12 18
15 2 13 18
15 6 13 18
15 10 13 18
15 12 14 18
15 2 15 18
15 16 15 18
40 39 7 18
40 20 12 18
40 43 18 18
996 979 4 18
996 979 9 18
996 1004 10 18
996 993 11 18
996 996 14 18
996 997 15 18
996 994 19 18
996 995 20 18
11 2 6 19
11 13 6 19
11 2 7 19
11 11 7 19
11 16 7 19
11 2 9 19
11 2 10 19
11 5 10 19
11 10 10 19
11 17 10 19
11 2 11 19
11 5 11 19
11 13 11 19
11 20 11 19
11 2 12 19
11 6 12 19
11 10 12 19
11 12 13 19
11 2 14 19
11 16 14 19
188 174 2 19
188 170 16 19
188 191 17 19
498 497 5 19
498 496 7 19
498 494 9 19
548 559 15 19
548 544 16 19
548 557 17 19
548 545 20 19
881 900 1 20
881 873 3 20
881 871 4 20
881 872 6 20
174 170 14 21
174 191 15 21
979 979 5 22
979 993 7 22
979 996 10 22
979 997 11 22
979 994 15 22
979 995 16 22
74 73 2 23
74 65 5 23
473 473 2 23
873 871 1 23
873 872 3 23
873 861 20 23
497 496 2 24
497 494 4 24
871 872 2 24
871 861 19 24
2 2 1 25
2 11 1 25
2 16 1 25
2 2 3 25
2 2 4 25
2 5 4 25
2 10 4 25
2 17 4 25
2 2 5 25
2 5 5 25
2 13 5 25
2 20 5 25
2 2 6 25
2 6 6 25
2 10 6 25
2 12 7 25
2 2 8 25
2 16 8 25
13 2 1 25
13 11 1 25
13 16 1 25
13 2 3 25
13 2 4 25
13 5 4 25
13 10 4 25
13 17 4 25
13 2 5 25
13 5 5 25
13 13 5 25
13 20 5 25
13 2 6 25
13 6 6 25
13 10 6 25
13 12 7 25
13 2 8 25
13 16 8 25
39 20 5 25
39 43 11 25
73 65 3 25
584 569 6 25
2 2 2 26
2 2 3 26
2 5 3 26
2 10 3 26
2 17 3 26
2 2 4 26
2 5 4 26
2 13 4 26
2 20 4 26
2 2 5 26
2 6 5 26
2 10 5 26
2 12 6 26
2 2 7 26
2 16 7 26
11 2 2 26
11 2 3 26
11 5 3 26
11 10 3 26
11 17 3 26
11 2 4 26
11 5 4 26
11 13 4 26
11 20 4 26
11 2 5 26
11 6 5 26
11 10 5 26
11 12 6 26
11 2 7 26
11 16 7 26
16 2 2 26
16 2 3 26
16 5 3 26
16 10 3 26
16 17 3 26
16 2 4 26
16 5 4 26
16 13 4 26
16 20 4 26
16 2 5 26
16 6 5 26
16 10 5 26
16 12 6 26
16 2 7 26
16 16 7 26
496 494 2 26
872 861 17 26
979 993 2 27
979 996 5 27
979 997 6 27
979 994 10 27
979 995 11 27
979 995 17 27
979 974 19 27
979 960 20 27
2 2 1 28
2 5 1 28
2 10 1 28
2 17 1 28
2 2 2 28
2 5 2 28
2 13 2 28
2 20 2 28
2 2 3 28
2 6 3 28
2 10 3 28
2 12 4 28
2 2 5 28
2 16 5 28
2 10 20 28
65 82 20 28
1004 993 1 28
1004 996 4 28
1004 997 5 28
1004 994 9 28
1004 995 10 28
1004 995 16 28
1004 1018 17 28
2 2 1 29
2 5 1 29
2 13 1 29
2 20 1 29
2 2 2 29
2 6 2 29
2 10 2 29
2 12 3 29
2 2 4 29
2 16 4 29
2 10 19 29
2 9 20 29
5 2 1 29
5 5 1 29
5 13 1 29
5 20 1 29
5 2 2 29
5 6 2 29
5 10 2 29
5 12 3 29
5 2 4 29
5 16 4 29
5 10 19 29
5 9 20 29
10 2 1 29
10 5 1 29
10 13 1 29
10 20 1 29
10 2 2 29
10 6 2 29
10 10 2 29
10 12 3 29
10 2 4 29
10 16 4 29
10 10 19 29
10 9 20 29
17 2 1 29
17 5 1 29
17 13 1 29
17 20 1 29
17 2 2 29
17 6 2 29
17 10 2 29
17 12 3 29
17 2 4 29
17 16 4 29
17 10 19 29
17 9 20 29
993 996 3 29
993 997 4 29
993 994 8 29
993 995 9 29
993 995 15 29
993 974 17 29
2 2 1 30
2 6 1 30
2 10 1 30
2 12 2 30
2 2 3 30
2 16 3 30
2 10 18 30
2 9 19 30
2 10 20 30
5 2 1 30
5 6 1 30
5 10 1 30
5 12 2 30
5 2 3 30
5 16 3 30
5 10 18 30
5 9 19 30
5 10 20 30
13 2 1 30
13 6 1 30
13 10 1 30
13 12 2 30
13 2 3 30
13 16 3 30
13 10 18 30
13 9 19 30
13 10 20 30
20 2 1 30
20 6 1 30
20 10 1 30
20 12 2 30
20 2 3 30
20 16 3 30
20 10 18 30
20 9 19 30
20 10 20 30
250 262 1 30
250 238 12 30
250 255 13 30
250 253 17 30
250 264 18 30
250 252 19 30
256 262 1 30
256 238 12 30
256 255 13 30
256 253 17 30
256 264 18 30
256 252 19 30
846 861 13 30
2 12 1 31
2 2 2 31
2 16 2 31
2 10 17 31
2 9 18 31
2 10 19 31
6 12 1 31
6 2 2 31
6 16 2 31
6 10 17 31
6 9 18 31
6 10 19 31
10 12 1 31
10 2 2 31
10 16 2 31
10 10 17 31
10 9 18 31
10 10 19 31
262 277 11 31
262 255 12 31
262 253 16 31
262 264 17 31
262 252 18 31
262 251 20 31
569 559 3 31
569 557 5 31
569 549 11 31
12 2 1 32
12 16 1 32
12 10 16 32
12 9 17 32
12 10 18 32
996 997 1 32
996 994 5 32
996 995 6 32
996 995 12 32
2 10 15 33
2 9 16 33
2 10 17 33
2 9 20 33
16 10 15 33
16 9 16 33
16 10 17 33
16 9 20 33
997 994 4 33
997 995 5 33
997 995 11 33
559 544 1 34
559 557 2 34
559 545 5 34
559 549 8 34
559 574 18 34
559 573 19 34
96 95 12 35
96 82 13 35
96 77 17 35
319 299 1 35
544 557 1 35
544 545 4 35
544 549 7 35
123 140 7 36
557 545 3 36
557 549 6 36
557 574 16 36
557 573 17 36
447 445 12 37
447 444 14 37
994 995 1 37
994 995 7 37
994 974 9 37
995 995 6 38
545 549 3 39
950 949 1 40
950 960 7 40
950 964 10 40
950 959 18 40
949 960 6 41
949 964 9 41
949 959 17 41
238 255 1 42
238 253 5 42
238 252 7 42
238 251 9 42
238 250 10 42
238 251 11 42
238 253 12 42
238 251 13 42
238 251 14 42
277 264 6 42
255 253 4 43
255 264 5 43
255 252 6 43
255 251 8 43
255 250 9 43
255 251 10 43
255 253 11 43
255 251 12 43
255 251 13 43
995 975 16 44
1018 1023 6 45
1018 1022 9 45
1018 1023 9 45
974 960 1 46
974 964 4 46
974 959 12 46
974 975 14 46
95 82 1 47
95 77 5 47
95 75 12 47
253 264 1 47
253 252 2 47
253 251 4 47
253 250 5 47
253 251 6 47
253 253 7 47
253 251 8 47
253 251 9 47
960 964 3 47
960 959 11 47
960 975 13 47
10 9 1 48
10 10 2 48
10 9 5 48
10 29 12 48
82 74 1 48
82 74 3 48
82 77 4 48
82 74 7 48
82 74 8 48
82 75 11 48
264 252 1 48
264 251 3 48
264 250 4 48
264 251 5 48
264 253 6 48
264 251 7 48
264 251 8 48
782 791 1 48
782 770 11 48
9 10 1 49
9 9 4 49
74 74 2 49
74 77 3 49
74 74 6 49
74 74 7 49
74 75 10 49
252 251 2 49
252 250 3 49
252 251 4 49
252 253 5 49
252 251 6 49
252 251 7 49
445 444 2 49
10 9 3 50
10 29 10 50
964 959 8 50
964 975 10 50
74 77 1 51
74 74 4 51
74 74 5 51
74 75 8 51
251 250 1 51
251 251 2 51
251 253 3 51
251 251 4 51
251 251 5 51
1023 1022 3 51
1023 1023 3 51
77 74 3 52
77 74 4 52
77 75 7 52
250 251 1 52
250 253 2 52
250 251 3 52
250 251 4 52
574 573 1 52
251 253 1 53
251 251 2 53
251 251 3 53
253 251 1 54
253 251 2 54
74 74 1 55
74 75 4 55
251 251 1 55
74 75 3 56
828 818 1 56
959 975 2 58
