0 6 19 4 9 5 17 11 15 9 12 11 9 21 23 13 23 25 39 24 6 64 47 14 39 61 20 49 39 65 31 27 41 14 40 5 14 10 16 15 18 5 31 17 13 34 9 8 23 25 21 29 24 36 11 44 37 74 28 3 56 44 44 2 25 69 47 38 19 25 51 90 17 12 0 10 3 7 21 45 34 204 46 25 43 83 255 15 49 24 77 32 73 49 18 15 30 4 17 22 19 0 0 0 0 0 0 0 0 0 
0 3 6 3 9 1 10 9 5 7 5 12 4 10 26 5 10 41 8 4 6 6 21 54 43 85 21 36 3 4 255 52 66 16 30 16 11 18 13 19 9 4 6 16 6 14 14 7 25 108 24 22 56 7 22 137 24 35 14 11 33 11 34 47 19 26 48 15 12 23 49 116 19 80 5 4 6 19 14 36 19 116 44 51 68 50 61 21 19 18 15 50 36 19 20 10 12 6 13 18 25 0 0 0 0 0 0 0 0 0 
0 4 7 6 26 1 13 12 10 9 4 13 26 8 15 32 7 44 18 12 28 19 10 17 39 62 39 13 22 36 255 19 55 40 27 11 11 9 15 15 5 44 17 18 17 15 10 17 30 40 31 75 45 52 47 87 41 36 47 16 37 31 26 49 22 17 41 35 32 71 30 126 28 5 2 6 25 23 32 55 34 20 49 14 55 51 62 7 9 53 26 42 43 24 13 16 22 2 5 33 16 0 0 0 0 0 0 0 0 0 
0 5 0 5 13 4 14 12 14 37 18 24 17 17 34 33 17 40 20 24 69 28 66 33 65 44 83 41 32 71 203 46 77 46 2 12 12 8 29 25 15 19 52 39 15 5 49 22 39 49 86 34 42 73 16 35 5 45 32 70 49 28 100 20 40 70 99 10 60 245 35 99 15 29 4 12 42 31 35 57 24 85 36 207 255 42 74 19 30 50 47 95 40 50 35 16 23 3 9 51 59 0 0 0 0 0 0 0 0 0 
0 4 4 2 18 0 6 5 13 8 9 11 119 33 20 11 14 33 57 10 26 39 19 61 31 14 147 35 18 90 87 32 40 51 19 3 7 3 10 15 19 21 34 3 33 6 42 3 26 48 55 23 54 176 42 29 22 58 34 36 81 51 255 14 11 30 70 34 31 53 36 41 44 10 0 4 20 12 7 25 32 57 69 93 206 27 67 30 22 41 35 56 40 27 18 13 14 6 4 51 13 0 0 0 0 0 0 0 0 0 
0 12 2 2 26 6 12 14 8 13 64 7 47 10 53 18 24 38 4 1 16 29 17 255 50 62 47 7 28 81 27 35 13 37 5 24 11 6 22 28 13 6 31 47 23 60 19 33 51 51 43 31 73 98 56 17 41 111 52 23 12 9 41 15 5 9 30 35 29 48 30 33 74 25 0 8 81 10 28 12 23 63 60 250 74 99 154 41 72 62 49 46 43 58 38 8 18 26 6 62 19 0 0 0 0 0 0 0 0 0 
0 6 3 2 29 1 5 17 10 5 42 15 11 4 106 17 3 27 25 25 15 77 38 255 28 19 10 38 16 22 2 47 20 42 21 26 7 2 8 20 8 2 20 11 14 84 25 37 56 39 37 22 49 87 31 20 29 30 38 5 21 27 28 5 30 16 22 19 47 18 20 52 43 76 1 2 42 2 5 13 39 35 67 228 113 4 18 24 21 21 44 90 33 7 28 5 17 10 3 39 2 0 0 0 0 0 0 0 0 0 
0 9 3 3 22 5 9 8 8 2 21 17 15 14 8 22 14 15 11 17 60 6 51 179 45 24 7 32 37 81 8 30 22 16 32 9 5 2 18 17 6 8 16 27 8 38 8 41 16 62 39 10 87 117 72 34 21 42 25 23 22 36 15 16 44 16 4 13 51 16 58 60 48 36 3 5 16 9 16 144 15 46 4 226 90 39 37 48 53 216 53 255 46 32 59 5 25 8 11 86 16 0 0 0 0 0 0 0 0 0 
0 22 1 2 11 13 5 5 22 7 12 8 13 12 18 33 4 10 16 17 3 14 45 80 16 30 53 11 22 38 4 255 23 16 11 3 7 3 17 3 12 8 46 14 4 22 23 23 27 19 85 34 50 121 37 80 30 58 44 68 2 26 18 5 11 16 13 47 18 18 33 20 62 11 2 1 74 25 34 64 36 130 46 26 62 24 28 50 29 18 38 21 80 14 131 13 11 13 6 54 3 0 0 0 0 0 0 0 0 0 
0 16 1 6 35 21 7 4 35 46 21 32 32 39 12 75 3 12 11 30 22 34 88 98 49 120 37 81 8 26 64 47 109 36 48 20 4 11 45 19 21 7 72 47 11 47 46 34 28 169 59 140 24 57 7 76 127 255 69 28 112 48 19 17 62 15 60 57 11 14 28 95 73 28 5 11 73 33 29 44 72 147 191 57 112 53 150 64 51 46 54 107 24 49 61 16 6 36 4 73 12 0 0 0 0 0 0 0 0 0 
0 5 5 17 42 19 8 27 9 60 15 22 51 19 45 32 9 36 14 75 22 90 30 144 134 92 83 166 40 158 67 64 79 71 78 33 10 42 108 17 21 138 62 14 17 40 66 71 126 202 69 74 37 14 162 101 120 26 144 162 66 136 38 53 201 54 116 84 78 35 134 143 49 77 28 18 16 23 34 110 17 246 39 62 110 74 124 67 255 74 81 122 179 98 51 18 38 12 22 103 39 0 0 0 0 0 0 0 0 0 
0 3 5 8 22 2 9 15 4 12 24 14 10 27 18 7 11 16 9 38 12 20 17 18 14 113 10 71 29 27 60 255 7 30 33 3 5 28 70 4 12 27 6 3 2 7 7 22 15 117 20 54 42 3 29 21 12 42 47 12 17 36 29 28 70 18 33 12 43 24 66 27 17 28 30 12 19 14 22 41 16 44 58 42 28 35 40 10 26 7 30 7 88 72 4 2 20 23 2 41 6 0 0 0 0 0 0 0 0 0 
0 2 5 5 13 3 2 23 18 12 53 9 3 3 15 12 22 4 1 94 2 36 31 16 34 39 9 21 16 8 193 22 48 4 5 6 4 7 23 11 7 9 7 10 6 17 6 62 20 61 8 52 19 8 14 38 11 10 46 6 6 89 22 33 255 27 14 7 19 14 100 161 8 9 8 1 22 6 19 7 27 32 87 18 19 38 34 39 22 30 26 12 89 35 6 4 85 15 6 10 3 0 0 0 0 0 0 0 0 0 
0 6 11 9 31 2 5 42 34 7 4 15 10 19 17 34 13 20 9 78 14 48 30 45 64 23 17 24 3 35 150 52 25 11 33 16 12 15 43 16 14 14 24 26 7 72 14 1 22 117 21 91 118 67 245 50 27 116 47 29 88 130 20 90 255 15 5 16 60 36 128 156 50 43 18 7 48 12 88 27 20 41 110 89 44 35 40 20 90 89 106 10 104 42 22 26 31 29 2 23 16 0 0 0 0 0 0 0 0 0 
0 5 4 6 22 8 3 14 27 7 30 25 9 4 7 29 10 19 9 43 22 36 49 33 61 82 11 17 31 59 32 26 20 23 26 4 10 4 22 17 2 13 39 45 4 48 25 11 6 100 10 85 60 62 255 32 2 45 35 35 10 58 27 47 112 19 48 9 29 20 100 84 13 52 16 8 37 5 101 18 5 9 191 52 42 84 51 14 209 122 123 22 51 19 16 20 13 30 7 21 16 0 0 0 0 0 0 0 0 0 
0 6 11 3 4 6 8 21 14 12 28 8 10 32 28 17 31 32 73 68 22 25 36 92 132 13 35 11 10 40 50 74 36 21 25 15 12 9 21 35 6 31 31 88 18 62 29 11 13 80 29 113 123 80 37 40 22 39 173 70 23 141 38 24 64 25 127 39 38 76 85 56 34 66 17 9 18 6 184 32 9 19 179 39 69 51 91 26 255 195 104 25 55 46 24 22 19 23 7 38 10 0 0 0 0 0 0 0 0 0 
0 1 3 4 26 4 17 12 7 8 20 29 5 46 8 5 24 69 7 19 32 51 27 21 47 51 29 29 31 4 8 32 21 46 22 18 8 30 12 26 14 24 11 100 13 19 18 29 17 32 12 89 39 62 51 35 12 38 70 9 45 91 16 37 33 3 34 16 26 29 98 54 17 255 11 2 38 12 121 81 40 20 56 33 28 70 21 19 109 178 89 6 94 18 13 13 13 16 6 41 18 0 0 0 0 0 0 0 0 0 
0 6 5 4 49 6 11 12 12 13 9 14 10 21 27 12 26 17 28 24 15 28 39 89 42 37 49 25 10 14 42 39 41 47 27 7 11 16 6 41 7 56 32 118 17 33 25 11 13 183 60 97 39 255 94 103 57 69 85 35 17 210 13 40 12 9 15 15 21 13 74 68 59 15 9 14 51 14 132 45 9 36 52 67 2 74 40 28 154 52 65 15 48 8 46 14 30 18 6 80 9 0 0 0 0 0 0 0 0 0 
0 38 1 6 9 5 5 26 19 8 9 15 8 11 43 9 14 15 22 27 30 34 24 63 10 149 50 11 49 28 43 35 50 16 27 11 13 12 10 32 32 87 67 19 28 14 22 15 14 153 100 255 4 40 68 28 39 29 54 34 22 231 22 9 46 2 8 71 24 48 99 88 77 10 4 2 14 24 19 5 47 132 43 141 10 128 92 69 26 121 44 75 34 17 72 8 17 43 4 92 10 0 0 0 0 0 0 0 0 0 
0 3 2 1 25 10 11 13 20 2 39 10 28 22 38 34 6 31 14 235 55 50 12 11 59 153 27 52 17 30 94 115 255 61 86 14 10 8 14 42 7 13 19 10 6 11 161 37 37 98 24 53 7 100 126 85 6 19 40 86 52 44 25 88 44 36 17 56 40 46 108 131 34 0 14 9 31 1 63 8 38 40 64 50 58 89 43 72 68 68 15 130 96 4 13 21 21 46 8 95 6 0 0 0 0 0 0 0 0 0 
0 10 7 3 72 8 21 13 15 30 36 31 21 26 49 36 12 49 15 36 5 50 33 14 61 230 5 23 85 56 206 119 130 49 63 8 16 18 15 23 7 5 82 24 28 39 37 43 57 108 68 98 71 72 7 111 28 30 202 47 36 59 106 94 76 112 13 53 83 77 76 120 56 46 27 13 46 19 255 28 52 49 47 65 82 31 8 62 85 115 27 99 106 25 11 42 18 93 14 113 21 1 0 0 0 0 0 0 0 0 
0 2 2 1 2 1 3 3 6 5 7 5 4 7 3 13 5 27 4 11 44 32 14 12 40 210 10 16 22 15 15 255 31 2 7 3 2 15 2 5 3 30 10 15 21 1 22 11 27 85 29 33 66 7 40 28 2 7 47 7 10 22 27 56 25 23 22 2 28 47 14 22 13 30 18 3 7 4 19 7 14 7 29 27 13 10 15 17 31 33 13 19 18 22 4 17 3 21 6 17 6 0 0 0 0 0 0 0 0 0 
0 7 9 8 9 8 8 19 30 4 24 21 12 57 9 11 23 30 8 17 24 48 46 16 4 164 28 51 51 39 67 74 95 28 33 18 11 61 1 37 9 42 12 20 7 18 14 26 28 255 59 70 31 10 72 68 37 10 72 22 15 31 45 163 42 64 60 32 35 5 32 91 54 62 24 9 27 9 16 21 41 44 44 92 50 36 35 24 125 94 121 53 93 63 14 27 24 84 38 30 20 0 0 0 0 0 0 0 0 0 
0 34 8 19 37 31 29 14 62 5 13 13 35 62 33 17 19 16 13 34 48 64 17 37 42 50 24 47 71 95 117 87 81 60 36 5 22 11 23 21 9 64 38 10 4 30 14 39 92 126 11 38 47 39 150 130 14 65 127 46 30 55 59 159 59 189 79 37 39 23 87 248 36 25 12 20 24 33 20 64 9 56 42 76 52 62 47 143 120 28 235 108 36 98 27 29 88 255 22 66 20 2 0 0 0 0 0 0 0 0 
0 16 16 12 8 17 7 3 36 11 15 12 15 14 4 2 11 19 4 25 13 34 19 19 11 43 8 45 27 20 110 43 39 13 20 4 17 15 16 6 3 6 14 34 3 32 4 10 44 97 8 52 34 14 67 56 8 24 51 26 2 102 37 105 94 55 25 44 18 8 63 255 17 13 6 11 13 19 19 10 21 26 30 11 6 56 14 29 22 15 107 21 21 46 52 5 9 71 21 29 8 0 0 0 0 0 0 0 0 0 
0 19 11 8 16 6 4 7 21 12 33 11 10 59 6 26 19 27 16 29 29 52 30 11 51 39 24 17 8 12 79 103 255 40 20 4 17 21 3 27 8 65 29 2 68 47 13 61 61 68 9 53 47 25 31 89 12 70 33 58 16 6 55 109 0 63 62 67 58 21 59 92 51 27 11 8 6 9 44 41 24 50 28 52 6 175 51 82 30 58 72 35 21 31 34 4 11 77 14 119 7 1 0 0 0 0 0 0 0 0 
0 13 4 6 14 6 5 5 14 5 33 10 11 12 5 15 5 22 7 21 16 46 25 48 60 55 4 4 20 18 60 27 196 5 21 6 5 14 4 16 4 126 69 13 18 49 54 25 29 66 22 56 13 15 55 24 22 60 41 25 56 28 28 62 18 25 32 12 11 61 36 34 46 13 6 16 13 2 30 39 12 49 11 21 12 39 32 255 109 83 71 45 34 44 12 20 13 33 22 97 13 0 0 0 0 0 0 0 0 0 
0 20 2 2 6 8 2 5 18 3 7 0 7 12 15 21 2 17 23 61 3 50 79 113 14 6 23 17 36 40 29 46 255 65 39 2 1 7 1 26 2 8 126 7 27 37 75 14 27 96 24 95 41 11 44 22 105 148 27 3 105 42 25 12 40 9 1 15 10 50 41 59 50 40 2 3 7 12 21 6 73 70 22 69 74 56 41 76 73 104 28 46 65 52 27 12 136 21 16 41 7 0 0 0 0 0 0 0 0 0 
0 7 3 3 3 2 5 6 10 7 9 7 3 15 5 12 2 23 6 10 17 6 20 40 11 24 6 48 10 16 13 13 254 26 45 3 6 9 3 26 14 3 57 11 12 15 35 4 17 19 13 38 27 24 74 10 9 49 26 9 20 12 7 52 21 2 9 5 23 22 29 39 10 19 2 4 8 8 13 11 27 17 23 22 45 26 14 15 14 255 26 29 32 5 9 16 21 24 2 19 9 0 0 0 0 0 0 0 0 0 
0 5 2 3 4 1 2 5 10 15 15 2 3 7 5 14 13 15 7 19 1 8 13 65 8 29 10 23 11 91 13 26 87 6 34 4 3 9 3 29 20 11 23 15 5 26 31 26 1 40 16 20 20 53 14 30 27 6 16 27 20 19 11 57 8 22 23 17 26 21 33 40 16 16 2 3 2 6 32 1 30 16 20 56 39 5 2 16 6 255 37 13 12 16 8 18 4 13 5 34 14 0 0 0 0 0 0 0 0 0 
0 30 7 5 21 11 6 36 28 17 46 5 2 16 54 5 55 42 3 60 24 36 29 46 7 72 14 23 14 134 31 60 110 16 21 3 6 26 10 9 16 5 49 51 7 46 20 48 29 57 25 46 36 86 39 40 58 39 19 36 8 39 34 148 48 44 49 46 77 64 70 61 31 50 4 10 10 16 21 3 82 33 29 14 68 36 32 30 12 255 117 23 49 26 11 20 28 155 16 29 25 0 0 0 0 0 0 0 0 0 
0 4 2 2 4 3 3 10 6 9 13 15 8 6 24 25 59 17 15 10 17 4 3 2 7 209 3 33 15 2 6 151 8 9 30 2 4 25 24 10 13 5 25 12 8 10 7 25 17 152 45 18 30 50 33 52 7 14 20 30 19 33 23 255 29 37 37 13 37 43 37 7 68 26 1 4 6 1 6 9 5 16 44 15 38 28 36 7 17 31 13 31 29 21 41 19 0 13 5 66 8 0 0 0 0 0 0 0 0 0 
0 2 3 5 5 2 17 10 9 39 42 18 6 25 26 35 25 30 6 33 14 28 16 16 45 14 9 60 17 19 46 25 12 6 34 7 8 35 21 4 25 36 17 30 16 38 10 53 32 134 21 37 43 16 43 36 5 2 37 46 21 11 27 255 27 51 42 11 21 30 55 14 50 21 7 7 22 3 35 5 7 10 47 21 16 57 95 4 7 27 11 26 28 2 36 15 23 1 0 93 2 0 0 0 0 0 0 0 0 0 
0 8 6 8 30 10 12 13 42 18 30 48 14 9 17 50 34 61 13 16 41 58 8 27 55 194 8 47 48 56 58 64 24 24 63 7 24 50 39 30 34 85 17 52 33 48 43 92 38 223 50 35 53 52 84 52 50 37 93 18 66 26 35 164 47 64 64 30 47 17 68 44 35 38 17 8 35 19 77 9 39 45 64 102 38 60 92 17 39 86 78 60 16 23 31 4 12 27 8 255 17 0 0 0 0 0 0 0 0 0 
0 9 11 10 4 8 6 7 59 6 24 37 106 37 32 48 27 47 14 165 23 44 47 23 37 56 24 19 46 45 129 11 38 45 56 7 15 21 13 22 3 44 14 34 18 39 96 40 10 121 36 83 9 39 66 39 33 13 255 40 62 59 80 85 2 59 93 30 16 30 143 76 36 35 10 36 8 4 3 88 109 66 3 46 61 61 78 72 40 110 238 32 17 14 22 13 34 40 0 132 13 0 0 0 0 0 0 0 0 0 
0 7 12 5 5 10 5 9 66 22 36 19 13 16 20 12 10 28 19 39 14 63 33 14 23 56 17 9 29 30 71 4 22 26 34 6 14 22 6 23 10 9 94 4 2 17 20 25 21 77 24 31 10 26 45 34 24 8 68 24 53 35 32 63 20 61 30 29 41 21 103 193 17 23 4 60 12 2 50 89 18 54 37 21 52 40 46 43 19 13 255 79 30 3 9 11 109 46 22 45 8 0 0 0 0 0 0 0 0 0 
0 23 27 20 19 21 16 22 19 25 11 4 22 24 5 16 16 19 6 50 18 46 24 30 23 10 20 50 48 59 87 4 38 13 37 1 33 28 32 23 29 9 251 26 10 11 13 20 26 48 27 38 18 22 62 21 27 24 44 31 42 38 31 20 33 48 18 51 6 16 255 245 56 26 3 33 7 17 36 6 34 33 9 33 53 85 25 99 37 27 107 15 59 37 19 22 73 51 18 34 6 0 0 0 0 0 0 0 0 0 
0 10 2 7 9 2 7 12 10 10 13 6 8 5 20 4 35 23 9 20 6 12 35 20 32 7 18 74 44 68 95 29 185 29 21 3 6 19 12 18 14 6 83 30 11 32 15 23 13 20 46 29 6 38 128 25 28 15 84 11 44 103 12 61 20 19 47 33 42 7 255 6 28 167 14 18 11 8 34 2 26 36 15 20 26 120 18 48 44 42 27 16 67 31 7 14 45 56 8 61 9 0 0 0 0 0 0 0 0 0 
0 5 3 5 7 3 7 1 9 11 8 6 7 14 5 27 35 27 255 10 30 56 11 20 21 19 47 11 21 178 36 13 22 26 19 1 18 16 11 6 18 11 29 15 24 23 30 9 14 29 37 18 77 9 87 88 35 12 42 8 77 240 20 36 24 38 34 12 66 52 51 13 47 11 23 10 6 8 36 1 16 41 22 25 60 202 40 28 61 52 38 33 59 48 4 9 22 23 9 13 33 0 0 0 0 0 0 0 0 0 
0 3 3 5 3 3 4 3 7 12 23 11 3 14 6 20 8 25 44 10 11 9 5 75 13 45 16 32 4 63 18 57 11 4 4 3 4 13 8 9 4 10 6 5 8 17 4 5 8 44 26 15 20 31 80 33 9 21 27 17 15 58 9 34 13 9 14 19 26 8 33 7 16 6 10 25 3 7 23 10 23 7 16 18 21 78 7 32 29 255 3 28 58 2 9 10 32 20 7 20 13 0 0 0 0 0 0 0 0 0 
0 5 2 9 7 2 8 3 10 13 26 7 2 38 11 12 8 69 10 21 8 14 22 41 5 33 15 95 26 10 10 59 50 15 23 3 11 45 23 20 9 23 10 20 36 17 16 40 22 32 15 81 69 24 6 20 6 23 20 115 18 114 82 35 11 12 19 10 44 17 12 24 12 20 22 79 8 1 20 25 21 26 52 54 10 69 20 36 2 115 24 66 55 103 66 16 255 22 6 46 15 0 0 0 0 0 0 0 0 0 
0 7 6 14 33 12 18 13 18 21 38 27 30 28 36 43 11 43 6 33 24 59 27 139 65 58 24 55 26 55 6 143 42 16 50 6 27 43 14 50 15 83 31 53 29 24 31 64 15 82 115 96 36 8 54 29 31 108 45 15 173 135 57 117 19 8 38 61 91 38 103 162 48 80 61 21 50 2 58 92 37 255 11 30 19 88 41 104 94 102 53 21 28 24 62 50 32 108 18 142 26 0 0 0 0 0 0 0 0 0 
0 15 4 6 20 2 9 5 15 3 14 5 30 13 29 10 14 16 3 93 11 40 25 20 14 14 3 33 18 25 26 35 166 8 25 4 16 19 12 30 1 25 1 0 10 12 22 255 12 1 6 24 26 41 37 16 48 11 12 23 4 8 44 54 60 33 41 19 24 17 36 31 10 76 50 2 15 8 49 29 15 29 14 24 17 103 32 35 26 42 23 5 15 11 27 9 25 90 14 6 9 0 0 0 0 0 0 0 0 0 
0 29 5 3 24 16 19 5 43 27 57 8 42 18 44 27 10 59 36 62 17 56 46 122 18 51 42 49 41 255 36 36 61 48 60 8 19 41 33 11 11 33 19 46 34 9 28 26 57 60 97 28 69 30 79 91 76 6 17 48 22 24 29 6 65 37 48 36 53 47 31 100 25 127 74 9 18 23 157 69 41 29 43 192 51 100 43 89 74 160 39 20 49 9 62 23 69 151 10 38 29 0 0 0 0 0 0 0 0 0 
0 35 5 2 119 17 19 4 34 28 145 85 73 10 32 67 76 91 63 102 23 68 95 206 40 77 34 86 117 207 31 107 86 62 238 41 7 46 33 55 29 26 15 55 59 101 64 68 72 89 179 78 118 80 255 92 125 38 70 59 23 133 62 41 41 54 112 58 92 100 36 228 23 120 53 31 86 16 136 67 97 111 92 84 73 207 97 231 121 195 112 50 59 21 108 56 52 119 32 26 59 0 0 0 0 0 0 0 0 0 
0 12 4 1 7 12 6 2 26 17 255 19 15 14 25 114 28 25 85 25 26 33 19 83 29 64 16 23 20 74 30 40 186 52 1 7 10 11 6 18 29 20 39 29 21 19 41 13 26 65 72 55 19 58 13 31 91 58 25 16 19 23 11 44 19 17 5 22 62 58 14 18 16 25 12 3 9 7 20 14 43 91 23 20 63 100 35 237 60 16 20 71 17 9 77 8 16 39 4 60 12 0 0 0 0 0 0 0 0 0 
0 35 10 4 9 22 15 8 68 3 255 9 12 26 88 46 25 67 78 26 39 28 4 143 28 35 18 72 9 119 43 6 61 41 18 9 7 29 38 18 34 46 21 64 33 14 76 24 15 110 26 87 14 73 80 83 78 14 30 50 24 31 36 23 69 38 11 63 97 41 17 64 21 78 22 6 4 19 32 23 40 70 33 47 36 25 45 130 33 8 70 113 17 12 41 24 21 80 16 40 23 0 0 0 0 0 0 0 0 0 
0 54 17 7 12 32 16 30 75 22 115 15 9 13 81 30 69 79 42 51 71 42 26 103 64 44 40 82 46 190 16 25 50 71 30 7 9 39 39 32 42 30 16 16 36 79 50 45 30 121 20 138 33 93 34 58 106 8 103 10 38 68 33 46 111 75 53 97 255 40 19 48 36 56 21 12 4 29 17 27 69 52 80 30 20 43 73 144 17 52 168 75 29 53 31 8 15 88 28 40 21 0 0 0 0 0 0 0 0 0 
0 35 6 7 5 20 26 16 30 9 7 1 28 7 78 7 68 65 9 39 19 23 25 19 24 23 8 41 19 255 13 3 24 9 31 1 9 16 27 16 18 11 2 8 27 38 7 52 54 70 11 46 16 101 9 17 85 10 53 7 14 41 22 83 78 36 17 62 118 14 5 23 7 22 8 9 12 7 26 15 31 16 66 8 29 30 25 47 8 20 114 20 8 42 11 1 18 136 13 20 5 0 0 0 0 0 0 0 0 0 
0 9 6 4 9 9 3 15 15 8 11 11 255 10 35 25 11 2 57 72 11 6 27 47 21 7 89 17 39 26 6 10 25 44 26 2 4 9 10 10 5 12 54 1 10 20 73 21 13 13 122 38 20 67 11 56 26 22 24 10 67 27 65 21 5 13 111 33 43 75 2 6 135 8 0 44 10 12 28 7 48 88 33 59 50 37 26 14 9 38 44 69 9 4 3 17 23 13 13 9 10 0 0 0 0 0 0 0 0 0 
0 7 8 5 5 5 6 14 10 12 17 5 17 8 29 9 26 4 21 18 18 15 30 235 13 10 26 10 20 10 18 8 14 16 27 4 4 17 8 7 8 5 9 9 11 13 34 21 19 11 40 21 11 159 17 18 1 10 20 5 26 33 13 28 37 19 27 10 24 5 4 11 24 3 6 15 12 13 17 4 19 23 16 255 8 21 52 15 28 248 65 3 16 22 2 23 29 11 15 7 12 0 0 0 0 0 0 0 0 0 
0 10 8 6 8 2 7 23 3 17 23 19 19 11 35 22 110 22 65 6 3 22 60 77 27 11 33 31 27 31 20 21 11 26 43 5 4 33 4 6 6 2 24 5 19 20 13 24 9 28 27 18 36 255 24 25 30 23 10 37 19 20 24 44 37 40 28 5 52 25 18 26 13 16 12 14 17 19 59 10 43 15 20 114 15 18 65 38 55 122 40 26 13 25 5 29 31 7 16 6 25 0 0 0 0 0 0 0 0 0 
0 2 8 4 11 1 3 15 0 3 40 23 0 22 44 20 255 32 154 22 21 16 3 29 58 28 2 101 34 13 42 23 15 10 53 3 1 41 29 5 21 9 7 33 37 26 26 17 17 2 15 42 67 21 53 9 5 24 37 34 18 21 13 47 15 51 45 31 37 38 51 12 6 27 18 11 17 9 16 12 14 4 46 28 14 25 106 16 85 23 15 11 14 55 14 32 18 4 13 3 25 0 0 0 0 0 0 0 0 0 
0 20 9 23 25 16 21 55 22 48 14 20 13 15 87 84 84 55 36 27 38 65 69 37 25 33 18 36 50 22 8 26 65 74 23 9 10 26 26 28 9 40 13 68 25 36 35 29 69 59 63 104 65 76 57 99 30 48 39 16 23 21 32 26 45 30 23 28 23 30 36 41 60 33 11 142 17 38 62 255 10 41 135 112 65 60 31 152 44 90 73 65 65 62 22 99 94 70 46 59 41 0 0 0 0 0 0 0 0 0 
0 68 8 22 26 42 21 188 63 55 14 113 26 17 187 51 34 45 34 13 20 17 158 68 42 85 72 23 69 58 39 20 88 53 37 1 1 14 6 15 58 18 47 28 12 18 45 7 20 116 28 163 32 57 25 26 63 203 34 30 50 20 5 22 58 4 30 97 13 8 62 20 202 81 22 140 13 65 58 59 81 178 87 53 91 40 255 201 114 25 55 48 48 34 57 132 25 115 7 67 13 0 0 0 0 0 0 0 0 0 
0 50 26 24 25 9 30 28 22 20 26 22 49 40 68 9 97 166 17 32 45 159 81 32 1 35 52 20 78 37 20 38 93 27 65 4 14 19 35 133 82 90 34 71 43 38 74 54 65 71 70 84 55 12 53 6 122 109 58 53 26 20 45 38 9 108 111 57 110 60 94 45 42 33 27 111 35 52 110 114 64 53 78 103 134 37 96 152 31 82 55 199 136 5 42 12 255 146 56 60 110 0 0 0 0 0 0 0 0 0 
0 7 37 14 29 5 24 7 5 10 8 15 32 15 8 12 12 190 5 2 5 32 40 11 16 20 11 50 20 12 18 29 27 25 16 2 22 18 22 46 10 214 10 89 39 18 31 19 7 28 11 69 18 19 48 15 30 29 18 101 4 7 109 39 21 9 60 27 18 5 22 19 15 16 2 45 31 11 29 77 10 23 19 62 26 36 37 30 12 12 35 36 77 5 64 122 255 20 83 15 32 0 0 0 0 0 0 0 0 0 
0 34 57 59 54 17 42 8 10 27 6 30 91 17 14 2 23 50 3 41 4 13 63 9 11 68 17 22 7 35 48 9 55 21 5 4 93 6 8 90 6 97 15 51 16 15 255 18 39 57 19 27 21 43 12 28 17 36 67 58 10 9 109 97 52 22 64 33 14 13 74 15 14 27 22 68 91 21 36 71 38 20 11 21 18 17 5 30 13 73 47 27 38 17 40 49 67 37 82 7 44 0 0 0 0 0 0 0 0 0 
0 19 16 25 10 24 18 24 7 117 21 24 29 11 18 13 88 33 22 20 12 85 12 86 15 18 33 44 34 11 20 23 16 58 6 8 53 11 6 9 42 55 24 18 22 29 24 19 31 40 32 30 48 42 17 34 5 46 33 13 47 15 45 27 28 19 13 8 38 40 32 34 42 7 18 66 35 17 5 64 34 42 49 12 20 16 24 28 9 48 37 20 26 35 20 34 37 10 64 6 255 0 0 0 0 0 0 0 0 0 
0 9 15 11 7 12 10 24 14 52 35 2 36 21 3 106 55 55 87 7 41 77 5 42 29 26 100 17 147 10 10 12 28 91 4 1 37 10 11 6 156 19 94 25 11 9 89 5 13 33 64 10 112 13 6 77 37 113 17 56 182 18 40 19 13 17 6 28 107 45 30 20 41 3 21 17 21 8 7 19 4 111 32 41 60 8 51 41 20 21 12 77 26 255 61 41 27 7 6 7 105 0 0 0 0 0 0 0 0 0 
0 64 126 78 92 57 68 163 21 16 70 101 77 47 73 43 39 39 33 69 32 67 151 81 84 99 58 161 53 131 132 208 161 41 138 7 125 130 105 128 75 85 45 129 67 51 32 55 152 92 90 153 7 207 41 41 142 51 68 61 61 237 116 48 192 80 83 148 114 81 212 114 51 110 73 138 101 247 88 20 220 52 121 17 70 101 69 95 73 28 90 11 255 234 53 114 95 62 155 66 89 0 0 0 0 0 0 0 0 0 
0 35 59 26 49 30 26 73 12 58 21 86 44 31 47 133 8 31 167 34 25 83 84 20 161 46 144 87 153 109 30 119 91 102 71 3 63 57 47 31 27 18 177 66 21 30 41 35 81 38 244 88 33 140 15 98 82 48 72 131 29 156 97 70 127 99 255 127 46 51 82 19 98 76 21 77 38 88 34 19 135 161 57 167 106 62 70 91 87 87 65 204 166 147 18 72 45 42 81 29 79 0 0 0 0 0 0 0 0 0 
0 18 35 10 6 12 8 42 2 31 43 71 26 37 15 26 37 37 47 81 46 189 27 27 121 16 48 91 54 32 34 14 41 46 3 1 19 105 41 24 53 76 76 77 18 59 10 78 56 60 39 70 35 48 36 196 21 37 200 230 34 132 190 189 247 20 187 255 99 149 153 10 9 47 56 50 23 24 19 26 56 30 43 51 93 58 71 62 73 7 23 112 66 235 74 64 14 21 44 18 35 0 0 0 0 0 0 0 0 0 
0 36 8 7 11 15 4 37 4 42 38 18 36 23 24 56 9 5 51 22 13 255 19 78 19 28 24 10 35 55 10 35 55 246 28 1 7 26 8 15 5 32 122 12 35 14 12 15 32 106 39 41 25 15 28 136 11 95 38 91 44 33 21 8 75 41 30 182 28 9 31 7 28 39 11 56 13 35 13 222 55 36 19 52 38 12 29 170 65 21 72 210 37 90 54 19 28 22 13 16 24 0 0 0 0 0 0 0 0 0 
